1.7214
1.8681
1.9096
1.9412
2.0232
2.0037
1.9066
1.9856
1.8833
1.8965
1.9231
1.9345
2.1372
2.2530
1.8928
2.2389
2.0853
2.1361
2.1154
2.2475
2.0550
1.8849
1.9317
2.0409
1.9176
1.9923
2.0167
1.8455
1.8376
1.7575
1.7817
1.8711
1.8819
1.9586
1.9619
1.8836
1.9754
1.9842
1.9365
2.0068
1.9527
1.9841
1.9952
1.9698
1.8642
1.9271
1.8940
1.8680
1.8199
1.8641
1.8242
1.7505
1.9018
1.7859
1.9170
1.8582
1.8830
1.7041
1.9145
1.9636
1.8499
1.9400
1.8518
1.8837
1.6892
1.7538
1.8733
1.9268
1.7362
1.8045
1.8585
1.8913
1.8675
1.8349
1.9073
1.9383
1.8239
1.7529
1.6917
1.7602
1.7255
1.8984
1.7891
1.7158
1.7483
1.9489
1.8245
1.8501
1.9381
1.9416
2.1164
2.2135
2.1119
2.1436
1.9955
2.0940
2.1105
2.0363
2.0496
2.1233
2.0789
2.0618
1.9974
2.0111
2.0757
2.0121
2.0233
2.1697
1.9509
2.0119
1.9036
1.8997
2.0273
1.9135
2.0145
2.1009
2.1067
2.1199
2.0706
1.9799
2.0720
1.8908
2.1587
2.0764
1.8776
2.0582
1.9774
2.1351
2.1916
2.0543
1.9740
1.9004
1.9104
1.9852
1.8205
2.0964
1.8870
1.9740
2.0822
2.1740
2.0104
2.1927
2.1114
2.0794
2.2689
2.1434
2.1868
1.9234
1.9130
2.2418
2.0636
2.0921
2.2470
2.1169
2.0805
2.0674
2.1059
2.0834
2.0720
2.1412
2.2159
2.1676
2.2391
2.0868
2.0809
2.0333
2.0750
1.9468
2.0555
2.0865
2.1418
2.2041
2.3804
2.2769
2.2076
2.3093
2.2614
2.1809
2.2636
2.2892
2.2283
2.2596
2.2304
2.2378
1.9727
2.2250
2.3162
2.1592
2.1960
2.0020
2.0149
1.9324
2.0230
2.0327
2.1030
1.9002
1.9994
2.1983
2.2464
2.0066
1.9015
2.0535
1.9835
2.1273
2.1328
1.9575
2.0748
2.1033
1.9982
2.0204
2.2175
2.1797
2.1958
2.1861
2.2497
2.1754
2.0730
1.9903
1.9268
2.0483
1.9778
2.0005
2.0482
2.0662
2.1195
2.1126
2.0849
2.1033
2.0639
2.0148
1.9534
1.9847
2.0137
1.9092
1.8059
2.0052
2.0563
2.1532
2.1081
2.1558
2.0501
2.2278
1.9557
1.8919
2.1124
2.0540
2.2071
2.1297
2.1169
2.0724
2.0996
2.0796
2.1292
2.0281
2.0093
2.0128
2.0543
1.7918
1.8561
2.0240
1.9417
1.9603
2.0152
2.0055
2.0996
2.0700
2.0383
2.0907
2.0809
1.9869
2.0270
1.9712
1.9269
1.8838
1.8949
1.9188
1.8729
1.9168
1.9151
1.9645
2.1271
1.9765
2.2014
2.0717
2.0530
1.9110
1.9205
2.0383
2.2558
2.1032
2.1910
2.0879
2.1438
2.2140
2.2235
2.3063
2.3426
2.2144
2.1334
2.1350
1.9602
2.0999
2.1272
2.2074
2.0058
2.0666
1.9448
1.9072
2.1205
2.1648
1.9842
2.0865
2.1446
2.1979
2.0948
2.1872
2.1157
2.2280
1.9290
2.1453
2.1710
2.0521
2.0572
2.0465
2.0912
2.0100
2.0930
1.9180
1.9528
1.9617
1.9284
2.0751
1.9070
1.9525
1.8692
1.8851
1.8994
1.7370
1.7789
1.9049
1.8515
1.9159
2.0685
1.9106
1.8323
1.7948
1.9416
1.8059
2.1160
1.8166
1.8878
1.9495
1.9056
1.8250
2.0036
2.1643
2.1013
2.0618
1.9782
1.8964
2.0175
1.9442
2.0001
1.9808
1.9404
1.9925
2.0612
1.9521
2.0876
2.1714
2.0949
1.9599
2.1018
2.0538
2.0259
2.0597
2.1190
2.1682
2.1639
2.0860
2.0814
2.1522
2.1527
2.1648
2.2039
2.1224
2.2230
2.1100
2.3097
2.3616
2.3215
2.3192
2.1363
2.2110
2.2958
2.1367
2.0596
2.1638
2.2512
2.3062
2.3158
2.1883
2.3662
2.1738
1.9365
2.1671
2.0664
1.9943
2.2011
2.1296
1.9781
2.1843
2.1831
2.3489
2.2615
2.2379
2.2440
2.1897
2.1649
2.4049
2.4177
2.3536
2.2154
2.2378
2.3458
2.2485
2.2260
2.3909
2.1963
2.1175
2.2142
2.3420
2.2403
2.2833
2.2621
2.3109
2.0737
2.1641
2.1789
2.2445
2.1980
2.2660
2.1157
2.2797
2.2510
2.3529
2.2418
2.2758
2.3101
2.2113
2.3825
2.3334
2.4546
2.5395
2.3118
2.2203
2.2243
2.2534
2.2764
2.1062
2.3566
2.1893
2.2503
2.1369
2.1196
2.1913
2.2368
2.2120
2.1893
2.2825
2.3228
2.1602
2.1636
2.2589
2.2073
2.2087
2.1316
2.3038
2.2228
2.1853
2.2425
2.1175
2.0116
2.1526
2.3218
2.4135
2.2240
2.2704
2.2472
2.2131
2.1598
2.2094
2.1719
2.4073
2.2271
2.3618
2.3140
2.1531
2.3611
2.3187
2.1532
2.1635
2.2332
2.2284
2.1304
2.2117
2.2489
2.1201
2.3521
2.2555
2.2305
2.3401
2.0914
2.3856
2.1870
2.2752
2.2617
2.2624
2.2433
2.2487
2.3018
2.3663
2.3889
2.3411
2.2314
2.2113
2.2481
2.1666
2.1110
2.0450
2.0625
2.0127
2.1816
2.0352
2.2997
2.2836
2.2577
2.1768
2.1741
2.2481
2.1162
2.1870
2.1338
2.1727
2.1648
2.2395
2.2329
2.2623
2.2880
2.2954
2.0703
2.1898
2.3000
2.3723
2.3861
2.2500
2.1766
2.1450
2.1388
2.3861
2.0566
2.0047
2.0663
2.0244
2.0287
1.9785
2.0690
2.0856
2.0778
2.0060
2.1785
2.2149
2.1008
2.0872
2.1655
2.0560
2.0535
2.0477
1.9310
1.9326
1.9431
2.0624
2.0910
2.0560
2.1051
1.9954
1.9389
2.0368
2.1862
2.2251
2.1850
2.1393
2.0734
2.0953
2.2311
2.1290
2.1144
2.0432
2.1692
2.2750
2.1440
2.2244
2.0807
2.2549
2.1787
2.0703
2.0942
2.3045
2.1657
2.2021
2.0999
2.0807
2.0447
1.9157
1.9013
2.1909
2.0749
2.1756
2.0728
2.0632
2.0790
2.3397
2.1548
2.1972
2.1531
2.1452
2.0048
2.1321
2.1190
2.0912
2.0749
2.0621
2.0201
2.0246
1.9590
1.9932
2.1007
2.0098
2.1087
1.9047
2.0333
2.0908
2.0398
1.9678
2.0942
2.1315
2.0993
2.1353
2.2280
2.2333
2.2324
2.2754
2.1098
2.2308
2.2079
2.2745
2.2550
2.1165
2.2424
2.1545
2.1924
2.1418
1.9440
2.0702
2.1477
2.1254
2.2005
2.1865
2.2257
2.2111
2.0858
2.2680
2.1474
2.1125
2.0803
2.0701
1.8877
1.9601
2.0144
1.9910
2.0626
2.1004
2.0093
2.0566
1.9775
2.0420
2.1472
2.1044
2.0000
1.9808
2.0040
2.0370
2.0642
2.0110
2.1212
2.2129
2.0655
2.0204
1.9307
2.2406
2.0659
1.9858
1.9666
2.0874
2.0005
1.9916
2.0033
2.0680
2.1443
1.9763
2.1533
2.1987
2.2324
2.1233
2.0753
2.2570
2.2737
2.1549
2.0642
2.1733
2.1885
2.1506
1.9481
2.0540
1.9870
2.0360
2.1103
2.1310
2.0392
2.1901
2.0719
2.1548
1.9721
2.0584
1.8473
1.9522
2.0160
1.9873
2.0499
2.2909
2.2453
2.2455
2.0746
2.1020
1.9892
1.9832
2.0671
1.9811
1.9986
1.9897
2.0345
2.0498
1.9817
2.0052
2.0233
1.9889
1.9875
1.9278
2.0258
2.1656
2.0030
2.0544
2.1818
2.1725
2.0055
2.0377
2.0679
1.9972
2.0970
2.1987
2.0801
2.1468
2.1535
2.0538
2.1898
2.1678
2.1529
2.1314
2.2685
2.1378
2.2007
2.0923
2.0502
2.0927
2.1817
2.2154
2.1619
2.1653
2.1205
2.0153
2.0095
2.0203
1.9983
2.0173
1.9683
2.0438
2.1586
2.1352
2.0724
2.1156
2.2936
2.0735
2.1284
2.1284
1.9577
2.0754
2.2470
2.2809
2.0576
2.0345
2.0843
2.1931
2.1641
2.0591
2.1600
2.1202
2.1414
2.1330
2.1127
2.2618
2.2945
2.2671
2.2136
2.1902
2.1848
2.1156
1.9887
2.0301
2.1045
1.9218
2.0326
2.2312
2.1299
2.1682
2.0610
2.2515
2.2675
2.2273
2.1291
2.1882
2.2353
2.1265
2.1215
2.1646
2.1144
2.2264
2.1262
2.1451
2.1671
2.1984
2.1430
2.2201
2.2405
2.1892
2.2162
2.2685
2.3513
2.2559
2.1583
2.2226
1.9670
2.1390
2.0462
2.2128
2.1266
2.1593
2.0534
2.0686
2.0172
1.9942
2.1879
2.0109
1.8926
1.9225
2.1085
2.0989
2.0824
2.0728
2.0932
2.0646
2.0826
2.1782
2.1795
2.2360
2.0172
2.0515
2.0742
2.1285
1.9858
2.1142
2.1409
2.2548
2.0277
2.0974
2.0559
2.1830
2.3591
2.3436
2.1317
2.1438
2.3261
2.3692
2.2366
2.1923
2.2578
2.2930
2.3064
2.2250
2.2696
2.2778
2.2655
2.3033
2.3267
2.2966
2.0079
2.1309
2.0830
2.1975
2.0135
2.2303
2.1671
2.1644
2.1775
2.0853
2.0470
2.0672
2.0997
2.1055
2.2936
2.4352
2.2488
2.2082
2.2488
2.2078
2.1164
2.2793
2.3725
2.1479
2.3511
2.2289
2.0632
2.1052
2.3681
2.2254
2.1003
2.2005
2.0159
2.1127
2.2200
2.0794
2.1154
2.1471
2.1173
2.1805
2.1313
2.3094
2.2697
2.1524
2.1963
2.1358
2.1692
2.1962
2.3190
2.1219
2.2743
2.1576
2.2191
2.3291
2.1263
2.0888
2.2099
2.1647
2.1660
2.1265
2.1592
2.1862
2.1793
2.2222
2.0174
2.0924
2.0748
2.0791
2.0777
2.0521
2.1460
2.2057
2.2989
2.1298
2.0365
2.1631
2.1717
2.0182
2.1506
2.1139
2.0201
2.0755
2.1143
2.1585
2.1657
2.0800
2.2126
2.1282
2.2356
2.1687
2.1156
2.3497
2.2862
2.2524
2.4142
2.2252
2.1449
2.0818
2.2120
2.1633
2.2894
2.3550
2.3688
2.1933
2.2467
2.3483
2.3120
2.3650
2.4147
2.5964
2.2200
2.2850
2.3222
2.3354
2.4052
2.2747
2.2487
2.3987
2.2602
2.3136
2.4119
2.3072
2.3042
2.2789
2.1510
2.3947
2.3954
2.3830
2.3211
2.3677
2.1609
2.3946
2.2573
2.3499
2.4262
2.1124
2.3435
2.1218
2.3269
2.3243
2.2585
2.2063
2.1532
2.1579
2.1527
2.2109
2.1848
2.2506
2.1387
1.9966
2.1278
2.0603
2.0213
2.0195
2.0870
2.2741
2.0769
2.0821
2.1990
2.1458
2.0574
2.0620
1.9536
2.1153
2.2484
2.1154
2.2297
2.1135
2.1911
2.3529
2.2997
2.3839
2.1680
2.1443
2.3285
2.3253
2.1353
2.1356
2.1890
2.2017
2.3185
2.2301
2.2854
2.2857
2.2986
2.2627
2.1279
2.2061
2.1965
2.2870
2.4463
2.3181
2.2458
2.3425
2.2848
2.2624
2.3085
2.1113
2.1769
2.2052
2.2237
2.1550
2.3150
2.3055
2.3502
2.2317
2.2415
2.2141
2.2906
2.3417
2.2452
2.0596
2.2028
2.4391
2.3319
2.1711
2.2369
2.1351
2.2265
2.2133
2.2408
2.1610
2.2337
2.1577
2.2657
2.2165
2.2145
2.2017
2.1904
2.0494
2.2587
2.0994
2.2564
2.3047
2.3302
2.4773
2.2258
2.1949
2.4386
2.3055
2.1012
2.1382
2.1181
2.1317
2.1750
2.2127
2.2125
2.2115
2.1754
2.1779
2.2381
2.1393
2.3729
2.3419
2.2382
2.2181
2.1545
2.2166
2.3563
2.2341
2.1671
2.3026
2.2593
2.2697
2.2668
2.3207
2.3258
2.2744
2.3463
2.2176
2.3238
2.2526
2.2645
2.2693
2.2938
2.1877
2.1607
2.1037
2.2275
2.2620
2.2257
2.2383
2.2117
2.2372
2.2330
2.2477
2.1887
2.0423
2.2577
2.2204
2.2281
2.2372
2.3608
2.2585
2.3011
2.4929
2.2208
2.2755
2.2291
2.4281
2.3353
2.3726
2.4276
2.3605
2.2364
2.2348
2.2400
2.2136
2.2631
2.3939
2.2006
2.1574
2.3149
2.3549
2.2054
2.3674
2.2046
2.2046
2.2057
2.3303
2.3188
2.3952
2.3232
2.2279
2.2408
2.1463
2.2353
2.1266
2.3336
2.1243
2.1590
2.3250
2.2096
2.2028
2.1902
2.2784
2.3558
2.2494
2.1459
2.1363
2.1757
2.2917
2.1330
2.2094
2.1465
2.1226
2.0202
2.0595
2.1103
2.1016
2.2525
2.2145
2.2244
2.1984
2.2925
2.3042
2.1904
2.1372
2.1314
2.0659
2.0051
2.1553
2.1718
2.1204
2.1872
2.3004
2.2939
2.2900
2.3544
2.2848
2.1981
2.3199
2.3984
2.3911
2.3437
2.5443
2.3501
2.3109
2.1989
2.4094
2.3776
2.3393
2.3858
2.3494
2.2795
2.3065
2.2455
2.2312
2.0747
2.0852
2.2112
2.1191
2.2060
2.1296
2.1746
2.0123
2.0865
2.1445
2.0630
2.3310
2.0788
2.0482
2.0148
2.0393
2.2295
2.2357
2.1466
2.1590
1.9593
2.3133
2.1381
2.3317
2.3185
2.2662
2.1361
2.1088
2.3982
2.1489
2.1243
2.3152
2.2090
2.0273
2.2157
2.1435
2.2107
2.2843
2.2950
2.1462
2.1719
2.1085
2.1105
2.0339
2.2024
2.2301
2.3398
2.2658
2.2233
2.2044
2.2811
2.2486
2.1617
2.2911
2.3238
2.1082
2.2675
2.1199
2.2431
2.2148
2.1243
2.3639
2.3642
2.1927
2.3823
2.2802
2.2080
2.4015
2.3267
2.2470
2.5321
2.2936
2.3732
2.1952
2.2862
2.1907
2.2930
2.2669
2.3172
2.1312
2.2242
2.1767
2.2534
2.3282
2.3525
2.2556
2.2238
2.1893
2.1767
2.2109
2.2246
2.1621
2.2476
2.3057
2.2927
2.2423
2.1455
2.2976
2.2142
2.2997
2.2825
2.1239
2.1694
2.2539
2.3182
2.1824
2.4127
2.4728
2.1786
2.4126
2.3237
2.2781
2.2855
2.3893
2.3904
2.3786
2.3444
2.3627
2.4296
2.3821
2.5013
2.4575
2.3493
2.5646
2.5402
2.6577
2.4021
2.5503
2.2979
2.3726
2.1917
2.1558
2.1200
2.3591
2.3278
2.2357
2.1922
2.2313
2.3569
2.3333
2.3475
2.2385
2.3061
2.2900
2.2083
2.2401
2.1647
2.2614
2.1717
2.2954
2.1640
2.2978
2.3232
2.1801
2.1459
2.2510
2.2013
2.1423
2.4050
2.3804
2.2928
2.4071
2.3930
2.3476
2.2515
2.2728
2.3816
2.3864
2.3572
2.2584
2.2759
2.3845
2.3589
2.3055
2.2514
2.3383
2.5328
2.3428
2.1801
2.2277
2.2231
2.1972
2.2424
2.1795
2.2965
2.4188
2.3668
2.4305
2.3528
2.2907
2.2936
2.3386
2.3742
2.2855
2.2620
2.1569
2.3572
2.3765
2.2720
2.3674
2.4441
2.2310
2.2019
2.2494
2.2449
2.2690
2.4001
2.2073
2.1836
2.1968
2.2602
2.1593
2.1366
2.1825
2.1294
2.1736
2.1919
2.2479
2.2781
2.4078
2.3151
2.3374
2.3170
2.3323
2.2575
2.1894
2.2596
2.3284
2.2385
2.3098
2.2966
2.3100
2.3486
2.2229
2.3911
2.3289
2.3975
2.2889
2.3368
2.3071
2.3934
2.4539
2.3542
2.3629
2.2841
2.2545
2.3816
2.3382
2.2843
2.1744
2.3333
2.3278
2.2695
2.2753
2.2193
2.2130
2.1733
2.3000
2.3023
2.2497
2.4714
2.3339
2.2584
2.3462
2.3955
2.3127
2.4239
2.5021
2.3105
2.2835
2.3494
2.4411
2.5369
2.3449
2.4863
2.3753
2.5013
2.4462
2.4320
2.3246
2.4844
2.3128
2.2662
2.3330
2.2737
2.2271
2.1581
2.2991
2.1657
2.1945
2.3056
2.1867
2.0816
2.0915
2.3213
2.0510
2.0194
1.9392
2.0882
2.1336
2.0544
2.0589
2.0941
2.0022
2.0001
2.0663
2.0761
1.9330
2.1864
2.1882
2.2813
2.3394
2.2414
2.2151
2.2588
2.2221
2.1736
2.2482
2.2743
2.2516
2.3039
2.4509
2.3102
2.2105
2.3292
2.1490
2.1564
2.1343
2.2172
2.2683
2.2278
2.1661
2.2510
2.1971
2.1810
2.0673
2.0765
2.0070
2.0551
2.3169
2.1161
2.0381
2.1790
2.0803
2.2857
2.3410
2.2917
2.3369
2.3702
2.2065
2.1405
2.2426
2.1106
2.1763
2.0389
2.2633
2.1455
2.1225
2.2526
2.2521
2.1910
2.2647
2.2735
2.1493
2.1518
2.0444
2.1564
2.3126
2.2129
2.1293
2.1140
2.2536
2.1152
2.1413
2.1919
2.3888
2.1783
2.4053
2.3036
2.3856
2.3717
2.4635
2.3469
2.2754
2.2289
2.2626
2.1924
2.2358
2.1936
2.3236
2.3321
2.2927
2.2789
2.2030
2.2357
2.2054
2.2813
2.4082
2.3721
2.3068
2.3813
2.2674
2.3601
2.3448
2.3647
2.3578
2.2699
2.3034
2.3746
2.4042
2.2253
2.0944
2.1004
2.2573
2.0809
2.0797
2.1792
2.2106
2.2454
2.2931
2.1939
2.1775
2.2040
2.2212
2.2819
2.1324
2.2578
2.2692
2.2622
2.1907
2.2380
2.3792
2.2441
2.2273
2.1937
2.1605
2.0932
2.2025
2.1628
2.1763
1.9918
2.0084
1.9981
2.0951
2.1775
2.1941
2.1266
2.2218
2.1708
2.1409
2.2147
2.1508
2.2310
2.1342
2.2403
2.0968
2.2554
2.1830
2.0542
2.0884
2.1759
2.2629
2.0683
2.1735
2.2150
2.1588
2.1844
2.2239
2.0308
2.0997
1.8881
2.0741
2.0032
2.0985
2.1534
2.0735
2.1644
2.1606
2.2383
2.1927
2.1202
2.0730
2.1087
2.1666
2.3018
2.1342
2.1394
2.1711
2.1300
2.0546
1.9803
2.0311
2.0721
2.1105
2.0630
2.1016
2.1436
2.1924
2.3341
2.2487
2.3822
2.3584
2.2194
2.3532
2.1534
2.1649
2.2794
2.2423
2.3603
2.2646
2.3903
2.2306
2.1821
2.0342
2.3250
2.2635
2.1885
2.0872
2.2473
2.1215
2.2682
2.1098
2.1082
2.2008
2.2422
2.2335
2.3127
2.2931
2.1958
2.2103
2.3351
2.1660
2.2034
2.1553
2.1075
2.3961
2.3152
2.2471
2.2805
2.1606
2.1330
2.1785
2.0922
2.1100
2.1871
2.2436
2.1324
2.2004
2.1842
2.2029
2.3537
2.2583
2.5232
2.5079
2.3370
2.2560
2.4011
2.3970
2.2224
2.1489
2.3049
2.2532
2.2332
2.2552
2.5124
2.2534
2.3120
2.3409
2.4372
2.4073
2.1547
2.2528
2.2279
2.2928
2.2892
2.2567
2.2761
2.3223
2.3637
2.2880
2.1884
2.3010
2.2202
2.1915
2.2228
2.2786
2.2008
2.1611
2.2706
2.4558
2.4800
2.0857
2.3344
2.3046
2.5351
2.2835
2.1209
2.2231
2.2373
2.1986
2.1553
2.2686
2.2097
2.3876
2.3814
2.3500
2.2987
2.2442
2.1523
2.1351
2.1885
2.3563
2.3022
2.3602
2.3908
2.3980
2.0682
2.1947
2.1174
2.2037
2.2905
2.1653
2.1039
2.1612
2.0754
2.1241
2.0430
2.2497
2.4467
2.2935
2.3521
2.0646
2.0257
2.0741
2.1819
2.0559
2.0402
2.0264
2.0484
2.2397
2.0734
2.0575
2.1101
2.1271
2.3015
2.2562
2.2247
2.3355
2.3844
2.3137
2.2681
2.2683
2.3800
2.3060
2.4326
2.1249
2.1481
2.2014
2.1949
2.1142
2.2983
2.3258
2.3253
2.3356
2.0597
2.2103
2.1614
2.3727
2.1552
2.4507
2.3982
2.4301
2.3023
2.2860
2.4178
2.3124
2.4471
2.4306
2.3284
2.3075
2.1999
2.1205
2.2107
2.2166
2.2663
2.3676
2.3937
2.1986
2.3413
2.3348
2.3540
2.2908
2.2790
2.4228
2.2895
2.2111
2.4432
2.2066
2.2816
2.3366
2.2880
2.4836
2.3537
2.4999
2.4575
2.3483
2.3740
2.1506
2.3143
2.4602
2.4140
2.4823
2.3376
2.4575
2.3886
2.3853
2.5433
2.3977
2.3942
2.4167
2.4087
2.4926
2.3587
2.3965
2.4489
2.4501
2.4956
2.3582
2.2697
2.2943
2.3166
2.2118
2.3225
2.3639
2.1884
2.4370
2.2836
2.2857
2.2134
2.3883
2.2863
2.3121
2.2600
2.4836
2.2031
2.3797
2.4254
2.2908
2.3181
2.2679
2.4028
2.1412
2.2179
2.3307
2.2647
2.2902
2.3867
2.4031
2.4098
2.3726
2.4326
2.3307
2.4614
2.3376
2.4145
2.4665
2.1926
2.4295
2.5531
2.3179
2.2440
2.3019
2.4928
2.5108
2.4374
2.4824
2.3288
2.3615
2.3469
2.3528
2.2974
2.3014
2.4828
2.3786
2.2234
2.3400
2.4229
2.2575
2.4024
2.3177
2.1610
2.2133
2.2916
2.1242
2.2039
2.2284
2.3137
2.1062
2.3251
2.3836
2.2610
2.2108
2.2735
2.3702
2.3796
2.4652
2.4777
2.4427
2.2597
2.4174
2.3297
2.4765
2.4177
2.3314
2.2144
2.1578
2.1985
2.1613
2.2655
2.2797
1.9992
2.1991
2.1371
2.1010
2.0817
2.0362
2.0789
2.1587
2.0544
2.1855
2.2320
2.3046
2.1763
2.2339
2.1707
2.4590
2.2644
2.2655
2.2979
2.0751
2.0178
1.9282
2.0859
1.9709
1.9297
1.8999
1.8853
1.9674
2.0179
2.0440
2.0805
2.0068
2.0960
2.0878
2.2630
2.1127
1.8460
1.9709
2.0380
2.0865
2.0817
2.0689
2.1917
2.0807
2.2357
2.2215
2.3297
2.4720
2.4788
2.3814
2.3647
2.1971
2.2404
2.1924
2.1292
2.1900
2.0844
2.1127
2.0060
2.1148
2.0663
2.0597
2.1508
2.1626
2.1894
2.3168
2.0996
2.2338
2.3190
2.1913
2.2597
2.1443
2.1451
2.2809
2.2776
2.1939
2.3577
2.1710
2.2049
2.1785
2.1903
2.0873
2.0806
2.1570
2.0327
2.1382
2.1580
2.1805
2.2636
2.0942
2.1757
2.2531
2.1600
2.4225
2.2024
2.1362
2.0888
2.1407
2.2807
2.3292
2.1948
2.2308
2.3519
2.2632
2.2043
2.2391
2.1953
2.2351
2.1137
2.2509
2.1493
2.1233
2.1248
2.2514
2.3266
2.2449
2.2307
2.1042
2.1001
2.2647
2.1384
2.2550
2.0060
2.0215
1.9845
2.0662
2.1557
2.1170
2.0031
1.9962
2.1453
2.1880
2.1298
2.2872
2.1697
2.3701
2.2539
2.2231
2.3230
2.1463
2.1598
2.3732
2.3311
2.2402
2.0189
2.1109
2.2693
2.1755
2.2400
2.0934
2.2553
2.1674
2.1627
2.1184
2.2785
2.1742
2.2728
2.4329
2.4759
2.5475
2.4292
2.3089
2.4757
2.2644
2.2094
2.3334
2.1395
2.2769
2.1013
2.1822
2.3342
2.1736
2.2324
2.2392
2.2443
2.4501
2.4923
2.5951
2.6096
2.5450
2.4117
2.6510
2.5502
2.4562
2.4659
2.4826
2.5710
2.5254
2.5161
2.5135
2.4530
2.4421
2.2986
2.3283
2.2989
2.2896
2.2427
2.2248
2.3473
2.3383
2.1495
2.2220
2.1308
2.4686
2.4411
2.5019
2.3879
2.2538
2.1260
2.3384
2.3779
2.2542
2.1683
2.2519
2.4780
2.3461
2.2672
2.5877
2.4671
2.5360
2.4453
2.2111
2.2539
2.3664
2.1976
2.3119
2.3702
2.3252
2.3706
2.3770
2.3767
2.2975
2.2266
2.2693
2.6196
2.4429
2.5877
2.4175
2.4229
2.2322
2.2685
2.2896
2.4202
2.3113
2.2678
2.2932
2.3283
2.3238
2.3333
2.3189
2.3153
2.4012
2.5060
2.2231
2.2447
2.2312
2.1269
2.3644
2.1872
2.2015
2.0825
2.1685
2.1079
2.0457
2.3391
2.3441
2.3198
2.1310
2.1023
2.0064
2.1373
2.2311
2.1799
2.2570
2.2542
2.3279
2.3319
2.1907
2.2128
2.3908
2.4930
2.5318
2.2784
2.3379
2.4020
2.2796
2.3953
2.3353
2.2500
2.1918
2.1597
2.4685
2.4939
2.4282
2.4049
2.3759
2.2479
2.1903
2.1895
2.0418
2.2310
2.1274
2.1489
2.1748
2.2111
2.1268
2.1850
2.2821
2.2200
2.2555
2.2848
2.0833
2.2139
2.2908
2.1192
2.2985
2.3117
2.2165
2.2578
2.1642
2.3483
2.2768
2.3395
2.1511
2.2175
2.2559
2.1255
2.2177
2.2619
2.2843
2.2488
2.0545
2.1126
2.1313
2.2923
2.2877
2.2249
2.2350
2.2244
2.0943
2.0604
2.0158
2.0058
2.0610
2.0439
2.0505
2.2311
2.1857
2.2315
2.0776
2.2062
2.1433
2.0681
2.1244
2.2424
2.1449
2.1876
2.2847
2.2932
2.2466
2.2117
2.1927
2.2027
2.1681
2.1385
2.0621
2.1469
2.1167
2.0966
2.1313
2.0595
2.0524
2.1891
2.0335
1.9856
2.0494
2.2044
2.1719
2.2491
2.2377
2.1403
2.1693
2.0507
2.0467
2.2528
2.1267
2.2507
2.2846
2.2471
2.3271
2.3529
2.0497
2.2227
2.0093
2.1516
2.3309
2.2505
2.1745
2.1301
2.0118
2.0934
1.9746
2.2413
2.2709
2.1166
2.0426
2.0691
1.9444
2.0387
2.0612
2.0021
2.0160
1.8964
2.0100
2.0815
2.0576
2.1097
2.0582
2.0877
2.1967
2.4258
2.3245
2.3962
2.3119
2.3011
2.3616
2.1428
2.1063
2.1947
2.2143
2.1355
2.2522
2.2971
2.0947
2.0657
2.0316
2.1064
2.0719
2.0608
2.0908
2.0342
2.0435
2.0280
2.1899
2.0553
2.0376
2.0147
2.1218
2.0641
2.1975
2.1577
2.0705
2.0347
2.1530
2.2608
2.1659
2.2237
2.1835
2.1387
2.2133
2.2701
2.1293
2.2009
2.1595
2.0624
2.2173
2.0109
2.0570
2.0188
2.1708
2.2484
2.1336
1.9758
2.1273
2.1397
2.2504
2.2489
2.2799
2.2059
2.1450
2.2031
2.1273
2.2321
2.2144
2.2146
2.1424
2.0760
2.1323
2.1164
2.1108
1.9082
1.9267
2.0316
1.9441
1.9375
1.9143
1.9012
1.9333
1.9038
1.9222
1.8128
1.9040
1.9485
1.8981
1.9231
1.9027
1.9760
1.8875
1.9932
1.9630
2.0390
2.0129
2.0784
1.8467
2.0446
1.8878
1.8613
1.9041
1.9173
1.8647
1.9201
1.9004
1.8720
1.8049
1.8229
1.8808
1.8265
1.8145
1.9440
2.0786
2.0633
1.8754
1.9289
1.9556
1.8201
1.8892
1.8402
1.8096
1.9120
1.9424
1.8625
1.9946
1.8639
1.7714
1.8191
1.8624
1.9521
2.1169
1.7994
1.9978
1.8756
1.8948
2.0120
1.9896
2.0543
2.1308
2.0362
1.8658
1.9601
2.0152
1.8524
1.8439
1.9475
2.1319
2.1407
1.9997
2.0703
2.0976
2.0257
1.9323
1.9474
1.8565
2.0786
1.9799
2.0035
2.1970
2.0590
2.0996
2.1780
2.0795
2.0564
2.2347
2.0148
2.1788
2.1132
1.9717
2.1564
2.2063
2.2381
2.3848
2.2567
2.1810
2.3424
2.3728
2.4173
2.2215
2.2510
2.2978
2.0814
2.1488
2.0646
1.9881
2.0648
2.0046
2.0067
2.0021
2.0512
1.9906
2.2390
2.2812
2.1076
2.2446
2.2318
2.1134
2.2310
2.2422
2.1387
2.0228
2.0823
2.1101
2.1189
2.1265
2.1210
1.9790
2.0358
2.1548
2.0973
2.1081
2.1402
2.1426
2.1875
2.0413
2.1383
2.2216
2.2291
2.2295
2.3534
2.2145
2.1082
2.1570
2.0889
2.1217
2.1181
2.1793
2.0685
2.2253
2.1818
2.1450
2.0023
2.0389
2.0009
2.1394
2.1266
2.0516
2.3056
2.1255
2.1662
2.3766
2.2571
2.1882
2.2783
2.0898
2.2634
2.3157
2.0514
2.1011
2.1762
2.1886
2.1674
2.1273
2.2338
1.9996
2.0859
2.0430
1.9984
2.0447
2.0835
2.0346
2.2579
2.0856
2.0666
2.2527
2.1139
2.0446
2.0932
2.0744
2.1150
1.8832
1.9614
2.0316
1.9149
1.9929
2.0264
1.9427
2.0376
1.9362
1.9338
1.8618
1.9628
1.8778
1.8827
1.8700
1.9319
1.8186
1.8071
1.9572
2.0159
1.9562
1.9587
2.0178
2.1305
2.0375
2.0826
2.1271
2.0561
2.0510
1.9376
1.9621
2.0798
1.8453
1.9335
2.0957
2.0720
2.1632
2.0365
2.2440
2.0812
2.0875
2.1668
2.0618
1.9119
2.0524
1.9454
1.9456
2.0123
2.0893
1.9710
1.9955
2.0522
2.0606
2.0828
2.2348
2.1543
2.2889
2.0996
1.9534
2.1021
1.9703
2.0397
2.0584
2.0112
2.0298
1.9144
2.0857
2.0650
2.1119
2.0778
1.9366
1.9775
1.9055
1.9456
1.9367
1.9885
1.9419
2.0402
2.0272
1.9361
1.8786
1.8973
1.9077
1.9843
2.0592
1.8808
1.9370
1.9963
2.1465
2.2090
2.0078
1.9790
2.0049
2.0087
2.0233
2.0198
1.9981
2.0965
1.9721
2.0254
2.0111
2.0883
2.1328
2.1424
1.9521
2.0245
2.1324
2.1294
2.2647
2.1665
2.1933
2.0703
2.2620
2.1745
2.1464
1.9674
1.9215
2.0003
1.9123
1.8579
1.8142
1.8960
1.7478
1.7868
1.7887
1.7666
1.8832
1.7792
1.9877
1.9702
1.8673
2.0147
2.0185
2.1068
2.0385
2.0138
1.9164
1.9978
2.0309
2.0159
1.9604
1.9963
2.1279
2.1722
1.9653
2.0121
2.1922
1.9840
2.0252
2.0332
2.1701
2.0350
2.1136
2.2172
2.0365
2.2107
2.0662
2.0556
2.0375
1.8360
1.9473
1.9487
2.0521
1.9533
1.9845
2.0617
1.8795
1.8808
2.0572
1.8688
1.9043
1.9778
2.0746
2.0595
2.2043
2.1078
2.2114
2.2155
2.0401
2.1279
2.0996
1.9975
2.1026
2.1254
2.0360
2.1067
1.8569
2.0119
2.0278
2.2058
2.3119
1.9296
1.9725
2.0076
2.0484
2.1291
2.1730
1.9874
1.9562
1.9138
1.9721
2.0715
1.9791
2.0713
1.9380
2.0198
1.9585
1.9692
1.8566
1.9494
1.9895
2.0789
1.8927
1.9110
2.0323
1.9315
1.8416
1.9314
1.9893
2.0381
2.0154
2.1626
2.1745
2.3271
2.1548
2.2527
2.2376
2.0321
1.9501
2.0519
2.0832
1.9826
1.8817
1.8658
1.9257
2.0662
1.9554
1.9282
2.0744
1.9656
2.0408
2.1372
2.0457
1.9801
1.9869
2.1438
1.9451
1.9947
2.2062
2.1632
2.1294
2.0369
2.0739
2.0094
2.1156
2.1914
2.1521
2.1918
2.1060
2.0880
2.1519
2.2507
2.1400
2.0018
2.2144
1.9705
2.0088
1.9689
2.0531
1.9049
2.1036
1.8857
2.0474
1.9451
1.9646
1.9761
2.0420
1.8794
1.9759
2.0430
2.0411
2.0341
1.9483
1.7562
1.8094
1.9844
1.8648
1.9365
1.8546
1.8948
1.9939
2.0017
1.9330
1.9832
2.0525
2.1056
1.9932
1.9694
2.0050
2.0818
1.9808
2.0094
2.0776
2.0262
1.8837
1.7789
1.9009
2.0770
1.9599
1.9433
2.0104
1.8508
2.0300
2.0021
2.0154
1.9322
2.0277
1.8419
1.8856
2.0921
2.0433
2.1003
2.0822
1.9125
1.8297
1.9161
1.8232
2.0031
1.9454
2.0364
1.8415
2.0093
1.8361
1.8469
1.9591
1.7824
1.8973
1.8460
1.8157
1.8446
1.9290
1.7934
1.8349
1.8310
2.0229
1.9393
2.0680
1.9508
1.8973
1.9310
2.0718
1.9548
1.9020
1.8653
1.8932
1.8847
1.6719
1.8380
1.9687
1.8538
1.8753
2.0523
1.8832
1.8130
1.7593
1.7936
1.9896
2.0469
2.1094
2.0773
2.1156
2.0185
2.1672
2.0134
1.9635
2.1811
2.0293
2.0485
1.9721
2.0959
2.1736
2.1107
2.1438
2.1429
2.0140
2.0768
1.9228
2.0673
2.0317
1.9479
1.9873
1.9764
2.1859
1.9549
1.9537
1.9908
1.9436
1.8515
1.8494
1.8896
1.9287
1.9389
1.8244
1.8350
1.8982
1.9875
1.8993
2.0351
2.0695
1.9523
1.9538
2.0914
1.9123
1.9462
2.0366
1.8767
1.9575
2.0294
1.9975
2.1157
2.0933
2.1786
2.1352
2.0722
1.9807
2.1111
1.9702
1.9692
2.0639
1.9715
2.1075
2.0507
2.0280
2.0277
2.0841
1.9482
2.0745
2.1165
2.0602
1.9703
2.0557
2.1780
2.1771
2.1780
2.0110
2.0151
2.0734
2.0895
2.0131
1.9220
1.9854
1.9362
1.9100
1.9029
1.7991
1.7874
1.9660
1.8727
1.9058
2.0270
1.9093
1.9623
1.9549
2.0691
2.0602
1.8824
2.1295
2.1031
2.2169
2.2104
2.2399
2.2675
2.0954
2.1018
2.1749
2.3078
2.1314
2.1262
1.9582
1.9094
2.0538
2.1211
2.1716
2.1600
2.1776
2.0800
1.8294
1.9930
1.9397
2.0170
2.0077
2.0314
1.9349
1.9698
2.0540
2.1411
2.0173
2.0834
2.0748
1.9379
2.1823
2.1975
2.1885
2.0841
2.0412
2.1383
1.9052
2.1400
2.0164
2.0966
2.0135
2.0846
2.1193
2.1510
2.0336
2.1700
2.1773
2.1479
2.0905
2.0621
2.1446
2.1712
2.0532
1.9583
1.9945
2.0039
2.1642
1.9698
1.9653
2.0897
2.0361
2.0827
2.1405
2.0011
1.9067
2.1159
1.9122
1.9449
1.9515
2.0535
2.0248
2.2504
2.2862
2.0745
2.1538
1.9203
2.0432
2.0824
1.9313
1.9183
2.0715
2.1164
2.2920
2.1887
2.0651
2.2246
2.1430
1.9509
1.9877
2.0724
1.9505
1.8992
2.0197
2.0906
1.9354
1.9953
1.9488
1.9122
1.9019
1.9740
1.9767
1.8748
2.0393
2.2168
2.0644
1.9012
2.0929
1.9703
2.1357
1.9344
2.0139
1.8859
1.9514
2.0814
1.9516
1.8600
1.9598
1.9742
2.0279
2.0094
1.9018
1.9352
1.9436
2.0318
2.1426
2.0188
2.0340
2.0435
2.1494
2.0697
1.9657
1.9693
2.0799
1.8571
1.9720
1.9421
1.9488
1.8188
1.8967
1.8689
1.9216
1.9106
1.8123
1.8043
1.8524
1.8138
1.9414
2.0106
2.0861
1.8510
1.8975
1.9054
2.0534
1.8056
2.0436
2.1245
2.0243
2.1141
2.1873
2.1787
2.0371
1.9382
1.8581
1.8340
1.9342
1.8153
1.7621
1.7887
1.8373
1.9079
1.7688
1.8709
2.0108
2.0502
2.1002
1.9779
1.9625
1.8097
1.9730
1.8342
1.9337
1.9363
1.8866
1.8694
1.8875
1.8191
1.7179
1.7023
1.8666
1.9296
1.9572
1.8220
1.7597
1.8633
1.8399
1.9394
1.9515
1.9911
1.9474
2.0082
1.8670
2.0434
1.9040
1.9594
1.9820
2.0381
2.0188
2.0538
1.8486
1.8617
1.8397
2.0059
1.7845
1.8066
2.0408
1.9024
1.8884
1.9652
1.9526
2.0210
1.7760
1.8414
1.7803
1.8672
2.0013
1.9105
1.9163
1.7487
1.7952
1.9646
1.8629
1.8467
1.7762
1.8099
1.6963
1.7113
1.7827
1.7764
1.8567
1.8348
1.9286
1.7430
1.8718
1.8921
1.7862
1.9273
1.8177
1.8278
1.8523
1.9726
1.8158
1.9694
1.9527
2.0219
1.9101
1.9139
1.9630
2.0980
2.0010
1.9760
2.1012
1.9748
1.8867
1.9948
2.0114
1.8575
1.9577
2.0775
1.9525
1.9443
1.8839
1.8596
1.9588
1.8442
1.8886
1.9343
2.0674
1.9545
1.8909
2.0020
1.9447
2.1691
2.1390
2.1269
2.1030
2.0052
2.0950
1.9541
1.9585
1.8431
1.8510
1.8681
1.8253
1.8244
1.7477
1.8844
1.8046
1.8270
1.8374
1.8499
1.9729
1.8010
1.8348
1.9465
1.9287
1.8599
1.9794
1.8980
1.8841
1.8329
1.8554
1.8857
1.8117
1.7107
1.8022
1.8381
1.9293
1.9782
1.8441
1.8099
1.8973
1.8569
2.0239
1.9158
2.0528
1.9778
1.9048
1.9349
1.9699
1.8484
1.8632
2.0175
2.1016
1.9867
1.9593
1.9895
1.8515
1.9157
1.8472
1.9873
2.0748
1.8891
1.9590
1.9294
1.9366
1.7699
1.8792
2.0201
1.8413
1.9401
1.8860
1.9335
1.9287
2.0006
1.9641
1.8294
1.9886
2.0279
1.9738
1.8621
1.9830
1.8129
1.9429
1.9986
1.9626
1.8966
1.8766
1.9675
2.0844
2.0158
2.1172
1.9402
1.9677
1.9869
1.8602
1.8842
2.0343
1.9357
1.8393
1.9192
1.9633
1.8988
1.8445
1.9843
1.8087
1.9471
1.9680
1.9530
1.7892
2.0066
1.9670
1.9851
2.1262
2.0993
2.0721
1.9425
1.8628
1.8686
1.8623
1.7461
1.8546
1.9077
1.9910
1.9820
1.9370
2.0446
1.9452
1.8646
2.0765
1.9600
2.0129
2.0364
2.0201
1.8936
1.8890
1.9900
1.8396
1.8743
1.9724
1.8685
1.8993
1.8955
1.8975
1.9757
2.0147
2.1138
2.0694
2.0712
2.2283
1.9821
2.0660
1.9975
1.9834
1.9744
1.8303
1.9477
1.9774
2.0358
1.8998
1.9045
1.8868
2.0254
1.9731
2.0547
2.1784
2.1718
2.0192
2.1136
1.8030
1.8785
2.0060
2.0632
1.8991
1.9782
2.1290
2.0092
1.9796
2.0348
1.9417
2.2315
1.9810
2.0021
2.2781
2.1281
1.9841
2.1051
2.1350
2.1071
2.1909
2.1560
2.0460
2.0404
2.0822
2.2042
2.0583
2.2791
2.2248
2.3103
2.4978
2.4092
2.3708
2.0819
2.1873
2.1912
2.1184
2.1151
2.0517
2.1736
2.0794
2.2269
2.2601
2.2383
2.1210
2.1116
2.2289
2.1289
2.1503
2.1300
1.9658
1.9978
2.0389
1.9875
1.9594
2.2123
2.0083
2.1139
2.1982
2.2275
2.1149
2.3402
2.1774
2.1398
2.2027
2.1757
2.1484
2.2451
2.1232
2.1110
1.9869
2.0025
2.1170
2.1182
2.3082
2.2741
2.2427
2.2045
2.2246
2.2250
2.1319
1.9884
2.1181
2.0773
2.0077
2.0153
2.0540
2.0682
2.0417
2.0545
1.9607
1.9841
2.0662
1.9920
1.8888
2.1258
2.0086
2.1505
2.1518
2.0791
2.1190
2.1524
2.0074
2.1002
1.9202
2.1568
2.1319
2.3139
2.1955
2.2055
2.1510
2.1375
2.1107
2.1325
2.1129
2.1199
2.1995
2.2148
2.2912
2.0934
2.0469
2.0291
2.1586
2.0413
1.9999
2.0035
2.1610
2.0432
1.8994
2.1069
1.9844
1.9169
2.0280
2.1633
2.0508
2.1132
2.4403
2.3090
2.2290
2.2042
2.1144
2.3268
2.2777
2.1580
2.2721
2.2906
2.1858
2.1038
2.0425
2.0854
2.0406
2.1602
1.9915
2.1003
2.1812
2.0804
2.1171
2.0833
2.1418
2.0831
2.1690
2.1901
2.1850
2.2912
2.2225
2.0744
2.2066
2.2614
1.9865
2.2115
2.2494
2.1610
2.0578
2.0911
2.1031
2.1887
2.3322
2.3343
2.1798
2.4020
2.4294
2.2775
2.1746
2.1251
2.3322
2.2860
2.3449
2.2912
2.1961
2.3206
2.3098
2.0822
2.1673
2.0279
1.9490
2.0029
2.0088
2.0126
2.0796
2.0862
1.9861
1.9726
1.9870
2.0300
2.1087
2.0314
1.8967
1.9757
1.9712
2.0595
2.0343
1.9920
1.9669
1.9075
1.9661
2.1452
2.0617
2.0314
1.8968
2.0823
2.0543
2.0833
2.0549
1.8941
2.0715
2.1060
2.0482
2.0221
1.9614
2.0092
1.9526
1.9390
1.9747
2.0572
1.9303
1.9252
1.9330
1.9706
1.8474
1.8585
1.9996
1.8687
2.0572
1.9588
2.0115
1.9101
1.9211
2.0172
1.9443
2.0242
2.0829
2.1542
1.9073
2.1843
2.1473
1.9928
2.1382
2.0628
2.0396
2.1626
2.0883
2.1554
2.2051
2.2604
2.2397
2.2298
2.1991
2.0844
2.3359
2.1142
1.9785
2.0856
1.9644
1.8598
2.0244
2.2616
2.2679
2.2737
2.1877
2.0454
2.0720
2.0976
2.0524
2.0688
2.0896
1.9976
2.0794
2.0530
2.1007
1.9558
2.0025
1.9234
2.1331
2.2634
2.0807
2.0268
2.0825
2.1385
2.1738
2.0371
1.9603
1.9947
1.9848
2.0982
2.1198
2.1386
2.0210
2.0940
2.2685
2.2175
2.0080
2.0301
2.0210
2.1559
2.3179
2.0644
2.0502
2.0430
2.0765
2.0357
2.0849
2.1426
2.0041
1.8909
1.9736
1.9856
2.0072
2.1066
2.0904
1.9650
2.1370
2.0005
2.1192
2.0174
2.0955
2.2851
2.2104
2.1410
2.0663
2.0821
2.0808
2.1601
2.2642
2.0431
2.1540
2.2075
2.1312
2.2115
2.0688
2.1489
2.1030
1.9468
2.1452
1.9906
2.2406
2.1960
2.2740
2.0169
1.9913
2.0858
2.0235
2.0455
1.9960
2.0254
1.9641
1.9505
1.8799
1.9662
1.9411
2.0565
1.9875
2.0066
1.9895
1.9397
1.9252
2.0262
2.0115
2.1107
2.1083
2.2546
2.1291
2.4100
2.2056
2.2847
2.1492
2.3421
2.2362
2.2841
2.2520
2.2532
2.2212
2.0824
2.2823
2.2895
2.2645
2.2832
2.3120
2.3082
2.1269
2.0741
2.1375
2.1463
2.3710
2.1622
2.2553
2.2691
2.2917
2.2288
2.0174
2.0821
2.0660
2.1577
2.1914
2.0594
2.1295
2.2129
2.1826
1.9854
2.0786
2.1558
2.1058
2.1277
2.0664
1.9424
1.9248
1.9071
1.9814
1.9043
1.9947
1.8805
2.0093
1.9658
1.9881
1.8208
1.9377
2.1257
2.0061
2.1987
2.3064
2.1491
2.1396
2.0278
2.0015
2.0096
2.0286
2.0038
2.0515
2.0946
2.0396
2.0933
2.0542
2.0152
1.9679
2.0225
2.1046
2.0895
2.1252
2.1781
2.1750
2.1850
2.0263
2.1795
1.9768
1.9515
2.0899
1.9552
2.0172
2.2142
2.1770
2.0083
2.0712
2.0813
2.0693
2.0764
2.1343
2.1038
1.9736
2.0549
2.0785
2.0081
2.1464
2.1103
2.1586
2.0785
2.0842
2.0788
2.1555
2.1222
2.1360
2.1543
2.0584
2.1042
2.0665
2.1190
2.1579
2.1011
2.2299
2.2108
2.0088
2.0181
2.0053
2.1521
2.1811
2.2543
2.0882
2.1559
2.2477
2.1299
2.0620
1.9931
1.9552
2.1003
2.2462
2.0666
2.2158
2.0063
2.0531
2.2539
2.2129
2.3610
2.3065
2.2930
2.3930
2.1791
2.0770
2.0926
2.1867
2.2240
2.0556
2.2064
2.1125
1.9745
2.0286
1.9844
2.1376
2.0341
2.0591
2.0326
2.2536
2.1581
2.1655
2.2056
2.2277
2.1762
2.2729
2.3744
2.2036
2.2697
2.2612
2.3590
2.1550
2.2900
2.2070
2.2274
2.1388
1.9866
2.1360
2.0594
2.2665
2.1355
2.1250
2.1544
2.1170
2.0494
2.2518
2.1363
2.1891
2.1854
2.2737
2.1442
2.2029
2.1890
2.1121
2.2477
2.1804
2.2565
2.2321
2.1814
2.1977
2.2438
2.1151
2.3256
2.1826
2.2368
2.2362
2.2118
2.1741
2.2174
2.2591
2.2259
2.3085
2.3141
2.2903
2.1029
2.1506
2.2796
2.2405
2.2175
2.2888
2.2467
2.1781
2.2277
2.1736
2.3009
2.4310
2.1842
2.2990
2.2493
2.3221
2.2780
2.1477
2.2672
2.1060
2.1424
2.2209
2.1367
2.1801
2.1620
2.1406
2.1154
2.1568
2.0462
2.1093
2.3068
2.1619
2.2282
2.2298
2.1900
2.1664
2.0147
2.0894
2.1638
2.2446
2.2025
2.0952
2.1627
2.1927
2.1192
2.1880
1.9559
1.8913
2.0496
2.0882
2.1282
1.9822
2.1479
2.1462
2.0273
2.0923
2.0025
1.9880
1.9582
1.8425
1.8747
1.8542
1.9298
1.9541
1.8691
1.9751
1.9089
1.7754
1.8915
1.7929
1.9075
1.9933
1.8578
1.8726
1.8366
1.8940
1.8066
1.8508
1.7698
1.9226
1.8884
2.0092
1.9696
1.9851
1.9151
2.0130
1.9334
1.9297
1.8319
1.9504
1.8513
1.9165
1.9683
1.9647
1.9940
2.0259
1.9865
2.0424
1.9409
2.0615
2.1280
1.9939
2.0948
1.9132
1.8971
1.8841
2.0121
1.8549
1.8334
2.0299
1.8598
1.9471
1.9608
1.9514
2.0507
1.9618
2.0049
2.0462
2.0745
2.0973
1.9998
1.9987
1.9965
1.9548
1.9094
2.0497
2.0192
1.9888
2.1876
2.1139
2.3136
1.9965
1.9742
2.0472
2.1116
2.1654
2.0792
2.1131
2.2644
2.0808
2.2423
2.2560
2.2051
2.2088
2.2794
2.2637
2.3129
2.3419
2.1560
2.2382
2.2396
2.1591
2.4145
2.3089
2.4082
2.3130
2.2632
2.3112
2.3480
2.3957
2.2184
2.1940
2.4704
2.3556
2.0841
2.2955
2.2164
2.2466
2.1640
2.1843
2.2387
2.1285
2.3089
2.4180
2.1995
2.3020
2.2740
2.3895
2.3236
2.2940
2.2589
2.0917
2.0529
2.0490
2.0374
2.1030
2.1124
2.3240
2.2041
2.2500
2.1882
2.2037
2.2228
2.2292
2.2302
2.3846
2.2409
2.2201
2.2331
2.3012
2.2802
2.1120
2.1851
2.1499
2.0823
2.0779
2.2994
2.0381
2.2281
2.0985
2.0586
2.0647
2.0817
2.1922
2.1887
2.0060
2.1262
2.1851
2.0941
2.0306
2.0441
2.0467
2.1587
2.0875
2.0732
2.0725
2.2244
2.1094
2.3833
2.1794
2.0938
2.2538
2.2599
2.0439
2.1647
2.0354
2.1307
2.1282
2.2397
2.2828
2.2950
2.2435
2.2254
2.2027
2.1577
2.1203
2.2759
2.2633
2.3187
2.1788
2.2755
2.3055
2.1374
2.1048
2.0936
2.2290
2.2038
1.9755
2.0699
2.0698
2.0987
2.0664
2.0353
2.1747
2.0604
2.1563
2.1387
2.2208
2.1063
2.0942
2.1219
2.1516
2.0731
2.0854
2.1739
2.1446
2.1079
2.0127
2.0463
2.1181
1.9316
2.0197
2.0583
2.2212
2.2912
2.4172
2.3038
2.2703
2.2386
2.3645
2.1251
2.2046
2.3742
2.1416
2.1085
2.2108
2.2075
2.0349
2.3167
2.1835
2.2275
2.1183
2.1229
2.1579
2.1544
2.2549
2.3096
2.2529
2.1411
2.1280
2.1038
2.1622
2.0735
2.0667
2.1439
2.2221
2.1849
2.0985
2.0910
2.1035
1.9050
1.9991
2.0261
1.9788
2.0748
2.2231
2.2312
2.0552
2.0871
2.1701
2.1535
2.1395
2.0971
2.0714
2.0949
2.1577
2.1650
1.9931
2.0885
2.1383
2.1739
2.0001
1.8684
1.9050
1.9356
2.0207
2.0145
2.0889
2.1333
2.2034
2.0043
2.0283
2.0826
1.9939
1.9280
1.9251
2.0093
1.9090
1.9147
1.9917
2.0031
2.0588
2.0065
2.1537
2.1389
2.0759
1.9962
1.9927
1.9775
2.1131
2.0344
2.0761
1.9379
1.8756
2.0169
1.9996
1.9953
2.0532
2.1396
2.0455
2.0807
2.1909
2.0860
2.1413
2.1127
2.0666
2.0612
2.1419
2.0977
2.0706
2.0806
2.0796
2.1398
2.0714
2.1202
1.9960
2.0214
2.0677
1.9584
1.9528
2.0227
2.1822
2.1191
2.0278
2.2258
2.1996
2.1682
2.1673
1.9550
2.1187
2.0672
2.1089
2.0299
2.1568
2.0697
2.0239
2.0578
1.9694
1.9450
1.9844
2.0590
1.9714
2.0711
2.0187
2.1343
2.1273
2.1680
2.0873
2.1817
2.0258
2.0835
2.0556
2.0991
2.0776
1.8600
1.8972
1.9818
2.0385
1.9732
2.0271
1.8417
2.0006
2.0113
1.9358
1.9742
1.9782
2.0022
1.9537
1.9439
1.8976
2.0324
2.1273
2.0053
1.9596
2.0084
2.2231
2.0319
2.1457
2.0801
2.0446
1.8907
1.9955
2.0591
1.8751
1.9424
2.1384
2.1896
1.9425
2.1084
2.0679
1.9668
2.0702
2.1334
2.0813
2.1154
2.0048
1.9884
1.9901
2.0934
2.1578
2.0972
2.1202
2.1144
2.0917
2.0417
2.1329
1.9283
1.9718
1.9940
1.9359
1.8640
2.0239
1.9231
2.1834
2.0261
2.0865
2.0572
1.9348
1.9211
1.9569
1.9571
1.8571
1.7917
1.9152
1.8745
2.0686
1.8744
1.9091
1.9532
1.8440
1.9714
1.9215
1.8582
1.9730
2.0377
1.8311
1.8384
1.8349
1.9505
1.9588
1.9372
1.8804
1.9118
1.8522
2.0350
1.8432
1.8266
1.8347
1.9604
1.8746
1.8842
2.0077
1.8751
1.8152
1.8552
1.9160
1.7412
1.9257
1.8987
1.9485
1.8967
1.9360
1.9866
1.8843
1.8988
1.9771
1.9435
1.9486
1.8542
1.8472
1.8236
1.8933
1.8277
1.9071
1.8622
1.8623
1.7420
1.7976
1.7958
1.8548
1.8954
1.9888
1.7653
1.8430
1.8096
1.7044
1.7304
1.7475
1.7543
1.7978
1.7460
1.8693
1.8052
1.8568
2.0002
1.9521
1.9690
1.8795
1.7969
1.9379
1.8020
1.8366
1.8183
1.8572
1.8137
1.8143
1.8019
1.7905
1.7003
1.7229
1.7564
1.8510
1.7889
1.8239
1.7955
1.9288
1.7785
1.9446
1.9133
1.9048
1.9381
1.8590
1.9836
1.9941
1.9246
1.9673
1.9301
1.8894
1.9021
1.9168
1.9547
1.9366
1.9588
1.9113
1.8744
1.8811
1.9179
1.8042
1.8530
1.8886
1.8640
1.8137
1.8994
1.7801
1.8708
1.7888
1.7753
1.8105
1.7353
1.8740
1.6978
1.8261
1.7722
1.8448
1.7180
1.8625
1.8309
1.7584
1.7309
1.8950
1.8425
1.7085
1.6836
1.7934
1.7038
1.7493
1.7656
1.6707
1.9158
1.8044
1.8381
1.9255
1.9436
2.0328
1.8683
1.8398
1.8259
1.7665
1.7593
1.7787
1.7533
1.8680
1.8986
1.9051
1.9306
1.9191
1.8335
1.9118
1.8895
1.7659
1.7762
1.6596
1.7243
1.7405
1.6754
1.7325
1.7219
1.7460
1.7707
1.7441
1.6970
1.7930
1.6323
1.7168
1.6776
1.7296
1.7574
1.7309
1.7814
1.7378
1.7136
1.7428
1.7352
1.6824
1.6323
1.7257
1.6722
1.6146
1.6241
1.6309
1.6330
1.6515
1.7449
1.7571
1.8604
1.7966
1.7962
1.6874
1.6898
1.6797
1.6996
1.6599
1.7221
1.7222
1.8287
1.6840
1.7759
1.6887
1.7759
1.7571
1.7662
1.7636
1.7946
1.6982
1.7375
1.8368
1.8020
1.8229
1.8018
1.7376
1.8546
1.6976
1.8156
1.7808
1.7631
1.7156
1.8403
1.7302
1.6834
1.6962
1.7046
1.8067
1.7376
1.6901
1.6118
1.7359
1.7603
1.7151
1.7872
1.7428
1.6179
1.6925
1.6379
1.7139
1.7550
1.7571
1.7317
1.7555
1.6886
1.6734
1.7256
1.7489
1.6477
1.5813
1.6475
1.7594
1.6942
1.6424
1.7221
1.7596
1.7778
1.6275
1.7728
1.6989
1.6288
1.6916
1.7752
1.7308
1.5583
1.6635
1.7115
1.7575
1.7571
1.6383
1.6508
1.7946
1.9016
1.9212
1.8394
2.0142
1.7551
1.7986
1.7642
1.8190
1.7983
1.7235
1.7675
1.8205
1.7670
1.7795
1.7599
1.6876
1.7056
1.7410
1.6746
1.6955
1.7146
1.7422
1.7253
1.7099
1.7165
1.6778
1.6852
1.7676
1.8317
1.6983
1.7398
1.7440
1.7263
1.6555
1.6616
1.6105
1.7242
1.6966
1.7152
1.7744
1.6436
1.6208
1.8190
1.7829
1.7305
1.7706
1.8267
1.8660
1.7182
1.8430
1.9786
1.7639
1.7908
1.8560
1.7473
1.7486
1.7472
1.7259
1.8107
1.9169
1.7524
1.7475
1.8407
1.7582
1.7813
1.7938
1.9109
1.8479
1.8430
1.7733
1.8905
1.8730
1.7734
1.8694
1.8742
1.7987
1.8714
1.8132
1.7786
1.8785
1.8438
1.8199
1.8135
1.7921
1.9120
1.8734
1.8646
1.8482
1.9896
1.9737
1.9160
1.8910
1.8964
1.8527
1.8920
1.8975
1.8959
1.8033
1.7897
1.7525
1.8555
1.8299
1.8258
2.0030
1.7774
1.8834
1.8607
2.0940
1.9911
1.8445
1.9112
2.0647
1.9764
1.8624
1.8895
1.9579
1.9238
1.9822
2.0200
1.9201
1.9780
2.1407
2.1806
2.0194
1.9354
2.0502
2.0300
2.0197
2.0225
2.0045
1.9741
2.0008
1.8601
1.9850
2.0170
1.9134
1.9117
1.8640
1.7649
1.8772
1.9264
1.8961
1.9588
1.9382
1.8030
1.9356
1.9278
2.0474
1.9395
1.9661
2.0543
1.9633
2.0244
1.7788
1.7647
1.8204
1.9920
1.9113
1.8597
1.9080
1.9610
1.8854
1.9720
1.8143
1.9797
1.9403
1.9948
1.9088
1.9952
1.9714
1.9518
1.9882
2.0901
2.0987
2.2132
2.1550
2.2071
2.0689
2.0911
2.0259
2.2255
1.8888
1.9185
1.9400
2.0124
2.0667
1.9260
1.8610
1.7786
1.7744
1.8643
1.9744
1.8753
1.8469
1.8110
1.8745
1.9777
1.9674
1.9199
1.8826
1.8959
1.8745
1.8307
1.8775
2.1045
1.9058
2.0625
2.0022
2.0197
1.8800
1.9896
1.8928
1.9360
1.9294
1.9724
2.0852
1.9492
1.9628
1.9290
2.0050
1.9438
1.7796
1.8688
1.8955
1.8696
1.8511
1.8794
1.8860
1.8510
1.9756
1.9494
1.9984
1.9503
2.1180
1.8980
1.8586
2.0401
1.9429
1.8219
1.9250
1.8732
1.8684
1.7804
1.9168
1.9602
1.8638
2.0444
2.0025
1.9101
1.9351
1.9680
1.8012
1.8047
1.8854
1.8732
1.9713
1.9312
1.8666
1.8567
1.8626
1.9734
1.9522
1.8945
1.9078
1.9769
1.9342
1.8683
1.8499
1.8984
1.9769
1.8666
1.8680
1.9255
1.8104
1.8419
1.9133
1.9614
2.1700
1.9870
1.9004
1.7320
1.9037
1.7811
1.8263
1.8007
1.8841
1.9098
1.7390
1.7687
1.7193
1.8509
1.7408
1.8013
1.9417
1.7711
1.6769
1.8863
1.8774
1.8772
1.8505
1.8427
1.9095
1.8457
1.8334
1.8415
1.8079
1.8397
1.7498
1.7907
1.8702
2.0057
2.0827
1.9554
1.9141
2.0720
2.1243
2.0480
2.1043
2.0727
1.9560
2.1431
2.1257
2.0586
2.0002
1.9318
1.9042
2.0448
1.7578
1.8510
1.8285
1.9550
1.8245
1.8531
1.7926
1.7712
1.7201
1.7337
1.8012
1.8302
1.8729
1.8211
1.7905
1.9577
1.8567
1.8684
1.7597
1.8741
1.8879
1.7417
1.7532
1.7878
1.8807
1.9300
1.8871
1.8263
1.7648
1.7996
1.8097
1.7368
1.9272
1.8455
1.8288
1.7845
1.6672
1.7700
1.6987
1.6796
1.7144
1.7182
1.7222
1.8011
1.7120
1.7641
1.7248
1.7903
1.6382
1.7141
1.8026
1.6700
1.8580
1.8729
1.8515
1.7968
1.7915
1.8688
1.9438
1.8866
1.8073
1.8641
1.7927
1.8861
1.9304
1.8425
1.7398
1.7866
1.8002
1.7799
1.9307
1.7421
1.8189
1.9094
1.8008
1.7227
1.7917
1.9616
1.7122
1.7366
1.7956
1.8157
1.7650
1.9846
1.7340
2.1111
1.9023
1.8590
1.9700
1.9480
1.8689
2.0012
1.8857
1.7472
2.0436
1.9604
2.0913
1.9012
1.9728
1.9384
1.9176
1.8132
1.8380
1.8680
1.8555
1.8278
1.9318
1.9967
2.0121
1.8309
2.0757
2.0339
1.9564
1.8722
1.8492
2.0235
1.9901
1.8521
1.9053
2.0513
1.9527
1.9471
1.8972
1.9227
1.8268
1.9251
1.8458
2.0794
1.8896
1.8575
2.0362
1.9868
1.9342
1.9962
1.9211
1.9555
1.9405
2.1020
1.8384
1.9647
1.9092
1.9264
2.0657
1.9348
2.1181
1.9917
1.8662
2.0485
1.9841
1.9239
1.8602
1.8969
1.9295
1.8770
1.8329
2.1038
1.9932
2.1512
2.0838
2.0776
1.8812
2.1100
1.9806
2.0062
1.7185
1.9261
2.0099
2.1243
2.1862
2.2003
2.0205
2.2376
2.0100
2.0758
2.1094
2.1868
2.1197
1.9350
1.8411
2.0257
2.0968
2.1554
2.0023
2.2144
2.2859
2.0831
2.0905
1.9405
2.0250
2.0341
2.1321
1.9078
2.0553
2.0833
1.9285
1.8422
1.8687
1.9404
1.9845
1.9910
1.9805
2.1383
1.9309
1.9176
1.9875
1.8977
1.9915
1.8778
2.0918
1.9247
1.9763
1.8318
2.0201
2.0572
2.1911
2.1250
2.1417
2.0369
1.8799
1.8477
1.8900
2.0978
2.0335
2.1171
2.1345
2.0662
2.0519
2.0717
1.8077
1.8670
1.8423
2.0194
1.7881
1.7483
1.8217
1.6575
1.8095
1.7918
1.7454
1.8029
1.8319
1.8687
1.7840
1.9837
1.9077
1.9797
1.8786
1.9060
1.9640
2.1331
1.9817
2.0005
2.1718
2.0847
2.0093
1.9924
2.1322
2.1603
2.1597
2.0938
2.1035
2.2244
2.1853
2.1102
2.2496
2.2326
1.9777
1.9799
2.0210
2.1423
2.0199
2.0430
1.9705
1.9072
2.0752
1.8940
1.9237
2.0692
2.0110
1.9999
2.0789
2.0666
1.9911
1.8724
2.1498
2.0743
2.0822
1.9613
1.8609
1.8673
2.1547
2.0876
2.1469
2.0646
2.1275
1.9341
1.8920
1.8984
1.9139
1.9511
1.9250
1.9632
1.8002
1.9258
1.9834
2.0593
1.9287
2.0492
1.9445
1.9155
1.9418
1.9148
2.0138
1.8629
2.1069
1.8591
1.9180
1.7855
1.8083
1.8528
2.0918
1.9943
2.2758
2.1196
2.0661
2.1325
2.0269
2.0819
2.1349
1.9784
1.9612
2.0950
2.0143
1.9034
1.9631
2.2046
2.0767
2.0418
2.0951
2.0035
1.9699
1.8813
1.7520
1.7664
1.8046
1.9077
1.8157
1.7705
1.7655
1.8785
1.8627
1.7238
1.7127
1.7399
1.7040
1.8164
1.6407
1.7897
1.8124
1.9310
1.8612
1.8838
1.8868
1.9342
1.9159
1.8998
1.8614
1.7987
1.9114
1.8898
1.8629
1.7861
1.6952
1.7781
1.8872
1.8162
1.7589
1.8518
1.8293
1.9652
1.8936
2.0626
1.8196
1.8019
1.8216
1.8941
1.7833
1.8234
1.8366
1.8638
1.6617
1.8307
1.9400
1.7150
1.8262
1.9079
1.8804
1.7866
1.7579
1.7535
1.8527
1.7750
1.8057
1.9054
1.8577
2.0454
2.0014
2.0667
2.0856
1.9357
1.8518
2.0317
2.0341
1.9864
1.8757
1.9365
2.0227
1.8831
1.8828
1.8443
1.7738
1.8444
1.8918
1.9495
1.8353
1.9214
2.0520
1.9050
1.8673
2.0471
1.9327
2.0244
1.8990
1.8833
1.8282
1.6855
1.8218
1.7731
1.7770
1.7747
1.8445
1.8115
1.9555
1.8557
1.8970
1.9662
1.8068
1.6888
1.7554
1.8760
1.7881
1.8812
1.9514
1.8543
1.8072
1.9025
1.9270
2.0049
1.9955
2.0268
1.9855
2.1067
1.9154
1.9253
1.9273
1.8869
1.8989
1.7447
1.9067
1.8436
1.8407
1.7728
1.8433
1.7856
1.8051
1.8417
1.9177
1.8213
1.9009
1.7880
1.7598
1.9222
2.0128
1.8717
1.8703
1.7605
1.7645
1.7751
1.7206
1.8059
1.8666
1.8458
1.7792
1.8124
1.7018
1.7401
1.6479
1.7723
1.8239
1.7350
1.7727
1.7988
1.8800
1.6995
1.7734
1.8318
1.8054
1.8834
1.7561
1.8494
1.9026
1.7813
1.7519
1.7527
1.7623
1.7791
1.8929
1.8830
1.7479
1.8114
2.0000
1.9661
1.6667
1.7848
1.8241
1.7496
1.7702
1.7731
1.7911
1.9093
1.8130
1.7239
1.9918
1.9424
1.8340
1.8321
1.9728
2.0463
2.0470
1.9665
1.8613
1.8627
1.9736
1.8914
1.9850
2.1268
1.9171
2.0535
2.1010
1.9818
2.0103
1.7841
1.7628
1.9926
1.9166
2.0137
1.9174
2.0115
1.9516
2.0026
1.8284
1.8390
1.8688
1.8770
1.7442
1.7388
1.7590
1.8894
1.7032
1.8166
1.8080
1.8526
2.0469
1.8566
1.9020
2.1973
2.1018
2.0315
1.9147
1.9420
2.0320
1.9097
2.0358
1.9909
1.9180
1.9098
1.8895
1.8502
1.9543
1.9968
2.1488
2.0739
2.0585
1.9232
1.8522
1.7569
1.7685
1.7254
1.8501
1.7592
1.8227
1.7695
1.8239
1.7393
1.8204
1.7766
1.9845
1.9825
1.9067
1.9026
1.9647
1.8863
2.0166
2.0265
1.9511
1.8672
2.0052
1.9571
2.0207
2.0290
1.9150
1.7993
1.6967
1.9917
1.9130
1.8860
1.8856
1.9335
1.9355
1.9918
1.9958
2.1419
2.0442
1.9767
1.8564
1.9283
1.9041
1.8535
1.9064
1.8612
1.8565
1.6723
1.7177
1.8551
1.9584
1.8123
1.9607
1.7984
1.9098
1.8215
1.8630
1.8639
1.9085
1.8938
1.9586
1.8343
1.8802
1.8750
1.7790
1.7496
1.7696
1.9149
1.7333
1.7829
1.6785
1.8035
1.7312
1.7483
1.6743
1.7768
1.8675
1.8759
1.9105
1.7800
1.8236
1.8263
1.8583
1.8555
1.8372
1.8110
1.7853
1.8676
1.7586
1.8755
1.8491
1.9494
2.0068
1.9636
2.0116
1.9221
1.8894
1.8414
1.8006
1.8370
1.9051
1.8439
1.9431
2.0231
1.9852
1.9174
1.9153
1.9899
2.1500
1.9872
1.9325
1.8416
1.9597
1.7791
1.8316
1.8705
1.8753
1.8815
1.7556
1.8530
1.8955
1.8473
1.7861
1.7117
1.6560
1.7847
1.7037
1.6935
1.6610
1.7706
1.7082
1.6823
1.8226
1.6627
1.7360
1.7292
1.6765
1.6422
1.6228
1.6489
1.7779
1.7627
1.8099
1.6358
1.6369
1.8951
1.6052
1.5864
1.8185
1.8116
1.8855
1.7512
1.8144
1.8000
1.7718
1.7785
1.7317
1.7044
1.7354
1.8120
1.7563
1.8034
1.6885
1.7391
1.6620
1.7381
1.7042
1.7549
1.7944
1.8156
1.7072
1.8665
1.7310
1.8122
1.7500
1.7767
1.7038
1.6771
1.6736
1.7377
1.6931
1.6494
1.6296
1.6582
1.7393
1.7667
1.7551
1.8247
1.6913
1.7779
1.6716
1.7432
1.8267
1.8558
1.7809
1.8284
1.8488
1.8400
1.7175
1.7941
1.7375
1.8387
1.6665
1.6728
1.7513
1.7371
1.7279
1.7367
1.8435
1.7239
1.7154
1.7218
1.7483
1.7607
1.7306
1.5983
1.7661
1.6865
1.5900
1.6442
1.6302
1.7262
1.6590
1.8157
1.7033
1.6579
1.5953
1.6602
1.6941
1.6626
1.6907
1.5888
1.5292
1.7260
1.7105
1.6388
1.6366
1.7010
1.7056
1.7069
1.8056
1.7462
1.8053
1.6451
1.6829
1.8108
1.6794
1.8047
1.7018
1.7026
1.8178
1.7025
1.6234
1.7672
1.6753
1.6465
1.7689
1.7285
1.6828
1.6908
1.8399
1.6891
1.7466
1.6602
1.7540
1.7793
1.7375
1.7320
1.8106
1.8361
1.8083
1.6405
1.6256
1.7599
1.7309
1.7080
1.7574
1.6343
1.6500
1.7130
1.7412
1.6877
1.8233
1.7168
1.7781
1.7679
1.7528
1.8479
1.7500
1.6410
1.6807
1.7156
1.8867
1.8417
1.7755
1.7081
1.7601
1.7218
1.7803
1.7648
1.8258
1.8531
1.7958
1.7444
1.7310
1.7470
1.8426
1.8355
1.8028
1.7288
1.7118
1.7382
1.7547
1.8401
1.8000
1.6690
1.7997
1.7212
1.6811
1.6333
1.6535
1.7306
1.7194
1.6039
1.6194
1.5988
1.5917
1.6019
1.6511
1.6756
1.5868
1.5365
1.5973
1.6788
1.6012
1.6216
1.5807
1.6429
1.7581
1.5639
1.6410
1.8863
1.7177
1.7214
1.9873
1.7998
1.7535
1.8465
1.9127
1.8898
1.7630
1.8132
1.7769
1.8201
1.7972
1.7373
1.7527
1.7187
1.6903
1.7484
1.8830
1.7539
1.9256
1.7284
1.7389
1.6776
1.6742
1.6451
1.7590
1.6634
1.6332
1.7103
1.7066
1.6305
1.7975
1.6684
1.6287
1.5855
1.7076
1.6900
1.6757
1.6468
1.6695
1.8036
1.7340
1.6237
1.6860
1.6679
1.6650
1.7127
1.8021
1.7073
1.8161
1.7565
1.7440
1.7525
1.9441
1.7368
1.7905
1.6370
1.5881
1.6652
1.6540
1.6726
1.7685
1.7114
1.6818
1.8110
1.6987
1.8693
1.8486
1.7842
1.7362
1.7893
1.6842
1.6616
1.6320
1.6891
1.5890
1.6041
1.6165
1.6467
1.7353
1.7065
1.7001
1.6865
1.6269
1.7759
1.7909
1.7785
1.7882
1.7228
1.6091
1.6667
1.5887
1.6879
1.5796
1.6752
1.7221
1.6411
1.6858
1.6305
1.6680
1.6292
1.6196
1.6728
1.8183
1.6288
1.7319
1.7463
1.6017
1.8025
1.6494
1.7902
1.7762
1.6881
1.6889
1.8532
1.7698
1.8476
1.8319
1.7351
1.6709
1.7251
1.7301
1.7780
1.7811
1.7511
1.8837
1.8858
1.7136
1.7992
1.7739
1.8837
1.9670
1.8434
1.6715
1.7623
1.8067
1.7021
1.7538
1.7286
1.7695
1.6850
1.8262
1.6596
1.6956
1.5872
1.7348
1.6830
1.6826
1.7185
1.6765
1.8097
1.7302
1.6842
1.6302
1.8086
1.9324
1.7572
1.7793
1.7492
1.8122
1.7888
1.7746
1.7385
1.7788
1.6397
1.6116
1.7041
1.6687
1.6865
1.6240
1.6807
1.6358
1.6827
1.6702
1.6373
1.6979
1.5900
1.5628
1.5978
1.5371
1.5276
1.5743
1.4792
1.5633
1.5162
1.5345
1.6132
1.7272
1.5981
1.6373
1.6164
1.6287
1.6197
1.6708
1.6015
1.6459
1.6587
1.6358
1.6789
1.7337
1.6631
1.5573
1.6236
1.6606
1.5538
1.5689
1.5830
1.6537
1.5526
1.5904
1.6287
1.5989
1.5573
1.5691
1.5876
1.6014
1.7060
1.6507
1.7179
1.6634
1.6555
1.6117
1.6720
1.7491
1.6278
1.7319
1.7961
1.6927
1.7110
1.6516
1.7117
1.7272
1.6330
1.6701
1.6895
1.7219
1.6174
1.6855
1.7029
1.6911
1.7198
1.5796
1.7500
1.7631
1.7457
1.6519
1.6712
1.6460
1.6874
1.6666
1.6725
1.7149
1.6511
1.6702
1.7325
1.7220
1.7510
1.7487
1.6729
1.8823
1.7195
1.7965
1.6881
1.6975
1.7579
1.6451
1.7112
1.5690
1.6919
1.7563
1.6939
1.6688
1.6194
1.6450
1.6039
1.6536
1.6600
1.5972
1.6481
1.6851
1.7066
1.6247
1.7314
1.7341
1.7754
1.6136
1.6523
1.7371
1.6396
1.6525
1.6884
1.6691
1.6361
1.6122
1.6689
1.6773
1.6737
1.6796
1.6056
1.7152
1.6621
1.6750
1.6828
1.7224
1.7156
1.6770
1.6749
1.7187
1.7137
1.7094
1.6616
1.6005
1.7077
1.5901
1.5925
1.5605
1.6103
1.5822
1.6605
1.6806
1.6684
1.6121
1.6812
1.7216
1.7701
1.6981
1.7098
1.6942
1.7872
1.7822
1.6316
1.7309
1.7173
1.6682
1.7061
1.6951
1.6661
1.7679
1.6812
1.6257
1.6338
1.7442
1.7237
1.7388
1.5928
1.6598
1.6352
1.6056
1.6648
1.6177
1.6890
1.6254
1.8038
1.7383
1.6623
1.6628
1.6583
1.6857
1.6122
1.5940
1.6298
1.7391
1.7545
1.7067
1.7124
1.7491
1.8503
1.7283
1.5950
1.6993
1.6509
1.6666
1.7154
1.7451
1.7166
1.7479
1.7164
1.7469
1.8422
1.7654
1.7260
1.6807
1.6473
1.6893
1.6581
1.7345
1.7460
1.6903
1.5788
1.7063
1.6958
1.6749
1.8057
1.8335
1.7543
1.7195
1.6504
1.6754
1.7560
1.6282
1.6052
1.6515
1.6323
1.6692
1.6736
1.6303
1.7138
1.7514
1.7162
1.7408
1.6850
1.7200
1.6897
1.7192
1.7939
1.7925
1.8261
1.7121
1.9473
1.7941
1.7340
1.6319
1.7814
1.7719
1.7717
1.7270
1.7020
1.7285
1.7181
1.7551
1.8153
1.8083
1.8522
1.8162
1.6875
1.6970
1.7642
1.6872
1.6745
1.6301
1.7790
1.8666
1.7948
1.8330
1.7820
1.7834
1.7029
1.7419
1.7311
1.9565
1.8692
1.7441
1.8990
1.8307
1.7316
1.7264
1.7822
1.7836
1.7282
1.7350
1.7516
1.7926
1.7745
1.6537
1.7623
1.7481
1.6336
1.7690
1.7234
1.7709
1.7939
1.7339
1.8363
1.8717
1.8082
1.8363
1.7566
1.6931
1.7098
1.5743
1.6832
1.7011
1.6486
1.6083
1.7202
1.7164
1.7233
1.8151
1.6843
1.6407
1.6649
1.5917
1.6919
1.7035
1.6481
1.5310
1.7063
1.6259
1.5751
1.7735
1.5730
1.6123
1.6068
1.5683
1.5919
1.5713
1.7210
1.6165
1.5440
1.6230
1.5735
1.6299
1.6485
1.6220
1.6830
1.6063
1.5982
1.6094
1.6153
1.5576
1.5865
1.6432
1.6946
1.6779
1.7189
1.6953
1.7274
1.7251
1.7644
1.6997
1.8197
1.8146
1.7519
1.6195
1.6685
1.6796
1.6675
1.6341
1.6802
1.5957
1.6125
1.6454
1.6810
1.7603
1.6315
1.7021
1.7477
1.6257
1.7558
1.8475
1.7215
1.7695
1.8138
1.7583
1.8388
1.7139
1.7383
1.7202
1.9091
1.7986
1.7984
1.7756
1.8048
2.0120
1.9900
1.9031
1.9263
1.9402
1.9062
1.8123
1.8568
1.8323
1.7926
1.9118
2.0273
2.0449
1.9067
2.1278
1.9123
1.8694
1.6959
1.6589
1.6985
1.6085
1.5745
1.6621
1.6350
1.5803
1.5283
1.6165
1.6196
1.5898
1.7045
1.6781
1.7156
1.6498
1.6598
1.6697
1.7371
1.6491
1.7257
1.7337
1.8115
1.7645
1.7920
1.7282
1.7904
1.7333
1.7981
1.8914
1.8182
1.8666
1.7791
1.8503
1.7698
1.8412
1.8443
1.8796
1.8178
1.8305
1.9152
1.7684
1.7337
1.8604
1.9020
1.8007
1.8556
1.7947
1.8929
1.7887
1.7727
1.8319
1.8263
1.8764
1.8481
1.7520
1.8592
1.9628
1.9434
1.9261
1.9129
1.8391
1.9576
1.8659
1.8242
1.8840
1.9759
1.8531
1.8223
1.9253
1.8190
1.7784
1.8190
1.8207
1.8814
1.7819
1.7092
1.7942
1.7351
1.6119
1.6294
1.6347
1.6473
1.6908
1.7136
1.7512
1.7638
1.7442
1.6929
1.7186
1.8624
1.7684
1.8253
1.8647
1.9857
1.9942
1.9432
1.9515
1.8509
1.8448
1.8484
1.7990
1.9202
1.8344
1.8125
1.8344
1.9845
1.9081
2.0066
2.0364
1.9998
2.2001
2.0969
1.9631
2.1393
2.2603
2.3428
2.0493
2.0195
1.9018
1.8732
2.0925
2.1725
1.9597
2.1501
2.0737
2.1040
2.1136
2.2608
2.1721
2.0635
2.0093
2.0331
2.0856
2.1914
2.0810
2.0877
2.0684
2.1125
2.1053
1.9375
1.7923
1.9128
1.9494
1.7943
1.8428
2.0099
1.9085
1.8854
1.7868
1.7522
1.8224
1.8293
1.7575
1.7489
1.6928
1.7465
1.6842
1.8954
1.9111
1.8452
1.8975
2.0915
1.9091
1.8630
1.7717
1.8298
1.7825
1.7605
1.7813
1.7630
1.8031
1.7625
1.8242
1.8281
1.8438
1.7401
1.7159
1.6583
1.6946
1.7642
1.7257
1.6710
1.7215
1.7326
1.7459
1.8170
1.7214
1.6069
1.6593
1.6268
1.6665
1.6776
1.6661
1.7165
1.6300
1.6921
1.7023
1.6590
1.6462
1.6894
1.6696
1.7614
1.7042
1.7689
1.7404
1.7276
1.7267
1.7008
1.7159
1.6361
1.6510
1.5821
1.6461
1.6200
1.6457
1.6070
1.6401
1.5639
1.6440
1.6530
1.7060
1.6400
1.6608
1.6547
1.6656
1.6314
1.6787
1.6781
1.5502
1.5907
1.5928
1.5421
1.5894
1.5641
1.5567
1.5861
1.5193
1.6063
1.5952
1.5667
1.5510
1.5395
1.5876
1.5760
1.5936
1.5723
1.6414
1.6179
1.5755
1.6369
1.6029
1.6296
1.6495
1.7425
1.6956
1.6315
1.6791
1.6692
1.6692
1.6303
1.5920
1.6232
1.7221
1.6938
1.5932
1.6730
1.6135
1.6837
1.6146
1.6629
1.6645
1.6347
1.5955
1.5559
1.6522
1.6939
1.6728
1.5658
1.5920
1.6298
1.6948
1.6554
1.7018
1.6656
1.7675
1.7823
1.6276
1.7401
1.6770
1.7636
1.7406
1.7469
1.7782
1.7433
1.7565
1.7751
1.7627
1.6845
1.7193
1.7371
1.7087
1.7340
1.8220
1.7509
1.8795
1.8303
1.7883
1.7640
1.7281
1.8334
1.7478
1.7573
1.7920
1.8190
1.8005
1.7745
1.7593
1.6706
1.7854
1.7237
1.7374
1.7620
1.7669
1.7424
1.8279
1.7652
1.7353
1.7930
1.8090
1.6993
1.7488
1.7736
1.7926
1.7515
1.7677
1.7053
1.7363
1.6715
1.7154
1.6780
1.7389
1.7315
1.8114
1.7873
1.7701
1.7749
1.7135
1.7176
1.7591
1.8170
1.7804
1.6194
1.8553
1.7774
1.6698
1.7355
1.7901
1.8030
1.7456
1.6385
1.6204
1.6373
1.7133
1.7511
1.8543
1.7304
1.6650
1.6764
1.7060
1.6630
1.7295
1.7727
1.7622
1.7042
1.6279
1.7218
1.7604
1.7631
1.7276
1.7729
1.7262
1.7133
1.7124
1.5969
1.8245
1.9013
1.8115
1.8810
1.8314
1.7945
1.8806
1.7870
1.8691
1.9782
1.8954
1.7896
1.8810
1.8453
1.7748
1.7035
1.7399
1.7426
1.7186
1.7343
1.8996
1.8080
1.6808
1.8322
1.7279
1.6679
1.8140
1.7094
1.8251
1.7160
1.7317
1.8338
1.8586
1.7237
1.6896
1.7326
1.7690
1.7077
1.6945
1.7375
1.6798
1.7388
1.7673
1.7600
1.7393
1.6384
1.6483
1.7552
1.7427
1.8724
1.7329
1.7703
1.7124
1.7521
1.6700
1.6296
1.6198
1.8214
1.7447
1.8600
2.0838
1.9013
1.8211
1.7019
1.7067
1.9054
1.9144
1.9206
2.0485
2.0199
1.8949
1.7472
1.8272
1.7810
1.7894
1.9046
1.8975
1.9440
1.8176
2.1298
1.9627
1.9204
1.9169
1.8543
1.8768
1.9061
1.9443
1.8634
1.7683
1.7143
1.8669
1.9029
1.8238
1.8251
1.9353
1.7700
1.8247
1.7784
1.8818
1.8547
1.7865
1.7524
1.7927
1.7250
1.8230
1.7319
1.8429
1.8304
1.7283
1.7677
1.7421
1.9234
1.9433
1.8934
1.8392
1.9565
2.0642
2.2115
2.1750
1.8209
2.0541
1.9895
1.9416
2.1077
2.0187
2.0548
2.1370
2.2240
2.0241
2.1042
1.9986
2.0944
2.3359
2.1655
2.0652
2.1143
2.2010
2.1310
2.1854
2.2159
2.3104
2.3580
2.2044
2.0293
2.1855
2.0986
2.0419
2.0365
2.2531
2.2213
2.1934
2.1390
2.3234
2.0636
2.1727
2.0363
2.0774
2.1059
2.0495
1.9458
2.1014
2.1320
2.2455
1.9521
2.1098
2.0291
2.1101
2.0674
2.1064
2.1310
2.1178
2.1285
2.0180
2.0028
2.0196
1.9105
1.9578
1.9622
2.0584
2.0072
1.9515
1.9951
1.8437
1.9122
1.9573
1.7856
1.8076
1.9279
1.8481
1.8853
1.9260
1.9784
1.9459
1.8092
1.9699
1.8674
1.8082
1.9389
1.8506
1.9923
2.0446
1.9467
1.9938
2.1009
1.8589
1.8101
1.8183
1.6889
1.8157
1.7842
1.7856
1.7412
1.8421
1.7152
1.8131
1.7172
1.7327
1.7294
1.7197
1.7728
1.8453
2.0377
1.9360
1.9719
1.9842
1.7978
2.0153
1.9807
1.8239
1.8726
2.0149
1.8928
1.8245
1.7525
1.6244
1.6494
1.7253
1.8013
1.8554
1.8099
1.7556
1.8094
1.8293
1.8951
1.9049
2.0893
2.0577
2.0876
2.0829
1.8645
2.0411
2.1081
1.9165
1.8130
1.9496
1.8878
1.8843
1.9013
1.7806
1.7550
1.7417
1.8481
1.7619
1.7535
1.8344
1.8292
1.7215
1.8055
1.7710
1.8133
1.7176
1.8269
1.8148
1.7626
1.8086
1.7091
1.7185
1.8813
1.9354
2.0056
1.7689
1.7615
1.8004
1.7937
1.7722
1.7975
1.9320
1.8252
1.7216
1.7940
1.7944
1.7732
1.8338
1.7675
1.7073
1.7216
1.6539
1.7076
1.7672
1.6702
1.6362
1.6133
1.5721
1.7225
1.6727
1.7031
1.6591
1.6670
1.7131
1.7034
1.7078
1.6141
1.7873
1.7804
1.7508
1.6952
1.6708
1.6882
1.7403
1.6552
1.7682
1.7145
1.6889
1.8043
1.6801
1.7122
1.6884
1.7496
1.6900
1.9419
1.8113
1.8645
1.8990
1.7556
1.6899
1.7438
1.7265
1.6341
1.6751
1.6844
1.6629
1.6606
1.7825
1.7115
1.6794
1.6620
1.6773
1.7440
1.6973
1.8490
1.8403
1.7869
1.7569
1.6921
1.9156
1.6984
1.6886
1.6941
1.6379
1.6932
1.7220
1.7086
1.8268
1.7901
1.5649
1.5917
1.7208
1.6090
1.6759
1.7425
1.6617
1.5567
1.6294
1.5160
1.5549
1.6001
1.6423
1.8149
1.8395
1.6285
1.8443
1.8188
1.9196
1.7837
1.8334
1.8615
1.7680
1.8046
1.6423
1.6839
1.7699
1.7615
1.7560
1.7994
1.6870
1.7589
1.7640
1.7727
1.7380
1.8226
1.9181
1.8122
1.8418
2.0662
1.8547
1.8675
1.7657
1.8253
1.7122
1.7400
1.7641
1.8529
1.6846
1.8746
1.8617
1.9062
1.8328
1.6051
1.7576
1.8226
1.7824
1.7115
1.8042
1.8022
1.7963
1.8931
1.9815
1.8220
1.8282
1.8908
1.8519
1.8767
1.7273
1.8326
1.8042
1.8089
1.9175
1.8189
1.9475
1.7772
1.7751
1.8986
1.7659
1.8820
1.7931
1.7730
1.8639
1.8015
1.9823
1.9835
1.7911
1.8285
1.9185
1.8274
1.8731
1.8682
1.8547
1.8513
1.8240
1.8591
1.8704
2.0072
1.8369
1.9127
1.8860
1.8508
1.9297
1.8758
1.7306
1.7546
1.7355
1.6649
1.8158
1.7930
1.7280
1.7796
1.8067
1.8562
1.7768
1.7900
1.8154
1.8086
1.8683
1.8526
1.7395
1.7794
2.0192
1.9623
1.9507
1.8834
1.9776
2.0499
1.9396
1.8208
1.8931
1.7961
1.8589
1.9503
1.9063
1.9365
1.8248
1.7947
1.8997
1.7136
1.8425
1.9847
1.9059
1.8644
1.9704
1.8344
2.0053
2.1035
1.9648
1.9819
1.7505
1.9316
1.8360
1.9473
1.9809
1.8665
2.0900
2.0492
2.0912
1.9989
2.0780
2.0372
2.0101
1.9105
2.0119
2.0252
2.1330
2.1618
2.0868
1.9649
1.9756
2.0362
2.1008
2.0012
1.9972
2.2804
2.1474
2.0810
2.1896
2.1092
2.0450
2.1261
2.0672
1.9546
2.0241
1.8558
1.8712
1.9543
1.9940
1.9746
1.8960
1.7655
2.0285
2.1864
2.1954
2.0702
2.0087
2.0843
2.0520
2.0462
2.2280
2.0627
1.8744
1.9063
1.9629
1.9601
1.9498
2.0449
1.9907
2.0278
1.9097
2.0232
1.9331
2.0289
2.1869
2.1166
2.1289
2.1049
2.0233
2.1728
2.1254
2.3065
2.0539
2.1276
2.0528
2.0677
2.0479
2.0719
1.9407
1.9964
1.9734
2.0843
2.0975
2.0192
1.9196
2.1167
2.0882
1.8494
2.1188
2.0237
2.0666
1.9020
1.9755
2.0448
1.9734
2.0477
2.2663
2.1383
2.1216
2.0095
2.1488
1.9200
1.9566
1.9456
2.0250
1.8359
2.0115
1.9748
2.0542
2.0056
2.0762
1.9578
2.0280
2.0013
1.9180
2.0321
1.9931
1.9963
1.9958
1.8875
1.9505
1.9193
2.1038
1.8565
1.9840
1.9447
1.9554
1.8579
1.8249
2.0584
2.0500
2.0042
1.9883
2.0448
1.9820
1.8740
1.8842
2.0225
2.0042
1.8962
1.7341
1.8836
2.0463
2.0606
2.0384
2.0530
2.0730
2.0189
1.9103
1.9084
1.9334
1.9910
1.9411
1.8683
1.8139
1.8242
1.8682
2.0551
1.9262
1.9629
1.8946
2.0007
1.9661
2.0386
1.8884
1.9291
1.9362
1.9800
1.8946
1.9100
1.8647
1.8663
1.8634
1.9402
1.8818
1.7964
1.8538
1.8330
1.9579
1.8686
1.9447
1.9111
2.0164
1.9340
2.0581
2.2457
2.1768
2.0951
2.1664
2.1374
2.0090
1.9754
1.8859
1.8296
1.9124
1.7727
1.8693
1.7966
1.8732
1.8329
1.8847
1.9819
1.8332
1.8991
1.8406
1.8316
1.9108
1.9559
1.8243
1.8121
1.9298
1.9200
1.9717
1.9936
1.9429
2.0874
2.0776
2.0519
1.9934
1.9319
1.9837
1.9534
2.0185
1.9012
1.9162
1.9805
1.9275
1.8589
1.9093
2.0225
2.0186
1.9229
1.8199
1.8008
1.8020
1.8863
1.8946
1.8498
1.8386
1.8155
1.7791
1.8272
1.8766
1.8230
1.9518
1.9818
2.0089
2.0269
1.8106
1.9243
1.9260
1.8810
1.8842
1.9350
1.8791
1.9265
1.9246
1.9598
1.9879
1.9399
1.8675
1.9285
1.9738
2.0198
1.9461
1.9857
2.1092
2.1223
2.0946
1.9666
1.9341
1.9184
1.9617
2.1492
2.0711
2.1307
1.8770
1.9703
1.9513
1.9252
1.9565
1.9172
1.8421
2.0190
2.0360
1.9926
1.9472
1.9089
2.0763
1.9538
1.8612
1.7828
1.8995
1.9908
1.8695
1.8644
2.0379
1.9989
1.9244
1.9215
1.8242
1.8022
1.8738
1.8172
1.9303
1.9626
1.8351
1.8573
1.8435
1.9000
1.8789
1.9722
1.8700
1.7760
1.8125
1.8019
1.7418
1.7252
1.7589
1.7746
1.8137
1.8152
1.9663
1.8767
1.8468
1.8074
1.7472
1.7653
1.8126
1.8403
1.9164
1.8423
1.7551
1.8202
1.8316
1.7526
1.7960
1.7991
1.7902
1.8366
1.9119
1.8901
1.8827
1.7924
2.0210
1.9510
1.8941
1.7752
1.7554
1.8609
1.7823
1.7698
1.8393
1.9427
1.7925
1.7623
1.7993
1.7377
1.7631
1.9130
1.8294
1.9344
1.8189
1.7881
1.8540
1.7926
1.9373
1.8113
1.8031
1.8165
1.8919
1.7687
1.6634
1.8178
1.8566
1.8100
1.6830
1.7796
1.7646
1.6493
1.7487
1.7412
1.7677
1.7583
1.7953
1.8807
1.7768
1.9246
1.7677
1.8309
1.7531
1.7759
1.7732
1.7732
1.8376
1.7901
1.8596
1.7991
1.7756
1.7712
1.8539
1.9117
1.8832
1.7502
1.7300
1.7607
1.6717
1.7492
1.8040
1.8298
1.8778
1.7589
1.8311
1.7978
1.7114
1.8143
1.8195
1.6797
1.7997
1.8398
1.8418
1.8366
1.8055
1.8098
1.8798
1.8709
1.9035
2.0347
1.9501
1.8725
1.9206
1.7934
1.8507
1.7929
1.9044
1.8828
1.8470
1.8891
1.8920
1.8980
1.9067
1.9467
2.0559
2.0421
1.8289
1.8298
1.8145
1.8632
1.8973
1.8686
1.9434
1.7957
1.8026
1.9186
1.9593
1.7445
1.7381
1.8046
1.7163
1.8333
1.8509
1.8305
1.8671
1.7958
1.9194
1.9334
1.8383
1.9034
1.8786
1.8264
1.9022
1.9516
1.9689
2.0212
1.9647
1.9604
1.9579
1.9796
1.9234
1.8889
1.8628
2.0408
1.9150
1.7838
1.7666
1.8175
1.7615
1.7384
1.7179
1.7568
1.8464
1.9279
1.8309
1.7894
1.6600
1.7244
1.8120
1.7927
1.8180
1.8296
1.8612
1.8358
1.7584
1.8712
1.8435
1.8884
1.7593
1.7985
1.8151
1.8213
1.8320
1.8483
1.8289
1.7652
1.8620
1.8808
1.9122
1.9291
1.9762
1.9283
1.9550
1.9935
2.0090
1.9188
1.9403
1.8673
1.8474
1.8726
1.8261
1.8831
1.9346
1.8617
1.9063
1.8339
1.8497
1.8964
1.8707
1.8379
1.8061
1.8710
1.8642
1.8474
1.8903
1.9006
1.8848
1.8847
1.9933
1.7748
1.9456
1.9118
1.9311
1.8213
1.7565
1.9584
1.8462
1.9133
1.8472
1.8267
1.8961
1.9301
1.8799
1.8505
1.8800
1.9452
1.9197
1.9036
1.9919
2.0083
2.1208
1.9453
1.9791
1.8766
1.9982
1.9418
1.7559
1.7017
1.8991
1.7715
1.7553
1.7160
1.8557
1.7493
1.7367
1.7906
2.0449
1.9330
1.8588
1.9199
1.8691
1.9860
1.9260
1.8982
1.9708
2.0532
1.9564
1.9715
1.9116
1.9134
1.9871
1.9197
2.1160
1.8868
1.9272
1.8860
1.8977
1.9683
1.8987
1.9837
1.8574
1.8259
1.9262
1.8352
1.9051
1.8457
1.9606
1.9736
1.9554
1.8689
1.9139
1.9739
1.8490
1.7587
1.8333
1.8102
1.7952
1.8461
1.8765
1.8501
1.9451
1.9175
2.0117
2.0476
2.0095
1.9327
1.8186
1.7810
1.8000
1.8456
1.8309
1.8307
1.8654
1.8183
1.9166
1.9063
1.9166
1.9747
1.8426
1.9032
1.7836
1.7584
1.7579
1.6468
1.8322
1.8414
1.7935
1.8352
1.8688
2.0228
1.8241
1.7070
1.7599
1.8511
1.7587
1.7121
1.7353
1.7774
1.7255
1.8123
1.7327
1.7448
1.7819
1.7293
1.7667
1.7529
1.7103
1.8115
1.7659
1.7294
1.6679
1.8133
1.7477
1.8393
1.7734
1.7670
1.8006
1.6959
1.7776
1.7836
1.7751
1.7630
1.7602
1.8443
1.7012
1.7293
1.7473
1.7544
1.7740
1.7504
1.7585
1.7924
1.8367
1.7804
1.8204
1.8450
1.7831
1.7046
1.6955
1.7581
1.6990
1.7093
1.7265
1.7748
1.7857
1.7259
1.7790
1.8429
1.7431
1.8188
1.8390
1.8975
1.7528
1.7831
1.8472
1.8373
1.7522
1.7736
1.7520
1.8154
1.8498
1.8623
1.7118
1.7872
1.7935
1.7775
1.7827
1.7723
1.8070
1.9021
1.8216
1.7896
1.7857
1.7111
1.7437
1.8467
1.6755
1.7146
1.7476
1.7140
1.7889
1.7517
1.7044
1.6999
1.7125
1.7325
1.7718
1.7629
1.6863
1.7797
1.6648
1.6642
1.6625
1.6934
1.7241
1.6652
1.6760
1.7158
1.7898
1.7845
1.7900
1.7341
1.7920
1.7370
1.7463
1.7718
1.8088
1.9189
1.8206
1.7725
1.7162
1.8399
1.7810
1.8366
1.7909
1.8543
1.8339
1.8592
2.0249
1.9154
1.8343
1.9051
1.8501
1.8758
1.7595
1.8959
1.8785
1.9429
1.9091
1.8504
1.8940
1.8946
1.8429
1.8190
1.8069
1.7806
1.7394
1.7252
1.7378
1.7365
1.7249
1.7737
1.8070
1.7405
1.8714
1.7602
1.9042
1.7675
1.6962
1.7202
1.7848
1.7158
1.6608
1.6752
1.7287
1.7133
1.6600
1.6552
1.6922
1.6434
1.7220
1.6099
1.7819
1.7862
1.7735
1.7779
1.8316
1.7564
1.8727
1.7985
1.7690
1.7917
1.8949
1.9855
1.8081
1.7104
1.7763
1.9729
1.9274
1.8034
1.8045
1.7985
1.8660
1.8481
1.8316
1.8852
1.9326
1.9534
1.9902
1.9957
1.9232
1.8344
1.9712
1.9468
1.8338
1.9112
1.9377
1.8426
1.8122
1.8599
1.8265
1.9908
1.8563
1.9124
1.9501
1.7764
1.8780
1.7871
1.8160
1.7714
1.6805
1.6668
1.7388
1.7539
1.6725
1.6943
1.7031
1.7992
1.8996
1.9023
1.9082
1.8677
1.8773
1.9597
2.0113
1.9738
1.8575
1.8739
1.8188
1.8175
1.8154
1.8037
1.9309
1.9414
1.8858
1.7488
1.7476
1.7956
1.7970
1.7944
1.6791
1.7936
1.7336
1.8501
1.8586
1.8207
1.8500
1.7965
1.8185
1.8545
1.8663
1.7118
1.8542
1.9373
1.8895
1.7918
1.8092
1.8705
1.8805
1.8484
1.8383
1.7493
1.7888
1.7085
1.7639
1.8459
1.8167
1.9071
1.8511
1.7690
1.7737
1.7829
1.7904
1.8451
1.7696
1.8070
1.8927
1.9462
1.9014
1.8021
1.7884
1.7588
1.8417
1.7760
1.7988
1.7594
1.7619
1.7563
1.9311
1.9869
1.9382
1.9919
1.8117
1.8219
1.9528
1.8225
1.8337
1.7567
1.8713
1.8114
1.7976
1.7414
1.8703
1.9058
1.9466
1.9206
1.8315
2.0062
1.9203
1.9852
1.8721
1.8191
1.9476
1.7514
1.8308
1.9002
1.9145
1.9209
1.9175
1.9721
1.8431
1.9761
1.9052
1.9342
1.8430
1.8395
1.7701
1.8328
1.8351
1.8578
1.9115
1.8724
1.9859
1.8475
2.0456
1.9223
1.9427
1.9157
1.9080
1.9141
1.8950
1.9153
1.8296
1.8812
1.9418
1.8826
1.8888
1.9843
1.9524
2.0319
1.9063
1.9888
1.9287
1.9252
2.0568
1.9562
1.9807
1.9352
1.7975
1.8632
1.8535
1.7341
1.8132
1.9233
1.8344
1.8799
1.7221
1.8849
1.8537
1.9382
1.7139
1.8251
1.8201
1.8346
1.9931
1.9824
1.8865
1.9563
2.0268
1.9239
2.0271
1.8945
1.8917
1.8380
1.7079
1.7705
1.7766
1.7641
1.7369
1.8417
1.9771
1.9513
1.9345
1.8320
1.7762
1.9545
2.0207
1.9732
2.0262
1.9769
1.9078
2.0257
2.0474
1.9447
1.8198
1.7039
1.9821
1.9921
1.8757
1.9715
1.9842
1.9457
1.8791
1.8765
1.9288
1.8823
1.9324
1.8826
1.9619
1.8620
1.8433
1.8471
1.8126
1.9327
1.9501
2.0130
1.9222
1.9199
1.8859
1.9488
1.9430
1.8491
1.9464
1.9616
1.9381
1.9422
2.0276
1.9072
1.8790
1.8727
1.9998
1.8468
1.8886
1.9484
1.9794
1.8569
1.9008
1.8325
1.9321
1.9186
1.9810
1.9870
1.9977
1.8218
1.8643
1.9672
1.7693
1.8228
1.7772
1.8785
1.8210
1.8641
1.8850
1.8518
1.8712
1.8809
1.8998
1.8097
1.8176
1.7751
1.8604
1.8848
1.8205
1.8531
1.8393
1.8899
1.7956
1.9463
1.9625
1.8333
1.9280
2.0197
1.9545
2.1186
1.9763
2.0922
1.9265
2.1448
1.9570
1.9398
1.9782
1.9615
1.9466
1.9300
2.0117
1.9741
1.9997
1.9491
1.9238
2.0588
2.0085
2.0361
1.9507
1.9069
1.8697
1.7508
1.8067
1.8264
1.7881
1.9100
1.8359
1.9357
2.0061
1.9687
1.9177
1.9669
2.0310
1.9584
1.9363
1.9581
2.0392
1.9496
2.0022
2.0304
1.9671
2.0662
2.0303
1.8613
1.8973
1.9297
1.8080
1.8943
1.8005
1.8399
1.8957
1.7696
1.7851
1.8409
1.7980
1.9074
1.8012
1.8003
1.8620
1.9131
1.7767
1.7780
1.7596
1.9028
1.7734
1.8044
1.6961
1.7185
1.8025
1.7429
1.9334
1.9474
1.9244
1.9947
1.8585
1.7849
1.8880
1.9399
1.8469
1.9725
1.9085
1.8964
1.9657
1.8462
1.9564
1.8603
1.7666
1.8609
1.8377
1.7207
1.7187
1.8582
1.7466
1.7729
1.8244
1.8493
1.7086
1.7253
1.7981
1.8574
1.7694
1.7783
1.7539
1.7870
1.8613
1.7421
1.8547
1.8963
1.9714
1.9536
1.9110
1.8868
1.9417
1.8152
1.7954
1.8734
1.8473
1.7704
1.6463
1.7668
1.7203
1.6566
1.7377
1.8638
1.7896
1.8306
1.8943
1.8290
1.9734
1.7909
1.8279
1.8007
1.7841
1.7178
1.7461
1.6748
1.7524
1.7505
1.8017
1.7374
1.7785
1.7731
1.7772
1.8661
1.9101
1.9604
1.9445
1.8621
1.7628
1.7738
1.8058
1.7895
1.7405
1.7889
1.7475
1.7979
1.7934
1.8007
1.8100
1.6207
1.6533
1.5737
1.6074
1.6416
1.6822
1.7945
1.8497
1.8299
1.7817
1.7663
1.7847
1.9484
1.7774
1.7668
1.8582
1.7928
1.8194
1.8315
1.7415
1.8578
1.8549
1.8120
1.9527
2.0065
1.8797
1.8811
1.8066
1.7986
1.7931
1.7695
1.6909
1.7602
1.6518
1.6915
1.7778
1.7454
1.7392
1.8021
1.6910
1.6499
1.7775
1.8161
1.8082
1.7645
1.7473
1.7875
1.7949
1.8478
1.8959
1.9800
1.9061
1.9851
1.8959
1.7972
1.9300
1.8406
1.9047
1.8622
1.8591
1.9085
1.7293
1.7956
1.8022
1.8105
1.7316
1.7983
1.7471
1.8480
1.7868
1.7780
1.7881
1.7254
1.7890
1.8390
1.9130
1.9206
1.8468
1.7514
1.8984
1.7689
1.6880
1.7796
1.8457
1.8647
1.7953
1.7706
1.7400
1.7866
1.7899
1.7571
1.7302
1.9273
1.8627
1.8718
2.0228
1.8808
1.8169
1.8294
1.8450
1.8620
1.8492
1.8111
1.8353
1.8882
1.8137
2.0621
1.8253
1.9951
1.8791
1.7561
1.8847
2.0235
1.9152
1.8979
1.8935
1.9115
1.9745
1.8781
1.7649
1.8743
1.9051
1.9694
1.8742
2.0228
1.8420
1.9943
1.9850
2.1396
2.0404
2.0088
1.9916
2.0027
1.8948
1.9504
1.9630
1.8912
1.9476
1.9898
1.9807
1.9607
1.9315
2.0018
1.9806
1.9476
1.9079
2.0336
1.9947
2.1290
2.0201
1.9794
1.8930
1.8524
1.9099
1.8378
1.9432
1.8664
1.8275
1.8610
2.0104
1.9544
1.9187
2.0279
2.0153
1.9312
1.9481
2.0186
1.9134
1.9677
1.9310
2.1202
1.9393
1.9819
1.8157
1.9780
2.0052
2.0876
1.9675
1.8652
1.9675
1.8968
1.9436
1.9209
2.0423
2.0288
1.9123
1.9939
2.1217
2.0975
1.9392
1.9569
1.9651
2.0380
1.8868
1.8570
1.8474
1.9257
1.8636
1.8568
1.7753
1.8933
1.9346
1.9128
2.0057
1.8858
1.8438
1.9760
2.0502
2.0284
1.9686
1.9780
1.9605
1.9522
1.8488
1.9862
1.9390
1.9451
2.0150
2.0779
2.0176
1.9504
2.0660
2.0419
1.9216
1.9523
1.9194
2.0586
1.9359
1.9119
2.0832
1.8868
1.8832
1.8501
2.0571
1.8522
1.8798
1.9595
1.9950
1.8404
1.9216
1.9437
1.8779
1.9901
2.0116
1.9890
1.8982
1.9829
1.9082
1.9837
1.9102
1.8667
1.8556
1.7832
1.7762
1.7699
1.8288
1.7830
1.9545
1.7667
1.8229
1.8779
1.7927
1.8096
1.8691
1.8515
1.8585
1.9631
1.9352
1.8961
1.9828
1.9610
1.9625
1.8809
2.0019
1.9738
1.9356
2.0738
2.0299
1.9209
1.9469
2.0978
1.9713
2.0563
1.9789
2.0180
1.9867
1.9862
2.0065
1.8998
1.9554
1.8602
1.9487
1.9096
1.9917
1.9916
1.9001
1.9378
1.8935
1.9241
1.9812
1.9485
1.9687
1.9626
1.8741
2.0541
1.9575
1.8987
2.0265
1.9531
1.8961
1.9725
1.9130
1.9202
1.9823
1.9232
1.8590
1.8894
1.9409
1.9601
1.9426
1.9663
2.1009
1.9185
2.0916
1.9792
1.9919
1.9789
1.9187
1.9896
1.8213
1.8473
1.8301
1.8395
1.8297
1.9037
1.9000
1.8228
1.9547
1.9003
1.9652
1.9369
1.8350
1.9487
1.9477
1.8616
1.7715
1.7465
1.8309
1.7972
1.7526
1.8035
1.8531
1.8985
1.8574
1.8915
1.8654
1.8467
1.8914
1.9126
1.8227
1.9289
1.8563
1.8583
1.8830
1.8220
1.8603
1.9091
2.0459
1.9040
1.7788
1.8717
1.8776
1.8480
1.7066
1.7821
1.7818
1.8695
1.8870
1.9571
1.9886
1.9197
1.8780
1.9222
1.9088
1.9244
1.9268
1.8571
1.9546
1.9601
1.9034
1.8688
1.9699
1.9091
1.9734
2.0305
2.0267
1.9469
1.9734
2.0881
1.9806
1.9575
1.9689
1.9405
1.9553
1.9558
1.8693
1.8397
1.9534
1.9429
1.9645
1.9639
1.8969
1.8924
1.8177
2.1175
1.8648
1.9064
1.9339
1.9464
2.0056
2.0711
1.9802
2.1457
2.1169
2.1175
2.0626
1.9963
1.9962
2.0043
2.0319
1.8502
2.0416
2.0516
2.0154
1.9336
2.0189
1.9515
1.9526
1.9588
1.9656
1.9194
1.9191
2.0102
2.0279
2.0412
2.0613
2.0036
1.9860
1.8714
2.0248
1.8971
1.9304
1.9767
2.0228
2.0234
2.0494
1.9506
1.9642
1.9763
1.8841
1.9682
1.9457
1.8799
1.8897
1.8390
1.8691
1.9842
1.8699
1.9113
1.7710
1.9278
1.9161
1.8697
1.9043
1.8510
1.8844
1.8595
1.8727
1.8921
1.9975
1.9167
1.9577
2.0393
1.9055
1.9284
1.9210
1.8874
1.8990
1.8980
1.8685
1.9070
1.9003
1.8970
1.8284
1.9459
1.8530
1.8661
1.8323
1.8514
1.9365
1.8401
1.9234
1.9582
1.8916
1.8200
1.9339
1.9794
1.9251
1.9133
1.8538
1.9321
1.7595
1.8489
1.8747
1.8985
1.8838
1.9474
1.7956
1.7638
1.8290
1.7616
1.7385
1.7924
1.7993
1.8275
1.7603
1.7613
1.8067
1.7572
1.8450
1.8344
1.8532
1.9119
1.8620
1.9108
1.9141
1.8537
1.9024
1.9528
2.0564
1.9904
1.9968
1.8842
1.9094
1.8079
1.8938
1.8431
1.8130
1.8320
1.7987
1.7738
1.8396
1.7613
1.8277
1.7783
1.8003
1.7698
1.7377
1.7583
1.7135
1.7615
1.7549
1.6883
1.6817
1.7185
1.6971
1.6710
1.7088
1.6994
1.7138
1.7328
1.8402
1.7585
1.8413
1.7375
1.7138
1.7875
1.7948
1.7740
1.8321
1.8615
1.8226
1.8898
1.8376
1.7224
1.7633
1.8115
1.7712
1.8843
1.7552
1.7540
1.9213
1.8691
1.8010
1.7221
1.7609
1.7508
1.7455
1.8148
1.8099
1.7874
1.7422
1.8469
1.8200
1.7722
1.6992
1.7976
1.8597
1.8446
1.8334
1.9753
1.9133
1.6987
1.7424
1.7068
1.6806
1.7535
1.7347
1.8091
1.7953
1.7811
1.7706
1.6933
1.7191
1.7282
1.7830
1.7486
1.7076
1.7303
1.7028
1.8544
1.8015
1.7361
1.7580
1.7699
1.7890
1.7542
1.8050
1.8326
1.8419
1.7707
1.8940
1.8548
1.6967
1.7626
1.7487
1.7839
1.7683
1.7669
1.9421
1.6934
1.7760
1.7604
1.7819
1.6946
1.7762
1.8097
1.7197
1.8045
1.8073
1.7523
1.8124
1.8006
1.7173
1.6416
1.7712
1.7341
1.6747
1.7440
1.7278
1.7666
1.6956
1.6572
1.7676
1.7073
1.8109
1.7127
1.8130
1.7790
1.7002
1.8590
1.8814
1.8017
1.8163
1.7731
1.7924
1.7676
1.8189
1.8035
1.9198
2.0072
1.8804
1.7705
2.0178
1.9908
1.9193
1.9533
1.9527
1.9493
1.8957
1.8654
1.8434
1.8088
1.8944
1.8987
1.9866
1.9148
1.9461
1.8974
2.0112
1.8235
1.8547
1.7536
1.7430
1.7525
1.7719
1.9392
1.8651
1.8535
1.8887
1.7837
1.8208
1.8321
1.8912
1.8632
1.8182
1.8865
1.8113
1.8018
1.7900
1.8161
1.8056
1.7635
1.7518
1.7767
1.6724
1.7044
1.7066
1.7389
1.7426
1.7901
1.6709
1.6999
1.7423
1.7199
1.7286
1.6779
1.6535
1.7102
1.8694
1.8115
1.7858
1.7621
1.7604
1.7188
1.7032
1.7234
1.7097
1.7968
1.9060
1.7997
1.7575
1.6655
1.6674
1.8055
1.8071
1.8099
1.8363
1.7211
1.6775
1.7350
1.7394
1.7548
1.7408
1.7528
1.7169
1.7388
1.7393
1.7238
1.8181
1.8282
1.7965
1.8438
1.8484
1.8036
1.8480
1.8703
1.8055
1.8241
1.8665
1.8611
1.8237
1.9384
1.8796
1.9308
1.8625
1.8938
1.8664
1.9497
1.8696
1.8989
1.8605
1.9291
1.8896
1.9022
1.8443
1.8857
1.9149
1.8436
1.9248
1.8899
1.8616
1.8193
1.8414
1.8142
1.8358
1.8818
1.9037
1.8913
1.8348
1.9555
1.9258
1.9563
1.9628
1.8000
1.8277
1.7833
1.8477
1.8587
1.8194
1.8372
1.8680
1.8526
1.8022
1.8685
1.9097
1.8395
1.8979
1.8276
1.7749
1.7613
1.7520
1.8034
1.9594
1.8278
1.9016
1.7882
1.8777
1.8164
1.7879
1.8911
1.9655
1.9700
1.9448
1.9326
1.8502
1.8818
1.9162
1.9233
2.0587
1.9707
1.9426
2.0890
2.0091
2.0474
1.9660
1.8839
1.8977
1.9107
1.9063
2.0044
1.9440
2.0069
2.0121
2.0722
1.9578
1.9702
2.0074
1.9668
1.9684
1.8791
1.9068
1.8840
1.8538
1.8895
1.9266
1.8408
2.0093
1.9992
1.9728
1.8638
1.7353
1.8449
1.9655
1.9218
1.9875
2.0339
2.0562
1.9212
2.0007
1.8811
1.8899
1.8193
1.8379
1.8203
1.8623
1.9078
1.8151
1.8864
1.9122
1.9676
2.1071
1.9278
1.9303
1.9780
2.0491
2.0246
1.9039
2.0927
2.1543
2.1341
1.9778
1.9704
1.9497
1.9144
1.8937
1.9524
1.9592
1.9623
2.0153
2.0491
2.1818
1.9455
1.9325
1.8873
1.8725
1.9102
1.8460
1.9376
1.8866
1.9922
1.9324
1.8732
1.9911
1.8260
1.8603
1.9176
1.8925
2.0559
2.0865
1.9042
1.9400
1.9885
1.8793
2.0188
2.0731
1.9222
1.9628
2.0293
1.8081
1.9201
1.8930
1.9292
1.9155
1.9541
1.8249
1.8166
1.9060
1.8508
1.8875
1.8348
1.8058
1.7770
1.8610
1.8452
1.9093
1.8614
1.7930
1.8042
1.7663
1.7496
1.7615
1.7864
1.8215
1.7512
1.7279
1.7369
1.8822
1.7880
1.7747
1.9266
1.8972
1.7813
1.8270
1.8165
1.8597
1.8120
1.8290
1.9326
2.0279
1.8942
1.8351
1.7687
1.9094
1.9440
1.7627
1.7742
1.8270
1.8988
1.8944
1.8285
1.8147
1.9164
1.7715
1.8753
1.9394
2.1396
2.0472
2.0721
1.9405
1.9614
2.0367
1.9743
2.0589
1.9256
1.8365
1.8748
1.8062
1.8562
1.8523
1.8145
1.9076
1.9560
1.8816
1.9264
1.9337
1.8879
1.7533
1.8635
1.7790
1.7887
1.7784
1.8586
1.7243
1.8366
1.9394
1.7833
1.7386
1.8816
1.8909
1.7393
1.7885
1.8739
1.8420
1.8783
1.8445
1.8145
1.7911
1.7798
1.7238
1.7127
1.9619
1.8895
2.1247
2.0156
1.9891
1.9580
2.0065
1.9661
1.9146
1.9374
1.8416
1.8735
1.8893
1.8251
1.8200
1.8395
1.8847
1.9556
1.9448
1.8925
1.9084
1.8644
1.9781
1.9266
2.0014
2.1576
2.0500
1.8947
2.0404
1.9673
2.0263
2.0985
2.0508
2.0177
2.0146
1.9534
1.9333
1.9730
1.9452
1.9704
2.0300
1.9121
1.9909
1.9072
1.8946
1.8451
1.8924
1.8851
1.9521
1.9542
1.9352
2.0104
2.1189
1.9887
2.0281
2.0140
2.0020
2.0916
2.0652
2.0453
2.0674
1.9920
2.1367
2.1025
1.9564
2.0815
1.9882
1.9486
1.9759
1.9327
2.0107
2.1141
2.1112
2.3038
2.1440
2.0928
2.0658
2.1556
2.1255
2.1756
2.0729
2.0980
2.1851
2.0827
2.1499
1.9718
2.1319
2.1208
2.1898
2.1630
2.1262
2.0932
2.1101
2.1152
2.0888
2.0444
2.0591
2.0455
1.9007
2.0542
1.9972
1.9666
1.9512
1.9790
1.9932
2.0792
2.1453
2.1170
2.1413
2.0061
1.9592
2.0365
1.9672
2.1600
2.0204
2.0449
1.9674
1.8746
1.9694
2.1381
2.0077
2.0597
2.0743
1.9395
1.9930
2.0709
2.0780
2.1891
2.1038
2.2621
2.1584
2.3054
2.2699
2.1915
2.0636
2.1008
1.8749
1.9720
2.0298
2.0820
2.0746
2.1459
2.1554
2.0807
2.0816
2.0030
2.0775
2.2033
2.1268
2.0641
2.1410
2.2354
1.9718
2.0136
2.0685
1.9655
2.0776
2.1213
2.0876
2.2827
2.3226
2.4710
2.4492
2.3628
2.5725
2.4975
2.2856
2.2398
2.1650
2.1457
2.1884
2.1977
2.1883
2.1775
2.2126
2.1690
2.1183
2.0808
2.1355
2.2752
2.1914
1.9871
2.0923
2.1660
2.1083
2.1285
2.1640
2.2374
2.2281
2.1201
2.0163
1.9993
2.0042
2.0415
1.9284
1.9828
1.9216
1.9471
2.0168
1.8537
2.0306
1.9786
1.9347
2.0859
2.1562
2.1882
2.2884
2.3249
2.1706
2.0401
2.1518
2.0530
2.0083
2.0337
2.0671
2.0395
2.0014
2.0791
2.0494
2.0661
2.1600
2.1312
1.9550
2.0121
2.0120
2.0077
1.9089
2.0384
2.1193
1.9176
1.9166
2.0780
1.9846
2.0545
2.1761
2.1998
2.2163
2.2000
2.1783
2.2020
2.3555
2.1835
2.3635
2.2052
2.3116
2.1444
2.0675
2.1473
2.1657
2.1503
2.1348
2.0652
2.1168
2.0329
2.0112
1.9235
2.0664
2.1353
2.1109
2.1744
2.1392
2.0464
2.1244
2.0238
2.1517
2.0254
2.0069
2.0683
1.9963
2.0157
2.2097
2.1146
2.1807
2.2009
2.2073
2.1813
2.2374
2.1813
2.0899
2.2148
2.3055
2.1545
2.3094
2.3005
2.3703
2.4357
2.3375
2.2242
2.1828
2.0715
2.0307
2.0025
1.9699
2.1342
2.0796
2.0113
1.9925
2.0471
2.0889
1.9891
1.9392
2.0122
2.1085
2.2615
2.2951
2.1757
2.1106
2.2459
2.1318
2.0017
2.0700
2.1921
2.1607
2.1244
2.1667
1.9358
2.0924
2.1470
2.2924
2.1666
2.0556
2.2472
2.2476
2.3051
2.2133
2.1218
2.1614
2.0550
2.0187
2.1706
2.1671
2.0479
2.1019
2.1432
2.0580
2.0072
1.9566
2.0144
2.0088
2.1729
2.0761
1.9628
2.0457
2.2317
2.1505
2.1128
2.0415
2.0387
2.0158
2.0949
2.0045
1.9934
1.9543
1.9525
1.9047
1.9285
2.0582
2.1071
2.2541
2.2012
2.0320
1.9347
1.9813
2.0488
2.1933
2.0048
1.9769
2.0865
2.0082
1.9587
2.1170
2.0606
1.9969
2.0602
2.0460
2.0313
2.1186
1.9643
1.7878
1.8344
1.8463
1.9149
2.0445
1.9415
1.8434
1.8600
1.8618
1.9162
1.8336
1.8488
1.8830
1.8545
1.8713
1.8425
1.9007
1.9591
1.9884
1.9687
1.9170
1.8941
1.9058
1.9215
1.9451
1.9651
2.0017
1.9791
2.0207
1.8957
1.8369
1.9933
1.9742
1.9661
2.0485
2.1531
2.0621
1.9708
2.0960
2.0433
1.9127
1.9719
1.9159
1.9691
2.0117
2.0022
2.1571
2.1157
2.1019
2.1579
2.2422
1.9580
1.9564
1.9112
2.0947
2.0937
2.0088
2.0063
1.9489
2.0877
1.8410
1.9857
1.8199
2.0167
1.9490
1.9427
1.8576
1.9392
2.0286
2.0707
2.1551
1.9679
1.9540
1.9454
1.8952
2.0339
2.0184
2.1327
2.2052
2.0061
2.0139
2.1022
2.0397
2.0070
2.0048
2.0535
2.0085
2.1303
1.9781
2.0844
1.9383
2.0992
1.9265
1.9299
1.9955
2.0713
1.9670
1.9041
2.0444
1.9801
2.0535
2.0309
2.0364
2.0334
1.9798
2.0546
2.0227
2.0835
2.0582
2.1286
2.0970
2.0801
2.0414
2.0080
2.0499
2.1940
2.1490
1.9970
2.1104
2.2167
2.0625
2.0279
2.1862
2.1362
2.1142
1.9238
2.0805
2.1889
2.2168
2.0766
2.0667
2.1583
2.0965
1.9833
1.8919
1.9110
2.0552
2.3287
2.0272
1.9494
1.9135
2.0662
1.9688
2.1291
2.0248
2.1171
2.0835
2.0325
2.0258
2.2195
2.2339
2.0880
2.0358
2.0617
2.0172
2.1250
2.1550
2.0462
2.0646
2.1643
2.0823
2.0226
2.0362
2.1312
2.1529
2.0339
2.2684
2.1347
2.0658
2.1123
2.1092
2.0214
2.0446
2.0474
2.1288
2.2992
2.1610
2.1080
2.0250
1.9941
2.1559
2.1420
2.2515
2.1075
2.0856
2.0011
2.0769
1.9745
2.0506
1.9867
2.0217
2.0445
1.9884
2.0020
1.9248
2.0109
1.9595
1.9446
1.9693
1.9868
1.9725
1.8991
1.9004
1.9415
1.9439
1.9625
1.9240
1.9618
2.0103
2.0699
1.8695
1.9183
1.8692
1.9766
1.7970
1.9171
1.9923
1.8928
1.9619
1.9585
1.8900
2.0797
2.0073
1.9850
2.0375
2.1880
2.0194
2.0160
1.9674
2.0419
2.1819
2.1990
2.0401
2.0165
2.0697
2.0512
2.2105
2.0771
2.1422
2.0804
1.9863
2.0765
2.0625
1.9948
1.9968
2.0690
2.0969
2.0025
1.9074
2.0336
2.0350
1.9297
1.9573
2.1568
2.0360
2.0386
2.1234
2.1208
2.1253
2.1036
2.1486
2.0994
2.0696
2.0989
2.1575
1.9669
2.1809
1.9988
2.0572
1.9707
1.9883
1.9632
2.0645
1.9999
2.0527
2.0372
1.9838
2.0858
2.0285
2.0117
1.9338
1.9441
1.9414
1.8996
1.8321
1.9501
1.8862
1.9100
1.8998
1.8097
1.8957
1.9109
1.8973
1.9130
1.9133
1.9333
2.0438
1.9378
1.9798
2.0628
1.9714
1.9926
2.0521
2.0082
2.0105
1.8906
2.0698
1.9283
1.9421
2.0248
2.0320
1.9476
2.0044
1.9681
1.9198
1.9555
2.0482
1.9846
1.8909
1.9663
1.9556
1.9286
1.8402
1.9626
1.8836
1.9632
2.0439
1.9224
1.9830
1.9718
1.9596
1.9450
1.8759
2.2161
1.9860
2.0799
2.0617
2.1090
2.0760
1.9820
1.9789
2.0545
2.0246
2.0831
2.1133
2.0084
1.9804
2.0610
1.9808
2.0278
1.8211
1.9463
2.0588
2.0568
2.1082
2.0618
2.0418
2.0318
1.9901
1.9395
2.0355
2.1860
2.0474
2.1226
2.1707
2.1490
2.2484
2.2443
2.2820
2.2859
2.1296
2.1210
2.0890
1.9572
1.9800
1.9925
1.9445
1.9656
2.1251
1.9802
1.9247
1.9563
2.0456
2.2300
2.1997
2.2102
2.0462
1.9424
2.0004
1.9945
2.0175
1.9732
1.9129
1.8815
2.0146
1.9381
2.0525
2.0046
1.9332
1.8863
1.8755
1.9745
1.8816
1.8959
1.8849
2.0611
1.8905
1.8121
1.9104
1.9953
1.9730
1.9670
1.9781
2.0400
1.8966
1.9189
1.8536
2.0397
1.9109
2.0152
1.9775
1.8747
1.9849
1.9796
1.9228
1.9843
1.9202
1.9703
2.0088
1.9624
1.9588
1.9815
1.9938
2.0585
2.1849
2.0786
2.2533
2.1384
2.1118
2.0989
2.2491
2.1660
2.2238
2.2057
2.2304
2.3473
2.5437
2.5665
2.2535
2.3468
2.3584
2.1288
2.2288
2.0147
2.2255
2.1435
2.0569
2.1086
2.1210
2.1318
2.1485
2.0020
2.2568
2.2603
2.1554
2.2022
2.0591
2.1988
2.2600
2.2223
2.1400
2.2223
2.2424
2.1939
2.2978
2.2138
2.0864
2.0403
2.1328
2.0593
2.1127
2.0819
2.0772
2.1554
2.1809
2.1650
2.1596
2.2404
2.1083
2.0937
1.9945
2.1656
2.1459
2.1440
2.1172
1.9950
2.0717
1.9431
2.0963
2.1853
1.9367
1.8750
2.1266
2.0037
1.9909
2.0820
2.0003
2.0499
1.9545
1.9743
1.9442
1.9854
1.9733
2.0404
1.9234
1.9445
1.9905
1.9843
1.8943
1.9410
1.9610
1.8487
2.0369
1.9294
1.9213
1.9840
1.9517
1.9108
1.9236
1.8444
1.8921
2.0022
1.9310
2.0096
1.9782
1.9237
1.8993
1.9090
2.0846
1.9809
2.0652
1.9994
2.1629
1.9669
