4.0227
3.5140
3.5297
3.5757
3.2547
3.5066
3.5497
3.6785
4.1080
3.6213
3.5003
3.0532
3.2701
3.3711
3.5948
3.7032
3.7370
3.4575
3.4732
3.5800
3.6852
3.4271
3.5792
3.6455
3.9481
3.6064
3.4436
3.3969
3.4538
3.4431
3.3327
3.5979
3.7348
3.5780
3.6694
3.5744
3.0727
3.4362
3.3493
3.2680
3.2639
3.6074
3.5194
3.3865
3.2003
3.4981
3.4199
3.5697
3.1997
3.2311
3.3116
3.4674
3.4575
3.4259
3.1829
3.1946
2.9529
3.2346
3.5918
3.5476
3.8264
4.0616
4.0932
4.2757
4.2975
4.1195
4.5725
4.5281
4.6232
4.6036
4.8164
4.4808
4.3862
3.9652
3.8699
3.7615
3.4312
3.5164
4.2206
4.0347
4.2029
4.0139
4.3634
4.3155
4.2250
4.5457
4.2988
4.4102
4.5330
4.4242
4.5546
4.5559
4.3454
4.2172
5.1327
4.3558
4.5216
4.5489
4.2342
4.4553
4.5904
3.7946
3.8661
3.7654
3.4347
3.6307
3.9700
3.7894
4.1237
4.4644
4.0183
4.0813
3.4655
3.6721
3.5561
3.6850
3.7740
4.1061
4.1882
4.2138
4.3181
4.3610
4.4666
4.1156
4.0407
4.7882
5.1417
4.4193
4.2041
4.5939
4.7249
4.4517
4.0562
3.9930
4.4623
4.4949
4.6877
4.0721
3.8515
3.7344
4.1219
4.3046
4.1681
4.0484
4.3083
4.2654
3.9932
4.3603
4.1789
3.8685
3.9239
3.6739
4.3933
4.1955
4.3218
4.4446
4.7055
3.9716
4.0861
3.8514
3.2339
3.6944
3.8598
3.8059
4.1772
3.9553
4.0469
4.3615
3.6599
3.9956
3.6268
3.8312
3.8162
3.6341
3.2916
3.6066
3.7820
4.0137
3.6106
3.7082
4.0715
3.8880
3.5943
3.8925
3.6188
3.5426
4.1364
3.8763
3.9236
3.5593
3.8206
3.8985
4.3423
4.3934
4.0778
4.3408
3.9720
4.1032
4.7200
3.8777
3.7151
4.3257
4.6332
4.2690
4.5979
4.5147
4.7482
4.2356
4.5694
5.0178
4.8899
4.6919
4.8024
4.6950
5.2586
4.8117
4.5960
4.2626
4.7379
4.6124
4.4646
4.6308
4.3956
4.4150
4.3076
4.4331
4.5607
4.5090
4.5682
4.3434
4.5312
4.5726
4.1366
4.1581
4.5845
4.5228
4.8016
4.2388
4.2901
4.4914
4.5963
4.6221
4.6818
4.9261
4.5931
4.8672
5.1627
5.1466
4.9972
4.6465
4.7734
4.5662
4.9169
4.3089
5.0469
5.3065
5.4913
5.5951
5.5770
5.2397
5.4511
5.8194
6.0221
5.5556
5.1734
5.4052
5.1690
5.2310
5.6781
5.2596
5.0268
4.3238
4.6996
4.7166
5.0975
4.6002
4.3825
4.0230
4.3128
4.4045
4.4516
4.1329
4.4672
4.0146
3.9313
4.1463
4.6815
4.0943
4.3582
4.5067
4.5679
5.0633
4.8696
4.2854
4.1015
4.2200
4.2809
4.5250
4.3780
4.3758
4.5633
4.5910
4.3825
4.6882
4.3995
4.6216
4.5971
4.5999
4.6161
5.1306
4.8942
4.6599
4.5600
5.0023
4.7769
5.0510
5.3739
4.7707
5.1686
4.8764
4.9582
5.1123
4.7286
4.3944
4.4257
4.6496
5.0020
5.4988
5.5544
5.3041
4.8373
4.8316
4.6546
4.3091
4.5302
5.0505
5.1988
5.0273
4.9735
5.4914
5.5875
5.2787
5.1966
5.1074
5.0589
5.0460
5.0199
4.6489
4.7311
4.8405
4.1825
4.8405
4.7642
4.9042
4.7614
4.6729
4.6028
4.5018
4.7160
4.5381
4.2466
4.5964
4.4769
4.5247
5.1382
5.5097
5.3694
4.9666
5.1004
4.5614
4.4510
4.4958
4.7076
4.5452
4.8833
5.0476
5.2730
5.0883
5.0405
5.1693
4.8995
4.8050
5.8492
5.3859
5.5001
5.4535
5.7989
5.3171
4.8254
4.7479
5.0690
4.8418
4.9824
4.9388
4.9918
4.7239
4.9371
4.7368
5.0268
5.4722
5.6341
5.4661
5.1394
5.3894
4.8337
5.0891
5.1401
5.2248
5.5202
5.2125
5.5500
5.5206
5.7765
5.9281
6.2448
5.9726
5.1833
5.8846
5.2005
5.2371
5.3984
5.4122
4.6998
5.0714
5.1244
4.9009
4.6471
5.1158
4.8622
5.1680
5.4163
5.4399
5.8726
5.4934
5.4180
5.2104
5.2067
5.2699
5.2649
4.3776
4.9104
4.5899
4.4714
5.1460
5.4853
5.4288
5.7495
6.0234
5.7017
5.7876
5.9696
5.5279
5.3524
5.2055
5.0959
5.8622
5.7706
5.8378
5.3481
5.0431
5.3666
5.5922
5.0220
4.6082
5.1665
4.7026
5.1013
5.1128
4.7319
4.4862
5.0029
4.6304
5.1556
5.5896
5.6026
5.8068
5.6516
5.2381
5.2851
5.2894
5.2866
5.3450
5.0422
5.4142
5.1315
5.2609
4.8474
4.6912
4.7633
4.8962
5.2769
4.5312
4.7801
4.1515
4.6862
4.9166
4.9442
4.8791
5.6163
5.0906
5.0492
4.6936
5.1328
4.5883
4.4755
4.3844
4.7625
4.4680
4.2178
4.8466
5.2367
5.0662
4.6943
5.2248
4.3965
4.6080
4.6397
4.2261
3.9542
4.1476
4.1793
4.3756
4.5349
4.5882
4.7217
4.3022
4.5078
4.3289
4.3198
4.2753
4.0928
3.9740
4.4065
4.6970
4.6268
4.6089
4.3187
3.6609
4.0683
3.8550
4.0946
3.8791
4.0318
4.2503
4.2542
4.3514
4.3310
4.4582
3.7918
4.0801
4.8932
4.9677
4.8464
4.6335
4.2872
4.2391
4.5040
4.4024
4.4358
4.4366
4.9777
5.3002
5.4107
5.3353
5.4845
5.7850
5.3120
5.0635
5.2827
4.9197
4.9049
5.0160
4.5949
4.5197
4.1952
4.4855
4.7720
5.1372
4.7437
4.7930
4.6883
5.4380
5.1406
5.2144
5.2205
5.4613
5.4417
4.6959
4.8436
4.5829
4.6961
4.0443
4.1879
4.0659
4.5759
4.8508
4.6461
4.3718
5.3034
4.6613
4.9430
4.8814
5.1714
5.6391
5.7243
5.8712
5.6888
5.9452
5.8269
5.6056
5.4070
5.0985
5.1660
5.2440
5.4340
4.7165
4.1994
3.9888
4.1022
4.5072
4.8653
5.2590
4.6065
5.0101
4.7071
4.6119
4.7233
4.6451
5.4026
4.9066
5.1596
4.9389
4.7712
5.2468
5.4386
5.1870
5.3111
5.5287
5.2117
4.8815
4.8900
5.3637
5.1982
5.4590
5.4532
5.1088
5.0387
5.7480
5.3962
5.1508
5.1309
4.6793
4.8376
4.7223
4.6954
4.6986
4.3655
4.4850
4.5542
4.7355
4.5762
4.9058
4.6290
4.4323
3.9885
3.7362
3.5347
4.3885
4.1694
4.4887
4.7759
4.2658
4.3636
4.6829
4.5589
4.3741
4.5585
4.1694
4.6301
4.6147
4.6623
4.6350
4.6056
4.5328
4.2309
4.1941
4.0803
4.2238
4.9404
4.6237
4.7690
4.7478
4.2628
3.8318
4.1994
3.9799
4.5011
4.0928
4.3216
4.3809
4.1935
4.8157
4.6011
4.2488
3.9835
4.3773
4.3372
4.4633
4.9298
3.9647
3.8767
4.1362
4.4388
4.0042
4.2233
4.1909
4.0940
3.9144
3.9010
3.8057
4.4704
4.2749
4.3389
4.3985
5.1525
4.8964
4.7647
4.6223
4.6809
4.1065
4.2109
4.6471
4.3747
4.3542
4.7299
4.5983
4.5277
4.4216
4.5542
4.7893
4.4577
4.2535
4.3778
4.2695
3.9219
4.6157
4.6445
4.4517
4.3495
4.3733
4.5064
4.3208
3.9646
4.3299
4.4432
5.0859
5.2875
5.2223
5.3554
5.4229
5.5053
5.2348
5.3752
5.0477
4.9201
5.1323
4.2550
4.6509
4.7470
4.5882
4.6397
4.3680
4.2081
4.9772
5.2285
4.8568
4.6003
4.5955
4.7071
4.8858
5.4637
4.8441
5.1086
4.7359
5.0072
4.6785
4.6708
5.0707
4.6550
4.7780
4.8585
5.3666
4.9333
5.4271
6.0485
5.0144
4.9755
4.4245
4.5062
4.1628
4.7569
4.7908
4.3475
4.5876
4.3860
4.8252
4.5763
5.0829
4.8677
4.7941
4.7068
4.7366
4.3425
4.5433
4.3370
4.5489
4.5545
4.4992
4.3742
4.0682
3.9103
3.8600
3.7511
3.5059
3.9040
4.0182
4.6681
4.7718
4.0320
4.5237
4.4400
3.7838
3.6818
4.1091
4.0728
4.1324
4.1744
4.6365
4.4596
4.3819
3.9968
3.8444
3.2474
3.3878
3.7950
3.8217
3.9600
4.2677
4.3425
4.0254
3.9588
4.1229
4.4685
3.8605
4.5459
4.0552
3.8552
4.2364
4.3756
4.3369
4.4427
4.5314
4.5633
4.9221
4.6806
4.4338
4.2040
4.2725
4.3502
4.3596
4.4122
3.8765
4.0220
3.9715
4.4701
4.8443
4.5784
4.6298
4.2486
4.0672
4.2254
3.9225
4.2684
4.7627
4.1854
4.1568
4.5765
4.7242
4.6367
4.3914
4.0520
4.0151
4.5488
4.7816
4.3602
4.1306
4.1555
3.9776
3.8647
3.6521
4.2712
3.7235
3.7478
4.1495
4.2843
4.2290
4.1216
4.4264
4.1830
4.0989
4.0242
4.0748
3.6723
4.0285
3.6217
3.9893
4.1665
4.1302
4.0594
4.4150
4.0272
3.7336
3.7702
3.6326
3.7902
3.9394
3.9641
3.8068
3.5282
3.4834
3.6350
3.4901
3.7667
3.6835
3.7297
4.1616
4.1797
4.1505
4.2510
4.3126
4.0518
4.4468
4.0658
4.2835
3.9629
4.4228
3.9744
3.9008
4.2388
4.1627
4.0709
4.1764
3.8304
3.9413
4.2340
4.6224
3.9177
4.2221
4.3926
4.4102
4.3530
4.0977
4.0054
4.3929
4.2254
4.1292
3.9583
4.6285
4.3217
4.5845
4.7092
4.6356
4.6538
4.7487
5.0434
4.5879
4.7072
4.7874
4.7483
4.6324
4.1266
3.9183
4.4484
3.9204
4.0473
3.9106
3.9054
3.7314
3.6550
3.9259
3.9866
3.7997
3.7261
3.7435
3.6751
3.6493
4.0936
4.3818
4.2148
3.9362
3.8167
3.8460
4.0509
4.1382
4.2195
4.0520
4.0034
3.6240
3.8586
3.9014
3.8261
3.7249
3.5508
3.3593
3.5907
3.8050
3.7330
3.6440
4.0010
4.0603
3.6844
4.1177
4.2326
4.5045
4.8963
4.8347
4.8845
4.7990
5.1204
5.0343
4.7643
4.3897
4.5274
4.4132
4.7660
4.7723
5.0300
4.6982
4.4244
4.6196
4.4842
4.4360
4.6061
3.7600
3.7593
3.8564
4.2168
4.1370
4.0994
3.7219
4.3614
4.0792
4.1682
4.1686
4.4142
4.2634
4.5474
4.6484
4.1064
4.1976
4.7002
4.6953
4.8323
5.1133
4.9724
4.4398
4.5986
4.3567
4.6722
4.4836
4.8952
4.2973
4.4864
4.1058
4.6836
5.2536
5.0531
5.0081
4.3647
4.5006
4.6189
4.7469
4.7796
4.8109
4.4565
4.2307
4.6944
4.3655
4.5218
4.0890
4.3201
4.5989
4.6098
4.3297
4.4076
4.0072
4.4138
4.9711
4.7642
4.4761
4.7405
4.3340
4.4491
4.3805
4.7308
4.1584
4.4345
4.3231
4.5303
4.5785
4.7198
4.6608
4.6834
4.4250
4.5508
4.6679
4.2850
4.5435
4.4577
4.5409
4.5409
4.5680
4.3024
4.2221
4.8341
4.1113
4.2842
4.3880
3.9987
3.9551
4.3714
4.6629
4.8325
5.0389
4.7886
4.7379
4.5788
4.7917
4.8167
4.5223
4.7541
5.0453
5.2924
5.2348
5.3311
4.6185
4.4064
4.7060
4.8920
4.7777
5.1338
4.5108
4.3497
4.2721
4.1283
4.2635
3.9065
4.1940
3.8481
4.0848
4.6211
4.6790
5.1417
4.8932
4.5084
4.2490
4.2978
4.6811
5.0935
5.3490
4.8195
4.5855
5.0921
4.6704
4.9203
5.1987
4.5767
4.5352
4.8616
5.2765
4.7301
4.4711
4.8633
4.8548
4.4721
4.7212
4.9131
5.2890
4.8444
4.9633
5.1473
4.9364
5.3357
5.7996
6.0401
6.1945
5.8139
5.6762
5.6897
5.5000
6.3376
5.6893
5.7831
5.3218
5.2823
4.9104
4.6919
5.0582
4.4759
4.6751
4.9631
4.8234
5.1173
5.8800
5.4836
5.5163
5.6120
5.0673
5.8885
5.9310
5.9909
5.9675
5.1659
4.9067
4.7937
4.7870
4.8419
4.5323
4.7545
4.8723
5.0929
4.9669
4.9721
4.9112
5.1339
5.4083
5.7018
5.4795
5.2655
5.0789
4.9484
5.1091
5.3883
5.0281
5.2604
5.2678
4.6437
4.6386
5.2779
4.7956
4.2287
4.1165
4.5880
5.1846
5.7099
5.6949
5.1555
4.8128
4.8251
4.8936
4.6463
4.4440
4.6170
4.6157
4.8505
5.5126
5.4432
5.7230
5.6984
5.3153
5.2298
5.4777
5.1603
5.1360
4.7246
5.3430
5.1306
4.8906
4.4768
4.6915
4.6838
4.6933
4.8917
4.4371
4.8329
4.8338
4.5480
4.9180
4.7794
4.4278
4.6437
4.4259
3.8534
4.3003
4.4993
5.0021
5.1500
5.4258
5.2008
4.8722
5.0855
4.9762
4.4560
4.6637
4.4693
4.6987
4.2631
4.1978
4.5340
4.5302
4.8840
4.7104
5.0357
4.6962
4.8632
5.1002
4.3517
4.6783
4.6416
4.8038
4.8748
4.7979
4.8501
4.7200
4.6255
4.8386
4.9718
4.6761
4.5616
4.8731
4.7254
4.8190
4.9143
5.4210
5.4027
5.1744
4.9983
4.8288
4.6771
4.6259
4.1791
4.3810
3.9513
4.3586
4.8113
4.3604
4.3554
4.5890
4.1778
4.3700
4.9002
4.7563
4.9724
4.9760
5.4488
5.3095
5.7845
5.7924
5.8785
5.8072
5.4030
5.7530
5.4994
5.3986
4.9970
5.3012
5.7026
6.0288
5.5903
5.1702
4.9415
4.9616
4.3750
4.6135
4.4480
4.8214
4.6886
4.8485
4.7521
4.3973
4.5151
4.9448
5.4760
5.2503
5.1695
5.3036
5.6458
5.2475
5.1521
5.1973
5.3301
5.1380
5.0897
5.2386
5.2534
4.7378
4.6508
4.6015
4.9707
4.9761
4.8682
4.9093
5.1736
5.5672
5.3052
5.1789
5.5619
5.8472
5.3659
4.7714
4.9443
5.1241
4.8126
5.1098
5.0267
5.0763
4.9225
5.4519
5.6414
4.9045
5.1522
5.0692
5.5530
5.4762
4.3773
4.7871
4.5042
4.6041
4.8535
4.6626
4.7514
5.0186
4.9340
4.8409
5.0988
5.1713
5.2493
5.2854
5.4949
5.1899
5.1080
4.5462
4.6487
4.7133
5.1926
4.9312
4.7033
5.2037
5.2473
4.6828
4.2575
4.6134
4.2736
4.2268
4.0282
4.2772
4.3880
4.3923
4.2884
4.5026
4.3627
4.8155
4.9364
4.6400
4.5166
4.9966
4.8451
4.5030
4.6743
5.0433
4.9738
4.7072
4.6888
4.7058
5.9496
5.2028
5.0296
4.8487
5.0806
5.4768
5.3622
5.0600
4.9366
5.5402
5.1543
5.6070
5.2833
4.4627
4.6749
5.3420
5.6943
5.1892
4.8744
4.9446
4.5769
4.4850
4.9390
4.5689
5.9619
6.2124
6.4336
6.2383
5.5214
5.4030
5.7577
5.9809
5.5849
5.4076
5.8720
6.5619
6.3170
5.9557
5.7126
5.7740
5.9888
5.7274
5.9880
5.7337
5.5671
4.9254
5.2523
4.7430
4.8822
5.1929
5.3499
5.8332
6.1141
5.9361
5.4358
5.3133
5.2943
5.2269
5.6932
5.6411
5.2212
5.4904
5.5484
5.1967
4.8912
4.8563
4.9951
4.4607
4.4667
4.2034
4.5184
4.3581
4.6476
4.3504
4.3570
5.0199
5.8146
5.9704
5.9625
5.9262
5.6193
5.6980
5.4646
5.3870
5.9458
5.8175
6.1591
5.1128
5.3219
5.7029
5.5044
6.5937
6.2152
6.5621
6.2199
6.6024
6.9224
6.9715
6.6353
6.4142
6.4869
5.8227
6.2696
6.2619
5.7865
6.1909
5.5146
5.5042
5.3083
5.4092
5.3895
5.3365
5.4472
5.8003
5.5386
5.5640
5.8597
5.6227
5.2664
5.0416
5.2534
5.6732
5.6762
6.0296
5.5221
5.2614
5.3739
5.6044
6.2135
6.1744
6.2046
6.1428
6.5690
6.8514
6.2364
6.0764
5.8044
6.0750
5.7684
6.0498
5.7454
5.7669
6.1146
6.1219
5.5401
5.3113
5.9975
5.6823
5.9779
5.2875
5.0141
4.9754
5.0037
5.7415
5.5458
5.9435
5.7779
5.8321
6.0704
6.3552
6.8426
5.8829
5.8449
5.8548
6.2328
6.0240
5.3539
5.8495
5.6975
6.1170
5.8776
6.1259
6.0454
6.1660
6.1847
6.5088
6.2736
6.5528
6.6983
7.2638
6.8633
6.5920
6.4250
6.3742
6.9257
7.2090
7.3006
7.4431
6.9364
7.0043
7.1643
6.9797
6.4303
6.4336
6.4365
6.5708
6.7986
7.0094
6.8763
6.7835
6.3199
6.6954
6.4384
6.4811
7.1249
7.1903
6.8846
6.6074
6.4037
6.3448
6.3520
6.2686
6.0789
5.9911
6.5567
6.4920
6.5666
6.5184
6.4859
6.6370
6.5818
6.9068
6.2616
6.3536
6.5499
6.5276
5.7261
5.8183
5.5775
6.4554
6.8035
6.6265
6.2676
6.1010
6.5671
6.2809
5.7145
5.8349
5.6904
5.6331
5.5802
5.4444
5.1022
5.1351
5.6170
5.3652
5.6591
6.1277
5.7942
5.7972
6.0955
6.4848
6.5156
6.6855
6.4638
6.5960
6.5776
6.2100
6.0029
6.3525
5.7780
5.7351
6.1095
5.4454
5.7072
6.0901
5.6701
5.6059
6.3380
6.4106
6.7170
6.7989
7.0310
7.0809
6.7224
6.5578
6.6924
6.6824
6.3437
6.8271
6.1870
6.5127
6.5502
7.2118
7.2234
6.8781
6.6725
7.2973
7.2826
6.3003
6.7032
6.3124
6.4514
6.2097
6.0734
5.8049
5.8291
5.6384
5.5567
6.0208
6.2083
6.0408
5.9811
5.3745
5.7739
6.0328
5.5230
6.4345
6.1078
5.7291
5.7356
5.4890
5.7018
5.7965
5.6050
5.5365
5.7418
6.4095
6.3132
5.7094
6.1647
6.1034
5.9308
5.8912
6.4173
6.4803
7.0860
6.3416
6.5337
6.5906
6.5933
6.1490
6.2600
5.9308
6.0690
6.1147
6.0748
6.3864
6.7423
6.5453
5.9879
6.4047
6.0104
5.9242
5.8820
5.9496
6.0518
5.6883
5.8285
5.4845
6.0099
6.3523
6.1086
5.6928
5.8060
6.0888
6.4952
6.6790
6.3809
6.5525
6.5113
6.8324
7.0716
6.6310
5.9914
6.1654
6.1858
6.4748
6.1627
6.1286
6.1418
5.9612
5.6315
5.7437
5.3855
5.8132
5.6584
5.6201
5.6916
5.6597
5.7935
5.6878
5.6137
5.3872
5.7535
5.4781
5.4725
5.5551
6.1331
6.3632
6.4446
6.7145
6.1848
6.3397
6.5584
6.7763
6.9328
6.5586
6.2217
6.1470
6.3267
6.2351
6.6381
6.7177
7.0034
6.3240
6.3398
5.2081
5.8507
5.6433
5.3579
4.9789
5.2678
5.0363
5.1336
5.7030
5.6811
5.6036
5.0400
4.8233
5.1229
5.2405
5.0239
5.1008
5.0108
5.0509
5.4442
5.8291
5.9896
5.1132
5.0170
4.7418
5.2580
5.2322
4.8500
4.6953
5.1628
5.3400
5.7603
5.7140
5.4005
5.4783
5.0370
5.4731
5.2507
6.1702
5.6719
5.3342
5.0363
5.2453
5.4301
5.6675
5.6431
5.9680
5.8943
5.8106
6.2929
5.7115
5.4723
5.7542
5.7488
5.1661
5.0415
5.1089
4.8080
5.1895
5.4605
5.3490
5.4134
5.3980
5.6559
5.3868
5.3479
5.0393
4.9740
4.6849
4.5956
4.9790
4.8332
5.3978
4.6756
4.5267
4.5971
4.6848
4.7261
4.7701
4.4370
4.8732
4.8228
4.8999
5.1586
5.2391
5.6422
5.3446
5.3479
5.2852
5.0608
5.2477
5.6469
5.6719
5.5295
5.6637
5.4656
5.5963
5.2754
5.0221
5.1397
4.7717
4.6578
5.0713
4.7123
4.7123
4.7574
5.0587
5.3495
5.4247
5.8620
5.2068
4.8466
4.8964
4.9657
5.1195
5.7415
5.4445
5.7950
5.9168
5.4195
5.4104
6.0172
6.0324
5.3390
6.0818
5.4059
5.2288
5.5875
5.9302
5.8646
5.7146
5.5883
5.2070
5.2946
4.6424
4.7408
4.8459
4.8924
5.2232
5.1885
4.7478
5.2452
5.3255
5.7536
5.5079
5.3140
5.0514
5.5059
5.7487
5.9801
5.8443
5.5633
5.6082
5.4297
5.2231
5.3460
5.2983
5.3919
5.5038
5.7093
5.2613
5.3079
5.0380
5.1959
5.1983
5.2635
5.4102
5.9275
6.2943
5.7981
5.7189
5.8416
5.4820
5.6928
5.4660
6.1145
5.3128
5.7708
5.5483
5.5787
5.8391
5.5217
5.6517
5.7868
6.6379
5.8456
6.0523
6.1870
6.3801
6.3594
6.7090
6.1087
6.0690
6.1314
6.6376
6.5278
5.8201
5.4348
5.8815
5.5919
5.2314
4.9200
5.1896
5.5962
5.9139
5.8952
5.8506
5.2361
5.5386
5.8699
5.7610
5.4117
5.0091
5.8346
5.3721
5.1745
5.0573
4.8872
5.2993
5.0219
5.2675
5.2875
4.9794
5.2905
5.3233
5.1427
5.2951
5.5077
5.1906
5.1448
6.1789
6.2780
6.5167
6.6709
6.1470
6.4613
6.2900
6.4838
5.9639
5.4420
5.6605
5.4112
5.6396
5.7051
5.5702
5.6897
5.9437
5.9433
6.0573
6.1991
5.9003
6.2861
6.1997
6.3278
5.9345
6.2247
5.7646
5.3844
5.2031
5.3463
5.4869
4.9339
5.2440
5.5673
5.7856
5.0650
5.6609
6.0572
5.5464
5.8663
6.1509
5.8965
5.6404
5.0385
5.1967
5.3580
5.3898
5.2669
4.7632
4.9246
5.3748
5.3450
5.4525
5.1094
4.6090
5.0534
4.7932
4.9401
5.0814
4.9520
5.1079
5.5096
5.2707
5.4690
4.9869
4.4257
4.6892
4.6583
4.3579
4.5340
4.6865
5.0909
4.6939
5.0512
4.3184
4.5649
4.1787
4.1181
4.1667
4.5072
4.7346
4.8314
4.8624
5.1099
4.8299
5.1185
4.6592
4.4616
4.5435
4.7290
4.8323
4.9031
4.9393
4.8278
4.9093
4.9641
4.6365
4.6232
5.0207
5.0855
5.1867
5.7173
5.4137
5.0950
5.0547
4.8166
5.2520
5.3080
5.3302
4.9578
4.5478
4.6208
4.9251
5.0703
5.2320
5.3821
5.2359
5.6279
5.1856
5.5612
5.6644
5.8130
5.0737
5.0725
4.9991
5.0708
4.7835
4.4272
4.9351
5.3576
5.2469
5.4518
5.1726
5.6350
5.3758
5.3113
5.2421
5.1574
5.0956
5.2642
5.7096
5.7677
5.8078
5.6581
5.7736
5.4103
5.2550
5.2769
4.7055
5.1318
5.2627
5.6262
5.5655
5.8990
5.6156
5.8477
5.2566
5.1264
5.4400
5.2582
5.3981
5.1501
5.0472
5.1470
5.0211
5.5826
5.3336
5.0136
5.1970
4.9972
5.6327
5.8682
5.5205
5.0386
5.1657
5.3104
5.1677
5.4442
5.9069
5.5603
5.6343
5.6789
5.7607
5.8154
5.7552
5.6624
5.3350
5.4324
5.1598
5.1009
5.6409
4.9045
5.1049
5.0143
5.0466
4.1702
4.6230
4.7208
4.5319
4.5550
4.3431
4.6009
4.6187
4.7171
4.6037
4.6284
4.7035
4.5238
4.5005
4.6891
4.6538
4.9496
4.8414
4.8267
4.5806
4.7760
4.9038
4.5242
4.6638
4.8856
4.8239
5.5088
5.1757
5.4903
4.9933
5.2983
4.9070
5.4469
4.3798
4.7923
4.7461
5.0204
4.6242
4.9970
5.1741
5.4955
5.6111
5.4258
5.8437
6.1202
5.6968
5.3854
4.8856
4.9289
5.0703
5.1058
5.3034
4.9113
4.9952
5.2618
5.2960
4.9416
4.7901
4.6621
4.8714
4.3772
4.5258
4.9838
4.9884
4.5663
4.6633
4.9341
5.1738
4.8256
5.1147
4.4421
4.6764
4.7440
4.6989
4.8879
4.7262
4.8152
4.8173
5.1540
5.3839
5.0901
5.0719
5.1746
5.2634
4.9191
4.8468
4.9226
4.7638
4.6172
4.6455
4.8300
4.6687
4.3114
4.4638
4.8221
4.9347
5.2471
5.2430
5.6684
5.4955
5.1646
5.4551
5.2761
5.4893
5.4955
5.6517
6.1952
5.8173
5.5637
5.7016
5.1754
5.1179
4.6777
4.6029
4.7015
4.7924
4.7309
4.5080
4.6141
5.1405
4.7394
5.3375
5.3528
5.1567
5.1184
4.8770
4.7392
4.2210
4.4529
4.9430
4.7197
4.8443
5.4360
5.4627
5.4266
5.5922
5.5298
5.6019
5.6478
5.2304
5.0603
5.0127
5.0121
5.0810
4.8793
4.9927
5.2480
4.6833
5.3611
5.0018
5.2736
5.7467
5.6900
5.7613
5.3592
5.1843
5.3819
5.6794
5.5040
5.9689
6.3240
6.0259
6.6772
5.4858
5.9561
5.9810
6.0386
5.3512
5.6938
5.6727
5.4596
5.3735
5.0850
4.8560
4.9641
4.5346
4.4747
4.1368
4.9331
4.6390
5.0982
5.3863
5.7531
5.2328
5.8522
6.2122
6.0727
5.9901
5.8159
5.9273
5.8915
5.6688
5.8881
5.8296
5.4844
5.6785
4.9750
4.9334
5.3621
5.3554
6.2040
5.7994
5.9990
5.6847
4.9415
5.7359
5.5082
5.7875
5.6399
5.4529
5.6476
5.4195
5.5540
5.1934
5.2311
5.4531
5.0429
5.1271
5.2951
5.2767
5.4648
5.2673
5.1381
5.5444
5.1146
4.7916
4.5792
4.7155
4.7368
4.2427
4.2380
3.9812
4.2730
3.9228
4.4203
4.5463
4.8142
4.5645
4.7395
4.7972
4.7782
5.0807
4.7821
4.9179
4.9345
5.2123
5.4259
5.5302
5.4621
5.1754
4.9717
5.0366
4.8641
5.3414
5.0318
5.7523
5.4289
5.1629
5.0446
5.5264
5.9569
5.7010
5.9030
5.8846
5.0451
5.6733
5.4731
5.6001
5.7038
5.6741
5.3960
5.1939
4.8868
5.3274
5.5668
5.6782
5.3672
5.0101
4.9715
5.7592
5.9471
5.8851
5.8044
5.2318
5.1716
5.4370
5.2548
5.8845
5.4076
5.1349
5.1208
5.5812
4.9188
4.9181
5.1415
5.1880
5.5270
4.8162
5.1028
5.2206
4.9946
5.1989
4.8981
5.4966
5.2897
5.1568
5.2794
5.5527
5.7456
5.6402
5.2077
5.4188
5.6871
5.9541
5.5100
5.3045
5.6033
5.1904
4.8636
4.7488
5.3824
5.0695
5.5916
5.4362
5.2243
5.1285
5.0879
4.6919
4.9842
5.3969
5.6786
5.8290
5.9774
6.3373
5.6726
5.5441
5.5911
5.8155
5.9286
6.2114
5.9439
6.0875
6.3807
6.6735
6.9876
6.3785
6.4343
6.3122
6.2041
5.7656
5.6475
4.7385
4.9494
4.9681
5.4743
5.4125
5.5717
5.3016
5.5750
5.4473
5.4650
5.4643
5.4892
5.4016
5.7571
6.0044
5.9960
5.8808
5.6834
5.7890
6.4454
6.7996
6.6895
6.0623
5.9979
6.1856
5.9669
6.0122
6.0626
5.6907
6.0233
6.1934
6.1630
6.3269
5.8222
5.6363
6.0857
6.1261
6.1262
5.9895
6.4253
6.0193
6.4616
5.9776
6.3313
6.0152
6.5065
6.4475
6.3450
6.3594
6.1893
5.7694
5.9028
5.8623
6.1844
6.1626
5.6249
6.0627
6.2442
6.0062
5.3344
5.7142
5.4253
5.8322
5.7716
5.6168
5.6933
5.7876
5.5307
5.1306
5.2669
5.6939
5.8442
5.6271
5.0687
5.5564
5.5015
5.9516
5.5446
5.3547
5.6097
5.8789
5.8078
5.8761
5.7162
5.2902
5.6158
6.3836
5.8643
5.5621
5.9549
5.7472
5.2895
5.7998
5.9481
6.4229
6.3277
6.4490
6.1936
6.0981
6.1191
6.2727
5.7026
6.3953
6.4041
5.7473
6.5758
6.3996
6.2375
5.8506
5.9009
6.1809
6.2285
5.8516
5.6809
5.6749
6.1473
5.6352
6.2672
6.2251
5.8504
5.7291
5.9409
6.0497
6.1421
6.3325
5.4390
5.5465
5.8523
5.6204
5.7818
5.1826
5.3910
4.8258
5.3669
5.0890
5.8878
5.6028
5.9287
5.7148
5.9551
5.9143
5.7644
5.2405
5.0202
4.9325
5.1945
5.2399
4.9422
4.9215
5.3455
5.3477
5.2309
5.6308
6.2137
6.2344
6.0146
5.9029
5.5966
5.4085
5.1942
5.5357
5.2337
5.6588
5.4736
5.4327
5.2741
5.5106
5.0577
5.5244
5.0983
5.5095
5.8183
5.7870
5.5552
5.5277
5.3787
5.2469
5.7322
5.4655
5.7666
5.8435
5.0565
5.1541
5.3275
5.0468
5.4465
5.6684
5.6031
5.6743
6.0073
5.3083
5.4772
5.3981
5.6540
5.5007
5.2416
5.2017
5.2935
4.9917
5.7567
5.5685
5.8537
5.5615
5.6043
5.9076
5.6298
5.2650
4.9664
5.6128
5.8021
6.2161
5.9587
6.0379
6.2391
6.2682
6.3892
6.0767
5.8695
5.5955
5.1538
5.2109
5.2133
5.6984
6.0322
5.6036
6.0508
5.7745
5.6035
5.5025
5.6396
5.4962
5.9472
5.6679
5.4110
5.2840
4.7991
4.8449
4.9414
5.2525
4.6770
4.7232
4.7104
4.4330
5.0020
4.7301
4.6613
4.6592
4.7006
5.1269
5.3526
5.9349
5.7692
5.3619
5.3634
5.2645
5.5575
5.5967
5.7363
5.4115
6.0291
5.9993
5.8058
5.5167
5.6753
5.1488
5.4879
5.6807
4.8483
5.3183
5.2951
5.7182
5.5161
6.0135
5.7215
5.7206
5.9217
6.3604
5.8251
6.0429
6.2092
5.9755
6.1593
7.0339
6.6333
6.6297
6.9532
6.5859
7.1005
7.0394
6.6820
6.3635
6.2340
6.5081
6.1587
6.0391
5.5877
6.1097
6.8970
6.3051
5.9236
6.4722
6.7553
6.7409
7.1919
7.1069
6.9689
7.1038
6.7337
7.0193
6.7261
6.6083
6.7253
6.9260
6.8800
6.9042
6.5701
6.3222
6.3503
6.9427
6.5221
6.3826
5.9605
6.5275
6.4083
6.3088
6.0370
6.1708
6.1533
6.1566
6.3499
6.1973
6.0332
6.0760
6.2307
5.5731
5.8637
5.4930
6.1446
6.5300
6.8130
6.8165
6.2395
6.4272
6.1208
5.8311
6.5312
6.1254
6.2504
6.1678
5.5362
5.4641
5.6250
6.6063
6.3368
6.2338
6.1832
6.1472
5.9507
6.2789
6.0742
6.0349
6.8559
6.9241
6.8279
5.9984
6.1993
6.2885
5.9798
6.0463
6.0013
5.8306
6.0426
5.7677
5.9526
6.5999
6.6327
6.0594
6.0120
6.3628
6.2807
6.6709
6.6782
6.5060
6.6722
7.0482
6.7206
6.8252
7.0675
6.8443
6.9226
6.5987
6.3547
6.7417
6.3764
7.1557
7.3621
7.3913
7.6942
7.4141
7.4482
7.4581
6.7034
6.8523
6.3127
6.4853
7.0489
6.9810
6.1495
6.1758
6.4561
6.2171
6.5949
6.6661
5.9852
5.8759
5.9853
5.8892
5.9435
5.8983
5.9152
5.7905
5.9808
5.8983
5.8663
5.5304
6.3534
6.4908
6.3415
5.9706
6.4475
6.6153
6.3970
5.8033
5.2728
5.4517
5.5030
5.6216
5.7182
5.1126
5.1015
4.7087
4.6488
4.9351
5.4796
5.8885
5.8110
6.3543
5.7959
5.4560
5.8836
5.4793
5.6035
5.1285
5.3825
5.1271
5.4836
5.4032
5.4095
5.7951
5.7097
6.0517
6.0927
6.3379
6.1330
6.2187
6.7056
6.3983
6.4365
6.8335
6.4694
6.3304
5.8351
6.1042
6.1033
6.0011
6.3054
5.8011
5.6196
5.6683
5.5372
5.9219
5.6652
6.0970
6.2991
5.7890
5.4714
5.3860
4.9106
4.9088
5.0760
5.1901
5.5187
5.3769
5.3415
5.8065
6.3323
6.0899
6.5198
6.1984
6.2764
5.7695
6.1864
6.0829
5.9895
6.0086
5.7316
6.0485
6.0204
5.6172
5.7411
5.1743
5.5197
5.5737
5.6508
5.7760
5.5628
5.3547
5.7001
5.4760
5.2407
5.2494
4.7983
5.3737
5.4133
5.2213
5.2249
5.5185
5.1341
5.0299
5.1013
5.6185
5.7619
5.4481
5.4661
5.6118
5.4490
4.6574
5.3309
5.2832
5.3778
5.0805
4.6315
4.4091
5.2699
4.8868
5.0758
5.3764
5.6770
5.9250
6.0814
5.8313
5.7589
5.4480
5.7318
5.9417
5.4522
5.7530
6.2630
5.6567
5.0822
5.6201
5.6219
5.7985
5.2338
5.2692
6.1324
6.1012
5.6237
5.2289
5.5023
5.2791
5.3356
5.7571
5.8562
5.8635
5.5412
5.6121
5.9274
5.6518
5.7393
5.4938
5.8123
5.7879
5.5904
5.6342
5.9535
5.7478
5.1744
5.1473
5.5999
5.4174
5.8198
6.3080
6.3572
6.0814
5.9249
6.0792
5.5338
5.5741
5.3972
5.3580
5.5441
5.5784
5.3986
5.5301
5.1906
5.3916
5.3835
5.5004
5.6980
5.0835
5.0242
5.1286
5.5993
5.3330
5.3391
5.3020
5.4132
5.5564
5.3969
5.5562
5.3363
5.0258
5.6067
5.2213
5.3168
5.7227
5.7897
5.4341
5.3948
5.6563
5.6980
5.5319
5.6031
5.4609
5.4164
4.9410
5.0923
5.3454
5.1607
4.8783
5.1032
4.5518
4.8487
5.2238
5.0661
4.9628
5.2243
5.1764
4.8539
5.3024
5.5388
5.9839
5.7267
5.6649
6.1003
5.9557
5.8309
5.7177
6.1488
5.7437
5.4204
5.2244
5.7486
5.8102
6.4574
5.9832
5.8527
6.0242
5.9734
6.1614
5.7766
5.5804
5.3357
4.9776
5.4499
5.1037
5.4831
5.3898
5.3550
5.1017
5.3966
5.0383
5.3463
6.0017
5.6687
5.7216
5.8413
5.9053
6.0602
6.4388
6.5349
6.8851
6.1272
5.6675
6.2287
6.1321
7.0142
5.9667
6.1129
6.5410
6.2750
6.4714
6.3874
6.1750
6.4571
6.1288
6.7583
6.0711
5.6591
5.8233
5.4376
5.9049
5.7203
5.7886
6.2011
6.4311
6.3023
6.3068
6.0857
6.5485
6.3543
6.3239
6.2345
5.7216
5.8345
6.0111
6.4065
6.2338
6.3612
6.0289
6.3332
6.3411
5.5460
5.5097
5.0123
4.9078
5.6781
5.7270
6.0793
6.0321
5.8281
5.3631
5.6057
6.0309
5.8449
5.6891
6.0327
5.7011
6.0103
5.3950
5.4887
5.0932
5.3675
5.5976
5.6272
5.3383
5.4892
5.5262
5.5057
5.0442
4.9441
5.1489
5.3741
5.0006
4.9664
4.4495
4.8264
4.9973
4.7239
4.6618
4.5738
4.0855
4.0967
4.0647
4.2500
4.3410
4.4614
4.4844
4.4283
3.9256
4.2804
4.7737
4.8026
5.1193
5.3957
5.7344
5.5432
5.5219
6.0128
5.4256
5.2040
5.7175
5.6887
5.3886
5.3249
5.4308
5.1490
5.1435
5.0923
5.0723
5.8159
5.7906
6.1811
5.6759
5.8444
5.3785
5.9900
5.7954
5.4937
5.4537
5.6674
6.0525
5.7469
5.3037
5.2912
5.1725
5.4561
5.4002
5.7583
5.8536
6.2134
5.7888
5.8617
5.7994
5.9367
5.1380
4.8934
5.5405
5.3739
4.9720
4.9980
4.9174
5.4950
5.4441
4.7760
4.9106
5.0755
5.0569
4.8093
4.8409
5.3476
5.0111
5.0756
4.8908
4.9319
4.8484
4.9479
4.8608
5.1113
5.0450
5.4271
5.3065
5.1371
5.1184
5.1502
4.9245
5.1848
4.9788
5.4595
5.7609
5.5253
5.3994
5.5732
4.7804
4.8914
4.7920
4.7308
5.0179
5.1306
5.2676
5.4230
5.1423
5.2708
5.2286
5.3951
5.7268
6.0831
5.9265
5.7336
5.6620
5.4937
5.3684
4.9545
5.0902
5.3970
5.6746
5.3030
5.2299
5.6724
5.3327
5.1819
5.2617
5.7078
6.2424
6.6962
6.3871
6.4664
6.3768
6.2039
6.3819
5.9005
5.7593
5.9898
6.5137
6.9726
6.5513
6.0766
6.1744
5.9309
5.6864
5.6373
5.7064
5.4955
5.3484
5.5706
5.3796
5.9169
5.6454
5.8967
5.9806
4.9473
5.0163
5.0382
5.5224
5.3120
5.2093
4.8673
4.4991
4.5281
4.7600
5.1810
5.2258
5.3184
5.5634
5.2886
5.2557
5.5459
5.5965
5.6380
5.0953
5.3643
5.4586
5.3690
5.2899
5.0992
5.5839
6.0074
5.8817
5.5295
5.5918
5.6953
5.7220
5.4504
5.6896
5.7396
5.7069
5.7652
5.8664
5.7121
5.8150
5.7748
5.3839
5.6298
6.3249
6.3628
6.3880
6.2732
6.4052
6.2423
6.4342
6.4234
6.0934
5.7352
5.4018
5.3825
5.7068
6.1845
5.9403
5.9364
6.2198
5.4773
5.6738
5.4299
4.9785
5.6824
5.4868
5.6469
5.1551
5.8217
5.6201
6.1267
5.9199
5.1559
5.0948
4.9809
5.0828
5.3879
5.6251
5.8064
5.8186
5.9114
5.6546
5.7806
5.7444
5.9614
6.1388
5.8612
5.4993
5.3634
5.2377
5.5037
5.4815
5.5276
6.0468
6.2523
5.8647
6.0851
6.1649
6.0939
6.2040
6.0872
5.5695
5.7752
5.9201
5.8359
6.1104
6.1126
5.6674
5.9178
5.7285
5.6819
5.4543
5.0422
5.0371
5.4243
5.6735
5.7652
5.9200
5.2119
5.1234
4.8160
4.8555
4.8158
4.5162
4.5257
5.2454
5.3022
4.8708
5.0076
5.5461
5.4190
5.3405
5.1440
4.9631
5.2840
5.4805
5.2978
5.2339
4.9257
5.4150
5.2148
5.0641
5.3523
5.1783
5.5518
5.8977
5.8637
5.5172
5.8116
5.5673
5.5445
5.5742
5.5025
4.8964
5.0622
5.0007
5.2125
5.7005
5.8604
5.5096
5.3955
5.6158
5.6136
5.0891
5.4930
5.6539
5.5390
5.8350
5.5392
5.4366
5.4006
4.8561
5.0101
4.8311
5.2541
5.1680
5.1798
4.7752
4.6699
4.8812
5.1347
5.1178
4.8443
4.6874
4.9158
5.4620
5.3195
5.0280
5.4913
5.8640
5.2981
5.1007
5.3439
5.4373
5.7276
5.2110
5.3496
6.2613
6.0885
6.0939
6.5212
6.4806
6.9941
6.4722
6.4817
6.9421
6.7002
7.3211
7.1956
6.9991
6.8233
7.0183
6.9921
6.9087
6.3438
6.2306
5.8125
5.9362
6.4641
6.8416
6.4483
6.5373
7.2692
7.1186
6.6973
6.7965
6.5874
6.5207
6.5551
6.1693
6.4554
6.5625
7.0117
6.9328
6.6291
6.7608
7.3016
7.4896
7.1984
6.8461
7.2496
7.9731
7.4682
7.5833
7.9189
7.6482
7.2995
6.9251
7.7147
6.9868
7.4649
6.8721
7.2616
6.7594
6.6266
7.0045
7.4278
7.8070
7.3897
7.4724
7.6790
7.8451
8.1277
8.0765
7.5127
7.3023
7.3598
7.2024
7.0876
6.8871
6.6037
6.5438
6.6106
6.6423
6.4905
7.2813
6.6701
6.2341
6.3085
6.3921
6.3223
6.2436
5.9056
5.8840
6.1479
6.4048
6.7643
6.3208
6.0435
6.5424
6.5254
6.8515
7.1871
7.4974
7.0468
7.1297
7.1180
7.1009
6.7241
7.3928
7.2799
7.5126
7.4580
7.0999
7.0052
6.7557
7.3527
7.0821
7.5533
6.8627
7.1975
7.1860
7.4561
7.6265
6.9994
7.1500
6.9979
6.8310
7.0828
7.1109
7.0149
7.0408
7.5831
7.6159
7.9330
7.6186
7.2494
7.7375
7.9080
7.6571
7.1424
7.6542
7.5506
8.1138
8.6905
8.2349
7.5341
8.3508
7.9728
8.1566
7.4095
7.6529
7.2180
6.9694
7.7780
7.7817
7.4113
6.8830
7.4379
7.0928
7.0313
6.3979
6.1400
6.2719
6.1576
6.6651
7.0537
6.4744
7.2415
6.7335
7.0422
7.2380
7.4350
6.9674
6.8123
6.5963
7.1212
6.6688
6.5095
6.5416
6.3761
6.9791
7.1882
7.4599
7.1667
6.6794
6.6004
6.8137
6.6382
6.8602
6.6800
6.5941
6.8919
7.3121
7.1303
6.7970
7.0961
7.6853
7.4557
6.8025
7.2270
7.6173
6.9895
7.1784
7.2786
7.6968
7.6731
7.8474
7.6061
7.5376
7.8959
7.4568
7.4435
7.2525
7.5103
7.5443
8.3510
8.1209
8.2957
7.8212
7.7086
7.6644
7.3970
7.7265
7.9433
8.3032
8.2663
7.0624
6.9384
6.8975
7.3345
8.0752
8.2123
8.3562
7.7412
7.3009
7.7284
7.8127
8.1260
8.6697
7.9546
7.6069
7.2930
7.5120
7.7767
7.9012
7.2985
7.4123
7.4690
7.0402
7.4757
7.3765
7.1767
7.5424
7.0703
6.7599
7.0114
7.1249
7.4676
8.2809
8.7750
8.1651
8.1005
7.5077
7.3777
6.9712
7.2572
6.9526
6.8236
7.0086
6.8159
7.2805
6.4167
7.0033
6.7388
6.8836
6.6518
6.8223
7.7023
7.8681
7.8660
7.3505
7.9171
7.8438
7.7134
8.1695
7.3210
7.6837
7.5608
7.9163
8.3037
8.4492
8.5621
7.8374
7.7357
7.9054
7.6625
6.9302
7.2271
7.6734
8.0081
7.6472
7.5784
7.0380
7.2328
7.7459
7.7637
7.5611
7.4599
7.6446
7.8515
8.2354
8.0886
8.2575
8.0944
8.6703
8.1823
7.9262
7.9088
7.6006
7.4112
6.9604
7.3214
7.1158
7.5813
7.2912
7.2681
7.4352
7.9292
7.3370
6.9908
7.3258
7.3949
7.6176
7.2152
7.4671
7.3801
7.8898
7.9189
8.5286
8.3962
8.2358
7.9004
7.4519
7.9885
7.5906
7.4102
7.4807
7.3300
7.2355
7.8205
7.8853
7.3730
7.3622
7.8906
7.7567
7.0311
6.3928
6.6003
6.6009
7.1925
7.1241
7.5135
7.0359
6.5717
6.5136
7.0590
6.7748
6.7755
6.7517
7.1998
6.7262
6.7173
7.2156
7.0380
7.0827
7.6300
7.7327
7.8819
7.1245
6.9694
7.1147
6.8402
6.7442
6.3798
6.0528
6.1843
6.4236
6.6791
6.5210
6.9164
6.6320
6.6148
6.8651
7.2204
6.8766
7.1099
7.5202
7.0423
7.2340
7.3784
7.3433
7.5217
7.3914
6.7426
7.1757
6.8258
6.6113
6.2618
6.1529
6.2430
6.6139
7.0177
6.7175
6.6016
6.2732
5.9900
5.4744
6.3418
5.9293
6.3005
6.2903
6.4930
6.6734
6.4675
6.6748
6.6847
6.6979
6.7458
6.4201
6.6015
6.9098
7.2021
7.0125
7.3510
7.1311
7.2784
7.4295
6.6746
6.1927
6.0289
6.1758
6.1615
6.1208
6.2216
6.2673
6.3578
5.9498
6.2362
6.3383
6.5509
6.7150
6.8415
6.7311
6.6319
7.0540
7.4277
7.1536
7.6257
7.1141
7.1633
7.1751
7.4168
7.3167
7.0390
7.3203
7.3802
7.8487
7.5190
7.2776
7.0737
7.0967
7.2520
7.5319
7.0685
6.6000
7.0740
7.4276
7.4112
7.5106
7.0013
7.1440
7.3755
7.1365
7.2504
6.9254
7.3886
6.9389
6.8775
7.1910
7.6317
7.3253
7.3970
7.5466
6.9512
6.9003
6.3870
7.1624
6.9597
6.5982
6.4972
6.5732
6.5073
6.3521
6.6097
6.9383
6.9555
6.8489
7.1697
6.5369
6.8453
6.3751
6.1652
6.6112
6.1289
6.3974
6.4380
6.1561
5.8170
5.5765
5.2337
5.0025
5.1942
5.9396
6.0907
6.2656
5.9766
5.8729
5.7462
5.7622
5.9241
5.5429
5.1397
5.3724
5.5476
5.9124
5.6784
5.3186
5.6277
5.6631
5.6563
5.8767
5.7726
5.6802
5.5187
5.6869
6.3167
6.2264
6.1586
6.0649
5.7686
5.3419
5.4817
5.3044
4.7502
5.0280
5.1221
5.0217
5.2052
5.4344
5.7906
6.0592
6.2061
6.0794
6.4584
6.7523
6.6736
7.1140
6.7385
7.3893
7.1147
6.8053
6.8039
6.4472
7.1294
6.9604
6.8849
6.7339
6.4496
6.1792
6.4765
6.5109
6.7098
6.5093
6.7061
6.5453
6.5732
6.4342
6.5413
6.3226
6.7885
6.9798
6.8844
6.9984
6.7163
7.0658
7.5154
7.6673
7.6650
7.1386
6.7131
7.3012
6.6465
6.3462
6.3750
6.4319
6.8239
6.7147
6.2483
6.5304
5.4604
5.8112
5.8778
5.9279
6.3416
6.1842
6.4874
6.1474
5.9443
5.7704
5.6179
6.2044
6.1939
6.8284
6.6587
7.1544
6.7788
7.4760
7.8017
7.6493
7.5608
7.4927
7.5563
7.3614
7.3726
7.0701
7.5908
7.6382
8.1280
7.7963
8.0599
7.9471
8.1270
8.3467
8.5354
8.4197
7.9871
7.6532
7.6445
7.9861
8.1306
7.3116
8.1398
7.5552
7.1497
6.9904
7.2503
7.1193
6.5927
6.4191
6.5585
6.5001
7.0124
6.7820
6.9548
6.9597
7.0181
7.1234
7.4285
7.7463
7.1363
6.7054
7.0154
7.4556
7.5150
7.5226
7.8058
7.7576
7.6217
7.9608
8.8064
9.1504
8.5072
9.0338
9.1587
8.8229
8.3694
8.7178
8.3296
8.0452
7.7155
6.9151
7.2674
7.6065
7.3639
7.3301
7.2836
7.5521
8.1434
7.1759
6.7636
6.4833
6.3864
6.8512
6.6791
7.6810
7.4065
7.8717
7.6499
7.6038
7.1244
7.4868
7.4745
7.8531
7.9236
8.1266
8.1078
7.7625
8.2447
8.3922
8.3191
8.0602
7.7292
7.7563
8.2659
8.0654
8.9645
8.3883
9.2018
8.1974
8.3030
8.5301
8.6355
8.1316
8.5030
8.4493
8.8645
8.9467
9.4860
9.7285
9.0433
8.7639
8.8583
8.5021
8.4124
8.6103
8.1816
7.3549
7.6925
7.6753
7.2752
7.6033
7.3751
7.0732
6.9805
7.3226
7.1842
6.8750
7.1951
6.8233
7.3076
7.1164
6.8666
6.9273
7.0911
6.7590
7.3021
7.1541
6.7180
6.4261
6.2045
6.0853
6.7753
6.5393
6.3461
6.5004
6.7823
6.9196
7.0209
6.6175
6.4312
6.4457
6.4607
6.9197
6.8758
6.6576
6.4642
6.5747
6.8952
6.2303
7.0442
7.3575
7.2794
6.6996
6.9022
6.8188
6.6516
6.5069
6.3352
6.0730
6.6936
7.1319
7.1296
6.9173
6.8319
7.3081
7.2838
7.7882
7.5091
7.5413
7.2038
7.5716
7.4419
7.2202
7.4522
7.1666
7.7040
7.6354
7.4769
7.6448
7.6771
7.5917
7.8113
7.9105
8.6562
8.4718
8.4391
8.4953
8.5342
8.2646
7.6145
7.2352
7.4131
6.9803
6.8717
6.9123
6.3692
6.8748
7.1264
6.9050
6.8719
7.5347
7.1176
6.9486
7.7150
7.8244
7.3134
7.3978
7.7690
7.5894
7.4744
8.1304
7.2335
6.9556
6.7563
6.8536
6.6814
6.4129
6.3887
6.0614
6.0484
6.1202
6.6794
6.8566
6.8701
6.6692
6.5493
6.3621
6.1955
6.6598
6.5405
6.1929
6.2584
6.4534
6.5032
6.0692
6.1421
6.1779
6.6446
6.6686
6.3274
6.4899
6.3150
6.4575
6.2900
6.1936
6.2144
6.3227
5.9842
6.6228
6.6788
6.4388
6.3990
6.5519
6.5149
5.9221
5.9076
5.8560
5.6024
5.4001
5.9127
5.7480
5.7193
5.7221
6.2619
6.2641
6.0507
5.7719
6.2252
6.4052
6.2151
6.0583
5.8658
5.8628
5.3814
5.6054
5.3016
6.0606
5.8488
5.7637
5.1666
5.4322
5.8037
6.0631
5.7006
5.8412
5.8475
5.9447
5.8517
6.1112
5.8171
6.0126
5.8414
5.9673
6.1417
6.4736
6.1489
5.6404
6.1199
5.9660
5.9482
6.4978
6.1814
6.1079
6.1060
6.3124
6.3137
6.3617
6.5498
6.4694
6.7242
6.6367
6.8131
6.2397
6.1528
6.3121
6.5974
6.7241
7.1657
7.0367
6.9665
7.0919
6.9126
7.5307
7.5353
7.2011
7.9131
7.5495
7.2506
7.2712
7.0942
6.5794
7.0875
7.3788
7.4691
7.1437
7.5504
7.4213
7.3528
7.2651
6.8855
6.6280
6.6900
6.0440
5.9308
5.9085
6.4081
6.0844
6.0050
6.1980
6.4218
6.0770
6.1939
6.1812
6.1797
6.1417
5.4914
5.2743
5.5533
6.2242
6.2091
5.7772
5.7772
5.8854
5.5349
5.9867
5.6637
5.6283
5.5695
6.0432
5.8446
5.8852
6.1266
5.8822
5.2923
5.8309
6.4340
5.8446
6.2010
6.6233
5.4890
5.3753
6.0164
5.3135
5.2469
5.2513
5.3867
5.3693
5.4092
5.6941
6.0885
5.6222
5.9039
5.5864
5.4037
5.4893
5.1031
5.0136
4.5671
4.6436
5.1998
5.5518
5.5507
5.0726
4.8622
5.1318
5.2581
5.4285
5.5508
5.7254
5.6077
5.4957
5.7219
5.7358
5.8038
6.0511
6.6074
6.5007
6.4476
6.7021
6.6387
6.7400
6.4904
6.2838
6.9032
7.2044
7.3021
7.3234
7.8213
7.0524
7.3019
7.1987
7.0346
7.3364
6.8529
6.5639
6.8506
6.4282
6.9890
6.4174
6.6290
6.8367
6.0585
6.6847
6.5209
6.4756
6.1293
6.0540
6.1110
5.9275
6.6619
6.8719
6.7521
6.7710
6.6160
6.7978
6.3237
5.9599
5.8642
5.7940
6.1094
6.0746
6.6728
6.5669
6.8529
7.4529
7.1847
6.6416
6.7130
7.1017
7.2070
7.3422
7.1489
6.8871
6.5822
7.4968
7.1900
7.4660
7.2321
6.6118
6.3999
6.7414
6.9759
7.0948
7.0439
6.7874
6.7291
6.6500
6.4014
6.3829
6.2849
6.3820
6.7108
6.1231
6.1965
6.2888
6.1298
6.0089
5.5123
5.4954
5.3437
5.3612
5.9010
6.5060
5.8867
5.9224
6.7715
6.4873
7.1275
6.9739
6.5802
6.6267
6.3797
6.2348
6.1924
5.8623
5.9968
6.0137
5.9176
5.8938
5.5944
6.0933
6.0495
5.7675
5.5535
5.7805
5.8731
5.6422
5.8510
5.5834
6.2138
6.3708
6.5882
6.7667
6.8571
6.5935
6.1604
6.2263
6.2378
6.5596
6.5709
6.6054
6.5394
5.7848
6.1786
5.8482
6.0362
6.4093
6.3322
6.4277
6.1183
6.1508
5.7083
5.6947
5.6194
5.7713
6.0872
5.6231
5.7212
5.4011
5.2573
5.5193
5.0480
4.6809
4.8078
4.8983
5.0555
5.1740
5.2067
4.7216
4.8640
5.3502
5.2661
5.5775
5.7221
5.8701
5.5729
5.7889
5.6413
5.6435
5.6524
5.8293
5.8036
5.7233
5.6331
5.3913
4.8963
5.5783
5.2199
5.6522
5.4969
5.0962
5.0581
5.2785
5.2478
5.2445
5.7521
6.1677
6.2619
5.9730
6.3028
5.4735
5.4847
5.5845
5.9004
6.0286
5.8948
6.3011
6.3380
6.1825
6.1788
5.9109
5.2212
5.4339
5.7798
5.9514
5.3998
6.1919
6.6667
6.0918
5.9674
5.5279
5.5435
5.3101
5.2068
5.6016
5.4357
5.8837
5.9028
6.0986
5.8654
6.0496
6.3270
6.4677
6.4510
6.8346
7.0905
6.5459
6.2759
5.7282
6.0634
5.7444
6.1116
5.7054
5.8372
5.6453
5.5554
6.4460
5.9245
6.2710
6.6240
6.5722
6.1887
6.2133
5.8682
6.3654
5.9514
5.6513
5.8348
6.1030
6.2126
6.0591
6.1022
6.3666
5.9605
5.8738
6.1873
5.8602
5.7158
5.7383
5.5881
5.6928
5.7278
5.6796
6.1098
6.1025
5.5150
6.0275
6.0888
6.1454
5.8696
5.6602
5.7650
5.9380
5.6105
5.7816
5.7696
5.9952
6.0347
5.7936
6.0865
5.4804
5.4826
5.3155
5.4229
5.4209
6.0156
6.1081
5.7472
5.5549
5.7950
5.9448
6.0518
6.6406
5.9972
6.4541
6.7917
6.5203
6.9791
6.2994
6.0436
5.7667
5.7523
5.6074
6.1182
5.8917
5.7586
5.5338
5.9265
5.4785
5.3821
5.7880
5.6534
5.4433
5.7746
5.7624
5.4180
6.0654
6.0762
5.7857
5.9698
5.5086
5.3491
5.2088
5.0740
5.1703
6.0154
5.9420
5.3103
5.6244
5.7657
5.8176
5.8167
5.8844
5.5080
5.3937
4.9340
5.2362
5.5611
4.6611
4.9884
5.8235
6.1591
5.6671
5.2471
6.0007
6.1561
6.5007
6.0129
5.8571
6.0675
6.4524
6.2211
5.6168
5.7691
5.4598
5.5944
5.2395
5.4695
5.5223
5.2949
5.4813
5.5508
6.1366
5.7122
5.7424
5.2804
4.9601
5.6769
5.5462
5.7011
5.3170
5.2180
5.1744
5.2350
5.4758
5.6714
5.7396
5.4421
6.2403
5.6231
6.1344
5.7546
5.4402
5.5416
5.4360
6.0000
6.1644
5.2055
5.4124
5.7191
5.4014
5.2324
5.2525
5.3882
5.5014
5.0814
4.8187
4.6114
4.8345
4.6303
4.9140
5.5014
5.8307
5.2674
4.9221
4.8942
5.3544
5.5780
5.6142
5.2210
5.4049
5.7786
5.5202
5.6726
5.7128
5.4970
5.2256
5.1431
5.0267
5.2428
5.6412
5.9341
5.9764
6.3645
5.9488
6.2002
6.2232
6.0914
6.3125
6.3841
5.9372
6.3059
6.4589
5.9100
5.9097
6.0017
5.9168
6.2556
6.5502
6.1755
5.6809
5.3635
6.0841
5.4997
5.7896
5.7254
5.7586
6.5701
5.9016
5.9757
5.5764
6.2398
5.5934
5.6914
5.6396
6.1127
5.9997
6.1973
5.7069
5.4919
5.6069
5.6610
5.7672
6.0001
6.2410
5.5631
5.1011
5.1399
5.1963
5.8991
5.4046
5.4792
5.5853
5.9851
6.0452
5.9546
5.8803
5.9879
5.9263
5.8910
5.9297
6.0049
5.9373
5.9745
5.3811
5.8047
5.4037
5.1085
5.2181
4.8434
5.4672
5.5261
5.6379
5.4601
5.2360
5.7817
5.8274
5.6072
5.7633
5.5880
5.7290
5.6381
5.5776
5.5668
5.4843
5.2533
5.2489
4.9150
5.6922
5.7408
5.9189
5.8718
5.8496
5.6021
6.0821
6.0433
6.4601
6.3294
5.8095
6.0874
6.2570
5.8632
5.9881
6.4163
6.0280
5.8165
5.8769
6.1799
6.2953
5.9411
6.3171
6.6043
6.4688
6.4139
5.8605
5.2589
5.0672
5.1979
5.5568
5.9063
5.8831
6.0164
6.0472
6.0596
6.2771
6.1093
6.2586
6.4455
6.2279
5.8404
5.9624
5.7615
5.7792
5.8184
5.8495
6.2261
6.1898
5.7919
6.1391
6.0755
6.2012
6.1172
6.0606
5.8504
5.9565
6.2003
5.9340
5.9585
6.0929
6.1178
6.3084
6.0989
5.7879
5.8291
6.0853
5.8734
6.2214
6.2552
6.4946
6.0323
5.5615
6.2459
6.2734
5.8651
6.0071
6.1249
6.0118
6.3169
5.9201
6.2318
5.9643
5.8483
5.8109
6.0017
6.0192
5.8306
6.0961
6.1175
6.4908
6.1405
6.4697
6.6079
5.7388
6.1632
5.6773
5.3098
6.2890
6.2528
6.2166
6.8701
6.3520
5.7415
5.9642
6.4963
6.2904
6.7706
6.6756
7.0390
6.8821
6.1833
5.6525
5.8019
5.4583
5.5538
6.1205
6.2716
6.2647
6.2768
6.1721
6.0406
6.3249
6.3635
5.8447
6.1339
5.5644
6.0378
5.6986
5.6785
5.8945
5.8414
6.2780
6.0378
6.2342
6.4639
6.6480
5.9999
6.0731
6.2441
5.7823
5.6747
5.5567
5.1078
5.5136
5.1879
4.9891
5.2742
5.4936
5.9392
6.4714
6.1457
5.7252
5.8301
5.5080
5.7022
5.3177
5.5233
5.5643
5.6771
6.0099
6.2491
6.1872
6.8773
6.4473
6.5465
6.8994
6.4169
7.1379
6.7118
6.1476
6.3233
6.2112
6.3436
6.2012
5.6041
5.9675
6.2092
6.0915
5.8213
5.3969
5.6694
5.1346
4.6525
4.9246
5.0886
5.2557
5.8329
5.9184
5.7329
5.9717
5.4770
5.9025
5.5154
5.8643
6.0771
5.7884
6.0672
6.1713
6.3286
6.4062
6.9401
6.4010
6.2927
5.9604
6.2005
6.1581
5.8322
5.8673
6.0152
6.0903
6.5555
6.0871
6.1596
6.4219
6.2339
6.2568
6.3204
6.2294
6.4604
6.0875
5.9852
5.8763
5.6900
6.1769
6.5918
6.1318
6.0917
5.9680
5.7305
6.4177
6.4000
6.1558
6.2581
6.6775
6.7696
6.4579
6.6950
6.2377
6.3582
6.8176
7.0823
6.8712
6.9766
6.7894
7.0602
6.8395
6.2414
6.0403
6.1461
6.0098
5.5878
6.4231
6.3337
6.1940
6.3557
6.4397
6.7094
6.6077
6.4730
7.1163
6.4233
6.6168
6.7917
6.3603
6.5696
6.1653
6.0708
5.7644
6.4713
6.0264
5.9064
5.4239
5.6019
6.0231
5.9319
5.8274
6.4533
6.4392
6.2624
5.8796
5.6061
5.7282
5.6865
5.3950
5.3864
5.6331
5.3545
5.6586
5.7812
5.8628
5.7942
5.8283
5.7270
5.8467
5.9169
5.8200
5.9825
6.1312
6.4589
6.3831
6.2973
6.2439
6.1192
6.1040
6.1003
5.8680
5.9097
5.8488
6.6026
5.9046
5.6788
5.5539
5.5066
5.6598
6.0123
6.2784
5.9380
6.3860
6.3254
5.9944
6.0104
6.1460
6.0342
5.9808
6.3334
6.1110
6.4837
6.1467
5.9512
5.9639
5.5938
5.9529
6.3236
5.9241
5.7635
5.2182
5.5899
5.9116
5.9492
5.8733
5.6013
5.3824
4.8498
5.3907
5.0910
5.4850
5.5616
5.9657
6.1714
5.9210
5.2737
5.3413
6.0552
5.9498
5.6551
5.5460
5.4372
5.5898
6.0645
6.1078
5.6172
5.8492
5.9736
5.9233
6.3200
6.2166
6.0975
5.9975
6.1514
5.9690
6.1885
6.0567
5.7509
5.9669
5.7824
5.8541
5.7547
5.4278
5.5417
5.6676
5.3019
5.0345
4.9280
5.4257
5.6563
5.6768
5.6934
5.7619
5.4263
5.5345
5.2649
5.2697
5.7409
5.4048
5.5429
5.6071
6.0875
5.9966
5.8723
6.0227
5.7325
5.9013
5.3172
5.7539
5.8809
5.7887
6.3454
6.1854
6.4574
6.4758
6.2755
6.1741
6.3022
6.0933
6.4608
6.1944
6.4996
5.6809
5.4740
5.2720
5.3676
5.1185
5.0698
4.7619
5.0691
5.2217
5.4611
5.5395
5.5306
5.7520
5.6915
5.0716
4.9239
5.5311
5.4071
6.0952
5.9225
5.4466
5.3857
5.6781
5.7335
6.0596
6.1189
6.2246
6.0645
5.8649
5.5357
6.1530
6.0760
6.2505
6.0757
5.9476
5.7836
6.0698
6.2717
6.1125
6.3186
5.7870
6.3254
6.3179
5.6742
6.3765
6.2372
6.2136
6.4436
6.5701
6.8283
6.7277
6.1886
6.1494
5.5400
5.7755
5.2769
5.0822
5.5326
5.8215
6.1653
5.9272
5.9808
5.9699
5.9203
6.2013
6.1985
6.1750
6.3915
6.5475
6.7255
6.5191
6.4627
6.4434
6.3645
6.3082
6.0097
6.3595
6.4087
6.4729
6.6472
6.2468
6.2336
6.3773
6.3372
6.0669
6.1230
5.9506
6.2527
6.5539
6.2340
5.5813
5.7658
5.6763
5.9906
6.1795
5.8109
5.9940
5.7637
6.2264
6.1520
6.3658
6.2413
6.2403
5.7817
5.6874
5.5628
5.4271
5.3866
5.4829
5.6759
5.6212
5.8237
6.0796
6.0834
5.5478
4.8536
4.7960
5.3241
5.8240
6.2767
5.8966
5.9535
5.7517
5.3298
5.4684
5.3331
5.6730
5.8737
5.4015
6.2726
5.9051
6.3382
6.5306
6.7514
6.9643
6.7913
6.4070
6.0935
5.8152
6.1203
6.8566
6.7964
6.8291
6.5201
7.0275
6.7272
6.7045
6.8567
6.9083
7.0764
7.8175
7.5094
7.2925
7.0122
7.0589
6.6329
6.5594
6.9879
7.2311
6.9759
7.5815
6.7402
6.6364
6.8702
6.9798
6.9844
6.9993
7.2732
8.0303
7.4530
7.5783
7.2195
7.0156
6.4292
6.7955
7.2376
7.4110
7.5880
7.8251
7.8667
8.0992
7.8925
8.0122
7.9574
7.8004
7.7197
7.9132
7.3951
7.1226
7.8468
7.7766
7.6597
7.2969
7.2167
7.9967
7.7971
7.6582
7.5439
7.4761
7.7680
7.2196
7.3054
7.7418
7.2228
6.9597
7.1663
7.2302
7.4085
7.1620
7.6024
8.8843
8.6106
8.7137
8.4667
8.0749
8.2564
7.8452
7.7313
7.6717
7.6283
7.7559
7.4089
8.0186
7.8114
7.7972
7.3393
7.4368
7.8088
7.7558
8.1340
8.0366
7.8042
7.7956
7.4457
7.4767
7.2273
7.5017
6.9210
6.8110
6.4023
6.0033
6.2974
6.2823
6.2369
6.0155
7.1756
6.4378
6.0729
5.7433
6.4100
6.7189
6.8662
6.4881
6.3587
6.3654
6.3659
6.8546
6.5983
6.3476
6.3610
6.7688
6.8785
6.6190
6.6254
6.3493
6.3674
6.6306
7.0054
6.6954
6.6886
6.2208
6.4475
5.8115
6.2513
6.8967
6.9450
6.6867
7.3563
6.8749
6.4878
6.3486
6.5224
6.2891
6.0850
5.9074
6.1605
6.1040
6.3239
6.2887
6.2121
6.3402
6.8968
6.8137
6.7190
6.8377
6.5950
6.3574
6.9649
6.8109
6.9572
6.8568
6.8570
6.8290
7.2038
7.2385
6.6284
6.6347
6.8797
7.1456
6.3660
6.1979
6.4595
6.2873
6.1204
6.3461
5.8620
6.3862
6.3778
6.4118
6.3779
6.4773
5.8287
5.9301
5.8930
6.0624
6.0462
6.9179
7.1730
6.8550
6.4423
6.0887
6.6866
6.8283
7.0250
6.5106
6.9727
6.6951
6.7668
6.6212
6.3101
6.7685
7.0579
7.0139
7.2249
6.8775
7.2116
6.7614
6.8027
6.3761
6.0310
5.9931
6.0794
6.1736
6.0366
6.0188
5.5636
6.5294
6.0491
6.1440
6.3145
6.4213
6.5522
6.5076
6.1728
6.0307
6.6497
6.7491
6.5875
6.5021
7.2857
6.9794
6.7809
6.6917
6.1795
6.4068
6.4785
6.5473
6.4281
6.6048
6.9957
6.8171
6.8862
7.2662
7.3199
7.2362
6.8324
6.7148
6.7351
5.7938
6.0198
5.8232
5.8653
5.6304
5.6940
5.8544
6.3492
6.0376
5.8964
5.5943
5.8123
5.8710
5.9482
5.8898
6.0356
5.8821
5.9822
5.9350
6.1201
6.1504
6.1874
6.0537
6.1813
5.5422
5.9737
5.8594
5.8039
5.6674
5.5998
5.7154
6.2571
6.0769
6.0011
5.5499
5.3541
5.6002
5.9345
5.6751
5.7045
5.5632
5.6005
5.8874
5.7076
5.4048
5.5531
5.6951
5.6344
5.6685
6.0772
6.0357
6.1615
6.2465
6.2810
6.0088
5.4501
6.0002
5.2483
5.6744
5.6750
5.5730
5.5157
5.6690
5.2905
5.3407
5.3179
5.1596
5.3052
5.3959
5.4779
5.8300
5.5998
5.8181
5.4474
5.9570
5.9631
5.7288
5.6369
5.7379
5.5887
5.7094
5.3318
5.5724
5.9024
5.6850
6.3342
6.0732
5.2478
5.5766
5.8121
5.6344
5.9250
5.4900
5.4781
5.6502
6.1682
5.8259
6.3830
5.4835
5.8007
6.1083
6.2306
6.7580
6.5029
6.3708
5.9921
5.3559
5.3131
6.2335
5.6714
5.7516
5.7649
5.7899
6.1530
6.5186
6.4900
6.7855
6.5912
6.0639
5.7592
5.8626
5.9437
5.8750
6.2206
6.2520
6.2034
6.8162
6.9264
6.8632
6.0895
7.0341
7.0138
7.1161
7.2977
6.7653
6.4080
6.0404
6.2987
6.6944
6.3468
6.1565
6.1029
6.1307
6.1643
6.8858
7.0011
6.6613
6.2073
6.3933
6.3867
6.0707
6.5089
6.5488
5.8297
5.6824
5.5005
5.5260
5.4958
5.7584
5.6311
5.8884
5.8598
5.3626
5.0553
5.5229
4.9617
5.1671
5.1643
5.1579
5.0319
6.1032
6.0171
6.1028
5.8092
6.1465
5.9290
6.0668
5.5869
5.5165
5.6683
5.2797
5.7312
5.6161
5.5506
5.6699
6.0797
5.7924
5.6918
5.5170
5.9720
6.3914
6.5556
7.1087
7.1547
7.1095
6.7026
6.0492
6.0383
6.3492
6.0771
6.0724
5.9416
5.8166
5.4977
5.6558
5.3484
5.2015
5.5148
5.1602
5.4833
5.6599
5.5643
5.3357
5.7236
5.7456
5.9447
6.3185
6.1081
5.8750
6.1400
5.9512
5.9144
5.8038
5.7774
6.1940
5.9080
6.2611
6.4529
5.8082
6.6025
6.3283
6.1540
6.0551
6.0639
5.9702
5.8623
5.4285
5.2272
5.4377
5.7699
6.6284
6.1343
6.1562
5.9835
5.8065
5.6928
5.1122
5.6452
5.3107
5.2016
5.0706
4.9456
5.3210
5.3870
5.2411
5.4819
5.6708
5.9423
6.1116
6.0309
6.2852
5.9769
6.3136
6.2451
6.3887
6.2995
6.3603
6.7445
6.6975
6.7494
6.7774
6.6051
6.8904
6.7800
6.6887
6.3534
5.9198
7.1994
6.7583
6.9187
6.3578
6.9465
6.6825
7.0773
7.0073
6.8984
7.2923
7.3354
7.8831
7.6466
7.2321
7.2150
7.4200
7.8804
7.6351
7.9248
7.5756
8.0341
7.3050
7.6736
7.6873
7.2100
6.9966
7.2188
6.8210
6.5014
6.5444
6.6774
7.1007
6.6867
7.1309
7.1342
7.0230
6.8034
6.4848
6.9436
6.7744
6.7045
6.9602
6.6586
6.6804
6.1239
6.1459
6.4582
6.2514
6.9757
7.0594
6.5186
6.8202
6.1068
5.8145
6.1902
6.3955
6.2468
6.5599
6.5896
6.3554
6.4360
6.7286
6.5723
6.4586
6.6879
6.1397
5.8259
5.8069
6.3024
6.7197
6.9554
7.1277
6.5296
6.5226
6.2975
6.3058
6.0323
6.4005
6.4589
6.2565
6.2115
5.8828
5.7514
5.6620
6.2479
6.1111
6.0591
6.3769
7.1562
6.9960
6.7968
7.0261
6.7737
6.3921
7.2910
6.7163
6.7213
6.4917
7.3210
7.0775
7.1295
7.0827
7.3610
7.2462
6.8847
6.3357
5.9278
6.5120
6.4259
6.5580
6.3926
6.7308
6.3688
6.4858
6.4436
6.8405
7.3034
6.5931
6.9453
6.2371
5.6970
6.4021
7.1475
6.7339
6.4369
6.6011
6.6478
7.0092
7.8284
7.3040
7.0765
6.9767
7.0994
6.9774
6.7269
7.2451
7.3296
7.0114
7.0958
7.3840
7.0357
6.6865
6.8887
7.1050
7.4802
7.5505
7.2322
7.2698
7.0031
7.4165
7.0995
6.8063
6.8078
7.1289
6.8234
6.8591
6.2591
6.8472
7.1439
6.6678
6.2799
6.5134
6.5960
7.0754
6.9380
6.7447
7.2298
7.3596
7.2701
7.2393
6.8668
6.4468
7.0729
7.1113
6.8948
6.5096
6.2142
6.9383
6.6958
6.2441
6.6248
6.3317
6.4742
6.6477
7.1605
6.8723
6.5876
6.7142
6.5706
6.7871
6.7621
6.6366
6.4912
6.3641
6.4615
6.1935
6.4764
6.4139
6.9095
6.3387
6.2521
6.2033
6.7949
6.5482
6.9212
7.0746
6.8046
6.6486
6.6677
7.0799
6.6892
6.8113
6.6650
6.4099
6.0516
6.4442
6.0903
6.3129
5.9134
5.9900
6.1518
6.5350
6.4315
6.3002
6.1970
5.5289
5.8626
5.7166
5.9500
5.3471
5.5714
6.1647
6.1768
6.2478
5.7986
5.8921
5.6522
5.9053
5.9110
6.5726
6.1543
6.4656
6.6397
6.4731
6.8280
6.4470
6.2031
6.2974
5.6655
5.7168
5.9920
6.3558
6.5492
6.5790
6.4620
6.4892
6.0924
5.6729
6.2945
6.8427
6.9092
7.4212
6.8602
6.8186
6.9191
7.0824
7.2154
6.8756
6.8178
6.5311
6.2259
6.4479
6.2034
6.1298
5.9230
6.2904
6.3135
5.8439
5.9901
6.1588
6.2767
6.4387
5.9734
6.0327
6.5833
6.9720
6.7827
6.9938
7.1913
6.7386
6.5622
6.7302
6.4752
7.0007
6.7471
7.4720
7.0645
7.0776
6.3950
6.6027
7.2825
7.5824
7.5213
7.5030
6.9276
6.6924
6.7754
7.1231
7.4711
7.0627
6.7176
6.9001
7.2029
6.8556
6.9331
6.4484
6.8354
7.5790
7.2109
6.9551
7.1683
7.0006
7.2921
7.1165
7.0285
7.3994
7.2773
6.4520
6.6049
6.8168
6.8536
6.6849
6.7571
6.5844
6.8054
7.3461
7.3328
7.1374
7.2930
6.9857
7.3769
7.7313
7.9880
8.2554
7.6945
7.1068
6.2114
6.0008
6.0353
6.0752
5.6616
5.8323
5.7653
5.8395
6.2092
5.7509
5.7026
5.8581
5.9369
5.7898
5.8402
5.8201
5.4230
5.3359
5.4284
5.6789
5.9965
5.5805
5.8431
6.3507
6.4629
6.2814
5.7800
6.0043
5.9836
5.8012
5.8645
5.7888
6.0271
5.3161
5.2239
5.5203
5.1888
5.7055
5.5535
5.7436
5.9322
5.8478
5.7123
5.9723
5.9010
6.3291
6.3389
6.5020
6.6332
6.3045
6.1775
6.3788
6.2650
5.8947
6.0777
5.4691
5.4255
5.0109
5.5001
5.3092
5.1801
5.3002
5.6236
5.7308
6.0562
6.0243
5.8175
5.7324
5.8046
6.2955
6.4099
6.0700
6.1230
6.1647
6.1775
6.6180
6.8103
6.3186
6.6487
6.5962
6.6606
5.9124
6.1870
6.2354
6.2521
5.9450
5.7452
6.1739
6.1845
5.8562
5.5935
6.0544
6.1619
5.9601
5.3610
5.5138
5.4541
5.6791
5.4677
5.6130
5.5170
5.4776
5.4264
5.2866
5.9219
5.9387
6.0763
5.7163
5.3389
5.5975
6.1008
6.2192
6.3288
6.3168
6.6467
6.9954
6.9682
6.4357
6.5961
6.9178
7.1563
7.2329
6.5191
6.0467
5.8041
5.8831
6.0327
6.5659
7.2806
6.4897
6.7302
5.8293
5.9883
5.9350
6.2457
6.2070
6.2402
6.9129
5.9460
5.4679
5.7706
5.6149
5.7861
5.5036
5.5346
5.1687
5.7431
5.7089
5.2758
5.2276
5.3148
5.3194
5.7141
5.4527
5.8842
5.7654
5.7600
5.8186
5.4986
5.8166
5.7293
6.1746
6.0308
6.5474
5.9202
6.1683
6.0405
6.0858
6.1945
5.9406
6.0314
5.4841
6.2837
5.9332
5.9744
5.6445
5.7022
5.6368
5.3996
5.6201
5.9554
5.5995
5.5533
5.3148
5.5021
5.2921
4.9802
4.9406
5.3198
5.4900
5.7076
5.9534
6.2619
5.8204
6.0942
5.9558
6.0300
6.0562
5.7760
5.2057
5.7170
5.7326
5.6864
5.5667
5.7064
5.9636
6.7699
6.9947
6.2839
6.0789
6.9371
6.8584
6.1203
5.8585
5.2837
5.2361
4.8775
4.9242
5.2324
5.2340
5.2077
5.0030
5.5388
5.6866
6.0691
6.2072
6.1708
6.2598
6.1234
5.6614
5.5086
5.4370
6.0371
5.9373
6.2623
5.7434
5.4764
5.5571
5.2103
4.9407
5.2181
5.4663
5.5744
5.4889
5.1395
5.3057
5.6264
5.6037
5.9691
5.8616
5.5584
5.5402
5.2655
4.9786
4.7159
4.9331
4.9994
5.2892
4.8939
5.1161
4.7758
4.2863
4.3914
4.7301
5.3410
4.9271
4.7339
5.2715
5.3556
4.6318
4.5932
4.6033
4.9774
5.2567
5.3848
5.6307
5.5415
5.6586
5.7601
5.0962
5.1657
4.7581
5.3965
5.1724
5.2493
5.8921
6.0896
5.7825
5.4994
5.3720
5.6439
5.5606
5.9262
5.6409
5.7222
5.7513
5.6705
5.8847
5.5770
5.6512
6.1231
5.8297
5.7784
5.9046
5.2729
4.9567
5.0539
5.5295
6.0416
5.7040
5.6131
5.1895
5.5524
5.8389
5.8024
5.2537
4.8843
5.4105
5.8713
5.5885
4.8909
5.2588
5.8829
6.0725
6.3729
6.3887
6.7159
5.8439
6.2479
6.3435
6.1303
5.9257
5.9294
6.1938
6.0552
6.4152
6.8979
6.7540
6.3218
6.2558
5.9933
6.2067
6.6461
6.0173
5.8680
6.2608
6.2965
6.2253
6.1186
5.6553
5.2970
4.9895
5.4399
5.1644
4.9821
5.6842
5.7006
5.6744
4.9085
4.7610
4.9821
5.1015
4.6833
4.9415
5.0077
4.8922
5.0159
4.8189
5.0348
5.4302
6.1122
6.2935
5.9352
5.5711
5.7792
5.9263
6.0411
5.7270
5.8297
5.5020
5.3665
5.4727
5.1975
5.4165
5.5633
5.5791
6.0763
6.0710
5.9193
5.6357
5.4757
5.5266
5.5811
5.7288
6.2296
5.8668
5.5360
5.8820
6.4345
5.6792
5.7022
5.1629
5.0700
5.2862
5.3736
5.0859
5.0748
5.9216
6.2822
5.5586
5.8900
6.0171
5.7234
5.8981
5.6876
6.0638
5.6867
6.2023
6.0430
5.9612
6.0686
6.0996
5.9505
5.9972
5.9154
5.6214
5.5577
4.7145
4.8246
5.4059
5.0936
5.3460
5.5209
5.2738
5.4982
5.1176
4.9693
5.0152
5.5422
5.2900
4.8919
5.2727
5.5849
5.9379
6.3076
5.7427
5.7873
5.4529
5.7092
5.4833
5.6040
5.3621
5.9077
5.8484
5.5527
5.6353
5.5651
5.7036
6.0918
5.9000
5.8223
5.6843
5.7365
5.8438
5.8893
5.9526
5.7435
5.9870
5.7934
5.4424
4.9275
5.1185
5.1132
5.1912
5.6257
5.5357
5.9000
6.3758
5.4861
5.2634
5.2640
5.3933
5.4769
5.4873
5.5114
5.6227
5.3628
5.1028
5.0889
5.4267
5.5402
5.4771
5.4839
5.5014
5.2109
4.8421
4.9680
5.0739
5.0827
5.1832
4.8696
4.9849
4.8558
4.7893
5.0229
5.2516
4.8387
4.7655
5.4844
5.2293
5.1586
4.8130
5.0428
4.9179
4.9307
5.0673
5.2745
5.4873
5.1881
5.0432
4.5690
4.6310
4.7666
4.7328
5.0863
5.1966
5.8297
5.9168
6.3170
6.6708
6.8123
6.3683
6.4722
6.7114
6.6120
6.7240
6.3980
6.8281
6.4895
6.2540
6.0346
6.5674
6.4643
5.8252
6.0661
5.8047
6.2427
6.4949
6.1590
5.5871
5.8628
5.8384
5.7805
5.9079
6.1165
6.2423
6.3611
6.1444
6.7379
6.3747
6.1416
6.0595
5.9598
5.9192
5.8708
6.0145
5.6807
5.6889
5.5140
5.6742
5.5530
5.5642
5.6668
5.2879
5.1524
5.3454
6.1854
6.2383
5.8748
5.5195
5.5421
6.2100
5.5901
6.2873
5.8489
5.3122
5.6469
5.4712
5.4497
5.6449
5.7211
5.5793
5.4360
5.4294
5.6516
6.4385
6.4299
6.0513
6.0404
6.2381
6.1858
6.4628
6.9357
6.6439
6.3863
6.0459
6.0116
5.7398
6.3560
6.2889
5.8975
5.6443
5.9632
6.0990
6.1937
5.7114
5.8448
5.9912
6.0250
5.8404
5.7735
5.8418
5.9012
5.9146
5.9039
6.1944
6.6838
6.5679
6.5688
6.5414
6.6025
6.2647
6.6726
6.4749
6.1501
5.7732
6.1447
6.3794
6.2991
6.0247
5.6555
5.9869
5.6893
6.2229
6.4013
6.1168
5.9940
5.4499
5.4219
5.3905
5.8839
5.5271
5.3948
5.5363
4.9230
5.4027
5.2886
5.5502
5.3589
5.7701
5.5785
5.9767
6.0201
6.2377
5.6848
5.6199
5.7218
5.1851
5.2832
5.5355
5.4793
5.7232
5.4101
5.2461
4.9409
5.1137
5.1971
5.0261
5.0922
5.0614
5.1002
5.4274
5.9258
5.6393
5.6367
5.1229
5.4845
5.7253
5.1311
5.6247
5.6487
6.2162
5.3664
5.1482
5.6372
5.9148
5.8666
5.4712
5.6139
5.4967
5.7116
6.1432
5.7546
6.0998
5.8546
6.0999
6.2737
6.3381
6.1474
6.4188
6.3195
6.0467
6.1840
6.1968
6.4684
6.4728
6.5715
7.1403
6.5969
6.5564
6.3975
6.4393
6.8808
7.4751
7.2132
7.2228
7.0619
6.3516
6.0444
5.9583
5.8670
5.8702
5.7535
6.1839
6.1408
5.9917
6.0314
6.2532
5.7498
5.8431
5.7210
6.2662
6.3732
6.0083
6.1518
5.6454
6.1257
6.0430
6.1138
6.6314
6.4224
6.5689
6.9339
6.8084
6.7754
6.5006
6.3937
6.8009
6.1021
6.1618
6.0961
5.9366
6.3276
6.7524
7.1920
7.1065
6.8285
6.2422
6.8720
7.1254
6.7316
5.9513
6.0257
5.6722
5.2870
5.3911
4.9609
5.1206
5.1471
5.8590
5.9443
6.5019
5.9502
5.9787
6.5891
6.2112
6.5163
6.1477
6.1514
5.7337
5.7176
5.7463
5.9908
5.9524
5.8944
5.8120
6.3578
6.3955
5.5548
5.8729
5.5497
5.3854
5.5948
5.2439
5.0942
5.4503
5.9183
5.7783
5.6205
5.5884
5.5493
5.9723
6.1605
5.7848
6.1703
6.3475
6.2492
6.3741
6.7826
6.7735
6.3397
6.1624
6.4335
6.3832
6.3296
6.1177
5.9940
6.1348
6.2546
6.3613
6.4171
6.2684
6.7971
6.8888
6.4077
6.9840
6.6474
6.5241
6.3370
6.2305
6.0078
6.1914
6.3596
6.3822
6.4704
6.2177
6.8305
6.5784
6.4345
5.9963
6.4799
6.6697
6.4211
6.1621
6.7121
6.6628
6.6338
6.7371
7.5995
6.9199
7.0772
6.5021
6.2649
6.5340
6.2054
6.2757
6.2228
6.6491
6.8917
6.9817
7.2814
7.2495
7.2154
6.7696
6.8595
6.7121
7.1195
7.9084
7.1996
7.0349
6.9190
6.9485
6.8067
6.9116
6.9803
7.0079
6.9433
6.6571
6.6281
7.3321
7.1587
7.6935
7.6061
7.5554
7.1538
7.2041
7.2263
7.2055
6.7540
6.8834
6.7372
7.0021
7.2795
7.6278
7.7704
7.7490
7.9500
7.6533
8.0388
7.7004
7.5072
7.6387
7.9382
8.0188
7.4218
7.2818
7.4158
7.4651
7.2935
7.6273
7.4766
7.0359
6.4499
6.8432
6.5306
6.5994
6.5497
7.3022
6.8149
6.3767
6.3799
6.5921
7.0252
7.0208
7.2352
7.0197
7.1587
6.6562
6.6430
6.5663
6.7027
7.1358
6.8785
7.1947
6.3291
6.5639
6.9097
6.4910
6.5617
6.5562
6.9878
7.0765
7.3533
7.0821
6.8306
7.1652
7.2006
6.7091
6.6284
6.8238
7.1043
6.7528
6.4246
6.7614
7.2571
6.9944
6.9928
6.1012
6.4880
6.4674
6.6152
6.8875
6.8876
7.5904
7.5676
7.8435
7.3458
7.8346
7.2099
6.8039
7.0799
6.7873
5.9995
5.8935
5.6276
6.2186
6.2490
6.3045
6.5418
6.3275
6.7071
7.0266
6.8488
6.9332
7.0437
6.7585
6.8572
7.0261
6.9419
6.7672
6.1112
6.5055
5.7417
5.6816
5.7113
5.7379
5.6028
5.4939
6.0365
6.4213
6.4687
6.0639
5.9315
5.9906
6.1367
6.0816
6.4099
6.1764
6.2498
5.8511
5.0499
5.1377
5.3794
4.9021
4.9251
5.3535
4.8800
5.2564
5.5226
5.6262
5.7712
5.3745
5.8734
5.8869
5.6942
5.7078
5.9126
5.5266
5.7053
5.6119
6.2520
5.8876
5.6664
5.8755
5.9487
5.6085
5.8112
6.1828
5.5139
6.0769
6.4718
6.5201
6.3945
5.7709
5.6738
5.8803
6.2994
5.6469
6.0644
5.8453
5.7898
5.7819
5.7096
5.9179
5.7871
6.1129
6.1879
5.9488
5.8711
5.8235
5.8302
5.4087
5.3342
5.2479
5.8061
5.9058
5.4386
5.3966
5.3958
5.1986
5.3290
5.4415
5.4324
5.1656
5.5310
4.9797
5.3663
5.4121
5.5133
5.7541
6.0379
5.4747
5.6018
5.3128
5.2442
5.1321
5.4506
5.2772
5.2130
5.6623
5.7764
5.8894
5.6959
5.7617
5.6327
5.6398
5.9003
5.4920
5.2651
5.0997
5.3220
5.6580
5.8004
5.8916
5.6906
6.3578
6.8995
6.2760
5.6678
5.8387
6.0383
5.6053
5.9889
5.1685
4.9825
4.8933
5.0008
5.3501
5.5817
5.6282
6.0487
5.7106
5.6352
5.4418
5.2623
5.2134
5.8809
5.2554
5.2453
5.5835
5.6358
5.6179
5.4750
5.4246
5.5807
5.9302
6.0978
5.7395
6.0803
6.2581
6.1174
6.7450
6.9997
6.7520
6.4189
5.9086
6.0257
6.3057
6.1387
6.7168
5.8809
5.5047
5.4655
5.8466
5.3824
5.1131
5.0342
5.4259
5.5679
6.0089
6.0913
6.2099
5.3639
5.1718
5.3817
5.0127
4.9889
5.3023
5.5736
5.6455
6.0611
5.8352
5.9845
6.5359
6.5002
7.0685
6.2188
5.8699
5.8615
6.2131
6.4589
6.0362
6.0656
6.2099
6.1193
5.9640
5.7856
5.3046
5.1786
5.2273
5.8966
5.7140
5.7972
6.1602
6.0924
6.7825
7.1070
6.9722
7.7083
7.5660
7.5846
7.2248
6.7226
6.7353
6.7017
6.0589
5.9880
6.5738
7.0403
7.3824
7.3893
7.4407
6.8295
6.5270
6.7483
6.0196
6.2239
6.0075
6.1588
5.7075
5.7504
6.0975
6.2594
6.3714
6.2597
6.8426
7.1833
6.8910
6.9242
6.5216
6.2993
5.9881
5.7381
6.0181
6.4823
5.9560
6.2970
6.1797
5.9320
5.9530
6.4703
6.3492
6.2221
5.7159
5.7189
5.9000
5.5483
5.6879
5.6463
6.0925
5.4866
5.9002
5.9979
5.7578
5.9617
5.6817
5.7127
5.5190
5.8409
5.9460
6.1444
5.5812
5.9338
6.1397
6.2752
6.4738
6.1967
5.9649
6.0549
5.7214
6.3952
6.6156
6.4499
6.2869
5.7821
6.2104
6.0633
5.9839
6.3772
6.5317
5.9762
6.3466
6.0282
6.3260
6.4951
5.6053
5.9743
6.0286
6.1080
5.9434
6.3673
6.1113
5.6693
5.4509
5.0372
5.4528
5.4124
5.4928
5.3113
5.0445
5.2355
5.4794
5.4951
5.1907
4.9024
4.8382
4.8252
5.1986
5.0352
5.0300
5.5666
5.2352
5.3989
5.2769
5.1087
5.1446
4.9664
5.1903
4.9264
4.8485
5.3550
5.9972
5.7573
6.2902
6.4254
6.8847
6.9318
6.6895
6.2691
6.4263
6.6577
6.6878
6.9127
7.4054
7.4905
6.4345
6.4716
6.1268
6.8048
5.8183
6.1528
5.7590
6.0373
5.8033
5.7829
5.9047
5.9110
5.6964
5.8081
5.7797
5.8256
5.2453
6.0964
5.8840
6.0843
6.5064
6.1063
5.8966
5.3139
5.2470
5.4076
6.1459
5.8823
5.9282
6.2701
6.0275
5.8469
5.7298
5.5910
5.5160
5.8382
6.3089
6.0287
6.2659
6.5773
6.6557
5.9751
5.6230
5.7594
5.7743
5.6796
5.7126
5.9415
5.9029
5.4904
6.8196
6.6960
6.2258
6.9982
7.0664
6.7614
6.1763
6.6762
6.7771
7.3210
6.3989
6.3211
6.3249
6.0953
6.3061
6.4869
6.0381
5.8691
6.1849
6.0163
5.9884
5.5319
6.3702
6.0171
6.2582
6.2925
6.3439
6.7198
6.6130
6.3302
6.1285
6.0883
6.8451
7.0108
5.6591
6.5526
6.2508
5.8346
6.1841
6.3997
6.8296
6.6800
6.4069
6.6819
6.2459
5.6965
5.8692
5.9315
6.0297
5.5893
5.4699
5.3280
5.4909
5.2945
5.6145
5.6407
5.4261
5.7481
5.3425
5.5657
5.1692
5.5565
5.4864
5.6154
5.6258
6.1032
6.3394
5.8813
5.5515
5.4193
5.2379
5.2160
5.2180
5.0609
5.0631
5.0026
5.1846
5.4432
5.2590
5.2068
5.2441
5.5115
5.2367
5.8305
4.9808
5.3449
5.9386
5.2047
5.1694
5.3702
5.0426
5.0608
5.1924
5.2500
5.4091
5.4783
5.3492
4.9203
4.8643
5.4142
5.0977
6.1491
5.4626
5.7675
5.6122
5.1204
4.9391
5.1632
4.7642
4.5978
4.7785
4.7779
4.9891
4.7688
4.4419
4.7031
4.6880
4.7342
5.1849
4.8915
5.1614
4.9550
4.8918
5.0052
4.8861
4.9158
5.5804
5.4447
6.1328
6.0810
5.7451
5.9714
5.9156
5.6616
5.2966
4.7315
4.6575
4.8032
4.8846
4.9911
5.2655
5.0323
4.4795
5.0719
4.9506
4.7535
5.0640
4.8462
5.3736
5.6515
5.2835
4.8309
5.2846
5.3300
5.4732
5.1334
5.3430
4.9674
5.1039
4.9537
4.6099
4.7881
4.7757
5.0959
5.2694
4.9492
5.2669
5.7368
6.3334
6.9571
6.7761
6.5547
6.9463
6.4909
6.6373
6.4121
6.3232
6.3037
6.1061
6.2053
6.1239
5.5828
5.2692
4.8477
4.6237
4.5557
4.7369
4.6477
5.0600
4.7727
4.6236
5.0902
4.9293
4.9842
4.9055
4.7562
4.3148
4.3950
4.2509
4.7084
4.1619
4.1926
4.1736
4.4946
4.8458
4.9479
5.1368
5.2358
5.7101
5.7012
6.0948
5.9452
6.7923
6.5858
5.6962
5.7216
5.5220
5.0383
5.1990
5.6504
6.1113
6.0418
5.6983
5.0862
4.5556
4.6890
4.9461
4.8571
5.1161
5.3575
5.5973
5.3181
5.2256
5.2759
4.9827
4.9465
5.1299
4.9568
4.6545
4.8711
5.1315
5.5326
5.2524
5.2877
5.3732
5.0147
4.9831
4.9150
4.8044
4.8112
5.2146
5.0955
4.4364
4.8745
5.0323
5.2458
5.0443
5.1156
4.8189
4.8382
5.0311
5.3980
5.6356
5.6775
5.6174
5.3857
5.3671
4.8663
4.7019
4.7832
4.8011
4.8732
4.8342
4.2615
4.8759
4.4732
4.5370
4.4948
4.3164
4.6355
4.5376
4.4233
4.1111
4.4745
4.5501
4.5328
4.4612
4.6648
4.7707
4.8553
5.0171
5.1300
4.4459
4.0528
4.2839
4.6413
4.3476
4.3894
4.4199
4.3025
4.1728
4.3469
4.6176
4.2289
4.7205
4.9535
4.6778
4.0349
4.2843
4.3098
4.3929
4.6366
4.4776
4.4191
4.6079
4.5165
4.8217
4.7064
4.9209
4.6879
4.2765
4.7639
4.7189
4.7078
4.7238
4.4845
4.7489
5.0355
4.9687
4.9012
4.9407
4.8241
5.2743
5.3460
5.4253
5.2693
5.3485
5.2300
5.1979
5.2463
5.5115
4.9221
4.9436
4.8975
4.9092
5.2540
5.5740
5.6088
5.2748
4.9222
5.1381
5.4560
5.2694
5.1022
4.6060
4.7425
5.0661
4.9760
4.6606
4.2144
4.3980
4.3133
4.4864
4.2080
4.3440
4.4935
4.3540
4.4971
4.8641
4.2459
4.0854
4.0892
4.2561
4.1769
4.3986
4.7674
4.7667
4.1485
4.2110
4.2954
4.7853
4.5991
4.7845
4.0880
4.2394
4.0795
4.2610
4.1495
4.1627
4.1407
4.0097
3.9224
4.1506
3.9429
4.2428
4.4550
4.6741
4.7052
4.6492
5.0397
4.8949
4.7971
4.9908
4.6733
4.7555
4.6503
4.6493
4.7140
5.0177
4.7604
4.5591
4.9378
5.1442
4.7148
4.3766
4.7020
4.6236
4.5616
4.8770
4.8933
5.0127
5.0065
4.7207
4.9613
5.1401
4.5912
4.5794
4.5532
3.9986
4.3192
4.1212
4.5294
4.7955
4.7941
4.7477
4.5489
4.5230
4.5688
4.5021
4.5868
4.9932
4.7746
5.0730
5.0118
5.1074
5.3002
5.4477
5.4060
5.4687
5.3956
5.2813
5.4009
4.9812
4.4753
4.9373
4.9325
4.8302
4.9315
5.0277
5.3835
5.3062
5.1680
5.2272
4.8788
4.7659
5.0835
4.8330
4.4982
4.3167
4.0511
4.2439
4.2605
4.9667
4.9375
4.8739
4.5712
4.4271
4.4153
4.4561
4.4519
4.2488
4.5204
4.3520
4.1959
3.9780
3.7762
3.8891
4.0099
4.3835
4.5858
4.3261
4.8608
4.5809
4.7899
5.0145
4.6959
4.9900
5.0215
4.8711
4.6825
5.1689
4.9964
5.0069
4.6949
4.7244
4.8318
4.6478
4.8438
4.4251
4.7850
4.5164
4.7005
4.4719
4.7933
4.3844
4.5087
4.6981
4.6947
4.8660
4.8145
4.8899
4.4527
4.9672
5.3921
5.0596
5.3235
5.0731
5.4245
5.8930
5.4162
5.7725
6.0151
5.8938
5.8187
5.2388
5.3997
5.5329
4.9814
4.4748
4.9391
5.2288
4.6869
4.8099
4.6673
4.9179
5.1210
4.7643
5.1279
4.6928
4.9198
4.9721
4.9197
4.6592
4.7068
4.9482
5.3858
5.4609
5.6955
4.9830
5.5159
4.9958
5.0197
5.3780
4.9768
4.9802
4.7301
4.5622
5.4280
5.3397
5.1665
4.9771
5.3114
5.3348
5.3069
5.4817
4.7555
5.1664
5.1555
5.6461
5.9581
5.4258
5.5327
5.7036
5.8619
5.7472
5.3185
5.4255
4.9675
5.1564
5.4059
5.1957
5.5422
5.2029
4.8147
4.8431
5.1840
5.1243
5.4669
5.3033
5.5316
5.9437
5.9205
5.6149
5.3907
5.2635
5.5091
5.5414
5.3875
4.9310
4.9394
4.7222
4.5842
4.5831
4.9438
5.0728
4.7564
5.2112
5.0099
5.2821
4.8318
4.8112
4.9879
4.6712
4.7130
4.3956
4.6311
4.7678
4.5138
4.7839
4.6427
4.7690
4.9538
4.5801
4.3218
4.4796
4.8061
4.5681
4.7043
4.4302
4.7113
4.8505
4.6501
4.6520
5.1311
5.4138
5.1424
4.8590
4.8888
4.9088
4.6541
4.8022
5.2542
5.2829
4.6840
4.9264
4.9088
4.9592
4.9326
5.0249
5.4498
5.2309
4.7331
5.1051
4.8843
4.9808
5.0810
4.4043
4.3699
4.4023
5.0331
4.9553
5.4701
5.4097
5.1214
5.2126
5.1842
5.1256
5.0387
4.8958
4.7022
4.5093
4.9275
4.5837
4.8568
5.2822
4.6977
5.1259
4.8452
4.8056
5.2492
4.8751
4.8159
4.9171
4.9999
5.0735
5.1243
4.7531
4.7312
5.1359
5.1030
4.8605
5.5483
5.2332
5.3884
5.2390
5.7122
5.5473
5.7068
5.0810
5.1522
5.2516
5.3776
5.2928
5.1121
4.7036
4.2971
4.6509
4.8643
4.8599
4.7029
4.9493
4.8312
4.8142
5.1208
5.4649
5.3583
5.5844
4.9046
5.0488
4.9053
5.2627
4.6843
5.3312
5.6198
5.9234
5.7361
5.4140
5.1136
4.6738
4.6611
5.1269
5.6843
5.8830
6.2641
6.2915
5.8991
6.3583
6.4026
6.2029
6.0896
5.2528
4.9019
5.3688
5.3068
5.1685
5.6037
5.4755
5.4427
5.6901
5.2784
4.6446
5.6317
5.4626
5.2557
5.2864
5.3827
5.5376
5.1688
5.7160
5.5939
5.1184
5.3625
5.8329
5.4371
5.5419
5.8807
5.6811
5.8673
5.6188
5.3940
5.6690
5.4431
5.6341
6.2066
5.8143
5.8633
5.3208
5.1722
5.5871
5.8329
5.1473
4.9547
4.8926
5.9115
5.9521
5.9024
5.5931
5.2813
5.4496
4.8416
5.2363
5.0482
5.4649
5.0907
4.8371
4.8759
4.9503
4.9455
5.3325
5.1601
5.2141
5.3317
5.0947
4.9275
5.2066
4.9575
5.1189
5.3031
5.0307
5.2572
5.3585
5.3382
5.8291
5.2021
4.9147
4.8415
4.7597
4.7732
4.4928
4.2671
4.1066
3.9357
4.0462
4.1212
4.4902
4.4671
4.7749
4.1330
3.9979
3.9151
4.0874
4.5313
4.6662
4.4842
4.3102
4.3598
4.5143
4.7669
4.3524
4.8281
4.6906
4.3761
4.3673
4.6057
4.4428
4.1458
4.6604
4.8461
4.7863
4.7943
4.7960
5.1179
4.6474
4.8612
5.0598
4.9595
5.0253
5.1084
5.1919
5.0162
5.0275
4.6224
4.8740
4.4726
4.5383
4.3133
4.5269
4.2328
4.1871
4.4460
4.2584
4.1314
4.6019
4.5816
4.2557
4.4968
4.7371
4.9455
4.4160
4.6964
4.5187
4.6029
4.5137
4.9805
4.7079
5.1413
4.8537
5.5698
5.2707
4.9580
5.1566
5.0943
5.0841
5.3701
5.6082
5.3771
4.8348
4.7280
4.8871
5.0903
4.9089
5.0730
5.1477
5.0076
5.2397
4.9914
5.2989
5.2098
5.0555
5.3155
5.0303
4.7187
4.9274
5.1530
5.1258
5.4024
5.3681
5.0494
5.0509
4.8341
4.8130
4.6857
5.4395
5.2590
5.3319
5.0578
5.3507
4.8658
5.4603
5.5832
5.8496
5.7991
5.6387
5.4593
5.5976
5.3847
5.1695
5.4005
5.5292
5.3512
5.2975
5.4629
5.2903
4.8962
5.6619
5.5218
5.6096
5.6737
5.4134
5.5118
5.2373
5.2544
5.3939
5.3712
5.0663
5.2154
5.2379
4.8082
4.9763
4.8713
5.1261
5.5449
4.9298
5.0872
4.4958
4.3864
4.3611
4.3141
4.8790
4.6879
4.8065
4.6313
4.9596
5.0004
4.7493
4.7423
4.8527
4.8411
5.0308
5.1593
4.8707
4.6943
4.7704
4.6691
4.4539
4.5452
4.7928
4.7738
4.6446
4.5727
4.5224
4.6030
4.8004
4.4986
4.8056
5.3627
4.9477
5.1451
5.2897
5.0732
5.0520
4.9875
4.6106
4.6958
4.6443
4.6790
4.7167
4.3527
4.5774
4.7595
4.9396
5.4785
5.5229
5.2904
4.8812
4.7600
4.7220
4.7436
4.6974
4.8621
4.4708
4.4809
4.7196
4.2121
4.1532
4.2725
4.3787
4.4502
4.4027
4.5903
4.5542
4.6248
4.4291
4.0457
4.3628
4.2456
4.5331
4.7451
4.2968
4.3722
4.3347
4.4982
4.2862
4.4735
4.6028
4.4310
4.7076
4.9062
4.9205
4.9571
4.9146
4.7272
5.0567
5.0275
4.9804
5.1638
5.3116
4.9969
4.9939
5.4175
5.4957
5.3096
5.1679
5.6338
5.2162
5.7534
5.4383
5.5108
5.7250
5.5605
5.8810
5.7391
5.9334
6.0056
6.0195
5.9508
5.8158
5.6255
5.9990
5.5521
5.3131
5.9469
5.7453
5.4542
5.8120
5.8633
5.9348
5.7342
5.9097
5.3266
5.0727
5.2575
5.0578
4.7584
4.8378
4.7889
4.6758
4.8303
5.0256
5.4731
5.6130
5.8367
5.6299
5.2273
5.2852
5.3147
5.3724
5.1928
5.4763
5.2380
5.4887
5.4168
5.6163
5.5294
5.4302
5.6972
5.4802
5.5967
5.7769
5.3778
5.6204
6.1046
5.7922
6.1402
6.1065
5.9515
5.9420
6.0222
6.3516
6.2698
5.9211
5.9465
5.8225
6.2802
6.5011
6.3950
6.1796
5.8360
5.3585
5.6149
5.3937
5.8250
5.5302
5.1412
5.6063
5.1815
5.6011
5.9222
5.4875
5.8565
5.5679
5.5538
5.5554
5.4759
5.9836
6.0179
5.7723
5.4084
5.4956
5.3072
5.7118
5.6851
5.4526
5.4867
5.8086
5.4205
5.3471
5.3867
5.3716
5.1214
5.3912
5.4306
5.4758
5.4661
5.2502
5.0615
5.0444
5.1306
5.2641
5.4520
5.4816
4.5970
4.3146
4.7567
4.5713
4.5716
5.0543
4.9816
4.8184
5.0724
4.8783
4.9805
5.0069
4.6420
4.9526
4.9333
5.0159
4.9386
5.2432
4.9876
4.9073
4.9318
4.8640
5.1058
4.8958
5.1894
5.2257
5.2649
5.0122
4.9836
4.9292
4.9862
4.6211
4.9967
4.6650
4.4914
4.8684
4.6232
5.1720
4.8304
5.3032
4.7252
4.6981
4.9231
4.7950
4.6473
5.2078
4.9152
4.5794
4.8529
4.4725
4.7683
4.3711
5.0724
4.9826
4.9360
5.0496
5.1611
5.2963
5.3069
5.3153
5.0433
4.9549
5.1115
5.4390
5.1231
5.5878
5.3816
5.0922
5.2630
5.0499
4.9844
4.8923
4.9695
4.6469
4.5050
4.6080
4.5800
4.8877
4.8566
4.9656
5.0023
4.7651
4.7338
4.4058
4.4413
4.5843
4.8648
4.3520
4.5197
4.7044
4.9115
5.4490
5.3926
5.2570
4.9501
4.9216
4.8002
4.8646
4.6881
4.4516
4.9325
4.6163
4.6919
4.9216
4.7916
4.8592
4.7627
4.8145
4.7936
5.4996
5.2620
4.9498
4.8670
4.9024
5.0455
4.7912
5.0908
4.9640
4.7648
5.3087
4.5854
4.8766
4.7632
4.6179
4.6698
4.5498
4.6488
4.8853
4.3726
4.3729
4.8917
4.5001
4.1925
4.6556
4.4658
4.5211
4.6279
4.4089
4.1861
4.2846
4.5888
4.9244
5.1704
5.0517
5.3620
5.7007
5.6436
5.0344
5.0103
5.2758
4.9160
5.0387
5.1069
4.7150
5.7053
5.3351
5.1239
5.5731
5.5976
5.4602
5.2488
5.0155
4.6768
4.8200
5.1245
5.1778
5.0576
5.2540
5.1434
5.5198
5.3705
4.8683
4.9856
5.2147
5.1951
4.4340
4.5587
4.6431
4.3756
4.9133
5.1068
5.2117
4.8835
4.7411
4.9840
5.2208
5.2545
5.0757
5.6813
5.0138
4.9900
5.1821
5.1951
5.1640
5.2778
5.0520
4.6852
4.8534
5.3554
5.1546
4.9736
5.0930
4.8837
5.1343
4.7956
5.0125
5.1963
5.3684
5.1409
4.9490
4.6654
4.7787
4.5528
5.0572
4.8341
4.7490
5.1236
5.0699
4.7121
4.5928
4.5834
5.0068
4.3558
4.8291
4.7770
4.7345
4.6644
4.9569
4.9809
5.2449
4.8024
4.8389
5.0814
4.9596
4.9385
5.0421
4.9945
5.0988
5.1466
4.7865
4.8299
4.8960
4.6009
4.7185
4.7136
4.7041
4.9317
5.1618
5.0856
5.1665
4.8402
4.9228
4.9633
5.1390
5.2192
4.5860
4.9361
4.8650
4.8936
5.0139
5.2939
5.1864
5.5392
5.1720
5.4875
5.2043
5.1029
5.4580
5.2817
4.9688
5.2237
5.6533
5.6129
5.2131
4.9839
5.2385
5.2553
4.9764
4.9229
5.5324
5.7532
5.6034
5.4643
5.2202
5.4278
5.6287
5.8383
5.7915
5.6912
5.7787
6.0250
5.1932
5.0763
5.2691
5.2027
5.0849
5.3119
5.1320
4.9907
4.7783
4.8722
4.6878
5.0833
5.3320
5.4608
6.0133
5.5368
5.2402
5.0635
4.8868
4.7768
4.8234
5.3522
5.1653
4.9930
5.1328
5.1230
5.6403
5.7407
5.3279
5.2021
5.0952
4.9285
4.9080
4.7860
4.8458
5.4683
4.7188
4.7283
4.8423
5.1403
5.5940
5.8288
5.8741
6.3425
6.3459
5.9812
5.6416
5.1493
5.3111
5.4584
5.0628
5.1904
5.1489
4.9461
5.0024
4.7906
4.6576
4.6723
4.6540
4.8605
5.1223
5.0069
4.9836
4.5580
4.6299
4.8475
5.1984
4.9858
4.7942
5.2475
5.1010
5.4302
4.9149
4.9444
5.3734
5.3771
5.3395
4.9539
4.7585
5.0152
5.3396
4.9852
5.0005
4.8588
5.0791
5.1048
4.6902
4.9942
4.7554
4.7672
4.9311
4.6520
4.5704
4.4438
4.6471
4.6904
4.8776
5.1009
5.0998
5.1874
4.9264
5.0210
5.0376
5.0724
5.0530
5.0513
5.5420
5.5174
5.3887
5.3583
4.7445
4.6773
5.0329
4.7854
5.1100
4.8621
4.9192
5.2362
5.2164
5.5045
5.0832
5.2642
5.3062
5.1932
5.2872
4.9825
4.7704
5.0515
4.9535
5.1451
5.0063
4.6905
4.9953
4.6280
4.8547
4.9040
4.8392
4.7697
5.1627
4.9485
4.8556
4.5431
5.1458
4.9442
4.9534
4.6379
4.7515
4.6830
4.8162
4.8842
4.5645
4.6783
4.5328
4.6455
4.8201
4.7709
4.2283
4.4636
4.4646
4.5899
4.7319
4.9507
4.4408
4.4650
4.6783
5.0112
5.4362
5.5590
4.8746
4.8556
5.1292
5.1230
4.9901
4.9850
5.4436
5.5987
5.0631
4.9332
5.3734
5.5007
4.8855
5.1954
4.8832
5.1142
5.1318
5.3869
5.3551
5.2816
5.0271
5.1344
5.3814
5.0190
4.7910
4.7612
4.5927
4.5153
4.9176
4.9150
4.8496
4.5736
4.5766
5.1539
4.9340
5.0628
5.2843
5.2298
5.0763
5.2320
5.0871
5.1331
5.2019
5.2671
5.3117
5.3843
5.2631
5.2483
4.8703
5.3557
5.4008
5.6403
5.5155
5.6511
5.5491
5.7526
5.7766
5.7178
5.8338
5.3454
5.4349
5.5487
4.9636
5.1976
5.5082
5.8256
5.3778
5.5388
5.5308
5.2929
5.4346
5.4775
5.5934
5.0136
5.0300
5.2253
5.0006
5.0235
4.5839
4.5273
4.9779
5.1068
4.8601
5.1069
5.1654
4.9945
4.8189
4.8608
4.7898
5.1643
5.3436
4.9584
4.7039
4.9341
4.7261
5.0450
5.0997
5.5591
5.3813
4.9106
4.6967
4.7264
4.6873
4.5459
5.3447
5.3633
5.6842
5.6404
5.5216
5.1909
5.0871
4.6746
4.8490
4.8618
4.9066
4.9822
4.8574
5.2874
5.4187
5.4646
4.9408
5.1450
5.4124
5.5926
5.0863
5.2189
4.9645
5.4185
5.2390
5.4247
5.4797
5.6717
5.7034
5.6532
5.9457
5.7135
5.8680
6.2570
5.6496
5.1983
5.5199
5.5500
5.4637
5.6848
5.7295
5.7190
5.8495
5.4720
6.0534
5.4198
5.4898
5.8675
5.8285
6.1826
6.2958
6.4051
6.3557
5.9064
5.9128
5.8418
6.0962
5.6547
5.6888
5.7987
5.8968
5.9684
6.4484
5.9054
5.6659
5.6405
5.7764
5.1612
4.8800
5.1732
5.4303
5.8692
6.5625
6.4540
6.2811
6.6439
6.1036
6.6875
6.7237
6.2740
5.8742
6.1959
6.4416
6.4893
6.5210
6.3752
6.6381
7.0622
7.0514
6.4687
6.3333
6.3554
6.3245
6.3236
6.6956
6.1846
6.1823
6.2754
6.4520
6.0527
6.3027
6.1203
6.4607
6.3616
6.3040
5.8677
5.5824
5.7358
5.5527
6.0898
5.9516
5.9876
6.0205
5.4061
5.6027
5.6509
5.8298
6.2734
5.9174
5.9458
6.0561
5.6573
6.0905
5.9113
5.3793
5.3227
5.6382
5.5047
5.8306
5.5680
5.6468
5.1764
5.1057
4.9270
4.6041
4.7310
5.0402
4.8891
5.2763
5.2095
5.3612
5.5741
5.4389
5.9295
5.8076
5.6784
5.7504
5.4390
5.4515
5.4361
5.1113
5.8723
5.7117
5.4665
5.5112
5.4332
5.6864
5.4199
5.6275
5.8323
5.5491
5.8536
6.2280
5.8968
5.6767
6.5983
5.8027
6.1390
6.2686
5.9764
5.9692
6.1202
6.1079
5.9524
5.6137
5.6798
5.3477
5.4649
5.8391
6.6466
6.2228
6.0006
5.7785
5.3163
5.4933
5.7196
5.4172
6.1402
6.1409
5.6598
5.6267
5.5580
5.7699
5.4493
5.8781
6.1312
5.6741
5.7969
5.9205
5.8174
5.7564
6.2175
6.0489
5.8105
5.7169
5.8327
6.0432
6.0472
6.5260
6.2290
6.2353
6.4182
6.1324
6.3074
6.9277
6.6970
6.8788
6.3903
6.4710
6.0669
6.2117
5.8028
5.9083
6.2566
6.1307
6.3482
5.6214
5.4721
5.6126
5.7897
5.6803
5.0970
5.6485
5.6958
5.4764
5.9049
6.1305
5.6377
5.8096
5.4804
5.2949
5.4318
5.3155
5.4382
5.9372
5.7145
5.4053
4.9851
5.0752
5.1699
5.1294
5.0478
5.2490
5.2640
5.0776
5.5097
5.2379
4.7634
5.1277
4.9711
4.9154
5.2303
5.2964
5.4308
5.1464
5.9857
5.3764
5.7434
5.1014
5.3921
5.0166
4.9645
5.0748
5.2064
5.3437
5.7145
5.6199
5.6581
5.7443
5.6293
5.6700
6.1814
5.7270
5.7812
5.7236
5.9393
5.9496
6.0627
5.7552
5.8963
5.8540
5.3406
5.3731
5.3803
5.4240
5.0654
4.8354
5.2601
4.9820
5.2914
5.6916
5.3240
5.2394
5.0718
5.2742
5.3198
5.3859
5.4956
5.6283
5.5359
5.4902
5.2040
5.4797
5.4980
5.4408
5.6589
5.6084
5.5239
5.6111
6.0114
5.9792
5.7724
6.1639
5.8133
5.9542
5.8263
6.3506
5.7803
5.5743
5.8374
5.7293
6.1427
5.9699
6.2420
5.7948
5.7166
5.7044
5.4344
5.3722
5.2740
5.3604
5.5734
5.5780
5.8779
5.9680
5.8716
5.5548
5.3833
5.6825
5.5753
5.5647
5.4994
5.0085
5.2087
5.3261
5.5250
5.5861
5.8844
5.4981
5.4563
5.7284
5.9003
6.0120
5.6227
5.7923
6.1917
6.4995
6.0311
6.0725
6.0730
6.0085
6.2688
5.6980
5.4708
5.1508
5.1208
4.9545
5.6330
5.5923
5.4887
5.7567
5.8134
5.3058
5.6387
5.8991
5.6995
5.7589
5.1165
5.7103
5.7550
5.7001
5.8382
5.2727
5.4552
5.8066
5.7343
5.7011
5.3878
5.6456
5.9245
5.9512
5.3804
5.4616
5.4930
5.6385
5.7303
5.5756
5.4926
5.5303
5.5763
5.5010
6.2668
5.3956
5.2811
5.2124
5.5628
5.4908
5.3097
5.4138
4.9764
4.9010
4.8530
4.9623
5.1357
5.3270
5.3674
5.3603
5.6007
5.5133
5.6601
5.7226
5.7630
5.7851
5.4988
5.6449
5.6275
5.7469
5.1080
5.4247
5.3611
5.5758
5.1625
5.1378
5.1781
5.4108
5.2934
5.6141
5.2067
5.3014
5.3793
5.3882
5.0848
5.2297
5.3331
4.9944
5.5473
5.3488
5.8266
5.5027
5.4840
5.9753
5.5642
5.6705
5.7061
5.8569
6.4007
6.2601
6.1440
5.8742
5.6455
5.6846
5.7800
5.7975
5.1145
5.0582
5.0127
5.3644
5.7187
5.3961
5.8764
5.7166
5.8326
5.6051
6.0479
6.0440
5.6057
5.4234
5.5624
5.5667
5.9898
5.4127
5.6986
5.8727
5.7807
6.3166
6.4099
6.0708
5.7582
5.7070
5.6667
5.6170
6.1073
6.0596
6.0672
6.1135
6.3244
6.1488
5.3566
5.3236
5.7889
5.9547
5.4163
5.4732
5.9173
5.7332
5.6849
5.7464
5.6294
5.7235
6.1391
5.8903
5.9626
5.7358
5.4486
5.5001
5.9773
6.5027
6.0843
6.1250
6.4625
6.5320
6.6858
6.9386
6.3088
6.5779
6.3083
6.3174
6.3059
6.5154
5.8703
6.0855
5.8420
6.0297
5.9635
5.8390
5.8745
5.5427
5.3003
6.0477
6.2570
6.0553
5.6378
5.4708
5.6159
5.3261
5.4330
5.5109
5.3054
5.8868
5.6427
5.6969
5.8367
5.9216
5.7116
6.6121
6.5867
6.4555
6.5390
6.0763
6.0064
5.6027
5.6580
5.5444
5.5668
5.3744
5.7333
5.9158
5.5225
5.9886
6.0883
5.6048
5.4813
5.9946
5.8418
5.8086
6.0165
6.1329
5.4108
5.3779
5.1589
4.8055
4.9242
5.2166
5.2265
5.4156
5.3130
5.2230
5.0700
4.6050
4.7794
4.7493
5.3853
5.4271
5.1059
5.4084
5.1072
5.2244
5.1322
5.0703
5.3992
5.3756
5.5720
5.4610
5.4789
5.3025
5.7893
5.0269
4.7231
4.5959
4.9078
5.0274
4.8962
5.1082
5.2489
5.2601
5.3825
6.0408
5.5836
5.9808
5.4469
5.1353
5.0669
4.9156
5.5289
5.7802
5.7402
5.5160
5.3424
5.2903
5.7377
5.5230
5.5206
5.7664
5.7994
5.8668
5.5354
5.8489
5.6975
5.6649
5.0661
4.8957
5.1546
5.5849
5.2219
5.3221
5.2666
5.4025
5.2023
5.3635
5.3990
5.5542
5.6195
5.4202
5.9734
5.7464
5.6724
5.4908
5.5056
5.2549
5.3399
5.4177
5.2771
5.9144
6.5313
6.2060
5.9185
5.8090
5.6596
5.8399
5.3210
5.8547
5.5208
6.1655
5.5843
5.5062
5.4934
5.4616
5.2692
5.3646
5.4601
5.3968
5.1998
5.1830
5.6493
5.7700
5.2429
5.5274
5.8931
6.1337
7.0516
6.4721
6.1672
6.1845
6.7416
6.7330
6.5704
6.1614
6.1623
6.1973
5.9432
5.7621
5.5005
5.6307
5.5719
5.5014
5.6486
5.6081
5.7158
5.5029
5.9965
5.8553
5.8395
5.2822
5.8622
5.7229
5.2504
5.2073
5.4316
5.1911
5.4976
5.3424
5.8666
5.5784
5.8472
5.8065
5.4049
5.4845
5.8198
5.7733
5.6378
5.3794
4.9469
5.0112
5.5174
5.6942
5.0903
5.1514
5.0925
5.2184
5.3668
5.8154
5.6338
5.9635
5.8941
5.9801
6.4308
5.8747
5.8770
6.2411
6.0793
5.5800
5.6194
5.9811
5.6145
5.5226
5.4909
5.2498
5.4155
5.5300
5.3490
5.3165
5.2424
5.1738
5.3532
5.4678
5.6874
5.6260
5.7581
5.6515
6.1289
5.6988
5.6621
5.4683
5.1486
4.9397
4.8922
5.1362
5.3332
5.0640
5.0158
5.0973
5.6254
5.5529
5.8586
5.8342
5.7107
5.5502
5.7651
5.8267
5.7845
5.7783
6.0432
5.9172
5.6820
5.8348
5.7880
5.6906
5.8150
4.9863
5.0749
4.7453
5.2143
5.1446
5.3454
5.6604
4.9838
4.9286
4.7654
4.9701
4.9878
4.7875
5.0487
4.6619
4.8896
4.6239
4.6990
4.7741
5.2032
5.2409
5.6320
5.7494
5.5774
5.5836
5.7734
5.7308
5.2702
5.4219
5.8402
5.9117
6.0868
5.7198
5.5912
5.4307
5.8102
5.6711
5.4739
5.5022
5.2387
5.3735
5.6001
5.4375
5.5057
5.8597
6.0179
6.0347
6.1345
6.0459
6.2498
6.4768
5.9977
5.6105
5.6476
5.9996
5.3765
5.4457
5.1404
5.3845
5.3211
5.3613
5.1650
5.4707
5.7131
5.6394
6.1059
6.3898
5.9527
5.7860
5.3020
5.5254
5.1549
5.8031
5.4222
5.3763
5.1765
5.5701
5.6264
5.7562
5.5066
5.1871
5.2676
5.4383
5.7985
5.3834
5.5725
5.4585
5.3210
5.4833
5.1223
4.8178
4.4262
4.4231
4.2582
4.1641
4.1549
4.0995
4.3571
4.3106
4.2591
4.5510
4.1889
4.5209
4.2493
4.7671
4.7270
4.6702
4.7137
5.2748
4.9661
5.1484
5.0847
4.7155
4.9396
4.7942
4.9737
4.9567
4.4236
4.3530
4.4358
4.5903
4.7853
4.7412
5.0217
4.8563
5.3763
4.9492
4.9829
5.2948
4.8636
5.3078
4.9447
5.2005
5.2311
5.2894
5.2809
5.0416
5.5012
5.2593
5.0412
4.9385
5.3212
5.1495
5.0715
4.8987
5.0115
5.2143
5.6407
5.7128
5.4348
5.6795
5.7132
5.7693
5.6491
5.7371
5.7752
5.6336
5.6865
5.3610
5.5809
5.4734
5.4131
6.2760
5.9633
5.3603
5.2021
5.5779
5.5255
5.3474
5.4478
5.4178
5.1455
5.4834
5.5427
5.0798
5.2682
4.8600
5.3452
5.4671
5.8811
6.2876
6.1167
6.4762
6.1740
5.9589
6.1255
6.1351
5.8801
5.8917
5.8304
5.6790
5.6455
5.8100
5.6980
5.7951
6.0998
6.1425
6.0070
5.7818
5.7306
6.1476
6.2601
5.6730
5.4903
5.5224
5.2642
5.6526
5.7014
5.2027
5.2310
5.0653
5.7682
5.5933
5.5895
5.6656
5.9087
5.3200
5.4780
5.2247
4.6754
5.3104
5.5372
5.3031
5.4540
5.5308
5.2035
5.2387
5.2172
5.8364
5.8099
6.0065
5.8783
5.6427
5.6695
5.7964
6.5242
6.2482
6.4842
6.1295
5.7004
5.6731
5.6597
5.9558
5.9949
5.7726
5.8102
5.6761
5.8701
5.8980
5.8200
5.5361
5.8395
5.8018
6.0562
5.7107
5.7189
5.7616
5.7124
5.1957
5.5482
5.1643
5.5663
5.5435
5.7355
5.6305
5.3490
5.3779
5.5510
5.6401
6.0639
5.6911
5.6836
5.8159
6.0120
5.7571
6.0322
5.4440
5.2203
5.7150
5.4640
5.0156
5.1434
5.3466
5.0792
5.4572
5.8282
5.5920
5.6735
