4.1894
4.2453
4.3997
4.7721
4.7216
4.5739
4.3597
4.3129
4.0215
3.9979
3.7679
4.0814
4.2447
4.6330
4.4012
4.2982
4.0466
3.8421
3.8722
4.5113
4.6023
4.2208
4.0853
4.3122
4.4475
4.6674
5.0536
4.2887
4.4659
4.6463
4.7302
4.7207
4.8983
4.7443
4.9559
4.6289
4.1985
4.2310
4.5847
3.9202
4.3097
4.5013
4.4303
4.2668
4.5277
4.2737
4.1949
4.3625
4.4265
4.9807
4.6436
4.9090
5.1909
5.1531
5.2704
5.6912
6.1123
5.8542
5.8518
5.5874
5.4012
4.6823
5.0248
4.7385
5.0185
4.8498
4.8331
4.7929
4.7742
4.6843
4.9627
4.9451
4.7782
4.8489
4.2917
4.2511
4.2397
4.2278
4.3231
4.5147
4.4375
4.2600
4.1613
4.1961
4.1037
4.2231
4.3235
4.1199
4.3914
4.1425
4.7836
4.7257
4.3736
4.6188
4.7651
4.8319
4.6087
4.5367
4.6188
4.2519
4.4817
4.3732
4.6164
4.3262
4.7157
4.4887
4.7670
4.9207
4.4515
4.6389
4.4791
4.4884
4.3673
4.6495
4.4049
4.5166
4.6412
4.8152
4.7482
4.6228
4.8278
5.0630
4.6189
4.5801
4.5381
4.6573
4.8209
4.9979
5.0473
5.0156
4.1713
4.7834
4.8082
4.5733
4.8321
4.8515
4.9659
5.3988
5.1099
5.1365
4.8699
4.8562
4.6394
4.9741
5.0154
4.8748
4.5425
4.9777
4.8803
4.6036
4.5125
4.9562
4.5678
4.2161
4.8387
4.8472
4.4320
3.8765
4.4615
4.5062
4.5879
4.1297
4.8120
4.7686
5.1828
4.8341
5.0268
4.2644
4.9443
5.2738
4.5427
4.8914
4.4692
4.0908
4.8918
4.6626
4.6370
4.8122
5.1830
5.3142
5.1188
5.6907
5.5186
5.2140
5.5359
5.4345
5.8129
5.3853
4.9352
4.9883
5.1118
4.8048
4.2911
4.6028
4.9940
5.1987
5.1100
5.3415
4.8689
5.0957
5.2576
4.6094
5.2370
5.3731
5.0857
5.1939
5.3028
5.8445
5.3747
5.2723
5.4760
5.3750
5.1995
5.0639
5.2720
4.9979
4.9782
4.6407
5.0142
5.5360
5.2545
5.5881
5.2568
5.3773
5.8038
5.6355
5.7529
5.9806
5.5211
5.8580
5.6785
5.0374
5.4675
5.2527
5.2835
5.6614
5.8264
5.3033
5.4458
5.5621
5.5250
5.2538
4.9643
4.8776
4.9086
4.5897
4.9404
4.9157
4.8664
4.7654
4.6887
4.6879
4.8006
4.7498
5.5951
4.9764
4.9921
4.8209
4.4966
4.5941
4.7498
5.1168
4.9315
5.1882
4.9824
4.6117
4.6469
4.6130
4.2030
4.2052
4.0423
4.0402
4.3707
4.4288
4.4110
3.8805
4.1179
4.3449
4.2553
4.1737
3.8925
3.5433
3.8765
3.7209
3.9204
4.0339
4.0579
4.0237
4.2717
4.3637
4.0978
4.0458
4.2829
4.2524
4.7080
3.7798
3.7660
3.9687
3.7586
3.8254
3.6553
3.5905
3.9192
4.1530
4.3224
4.2125
4.3523
4.3098
4.4095
4.1462
4.1526
4.7843
4.6204
4.5272
4.2272
4.3287
4.0684
4.1290
4.0882
4.2640
4.2433
4.1928
4.1615
4.3865
4.3561
4.2519
4.4143
4.2178
4.4811
4.4048
4.7459
4.7535
4.9010
4.2933
4.4593
3.9328
4.4318
4.7045
4.6023
4.4228
4.4375
4.5716
4.7579
4.7499
4.4453
4.1551
4.4302
4.3862
4.6497
4.8061
4.4751
4.7810
4.1834
4.4236
4.2659
4.0505
4.4517
4.4755
4.4527
4.1863
4.6478
4.4085
4.7704
4.6414
4.8411
5.0750
4.4860
4.6668
4.9372
5.0651
4.9879
4.1485
4.2232
4.3313
4.5102
4.8659
4.6481
4.6746
4.2356
4.2231
4.4238
4.5717
4.8859
5.0241
4.1797
3.3316
4.4413
3.9200
4.0337
3.9514
3.9659
4.4438
4.4306
4.2928
4.2551
4.0281
4.3107
4.3443
4.2254
4.0538
3.8196
3.9890
4.2699
4.5727
4.3905
3.9193
3.9102
4.0919
3.9703
3.8790
3.8735
3.8704
4.0831
4.4074
4.3283
4.2753
4.1611
4.1873
3.7005
4.4938
4.4551
4.3979
4.2086
4.6246
4.1568
3.5147
4.1609
4.1336
4.4119
4.3668
4.4653
4.2735
3.8297
4.0575
4.3763
4.5181
4.5334
4.0948
4.0804
3.9018
4.2456
4.5191
4.3067
3.7215
4.1383
4.0852
4.1497
3.7641
4.1597
4.2623
3.9900
3.8722
3.9394
4.6749
3.8731
3.9953
4.3593
4.3923
4.5776
4.6642
4.8597
4.7171
4.3700
4.3067
4.7676
4.4500
4.3750
4.3458
4.4040
4.2073
4.3734
3.9565
4.3783
3.7189
3.8088
3.8550
4.3711
4.0593
4.0776
4.2846
4.1736
3.7442
3.8011
4.0904
3.7881
3.8217
4.0886
4.2495
4.0185
4.4058
3.7058
4.0164
4.1764
3.9893
4.3366
4.1156
4.2536
4.2019
4.2432
4.2992
4.4304
4.4924
4.4347
4.3340
4.0367
4.0396
4.1173
4.3511
3.9819
4.1414
4.1169
3.9491
3.6152
3.7187
4.2920
4.1199
3.8556
4.2079
3.8168
4.3316
4.2127
4.2244
3.9252
3.9602
4.1134
4.4080
4.4626
4.2610
4.3576
4.1587
4.2818
4.8425
4.7350
4.4476
4.8622
4.5148
4.5446
4.5855
4.3963
4.3235
4.1376
4.4081
4.5399
4.0649
4.6234
4.1107
4.2301
3.9644
4.5714
4.2878
4.3020
4.3999
4.2500
4.0664
4.1722
4.1020
4.1231
4.0676
3.9548
3.9564
3.9644
3.9738
4.1909
4.3490
3.9357
3.9680
4.0305
4.0833
4.0352
4.0410
4.0467
4.2923
4.2101
3.8376
3.9651
4.0005
4.0509
4.2065
3.8987
4.0862
4.1820
3.8955
4.1833
4.1345
4.0195
4.0648
3.7389
3.9314
4.3931
3.9852
3.7097
3.7669
3.7672
3.5435
3.6453
3.7124
3.6811
3.8725
3.7355
3.6937
3.7653
3.8703
3.7730
3.8852
3.7030
3.7652
3.8322
4.0160
3.9010
4.0969
4.1357
4.3397
4.2587
4.1879
4.3370
4.8390
4.7386
4.7259
4.4405
3.9785
4.1912
4.4562
4.1792
4.2502
4.3238
4.2095
4.0740
4.6151
4.6902
4.9921
4.8572
5.0670
4.5427
5.0252
4.8540
5.0593
4.8367
4.3441
4.1598
4.3799
4.1473
4.2585
4.1242
4.2827
4.2248
4.4568
4.6177
4.3691
4.3293
4.3273
4.5167
4.2736
3.9685
4.3017
4.8123
4.4272
4.3062
4.6812
4.5380
4.8481
4.7355
5.0721
4.6698
4.4099
4.4400
4.5393
4.7136
4.9896
4.8769
4.9559
4.7250
4.8895
4.9389
5.1141
5.2095
5.5031
4.9851
5.1999
5.1657
5.0039
5.1035
4.5078
4.4286
4.9499
5.3887
5.1380
4.7935
5.0403
5.0443
5.0404
4.6532
4.4582
4.7685
4.2905
4.4861
4.2859
4.5183
4.5588
4.5008
4.5203
4.3419
4.5477
4.8075
4.5479
4.5885
4.7011
4.6075
4.5223
4.5774
4.5120
4.4978
4.8929
4.8238
4.6597
4.4667
4.5478
4.4415
4.4537
4.5218
4.5828
4.7275
4.7682
4.5739
4.4063
4.5559
4.6843
4.6690
4.7759
4.5991
4.8194
4.5267
4.4041
4.6518
4.5472
4.4433
4.6481
4.4701
4.9571
4.4666
4.6929
4.6054
4.6446
4.5484
4.6634
4.5998
4.4878
4.6579
4.2034
4.4451
4.3660
4.3437
4.1833
4.3104
4.4116
4.3310
4.2505
4.1321
4.3006
3.9944
4.5508
4.4681
4.3374
4.7782
4.3160
4.5953
4.3294
4.1301
4.1320
4.1868
4.3355
4.8987
4.6569
4.7935
4.5794
4.4023
4.2045
3.9065
4.0195
4.2846
4.1266
4.1490
4.5284
4.4380
4.5586
4.7261
4.4133
4.1210
4.2648
4.4071
4.6931
4.7246
4.7563
4.3040
4.7047
4.3595
4.6427
4.9757
4.9734
4.7499
4.4959
5.0563
5.4212
4.8122
5.0972
4.7412
4.8393
4.8415
5.1193
4.8928
4.7818
5.2420
4.7558
5.0228
4.5540
4.6969
4.8226
5.2079
5.0955
4.9168
5.0198
5.1818
5.1518
4.6457
4.6492
4.7337
4.8942
5.2708
5.4443
5.6945
5.5075
5.1007
5.4116
4.9935
4.9201
4.9997
4.8596
4.6692
5.0005
4.6120
4.7697
4.5082
4.7010
4.5753
4.3210
4.8164
5.0635
5.2178
6.1400
5.4035
5.0045
5.0666
5.2076
4.8521
4.4247
4.8080
4.7057
4.9020
5.2671
5.1752
5.3388
5.6021
5.2155
5.1265
5.2685
5.0905
4.9632
4.9911
5.1200
5.0734
5.0430
5.0406
5.3233
5.2672
5.0264
5.1866
4.9907
5.3857
5.2961
5.2228
4.9018
4.6284
5.1873
4.7886
4.8694
5.1289
5.5694
5.8656
5.5070
5.7504
5.7749
5.2138
5.1565
5.3126
5.3745
5.5465
5.0678
5.0406
5.3054
5.5634
5.5374
5.5474
5.2132
5.5091
5.1765
4.9943
5.1860
5.2547
5.6839
5.6888
5.6600
5.6950
6.0566
5.9338
5.9701
5.5925
5.3917
5.0593
5.5147
5.7559
5.5444
5.5540
5.2194
5.2200
5.1943
4.9107
4.8995
5.1560
5.0205
5.2890
5.1687
5.3724
5.7001
5.5507
5.0546
5.2544
5.6954
4.6492
4.7068
4.5371
4.5179
4.7065
4.7869
5.0299
4.8530
5.0907
4.8213
5.2013
5.2687
4.8796
4.8662
4.8587
4.7531
4.6479
5.0180
5.2682
5.4222
5.1970
5.6414
5.2465
5.2425
5.2880
4.8640
4.6559
4.9532
4.9526
4.5243
4.5816
5.1290
5.4656
5.1687
4.7856
5.4617
5.6955
5.1586
5.1421
4.9178
5.1524
4.9140
5.0398
5.2588
5.1966
5.3936
5.2607
5.3504
5.1812
5.0826
4.9599
4.6855
4.8539
4.8532
4.9005
4.7957
4.8190
4.6363
4.5916
5.0369
4.9583
5.3657
5.6508
5.6340
5.5066
5.3487
5.6524
5.8800
5.2977
5.4444
5.4645
5.6331
5.6831
5.5996
5.8023
5.8719
6.0028
5.9952
5.5642
5.4185
4.8515
5.3989
5.7484
5.6503
5.7539
6.4589
6.0200
5.6923
5.8268
5.5845
5.5606
5.4270
5.0827
4.9987
4.9454
4.9190
4.8995
4.8421
4.7576
4.8705
5.2100
5.0895
4.7931
5.0434
5.1943
5.2093
5.5458
4.8209
5.2099
5.4891
5.8492
5.7224
5.8311
5.7860
5.1396
5.3615
5.7712
6.1151
5.9973
5.3697
5.2935
5.3176
5.5518
5.9878
5.6334
5.7427
5.6667
5.6216
5.6358
5.8306
5.6493
5.8806
6.1432
5.6593
5.5089
5.4143
5.7981
5.3288
5.5649
5.4094
5.1143
5.2321
5.6504
5.6911
5.5242
5.5537
5.6158
5.1717
5.6929
5.4970
5.5431
5.1670
5.1976
5.1342
5.2831
5.5843
5.8013
5.4262
5.7070
6.3781
6.1571
5.7908
5.9325
5.5907
5.7307
6.2749
5.6194
5.7937
5.8205
5.7574
6.1433
6.3052
6.1891
6.0815
6.6429
5.9631
5.5046
5.5923
5.6091
5.3890
5.2751
5.8071
5.4641
5.7321
6.1023
6.1755
6.1791
5.7960
5.6941
5.6731
5.1988
4.9213
5.0575
5.8265
5.3463
5.6201
5.0821
5.3270
5.2528
5.3419
4.7949
5.1100
4.9084
4.5602
4.8092
4.7696
4.5865
4.6953
5.0815
4.8748
5.4556
4.8348
4.6518
5.1971
5.1203
5.1616
4.8266
4.7260
4.8745
5.3162
5.3115
5.8584
5.4532
5.6894
5.7245
5.5785
5.3621
5.5410
5.4902
5.4569
5.5802
5.5829
5.3882
5.5676
5.5664
5.8360
5.6643
5.9448
5.8679
5.5599
5.2273
5.4260
5.4325
5.2787
5.1737
5.1653
5.5982
5.6115
5.6100
5.3847
5.4448
5.2928
5.6446
5.4370
5.5248
5.8814
5.6421
5.6217
5.8804
5.4855
5.0116
4.8041
4.8745
4.8016
4.7498
4.8032
4.8259
4.7316
4.8758
5.0414
4.6800
4.7526
4.5138
4.4372
4.4519
4.4401
4.5780
4.7295
5.0491
5.2298
5.0136
5.1266
4.8860
4.6502
4.7689
4.5630
4.4610
4.4914
4.3412
4.1747
4.5737
4.1582
4.1128
4.3626
4.5852
4.3598
4.3237
4.0520
4.4817
4.4739
4.2650
4.3531
4.6133
4.5499
4.6122
4.5310
4.1909
4.2069
4.2097
3.9634
4.0109
4.3770
4.2674
4.6901
5.0072
4.2174
4.7569
4.9688
4.8384
4.9403
4.8950
4.8176
4.4960
4.5388
4.8683
5.1230
5.0655
4.8834
4.6848
4.6668
4.4301
4.9682
5.0486
4.8153
4.9161
4.5577
4.3741
4.4511
4.6172
4.5508
4.7086
4.7372
4.6293
4.7512
4.7196
4.9432
5.1438
5.0629
4.7870
4.8862
5.1430
4.9787
5.1412
4.7714
4.4982
4.5197
5.0006
5.1855
4.9198
4.6849
4.4374
4.7005
4.4940
4.7815
4.8000
4.6922
4.4764
4.7047
4.7617
4.5440
4.5418
4.4939
4.3634
4.3316
4.5299
4.3175
4.5534
4.2566
4.4035
4.8631
4.6851
4.6540
4.7169
4.7714
4.6167
4.3871
4.8213
4.6895
4.3634
4.3110
4.2108
4.6379
4.8754
4.8981
5.0869
5.5393
4.9836
5.1707
5.0255
4.7233
5.0553
4.6977
4.7402
4.6861
4.5556
4.6898
4.5629
4.6925
4.2468
4.7091
4.6706
4.6166
4.8462
4.4323
5.0322
5.1364
4.3228
4.7652
4.6465
4.7838
4.8860
5.2223
5.1672
4.7581
4.4943
4.7791
4.6836
4.4638
4.5737
4.6634
4.8087
4.4343
4.6603
4.3893
4.2067
4.1222
4.2600
4.5520
4.2945
4.5006
4.4571
4.1929
4.3487
4.3858
4.1465
4.6101
4.5260
4.5341
4.1963
4.3335
4.2999
3.9235
4.0463
4.3373
4.3389
4.4269
4.4259
4.6354
4.4902
4.4089
4.1744
4.2212
4.1186
4.1454
4.1334
4.3088
4.0939
4.2785
4.2350
4.2094
4.2992
4.2581
4.7481
4.5951
4.4115
4.6798
4.6766
4.2948
5.0037
4.5091
4.5100
4.2673
4.0439
4.4091
4.4239
4.1517
4.2966
4.3328
4.1768
4.2134
4.3457
4.2313
4.3719
4.3908
4.1165
3.8975
4.0417
4.0105
3.9989
4.0815
4.3210
4.2741
4.1247
4.6799
4.6293
4.6619
4.5347
4.2128
4.5774
4.4754
4.2367
4.6371
4.6857
4.6004
4.5884
4.6819
4.8097
4.7530
5.0318
4.9965
4.9839
4.9184
5.2602
4.9016
4.8127
4.9627
5.0700
4.8309
4.1264
4.4729
4.7064
4.7461
5.0571
4.8596
4.7166
4.6223
4.7410
4.5901
4.7789
4.7837
4.6213
4.8439
4.9612
4.7841
4.6386
4.6708
4.5580
4.3939
4.5445
4.4966
4.5335
5.1158
5.4623
4.9876
5.2050
5.4280
5.2287
4.9381
5.1357
5.0116
4.9756
4.9146
5.1855
5.1959
4.9449
5.2352
4.6611
4.6231
4.6742
4.9064
4.9547
5.0758
4.8777
4.4809
4.7023
4.4728
4.6658
4.7497
4.6381
4.6205
4.5884
4.7063
4.8765
4.8437
4.5251
4.5278
4.7742
4.4155
4.4314
4.5372
4.8340
4.7922
4.6864
4.6128
4.6582
4.8748
4.8296
4.7878
4.9731
5.1557
4.9523
4.7617
4.7691
4.5511
4.7510
4.7066
4.7362
4.8745
5.1381
5.1327
5.0219
5.0385
5.3359
5.0968
4.6047
4.9620
4.7433
4.4080
4.4848
4.5859
4.2617
4.5629
4.8141
4.5438
4.5873
5.0008
4.8341
4.8899
4.7080
4.5378
4.7496
4.7373
5.0797
4.5239
4.5645
4.6978
4.9208
4.8654
5.1938
5.1135
4.8299
5.1506
4.9219
4.8410
5.0759
5.2787
5.2348
4.7485
4.8306
5.1918
5.2366
5.1951
5.2014
4.7472
5.3575
4.8039
4.6205
4.4098
4.6556
4.7357
4.7922
4.5544
4.3459
4.8501
5.2469
5.0636
4.9250
5.2003
5.0911
4.8732
4.8080
4.7492
4.8885
4.9918
5.3330
5.1211
4.9370
5.0260
4.7654
4.5371
4.5853
4.7295
4.6778
4.8784
4.6324
4.8499
4.6566
4.6939
5.0966
4.9695
4.9847
4.5801
4.7157
4.9453
4.7986
4.6472
4.7302
4.8234
4.9815
4.8181
5.0399
4.9441
4.7005
4.9612
5.0228
5.0070
4.8994
5.0060
4.9217
4.8086
4.6017
4.8038
4.6807
4.6743
4.9643
5.0433
4.7527
4.9491
4.4502
4.3359
4.3657
4.5555
4.3843
4.7387
4.3029
4.0749
4.0442
4.4874
4.3153
4.5090
4.4933
4.1065
3.9499
4.7506
5.0021
4.6165
4.6634
4.3271
4.4252
4.8838
5.1630
5.0425
4.9574
5.1134
4.8691
5.0120
5.2914
5.4816
5.3935
5.6039
5.3987
5.0900
5.0756
4.7737
5.2055
4.6912
4.9113
4.6288
4.5775
4.9081
4.5828
4.9226
5.0027
4.7403
4.7324
5.0174
4.6498
4.7861
4.8708
4.8171
4.5764
4.4895
4.3554
4.4853
4.8268
4.7395
4.5773
4.6827
4.9659
4.7027
5.2742
5.0074
5.0517
5.3623
5.1271
5.3463
4.9317
4.8128
4.9913
4.7984
4.7992
4.9255
4.7762
4.8135
4.5330
4.4071
4.9567
5.0790
4.8824
4.8156
4.5594
4.8091
4.7535
4.8356
4.9083
4.9434
5.3924
5.2563
5.1273
4.7719
4.9885
5.2107
4.9810
5.0499
4.9086
4.6600
4.9084
4.7409
4.5853
4.6227
4.6496
4.5192
4.9279
4.5443
4.6685
5.0265
5.2334
5.1721
5.5160
5.5355
5.6341
5.5590
5.4533
5.6323
4.9403
4.6683
4.9325
4.8403
5.3697
5.1812
5.1578
5.2324
4.9491
4.8390
4.7663
4.9547
5.1616
4.9255
5.1498
5.3835
5.3132
4.8706
4.8695
4.7579
5.2058
4.9247
5.2593
5.3709
4.7144
4.5657
4.8236
4.7111
4.9411
4.3786
4.3924
4.4069
4.3175
4.4738
4.7658
4.5323
4.4053
4.8041
4.5962
4.6272
4.8871
4.9291
4.4988
4.5484
4.4077
4.7809
4.7755
5.0765
5.2282
5.3540
5.3008
5.4272
5.0148
5.1080
4.2796
4.5029
5.3479
5.1636
4.3234
4.3373
4.3046
4.4690
4.3003
4.2256
4.3576
4.3104
4.3892
4.2666
4.6525
4.8984
4.7088
4.3344
4.4660
4.2775
4.8409
4.3862
4.8073
4.5714
4.5240
4.7048
4.1571
4.2658
4.2275
4.1439
4.3506
4.6209
4.2788
4.4254
4.5895
4.6548
4.3650
4.6332
4.6391
4.4513
4.3153
4.6246
4.5518
4.6701
4.3649
4.5814
4.6572
4.5878
4.9183
4.5393
4.5306
4.8043
4.8239
4.6850
4.8457
4.5010
4.1868
4.4356
4.6488
4.3608
4.5379
4.5493
4.6537
4.4797
4.9114
5.0123
4.7885
4.7468
4.8447
4.7013
4.9181
4.9710
5.0093
4.7022
4.8798
4.8027
5.2930
5.2925
5.9438
5.5922
5.2055
5.2431
5.6428
5.5052
5.4734
5.3167
4.9327
5.3139
4.8617
5.0810
5.3502
5.1973
5.0550
5.1928
4.9851
4.7917
4.8510
4.3647
4.8271
4.8376
4.5509
4.2895
4.7787
4.8990
5.0059
5.2234
5.3750
5.1132
4.8921
4.7796
4.9544
4.8683
5.1597
4.7088
4.5083
4.3307
4.5073
4.6599
4.7092
5.1916
4.9283
5.2923
4.6207
4.8457
5.1895
4.7966
5.0838
4.5894
4.7147
5.3490
5.0559
4.8776
4.4821
4.5201
4.5232
4.3719
4.4971
4.7126
4.6460
4.7506
4.5118
4.1668
4.6514
4.2123
4.5675
4.3963
4.6064
4.5936
4.7471
4.8126
4.7852
5.1195
4.7824
4.6591
4.6477
4.5486
4.7838
4.4562
4.7856
4.6313
4.6692
4.9350
5.2006
5.0571
4.9253
5.0106
5.1152
4.9465
5.0370
4.9835
5.1908
5.2655
4.9263
4.8380
5.1363
6.0315
5.7217
5.8659
5.9456
5.8661
6.0392
6.2027
6.4933
5.5675
5.5456
5.5223
5.1414
5.1701
5.1235
4.8553
5.0233
5.1141
5.0456
5.3424
5.2296
5.1271
5.5765
5.3646
5.0446
4.5698
4.7997
4.8195
4.9723
5.3663
5.1444
5.3640
5.2157
5.1755
5.0019
5.3467
5.4555
5.4673
5.6618
5.0755
4.9090
5.0353
4.7502
4.8035
4.5736
4.5579
4.3685
4.5582
5.0825
5.0425
4.4614
4.9870
5.0943
5.0413
4.6910
4.8103
4.9423
5.5923
5.3151
5.7539
5.6592
5.3170
5.7860
5.5196
5.5016
5.8483
6.0949
5.4067
5.6113
5.7749
5.7229
6.5439
5.9717
5.7381
5.7122
5.9756
5.4233
5.5308
5.5116
5.5964
5.4870
5.5828
5.8144
5.7221
5.6903
5.4608
6.1712
6.0696
5.8529
5.5938
6.2603
6.4214
6.0574
5.8182
5.6504
5.5249
5.8639
5.8062
5.5980
5.7851
5.9219
6.5045
6.6302
6.2439
6.3552
6.0087
6.2555
6.7140
6.2642
6.5252
6.0348
6.1884
6.3800
6.2719
6.2851
5.9358
5.6154
5.6992
5.4032
5.6954
5.5013
5.3567
5.2465
5.3792
5.4483
5.5610
5.8737
5.9635
5.6083
5.5190
4.9444
4.7931
4.8629
5.0727
4.8659
5.0688
5.1848
5.1588
5.1661
5.3268
4.9884
5.1662
5.3950
5.3087
5.4777
5.3369
5.0135
4.8013
4.7751
5.3300
5.2814
5.7382
5.6024
5.5820
5.2662
5.1522
5.1822
5.1045
5.0945
4.5957
4.7927
4.5522
5.2743
5.4718
5.9163
6.1176
6.4620
6.2440
5.4301
5.8902
5.4215
6.1374
5.9740
5.8346
5.1000
5.3342
5.3131
6.2460
6.0219
5.6274
5.9139
6.0937
5.8819
5.9320
6.0861
6.1037
6.0595
5.9022
5.9167
6.0440
6.0716
6.2166
5.9101
5.3729
5.3960
6.0393
6.4847
6.1399
6.2849
5.7133
5.3009
5.6472
5.8275
5.8529
5.3158
5.6407
5.2375
5.4550
5.3484
5.2098
5.4697
5.2294
5.3872
5.0418
4.9553
5.7017
5.5107
5.3692
5.5125
5.4239
6.3242
6.0497
5.9865
6.1291
5.4811
5.6764
6.0098
5.7610
5.7470
5.7666
5.6665
5.5052
5.8003
6.2533
6.0620
5.8220
5.6251
5.3851
5.9271
5.4922
5.4252
5.7147
5.5392
5.3878
5.5943
5.8760
5.5747
5.1967
5.2309
5.4696
5.0965
5.6537
5.5849
5.0254
5.3243
5.1394
5.2311
5.1421
5.2154
5.1579
5.0798
5.1955
5.1000
4.4982
4.9379
4.5481
4.8693
4.7638
4.8968
4.6713
4.6429
4.9310
4.6144
4.8097
4.8494
4.8708
5.1199
4.8121
5.2430
5.1777
5.6428
5.2187
5.6411
5.4137
5.3668
5.1110
4.7202
5.2836
5.1809
4.5935
4.5616
4.8167
5.1772
4.5621
4.9090
5.3712
4.9736
5.3885
5.2722
4.9581
5.0230
5.6192
6.0389
5.8699
5.2489
5.0288
5.0040
4.8001
4.6744
4.5496
4.2324
4.9980
4.7865
4.9529
5.2648
5.0898
5.0078
5.1385
5.4361
5.2009
5.2561
4.8055
5.0563
4.6826
5.2039
5.1702
5.7515
5.5465
5.3313
5.3681
5.3915
5.2724
5.4637
5.4135
5.4695
5.3351
5.6683
5.6218
5.5176
5.7524
5.8934
5.5674
5.4145
5.3095
5.3338
5.4252
5.5065
5.3562
5.2564
5.4401
5.5631
5.5972
5.7011
5.1662
5.4483
5.8557
5.6154
5.4360
5.3346
5.4784
5.6585
5.9913
6.1112
5.8983
6.0386
6.1116
5.8293
5.5287
5.3538
5.5276
5.0132
5.5397
5.4307
5.7754
5.6982
5.9047
5.8733
5.4021
5.2564
5.4446
5.3391
4.9840
4.9953
5.4793
5.7583
5.8187
5.7050
5.8872
5.8374
5.7869
5.7574
5.8063
5.8182
5.9874
5.7457
5.2156
5.6852
5.6061
5.5198
5.7310
5.5069
5.2981
5.2251
5.3585
5.4520
5.5010
5.7094
5.4861
5.2626
5.2408
5.4842
5.9596
5.1882
5.4891
5.2321
5.7147
5.7326
5.2575
5.1223
5.5673
5.3244
5.4128
5.0137
5.0851
5.7465
5.6929
5.3836
5.7188
5.6555
5.6513
5.5218
5.6704
5.0622
5.2114
5.3434
5.3724
5.6862
5.8021
5.7354
5.9000
5.9545
5.2076
5.0944
5.0080
5.4638
5.1439
5.2533
5.2700
5.3596
5.6774
5.4616
5.6391
5.6611
5.6284
5.6534
5.2287
5.6208
5.8899
6.1092
5.9402
5.9317
6.2792
5.9917
5.9940
6.1770
6.2737
5.9511
5.6219
5.4226
5.5217
5.9369
5.6253
4.9952
4.8255
4.8331
4.4538
4.7152
4.9354
4.9794
4.9365
5.2153
5.2126
5.1269
5.1767
5.0341
5.1672
5.0407
4.9417
4.7401
4.7807
5.0139
5.1876
5.3193
5.2321
4.8399
4.9049
5.0847
5.3259
5.0766
5.2472
5.3405
5.2133
5.6396
5.4791
5.7410
5.0036
5.1700
5.0840
5.2993
5.2090
5.0531
5.0121
5.2195
4.8454
4.7136
4.6640
5.0742
4.5822
4.6162
4.3964
4.5840
4.5552
4.4322
4.1542
4.2667
4.7297
4.5501
4.5005
4.1975
4.4194
4.4936
4.4676
4.3393
4.1348
4.6314
4.0993
4.6329
4.5750
5.0399
5.0226
4.7292
5.0477
4.9587
4.4229
4.2751
4.6059
4.5986
4.7466
5.2136
5.1633
4.8802
4.8882
5.1157
4.8110
5.0060
4.6664
4.8087
4.6713
5.0475
5.0310
4.8662
5.1711
5.2714
4.7798
4.4345
4.2797
4.2615
4.3071
4.1301
4.5006
4.3554
4.3027
4.4137
4.5934
4.5614
4.4440
4.7597
4.3924
4.5905
4.9001
4.8168
4.3622
4.7835
4.6516
4.5058
4.3053
4.1831
4.5649
4.8300
5.2951
5.3218
5.0586
5.3080
4.7484
4.9972
5.0425
5.2603
5.2280
5.2728
5.2210
4.8562
4.9309
5.1083
5.3347
4.8610
4.6723
5.0629
4.5396
4.7771
4.4929
4.6039
4.4992
4.5062
4.8016
4.4385
4.2800
5.0281
4.6685
4.6393
4.6941
4.7418
4.7541
4.5182
4.6694
4.6196
4.6712
4.6304
4.6198
5.1359
5.2916
5.4697
5.4227
5.3831
5.4243
5.4964
5.4449
5.3279
5.3866
5.2384
5.1977
4.9448
4.4101
4.5508
4.5326
4.4005
4.5573
4.6601
4.6378
4.3575
4.7876
4.2897
4.3154
4.2697
4.1734
4.1911
4.6108
4.6506
4.5108
4.5357
4.4295
4.9628
4.8278
4.7008
5.1651
5.1747
5.1075
5.5289
5.2721
5.2781
4.6689
4.8243
4.6242
4.7027
4.4279
4.3444
4.3576
4.3911
4.1449
4.4544
4.4121
4.2297
4.1993
4.4623
4.7265
4.7441
4.8055
4.5522
4.3716
4.4145
5.0104
4.8956
4.9485
5.1323
5.3736
4.7654
4.9751
4.4810
4.7997
4.9269
4.5453
4.8859
5.1376
5.0958
5.2742
4.9797
5.1168
5.0118
4.8066
5.2320
5.3680
5.1704
4.5209
4.3351
4.3522
4.3566
4.8640
4.8999
4.3941
4.6112
4.3778
4.6023
5.1063
4.9818
4.6734
4.5087
4.7195
4.8699
5.0729
4.5901
4.8454
4.9471
4.9599
4.7293
5.0175
4.9970
5.2834
5.4474
5.6107
5.6020
5.3142
5.2516
5.4903
5.6671
5.5903
5.3348
5.1953
4.7283
4.6175
4.9841
5.6076
5.2012
5.4545
5.5621
5.4149
6.0278
6.0502
5.9170
5.6653
5.5557
5.6172
5.7712
5.3823
5.6419
5.7241
5.1450
5.6023
5.7127
5.7347
6.1569
5.1646
5.2254
5.4849
5.2717
5.1101
5.1111
5.2709
5.2880
5.1360
5.1433
5.2181
5.0507
5.2001
5.2724
5.2304
5.5912
5.1277
5.4460
5.3528
5.2320
5.2808
5.6576
5.3176
5.2157
5.7708
5.8443
5.3396
5.3054
5.1019
4.8922
5.0973
5.1660
4.8796
5.2923
4.9779
5.1177
5.0592
5.2051
4.8634
5.2545
5.3015
5.2888
5.1899
5.1880
5.1647
4.9679
5.1839
5.1638
5.2043
5.2610
4.6058
5.0435
4.7059
5.0974
5.1416
5.0100
5.2096
5.2631
5.2085
5.0405
5.2492
5.0689
5.3091
5.1146
5.2849
5.5513
5.2207
5.1760
5.2863
4.8422
5.4665
5.3740
5.0680
4.7210
4.9483
4.9020
5.3536
5.3406
5.1565
5.1931
5.2373
5.2235
5.0880
5.5616
5.0942
5.0665
5.1007
5.1687
5.1886
5.0788
4.8300
4.7565
4.7532
5.0199
5.4537
5.0723
5.2625
5.0093
5.3657
4.8734
5.2358
5.0352
4.9196
4.4251
4.8194
4.8586
4.9321
4.9606
5.1921
5.0206
4.9694
4.9428
4.6659
4.9142
4.8137
4.4999
4.5907
4.6449
4.9489
5.0060
5.4144
5.4462
5.0598
4.9093
4.9857
5.1583
4.9320
5.1293
5.1704
5.0860
4.5730
4.4273
4.4446
5.0757
4.3563
5.0369
4.8789
4.7522
4.2711
4.5194
4.5834
4.3199
4.4299
4.6482
4.6876
4.5534
4.5958
4.6856
4.8913
4.9713
4.9162
4.8752
4.9279
4.4537
4.4556
4.7050
5.0829
5.4013
5.3742
5.2396
5.1023
5.3089
4.9042
4.6587
5.2539
5.2258
5.3078
5.3966
4.9918
5.2891
5.5645
4.9782
4.9378
4.8251
4.9840
5.3089
4.7581
5.1632
5.4299
5.3193
5.4912
5.5973
5.2074
5.1936
4.8905
5.7731
5.4534
5.5245
5.2381
5.4221
5.4833
5.1146
5.1866
4.8805
5.3133
5.4117
5.2166
5.2578
5.1931
5.0646
4.9597
5.0355
5.2876
5.3609
5.7140
5.2584
5.0922
4.8447
4.8900
5.1632
5.2035
4.9700
5.0878
5.1457
4.9902
5.0495
5.2724
5.1991
4.9503
4.8771
4.5622
4.8167
5.0216
5.4051
5.5542
5.5729
5.3577
5.8621
5.8304
5.9083
5.6259
5.8189
5.7574
5.7243
5.6831
5.2135
5.1224
4.9582
5.2039
4.9953
5.1444
4.9462
4.8687
4.9607
5.1729
4.9774
4.7126
4.9064
4.9564
5.2221
5.0285
5.2152
5.5295
5.4517
5.2431
5.1110
5.1167
5.0963
5.0041
4.9497
4.8221
4.8185
5.0293
4.6494
4.8634
5.3462
5.2005
5.7042
5.6972
5.8826
5.8034
5.9177
5.5586
5.5898
5.9315
5.7980
5.9979
5.5237
5.3963
5.1874
5.3176
5.2141
5.2818
5.3589
5.3093
4.9311
4.6882
5.2797
4.8267
5.3082
5.2385
5.1734
5.4184
5.1384
5.3610
5.0651
5.6675
5.9156
5.4760
5.4073
5.2699
5.4177
5.7274
5.2766
5.2598
5.1289
5.2210
5.1246
5.0917
5.0913
5.2971
5.2097
5.2711
5.3649
5.1716
5.1150
5.2442
4.8830
4.8401
4.5197
4.7036
5.0249
5.1215
4.8981
4.6860
4.6468
4.5175
4.5100
4.4560
4.5459
4.5193
4.5889
4.6031
4.3427
4.5136
4.7083
4.8781
5.0653
5.0767
5.2430
4.8226
4.9883
5.5808
5.4001
5.1949
5.3170
4.7031
4.5433
4.5577
4.9738
4.8928
5.1849
5.4826
5.6081
5.4722
5.1718
5.1316
4.8299
5.1414
5.0046
4.9831
5.0358
4.8682
4.9021
4.9457
5.1913
5.0405
5.0299
5.2511
5.3358
4.7254
4.6735
5.2057
4.8870
5.2042
4.6615
4.3659
4.7529
4.8949
4.8973
4.6797
4.8668
4.6685
4.7359
4.9722
4.6784
4.9528
4.8431
4.9746
4.6163
4.9242
4.8006
4.8833
5.1003
5.3197
5.4117
5.3290
5.1750
5.2573
5.7910
5.4819
5.9470
6.0847
5.8744
5.6501
5.7790
5.7875
5.4263
5.5956
5.5617
5.2482
5.2660
5.1836
4.9417
4.7655
4.6762
4.7735
4.8897
5.2529
5.0124
5.2506
4.8442
4.8297
4.7786
4.9388
5.0289
4.9780
4.8491
4.7946
4.6914
4.5339
4.5443
4.7881
5.2905
5.1319
5.3199
4.9822
4.3452
4.6207
4.6650
4.6412
5.0386
5.3425
4.8639
5.4956
5.9226
5.7756
5.4338
5.7306
5.6405
5.9238
5.4766
5.7084
5.7714
5.6364
5.5425
5.6462
5.1839
5.4681
5.3209
5.6773
6.0280
5.9616
5.9072
5.9062
5.5686
5.8725
5.4745
5.5357
5.9816
6.0509
5.5894
5.5743
5.6646
5.5168
5.6590
5.5089
5.3497
5.4650
5.9537
5.7495
5.7460
5.7682
5.5956
5.9329
5.4668
4.9714
5.2709
4.9552
4.8154
4.9261
5.3107
5.4967
5.2125
5.3988
5.2103
5.2001
5.2983
5.4883
5.2445
5.0429
5.2364
5.0453
5.3759
5.2980
5.3228
5.1610
5.1655
4.8480
5.5499
5.3048
5.4791
5.5027
5.4122
5.1286
5.3605
5.2099
5.3421
5.5243
5.6803
5.4668
5.6907
5.3193
5.3092
5.3539
5.2096
4.9391
4.5642
4.3566
4.6860
4.8442
5.0945
5.0659
4.7807
4.8002
4.6235
4.6590
4.4692
4.4966
4.5911
4.4874
4.4636
4.5229
4.4790
4.3524
4.3628
4.6280
4.6136
4.4661
4.3406
4.3022
4.4897
4.2461
4.3290
4.2746
4.2697
4.1984
4.0922
4.2095
4.2116
4.3880
4.3208
4.3501
4.3235
4.3568
4.0141
4.4120
4.4018
4.6033
4.2915
4.9115
4.6124
4.6238
4.8355
4.8106
4.5375
4.6374
4.4809
4.5525
4.3981
4.5624
4.4922
4.8536
4.7034
4.9698
4.7285
5.0824
4.8400
4.5526
4.5558
4.5721
4.6428
4.7627
4.7140
5.1215
5.0590
4.8114
4.8023
4.9347
4.8687
5.1495
4.9045
4.5110
4.5560
4.6533
4.7637
4.7898
4.8745
4.7637
4.7043
4.3194
4.7032
4.8327
4.7253
4.7413
4.9524
4.9437
4.8239
4.6281
4.5751
4.6321
4.6004
4.5152
4.8393
4.6287
4.6851
4.8703
5.0311
5.5433
5.4372
5.0147
5.2700
4.9695
5.2577
5.0795
5.1918
5.3143
5.3316
5.5128
5.3886
5.0463
5.8614
5.8181
5.7025
5.6033
5.5392
5.3752
5.3628
5.0488
5.4017
5.0663
5.5118
5.5720
5.5895
5.7119
5.7925
5.7501
5.6418
5.8904
6.0762
6.0188
5.5287
6.3680
5.4599
5.4441
5.2441
4.8716
5.0643
5.2285
5.5234
5.0304
5.1196
4.7134
5.0348
5.4175
4.9639
5.0571
5.3555
5.0270
4.8028
5.0064
5.4394
4.7334
4.7075
4.5527
4.5313
4.5671
4.7806
4.7747
4.8330
4.6881
4.9181
4.7040
4.8869
4.4441
4.4709
4.4328
4.1984
4.3622
4.4122
4.5890
4.4896
4.8310
4.7265
4.9697
4.9872
5.1019
4.8945
5.1161
4.8640
4.9666
4.8313
4.9590
4.8968
5.1586
5.0753
4.6493
5.0905
5.0997
5.4582
5.4474
5.7653
5.6397
5.5092
5.6403
5.7661
5.5937
6.0192
5.6602
5.5052
5.6554
5.2968
5.3380
5.4079
5.1937
5.5516
5.7355
5.3622
5.1296
5.2003
5.1999
5.1899
4.9428
4.8162
4.7761
4.3041
4.3117
4.4641
4.5861
4.3653
4.6939
4.8232
5.1515
4.5676
4.7479
4.5905
4.5374
4.7243
4.8009
5.0648
4.6911
4.7318
5.1410
4.5129
4.6389
4.6696
4.5862
4.7738
4.4248
4.8530
4.6056
4.4902
4.6284
4.6370
4.6507
4.2541
4.4947
4.3610
4.7468
4.2468
4.5161
4.4750
4.4556
4.8296
5.1373
5.3166
5.4499
5.3967
5.3439
5.5970
5.4599
5.2021
5.1972
5.2820
5.3534
5.0199
4.4226
4.8035
4.9094
4.7576
4.7950
4.8477
4.8652
4.9021
4.7578
4.6312
4.7638
5.1078
4.8598
4.6702
4.5417
4.5159
4.7479
4.5970
4.7241
5.0344
5.2312
5.6075
5.6654
5.2559
5.1463
4.6629
4.4215
4.5269
4.6416
4.7481
4.5849
5.0351
5.2077
4.7400
5.0308
4.9382
4.7524
4.7550
4.8736
4.9474
5.3101
5.1902
4.9462
5.4051
5.0004
5.2991
5.4233
5.3911
5.0174
5.0996
4.7837
5.0063
5.1099
4.9786
4.8087
5.0649
5.0749
4.8927
5.0984
4.8785
5.6045
5.2448
5.3040
5.0478
5.2577
4.9221
5.3860
5.0082
4.9897
4.8931
4.7904
4.6092
4.5769
4.4673
4.4462
4.6556
4.6855
4.9315
4.7261
5.1888
5.1562
5.3649
5.2440
5.1480
4.8510
4.8896
5.2985
4.6892
4.8103
5.0758
5.3537
5.3635
5.3398
5.8708
5.9137
5.4916
5.0045
5.4349
5.2526
5.3838
5.4181
5.3378
5.2466
5.5765
5.8201
5.6201
6.1543
6.1749
6.0293
5.5591
6.3412
6.0673
5.8483
5.9722
5.6385
6.1638
6.0343
5.9869
6.4389
6.7920
6.5182
6.0666
6.0737
6.2221
6.0972
5.9065
5.7361
5.6204
6.5392
6.0198
5.7432
5.4144
5.5869
5.3762
5.7301
5.4668
5.7322
5.8991
6.2260
6.3157
6.0368
5.9421
5.7592
5.9434
5.7681
5.1192
5.0316
5.4145
5.9341
5.8440
5.9545
6.1434
5.7619
6.0530
5.7205
5.9492
5.7626
5.2115
5.7920
5.5443
5.7940
5.7330
5.3437
5.4649
5.2504
5.0280
4.9503
4.8923
5.1605
4.7512
4.8161
4.9162
4.5379
5.1631
4.9135
5.1121
5.6364
5.6208
5.6576
5.0736
5.8415
5.5257
5.4885
5.3356
5.1107
4.9595
4.7934
4.8766
5.3069
5.1534
4.9432
5.5243
5.2453
5.2117
5.1484
5.2554
4.9282
5.1909
5.4710
5.5102
5.0296
5.2106
5.1827
5.0085
4.8915
4.8737
5.0717
5.0084
5.2221
5.2402
5.3081
5.4465
5.2943
5.1670
5.2209
5.4064
5.7979
5.5851
5.4324
5.1902
5.4450
4.9986
4.8760
4.8661
5.1305
4.9997
5.2775
5.4456
4.8635
5.1950
4.7704
4.9660
4.9414
5.1340
5.2771
5.1774
4.9619
5.1732
5.1591
5.1024
5.1423
5.1245
4.7540
4.8947
4.9777
4.9638
4.8012
5.1343
5.4101
5.4237
5.7317
5.5891
5.4544
5.7338
5.6517
5.8412
5.6010
5.3446
5.2908
5.3769
5.3557
5.4590
5.0315
4.8956
4.9041
4.8645
5.2504
5.0475
5.1051
5.4057
5.4371
5.6982
5.7877
5.7947
5.8612
5.3916
5.5284
5.8433
5.7399
5.2831
5.4282
5.0888
4.8329
4.6128
4.4300
5.1324
5.2783
5.0496
4.9202
5.4478
5.2972
5.0516
4.9567
5.1752
5.0638
5.0226
5.1310
5.1370
5.1764
4.9948
4.7527
5.0996
5.4901
5.7571
5.7800
6.1222
6.4903
5.7658
5.7887
5.8530
5.7915
5.7300
5.6240
5.6295
5.8542
5.3204
5.3764
5.5890
5.8484
5.6821
6.1070
5.9343
5.8579
5.3399
5.2643
5.5687
5.6239
5.6133
5.3096
5.2644
5.2417
5.3466
5.6223
5.8835
6.0830
5.7041
5.7606
5.3597
5.6236
5.5172
5.5553
6.0122
6.0189
5.6684
5.3580
5.5215
5.2638
5.4003
5.1382
5.7768
5.5158
5.4962
5.6582
5.5262
5.7166
5.8667
5.5061
5.6562
5.3617
5.2750
5.5330
5.4239
5.8046
5.2115
5.1073
4.7927
5.4957
5.3462
5.0476
5.2232
6.2703
6.2300
5.7026
5.6817
5.8110
5.6347
5.0950
5.5685
5.2936
5.3429
5.1492
5.2467
4.8142
4.6562
4.6585
4.7713
5.0328
5.0608
5.2838
5.1953
5.1272
5.0512
5.3356
5.1767
5.1748
5.0566
5.0828
5.1531
4.9127
4.5866
4.9695
4.7559
4.8411
5.0830
5.1335
5.4861
4.8520
4.8356
5.0778
5.0928
4.9129
4.8917
4.9077
4.7540
4.8117
4.7845
4.9658
4.8357
4.9917
5.1372
4.9073
5.3907
5.2921
5.1321
5.3175
5.1403
4.8233
4.7905
5.1241
5.8577
5.2437
5.4678
5.3966
4.9661
4.8421
4.5849
4.7417
4.9274
4.7324
4.9997
5.0166
5.7353
5.7831
6.0045
5.7922
5.8186
5.6869
5.8705
5.7117
5.4220
5.2658
5.6132
5.5807
5.4505
5.5704
5.3933
5.5006
5.5030
4.9142
4.9332
5.1002
5.0419
4.7939
4.8062
4.8932
4.8349
4.7852
5.4300
5.0259
5.3671
4.9692
5.2989
5.4258
5.2610
5.1324
5.3387
5.0548
4.9749
4.9856
5.2960
5.0307
5.1322
5.1869
5.1815
5.3627
4.9770
5.1495
5.1109
4.7614
5.2241
4.9000
4.6937
4.7656
5.0238
4.8157
4.9501
5.1257
4.8428
5.2292
4.9763
4.9671
5.0224
5.1181
5.0884
5.1068
5.4311
5.3721
5.6574
5.4392
5.6401
5.4135
5.6791
5.7983
5.7901
5.6380
5.9821
5.7435
5.9621
5.6660
5.0940
5.5263
5.3269
5.1703
5.5196
5.3238
5.4135
5.2462
5.4251
5.3798
5.2107
5.2082
5.0161
4.5300
4.5209
4.5507
4.9729
4.9229
5.1574
5.0878
5.0566
5.5126
5.2322
5.0190
5.1046
5.1801
4.8931
5.1154
5.0272
5.3096
5.2568
5.0222
5.1215
4.9142
4.7155
5.2987
5.0801
5.5895
5.5016
5.8643
5.5982
6.0065
5.9831
5.9205
5.4495
5.7188
5.4005
5.5882
5.5841
5.4479
5.0359
5.2613
4.9225
5.6099
5.5460
5.2948
4.9479
5.4410
5.6147
5.4057
5.0452
4.8996
4.5245
4.9709
5.3743
5.2424
4.9144
4.8798
5.0960
5.2362
5.2642
5.2658
5.2595
5.4603
5.3731
5.3645
5.6240
5.6995
5.8731
5.5948
6.0651
5.8248
6.0246
6.0315
5.6572
5.4329
5.0726
4.9959
5.2320
5.0753
5.2017
5.3412
4.8425
4.9663
5.2807
5.3282
5.3584
5.5060
5.3487
5.4230
5.3350
5.2857
5.9910
5.5515
6.0610
5.8016
5.9458
5.8598
5.2000
5.5961
5.4583
5.2674
5.2246
5.7869
5.7153
5.5499
5.8252
5.6396
5.6309
5.7143
5.7294
5.9803
5.7430
6.0608
5.5633
5.4960
5.4806
4.9785
4.8347
5.0618
4.8699
4.7688
4.6995
4.8974
5.1668
5.2148
5.1318
5.2744
5.5122
5.7379
5.3473
5.6886
5.6656
5.5426
5.2976
5.2476
5.2395
5.1239
5.0452
5.3434
5.1764
4.9084
4.7617
5.0817
4.8081
4.9912
5.0426
4.9657
5.3208
5.5217
5.0404
5.1358
5.4132
5.4485
5.4530
6.1904
5.6642
5.8587
5.7066
5.4374
5.7371
5.8434
5.8582
5.5502
5.8140
5.4666
5.6316
5.6200
5.8171
5.7169
6.0538
6.2961
6.0280
6.2663
6.0496
5.8953
5.9532
5.9066
5.8642
5.9704
6.4291
6.1343
5.7808
5.5132
5.5818
5.5764
5.4858
4.8665
4.8684
5.1768
5.1065
5.0996
5.2338
5.2541
5.1792
5.1256
5.5039
5.5941
5.2529
5.2729
5.5160
5.5974
5.8680
6.0131
5.6881
6.0995
5.7965
5.8810
5.9308
5.7999
5.3781
5.1897
5.3253
5.3999
5.4065
5.5079
5.6829
5.3549
5.2982
5.0760
5.3219
5.2210
5.7743
5.7757
5.5843
5.8364
5.4918
5.0638
5.1169
4.8672
4.8728
5.0084
5.0419
5.1316
5.3239
4.9304
5.1080
4.9149
5.7138
6.0493
5.4211
5.5411
5.3409
5.1768
5.4034
5.1284
4.9876
5.2578
4.9859
5.2972
4.9056
4.7974
4.9639
4.9708
5.5645
4.9061
4.9594
4.6650
4.4314
4.6153
4.3213
4.7219
4.8016
4.6941
5.0249
4.8366
4.9211
5.0288
5.5025
5.3713
5.3523
5.3334
5.2372
5.1512
5.4033
5.3443
5.0383
5.3379
5.1104
5.2906
5.4579
5.3618
5.3477
5.5407
5.2604
5.2646
5.3520
5.4819
5.5614
5.7556
5.2503
5.3368
5.9713
5.4454
4.8431
4.7046
4.8790
4.9698
4.9373
4.9564
4.9983
4.8289
4.4099
4.4839
4.8711
5.0174
4.9698
5.3320
4.9073
5.0817
4.9026
4.8768
5.1193
4.9796
5.1041
5.1750
4.9610
4.9025
4.6867
4.7949
4.7295
4.8717
4.5088
4.8932
5.0982
4.6939
4.7121
4.8627
4.8805
4.6583
4.9410
4.8514
5.0263
5.3744
5.1536
4.9014
5.2603
5.3511
5.6009
5.4417
5.1339
5.0172
5.3504
5.2762
4.8366
4.9223
4.6886
4.7115
4.9278
4.9755
5.1510
5.0429
5.3359
5.3273
5.4709
5.5792
5.0735
5.1423
4.8290
5.0074
5.2829
5.1746
5.3061
4.8309
4.7240
5.0064
4.8093
4.9009
4.7998
4.7007
5.0613
5.6549
5.5449
5.5469
5.4077
5.3604
5.5439
5.8465
5.8645
5.8461
5.6117
5.8612
5.7105
5.4671
5.6310
5.9239
6.0492
5.9790
5.9130
6.2237
5.7977
5.7417
5.8371
5.8203
5.7521
5.5547
4.9984
5.3405
5.5591
5.4295
5.7129
5.4328
5.2696
5.3202
5.2206
4.9922
5.2911
5.4558
5.8640
6.0038
6.0040
6.5720
5.8945
5.6706
5.8729
5.6535
5.8805
6.0222
5.9852
5.9777
5.9933
5.6098
5.7097
5.9210
5.9926
6.0822
5.5351
5.6275
5.4845
5.5368
5.5343
5.3413
5.5091
5.8134
5.7052
5.4642
5.8452
6.0288
6.3196
6.0357
5.9922
5.9430
6.0273
5.9721
5.5945
5.3157
5.8099
5.6942
5.5513
5.8880
5.7900
5.8879
5.8711
6.1506
6.0478
5.8555
5.8074
5.7494
5.7251
5.8540
5.6581
5.6935
5.8801
5.7836
5.4209
5.5315
5.8918
5.8166
5.9224
6.0168
5.9780
5.8106
5.4204
5.6152
5.8934
5.4608
5.5429
5.6555
5.1445
5.1127
5.1433
5.2654
5.2811
5.3875
5.3854
5.3297
5.7613
5.4448
5.3015
5.7095
5.5371
5.5082
5.3155
4.9861
5.3041
5.3649
5.0139
5.5225
5.5423
5.6199
5.4001
5.6917
5.8322
5.8666
6.0509
6.1695
5.8784
5.6076
5.7026
5.8860
5.6023
5.7517
5.7685
5.1807
5.4766
5.2106
5.1569
4.8829
5.0308
5.2297
5.4339
4.9588
5.0662
5.2911
5.5075
5.5549
5.2696
5.1981
5.0787
5.0622
5.2484
5.2954
5.3558
5.3409
5.3638
5.3306
5.0566
5.1654
5.1458
4.9755
5.5176
5.2515
5.2429
5.2707
5.0616
5.3167
5.4667
5.2260
5.8196
5.5893
5.7054
5.3940
5.0872
5.3220
5.4354
4.9565
5.0404
4.7317
4.6548
4.6867
4.6565
4.9806
4.6067
4.3538
4.5815
4.9956
4.7207
4.7173
4.8865
4.9025
4.9043
5.1652
4.8769
5.4259
5.2282
5.1084
5.2134
5.3833
5.8521
5.6899
5.4266
5.5956
5.5658
5.7825
5.4871
5.1209
5.1818
4.9772
4.7942
5.1648
5.2379
5.6833
5.2241
5.5991
5.4710
5.8747
6.1342
6.1859
6.1392
6.1062
6.0096
5.7223
5.9086
5.6349
6.3962
5.7414
5.7232
5.8592
5.9448
5.9626
5.7849
5.3482
5.8049
5.7801
5.8453
6.1103
6.0114
6.1392
6.3501
6.2894
6.5821
6.4932
6.6427
6.5933
6.4555
6.4230
6.9912
6.6670
6.2348
6.5021
6.1176
5.9790
6.9216
6.7523
6.6605
5.9701
5.7876
5.8873
6.2867
5.8259
6.2476
6.4598
6.1568
6.2392
6.1150
6.2199
6.0002
5.4278
5.6564
5.6824
4.9834
5.5509
5.7479
5.9218
5.9369
5.7057
5.4064
5.4996
5.1989
5.3984
5.6228
5.8099
5.8930
5.3204
5.3755
5.4037
5.4747
5.6106
5.7655
5.9320
5.6902
6.0956
5.6835
5.9752
6.4178
6.0732
5.9950
5.7252
5.7025
5.7534
5.8307
5.8676
5.9229
6.4512
6.3743
5.9122
5.7689
5.5731
5.7704
4.9456
5.1037
4.8501
5.4633
5.4289
5.5824
5.3135
5.5121
5.5597
5.2371
5.5893
5.1000
5.6559
5.5761
5.6607
5.7168
6.1147
6.4172
5.9629
5.5774
5.5317
5.5328
5.5682
5.7374
5.8006
5.7380
6.0282
6.0838
6.1729
5.6398
5.6261
5.5786
5.5286
5.5792
5.6375
5.4035
5.9030
5.7601
5.6705
5.8065
6.0082
5.5773
5.7090
5.8154
6.1095
6.0486
6.2835
6.4409
6.4156
6.2957
6.1664
5.9792
6.1408
5.9915
5.9218
6.2258
6.2335
6.0943
6.0019
6.0793
6.0872
6.0752
5.6565
5.9565
5.6432
5.6139
5.2853
5.3530
5.7084
5.2981
5.6376
5.4798
5.1776
5.3808
5.5734
5.3922
5.9488
5.3803
5.2920
5.3273
5.5851
6.0292
6.0441
5.2420
5.2027
5.0344
5.0662
5.2290
5.3512
5.6729
5.8108
5.7626
5.5497
5.2506
5.1734
5.3720
5.5409
5.4722
5.8763
5.9429
5.2641
5.5915
5.5827
5.7202
5.0240
5.1877
5.4964
5.1969
5.2123
5.0843
5.2072
5.0611
5.3260
5.4966
5.6137
5.7463
5.8741
5.9722
5.7947
5.7088
5.7070
5.5892
5.3638
5.4569
5.3570
5.5251
5.6465
5.7582
5.4567
5.7691
5.3165
5.2296
5.6097
5.5790
5.6202
5.8155
5.7596
5.7817
6.0913
6.0390
6.3350
6.4456
6.1598
5.9436
6.0552
5.9543
5.9683
5.9882
6.2076
5.9091
5.8082
6.2998
6.2938
5.8220
5.6074
5.6451
5.2408
5.1490
5.3815
5.1378
4.9899
5.4338
5.7872
5.6179
5.1159
5.0891
5.2490
5.3079
5.3085
4.9544
4.5004
5.3318
5.4498
5.0474
5.1284
4.9620
5.1303
5.1765
5.1884
5.1715
5.2607
5.2311
5.1483
5.1767
5.2517
5.1808
5.5454
5.5658
5.5172
5.2403
5.4272
4.9487
5.0207
5.2355
4.9540
5.4101
5.0270
5.1210
5.0191
5.2453
5.5436
5.5649
5.4002
5.6619
5.3557
5.5534
5.2503
4.9254
5.3131
5.1229
5.2972
5.6776
5.8100
5.6163
6.0774
6.3472
6.3317
5.8983
5.6351
5.6803
5.2587
5.3196
5.1560
5.7123
5.5620
5.1769
5.5394
5.4502
5.0690
5.0491
5.4875
5.5602
5.6578
6.0113
5.7441
5.6568
5.5901
5.6968
5.6938
5.6098
5.1963
5.5819
5.3720
5.8171
5.2628
5.3524
5.0406
4.8976
4.8242
5.2804
5.5860
5.5222
6.0982
6.0871
6.2015
5.9566
6.1705
6.3696
6.3880
6.4567
6.3446
6.1572
6.1630
5.7530
5.7164
5.8014
5.8983
6.0606
6.1873
6.4406
5.8833
6.1970
6.4930
5.8547
5.9284
6.0081
6.2196
6.4590
6.2814
6.0426
5.7962
6.1062
5.7971
6.3531
6.2220
6.4749
6.0085
6.0235
6.1708
6.4344
5.8552
6.1356
6.0943
6.0147
5.8820
5.8760
6.2228
6.1699
6.1892
6.5007
6.5274
6.4359
6.0565
6.2503
6.4863
7.1737
6.4124
6.2399
5.9131
5.9865
6.4399
5.8952
5.8692
6.0289
6.2340
6.5056
6.0331
5.7057
6.0548
6.1239
6.1330
6.1630
6.3240
5.9314
6.0510
5.9250
5.5551
5.6059
6.1013
5.4991
5.5675
5.7626
5.8259
5.9080
5.7885
5.6487
5.6684
5.4393
5.7291
5.8187
5.9946
6.1427
5.7096
6.2236
6.2895
6.5921
6.3053
6.3479
6.1340
6.1921
5.8458
5.9520
6.0074
5.6861
5.9102
6.1893
5.7981
6.2353
5.7432
6.0897
5.9220
6.1818
6.6728
6.1398
6.1246
5.7645
5.5336
5.8724
5.5405
5.9446
5.8346
5.9101
5.8788
6.0722
6.4567
6.2200
6.1927
5.5099
5.8257
5.9777
5.6794
5.7363
5.3724
5.7214
5.9442
5.6798
5.7859
5.7690
5.6992
5.1719
5.0392
5.1717
4.8777
4.8348
5.2676
5.2747
5.4417
5.2888
5.1486
5.2490
5.3476
5.0159
5.0215
5.3485
5.3496
5.1926
5.4321
4.9994
5.7817
5.5701
5.2368
5.2428
5.1063
5.2592
5.3187
5.4153
5.7248
5.6952
5.3050
5.9021
5.7847
5.6636
5.5107
5.4064
5.5544
5.9493
5.9175
5.5988
5.7661
5.8603
5.5047
5.6573
5.0412
5.2213
5.4192
5.2156
5.1476
5.1200
5.5929
5.5551
5.8454
5.7248
5.7189
5.5244
5.4915
5.8875
5.6153
5.0458
5.1993
5.7676
5.4861
5.9231
6.3425
5.7911
5.8915
5.8353
5.9143
5.4992
5.7627
6.2605
6.3104
5.9931
5.8553
5.6880
5.8459
5.8959
5.8023
5.6535
5.3748
5.5758
6.1125
5.6463
5.5513
5.7977
5.5211
5.4269
5.4629
5.1683
5.3967
5.4529
5.2889
5.0666
5.1686
5.1176
5.2927
5.4449
5.1745
5.5754
5.4596
5.8196
5.5956
5.6142
5.7540
5.8384
5.5107
5.3141
5.1003
5.4309
5.3531
5.5185
5.6766
5.3145
5.5381
5.5985
5.4062
5.4047
5.2623
5.3239
5.7178
5.5393
5.5182
5.4931
5.5026
5.6270
5.4902
5.4190
5.8485
5.4299
6.0093
6.2152
5.8076
6.0969
6.1543
5.4539
5.7301
5.7255
5.5306
5.6177
5.9111
6.1621
5.7842
5.7718
5.5458
5.3115
5.4317
5.4223
5.3804
5.5925
5.3971
5.0450
5.6258
5.4028
5.4736
5.5435
5.8401
5.3397
5.0332
5.3860
5.7336
5.8168
5.7421
5.5896
5.8217
5.6274
5.5609
5.5654
5.5980
6.0212
6.4548
6.3264
5.8534
5.8264
5.9702
5.8586
5.8313
5.6517
5.6032
5.4168
5.9636
6.1174
5.8445
5.7689
5.6500
5.8485
5.7779
6.1267
6.0246
6.2550
6.1926
6.3434
6.2816
6.5171
5.9804
6.0705
6.0231
5.9888
5.9535
5.8955
5.4315
5.4216
5.6375
5.3144
5.5210
5.2767
5.1631
5.4906
5.6217
5.7386
5.4522
5.3245
5.3343
5.4184
5.2984
5.4806
5.8767
5.4242
5.4623
5.0322
4.6420
4.8673
4.7498
5.0758
5.1273
4.9746
5.0667
4.5859
4.4852
4.7059
4.8218
4.6554
4.9878
4.9121
4.9037
4.9892
5.2666
5.0538
5.3882
4.8338
4.9213
4.8592
4.8764
4.9653
4.8338
4.8412
4.8692
5.3165
4.9854
4.8612
5.2354
5.1142
4.9216
4.9931
4.8324
4.6849
4.7559
4.7579
4.8753
5.1005
5.3346
5.3684
5.3670
5.3135
5.4802
5.4560
5.6970
5.2682
5.7494
5.5501
5.6661
5.4176
5.5414
5.2972
5.4052
5.5757
4.7400
4.6846
5.0025
5.1118
5.2686
5.1373
5.1258
5.3849
5.1313
5.2170
4.9722
5.0366
5.0110
5.3424
4.9181
4.9659
4.9388
4.9451
5.2091
5.1529
5.4027
5.2399
5.3628
5.4855
5.4304
5.7132
5.8158
5.9797
6.5945
6.5589
6.4043
5.9582
5.9613
6.3219
6.0314
5.8118
6.0965
6.1372
6.3550
5.8109
6.1226
6.2970
6.9660
6.9327
6.4679
6.7208
6.0477
5.7685
5.7733
5.4592
5.2265
5.3941
5.7379
5.7671
5.5070
5.6098
6.0586
6.3891
6.2470
6.0225
6.5652
6.3224
6.8139
6.5799
6.5316
6.8221
7.0332
6.7348
6.2256
6.7153
6.8138
6.7115
6.4856
5.7480
6.1665
6.0864
6.5648
5.8206
5.8683
6.0381
6.4266
5.9908
5.8750
6.1144
5.9022
6.3866
6.8596
6.3573
6.3312
6.3187
5.9644
6.2566
6.0660
6.1177
6.2008
6.0131
6.4795
6.9135
6.6140
6.8020
6.3585
5.7574
5.9329
5.8964
6.0642
5.9919
6.3557
6.4432
6.2957
6.6297
6.6647
6.6724
6.0075
5.8339
5.6805
5.8249
5.9022
5.5938
5.5480
5.7581
5.5340
5.9675
5.7351
5.7313
6.0247
6.2086
6.0703
6.2667
6.1741
6.4191
6.1654
6.3826
6.4542
6.4068
6.6132
6.7345
6.5826
6.7717
6.7543
6.5611
5.9096
6.0152
5.8517
5.9905
6.0680
5.9744
5.9649
5.8329
5.7971
6.1204
6.0248
6.0533
6.4868
6.0555
6.1364
6.0979
6.5167
6.3611
6.2088
6.5069
6.6803
6.1632
5.7131
5.8273
5.7196
5.9337
6.1931
6.2887
5.9991
6.3977
5.5151
5.6104
5.8090
5.9710
6.0448
6.2871
6.0160
5.8222
6.0177
5.6528
5.4937
5.5456
5.8059
5.9385
5.7793
5.9219
5.8090
6.3851
6.5532
6.3824
5.9891
6.1785
6.4848
6.3091
6.0300
5.9054
5.8243
5.8078
5.9718
6.3253
5.5564
5.5969
5.9781
5.9701
5.6375
5.8180
6.2485
5.9048
5.5154
5.4820
5.2189
5.4671
5.5346
5.6336
5.5780
5.8359
5.5996
5.7520
5.7125
6.1223
5.7387
6.2092
5.7762
6.3234
5.9509
6.0105
5.6451
5.5465
5.6311
5.3828
5.5553
5.5970
5.2045
5.2308
5.3825
5.6686
5.4916
5.4212
5.5256
5.7061
5.5776
5.9256
5.9084
5.7811
5.9611
6.5372
6.2020
5.7859
6.0581
6.4584
6.6176
6.8410
6.5343
6.1175
5.8946
5.9763
6.2856
6.3653
5.7038
6.0429
5.8282
5.7331
5.6958
5.4723
5.0287
5.1094
5.2959
5.2885
5.3363
5.9194
5.5904
5.5965
5.6430
5.7594
5.7635
5.9495
5.8188
5.8445
5.3821
5.7145
5.6203
5.4711
5.9606
5.8814
5.6057
5.3782
5.6323
5.2520
4.9958
5.0553
5.1177
5.1059
5.1748
5.4308
5.7920
5.4333
5.4613
5.6098
5.6736
5.4380
5.6191
5.4208
5.0665
5.0261
5.1915
4.9032
4.9811
5.3386
5.4566
5.2413
4.9395
5.2264
5.2790
5.5209
4.9606
4.8156
5.0497
4.9690
4.8894
4.6975
4.9189
4.9813
4.9862
4.4922
4.9035
5.5296
5.0896
5.1051
5.2213
5.3683
5.6600
5.8342
6.1322
5.8269
5.6210
5.5040
5.4479
5.1161
5.6788
5.1277
5.5074
5.7607
5.4064
5.4194
5.3362
5.6588
5.8931
5.7393
5.5152
5.7704
5.5687
5.7381
5.3830
5.9364
5.7749
5.8651
5.5005
5.5576
5.5403
5.5808
5.7979
5.7280
5.6138
5.3976
5.2158
5.6043
5.6622
5.0935
5.3198
5.1111
5.2809
5.0939
5.5295
5.2282
5.6421
5.4986
5.9284
5.8657
5.5501
5.3610
4.9896
5.1839
5.5587
5.6175
5.1148
5.3134
5.2516
5.5345
5.8335
5.2389
5.2409
4.9171
5.3214
5.1245
5.2250
5.0543
5.1005
4.6741
4.8803
5.1725
5.1727
5.1184
4.9575
5.1826
5.3480
5.2866
5.2812
4.8520
5.0497
5.2647
5.3111
5.2769
5.1576
5.2910
5.2513
4.8357
5.0454
5.3808
5.5538
5.4385
5.6040
5.5345
5.4337
5.4771
5.4606
5.2857
5.0529
4.8612
4.6132
4.3722
4.3685
4.5643
4.4207
4.4349
4.4257
4.8434
4.6821
4.3452
4.5057
4.5813
4.8132
4.3965
4.3255
4.3765
4.4379
4.3305
4.3600
4.5296
4.7243
4.8172
4.5993
4.4672
4.3683
4.1790
4.1016
4.5389
4.7069
5.0599
5.2070
5.0799
4.9741
5.0580
4.7864
4.4873
4.5284
4.5953
4.3681
4.3865
4.6962
4.5254
4.7262
4.7499
4.6181
4.7759
5.0211
4.8302
4.7667
4.9043
5.0890
5.0282
4.7811
4.7649
4.3353
4.4564
4.4544
4.4021
4.4416
4.8644
4.8370
4.9918
5.0110
4.8575
5.3380
5.2216
5.1941
5.1251
5.0126
5.0024
5.2221
4.8571
5.1327
5.0507
5.2437
5.1082
4.9934
4.7695
5.0683
4.7740
5.0720
4.9348
4.9199
4.7262
4.5747
4.3150
4.6980
4.6135
4.7419
4.4395
4.4556
4.4310
4.2695
4.3956
4.5697
4.3411
4.4072
4.7830
4.7652
4.8559
4.8011
4.7604
4.5357
4.8827
4.8678
5.0571
5.0627
4.7992
5.0406
4.9027
4.7774
4.6243
4.4020
4.7933
4.8793
4.6934
4.6640
4.8125
4.6509
5.0449
5.3596
4.8542
4.7438
4.6925
4.9048
4.5514
4.6423
4.6277
4.6695
4.7274
4.5113
4.7724
4.9146
4.8704
4.9280
4.7367
4.7818
4.8435
4.9499
5.1767
4.9761
4.4654
4.6849
5.1379
5.2508
5.0017
4.9130
5.2851
4.6591
5.2756
4.8347
4.6478
4.7961
4.8770
4.8547
5.0236
4.8586
4.6331
4.6610
4.7626
4.7800
4.7792
4.8743
5.2655
5.1600
5.3121
5.0792
5.0424
5.0823
4.7307
4.3375
4.4850
4.5270
4.5916
5.0351
4.8485
4.9786
4.8778
4.7772
4.9499
5.0074
5.2201
4.7131
4.8451
4.4694
4.8253
4.6948
4.6208
4.6133
4.8443
4.7561
4.4919
4.6042
4.9570
4.8803
5.0945
5.1928
5.1476
4.9484
4.7214
4.4842
4.4195
4.7655
4.6568
4.6885
4.9789
4.7117
5.0873
4.7899
4.5187
4.2867
4.5255
4.4197
4.4664
4.6175
4.5189
4.6312
4.5335
4.3750
4.2190
4.3062
4.1930
4.1775
4.1568
4.1769
4.2433
4.2404
4.1806
4.4349
4.4428
4.3787
4.3913
4.4915
4.7071
4.3189
4.4250
4.3659
4.2063
4.2966
4.1164
4.2537
4.0304
4.0595
4.3641
4.2964
4.2942
4.4892
4.1379
4.3181
4.5457
4.4861
4.3104
4.2279
4.3447
4.2914
4.2955
4.3476
4.4005
4.4393
4.3712
4.4307
4.3993
4.3960
4.3822
4.2914
4.2720
4.3128
4.3638
4.3019
4.0716
4.2171
4.3389
4.2031
4.2555
4.0956
4.1526
4.0373
4.1717
4.2872
4.3478
4.2419
4.4138
4.2625
4.2846
4.3335
4.4801
4.1858
4.6769
4.5129
4.6351
4.4465
4.4662
4.5300
4.5163
4.8749
4.5914
4.5491
4.7343
4.5050
4.3583
4.5241
4.5358
4.5944
4.4115
4.3299
4.1982
4.3878
4.2346
4.2732
4.4521
4.1563
4.4493
4.6458
4.5845
4.7899
4.6405
4.6430
4.6624
4.6275
4.5802
4.3044
4.4505
4.4798
4.3222
4.6712
4.6123
4.4956
4.4321
4.3676
4.2462
4.2762
4.3767
4.5195
4.5890
4.5789
4.3791
4.2967
4.2311
4.3603
4.2418
4.3350
4.2601
4.4734
4.4563
4.2438
4.3317
4.2955
4.1733
4.2134
4.3581
4.1543
4.3321
4.3222
4.4141
4.3349
4.1330
4.1666
4.4962
4.4151
4.4578
4.3836
4.3581
4.2975
4.4128
4.3072
4.3047
4.2475
4.3316
4.2909
4.2001
4.6024
4.4230
4.4133
4.4112
4.3483
4.2854
4.3023
4.3440
4.4692
4.4793
4.5231
4.3471
4.3498
4.1726
4.5370
4.2585
4.1359
4.2393
4.2721
4.2694
4.1167
4.2941
4.4083
4.4028
4.3501
4.2173
4.6723
4.3673
4.2766
4.6280
4.4608
4.6009
4.5606
4.3175
4.5517
4.2248
4.2455
4.2074
4.4792
4.6534
4.7216
4.5185
4.5945
4.6417
4.5741
4.5777
4.4771
4.5340
4.5439
4.6076
4.7709
4.6430
4.4977
4.6042
4.5320
4.4017
4.2382
4.2711
4.2654
4.4868
4.5157
4.6785
4.4652
4.5903
4.5571
4.5297
4.4750
4.3906
4.5769
4.4167
4.4245
4.3529
4.3552
4.4872
4.6896
4.3194
4.6410
4.3565
4.3605
4.3145
4.2532
4.7474
4.4671
4.3989
4.0473
4.2227
4.2539
4.3077
4.1095
4.2675
4.2530
4.4340
4.3463
4.3831
4.3471
4.3595
4.6015
4.5902
4.8062
4.5306
4.5177
4.3401
4.4493
4.6213
4.5416
4.7806
4.9020
4.9208
5.1130
4.7501
4.6538
4.6018
4.2596
4.3111
4.3214
4.4500
4.4428
4.4548
4.2669
4.2520
4.2386
4.2159
4.3388
4.4132
4.2836
4.1600
4.2239
4.2279
4.4464
4.5687
4.5250
4.5952
4.5011
4.1936
4.1489
4.3266
4.2266
4.1990
4.1426
4.2697
4.4400
4.4636
4.3967
4.3943
4.2926
4.2434
4.3401
4.4002
4.1679
4.1467
4.2631
4.2059
4.6167
4.4903
4.3398
4.2703
4.2123
4.2312
4.3027
4.2869
4.1163
4.1984
4.1468
4.1980
4.3575
4.6500
4.6114
3.9943
4.1298
4.1181
4.1844
4.0794
4.2534
4.4170
4.2959
4.1856
4.2428
4.2879
4.0099
4.0911
4.1269
4.4427
4.3772
4.3115
4.2973
4.3882
4.3596
4.6824
4.5820
4.3196
4.2118
4.2131
4.4326
4.2313
4.2286
4.3447
4.4908
4.4241
4.3022
4.6267
4.8641
4.8681
4.7504
4.9337
4.8174
4.7458
5.0015
4.7210
4.6546
4.5219
4.5016
4.7246
4.6296
4.6131
4.2739
4.4462
4.2175
4.2472
4.3234
4.1836
4.2193
4.2845
4.2076
4.3028
4.3279
4.1919
4.0872
4.2438
4.2822
4.3153
4.2187
4.3684
4.4557
4.4325
4.2453
4.4045
4.4542
4.3133
4.3662
4.1776
4.2948
4.2554
4.2232
4.4054
4.4083
4.4039
4.2096
4.2323
4.3536
4.1708
4.0994
4.2507
4.4856
4.4190
4.1656
4.1405
4.4003
4.5328
4.2670
4.5017
4.3545
4.6525
4.4279
4.3597
4.7106
4.4394
4.4296
4.7138
4.4391
4.8156
4.4661
4.4558
4.6198
4.6845
4.6744
4.6151
4.4949
4.6699
4.5066
4.7321
4.7662
4.3472
4.6410
4.5064
4.6864
4.5913
4.4226
4.3702
4.4332
4.9570
4.7987
4.8291
4.8229
4.7714
4.9129
4.7520
4.6304
4.7399
4.6935
5.0131
4.8535
4.7679
4.5652
4.5801
4.6178
4.7822
4.9053
4.6802
4.5981
5.0037
4.7191
4.5476
4.5286
4.6379
4.7623
4.4733
4.3214
4.1279
4.3418
4.6213
4.6389
4.5371
4.7825
4.4470
4.5611
4.4031
4.3704
4.3819
4.6213
4.2376
4.4197
4.4262
4.3612
4.3046
4.3078
4.3696
4.5289
4.5303
4.3412
4.4051
4.1597
4.1874
4.2272
4.3162
4.3700
4.3686
4.4082
4.6214
4.5698
4.3495
4.3883
4.4792
4.6548
4.5492
4.5186
4.4922
4.4715
4.4238
4.4023
4.3799
4.1688
4.6874
4.4899
4.5540
4.4518
4.7133
4.6514
4.6231
4.5735
4.8655
4.7652
4.7984
5.0388
4.6216
4.4834
4.8456
4.4428
4.5667
4.2742
4.3413
4.3218
4.3163
4.3596
4.3690
4.4519
4.5209
4.4247
4.5160
4.4330
4.5920
4.4944
4.6856
4.6877
4.8848
4.6398
4.5445
4.4647
4.5404
4.4321
4.5839
4.6033
4.3667
4.2307
4.2241
4.4806
4.4529
4.4288
4.5390
4.4563
4.1926
4.2756
4.4999
4.5356
4.4455
4.4162
4.2835
4.4675
4.3671
4.4945
4.3732
4.5985
4.2869
4.4431
4.4188
4.4171
4.5807
4.5695
4.6553
4.5200
4.4894
4.3673
4.5641
4.4523
4.2412
4.2880
4.2724
4.4691
4.5345
4.4843
4.2890
4.4036
4.1792
4.7736
4.7022
4.4976
4.3506
4.5792
4.5574
4.6125
4.5176
4.5954
4.4669
4.3300
4.5183
4.5463
4.3051
4.1936
4.5039
4.6225
4.5829
4.6033
4.5649
4.3649
4.2991
4.2366
4.2575
4.2881
4.4716
4.2656
4.2018
4.3648
4.3973
4.3368
4.3640
4.4986
4.2403
4.2777
4.3433
4.2471
4.4727
4.7509
4.2958
4.3118
4.2485
4.3682
4.3366
4.3641
4.5328
4.3950
4.3424
4.3656
4.5368
4.5933
4.5337
4.4986
4.3484
4.3490
4.4492
4.4535
4.6119
4.4039
4.4225
4.4233
4.3588
4.4488
4.2008
4.3617
4.3733
4.4382
4.4988
4.4733
4.4173
4.4255
4.1704
4.2139
4.6108
4.2347
4.3641
4.2450
4.1717
4.4411
4.3258
4.2028
4.3271
4.3159
4.0818
4.3213
4.2302
4.4402
4.5215
4.5181
4.1444
4.1668
4.0170
4.1962
4.0572
4.1455
4.2291
4.0734
4.1986
4.1797
4.1313
4.0294
4.2626
4.2675
4.2905
4.1763
4.0919
4.0840
4.1515
4.3000
4.0456
4.1923
4.2233
4.1503
4.3234
4.1323
4.3783
4.2727
4.2450
4.1464
4.1908
4.1609
4.4467
4.3414
4.3921
4.3390
4.2832
4.0889
4.1735
4.1361
4.4066
4.2567
4.3235
4.4980
4.3034
4.3704
4.2823
4.2600
4.0649
4.1298
4.4365
4.3990
4.4598
4.3128
4.4282
4.3122
4.0799
4.3989
4.1975
4.0124
4.0803
4.0941
4.0686
4.4199
4.2309
4.2836
4.3084
4.4274
4.3728
4.2805
4.2041
4.2264
4.1999
4.3606
4.1595
4.3326
4.3033
4.2191
4.0320
4.3666
4.1938
4.2542
4.2518
4.1582
4.2508
4.3394
4.4127
4.5009
4.3037
4.1285
4.2010
4.1988
4.3594
4.2544
4.5102
4.2124
4.5091
4.4353
4.3395
4.2394
4.3646
4.3182
4.0839
4.3769
4.2686
4.4946
4.3616
4.3447
4.2962
4.3826
4.3147
4.1989
4.0792
4.2556
4.2200
4.4012
4.3922
4.4227
4.2317
4.1710
4.2022
4.2207
4.2176
4.3408
4.3966
4.3991
4.2345
4.4010
4.1999
4.2465
4.3645
4.2841
4.3023
4.3426
4.2438
4.1762
4.2776
4.1463
4.3251
4.4314
4.4689
4.4413
4.4408
4.4585
4.3913
4.4516
4.2775
4.6103
4.9657
4.7935
4.7734
4.7880
4.6510
4.7314
4.5066
4.8005
4.5297
4.3528
4.3922
4.4502
4.4864
4.6199
4.2844
4.4817
4.4868
4.5238
4.3906
4.4940
4.5041
4.4738
4.4483
4.4214
4.4843
4.6709
4.6121
4.5091
4.5613
4.5701
4.6249
4.4905
4.4744
4.4267
4.6437
4.6411
4.7563
4.6282
4.6218
4.4420
4.3398
4.3782
4.5971
4.6157
4.6467
4.5404
4.6226
4.7573
4.8702
4.7855
4.7553
4.8512
5.0590
5.1005
4.7888
4.9539
4.7555
4.7025
4.5692
4.4570
4.3680
4.3425
4.5282
4.6847
4.4354
4.5211
4.4544
4.5906
4.6534
5.0153
4.8812
4.5945
4.7559
4.6782
4.5210
4.6672
4.8838
4.6203
4.6857
4.3446
4.4483
4.5806
4.8704
4.7174
4.6752
4.7978
4.3997
4.4792
4.3691
4.4142
4.4613
4.5023
4.6779
4.8034
4.4822
4.6515
4.4920
4.5666
4.5678
4.3493
4.4838
4.6881
4.6507
4.4735
4.4332
4.6347
4.6630
4.4602
4.4515
4.4472
4.4166
4.3305
4.5761
4.6820
4.3554
4.3127
4.4492
4.6855
4.3674
4.6322
4.4601
4.4600
4.5478
4.5782
4.9568
4.5329
4.3730
4.5598
4.8164
4.6396
4.9237
4.5703
4.8509
4.4529
4.3234
4.4478
4.4258
4.4882
4.5010
4.6552
4.5376
4.6518
4.6481
4.3268
4.4048
4.3190
4.4970
4.3377
4.4490
4.3196
4.3649
4.2896
4.4138
4.4079
4.4174
4.3096
4.3502
4.2774
4.4556
4.3627
4.3572
4.2892
4.4465
4.5176
4.5398
4.5962
4.4190
4.6007
4.5589
4.4611
4.3036
4.3655
4.3587
4.0068
4.2596
4.2964
4.3074
4.6538
4.7153
4.3807
4.4140
4.3452
4.2959
4.4872
4.4300
4.4782
4.6337
4.7627
4.8661
4.6286
4.7752
4.4696
4.6218
4.6663
4.4637
4.5313
4.4344
4.4576
4.4379
4.5175
4.5552
4.3064
4.3421
4.5165
4.5011
4.5986
4.6112
4.3773
4.2838
4.2218
4.4426
4.5708
4.4098
4.4725
4.4570
4.5353
4.6868
4.7368
4.8199
4.6910
4.4371
4.8441
4.6721
5.0856
5.0501
4.9530
5.0432
5.0821
5.0445
5.0201
4.5810
4.6610
4.9724
4.9577
4.5032
4.3965
4.7951
4.7129
4.7171
4.5510
4.7435
4.7452
4.5297
4.5165
4.8971
5.1431
4.9912
5.0864
5.2945
5.1896
5.2707
5.4099
5.1080
4.8913
4.8868
4.7874
4.8794
5.2237
5.1648
5.1195
5.3632
5.5110
5.6747
5.2741
5.0322
5.1555
4.8938
4.6493
4.7866
4.7582
4.7691
5.0604
4.9683
5.1121
5.0000
5.0865
4.6563
4.9960
4.9896
4.6430
4.9175
5.1428
5.4477
5.3955
5.4938
5.4820
5.1626
5.1334
4.8602
4.8806
4.8929
4.9595
5.3993
5.0725
5.2981
4.9319
5.5751
5.1730
5.5982
5.3513
5.4851
5.0807
5.0304
5.1282
5.1454
5.1345
5.2836
5.3701
5.1808
5.5106
5.2927
5.3053
5.5115
5.5222
5.3191
5.2311
5.2834
5.0562
5.1461
5.1131
5.1029
5.1073
5.0473
5.2861
4.9440
5.1317
5.1137
5.3903
5.4336
5.2452
5.2304
5.2493
5.1932
5.1256
5.0313
4.8883
4.8736
5.1171
5.3615
5.2381
5.2278
5.1944
5.3385
5.4207
5.0381
4.8189
4.9571
4.9047
5.0879
4.6558
4.5476
4.7420
4.8276
4.6782
4.9903
4.8317
4.6987
5.2043
5.4557
5.0171
5.2850
5.0694
4.6981
5.3490
5.2876
4.8947
5.1646
5.2584
5.0403
5.1248
5.2942
4.8948
5.2046
5.0439
4.9478
4.7786
4.7072
4.7248
4.7230
4.8712
4.9169
4.5590
4.7648
4.6838
4.7117
5.1031
4.7904
4.8996
5.0317
4.8974
5.0844
5.4340
5.5216
5.7720
5.1775
5.0856
5.0085
5.3027
5.3930
5.3844
4.8362
5.0978
5.2697
4.9975
5.1476
5.0530
5.3386
4.9611
5.0169
5.2257
5.2996
5.1922
5.4118
5.4673
5.6036
5.3624
5.2647
5.4648
5.1439
5.1072
5.0589
5.4604
5.3497
5.2231
5.1272
5.0323
5.1253
4.8511
4.8373
5.0939
4.9876
4.8053
5.0514
4.7946
4.9607
4.7491
4.6082
4.7194
4.9128
4.8087
4.8627
4.9116
4.7724
4.9193
4.8963
4.8712
4.9088
5.1103
5.1237
5.0331
5.2993
4.8220
5.0878
5.0686
4.7860
4.6449
4.7584
4.6311
4.6281
4.7347
4.7948
4.8219
4.8515
4.8812
5.1157
5.1273
5.2973
5.2268
5.6377
5.6782
5.6571
5.5275
5.0933
5.4900
5.5517
5.6380
5.5010
5.7378
5.7094
5.5490
5.6914
5.4971
5.5043
5.3655
5.2137
5.3541
5.2872
4.9084
4.9788
4.7297
4.8242
4.7913
4.6823
4.8660
4.7661
4.8303
4.9993
5.0143
4.6485
4.4883
4.6667
4.6670
4.8172
4.6491
4.5701
4.9712
4.9188
4.7917
4.6528
4.8562
4.5509
4.4081
4.6042
4.6828
4.6892
5.0430
4.6685
4.7929
4.8821
4.8263
4.6840
4.8920
4.7202
4.4096
4.4668
4.4904
4.7135
4.7047
4.8414
4.5162
4.5746
4.4916
4.5500
4.7611
4.3271
4.5173
4.5065
4.5983
4.5391
4.5111
4.7274
4.2385
4.1741
4.2381
4.2718
4.3185
4.4452
4.2363
4.2396
4.2671
4.4305
4.2787
4.2035
4.4518
4.7064
4.7641
4.4874
4.5139
4.5471
4.8851
4.8332
4.5856
4.4639
4.6919
4.9100
5.0746
4.9407
4.8209
4.6103
4.5756
4.3762
4.4491
4.2758
4.0740
4.2501
4.2013
4.3700
4.3921
4.3881
4.6108
4.3526
4.5881
4.8079
4.5968
4.6712
4.4284
4.3889
4.5088
4.5604
4.4474
4.5832
4.5744
4.8102
4.6601
4.5364
4.5695
4.4616
4.7211
4.9006
4.6679
4.9310
4.6429
4.7047
4.6972
4.8125
4.6987
4.6733
4.7468
4.8486
4.7884
4.7235
4.9320
4.9120
5.0355
4.9170
4.5957
4.6572
4.7151
4.6933
4.5095
4.6260
4.6647
4.6232
4.4540
4.7236
4.7129
4.4201
4.4306
4.5217
4.5199
4.5460
4.3346
4.5050
4.3420
4.3882
4.3473
4.4924
4.4589
4.6722
4.7486
4.6322
4.8590
4.7997
4.6995
4.8627
4.9129
5.0639
5.1502
4.6264
5.0090
5.2176
5.1552
5.0968
5.1878
5.0780
4.9813
4.9193
4.7829
4.8525
4.6990
4.6274
4.6335
4.4797
4.4997
4.9956
4.6419
4.7073
5.0093
4.8491
4.8035
4.7399
4.7178
4.8674
4.8547
4.9849
4.8674
4.8769
4.7946
4.7717
5.2459
5.0973
5.2252
5.3647
5.1890
5.4184
5.0356
4.6990
4.6317
4.6549
4.8191
4.7736
4.8299
5.0691
5.1429
4.4260
4.6408
4.6923
4.7639
4.6682
4.4943
5.0053
5.2883
5.0312
5.1489
5.2684
5.2251
5.1489
5.3584
5.2508
5.2818
5.5431
5.3636
5.1752
5.1240
4.9011
5.1557
5.1156
4.8595
4.7583
4.9602
4.7968
4.9815
4.8319
4.8782
4.7899
4.8098
4.7194
4.5832
5.1041
5.0744
4.8906
5.0203
4.8621
4.7573
4.5264
4.4246
4.5946
4.6959
4.8254
4.7748
4.8985
5.0488
4.9650
4.6054
4.3177
4.4234
4.7028
4.4519
4.4843
4.5019
4.3684
4.5278
4.6235
4.3748
4.5480
4.6079
4.4952
4.4952
4.7408
4.1622
4.4398
4.6465
4.5157
4.6555
4.4904
5.0404
4.7416
4.9212
4.6152
4.9277
4.6722
4.9544
4.7563
4.6580
4.8508
4.5461
5.0517
5.1512
4.9130
5.1473
5.2534
5.0271
5.7129
5.3680
5.3407
5.2117
5.2017
4.9805
4.9070
4.6459
4.6592
4.6970
4.6842
4.5634
4.8525
4.5302
4.5248
4.3676
4.7732
4.4363
4.8488
4.9925
4.9372
4.6684
4.6253
4.9707
4.8849
5.3207
4.8898
5.0531
4.8503
5.1667
5.1620
4.8422
4.6326
4.9350
4.5887
4.8291
4.7319
4.5188
4.3854
4.4917
4.6981
4.8968
4.7843
5.1603
4.7618
4.6697
4.6932
4.6288
4.9429
4.2560
4.1841
4.5415
4.4830
4.3989
4.4338
4.2888
4.3490
4.1599
4.1818
4.3137
4.0930
4.2657
4.1321
4.0792
4.1287
4.1931
4.0573
4.4630
4.7824
4.5139
4.3766
4.3306
4.4777
4.3079
4.3986
4.4123
4.4862
5.0402
4.6262
4.7475
4.8165
4.8156
4.9562
4.8464
4.8733
4.7119
4.4865
4.7746
4.6132
4.6022
4.3251
4.0781
4.0385
4.3588
4.1123
4.2117
4.3156
4.4048
4.7189
4.1783
4.3650
4.3475
4.3042
4.3790
4.3928
4.3210
4.3087
4.3009
4.4813
4.5006
4.4665
4.1005
4.0131
4.3397
4.2934
4.4727
4.2657
4.5275
4.1708
4.3053
4.4248
4.4895
4.4874
4.2814
4.2397
4.0694
4.1527
4.2562
4.2822
4.2487
4.3069
4.2141
4.1075
4.3622
4.0787
4.1399
4.4779
4.3511
4.2620
4.1719
4.3618
4.3267
4.1605
4.2902
4.3453
4.3212
4.1542
4.3225
4.3293
4.2661
4.2201
4.1599
4.2689
4.0946
4.0448
4.3423
4.2344
4.0023
4.1699
4.1053
4.3466
4.1187
4.2523
4.0593
4.1686
4.1775
4.1586
3.9538
3.9219
4.0238
4.1056
4.0565
3.9815
4.0450
4.2033
4.2929
4.2903
4.2443
4.2783
3.9545
3.9363
3.9558
3.9487
3.7416
3.7836
3.9202
3.9863
4.2301
4.1543
3.9966
3.9127
3.8409
4.0469
3.7893
3.7622
3.9907
4.0045
4.0520
4.0782
4.0726
4.0531
4.2677
4.2792
4.6165
4.1129
4.3780
4.0877
4.0692
4.2948
4.2847
4.4045
4.0328
4.2040
4.0362
4.1281
4.3661
4.2452
4.3275
4.2931
4.1944
4.0084
4.1001
4.3315
4.1575
4.0620
4.0682
3.9980
4.3116
4.4082
4.2169
4.2284
4.1088
4.1431
4.2207
3.9942
4.3528
4.3528
4.5506
4.2684
4.3560
4.3084
4.4701
4.4190
4.4109
4.4465
4.4059
4.2262
4.2086
4.3253
4.3906
4.1745
4.2235
4.4141
4.2244
4.0572
4.2553
4.2745
4.2271
4.2626
4.2823
4.2058
4.1468
4.2014
4.4264
4.5203
4.1286
4.2497
4.2373
3.9906
4.4008
4.5700
4.2996
4.3855
4.8636
4.4852
4.5559
4.3968
4.5458
4.9306
5.0528
5.1594
4.6354
4.6693
4.5970
4.3240
4.4961
4.5719
4.9794
4.7395
5.0449
4.5136
4.6639
4.4441
4.4937
4.6020
4.7339
4.7544
4.5773
4.4488
4.9754
4.7112
4.7535
4.9038
4.7576
4.6290
4.6496
4.7131
4.5921
4.6607
4.6262
4.5736
4.4085
4.4167
4.9045
4.6410
4.9789
4.9451
4.7552
4.2790
4.5788
4.5831
4.4108
4.5702
4.4486
4.7825
4.8580
4.5798
4.8618
4.7691
4.8778
4.8205
4.5615
4.5171
4.7015
5.0762
4.9179
4.9454
4.9420
4.7742
4.8142
4.7233
5.0440
4.8326
4.6343
4.6257
4.5085
4.6772
4.6901
4.6319
4.5514
4.8542
4.7220
4.8276
4.6224
4.6761
4.6364
4.7521
4.6460
4.7898
4.6352
4.6877
4.5525
4.7649
4.7446
4.5829
4.3907
4.3658
4.6199
4.5673
4.6822
4.6320
4.4375
4.6483
4.5643
4.4764
4.4575
4.6032
4.6525
4.5646
4.5558
4.6674
4.5249
4.3665
4.3988
4.3914
4.4807
4.2801
4.4679
4.3647
4.3271
4.3533
4.3852
4.3652
4.5935
4.6605
4.6859
4.4683
4.3180
4.3345
4.4318
4.6361
4.4210
4.5522
4.4722
4.3850
4.4594
4.8554
4.7814
4.6216
4.5640
5.0494
5.1782
4.7824
4.8352
4.4878
4.5617
4.6678
4.4573
4.5680
4.6930
4.9300
4.5586
4.8328
4.6576
4.4728
4.4819
4.4702
4.5420
4.7637
4.8147
4.9593
4.6016
4.4367
4.4433
4.4369
4.4293
4.5019
4.3759
4.2209
4.0827
4.4048
4.3308
4.1788
4.4407
4.5106
4.3864
4.3430
4.4686
4.2630
4.1990
4.2036
4.3621
4.1707
4.2414
4.2786
4.2623
4.4865
4.5566
4.4624
4.7802
4.7758
4.8753
4.7664
4.5105
4.6334
4.6327
4.7110
4.4897
4.4215
4.3661
4.6037
4.5752
4.6387
4.7661
4.6576
4.8286
4.4693
4.7989
4.5900
4.4609
4.3722
4.6888
4.3946
4.3682
4.4006
4.4349
4.6296
4.4317
4.3127
4.3619
4.3638
4.3651
4.5436
4.6291
4.4440
4.3393
4.4216
4.3558
4.4335
4.4369
4.3430
4.3962
4.4041
4.4387
4.5285
4.3439
4.2037
4.3002
4.5392
4.5993
4.2555
4.3901
4.1796
4.2609
4.3710
4.3805
4.4559
4.2806
4.4706
4.4741
4.1710
4.3447
4.4472
4.4292
4.4976
4.2893
4.2387
4.2035
4.5695
4.4854
4.4347
4.5403
4.3330
4.3687
4.4072
4.5302
4.4106
4.3129
4.4381
4.4283
4.4703
4.5387
4.4842
4.4829
4.3816
4.5198
4.5054
4.3865
4.3494
4.6176
4.7004
4.3168
4.3383
4.2641
4.2294
4.6440
4.5473
4.4232
4.7032
4.4877
4.4232
4.4984
4.3779
4.3005
4.3737
4.6431
4.5288
4.4651
4.2865
4.2538
4.3147
4.2846
4.3643
4.1206
4.4027
4.2484
4.2659
4.2398
4.3416
4.4623
4.3425
4.3264
4.3056
4.2451
4.2194
4.3451
4.1902
4.2161
4.3056
4.3902
4.5552
4.3539
4.3100
4.5084
4.2728
4.3776
4.3332
4.4550
4.4211
4.2588
4.2142
4.3769
4.2812
4.4872
4.1951
4.4324
4.4076
4.6653
4.4740
4.3586
4.3432
4.4255
4.1842
4.4029
4.4882
4.4270
4.7216
4.6811
4.4787
4.4695
4.7703
4.8272
4.3956
4.2826
4.3498
4.4242
4.4299
4.4553
4.3028
4.4965
4.4913
4.4677
4.4094
4.6350
4.5719
4.5301
4.9604
4.5251
4.9813
4.7390
4.6985
4.7016
4.4971
4.5609
4.6214
4.6741
4.7475
4.6719
4.4690
4.5621
4.4703
4.5104
4.3803
4.5758
4.5755
4.5560
4.5610
4.5224
4.4842
4.5823
4.4446
4.5188
4.5386
4.5221
4.5683
4.5167
4.3361
4.6735
4.6763
4.7996
4.6328
4.8940
4.9714
5.2156
5.0518
4.8158
4.5387
4.6886
4.9100
4.8592
4.4622
4.6772
4.6461
4.7562
4.9904
5.0319
4.5672
4.8735
4.4081
4.6621
4.5468
4.3128
4.3321
4.4446
4.5261
4.7308
4.3802
4.3986
4.2442
4.3060
4.1585
4.3050
4.2549
4.2284
4.2849
4.4843
3.9892
4.4741
4.1777
4.4103
4.5264
4.3410
4.6005
4.4399
4.3317
4.3312
4.3651
4.4598
4.3645
4.3473
4.2584
4.3865
4.2764
4.2989
4.5342
4.5873
4.4590
4.3486
4.4748
4.6086
4.2499
4.3880
4.3335
4.5779
3.9958
4.1011
4.1668
4.1374
4.1725
4.1437
4.1876
4.1274
4.3435
4.2787
4.4211
4.5131
4.2535
4.2049
4.3219
4.2827
4.2524
4.2952
4.2782
4.2932
4.3655
4.4539
4.4127
4.3413
4.1718
4.0939
4.0624
4.2674
4.1022
4.6386
4.7575
4.4761
4.3391
4.2386
4.3534
4.5552
4.5972
4.4801
4.5266
4.3541
4.3713
4.3730
4.5333
4.3477
4.5076
4.5084
4.3516
4.3725
4.3844
4.2622
4.3604
4.3611
4.5312
4.7309
4.6053
4.8420
4.4270
4.3893
4.2899
4.3651
4.3528
4.4223
4.3935
4.2747
4.4351
4.3867
4.4480
4.5102
4.3179
4.4155
4.5392
4.4231
4.5648
4.5545
4.3477
4.4825
4.5147
4.7485
4.6488
4.3558
4.4277
4.4140
4.4914
4.5040
4.5381
4.3817
4.3235
4.6422
4.5618
4.7302
4.6777
4.3703
4.5005
4.2542
4.4058
4.5188
4.4247
4.3691
4.5630
4.5444
4.4506
4.3327
4.4220
4.4038
4.3282
4.3124
4.3567
4.3131
4.3284
4.1931
4.1797
4.1106
4.2462
4.2559
4.4460
4.2677
4.3292
4.1943
4.4202
4.2950
4.4672
4.3846
4.5857
4.5897
4.6291
4.7165
4.5667
4.6546
4.6850
4.7049
4.5030
4.6123
4.6977
4.3774
4.2859
4.4480
4.5649
4.3478
4.4141
4.4068
4.4761
4.4253
4.4703
4.4453
4.5068
4.3209
4.3026
4.3921
4.5924
4.7106
4.6041
4.9402
4.7316
4.8021
4.5564
4.5075
4.6945
4.6603
4.3710
4.5730
4.6606
4.7163
4.6807
4.5532
4.2382
4.1990
4.4732
4.4544
4.4629
4.3617
4.3850
4.2768
4.4164
4.5011
4.3973
4.5352
4.2532
4.3061
4.4303
4.4403
4.2800
4.3215
4.2445
4.2881
4.4687
4.4834
4.3322
4.5188
4.2723
4.3140
4.2645
4.2196
4.5086
4.4522
4.2097
4.3171
4.1288
4.1667
4.2342
4.3663
4.3304
4.3420
4.3502
4.3889
4.6507
4.5236
4.3305
4.4304
4.3378
4.4270
4.4951
4.6573
4.7158
4.6029
4.7611
4.5788
4.6827
4.4421
4.6586
4.7352
4.8108
4.4395
4.4206
4.2089
4.2913
4.6108
4.4843
4.4168
4.3485
4.3422
4.4972
4.4458
4.2852
4.3370
4.3126
4.5926
4.3405
4.3071
4.4357
4.6922
4.6189
4.3115
4.3851
4.4444
4.2765
4.6080
4.3625
4.3885
4.6634
4.5499
4.4839
4.5655
4.4297
4.3351
4.6774
4.6510
4.7000
4.4390
4.5620
4.5270
4.5387
4.6850
4.8949
4.7545
4.4554
4.4980
4.6822
4.4242
4.6133
4.5420
4.5160
4.4103
4.4311
4.4310
4.4903
4.4483
4.5054
4.5748
4.4871
4.3003
4.2220
4.3430
4.2935
4.2701
4.2757
4.3401
4.3952
4.2669
4.2989
4.5673
4.3324
4.4762
4.3100
4.2740
4.2266
4.4417
4.3165
4.3716
4.4233
4.3512
4.2541
4.3156
4.2251
4.2040
4.3111
4.5007
4.0823
4.1657
4.3048
4.5700
4.5535
4.3498
4.3753
4.2718
4.4297
4.2220
3.8514
4.0997
4.2902
4.4010
4.0380
4.1349
4.4721
4.1598
4.1810
4.0253
4.2582
4.3349
4.4153
4.2114
4.2905
4.3401
4.3211
4.2326
4.1755
4.1816
3.9746
4.3695
4.4225
4.5508
4.4124
4.5001
4.4822
4.4325
4.5834
4.5743
4.3550
4.4150
4.4376
4.6170
4.2799
4.1969
4.4824
4.5325
4.5746
4.1056
4.1480
4.1674
4.1281
4.5099
4.3581
4.3816
4.1872
4.3826
4.3293
4.4068
4.1425
4.3943
4.3821
4.2911
4.2676
4.1242
4.3105
4.5147
4.2446
4.2151
4.4828
4.0554
4.3357
4.4012
4.2977
4.2779
4.0929
4.3494
4.2301
4.2646
4.2435
4.2091
4.3101
4.3485
4.2927
4.1364
4.0044
4.2235
4.3738
4.2479
4.2509
4.3049
4.1138
4.2602
4.2974
4.1174
4.1389
4.1755
4.2184
4.3148
4.1012
4.3643
4.1817
4.0409
4.1358
4.3166
4.1644
4.1883
4.1106
4.0334
3.9581
3.9347
4.1883
3.9160
4.2025
4.1322
4.2154
4.1373
4.0531
4.0372
4.0223
4.0001
4.1429
4.0577
4.1382
4.2579
4.3962
4.2690
4.5466
4.6567
4.2880
4.3179
4.2980
4.2058
3.9944
3.9506
4.3189
3.8605
3.9973
4.0087
4.0487
4.3270
3.9702
3.9568
4.0072
3.9781
4.2215
3.9818
4.1135
4.2131
4.1745
4.1444
4.1297
4.0366
3.9643
4.0336
4.0174
3.9817
4.3545
4.2606
4.2145
4.2316
4.0587
4.0970
4.0268
3.9746
4.1846
4.1770
4.1155
4.3627
4.2996
4.2067
3.9916
4.1551
4.5589
4.4031
4.2778
4.2687
4.2565
4.5285
4.4136
4.4785
4.3234
4.4183
4.3098
4.2638
4.1053
4.1843
4.3524
4.6253
4.5843
4.6384
4.3663
4.2467
4.3002
4.3427
4.4049
4.1610
4.2707
4.5282
4.2054
4.4585
4.3298
4.3568
4.3974
4.4284
4.5366
4.1787
4.4746
4.5936
4.4105
4.2423
4.6630
4.5960
4.6208
4.5002
4.4040
4.4946
4.4488
4.7886
4.7099
4.6512
4.4247
4.4137
4.0933
4.2603
4.3076
4.3003
4.2044
4.5481
4.4328
4.6736
4.6669
4.7911
4.7256
4.7367
4.6240
5.0371
4.5940
4.4673
4.3262
4.4955
4.5327
4.4900
4.3533
4.3512
4.4329
4.1697
4.1250
4.2824
4.3234
4.4917
4.2198
4.2714
4.4541
4.4170
4.5308
4.4254
4.5194
4.5307
4.4320
4.3892
4.4136
4.5386
4.6469
4.7005
5.0592
4.2943
4.3997
4.3905
4.3636
4.3505
4.3143
4.3059
4.6476
4.6579
4.3998
4.6682
4.5821
4.3623
4.3429
4.3755
4.4225
4.4776
4.3152
4.3414
4.3538
4.4465
4.4549
4.4298
4.2888
4.3383
4.0422
3.9712
4.2652
4.3434
4.1318
4.2287
4.2381
4.5320
4.4005
4.4235
4.2280
4.3588
4.3656
4.2569
4.3200
4.4587
4.4218
4.0510
4.2911
4.2767
4.1428
4.1215
3.9344
4.1710
4.1257
3.9111
3.8484
3.9657
4.0252
4.0333
4.0645
4.1583
4.2369
3.9403
4.0520
4.2128
4.2176
4.1361
4.4437
4.1749
4.1344
4.2495
4.2302
4.1856
4.3329
4.1729
4.3780
4.1934
4.3726
4.3243
4.4272
4.3157
4.1691
4.1505
4.2901
4.4269
4.3486
4.2953
4.1320
4.4927
4.4807
4.3842
4.1851
4.2421
4.2824
4.6588
4.3004
4.3610
4.2888
4.5102
4.3793
4.6021
4.4166
4.5911
4.5696
4.3491
4.3930
4.7348
4.4993
4.6138
4.7611
4.8274
4.3550
4.5737
4.3790
4.6418
4.6555
4.4292
4.6076
4.6713
4.8073
4.6365
4.5212
4.6499
4.7576
4.7507
4.8296
4.6769
4.5081
4.6008
4.8205
4.6286
4.3477
4.4268
4.5452
4.4489
4.5850
4.7594
4.2721
4.4567
4.4363
4.2832
4.3555
4.0524
4.3594
4.2492
4.1648
4.1623
4.3830
4.5221
4.6126
4.5934
4.1697
4.2775
4.5660
4.5880
4.4998
4.4950
4.3188
3.9722
4.1309
4.3501
4.2845
4.3104
4.2665
4.4290
4.3286
4.2242
4.0871
4.2197
4.2617
4.3121
4.3840
4.4239
4.4946
4.4118
4.1931
4.1452
4.3698
4.3938
4.1707
4.1452
4.1811
4.1764
4.0461
4.1583
4.2426
4.3858
4.1446
4.4110
4.5503
4.4404
4.2945
4.2256
4.3966
4.6464
4.7210
4.7883
4.6830
4.8250
4.4853
4.6139
4.8470
4.3858
4.4237
4.4509
4.3648
4.5395
4.8250
4.5150
4.6027
4.5751
4.4258
4.4742
4.6829
4.2256
4.3304
4.2863
4.4057
4.5400
4.3434
4.1047
4.3480
4.4886
4.3501
4.0930
4.4116
4.3981
4.2214
4.5427
4.6265
4.5521
4.7396
4.6029
4.5287
4.9197
4.7726
4.3217
4.4400
4.5674
4.7247
4.8593
4.8560
4.7206
4.6217
4.3850
4.6762
4.9749
5.1703
4.8936
4.9649
4.6285
4.9699
4.7747
4.6357
4.6592
4.7834
5.0127
5.0275
4.6956
4.5502
4.6664
4.7188
4.4418
4.4857
4.6404
4.3432
4.5240
4.6640
4.1886
4.4276
4.2944
4.3305
4.5805
4.4488
4.2656
4.4748
4.3608
4.3954
4.5835
4.3048
4.2263
4.7101
4.7780
4.7488
4.4204
4.4975
4.5180
4.8066
4.5828
4.7864
4.8424
4.7672
4.5773
4.2729
4.3032
4.5928
4.5165
4.5749
4.5114
4.5127
4.4987
4.6792
4.5125
4.6952
4.3335
4.4426
4.2306
4.4606
4.4751
4.1336
4.1743
4.6468
4.4764
4.1239
4.2947
4.2952
4.2542
4.4104
4.3737
4.5497
4.8890
4.8871
4.6080
4.8089
4.5958
4.5779
4.6186
4.3049
4.4703
4.1700
4.3125
4.3353
4.4021
4.2255
4.2947
4.2901
4.4140
4.3020
4.3259
4.2767
4.5537
4.2684
4.4844
4.4584
4.2498
4.6200
4.1998
4.3433
4.5313
4.5432
4.6461
4.5748
4.5807
4.7221
4.8066
4.5740
4.7289
4.8059
4.6343
4.6152
4.5400
4.4803
4.6712
4.7067
4.7686
4.6776
4.3552
4.2729
4.2783
4.1331
4.1636
4.0986
3.9350
4.2624
4.4764
4.8484
4.6350
4.8164
4.5432
4.4982
4.8216
4.6627
4.9832
4.9015
4.6719
4.6055
4.6812
4.5183
4.7346
4.3805
4.3821
4.4787
4.6718
4.4168
4.5133
4.5327
4.4127
4.4371
4.2932
4.5150
4.5742
4.4589
4.6386
4.6524
4.8578
4.4974
4.6072
4.7094
4.4121
4.3877
4.4725
4.4335
4.4307
4.6428
4.0345
4.1654
4.1101
4.3531
4.4297
4.4659
4.4413
4.4064
4.3643
4.3834
4.2496
4.2937
4.2584
4.2206
4.1292
4.1174
4.1694
4.3421
4.3450
4.2327
4.3019
4.4018
4.5845
4.4981
4.8356
4.4058
4.4849
4.6294
4.4402
4.4997
4.2561
4.5544
4.5596
4.3861
4.5814
4.8399
4.5331
4.7077
4.5911
4.5523
4.6352
4.5030
4.3934
4.7055
4.6963
4.5255
4.4181
4.4402
4.5303
4.8543
4.7208
4.3777
4.1019
4.1151
4.1007
4.0853
4.0338
4.1858
4.1757
4.3310
4.2152
4.3006
4.2230
4.2207
4.1711
4.4235
4.2344
4.3297
4.1035
4.0950
4.1075
4.0471
4.2151
4.0698
4.2514
3.9744
4.1147
4.1935
4.2748
4.1607
4.0432
4.1776
4.2346
4.3034
4.1412
4.4510
4.2310
4.2804
4.1422
4.2528
4.0192
4.2031
4.1272
4.3930
4.0269
4.2644
4.5930
4.6783
4.6129
4.8344
4.7736
4.7530
4.4388
4.4826
4.4321
4.8093
4.5260
4.5718
4.4339
4.5920
4.8020
4.5776
4.5450
4.7889
4.6292
4.5737
4.6901
4.5730
4.6903
4.5775
4.5849
4.6768
4.6599
4.5384
4.6078
4.6738
4.6332
4.6761
4.5546
4.7164
4.7322
4.6561
4.7005
4.8800
4.5845
4.7499
4.6789
4.8913
4.9226
4.7000
4.8027
4.4380
4.7355
4.8044
4.6962
5.2252
5.0217
4.8973
4.6861
4.6859
4.7292
4.6850
4.9127
4.8328
5.0058
4.6412
4.3622
4.2477
4.2248
4.3132
4.4093
4.4374
4.4385
4.9075
4.3959
4.4199
4.5038
4.2942
4.0013
4.2077
4.2936
4.3305
4.3006
4.7298
4.5576
4.6044
4.4364
4.6341
4.6388
4.6798
4.7278
4.4277
4.5728
4.6178
4.5873
4.5922
4.5262
4.6642
4.4123
4.4171
4.3544
4.4801
4.5697
4.5143
4.3266
4.4341
4.1442
4.3608
4.4908
4.5680
4.4643
4.4384
4.3696
4.1005
4.2680
4.2097
4.5999
4.6660
4.6265
4.5035
4.4757
4.6256
4.4207
4.5493
4.5788
4.3778
4.4036
4.7469
4.4131
4.4354
4.4535
5.0160
4.9028
4.5267
4.7287
4.7574
4.5932
4.6622
4.6892
5.0062
5.1500
4.8693
4.6435
4.7496
4.9621
4.7833
4.7678
4.7176
4.7661
4.7412
4.7939
5.0437
5.0425
4.9305
5.2727
5.2943
5.0985
4.9249
4.6556
4.5611
4.7572
4.9435
5.1823
4.6682
4.7351
4.9562
5.1106
5.1242
5.1090
5.0407
5.1764
4.9219
4.7244
5.0028
4.8930
4.6318
4.8856
5.0019
5.2096
4.9609
5.1100
5.1233
4.9062
4.7515
5.1237
5.2605
5.4852
4.8937
5.1082
4.7075
4.9889
4.7950
4.7897
4.7659
4.4934
4.6375
4.6219
4.8800
4.7028
4.4692
4.5838
4.5105
4.6017
4.6520
4.8670
4.3792
4.3036
4.5140
4.6918
4.4130
4.5840
4.6041
4.6853
4.4641
4.4722
4.4788
4.5602
4.4140
4.3437
4.3464
4.3691
4.3834
4.4767
4.6293
4.1937
4.1798
3.9713
4.0328
4.2423
4.4631
4.1592
4.1063
4.3383
4.1761
4.3254
4.4814
4.1860
4.2313
4.2035
4.0612
4.1101
3.9871
4.3917
4.2640
4.5108
4.6589
4.5931
4.7622
4.6025
4.9145
4.7892
4.2934
4.2660
4.2659
4.4633
4.7625
4.5043
4.2114
4.3004
4.2632
4.5245
4.4952
4.5526
4.9296
4.8673
4.7214
4.8715
4.8085
4.1775
4.7027
4.8915
4.8795
4.8313
4.7885
4.2344
4.3987
4.2545
4.2164
4.0682
4.2940
4.2817
3.9185
4.1597
4.1970
4.1291
4.1530
4.1630
4.1546
4.2789
4.1775
4.0734
4.3315
4.2822
4.2086
4.2374
4.5587
4.4356
4.4878
4.3316
4.4648
4.1807
4.3432
4.0513
4.4465
4.4425
4.3442
4.3623
4.1930
4.1629
4.1841
4.1002
4.0330
4.2061
4.0586
4.0748
3.8843
3.9339
4.1157
3.9355
3.9701
4.0977
4.1350
4.1237
4.1788
4.3053
4.2480
3.9965
4.3913
4.2428
4.1712
4.0926
4.2781
4.4388
4.3050
4.4039
4.2937
4.2984
4.6965
4.3649
4.5430
4.4622
4.3307
4.3384
4.1833
3.9700
4.3337
4.2531
4.4100
4.2315
4.3491
4.5337
4.2320
4.3036
4.0795
4.3927
4.3074
3.9179
4.0771
4.1332
3.9696
3.9849
4.1079
3.9448
3.9973
4.0474
4.1146
4.1668
4.0808
3.9945
4.1418
3.9738
4.0412
4.0628
4.2319
4.1038
4.1324
4.0207
4.0899
4.5570
4.1603
4.1483
4.0877
3.9468
3.9805
4.1247
3.9531
4.0236
4.2197
4.1223
4.2319
4.4661
4.3259
4.4307
4.4671
4.8358
4.3785
4.1800
4.1169
4.1350
4.2352
4.4212
4.3236
4.3764
4.3452
4.2304
4.2314
4.5587
4.4728
4.5853
4.4543
4.1225
4.3536
4.1117
4.2333
4.3010
4.3621
4.1825
4.3128
4.3987
4.7811
4.8739
4.4269
4.5542
4.6433
4.3453
4.4668
4.5491
4.4837
4.3365
4.2031
4.0028
4.1057
4.0263
3.8862
4.0519
4.0548
4.0654
4.1789
4.0456
4.0919
4.0424
4.0988
4.3010
4.2103
4.3357
4.1145
4.1238
4.2075
4.3742
4.0087
4.1305
4.2808
4.1324
4.0995
4.1163
4.0110
3.9974
4.2131
4.3203
4.5845
4.4217
4.3446
4.5433
4.6400
4.5036
4.2033
4.2686
4.3440
4.3299
4.2560
4.3671
4.4282
4.3518
4.1803
4.4588
4.2363
4.3107
4.0116
4.2423
4.0306
4.0501
4.1051
4.2548
4.2097
4.2525
4.2810
4.1098
4.2799
4.0255
4.1105
4.1585
4.1494
4.0244
4.1174
4.5138
4.2758
4.2657
4.5029
4.4570
4.1946
4.1934
4.2167
4.3410
4.1621
4.1731
4.5821
4.3952
4.2445
4.1715
4.2374
4.1713
4.3095
4.1082
4.2860
4.2184
4.1432
4.0725
4.3873
4.1627
4.2267
4.2830
4.1842
4.3101
4.2898
4.2257
4.2766
4.0870
4.1940
4.3347
4.2301
4.1332
4.3019
4.1905
4.2210
4.1203
4.2240
4.1486
4.1118
3.9579
4.0888
3.9930
4.0241
4.2260
4.1482
4.0248
4.2434
4.1168
4.1793
4.1506
4.1243
4.1520
4.2736
4.0549
4.0641
4.0120
4.0333
4.1786
3.9700
4.0318
4.2169
4.1345
4.1934
4.1497
3.9864
4.2170
4.1695
4.3405
4.1102
4.1950
4.2183
4.1119
4.0636
4.1785
4.2904
4.2469
4.2576
4.4454
4.4343
4.4221
4.0774
4.1506
4.3073
4.1638
3.9887
4.1291
4.1072
4.0965
4.0158
4.2409
4.1583
4.3972
4.1307
4.2866
4.3999
4.4722
4.7275
4.6291
4.5135
4.5135
4.4416
4.2115
4.5658
4.5420
4.6989
4.6763
4.3092
4.4217
4.3166
4.6170
4.6787
4.1082
4.1803
4.1979
4.1937
4.1664
4.3486
4.0483
4.2004
4.1644
4.3611
4.2237
4.0941
4.3546
4.2658
4.2297
4.1365
4.3651
4.2491
4.2272
4.2486
4.3847
4.2535
4.4318
4.2394
4.5686
4.1934
4.2454
4.1554
4.2615
4.1657
4.2155
4.3608
4.4088
4.3159
4.5432
4.3767
4.1587
4.1494
4.2272
4.1272
4.0898
4.0958
4.2743
4.2436
4.2325
4.1129
4.1220
4.0836
4.2984
4.1472
4.3456
4.3083
4.2138
4.1598
4.1271
4.1062
4.1768
4.2194
4.3397
4.3265
4.4001
4.3658
4.0203
4.1510
4.1666
4.3171
4.1691
4.1482
4.0991
4.1131
4.0621
4.1128
4.0624
4.2153
4.3558
4.1489
4.2042
4.2287
4.2204
4.1805
4.1468
4.0180
4.0703
4.1590
4.1591
4.2677
4.0266
3.9670
4.0348
3.9342
4.2192
4.0702
3.9331
4.0534
4.2468
4.0492
4.1635
4.0067
4.1764
4.1821
4.0812
4.2468
4.3943
4.2478
4.1507
4.1557
4.6747
4.3937
4.2182
4.2713
4.3313
4.2472
4.1883
4.4578
4.5543
4.2534
4.3551
4.3053
4.4803
4.1067
4.0754
4.1814
4.2729
4.2807
4.1125
4.1956
4.1719
4.0975
4.1654
4.1352
4.0608
4.1642
4.0568
4.2908
4.2826
4.1428
4.1142
4.1700
4.1778
4.2257
4.1992
4.3807
4.3189
4.2980
4.0696
4.4278
4.0948
4.1186
4.1399
4.0566
4.0456
4.1251
4.5578
4.2655
4.2920
4.2110
4.3975
4.3016
4.3425
4.1850
4.3862
4.2875
4.1824
4.3453
4.0893
4.0323
4.1478
4.1723
4.3294
4.2539
4.1214
4.3718
4.3188
4.3585
4.1183
4.1748
4.0700
4.1705
4.1717
4.2590
4.1298
4.2622
4.5625
4.4038
4.2292
4.3949
4.3198
4.1664
4.2167
4.0159
4.2022
4.1087
4.2328
4.0449
4.3335
4.2405
4.4242
4.6877
4.5947
4.5290
4.4722
4.7515
4.6164
4.7030
4.7714
4.4780
4.7374
4.4170
4.4333
4.4937
4.6326
4.3487
4.4330
4.4950
4.5469
4.5615
4.3935
4.2668
4.4242
4.3192
4.2529
4.2512
4.1081
4.3450
4.2803
4.1975
4.4147
4.4271
4.2707
4.2346
4.2332
4.3438
4.4266
4.4752
4.3041
4.4983
4.9250
4.4047
4.2673
3.9245
4.1649
4.0738
4.0313
3.8579
4.0437
4.1305
4.1068
4.1277
4.0958
4.2429
4.0524
4.3661
4.3427
4.1900
4.1232
4.2231
4.3125
4.2599
4.2598
4.2964
4.1171
4.1694
4.2179
4.2206
4.4082
4.2702
4.2805
4.0706
3.9914
4.0252
3.9649
4.2156
4.0823
4.0712
4.0202
4.1004
4.2459
4.0783
4.1257
4.2991
4.3596
4.3943
4.4411
4.5444
4.5869
4.3439
4.6062
4.4635
4.5082
4.4264
4.5642
4.6351
4.2975
4.2623
4.2664
4.0847
4.1652
4.3381
4.1571
4.0583
4.3958
4.1654
4.2177
4.1957
4.1980
4.3581
4.4058
4.4848
4.3563
4.0641
4.2405
4.3900
4.1386
3.9939
3.9980
4.0368
4.2509
4.1516
4.0129
4.2070
4.2732
4.0895
4.0164
4.0268
4.3645
4.4143
4.3662
4.3777
4.3049
4.2844
4.3589
4.2952
4.2117
4.2725
4.4875
4.1123
4.1798
4.1313
4.1785
4.1509
3.9401
4.2776
4.5410
4.4930
4.3525
4.3037
4.2429
4.4841
4.4430
4.1248
4.2520
4.3785
4.8842
4.6068
4.4228
4.3654
4.4862
4.5256
4.2786
4.3814
4.4285
4.3173
4.2274
4.3222
4.4105
4.4407
4.3506
4.4453
4.3024
4.2487
4.3817
4.6238
4.4791
4.6977
4.4142
4.6368
4.4178
4.3627
4.2865
4.4827
4.4228
4.2962
4.4031
4.4848
4.4706
4.3578
4.4080
4.3687
4.2024
4.2989
4.3317
4.3310
4.4720
4.2008
4.3905
4.3720
4.2537
4.2909
4.1086
4.0921
3.9606
4.0289
4.2531
4.2284
4.2352
4.1623
4.1656
4.2806
4.0418
4.2142
4.4197
4.5549
4.4534
4.5675
4.5018
4.2292
4.4603
4.3709
4.3614
4.2852
4.1698
4.4740
4.5619
4.2570
4.4196
4.2865
4.2367
4.2739
4.4063
4.4949
4.4888
4.3764
4.4293
4.1280
4.2055
4.2926
4.2705
4.1537
4.3221
4.1336
4.1554
4.2317
4.2079
4.2903
4.6599
4.3589
4.3014
4.4578
4.2030
4.2687
4.3821
4.4672
4.5465
4.4047
4.5310
4.2880
4.5493
4.3238
4.2972
4.2901
4.3340
4.2578
4.3825
4.2252
4.2213
4.2876
4.1655
4.2233
4.3809
4.2352
4.0654
4.1933
4.0444
4.1778
4.1215
4.1269
4.2249
4.2882
4.3423
4.1584
4.3170
4.0692
4.2760
4.1871
4.2018
4.2609
4.4288
4.2253
4.2808
4.1785
4.1262
4.0969
4.1971
4.2416
4.2987
3.9884
3.9298
4.0072
4.0718
4.0393
4.2312
4.2240
4.0440
4.0280
4.1904
4.1023
4.0642
4.3381
4.1701
4.1932
4.1722
4.2555
4.2222
4.0387
4.1388
3.9319
4.2621
4.0696
4.0270
3.9931
3.9273
4.0989
4.3687
4.2869
4.2193
4.3929
4.5521
4.8722
4.3509
4.1194
4.3490
4.2517
4.2075
4.1582
4.1843
4.1285
4.2927
4.4606
4.4598
4.5579
4.4826
4.4526
4.2244
4.1629
3.9739
4.0181
4.3100
4.0259
4.0293
4.0937
4.0808
4.1041
4.0873
3.9880
3.9126
4.0030
4.0542
4.0230
3.8736
4.0468
4.0338
3.9620
4.0678
4.2407
4.1207
4.1367
4.0014
4.0970
4.0391
3.9859
4.0358
4.1777
4.1598
4.2117
4.1488
4.0400
4.1004
4.2274
3.9674
4.0223
4.0467
4.0258
4.1300
4.0887
4.0458
4.0449
4.2286
4.2315
4.2003
4.2478
4.0782
4.2060
4.2131
4.0754
4.1036
4.1133
4.0893
4.0023
3.9592
4.1941
4.4413
3.9743
3.9202
3.9903
4.0382
4.1429
4.1289
4.0068
3.9864
4.0789
3.9797
4.0532
4.1719
4.1319
4.1421
4.2157
4.0892
4.3475
4.1265
4.1199
3.9857
4.0133
4.1442
4.1442
4.1658
4.0053
4.2153
3.9301
4.0152
4.1256
4.0469
4.1560
4.3176
4.2948
4.2840
4.1983
4.1886
4.1759
4.2698
4.6783
4.2805
4.2663
4.2070
4.2307
4.2235
4.2040
3.9786
4.0755
3.8666
3.9456
3.9295
3.9464
3.9957
4.0175
3.8554
3.9736
4.1452
3.9926
3.9440
4.1514
4.1268
3.9792
3.8916
3.9822
4.1194
3.9596
3.9917
4.0425
3.9970
3.9321
3.9267
4.0450
3.8965
3.9844
4.0919
3.9675
4.1179
3.8718
4.0464
4.1130
4.0622
4.1779
4.2694
4.1806
4.0354
4.1880
4.0120
4.0577
4.1077
4.2981
4.1040
4.1618
4.2642
4.3441
4.1692
4.3364
3.9980
4.1356
4.1394
4.0965
4.2606
4.0322
4.0729
4.2315
4.2568
4.1777
4.1939
4.1539
4.1030
4.2407
4.1453
4.1002
4.1756
4.3333
4.0779
4.1046
3.9386
4.1544
4.1163
4.2286
4.2920
4.1720
4.2565
4.1637
4.2132
4.4051
4.3179
4.1324
4.1745
4.1075
4.1233
4.1429
4.2253
3.9433
3.9605
4.0430
4.0085
4.3050
4.5304
4.3513
4.4595
4.3871
4.5253
4.4832
4.2462
4.3799
4.4069
4.4431
4.3785
4.4054
4.3080
4.3674
4.1428
4.4029
4.2405
4.2133
4.2724
4.1106
4.0892
4.2583
4.1371
4.2184
4.2605
4.4119
4.3480
4.1923
3.9304
4.1350
4.1319
4.2073
4.2843
4.2790
4.3310
4.2002
4.1298
4.0824
4.2637
4.2776
4.2306
4.3751
4.4324
4.3234
4.1545
4.3007
4.3566
4.2885
4.3480
4.0924
4.2882
4.2053
4.3265
4.4162
4.4474
4.2060
4.1412
4.3255
4.1402
4.3131
4.2534
4.3050
4.3068
4.2062
4.4840
4.4006
4.5193
4.4850
4.4588
4.5781
4.5957
4.3110
4.4455
4.4413
4.6206
4.4436
4.4168
4.7688
4.5449
4.4485
4.5231
4.2468
4.6230
4.4949
4.6300
5.1214
4.3908
4.5615
4.3517
4.2312
4.2214
4.3971
4.0404
4.2821
4.3268
4.3653
4.5363
4.5129
4.7263
4.4623
4.5298
4.3265
4.0848
4.3870
4.3431
4.2327
4.3362
4.4981
4.5510
4.4585
4.3716
4.5153
4.5940
4.2175
4.5059
4.5817
4.5347
4.4165
4.4232
4.5278
4.2349
4.3021
4.2913
4.1838
4.4525
4.4810
4.5174
4.3459
4.2755
4.5992
4.5774
4.6163
5.0870
4.6591
4.3555
4.4356
4.6181
4.7398
4.7127
4.7134
4.8888
4.7295
