# RMSF / nm
0.324068
0.344087
0.330254
0.361183
0.351306
0.366886
0.408113
0.431632
0.418199
0.466974
0.517308
0.494672
0.463612
0.402224
0.382912
0.279181
0.300912
0.332768
0.266502
0.228636
0.250169
0.231530
0.197989
0.174182
0.138338
0.150960
0.140743
0.151607
0.139360
0.157053
0.205083
0.278891
0.279702
0.372050
0.388191
0.317440
0.223114
0.122236
0.125565
0.119259
0.110574
0.111138
0.127095
0.104106
0.115970
0.111736
0.106145
0.107483
0.103606
0.097211
0.093255
0.092802
0.095438
0.097557
0.097529
0.102585
0.104851
0.111345
0.103331
0.098075
0.100241
0.101559
0.109238
0.101942
0.098233
0.102650
0.093128
0.101596
0.108635
0.113100
0.117594
0.118495
0.123052
0.119087
0.128257
0.142942
0.166916
0.176797
0.187813
0.183407
0.160387
0.140870
0.109652
0.111081
0.114689
0.116450
0.109547
0.114515
0.107571
0.109383
0.114712
0.114341
0.115668
0.117762
0.117729
0.114357
0.116271
0.121943
0.126905
0.127628
0.126005
0.137941
0.111369
0.116520
0.126455
0.115120
0.113486
0.124467
0.113315
0.110281
0.114101
0.111199
0.108646
0.104825
0.098881
0.102548
0.100732
0.092745
0.093199
0.090581
0.095085
0.102361
0.109876
0.109340
0.119043
0.118193
0.124043
0.140990
0.128063
0.118152
0.122100
0.116846
0.111169
0.107170
0.101296
0.103639
0.100751
0.094641
0.094875
0.093402
0.096886
0.100029
0.116263
0.112678
0.120651
0.124830
0.129681
0.143555
0.132684
0.124301
0.128100
0.123580
0.118666
0.114616
0.107649
0.108426
0.104733
0.099632
0.099268
0.099866
0.103897
0.107756
0.123255
0.120543
0.129864
0.131843
0.136720
0.151582
0.140004
0.130720
0.135464
0.131729
0.124855
0.121599
0.114628
0.114069
0.109710
0.106723
0.104246
0.104266
0.105619
0.109284
0.113347
0.111812
0.110055
0.132495
0.128595
0.141102
0.146410
0.169833
0.198138
0.188194
0.172496
0.180429
0.190350
0.229216
0.240752
0.289747
0.320702
0.374335
0.403370
0.458043
0.386906
0.334251
0.352933
0.177718
0.212787
0.223464
0.170589
0.155701
0.161125
0.159105
0.145099
0.138281
0.132088
0.129011
0.123844
0.118339
0.118213
0.114723
0.111869
0.109484
0.109652
0.110151
0.113331
0.116201
0.115907
0.114609
0.128233
0.126200
0.134471
0.134389
0.137313
0.148327
0.138895
0.134069
0.137088
0.134287
0.131241
0.128211
0.122807
0.121827
0.118688
0.117218
0.115576
0.115416
0.116873
0.119881
0.122994
0.121871
0.120015
0.133313
0.132067
0.141412
0.142261
0.143301
0.162666
0.140912
0.135297
0.143411
0.136821
0.129259
0.120864
0.108402
0.106900
0.098413
0.092980
0.087771
0.086455
0.091301
0.099113
0.104157
0.100133
0.130996
0.126085
0.140550
0.143630
0.149357
0.165871
0.151547
0.145173
0.150409
0.150310
0.143354
0.143674
0.133701
0.131638
0.129912
0.129473
0.134367
0.141684
0.138625
0.139804
0.150168
0.137583
0.131560
0.153993
0.156390
0.172066
0.165719
0.172214
0.193760
0.172998
0.163501
0.173552
0.161315
0.145179
0.131018
0.117683
0.127130
0.123055
0.111907
0.120299
0.105002
0.105759
0.106709
0.157346
0.142010
0.152003
0.175258
0.182049
0.203901
0.187038
0.168894
0.173046
0.170012
0.156008
0.155876
0.148563
0.147955
0.147760
0.151610
0.160653
0.153650
0.151291
0.159828
0.178966
0.174683
0.187594
0.200315
0.218323
0.225881
0.216263
0.241860
0.286140
0.294432
0.271665
0.278649
0.259930
0.246536
0.250747
0.267644
0.290911
0.277977
0.274518
0.299955
0.306950
0.306464
0.341013
0.345816
0.365574
0.414112
0.354860
0.358687
0.385634
0.376382
0.333120
0.335046
0.303105
0.289887
0.272013
0.272376
0.273556
0.290380
0.303510
0.327264
0.395146
0.386437
0.413286
0.425087
0.460615
0.515712
0.448706
0.457140
0.478080
0.479736
0.471561
0.475639
0.484812
0.507450
0.536516
0.542623
0.580040
0.516448
0.490027
0.488010
0.474718
0.486196
0.493377
0.486566
0.506515
0.539910
0.519432
0.487974
0.481335
0.471376
0.456446
0.477272
0.492112
0.503034
0.531409
0.549301
0.589400
0.538533
0.509292
0.510006
0.499695
0.507563
0.536742
0.506158
0.528569
0.558826
0.551549
0.503007
0.482100
0.466926
0.451517
0.424900
0.401561
0.402077
0.397507
0.391580
0.401105
0.417284
0.408579
0.408356
0.431351
0.402488
0.393228
0.440966
0.420939
0.447350
0.467749
0.485484
0.515533
0.507490
0.469525
0.474668
0.437132
0.419399
0.377799
0.334513
0.325309
0.294260
0.280750
0.257713
0.246125
0.260844
0.284169
0.292678
0.307714
0.304474
0.402504
0.370540
0.406828
0.407270
0.392011
0.410528
0.389813
0.370802
0.369130
0.331448
0.318799
0.280475
0.264583
0.273406
0.254198
0.229515
0.203597
0.195070
0.191543
0.202558
0.224163
0.237070
0.301090
0.269452
0.270603
0.310527
0.297621
0.322432
0.305234
0.261593
0.232794
0.209626
0.200809
0.179954
0.169419
0.189623
0.178227
0.149166
0.131182
0.135728
0.113355
0.112418
0.108753
0.126070
0.144317
0.192726
0.176490
0.185608
0.201148
0.196759
0.215458
0.207218
0.171050
0.164781
0.141608
0.131953
0.120413
0.122880
0.147644
0.161337
0.154190
0.175070
0.134398
0.117258
0.115433
0.134854
0.123012
0.133070
0.144744
0.148669
0.163898
0.154499
0.135814
0.138471
0.126750
0.113794
0.106028
0.094645
0.099415
0.094858
0.086376
0.091342
0.084261
0.088046
0.095342
0.125771
0.114811
0.132565
0.147230
0.163673
0.179705
0.188367
0.142698
0.138401
0.119363
0.105304
0.099647
0.103380
0.114681
0.121330
0.117475
0.131249
0.146894
0.137961
0.128198
0.111516
0.107062
0.116661
0.110664
0.111728
0.111411
0.099730
0.112889
0.109502
0.101558
0.116203
0.127999
0.143044
0.146681
0.169980
0.181815
0.231112
0.263727
0.321042
0.250239
0.205420
0.213138
0.125302
0.142469
0.192698
0.143152
0.131768
0.195347
0.132342
0.122437
0.141023
0.126978
0.125167
0.121415
0.118203
0.119016
0.118517
0.116111
0.117213
0.117253
0.118739
0.124471
0.119840
0.119427
0.127743
0.121295
0.117319
0.127454
0.115255
0.114617
0.120496
0.118723
0.118776
0.116145
0.111599
0.109768
0.108043
0.107842
0.109625
0.110121
0.111990
0.117010
0.113146
0.116169
0.128349
0.116604
0.114870
0.123841
0.111859
0.113380
0.118253
0.115710
0.115585
0.111961
0.107278
0.105796
0.102907
0.101793
0.102040
0.103995
0.106494
0.111235
0.110773
0.111452
0.118819
0.112502
0.109547
0.114691
0.108693
0.109244
0.114397
0.112610
0.110691
0.107229
0.101607
0.099858
0.096304
0.095229
0.093653
0.093360
0.096111
0.099988
0.105128
0.101691
0.098828
0.108639
0.108253
0.116331
0.113790
0.110754
0.120023
0.108262
0.107117
0.110434
0.107077
0.105026
0.100469
0.095121
0.093965
0.090416
0.088641
0.087151
0.087355
0.089403
0.093089
0.097490
0.094753
0.092009
0.102024
0.101210
0.108708
0.104939
0.101353
0.107532
0.100494
0.098261
0.103403
0.101577
0.099051
0.095098
0.088923
0.089021
0.085175
0.081918
0.080316
0.081306
0.082747
0.086711
0.091793
0.088377
0.085270
0.098257
0.097231
0.105319
0.104323
0.105615
0.117601
0.104477
0.102312
0.095056
0.093415
0.089232
0.087088
0.084184
0.085391
0.085379
0.083770
0.087462
0.092280
0.091826
0.093342
0.104751
0.089711
0.084192
0.095591
0.091294
0.093883
0.098569
0.106742
0.112263
0.108437
0.111842
0.138624
0.134590
0.141513
0.137595
0.147054
0.153861
0.166648
0.178043
0.213092
0.230126
0.245352
0.238958
0.200774
0.170947
0.124380
0.126274
0.126268
0.126925
0.127203
0.122957
0.134091
0.133812
0.137772
0.147975
0.145716
0.149993
0.151006
0.161146
0.173528
0.180939
0.204285
0.173064
0.157384
0.163570
0.158213
0.160466
0.191074
0.188438
0.221036
0.280140
0.279445
0.192004
0.182029
0.173663
0.190216
0.196663
0.245883
0.303156
0.372024
0.356865
0.414709
0.499610
0.401213
0.337174
0.277293
0.283391
0.193806
0.220250
0.299856
0.245394
0.234385
0.253393
0.253079
0.209055
0.202139
0.190557
0.193804
0.196369
0.215331
0.231762
0.259133
0.286461
0.363001
0.401348
0.424475
0.402770
0.322293
0.266160
0.191752
0.209933
0.261552
0.219597
0.205903
0.238792
0.205119
0.178577
0.188127
0.171965
0.169070
0.151099
0.134737
0.137271
0.128547
0.116038
0.116425
0.122028
0.130641
0.147776
0.152480
0.143977
0.156301
0.157488
0.151256
0.166217
0.144514
0.147003
0.161644
0.159522
0.157702
0.151615
0.141633
0.138351
0.135002
0.136044
0.138976
0.141642
0.145943
0.149396
0.147428
0.140390
0.147422
0.149423
0.164636
0.153357
0.142072
0.156568
0.140142
0.127678
0.132131
0.124121
0.122264
0.113064
0.105922
0.108570
0.104472
0.097863
0.095010
0.098168
0.093979
0.096007
0.099896
0.098989
0.099265
0.114248
0.111336
0.121693
0.119075
0.117365
0.129081
0.121793
0.107951
0.110367
0.105967
0.102837
0.098964
0.094786
0.096484
0.097938
0.096870
0.102498
0.109559
0.105393
0.103715
0.111824
0.099192
0.095317
0.103878
0.102939
0.113541
0.113626
0.118517
0.134929
0.121983
0.114339
0.119873
0.120951
0.117137
0.119843
0.115427
0.109944
0.111549
0.118951
0.126142
0.124745
0.122872
0.133058
0.123727
0.127661
0.139826
0.133491
0.138724
0.153629
0.137626
0.137475
0.145287
0.147270
0.142318
0.146686
0.139633
0.130129
0.128368
0.136895
0.141505
0.146667
0.148441
0.162164
0.148946
0.153449
0.168655
0.159998
0.162958
0.179689
0.157205
0.163405
0.175603
0.177109
0.168984
0.163221
0.150531
0.141994
0.135729
0.140470
0.143723
0.142752
0.156927
0.166328
0.184246
0.163793
0.150289
0.176964
0.164768
0.169121
0.190388
0.206435
0.209994
0.211146
0.224587
0.244567
0.262425
0.260414
0.262304
0.240952
0.221763
0.208108
0.220147
0.220352
0.206053
0.239843
0.257278
0.259273
0.240336
0.267222
0.275702
0.300182
0.286904
0.290178
0.316643
0.276045
0.286150
0.302764
0.299742
0.287327
0.277575
0.255198
0.245170
0.226491
0.215649
0.201642
0.227384
0.247163
0.259642
0.293325
0.288591
0.309960
0.310638
0.305989
0.332377
0.294247
0.292259
0.307232
0.294476
0.273695
0.256269
0.230207
0.228903
0.211093
0.192503
0.181247
0.194398
0.213654
0.222277
0.285860
0.271039
0.291445
0.309456
0.308556
0.339805
0.298132
0.291981
0.307613
0.295107
0.278433
0.262102
0.237455
0.234690
0.219238
0.204155
0.197724
0.207697
0.224726
0.234916
0.283527
0.273206
0.291881
0.301714
0.299199
0.324310
0.288792
0.290487
0.306027
0.298494
0.279121
0.270423
0.249995
0.244677
0.232775
0.225655
0.221258
0.231271
0.243378
0.255017
0.297006
0.288228
0.305162
0.319689
0.324465
0.354307
0.314807
0.315351
0.332074
0.325957
0.302939
0.298611
0.276697
0.269268
0.258719
0.255694
0.256753
0.263435
0.273895
0.288691
0.329058
0.322558
0.346492
0.355488
0.363727
0.388970
0.342922
0.382009
0.406567
0.436875
0.457288
0.464697
0.471166
0.455787
0.470922
0.501698
0.523900
0.515212
0.502612
0.527417
0.430496
0.433724
0.449979
0.463320
0.471377
0.516614
0.457614
0.451372
0.465540
0.448339
0.408736
0.394816
0.363988
0.364940
0.346069
0.324735
0.315911
0.324599
0.344163
0.352906
0.461624
0.427130
0.433942
0.473929
0.523920
0.565841
0.534855
0.516979
0.485047
0.489412
0.495690
0.477632
0.447728
0.462096
0.438106
0.402268
0.369681
0.368407
0.344373
0.354542
0.339001
0.387125
0.408261
0.453201
0.458516
0.499343
0.470255
0.445361
0.479464
0.475943
0.381229
0.362252
0.347202
0.336534
0.314999
0.291169
0.288315
0.269000
0.257529
0.240999
0.232191
0.242963
0.259915
0.267521
0.274855
0.272287
0.323890
0.313823
0.334969
0.335691
0.317854
0.341837
0.304989
0.296985
0.311457
0.296972
0.287751
0.266573
0.242961
0.240986
0.223928
0.212475
0.200202
0.194925
0.203351
0.217488
0.229274
0.225348
0.273227
0.265297
0.287721
0.284746
0.266449
0.290547
0.251259
0.249492
0.267691
0.257756
0.248032
0.231593
0.208612
0.202255
0.186824
0.181856
0.173531
0.168323
0.181976
0.197421
0.212356
0.205225
0.196266
0.238428
0.234191
0.253335
0.252281
0.250917
0.277292
0.246311
0.236875
0.246488
0.238377
0.221027
0.215024
0.195531
0.193543
0.179251
0.169233
0.158828
0.156230
0.163402
0.178121
0.191741
0.187417
0.181302
0.241904
0.231445
0.246897
0.251405
0.267252
0.273100
0.281575
0.265396
0.271017
0.265248
0.256397
0.248191
0.239551
0.235982
0.232280
0.235598
0.239844
0.243379
0.244255
0.256498
0.259509
0.255022
0.262991
0.278703
0.290206
0.342538
0.267313
0.289636
0.320598
0.324661
0.316469
0.313021
0.286215
0.261371
0.240172
0.244082
0.230916
0.272689
0.293572
0.322123
0.308658
0.317322
0.350979
0.323594
0.312109
0.334005
0.290433
0.309161
0.332282
0.329325
0.322556
0.309919
0.284098
0.270440
0.248690
0.238955
0.222563
0.255498
0.277975
0.294365
0.308815
0.309724
0.336125
0.317825
0.297435
0.316891
0.279335
0.284339
0.300240
0.289548
0.280480
0.263393
0.241434
0.235985
0.217255
0.208908
0.190953
0.178245
0.192229
0.209687
0.213628
0.225995
0.224400
0.268710
0.262791
0.283037
0.277208
0.261746
0.279359
0.251579
0.245001
0.255050
0.239950
0.229596
0.211841
0.197821
0.201422
0.188868
0.174575
0.158964
0.154784
0.151404
0.160075
0.156542
0.174947
0.180753
0.223108
0.210934
0.221901
0.232375
0.222515
0.238471
0.221242
0.201354
0.202369
0.183449
0.172606
0.157618
0.149082
0.156535
0.151950
0.138125
0.136552
0.130568
0.136691
0.134726
0.172616
0.157684
0.162238
0.180773
0.181904
0.194302
0.193500
0.161845
0.152941
0.136141
0.130837
0.129834
0.137377
0.152724
0.160351
0.149234
0.153975
0.171521
0.146229
0.133470
0.127035
0.135106
0.135387
0.137681
0.137571
0.125344
0.126904
0.140951
0.121572
0.125708
0.133192
0.128211
0.127401
0.117978
0.109898
0.113334
0.109980
0.101951
0.103083
0.098871
0.103271
0.105998
0.117723
0.116754
0.127701
0.120613
0.113742
0.119822
0.109218
0.110930
0.117200
0.113364
0.111728
0.105961
0.100526
0.101779
0.101328
0.099482
0.104424
0.100508
0.100748
0.107659
0.105630
0.105502
0.117223
0.109862
0.104285
0.110692
0.103564
0.099449
0.102016
0.098890
0.098571
0.095081
0.091498
0.091039
0.090517
0.092187
0.096863
0.094905
0.093631
0.099968
0.095030
0.094938
0.104271
0.099557
0.098348
0.105531
0.100874
0.098004
0.103529
0.087391
0.088759
0.081491
0.081036
0.080718
0.082797
0.086155
0.091621
0.089107
0.086587
0.095014
0.084460
0.081697
0.084652
0.091175
0.091884
0.091306
0.095842
0.099903
0.107983
0.112234
0.128034
0.115238
0.138369
0.183362
0.215704
0.186737
0.208393
0.251734
0.192518
0.172464
0.201116
0.148163
0.147028
0.098432
0.103956
0.131666
0.102182
0.105624
0.110145
0.120099
0.107437
0.104369
0.094270
0.095832
0.120003
0.139612
0.163193
0.182756
0.176407
0.200014
0.228712
0.204290
0.182388
0.152985
0.151487
0.099007
0.133893
0.174486
0.104617
0.107401
0.135009
0.113104
0.100859
0.113896
0.113884
0.106564
0.104293
0.097303
0.096693
0.094625
0.092897
0.094136
0.094050
0.096554
0.103159
0.116562
0.121003
0.142578
0.154556
0.212315
0.280271
0.239413
0.196803
0.192776
0.175509
0.180160
0.168076
0.163225
0.163710
0.161963
0.161020
0.165562
0.168255
0.174480
0.178187
0.196331
0.172462
0.163478
0.160096
0.155411
0.157726
0.158938
0.147106
0.157391
0.141204
0.143155
0.154711
0.148397
0.148891
0.143860
0.142024
0.141285
0.145348
0.150790
0.159780
0.153193
0.149418
0.159945
0.140010
0.139841
0.148912
0.144899
0.137875
0.149975
0.134580
0.133469
0.139957
0.137727
0.136844
0.133924
0.129320
0.127879
0.128609
0.132149
0.139085
0.135363
0.133047
0.139906
0.133687
0.137611
0.154707
0.140183
0.143652
0.156304
0.147353
0.140779
0.146608
0.147369
0.145792
0.144845
0.136743
0.132405
0.129679
0.131756
0.134006
0.134958
0.140661
0.145310
0.155326
0.144088
0.136649
0.146434
0.149038
0.160950
0.155625
0.157916
0.173615
0.155636
0.155036
0.163328
0.162593
0.157959
0.154708
0.143856
0.137460
0.130945
0.133186
0.131738
0.128377
0.138748
0.146722
0.155207
0.148696
0.141306
0.159671
0.159686
0.172120
0.169033
0.168777
0.183873
0.163765
0.165594
0.173786
0.170078
0.164140
0.158521
0.147814
0.143883
0.136259
0.132323
0.128067
0.137130
0.144711
0.151779
0.165529
0.163353
0.174542
0.174263
0.173994
0.189021
0.174111
0.165078
0.169323
0.161546
0.154405
0.147266
0.140495
0.143706
0.139724
0.131282
0.130597
0.128899
0.133914
0.136500
0.158146
0.151857
0.158543
0.165652
0.168370
0.180896
0.170083
0.163011
0.166968
0.161514
0.153305
0.148375
0.141897
0.144440
0.140079
0.131897
0.129432
0.129743
0.135216
0.137038
0.161404
0.155064
0.161333
0.171451
0.177236
0.191326
0.179710
0.171484
0.175094
0.170040
0.160296
0.158271
0.154634
0.158148
0.159514
0.156410
0.161874
0.170220
0.163583
0.160759
0.168807
0.156189
0.153738
0.173410
0.169103
0.177788
0.185412
0.193772
0.210781
0.193526
0.189687
0.197169
0.195093
0.182995
0.179962
0.170869
0.170136
0.166310
0.163785
0.166081
0.165012
0.168062
0.172842
0.199258
0.191903
0.199771
0.215852
0.226220
0.248199
0.224263
0.221842
0.232353
0.229852
0.214621
0.212438
0.200872
0.198005
0.195870
0.196916
0.202196
0.199331
0.201045
0.208877
0.233698
0.227735
0.242431
0.253788
0.266032
0.287030
0.258797
0.269242
0.282499
0.282226
0.262221
0.261239
0.246602
0.242024
0.232509
0.231167
0.226835
0.223727
0.230909
0.237760
0.242826
0.243127
0.239407
0.291881
0.284438
0.298655
0.316949
0.333891
0.361058
0.326106
0.333304
0.347190
0.342518
0.317014
0.314705
0.300096
0.297028
0.287471
0.282470
0.278115
0.286440
0.294212
0.299392
0.354530
0.342601
0.354628
0.382533
0.402110
0.432484
0.394919
0.398855
0.412029
0.407981
0.380609
0.381279
0.363574
0.359228
0.347247
0.339931
0.333800
0.346119
0.357170
0.365180
0.422620
0.413262
0.431315
0.452917
0.475075
0.502682
0.459248
0.490223
0.518548
0.533639
0.543288
0.531993
0.527213
0.519197
0.519995
0.530571
0.538294
0.540056
0.538509
0.553567
0.517357
0.508784
0.508453
0.539959
0.553988
0.589188
0.558643
0.525087
0.521596
0.498526
0.467385
0.460141
0.444895
0.456811
0.448702
0.425829
0.421119
0.413774
0.423952
0.418683
0.511509
0.491998
0.493312
0.508855
0.540397
0.582379
0.539182
0.527379
0.494542
0.485541
0.497123
0.476895
0.460506
0.471395
0.459132
0.436830
0.418832
0.420707
0.401353
0.403907
0.391205
0.422435
0.437365
0.448898
0.451034
0.472251
0.451060
0.420334
0.431795
0.454991
0.371777
0.349079
0.335994
0.344703
0.325638
0.314717
0.315254
0.305386
0.298443
0.290356
0.286336
0.290734
0.298146
0.301587
0.304978
0.304738
0.305633
0.304556
0.314056
0.296127
0.269486
0.269623
0.267942
0.254498
0.254975
0.248037
0.258327
0.246576
0.240033
0.240967
0.237242
0.230846
0.228608
0.231639
0.236558
0.241460
0.226475
0.230367
0.238019
0.218767
0.198496
0.203349
0.195063
0.192040
0.198713
0.196607
0.200392
0.192863
0.186127
0.182598
0.179147
0.179471
0.178639
0.177101
0.184003
0.190733
0.199945
0.190629
0.184553
0.184812
0.186944
0.196624
0.184995
0.178939
0.185348
0.179784
0.174114
0.179127
0.178208
0.181083
0.174691
0.168364
0.167491
0.164351
0.162113
0.161475
0.162703
0.164042
0.167459
0.173955
0.168659
0.165222
0.169980
0.172518
0.181456
0.172139
0.163595
0.177124
0.161986
0.154741
0.162220
0.159762
0.160508
0.155037
0.146132
0.143852
0.142572
0.142939
0.147510
0.145181
0.146835
0.154385
0.149597
0.152438
0.168508
0.153945
0.147313
0.146984
0.158293
0.137135
0.138235
0.135867
0.145986
0.145025
0.159854
0.168194
0.184203
0.193934
0.227259
0.243605
0.258297
0.254089
0.217213
0.186110
0.127070
0.133826
0.134020
0.126152
0.123959
0.123501
0.131530
0.130506
0.140834
0.133887
0.138520
0.144070
0.157191
0.171833
0.203368
0.218629
0.259457
0.208741
0.179116
0.189997
0.133119
0.150321
0.179603
0.136547
0.131203
0.130081
0.138417
0.130550
0.129506
0.126268
0.127092
0.124335
0.119678
0.117889
0.116566
0.116324
0.117786
0.120595
0.120900
0.123399
0.130033
0.123248
0.118894
0.122060
0.123375
0.132376
0.125370
0.125593
0.133315
0.124229
0.124719
0.129124
0.126774
0.125863
0.121865
0.117920
0.120878
0.124423
0.121765
0.130367
0.119180
0.118455
0.124927
0.122916
0.122682
0.131306
0.128739
0.126353
0.135738
0.126338
0.122251
0.125387
0.127647
0.124364
0.128966
0.127074
0.131602
0.131733
0.126425
0.127392
0.132764
0.126248
0.124432
0.128245
0.123400
0.124068
0.132679
0.135357
0.146011
0.141627
0.149745
0.148225
0.153606
0.163085
0.170758
0.185428
0.198138
0.206278
0.219248
0.236266
0.255867
0.259996
0.300216
0.322618
0.339364
0.335341
0.288212
0.248559
0.185575
0.193935
0.204275
0.196944
0.199262
0.198467
0.215380
0.190339
0.178307
0.171321
0.165317
0.159006
0.148172
0.143940
0.136085
0.134800
0.130348
0.126123
0.135215
0.143303
0.150036
0.147363
0.142629
0.167319
0.164134
0.176378
0.176216
0.178624
0.195094
0.176164
0.174361
0.182055
0.178267
0.169263
0.164910
0.153726
0.150602
0.142648
0.137017
0.131388
0.141445
0.149829
0.156732
0.176133
0.172574
0.184211
0.187531
0.189875
0.205390
0.186894
0.183774
0.190507
0.183521
0.173033
0.165817
0.155562
0.155493
0.148277
0.139870
0.135713
0.140514
0.148392
0.151368
0.181882
0.173483
0.180987
0.192965
0.197872
0.210591
0.201050
0.189085
0.188569
0.179183
0.169476
0.165368
0.159538
0.152849
0.150448
0.156026
0.159879
0.159015
0.169356
0.174205
0.186052
0.171119
0.161823
0.181573
0.175107
0.175775
0.180334
0.187023
0.197968
0.189489
0.181656
0.186983
0.180441
0.172274
0.163816
0.155391
0.155627
0.149327
0.143760
0.138429
0.138410
0.137175
0.141263
0.143166
0.147176
0.147631
0.177420
0.169567
0.177584
0.188108
0.188502
0.202895
0.187726
0.178990
0.183443
0.175430
0.165958
0.157592
0.149006
0.153650
0.150742
0.143620
0.145861
0.153879
0.148202
0.148507
0.161099
0.146065
0.143171
0.174437
0.168784
0.180825
0.189833
0.191289
0.207582
0.208175
0.176476
0.174559
0.172913
0.186059
0.193090
0.203230
0.218434
0.244948
0.247457
0.274475
0.262298
0.250645
0.312160
0.164301
0.184990
0.206001
0.167199
0.162468
0.195118
0.176102
0.145090
0.148664
0.152011
0.165052
0.179204
0.193923
0.189359
0.219017
0.253014
0.286981
0.256239
0.230496
0.251983
0.144604
0.169830
0.188729
0.142077
0.134691
0.143955
0.146122
0.119706
0.114020
0.108139
0.114612
0.118434
0.129068
0.134807
0.150368
0.159589
0.179902
0.157891
0.143414
0.152213
0.105444
0.112623
0.114569
0.099804
0.100134
0.095481
0.110190
0.109535
0.112014
0.125210
0.140531
0.152004
0.160919
0.156372
0.178156
0.200118
0.239844
0.262242
0.268448
0.258338
0.222084
0.192047
0.122798
0.143268
0.155284
0.117204
0.109366
0.111739
0.100420
0.124347
0.138561
0.151110
0.159061
0.162729
0.152774
0.140605
0.138264
0.150162
0.158588
0.157422
0.174353
0.181298
0.198417
0.174862
0.159026
0.144598
0.160639
0.180265
0.148240
0.142662
0.154050
0.134020
0.150450
0.166519
0.175178
0.177228
0.179228
0.167283
0.154094
0.149595
0.161145
0.168165
0.164831
0.183257
0.191039
0.186920
0.171640
0.170457
0.181403
0.200834
0.177529
0.175362
0.189150
0.168529
0.178968
0.193241
0.197203
0.195160
0.194696
0.182368
0.170024
0.162906
0.172163
0.175514
0.168561
0.190079
0.199927
0.198238
0.184132
0.192588
0.198033
0.214487
0.201062
0.197684
0.213208
0.189362
0.196492
0.208928
0.208610
0.205038
0.202121
0.189731
0.179329
0.168230
0.168236
0.159866
0.180875
0.191406
0.205840
0.202297
0.205025
0.219981
0.209533
0.206989
0.220579
0.200920
0.205075
0.216673
0.217887
0.212882
0.209519
0.193061
0.183826
0.171503
0.172392
0.164788
0.155013
0.173536
0.188882
0.200235
0.195692
0.186510
0.213849
0.216138
0.234536
0.225337
0.225619
0.244636
0.219750
0.221102
0.234145
0.232715
0.219674
0.213377
0.192606
0.190015
0.177737
0.165912
0.161012
0.167527
0.181190
0.187927
0.231769
0.227140
0.248163
0.250908
0.259288
0.278420
0.248269
0.271100
0.291798
0.296291
0.279103
0.279606
0.253107
0.251939
0.233692
0.217546
0.207261
0.217411
0.233787
0.236058
0.301007
0.303085
0.329712
0.318602
0.325708
0.346733
0.319694
0.320856
0.333674
0.326368
0.309802
0.304842
0.288790
0.299857
0.280298
0.258045
0.242120
0.242215
0.234040
0.235226
0.232198
0.247723
0.261101
0.326435
0.318239
0.329025
0.339232
0.349949
0.364991
0.365687
0.336853
0.349376
0.320010
0.295045
0.258678
0.222281
0.229478
0.242755
0.252759
0.301681
0.243145
0.229429
0.265092
0.281707
0.269108
0.326490
0.318960
0.285434
0.294196
0.325344
0.232927
0.204335
0.190444
0.187476
0.176466
0.176275
0.183645
0.186390
0.179835
0.184646
0.195737
0.181978
0.175296
0.179418
0.170979
0.173305
0.180784
0.171252
0.171437
0.182799
0.179159
0.189460
0.183330
0.166753
0.169749
0.156994
0.150083
0.140318
0.140262
0.150372
0.153066
0.144212
0.147742
0.160237
0.145292
0.137304
0.131955
0.136053
0.151292
0.140059
0.139542
0.159366
0.168256
0.174042
0.205289
0.179129
0.189153
0.188801
0.200649
0.193846
0.193363
0.196299
0.196336
0.192778
0.193813
0.195832
0.197897
0.200701
0.212299
0.197334
0.193016
0.177364
0.184961
0.190639
0.174244
0.167346
0.182182
0.165820
0.165525
0.177805
0.186338
0.188775
0.195424
0.186549
0.171192
0.176984
0.194951
0.214448
0.218297
0.239091
0.245808
0.230269
0.203013
0.180799
0.196073
0.220378
0.190688
0.183971
0.206587
0.168224
0.185393
0.205651
0.207889
0.198777
0.196115
0.177457
0.164855
0.155100
0.155542
0.150625
0.168190
0.179877
0.197415
0.203977
0.205020
0.228968
0.224737
0.243996
0.252629
0.236841
0.289678
0.318464
0.375512
0.445882
0.500923
0.539014
0.549749
0.603070
0.630789
0.700861
0.748589
0.741590
0.714672
0.643803
0.600234
0.367611
0.460949
0.500128
0.339939
0.322766
0.363126
0.317561
0.299645
0.273790
0.269311
0.255717
0.249431
0.226399
0.217160
0.199437
0.197375
0.185098
0.171818
0.192941
0.210086
0.218206
0.221498
0.214456
0.262375
0.259651
0.283884
0.281400
0.284657
0.310342
0.273480
0.278951
0.295861
0.288660
0.272378
0.261215
0.239802
0.235812
0.217176
0.201294
0.186578
0.208223
0.226773
0.233903
0.283802
0.273499
0.289751
0.302899
0.305516
0.330046
0.299218
0.292008
0.300720
0.286833
0.269352
0.255496
0.237188
0.238169
0.222323
0.203571
0.190478
0.205284
0.221508
0.224826
0.282284
0.267121
0.277677
0.299808
0.302260
0.325803
0.296421
0.288711
0.296038
0.282234
0.265841
0.251066
0.234147
0.235566
0.220638
0.202412
0.188292
0.201812
0.218022
0.220226
0.275758
0.260892
0.271314
0.291637
0.292614
0.315300
0.293268
0.271502
0.274132
0.254190
0.238191
0.219446
0.210310
0.222990
0.216621
0.196367
0.186873
0.195703
0.173615
0.171671
0.168507
0.181769
0.192769
0.244952
0.224763
0.230958
0.259072
0.260229
0.279699
0.265420
0.238231
0.234974
0.214452
0.200792
0.188191
0.188654
0.204223
0.204174
0.186930
0.183208
0.194470
0.170003
0.161699
0.154141
0.165182
0.177648
0.211641
0.193583
0.191664
0.222480
0.225716
0.246380
0.222464
0.215222
0.223317
0.216021
0.199635
0.188663
0.173043
0.168650
0.159248
0.151786
0.147621
0.158749
0.170184
0.184432
0.218045
0.192296
0.207559
0.242398
0.288557
0.335926
0.334640
0.253883
0.256792
0.221815
0.207512
0.193696
0.226520
0.281201
0.340770
0.345504
0.416083
0.290225
0.227680
0.190555
0.243423
0.229967
0.247073
0.271286
0.229880
0.213611
0.238168
0.259238
0.296057
0.342942
0.403739
0.446123
0.466905
0.198537
0.207625
0.183407
0.171076
0.163372
0.152783
0.152190
0.144307
0.140315
0.146610
0.174126
0.181583
0.172972
0.170943
0.179205
0.184811
0.179637
0.174637
0.183183
0.165610
0.164551
0.166429
0.174661
0.170300
0.175745
0.185796
0.213241
0.185803
0.193076
0.191390
0.205378
0.213797
0.237399
0.219512
0.257880
0.206563
0.201801
0.218925
0.225712
0.216949
0.226470
0.204893
0.199172
0.186845
0.181122
0.191293
0.171997
0.210748
0.218498
0.220038
0.236448
0.255509
0.302351
0.343836
0.402603
0.469142
0.500457
0.547246
0.232585
0.250390
0.218112
0.217916
0.211826
0.218142
0.225413
0.217559
0.228029
0.214174
0.225004
0.205253
0.203100
0.195956
0.204252
0.197011
0.215390
0.225654
0.220032
0.233702
0.240975
0.231112
0.219906
0.226986
0.233943
0.233992
0.247655
0.243639
0.235096
0.258652
0.261795
0.288607
0.298790
0.321888
0.341150
0.391772
0.440805
0.440660
0.252491
0.254775
0.252597
0.256935
0.250121
0.245742
0.251521
0.272423
0.292958
0.281186
0.302432
0.301849
0.344214
0.379520
0.469115
0.513711
0.615607
0.487550
0.410759
0.329136
0.336838
0.353806
0.393261
0.413639
0.426138
0.439288
0.466529
0.471195
0.408140
0.443616
0.406854
0.426633
0.446721
0.476964
0.474287
