# RMSF / nm
0.143363
0.124476
0.105766
0.110202
0.108521
0.129700
0.182055
0.205319
0.198375
0.268160
0.299679
0.342887
0.344979
0.265629
0.182544
0.104777
0.109855
0.150699
0.118851
0.129527
0.151744
0.172255
0.112417
0.118629
0.098907
0.121528
0.127594
0.167019
0.228689
0.262872
0.244433
0.304283
0.347160
0.358642
0.352018
0.275694
0.212034
0.087203
0.104603
0.135906
0.080397
0.068602
0.070859
0.069349
0.065352
0.066726
0.062093
0.065619
0.061255
0.059902
0.063145
0.062847
0.059327
0.060490
0.063193
0.063022
0.062055
0.066896
0.059799
0.058394
0.056090
0.057849
0.062030
0.055704
0.055285
0.058579
0.064092
0.057524
0.056920
0.058165
0.064069
0.063455
0.068842
0.070266
0.078195
0.083402
0.098120
0.108704
0.107980
0.102785
0.088416
0.078685
0.055241
0.058154
0.062884
0.059294
0.057969
0.062428
0.064908
0.062974
0.067193
0.068569
0.070262
0.070745
0.067465
0.063375
0.062738
0.065981
0.069457
0.074477
0.075829
0.093144
0.069888
0.074597
0.086146
0.077634
0.080521
0.092455
0.081997
0.081245
0.086326
0.084243
0.080848
0.078646
0.074595
0.074869
0.073592
0.072013
0.074103
0.073352
0.074423
0.079313
0.085042
0.084663
0.095369
0.094198
0.102663
0.116224
0.110115
0.096956
0.097971
0.094542
0.090457
0.088850
0.083975
0.083846
0.080434
0.076887
0.076031
0.078789
0.082224
0.087561
0.097435
0.096085
0.104128
0.106532
0.114508
0.129523
0.118890
0.110983
0.115417
0.114279
0.109943
0.107396
0.097883
0.095142
0.089173
0.084537
0.081565
0.088387
0.095564
0.103845
0.115452
0.115357
0.128690
0.126256
0.130447
0.148368
0.133609
0.121196
0.126001
0.118862
0.111501
0.104709
0.096142
0.097105
0.090500
0.083844
0.077303
0.076388
0.075730
0.081012
0.083145
0.087409
0.087863
0.117637
0.111659
0.127467
0.133766
0.161195
0.189773
0.182385
0.160942
0.165669
0.170993
0.208987
0.217279
0.263594
0.284598
0.336195
0.370888
0.422437
0.354024
0.303876
0.311791
0.155243
0.190020
0.200839
0.144472
0.124606
0.128558
0.125281
0.117353
0.110964
0.099814
0.098507
0.090082
0.084919
0.088158
0.084243
0.076931
0.072166
0.074337
0.068912
0.071318
0.071709
0.076302
0.078185
0.093190
0.089300
0.097194
0.097534
0.099003
0.110467
0.105033
0.091111
0.090976
0.084982
0.083873
0.078354
0.074082
0.076756
0.074882
0.069595
0.067785
0.071432
0.065519
0.066145
0.067589
0.068778
0.069621
0.082508
0.080384
0.088548
0.089394
0.094128
0.108267
0.099577
0.089034
0.092004
0.087467
0.082820
0.078662
0.075603
0.079191
0.079577
0.074732
0.075175
0.081596
0.074513
0.074207
0.073823
0.073066
0.087998
0.085789
0.094557
0.096226
0.102582
0.116761
0.109112
0.095280
0.096142
0.091546
0.088925
0.085172
0.082423
0.085493
0.085085
0.081271
0.082321
0.086869
0.081701
0.080359
0.083015
0.080106
0.079985
0.091739
0.088796
0.094763
0.098930
0.104663
0.116417
0.110341
0.100070
0.100104
0.095502
0.090977
0.089415
0.089878
0.092704
0.095808
0.095810
0.102441
0.094310
0.091194
0.094151
0.099287
0.095766
0.098204
0.107045
0.115390
0.130194
0.123062
0.120172
0.132528
0.154847
0.165282
0.186351
0.188055
0.171888
0.190538
0.221924
0.245809
0.232790
0.219850
0.244373
0.158186
0.186106
0.215362
0.169203
0.158167
0.160261
0.152797
0.180422
0.196312
0.219462
0.228106
0.247956
0.248005
0.232985
0.241686
0.265931
0.281308
0.282421
0.273959
0.296691
0.229907
0.254357
0.277768
0.241549
0.245513
0.270655
0.230601
0.252657
0.276637
0.284071
0.274700
0.275038
0.254185
0.235574
0.223082
0.229807
0.227561
0.248920
0.261266
0.283650
0.281386
0.284991
0.315281
0.302117
0.308858
0.335653
0.300830
0.306228
0.324425
0.323332
0.310688
0.303463
0.285502
0.280528
0.273108
0.270784
0.273500
0.276634
0.284017
0.297916
0.320411
0.311829
0.333378
0.342047
0.353756
0.379341
0.357739
0.338517
0.336616
0.325452
0.306618
0.307698
0.297149
0.299167
0.292390
0.285199
0.284677
0.286818
0.291697
0.297561
0.340700
0.330949
0.340644
0.342835
0.361431
0.385509
0.366936
0.350347
0.332072
0.326386
0.322026
0.306454
0.288282
0.284460
0.270633
0.265287
0.256295
0.249938
0.260854
0.272364
0.281024
0.280370
0.276420
0.310347
0.303137
0.319556
0.321642
0.319046
0.332022
0.344273
0.307456
0.297099
0.278922
0.276502
0.256959
0.247097
0.255096
0.248188
0.233940
0.227324
0.232533
0.221347
0.222842
0.225155
0.229073
0.233745
0.262447
0.251237
0.254617
0.264258
0.251254
0.267278
0.253003
0.228002
0.229629
0.209306
0.206156
0.189066
0.184805
0.192599
0.191661
0.181665
0.181245
0.189360
0.179996
0.178446
0.177489
0.178461
0.188999
0.178248
0.184938
0.190712
0.180908
0.194200
0.185400
0.165760
0.144956
0.133941
0.133860
0.124376
0.120146
0.125696
0.122284
0.113349
0.108168
0.110804
0.102321
0.102351
0.099254
0.107854
0.112541
0.123267
0.119626
0.124720
0.124317
0.119463
0.128076
0.125545
0.108373
0.105634
0.096345
0.099318
0.092051
0.092906
0.101073
0.104079
0.099314
0.105720
0.092199
0.089096
0.087843
0.087942
0.086007
0.087343
0.083408
0.079511
0.081000
0.090567
0.072577
0.068069
0.064396
0.068370
0.065050
0.066743
0.072342
0.076665
0.075604
0.083493
0.070175
0.066408
0.067571
0.061633
0.061863
0.063889
0.061162
0.059692
0.063978
0.060411
0.061102
0.060039
0.060297
0.064061
0.065760
0.071655
0.077686
0.085712
0.086006
0.099417
0.114976
0.104590
0.096934
0.084166
0.078227
0.060952
0.064427
0.069245
0.061757
0.061501
0.064402
0.064716
0.060972
0.061402
0.061784
0.064582
0.063585
0.063368
0.064141
0.065556
0.066124
0.071179
0.067231
0.065979
0.072080
0.059674
0.062517
0.068958
0.061155
0.059781
0.068532
0.065643
0.062461
0.061100
0.061161
0.065193
0.063923
0.063587
0.069140
0.070908
0.067421
0.072987
0.065632
0.063815
0.068034
0.060365
0.063719
0.071140
0.063293
0.063651
0.074425
0.066594
0.061290
0.064739
0.061988
0.063057
0.060922
0.058666
0.059440
0.061255
0.062236
0.069146
0.062823
0.061013
0.066573
0.058156
0.061021
0.070915
0.062032
0.061546
0.071635
0.059800
0.061679
0.067139
0.067218
0.066734
0.067056
0.063654
0.062101
0.061917
0.063385
0.067599
0.066249
0.066350
0.073260
0.067680
0.072462
0.085571
0.073138
0.077254
0.088775
0.078404
0.080076
0.087942
0.090595
0.089581
0.089035
0.081904
0.076939
0.073561
0.075922
0.076849
0.076533
0.083425
0.089684
0.099730
0.089312
0.081725
0.089107
0.092166
0.104849
0.097177
0.096277
0.109699
0.094305
0.092732
0.100284
0.098129
0.096151
0.091830
0.085142
0.082882
0.078459
0.077021
0.074964
0.074319
0.078310
0.084603
0.090790
0.086829
0.082051
0.092183
0.091910
0.100451
0.095765
0.092623
0.099181
0.093407
0.088059
0.090694
0.089479
0.090704
0.091683
0.088242
0.091583
0.086961
0.080821
0.078987
0.082543
0.078698
0.079644
0.082155
0.081464
0.081981
0.090074
0.094741
0.101177
0.089268
0.094978
0.108622
0.096106
0.107571
0.115287
0.086780
0.088029
0.080608
0.076238
0.077316
0.074197
0.071073
0.069688
0.070120
0.071759
0.074631
0.079994
0.075655
0.073252
0.082114
0.101552
0.163279
0.094574
0.093668
0.098164
0.088498
0.110446
0.120642
0.108537
0.115087
0.117391
0.128970
0.132030
0.141909
0.175091
0.239041
0.247888
0.312632
0.316723
0.252465
0.181411
0.108604
0.119317
0.133801
0.112308
0.111410
0.126936
0.112023
0.109818
0.101454
0.102025
0.110132
0.114208
0.114723
0.121899
0.121118
0.113569
0.118011
0.106723
0.106267
0.103712
0.103020
0.110365
0.123445
0.113382
0.095799
0.101944
0.106160
0.095274
0.102806
0.101163
0.104722
0.103390
0.092161
0.086535
0.084250
0.087740
0.092825
0.093830
0.102985
0.108043
0.104862
0.093727
0.096171
0.104820
0.122297
0.106090
0.107523
0.125402
0.113366
0.099525
0.102612
0.098739
0.096795
0.091227
0.081057
0.080899
0.077206
0.074971
0.076075
0.076104
0.084152
0.089264
0.086532
0.078808
0.098695
0.099758
0.114777
0.104165
0.108361
0.120335
0.110637
0.114142
0.123308
0.128919
0.121984
0.127914
0.119875
0.116231
0.115221
0.123300
0.135375
0.130223
0.126036
0.137290
0.134596
0.139259
0.155203
0.148696
0.159986
0.184662
0.165882
0.146615
0.146941
0.137708
0.136113
0.130558
0.131362
0.138402
0.143192
0.137528
0.143173
0.160133
0.139770
0.131822
0.127782
0.130037
0.133397
0.133311
0.141944
0.136662
0.140747
0.152295
0.143712
0.136808
0.141698
0.139113
0.134393
0.130076
0.122527
0.120679
0.115224
0.113207
0.109463
0.107302
0.111202
0.116277
0.119898
0.120255
0.117997
0.137623
0.134271
0.144491
0.148374
0.150639
0.169000
0.151490
0.138986
0.144038
0.135650
0.131308
0.123692
0.116122
0.117439
0.113344
0.108004
0.104548
0.106929
0.102360
0.104551
0.105533
0.109070
0.109931
0.126651
0.123125
0.134374
0.134064
0.134807
0.151005
0.135796
0.126700
0.131468
0.125211
0.120214
0.113754
0.106980
0.108780
0.107930
0.104965
0.108590
0.103245
0.104151
0.106872
0.120588
0.116963
0.127850
0.130625
0.136285
0.154130
0.137995
0.131124
0.136299
0.131780
0.123236
0.120768
0.117336
0.118367
0.119486
0.120861
0.127477
0.119927
0.117980
0.121486
0.135263
0.130056
0.137265
0.147753
0.159469
0.174320
0.164944
0.155310
0.154813
0.152945
0.144787
0.149655
0.145253
0.144744
0.143588
0.143515
0.146509
0.149155
0.151434
0.152981
0.162591
0.149699
0.144830
0.163845
0.161117
0.170590
0.170024
0.178815
0.179816
0.194247
0.177910
0.184561
0.185008
0.177511
0.176473
0.168354
0.162684
0.158286
0.161721
0.164091
0.161824
0.173217
0.178346
0.176413
0.168136
0.190280
0.187709
0.197961
0.203463
0.214203
0.230212
0.217318
0.211599
0.217273
0.216197
0.205327
0.203854
0.193305
0.189092
0.182246
0.178423
0.175261
0.183834
0.191517
0.200005
0.220757
0.217329
0.229028
0.236158
0.245881
0.264168
0.243647
0.244152
0.252496
0.251985
0.238114
0.236122
0.223880
0.218694
0.210115
0.206453
0.201172
0.211571
0.220456
0.228381
0.259024
0.254185
0.266987
0.277106
0.289407
0.310450
0.285818
0.287259
0.297309
0.293652
0.279291
0.275333
0.263854
0.263533
0.256275
0.248959
0.245411
0.250036
0.257133
0.260105
0.298176
0.292593
0.304717
0.314849
0.326964
0.346248
0.328234
0.320135
0.325427
0.319610
0.302860
0.300727
0.291092
0.289988
0.282492
0.276734
0.272239
0.279204
0.285993
0.290444
0.327256
0.318384
0.325938
0.346060
0.356509
0.379122
0.351170
0.351941
0.362509
0.357957
0.338740
0.335628
0.322372
0.321408
0.313582
0.306270
0.303431
0.307982
0.315755
0.320426
0.365054
0.356126
0.368705
0.387602
0.401769
0.424933
0.392210
0.409003
0.432340
0.452988
0.466814
0.461349
0.461476
0.446937
0.454191
0.476245
0.490853
0.490008
0.484598
0.507850
0.438427
0.433104
0.437938
0.459413
0.469849
0.498684
0.475825
0.445026
0.440530
0.421508
0.397354
0.390845
0.377368
0.385991
0.379621
0.363355
0.362424
0.355365
0.362388
0.360770
0.434829
0.418645
0.422870
0.433377
0.461663
0.499967
0.462487
0.449460
0.420178
0.416837
0.426569
0.413081
0.400161
0.415214
0.406207
0.381626
0.366676
0.373475
0.347571
0.346257
0.334870
0.361585
0.377865
0.385258
0.392311
0.417198
0.388742
0.361310
0.383731
0.392324
0.322590
0.315717
0.308969
0.313789
0.302302
0.293027
0.290785
0.283341
0.280779
0.276168
0.272792
0.278928
0.285611
0.290209
0.289814
0.287069
0.289854
0.290954
0.301725
0.287216
0.270042
0.277442
0.263967
0.261014
0.267972
0.263379
0.267490
0.259195
0.250493
0.247868
0.242554
0.241460
0.239897
0.237875
0.244556
0.250301
0.251806
0.246904
0.246603
0.250062
0.262508
0.244224
0.227642
0.233575
0.222935
0.221086
0.228447
0.227176
0.231591
0.225286
0.215824
0.211155
0.205526
0.205994
0.203506
0.200199
0.208541
0.216333
0.224197
0.218944
0.212843
0.213906
0.218166
0.229054
0.213142
0.204418
0.213266
0.198920
0.199324
0.207595
0.203180
0.201088
0.187997
0.183710
0.184122
0.181220
0.177408
0.174897
0.176677
0.174064
0.177262
0.180339
0.180727
0.179643
0.192295
0.181282
0.173754
0.197002
0.209077
0.214379
0.210329
0.223483
0.241797
0.254410
0.260729
0.266561
0.265048
0.254633
0.262673
0.282257
0.297301
0.294791
0.287694
0.310453
0.250984
0.263655
0.280777
0.258044
0.259339
0.295024
0.245200
0.246683
0.264070
0.251229
0.243508
0.225731
0.204809
0.196013
0.182579
0.179070
0.176721
0.191595
0.203649
0.221061
0.228729
0.220164
0.237921
0.238491
0.227456
0.243610
0.218056
0.218240
0.227943
0.221236
0.221276
0.210364
0.200361
0.193756
0.185501
0.185616
0.182701
0.196171
0.202563
0.214961
0.205548
0.204265
0.214796
0.207896
0.196425
0.208775
0.194504
0.182585
0.186290
0.174679
0.173491
0.161043
0.152091
0.154610
0.146896
0.139061
0.132082
0.130624
0.130415
0.134519
0.136834
0.140489
0.142504
0.160142
0.155215
0.164166
0.163676
0.156536
0.171301
0.156850
0.142586
0.145236
0.133804
0.130340
0.120809
0.116585
0.121655
0.119286
0.111053
0.107691
0.111452
0.104115
0.105389
0.107549
0.108687
0.110440
0.126214
0.119675
0.126411
0.133139
0.134913
0.149102
0.139737
0.123237
0.124525
0.116779
0.109661
0.105892
0.102583
0.104417
0.105101
0.102901
0.107323
0.101436
0.101586
0.105370
0.116454
0.110192
0.118490
0.128078
0.137207
0.153416
0.143947
0.127528
0.124627
0.114127
0.107239
0.108721
0.108836
0.115019
0.116979
0.111685
0.115869
0.126036
0.116254
0.111974
0.107256
0.107061
0.118998
0.119638
0.127326
0.114452
0.114819
0.126277
0.113162
0.111509
0.117288
0.114354
0.114064
0.110945
0.105185
0.103014
0.100029
0.098588
0.098483
0.101876
0.105368
0.112171
0.107081
0.108912
0.118104
0.108732
0.100397
0.105447
0.103918
0.095086
0.101400
0.107315
0.110453
0.119029
0.119831
0.112878
0.125755
0.144686
0.164871
0.152604
0.141028
0.159082
0.107463
0.125047
0.146702
0.117071
0.102077
0.123133
0.099163
0.116382
0.148561
0.114294
0.123699
0.094715
0.098221
0.128586
0.146533
0.142498
0.172112
0.123228
0.098890
0.103110
0.089334
0.088482
0.101527
0.087020
0.084535
0.101029
0.088393
0.077470
0.076347
0.071870
0.070479
0.066926
0.065815
0.071878
0.073797
0.069723
0.075875
0.065561
0.063283
0.065293
0.072459
0.070989
0.074745
0.076224
0.077787
0.088046
0.074739
0.084631
0.082861
0.091441
0.096520
0.108127
0.116346
0.132205
0.141900
0.132282
0.141866
0.160185
0.134106
0.118860
0.118739
0.110087
0.116754
0.099720
0.111336
0.134194
0.111523
0.112598
0.136051
0.127900
0.101516
0.096431
0.088482
0.087252
0.087283
0.079919
0.076742
0.074546
0.076057
0.082362
0.082410
0.098837
0.108598
0.101793
0.083713
0.091693
0.097604
0.121887
0.108670
0.136018
0.188830
0.172011
0.111002
0.107828
0.093981
0.090729
0.080694
0.077840
0.080073
0.077968
0.073472
0.073947
0.074255
0.076193
0.081126
0.090205
0.083648
0.084316
0.087748
0.090381
0.101412
0.100463
0.085924
0.088952
0.088723
0.089017
0.088262
0.080845
0.098313
0.092953
0.079399
0.094723
0.102340
0.123566
0.131488
0.174612
0.105800
0.079958
0.085378
0.089131
0.105777
0.096231
0.084450
0.085770
0.087495
0.086886
0.088412
0.098682
0.113299
0.122433
0.130142
0.109106
0.118449
0.152739
0.166989
0.178017
0.167991
0.198434
0.096380
0.114703
0.123053
0.094281
0.089517
0.097336
0.087055
0.094323
0.106508
0.116273
0.118065
0.123964
0.115535
0.096936
0.094910
0.111663
0.117770
0.131991
0.132767
0.153771
0.117662
0.132823
0.162008
0.122528
0.125858
0.139159
0.121360
0.130364
0.142889
0.149012
0.145148
0.145326
0.131672
0.123634
0.114543
0.116916
0.113241
0.108459
0.119872
0.130527
0.138564
0.135289
0.127569
0.149746
0.154183
0.170774
0.162799
0.166175
0.184958
0.156977
0.165471
0.176765
0.171662
0.159458
0.151639
0.139296
0.135961
0.124207
0.119901
0.110738
0.103590
0.114468
0.124337
0.129241
0.132004
0.129674
0.171480
0.162882
0.173035
0.187373
0.193265
0.212763
0.189056
0.187124
0.193025
0.184764
0.169213
0.162044
0.147941
0.145782
0.134469
0.124976
0.115170
0.128506
0.139775
0.145866
0.187584
0.177202
0.192646
0.206217
0.216294
0.233841
0.218257
0.209196
0.214754
0.211058
0.211362
0.207872
0.202951
0.200584
0.199704
0.200116
0.202461
0.202533
0.204768
0.212189
0.203828
0.204337
0.213818
0.208444
0.208347
0.229328
0.220025
0.185920
0.184585
0.172362
0.163340
0.162951
0.168701
0.174066
0.191127
0.203880
0.229594
0.201698
0.183250
0.192004
0.174429
0.172383
0.185629
0.190420
0.205809
0.226913
0.212958
0.199203
0.202268
0.193133
0.185482
0.176692
0.176079
0.193649
0.197133
0.180269
0.184580
0.203550
0.176410
0.166841
0.173249
0.162498
0.168389
0.194440
0.185195
0.187223
0.203434
0.209840
0.227704
0.216705
0.195158
0.194849
0.184390
0.175560
0.169506
0.166119
0.172548
0.173658
0.170434
0.177515
0.167135
0.164046
0.167063
0.185481
0.176566
0.178366
0.194664
0.201245
0.217321
0.203698
0.194148
0.196608
0.193793
0.188376
0.198126
0.182874
0.185471
0.180025
0.172374
0.174340
0.169582
0.173586
0.175001
0.198386
0.222148
0.278269
0.204500
0.211708
0.225994
0.223380
0.206866
0.208681
0.207036
0.195413
0.195383
0.189250
0.189856
0.188237
0.185815
0.187200
0.191655
0.187503
0.187613
0.191887
0.188049
0.186412
0.216722
0.212831
0.223043
0.233663
0.250541
0.269897
0.251909
0.251182
0.259033
0.257726
0.239645
0.241307
0.234203
0.233236
0.230950
0.230880
0.233993
0.232422
0.233328
0.237942
0.271015
0.264152
0.273662
0.293036
0.313081
0.336896
0.312127
0.312556
0.321116
0.320987
0.301557
0.306999
0.297674
0.295202
0.291937
0.292406
0.295271
0.295914
0.298097
0.305537
0.336899
0.333244
0.348547
0.359847
0.381436
0.403885
0.378103
0.391087
0.416503
0.426171
0.430668
0.418794
0.413713
0.405653
0.407740
0.423937
0.438031
0.437165
0.431032
0.451973
0.411245
0.397524
0.397874
0.432479
0.449483
0.477670
0.456122
0.430938
0.427376
0.414523
0.389952
0.390960
0.378367
0.381843
0.376566
0.366457
0.366137
0.363675
0.369822
0.373618
0.432484
0.419204
0.429323
0.436619
0.464539
0.499676
0.470703
0.448202
0.421621
0.413068
0.415837
0.394655
0.374600
0.381219
0.368892
0.349701
0.334560
0.337306
0.322835
0.329466
0.326501
0.345502
0.353548
0.380495
0.376000
0.399894
0.389503
0.370198
0.385487
0.413759
0.330099
0.311458
0.296113
0.300505
0.281973
0.273261
0.278326
0.270115
0.258891
0.249488
0.248277
0.244478
0.249290
0.248405
0.257490
0.261565
0.270119
0.265521
0.273039
0.263968
0.243099
0.245760
0.243819
0.226768
0.226033
0.214739
0.220357
0.207163
0.203798
0.209845
0.209263
0.200807
0.202148
0.195509
0.197421
0.196851
0.196255
0.193193
0.196301
0.189854
0.174565
0.176931
0.180538
0.160305
0.157602
0.151769
0.160005
0.153712
0.153215
0.157797
0.159639
0.154907
0.157147
0.163693
0.155948
0.154109
0.159051
0.152343
0.151856
0.138197
0.142713
0.150321
0.131750
0.123106
0.125797
0.126704
0.122795
0.127518
0.129523
0.136220
0.135031
0.133731
0.133785
0.136975
0.137993
0.144056
0.150485
0.147249
0.145833
0.153615
0.141142
0.136595
0.122303
0.129836
0.140202
0.122648
0.116611
0.127785
0.113885
0.114329
0.122882
0.122649
0.122906
0.121463
0.117107
0.113819
0.116460
0.122441
0.133130
0.126284
0.123619
0.133336
0.115958
0.121187
0.134234
0.124115
0.120278
0.132761
0.138839
0.112305
0.119256
0.106610
0.110397
0.106193
0.123844
0.195949
0.206492
0.147119
0.167552
0.184304
0.229859
0.261374
0.210907
0.136514
0.094753
0.093016
0.096683
0.105984
0.090078
0.081992
0.100990
0.098545
0.106135
0.104193
0.116730
0.117425
0.135979
0.142693
0.176708
0.204942
0.246939
0.201958
0.167730
0.179084
0.093154
0.102387
0.117733
0.092358
0.083876
0.079531
0.089505
0.088454
0.091239
0.095112
0.104129
0.103796
0.103994
0.105116
0.110265
0.111243
0.119787
0.127972
0.124687
0.124135
0.135185
0.116936
0.109210
0.088421
0.097386
0.106828
0.087478
0.079207
0.086619
0.075254
0.078763
0.085093
0.085738
0.089570
0.088586
0.087140
0.084111
0.087622
0.098089
0.111046
0.102586
0.096047
0.105340
0.079621
0.085080
0.093482
0.080866
0.075803
0.082267
0.074163
0.075223
0.081065
0.081440
0.077850
0.078889
0.073983
0.077369
0.075887
0.069347
0.070445
0.080334
0.066906
0.063748
0.065317
0.066118
0.068045
0.082824
0.083968
0.095435
0.091785
0.096961
0.093866
0.104019
0.106039
0.114814
0.120097
0.116176
0.119911
0.113963
0.106948
0.106617
0.115955
0.128286
0.130659
0.145709
0.148859
0.137498
0.121339
0.124627
0.126350
0.137331
0.136593
0.146663
0.150528
0.160369
0.141407
0.138921
0.135390
0.134511
0.130305
0.121340
0.115432
0.109427
0.111508
0.110576
0.107023
0.118386
0.125932
0.135598
0.127114
0.119443
0.130347
0.129834
0.134701
0.133542
0.127053
0.138032
0.119517
0.125322
0.133180
0.131158
0.127855
0.124223
0.114619
0.108511
0.100879
0.099746
0.094965
0.107108
0.114083
0.122698
0.125491
0.126021
0.136727
0.131075
0.127742
0.139012
0.124627
0.123585
0.131228
0.128740
0.125198
0.118841
0.107745
0.102669
0.095079
0.091186
0.088490
0.097514
0.106128
0.115472
0.121067
0.120172
0.132460
0.127875
0.121049
0.134071
0.116386
0.112838
0.119881
0.112931
0.105279
0.095608
0.087849
0.086378
0.080199
0.078320
0.078611
0.080253
0.085429
0.089371
0.100636
0.089120
0.083745
0.106901
0.096011
0.094472
0.111410
0.125347
0.131430
0.130385
0.131810
0.141375
0.146492
0.146138
0.146312
0.134865
0.126647
0.119792
0.122601
0.119718
0.114272
0.127943
0.137924
0.149186
0.140835
0.132460
0.144988
0.150543
0.164829
0.151851
0.149251
0.159100
0.142969
0.149350
0.158137
0.162203
0.165020
0.167811
0.161642
0.155511
0.159305
0.167362
0.180575
0.188504
0.192306
0.193085
0.210476
0.182716
0.169043
0.156123
0.164899
0.185065
0.164322
0.160778
0.182442
0.154770
0.155056
0.170989
0.169090
0.171826
0.170621
0.170214
0.195970
0.206524
0.194448
0.212981
0.167872
0.154031
0.138964
0.149453
0.155842
0.176222
0.158335
0.162680
0.191919
0.215908
0.123725
0.118681
0.106850
0.107414
0.114350
0.129520
0.136310
0.160755
0.179302
0.206871
0.173904
0.151496
0.163042
0.108523
0.111995
0.130505
0.123728
0.141342
0.150584
0.171552
0.130368
0.087633
0.078558
0.085941
0.082034
0.088715
0.092918
0.104437
0.111900
0.128596
0.114574
0.104011
0.119192
0.071877
0.074342
0.076020
0.072037
0.071986
0.073302
0.077708
0.072414
0.071361
0.072020
0.077026
0.080546
0.082314
0.081851
0.088113
0.090709
0.099180
0.105929
0.105179
0.104120
0.097160
0.088929
0.070671
0.078043
0.085621
0.070147
0.070375
0.072963
0.071267
0.075746
0.080998
0.086170
0.088253
0.089581
0.086277
0.083884
0.084574
0.087047
0.091802
0.095418
0.096768
0.097847
0.106050
0.094552
0.088597
0.087281
0.092135
0.101940
0.095210
0.100988
0.112710
0.107432
0.100766
0.105091
0.110223
0.111162
0.113823
0.108340
0.104273
0.103549
0.107175
0.111923
0.113981
0.119135
0.121663
0.118255
0.110439
0.114410
0.121575
0.135480
0.124077
0.128937
0.147883
0.130924
0.126677
0.137369
0.141460
0.140325
0.142743
0.134366
0.128976
0.125548
0.129127
0.132677
0.132020
0.141926
0.146779
0.144104
0.134950
0.140141
0.149859
0.170073
0.147993
0.148748
0.163649
0.148995
0.146506
0.154431
0.155295
0.153507
0.152400
0.141116
0.140252
0.130123
0.124912
0.121390
0.134822
0.140334
0.154091
0.151582
0.154839
0.170157
0.158310
0.157603
0.170558
0.154641
0.160397
0.171329
0.174644
0.171075
0.167628
0.153469
0.144791
0.134796
0.135323
0.129064
0.122464
0.136707
0.152453
0.163788
0.159104
0.148645
0.172177
0.173498
0.189554
0.184731
0.183704
0.202801
0.185235
0.169547
0.173086
0.162337
0.155410
0.146276
0.140417
0.144743
0.143239
0.137579
0.141254
0.134443
0.135644
0.138471
0.157594
0.148783
0.152839
0.164800
0.166083
0.180633
0.166189
0.157274
0.161286
0.154682
0.146931
0.139734
0.130768
0.133151
0.126980
0.117282
0.113708
0.115580
0.122543
0.124318
0.152631
0.146509
0.155028
0.162492
0.165759
0.179571
0.165006
0.159401
0.164282
0.156611
0.146079
0.138149
0.130587
0.134789
0.130272
0.122065
0.117546
0.120989
0.112429
0.111849
0.108559
0.117054
0.121808
0.155438
0.146457
0.153189
0.167141
0.172747
0.186421
0.175258
0.165570
0.168661
0.162670
0.165676
0.154839
0.158641
0.161218
0.167210
0.172122
0.181191
0.171335
0.164745
0.169256
0.149813
0.144695
0.134134
0.150240
0.141173
0.149834
0.137223
0.132718
0.135031
0.127984
0.132176
0.125858
0.127039
0.127149
0.131779
0.133803
0.141630
0.148709
0.145770
0.144022
0.154199
0.137327
0.131530
0.116936
0.116438
0.117853
0.113915
0.104463
0.109852
0.105499
0.098245
0.098072
0.094327
0.099153
0.095345
0.096944
0.096432
0.099931
0.102937
0.110609
0.116310
0.117401
0.116358
0.108691
0.101835
0.088193
0.088796
0.090669
0.088054
0.080279
0.081367
0.092974
0.094470
0.079878
0.074686
0.080543
0.082482
0.084163
0.084950
0.088019
0.089231
0.095017
0.099931
0.098869
0.098338
0.106295
0.093041
0.087992
0.073848
0.079598
0.082994
0.071680
0.072500
0.073925
0.075092
0.078816
0.083488
0.093794
0.097619
0.106223
0.104022
0.097583
0.102693
0.111818
0.124321
0.129926
0.136549
0.137277
0.127513
0.113778
0.098504
0.111677
0.125720
0.103100
0.106741
0.119245
0.105562
0.111070
0.121403
0.126028
0.123966
0.128157
0.125564
0.120313
0.124563
0.134674
0.146198
0.141355
0.136678
0.149223
0.126448
0.131665
0.145432
0.135768
0.140096
0.154148
0.136495
0.144576
0.156903
0.164857
0.166109
0.176290
0.172917
0.165142
0.175526
0.188941
0.210080
0.221600
0.228143
0.226857
0.209603
0.189179
0.164018
0.178181
0.197985
0.172000
0.171710
0.189163
0.167593
0.170478
0.179555
0.180678
0.177921
0.177316
0.167739
0.162444
0.154710
0.155141
0.150542
0.145210
0.155024
0.164852
0.170172
0.169734
0.163942
0.180088
0.182851
0.196414
0.189894
0.194094
0.209765
0.193597
0.191451
0.200327
0.196567
0.189881
0.184364
0.174691
0.174465
0.167395
0.159843
0.156161
0.161484
0.169165
0.174162
0.192969
0.189554
0.200296
0.202427
0.200189
0.216953
0.199053
0.187859
0.194068
0.181984
0.174751
0.162228
0.152314
0.156166
0.148539
0.135651
0.131004
0.134355
0.142771
0.146498
0.172065
0.162525
0.169149
0.179643
0.176203
0.191257
0.176809
0.162406
0.161297
0.149130
0.143946
0.133029
0.126716
0.131002
0.125883
0.115360
0.112180
0.112319
0.118139
0.119181
0.141703
0.132882
0.137601
0.147165
0.147630
0.158005
0.154843
0.136318
0.135171
0.125407
0.122744
0.114970
0.114451
0.123248
0.124229
0.114172
0.113753
0.124247
0.105138
0.099466
0.097854
0.101945
0.108269
0.121344
0.114272
0.116816
0.126497
0.128893
0.144996
0.138170
0.114808
0.116307
0.110330
0.108457
0.102343
0.098613
0.111142
0.118332
0.110929
0.125875
0.146020
0.128302
0.119449
0.137529
0.104482
0.099550
0.107255
0.104582
0.124166
0.126474
0.134743
0.164338
0.143852
0.114026
0.115620
0.099216
0.089019
0.083710
0.094273
0.104207
0.127882
0.147093
0.177397
0.138658
0.112190
0.118111
0.100119
0.086283
0.088000
0.121572
0.140748
0.175020
0.146138
0.128510
0.138068
0.124256
0.098817
0.097058
0.089281
0.088670
0.086209
0.089405
0.096970
0.094702
0.092066
0.101988
0.142191
0.126423
0.139281
0.169612
0.456557
0.423165
0.455178
0.461596
0.509462
0.539025
0.583274
0.611802
0.635987
0.393582
0.418229
0.353498
0.326004
0.291556
0.206104
0.190120
0.191936
0.213017
0.194728
0.325532
0.335940
0.328485
0.346898
0.371936
0.363555
0.337447
0.291578
0.302308
0.249424
0.215249
0.198529
0.212109
0.179046
0.167433
0.163958
0.215579
0.157585
0.160811
0.157031
0.153660
0.164539
0.207837
0.225719
0.247913
0.152681
0.161695
0.148740
0.151054
0.135489
0.128814
0.143258
0.134934
0.140570
0.139887
0.152327
0.138442
0.134869
0.146288
0.126892
0.127822
0.122437
0.135280
0.128544
0.133095
0.147048
0.177391
0.158638
0.139102
0.149818
0.142477
0.158158
0.162847
0.193190
0.222016
0.281905
0.334467
0.164760
0.181865
0.156559
0.163811
0.169490
0.194625
0.184717
0.159553
0.151125
0.171409
0.175637
0.199699
0.204276
0.188291
0.191563
0.185031
0.208716
0.221948
0.232471
0.253779
0.242018
0.257343
0.296573
0.333880
0.390560
0.437024
0.502370
0.542097
0.565036
0.261671
0.281311
0.273796
0.305769
0.335934
0.380329
0.387620
0.329416
0.335312
0.364977
0.408371
0.439247
0.412665
0.420853
0.444545
0.461270
0.523171
0.458340
0.433615
0.437576
0.437142
0.483646
0.528187
0.557741
0.619286
0.676206
0.749244
0.809081
0.554702
0.577417
0.593198
0.660945
0.735089
0.778812
0.776583
