# RMSF / nm
0.260660
0.243387
0.215172
0.200421
0.190127
0.181015
0.226927
0.217034
0.192954
0.244211
0.261219
0.323754
0.331913
0.261117
0.191508
0.207665
0.193560
0.225565
0.236490
0.290782
0.352655
0.378196
0.225118
0.205778
0.176808
0.201750
0.205107
0.246638
0.270589
0.310084
0.314417
0.354478
0.395785
0.361661
0.329717
0.286588
0.279242
0.160445
0.184581
0.184339
0.139183
0.118047
0.126991
0.110316
0.109603
0.103965
0.097483
0.094037
0.087709
0.082696
0.085744
0.083503
0.077474
0.075900
0.078948
0.075407
0.076647
0.080355
0.078413
0.077957
0.094620
0.089873
0.095101
0.101188
0.099986
0.113393
0.097092
0.095058
0.103404
0.098643
0.095022
0.089518
0.085721
0.092583
0.091110
0.092704
0.113278
0.124945
0.135519
0.131376
0.108262
0.090657
0.094062
0.087567
0.091748
0.101339
0.106915
0.121991
0.112823
0.097777
0.100160
0.087792
0.085827
0.076079
0.070988
0.075763
0.075940
0.071817
0.078692
0.070829
0.070010
0.078282
0.078177
0.074707
0.083187
0.079072
0.074854
0.079231
0.079967
0.071410
0.072554
0.072601
0.074888
0.074852
0.072980
0.074243
0.074091
0.073049
0.076309
0.074205
0.073760
0.078056
0.071073
0.074964
0.084323
0.073426
0.072250
0.079375
0.072737
0.073171
0.078736
0.079415
0.078833
0.077936
0.073521
0.072070
0.070732
0.070907
0.072939
0.073602
0.074605
0.080579
0.077627
0.080568
0.093070
0.083574
0.086000
0.098230
0.086725
0.084252
0.090203
0.085948
0.082684
0.078056
0.072934
0.073749
0.071042
0.067731
0.068387
0.069129
0.071233
0.075855
0.082674
0.080748
0.089751
0.089267
0.093093
0.107074
0.098334
0.086825
0.088772
0.084714
0.081651
0.078109
0.073511
0.074378
0.071124
0.067870
0.066762
0.068599
0.067881
0.069647
0.073525
0.070723
0.069595
0.086293
0.082215
0.087535
0.091895
0.102221
0.108981
0.115686
0.110624
0.123849
0.117776
0.131640
0.142335
0.165567
0.186604
0.224693
0.244994
0.287604
0.234521
0.199425
0.222683
0.113583
0.137031
0.158183
0.105174
0.101760
0.113255
0.099666
0.097554
0.091498
0.087757
0.087224
0.082873
0.077959
0.078694
0.075562
0.072380
0.071150
0.072001
0.073542
0.076480
0.081684
0.077195
0.074823
0.086088
0.085305
0.093131
0.091675
0.092745
0.102782
0.093284
0.089546
0.092746
0.090127
0.087697
0.085699
0.081626
0.080471
0.077791
0.076392
0.074904
0.075067
0.077193
0.081405
0.087076
0.082990
0.079672
0.090136
0.089579
0.096708
0.096894
0.101927
0.115132
0.105995
0.098063
0.101632
0.098807
0.093977
0.091657
0.085227
0.086738
0.082233
0.076544
0.072527
0.073500
0.072540
0.076744
0.080353
0.079357
0.099891
0.098369
0.107965
0.109171
0.115597
0.130640
0.119426
0.111969
0.116999
0.112734
0.107621
0.103811
0.096945
0.098729
0.095921
0.091680
0.092816
0.098051
0.094439
0.096188
0.105244
0.095630
0.092735
0.112098
0.110276
0.120467
0.120440
0.125605
0.138719
0.133106
0.118144
0.117893
0.109626
0.102864
0.097598
0.096223
0.103160
0.103361
0.096969
0.100997
0.092078
0.091263
0.090971
0.111381
0.103829
0.104746
0.119059
0.126503
0.136638
0.131732
0.120531
0.119779
0.119755
0.113241
0.115601
0.112660
0.112817
0.112480
0.112664
0.116133
0.114039
0.114250
0.120160
0.127456
0.126001
0.132693
0.138937
0.146839
0.146757
0.147466
0.161593
0.171306
0.171855
0.161992
0.166237
0.160361
0.155520
0.153452
0.155884
0.157843
0.162126
0.164486
0.174900
0.183436
0.182764
0.193268
0.199085
0.213230
0.231948
0.213194
0.212413
0.220411
0.218577
0.203024
0.201764
0.191224
0.190101
0.185006
0.179709
0.179777
0.180013
0.186839
0.193207
0.226853
0.220389
0.232434
0.245698
0.259433
0.280412
0.257039
0.256953
0.271419
0.270510
0.280120
0.270082
0.280471
0.322226
0.345375
0.319439
0.342310
0.308819
0.297304
0.342486
0.251339
0.247825
0.242399
0.256317
0.260711
0.272796
0.272835
0.242711
0.232334
0.219624
0.211328
0.215187
0.219068
0.228256
0.236872
0.236247
0.248760
0.229546
0.220716
0.220511
0.227626
0.229578
0.236438
0.222242
0.229213
0.241097
0.245077
0.215837
0.212623
0.211333
0.229231
0.230439
0.244669
0.282553
0.298223
0.283178
0.325250
0.346003
0.381871
0.394440
0.492593
0.332042
0.272519
0.198548
0.215767
0.227952
0.186244
0.176246
0.188180
0.171759
0.170920
0.179524
0.177995
0.183834
0.177754
0.171077
0.173040
0.169542
0.164700
0.163401
0.165443
0.164719
0.167183
0.173410
0.168274
0.166581
0.166373
0.170946
0.183349
0.168295
0.160404
0.171871
0.158946
0.151922
0.157540
0.151360
0.152259
0.143369
0.135918
0.137836
0.132840
0.126563
0.122140
0.122335
0.122364
0.126569
0.130291
0.129458
0.139339
0.137746
0.147356
0.141485
0.133047
0.142969
0.133727
0.121798
0.123667
0.114958
0.115048
0.106087
0.101874
0.105640
0.102489
0.095965
0.093218
0.096728
0.089849
0.089419
0.089071
0.093007
0.095689
0.105184
0.101240
0.106527
0.107424
0.105228
0.114746
0.115778
0.092881
0.089313
0.082599
0.084540
0.081102
0.082206
0.089935
0.097402
0.099168
0.112323
0.093095
0.084443
0.087566
0.079775
0.083808
0.094887
0.079414
0.079732
0.087588
0.084608
0.074387
0.073496
0.067272
0.068315
0.065936
0.063876
0.068174
0.067654
0.065665
0.072314
0.064225
0.062533
0.067530
0.064839
0.069654
0.081067
0.064700
0.059691
0.066113
0.065924
0.056497
0.056044
0.053942
0.057139
0.058940
0.062103
0.065159
0.068564
0.068572
0.076330
0.084100
0.081441
0.078434
0.070816
0.065692
0.055567
0.058574
0.066581
0.058465
0.060840
0.065422
0.067314
0.059423
0.060958
0.062690
0.065584
0.068661
0.066956
0.064749
0.068719
0.073578
0.080843
0.078050
0.075672
0.087997
0.065211
0.071644
0.086966
0.076445
0.096254
0.153973
0.141747
0.080396
0.079786
0.075886
0.074289
0.077169
0.071184
0.071099
0.070604
0.067762
0.070652
0.073934
0.076472
0.090073
0.082575
0.086333
0.103021
0.097402
0.101917
0.119607
0.101526
0.099338
0.106433
0.103343
0.099465
0.094513
0.086164
0.084716
0.078657
0.073931
0.071535
0.076748
0.082713
0.088743
0.099675
0.097626
0.107872
0.108144
0.108715
0.121273
0.108977
0.103002
0.105748
0.097387
0.093968
0.085949
0.080909
0.084390
0.081102
0.073797
0.072742
0.072185
0.075520
0.077464
0.092529
0.086319
0.092534
0.100092
0.103851
0.117536
0.109337
0.096229
0.093866
0.084983
0.081429
0.076753
0.076577
0.080671
0.079274
0.073932
0.072143
0.074766
0.070411
0.070629
0.072899
0.071750
0.073073
0.084373
0.078499
0.080781
0.090352
0.098549
0.110587
0.106234
0.093424
0.093550
0.090567
0.086384
0.083926
0.081015
0.082583
0.081824
0.078490
0.077539
0.080227
0.076416
0.077743
0.079898
0.079381
0.078803
0.090189
0.087804
0.093594
0.095491
0.093647
0.103104
0.096570
0.086346
0.088378
0.086290
0.085251
0.085174
0.081614
0.082928
0.080880
0.077829
0.077586
0.081224
0.076738
0.077594
0.079503
0.079106
0.078534
0.085580
0.088012
0.095117
0.088407
0.089145
0.096582
0.096114
0.085593
0.085934
0.081900
0.083241
0.082009
0.083760
0.088089
0.089377
0.085484
0.087052
0.091377
0.086496
0.085016
0.089290
0.083398
0.083104
0.084883
0.084359
0.088841
0.086879
0.091657
0.097407
0.094555
0.097371
0.124644
0.115493
0.118635
0.114188
0.121178
0.117619
0.127268
0.157316
0.207349
0.218591
0.259950
0.258365
0.208897
0.159532
0.109172
0.109812
0.115435
0.113654
0.118665
0.133723
0.128583
0.112833
0.119766
0.117178
0.112850
0.108276
0.100305
0.102765
0.098193
0.093119
0.096751
0.092503
0.094266
0.097334
0.119790
0.114674
0.127256
0.131117
0.108229
0.125878
0.110463
0.102000
0.109979
0.104166
0.102900
0.095586
0.086525
0.087757
0.081900
0.076028
0.072879
0.072148
0.076805
0.081987
0.083820
0.080339
0.096482
0.098421
0.116555
0.107346
0.117545
0.142560
0.124081
0.116165
0.126206
0.132603
0.126703
0.136460
0.137298
0.140380
0.167364
0.199082
0.265876
0.308370
0.303313
0.271430
0.208510
0.175881
0.143973
0.166967
0.237457
0.170485
0.160554
0.194886
0.156754
0.153566
0.171248
0.171142
0.171861
0.170206
0.157628
0.152349
0.148729
0.160203
0.176569
0.177543
0.172018
0.197044
0.158357
0.170070
0.204250
0.171492
0.166653
0.188126
0.160126
0.160467
0.174384
0.172324
0.168707
0.163432
0.150415
0.148959
0.145424
0.145640
0.157208
0.162794
0.178546
0.187076
0.174862
0.152817
0.163558
0.163805
0.185994
0.179467
0.180512
0.203866
0.175267
0.172979
0.182338
0.174583
0.171731
0.157196
0.142873
0.145457
0.134997
0.122926
0.112016
0.112182
0.107541
0.114312
0.115021
0.125708
0.128411
0.159472
0.154153
0.169448
0.167556
0.161363
0.178998
0.160564
0.145810
0.150076
0.138097
0.129110
0.118349
0.112451
0.116880
0.115798
0.109883
0.112712
0.120932
0.112521
0.110029
0.116184
0.108158
0.107785
0.133599
0.124373
0.132590
0.146184
0.154419
0.174277
0.157043
0.148259
0.153737
0.150731
0.141506
0.141800
0.136013
0.132287
0.131934
0.135801
0.141284
0.140213
0.140085
0.148822
0.154106
0.152671
0.164002
0.168081
0.176536
0.194724
0.175195
0.174812
0.183572
0.184463
0.174886
0.177016
0.168281
0.161483
0.157966
0.161778
0.164395
0.168856
0.172456
0.183485
0.189922
0.189687
0.204301
0.206043
0.217146
0.238840
0.213404
0.215152
0.224465
0.222824
0.207786
0.204423
0.190988
0.188575
0.181021
0.177338
0.174506
0.175933
0.177644
0.184767
0.193884
0.188403
0.183759
0.230216
0.216267
0.223640
0.241579
0.262153
0.267718
0.275281
0.268713
0.287923
0.294193
0.286171
0.281334
0.261576
0.249788
0.234821
0.237295
0.230285
0.217049
0.241266
0.257252
0.264800
0.254185
0.294011
0.293892
0.314569
0.312917
0.316635
0.341283
0.311978
0.305701
0.317526
0.307467
0.291091
0.277619
0.259242
0.260692
0.249422
0.234494
0.228555
0.233841
0.246109
0.249980
0.301747
0.289619
0.304562
0.320094
0.323312
0.345327
0.321495
0.309617
0.314877
0.304450
0.288440
0.280677
0.271858
0.274563
0.270297
0.262419
0.261650
0.260010
0.264670
0.266420
0.306284
0.294514
0.302712
0.323105
0.335010
0.355118
0.336918
0.327585
0.332589
0.327662
0.311150
0.309934
0.301248
0.300902
0.297234
0.293164
0.293477
0.293832
0.298266
0.303496
0.335800
0.328323
0.338935
0.354955
0.370782
0.391722
0.370122
0.369013
0.377885
0.375826
0.356973
0.357316
0.346358
0.343452
0.337272
0.333909
0.331724
0.337356
0.343441
0.350100
0.386567
0.379387
0.391546
0.409259
0.427004
0.451243
0.424749
0.424348
0.433802
0.431031
0.409356
0.410627
0.398880
0.397194
0.391539
0.387553
0.387229
0.389378
0.394861
0.400147
0.444322
0.436331
0.448882
0.468520
0.489304
0.511647
0.483000
0.498126
0.522356
0.535058
0.542596
0.533658
0.530697
0.518850
0.522503
0.540128
0.551657
0.552585
0.548571
0.567731
0.520154
0.510223
0.511075
0.540280
0.554082
0.581398
0.560532
0.532900
0.528587
0.512003
0.487508
0.485338
0.473769
0.480458
0.475103
0.461708
0.460180
0.455393
0.461515
0.460318
0.527094
0.514114
0.521028
0.525905
0.550871
0.586450
0.551603
0.537423
0.508369
0.505290
0.515208
0.497777
0.482302
0.493752
0.482292
0.460246
0.444105
0.447326
0.427979
0.429914
0.420215
0.446190
0.460097
0.474234
0.476505
0.498732
0.477959
0.453043
0.464131
0.477143
0.420691
0.410990
0.400420
0.402862
0.386247
0.372893
0.371134
0.359617
0.353351
0.343956
0.338653
0.344963
0.354790
0.358661
0.363492
0.361981
0.377031
0.374511
0.387860
0.376374
0.356866
0.367044
0.349643
0.343382
0.350606
0.341631
0.342844
0.328459
0.316643
0.316640
0.308558
0.301896
0.295513
0.293406
0.295572
0.301966
0.308266
0.307382
0.320921
0.318645
0.331563
0.321964
0.304268
0.316081
0.297912
0.290633
0.298951
0.290262
0.289397
0.277245
0.266162
0.264619
0.258737
0.255412
0.252610
0.252751
0.254169
0.259470
0.265152
0.263033
0.260150
0.272303
0.270463
0.283786
0.276479
0.261352
0.275731
0.255481
0.245714
0.252352
0.240923
0.243539
0.229391
0.216619
0.218762
0.215882
0.210154
0.210773
0.217102
0.209657
0.208643
0.212599
0.209541
0.209806
0.221478
0.223962
0.286163
0.247689
0.226581
0.249210
0.240501
0.226090
0.237088
0.241624
0.242586
0.243481
0.233400
0.218698
0.217559
0.235943
0.247095
0.251764
0.249725
0.270512
0.235717
0.244941
0.267591
0.247312
0.240828
0.255642
0.221963
0.255763
0.282293
0.299170
0.305471
0.316604
0.310256
0.287012
0.290169
0.319268
0.332845
0.341139
0.337887
0.366344
0.287638
0.310786
0.342391
0.294562
0.274166
0.292433
0.255553
0.268970
0.287161
0.284788
0.283385
0.274105
0.257634
0.245727
0.234786
0.236972
0.233810
0.251175
0.260791
0.277340
0.267849
0.271633
0.294648
0.275989
0.264191
0.281705
0.249232
0.258360
0.274285
0.270198
0.264652
0.253965
0.235376
0.228470
0.213324
0.209950
0.198394
0.187950
0.204123
0.219626
0.228540
0.229971
0.224210
0.257168
0.255633
0.275081
0.267968
0.259701
0.281302
0.250333
0.245652
0.258125
0.245947
0.235432
0.218655
0.202472
0.204117
0.191245
0.178879
0.164787
0.161166
0.159432
0.168650
0.167263
0.182669
0.186243
0.231328
0.219893
0.234072
0.244007
0.237534
0.258879
0.236487
0.213245
0.215516
0.193541
0.179247
0.161242
0.151621
0.160376
0.156248
0.141869
0.142895
0.132899
0.137853
0.135086
0.182641
0.162217
0.166778
0.195146
0.200388
0.216287
0.218607
0.173213
0.157228
0.135681
0.130593
0.136988
0.147880
0.165608
0.175635
0.164421
0.171808
0.190474
0.166912
0.154302
0.143316
0.148534
0.140223
0.153236
0.165663
0.122382
0.117199
0.138043
0.110446
0.114353
0.120977
0.115881
0.115720
0.109776
0.103288
0.104701
0.104769
0.102692
0.108673
0.102143
0.102708
0.109008
0.107002
0.109461
0.123997
0.110039
0.103188
0.106750
0.099618
0.105007
0.112298
0.115165
0.116166
0.118016
0.113983
0.109406
0.109618
0.115551
0.121470
0.121962
0.120893
0.131838
0.111786
0.119160
0.134472
0.118025
0.103419
0.112214
0.099745
0.103892
0.112938
0.114749
0.116838
0.114798
0.109338
0.108093
0.111031
0.116227
0.126342
0.120049
0.117337
0.130734
0.108621
0.110832
0.123852
0.117586
0.117014
0.131615
0.118614
0.111500
0.105609
0.096981
0.092672
0.085548
0.081049
0.083702
0.082992
0.079544
0.082854
0.077452
0.077490
0.078896
0.097677
0.088752
0.092521
0.106594
0.114267
0.122665
0.107249
0.130198
0.136243
0.156892
0.180463
0.198381
0.221258
0.236289
0.269621
0.276608
0.316443
0.350863
0.325016
0.300741
0.326487
0.262485
0.249688
0.165245
0.197900
0.230893
0.174205
0.188087
0.226997
0.227215
0.159720
0.119556
0.106319
0.102229
0.090224
0.088417
0.090274
0.096441
0.099507
0.115278
0.128973
0.125822
0.121146
0.107339
0.095588
0.100870
0.094268
0.101327
0.106451
0.115678
0.134446
0.117889
0.121480
0.121624
0.131596
0.154115
0.157575
0.182950
0.201082
0.239932
0.258433
0.297591
0.244375
0.212376
0.229206
0.124937
0.144920
0.171645
0.128803
0.121183
0.132434
0.132637
0.112173
0.114772
0.112504
0.115221
0.105065
0.098941
0.103806
0.112351
0.105786
0.116592
0.129137
0.130045
0.140719
0.174722
0.128708
0.106025
0.101243
0.103638
0.117870
0.115730
0.124514
0.153315
0.124687
0.125142
0.133114
0.132427
0.133515
0.135815
0.137399
0.135623
0.143991
0.156477
0.172024
0.161547
0.152794
0.168801
0.129679
0.135365
0.145982
0.134239
0.134653
0.151133
0.139703
0.129347
0.137228
0.134685
0.135896
0.134434
0.129972
0.133105
0.133259
0.132369
0.139339
0.135169
0.133001
0.141817
0.131965
0.137255
0.151765
0.141083
0.142624
0.160106
0.143470
0.134647
0.143532
0.141422
0.138081
0.134730
0.123595
0.117254
0.112617
0.115909
0.119114
0.119559
0.128987
0.135208
0.148244
0.133288
0.123095
0.135686
0.138308
0.153775
0.144492
0.140007
0.156289
0.134895
0.135835
0.148449
0.148536
0.145788
0.140834
0.125682
0.117244
0.109137
0.112691
0.113816
0.111812
0.125754
0.135677
0.151162
0.135324
0.123343
0.140733
0.144740
0.163722
0.150508
0.146095
0.163146
0.138261
0.144556
0.159440
0.161340
0.155661
0.154341
0.139549
0.127635
0.118661
0.122753
0.120847
0.135482
0.143499
0.159111
0.156888
0.161740
0.181838
0.169305
0.167716
0.187241
0.159180
0.165095
0.179783
0.178475
0.169897
0.164170
0.147865
0.139336
0.129486
0.127839
0.126601
0.137197
0.147100
0.159934
0.173451
0.172721
0.191069
0.188018
0.187956
0.211525
0.183665
0.177417
0.188036
0.179100
0.165159
0.156463
0.141874
0.139485
0.133460
0.129599
0.133073
0.133234
0.139055
0.149790
0.176153
0.167368
0.181577
0.193054
0.197342
0.219200
0.190086
0.195483
0.211870
0.214509
0.204759
0.204264
0.188067
0.175881
0.169080
0.177119
0.182017
0.180681
0.197359
0.207631
0.226806
0.204898
0.188889
0.215234
0.217621
0.240657
0.234972
0.239356
0.266938
0.229816
0.234217
0.251014
0.247737
0.232460
0.227713
0.208826
0.199460
0.188519
0.187256
0.185600
0.197827
0.208559
0.223457
0.245932
0.242379
0.264105
0.267265
0.273071
0.300954
0.263333
0.269450
0.288040
0.286168
0.268919
0.269025
0.250909
0.238997
0.230508
0.235383
0.236850
0.247559
0.254931
0.272397
0.288009
0.286642
0.310152
0.310923
0.320935
0.346559
0.307316
0.327894
0.350923
0.358545
0.341707
0.345546
0.322844
0.303536
0.289930
0.301689
0.301570
0.289761
0.323957
0.343368
0.368057
0.343739
0.322385
0.365585
0.369217
0.396024
0.391342
0.404190
0.433699
0.387865
0.411012
0.435954
0.441381
0.417518
0.418876
0.391950
0.373819
0.353532
0.352272
0.337777
0.371170
0.390818
0.411961
0.449431
0.448007
0.476804
0.480904
0.493705
0.529886
0.474317
0.493877
0.519384
0.517420
0.487294
0.482346
0.451622
0.439307
0.416779
0.405272
0.391220
0.418650
0.441516
0.456460
0.523365
0.513816
0.542145
0.558476
0.575223
0.606764
0.550943
0.592228
0.619870
0.644810
0.665460
0.662612
0.666838
0.649298
0.659308
0.689340
0.706340
0.706064
0.696191
0.719614
0.626441
0.626615
0.632373
0.650918
0.654888
0.691645
0.654377
0.620275
0.617857
0.586420
0.554282
0.537436
0.521911
0.540096
0.531570
0.502471
0.497708
0.484630
0.494554
0.483100
0.591252
0.567754
0.561650
0.582465
0.613635
0.656714
0.604017
0.610437
0.579478
0.588739
0.607483
0.597878
0.583008
0.605957
0.592256
0.555525
0.529777
0.536012
0.498404
0.495460
0.470165
0.521324
0.549663
0.555887
0.571474
0.601004
0.557641
0.525547
0.536433
0.544384
0.490926
0.483715
0.482461
0.479881
0.462524
0.430832
0.414521
0.390004
0.390241
0.373819
0.354477
0.387168
0.414067
0.429359
0.429309
0.415925
0.456269
0.459189
0.491000
0.467197
0.443826
0.467772
0.417037
0.433661
0.458685
0.450138
0.439652
0.419492
0.387191
0.376149
0.349790
0.333129
0.310401
0.344875
0.372102
0.386442
0.425150
0.419828
0.448376
0.440039
0.420250
0.448341
0.397705
0.402746
0.424144
0.408711
0.395552
0.370260
0.340278
0.333940
0.307849
0.294744
0.269335
0.252412
0.270085
0.293545
0.297955
0.316749
0.315568
0.382512
0.369869
0.393996
0.398381
0.379874
0.408933
0.357408
0.363512
0.382075
0.367009
0.349279
0.327646
0.296793
0.287778
0.262628
0.254144
0.234588
0.219311
0.241476
0.264623
0.276157
0.282251
0.275896
0.346796
0.333979
0.359057
0.367637
0.360070
0.389546
0.347416
0.339676
0.352288
0.331507
0.307150
0.285934
0.261902
0.263393
0.245774
0.224406
0.211524
0.223448
0.242647
0.247540
0.325322
0.302032
0.315168
0.349429
0.392024
0.441711
0.452928
0.336783
0.311426
0.304468
0.341309
0.370039
0.412288
0.446396
0.499495
0.504149
0.566229
0.627810
0.585623
0.543638
0.477086
0.456916
0.281206
0.345239
0.409856
0.275741
0.234298
0.219205
0.244649
0.231510
0.231272
0.211062
0.215516
0.210847
0.232420
0.257050
0.302088
0.318802
0.374241
0.297469
0.255931
0.260737
0.199504
0.210700
0.245310
0.208515
0.192652
0.189765
0.188551
0.198918
0.213041
0.209790
0.205638
0.190544
0.175174
0.178145
0.167480
0.154787
0.143476
0.142938
0.139355
0.146686
0.148970
0.157638
0.160389
0.196485
0.191348
0.205932
0.209353
0.208633
0.229965
0.205036
0.195003
0.198855
0.189483
0.177400
0.173630
0.170929
0.175243
0.180342
0.180339
0.193366
0.178415
0.173765
0.181316
0.194074
0.186751
0.195661
0.210859
0.203208
0.234594
0.196983
0.189092
0.204221
0.202360
0.187594
0.190518
0.198581
0.224818
0.262718
0.261236
0.312455
0.368299
0.308298
0.259387
0.270318
0.215486
0.217254
0.212528
0.218611
0.258613
0.238486
0.249790
0.250401
0.270796
0.253492
0.262353
0.274067
0.294920
0.295531
0.290975
0.276545
0.280806
0.299500
0.317722
0.318421
0.342411
0.348768
0.332622
0.307420
0.261460
0.282718
0.304912
0.263745
0.237954
0.257676
0.224133
0.229528
0.244187
0.240963
0.237870
0.223993
0.204590
0.201222
0.185065
0.175929
0.159977
0.150489
0.160454
0.176232
0.180352
0.190970
0.189184
0.227391
0.225069
0.243108
0.237767
0.227647
0.247119
0.215883
0.216420
0.229325
0.219471
0.208366
0.193092
0.173369
0.172367
0.158407
0.143115
0.132892
0.144511
0.160202
0.166329
0.206622
0.198797
0.215402
0.219403
0.211735
0.232652
0.203605
0.197791
0.206257
0.193169
0.178361
0.165970
0.152776
0.155863
0.147468
0.134087
0.130671
0.131680
0.141126
0.143198
0.187533
0.174492
0.185200
0.201881
0.206732
0.222761
0.209746
0.194285
0.193835
0.182154
0.170280
0.163187
0.154257
0.143975
0.141276
0.150604
0.157482
0.156985
0.171247
0.177871
0.194556
0.172588
0.158667
0.182222
0.174772
0.174889
0.179650
0.188542
0.201025
0.189105
0.186683
0.193625
0.187416
0.179919
0.170341
0.160383
0.160844
0.153443
0.146422
0.138927
0.138003
0.136262
0.142450
0.143535
0.150318
0.151178
0.182872
0.175962
0.185271
0.194734
0.195282
0.217532
0.190912
0.182476
0.189886
0.182214
0.174347
0.167801
0.161403
0.163059
0.159740
0.155061
0.154058
0.157079
0.154672
0.156538
0.161677
0.157847
0.156592
0.174956
0.168157
0.177358
0.184098
0.178999
0.198767
0.170566
0.171983
0.184509
0.181187
0.189834
0.184801
0.182400
0.199279
0.199112
0.182471
0.184820
0.168021
0.166492
0.155771
0.158577
0.167287
0.181576
0.153766
0.130339
0.144460
0.130298
0.115250
0.104713
0.099601
0.103022
0.109737
0.123432
0.135619
0.155055
0.163495
0.185662
0.151983
0.133367
0.135055
0.106442
0.114182
0.124706
0.107018
0.108105
0.120178
0.120297
0.092454
0.088673
0.078180
0.078564
0.074217
0.077769
0.082693
0.090507
0.094435
0.107717
0.093084
0.084067
0.089296
0.072859
0.071033
0.069563
0.069585
0.072788
0.071740
0.081588
0.076745
0.074536
0.077012
0.085525
0.089813
0.096383
0.104507
0.109628
0.104438
0.106420
0.112053
0.104924
0.100853
0.097291
0.098556
0.077853
0.085335
0.086626
0.074454
0.075304
0.076334
0.074737
0.086765
0.091925
0.096910
0.098997
0.100862
0.098899
0.102530
0.104467
0.101979
0.105330
0.110626
0.105923
0.104563
0.109987
0.101543
0.099569
0.097789
0.103164
0.111852
0.104681
0.108911
0.118740
0.125967
0.109933
0.117500
0.131933
0.138622
0.143885
0.141304
0.139119
0.140485
0.143351
0.148265
0.151821
0.153533
0.154015
0.149996
0.144119
0.137508
0.152905
0.168746
0.142049
0.144266
0.155155
0.144642
0.142821
0.148917
0.150864
0.151359
0.151785
0.145924
0.143106
0.140577
0.142010
0.144033
0.143635
0.150354
0.153813
0.151994
0.145734
0.148099
0.155418
0.170583
0.152350
0.151780
0.162698
0.152056
0.150090
0.156363
0.156458
0.153499
0.152123
0.142264
0.141743
0.134267
0.129399
0.126323
0.134916
0.139890
0.148301
0.153835
0.156118
0.171005
0.161390
0.160018
0.171763
0.158048
0.158507
0.166042
0.164883
0.163355
0.158400
0.148690
0.144514
0.137712
0.135845
0.131152
0.128311
0.134823
0.144738
0.151093
0.149809
0.143889
0.159915
0.159247
0.171106
0.168134
0.168941
0.185009
0.172515
0.159815
0.163852
0.156670
0.151833
0.144349
0.135665
0.136272
0.128869
0.121185
0.118462
0.122369
0.129179
0.132806
0.152707
0.147692
0.155463
0.160204
0.161583
0.174947
0.163050
0.153321
0.155989
0.146559
0.138666
0.130835
0.124051
0.126977
0.122575
0.114889
0.113677
0.113937
0.118172
0.120706
0.145466
0.137359
0.142760
0.155821
0.164717
0.180751
0.170062
0.156057
0.157176
0.150933
0.140437
0.137903
0.134082
0.139508
0.137946
0.130393
0.128559
0.134058
0.123107
0.119667
0.116477
0.122263
0.127378
0.156819
0.148785
0.154313
0.171793
0.179783
0.204174
0.184710
0.167050
0.170417
0.162385
0.168414
0.164316
0.173464
0.178860
0.200773
0.220403
0.249179
0.214626
0.192155
0.200995
0.150172
0.158790
0.175005
0.147705
0.134268
0.142724
0.136924
0.125061
0.126075
0.120805
0.123694
0.116465
0.114656
0.117340
0.117983
0.117305
0.124757
0.131835
0.130502
0.126583
0.137613
0.119120
0.115120
0.111544
0.110462
0.115065
0.111515
0.104677
0.109752
0.103666
0.099846
0.102433
0.099439
0.100998
0.094810
0.091188
0.093145
0.092449
0.092999
0.103282
0.108956
0.117443
0.117380
0.103378
0.092913
0.092405
0.090813
0.098230
0.095456
0.093236
0.103738
0.095767
0.089488
0.087098
0.082384
0.083912
0.083142
0.085919
0.088440
0.092243
0.092431
0.098194
0.103850
0.100285
0.097597
0.103552
0.092313
0.089378
0.082939
0.082696
0.084555
0.084774
0.086030
0.093175
0.089442
0.092868
0.091911
0.092730
0.093621
0.096862
0.094398
0.091082
0.093926
0.098878
0.106555
0.110628
0.113951
0.113868
0.107518
0.099572
0.094998
0.100491
0.113764
0.102479
0.109632
0.123443
0.113061
0.110476
0.116819
0.118080
0.114599
0.118310
0.115840
0.113148
0.114866
0.120001
0.126797
0.124750
0.122391
0.131447
0.122074
0.124566
0.133739
0.131298
0.140878
0.156814
0.149765
0.132901
0.133794
0.134691
0.133531
0.142751
0.146607
0.148754
0.161566
0.167126
0.186421
0.200362
0.200276
0.196145
0.177681
0.161446
0.140618
0.148138
0.158976
0.148300
0.155336
0.170556
0.156009
0.155655
0.163217
0.165592
0.161332
0.162014
0.154547
0.151383
0.145665
0.145113
0.141877
0.138920
0.145390
0.152439
0.156839
0.155709
0.151354
0.168587
0.170697
0.182560
0.179586
0.186241
0.202434
0.187003
0.183256
0.189959
0.186432
0.180994
0.176859
0.169910
0.169435
0.164361
0.159473
0.157296
0.161358
0.166782
0.171737
0.183917
0.181323
0.190189
0.191932
0.191066
0.205200
0.192099
0.181396
0.184487
0.175601
0.173175
0.165618
0.160961
0.163385
0.160415
0.154598
0.154458
0.154132
0.157501
0.161386
0.168225
0.164055
0.169445
0.170952
0.167160
0.177918
0.170759
0.155326
0.153821
0.142151
0.141851
0.131942
0.128703
0.135748
0.135096
0.125960
0.127036
0.119809
0.121630
0.120823
0.132013
0.126327
0.130319
0.132261
0.131653
0.139800
0.143554
0.121535
0.117580
0.110336
0.111167
0.108294
0.113442
0.121045
0.126673
0.122494
0.128697
0.139580
0.125548
0.116906
0.118019
0.111776
0.114473
0.109000
0.105617
0.103868
0.111646
0.116327
0.129550
0.124642
0.107274
0.105445
0.098465
0.100289
0.098580
0.104062
0.113617
0.121555
0.116689
0.125313
0.139680
0.120521
0.109962
0.112106
0.103140
0.106029
0.096602
0.095597
0.097683
0.099960
0.106984
0.117989
0.116989
0.103708
0.099758
0.100781
0.104177
0.114934
0.125086
0.128756
0.141317
0.151541
0.167133
0.151408
0.139226
0.149104
0.114235
0.119820
0.121085
0.120449
0.138485
0.156689
0.158565
0.129075
0.126592
0.115951
0.109914
0.105121
0.118484
0.134463
0.157873
0.165935
0.195964
0.154088
0.129800
0.130419
0.120962
0.108195
0.134956
0.156841
1.353853
1.291135
1.221884
1.234569
1.165471
1.109205
1.096752
1.089206
1.108252
1.123780
1.150163
1.164688
1.186333
1.054596
1.048501
1.033226
0.996885
1.034750
1.068142
1.128698
1.175731
1.230754
1.251162
1.288116
0.911135
0.878796
0.891863
0.956684
0.933528
0.858347
0.822618
0.764922
0.738447
0.769042
0.742390
0.822042
0.839712
0.858992
0.907118
0.921015
0.880550
0.653712
0.650461
0.609598
0.547200
0.597782
0.644399
0.657009
0.453804
0.465263
0.392670
0.334756
0.367160
0.406448
0.465360
0.522694
0.589484
0.617542
0.665132
0.274313
0.271279
0.270800
0.248575
0.219863
0.217759
0.212138
0.197758
0.215823
0.187105
0.184489
0.192571
0.194957
0.211480
0.192245
0.203946
0.188530
0.194163
0.205804
0.236018
0.285829
0.338628
0.184481
0.173137
0.195139
0.192436
0.215544
0.223683
0.243566
0.252516
0.178226
0.181659
0.167335
0.169392
0.162937
0.150741
0.156618
0.160251
0.156661
0.172191
0.181532
0.186948
0.238346
0.219440
0.197139
0.209432
0.204854
0.222652
0.241000
0.266585
0.308369
0.297336
0.219980
0.242268
0.200762
0.199847
0.203320
0.210939
0.218153
0.241036
0.252599
0.235779
0.186959
0.175208
0.194756
0.216402
0.230592
0.210388
0.190760
0.175145
0.175970
0.171318
0.161820
0.168608
0.192520
0.250731
0.281386
0.274914
0.239268
0.154387
0.151082
0.157106
0.155245
0.143486
0.140963
0.142249
0.134842
0.123109
0.126019
0.116688
0.109029
0.108313
0.123230
0.104104
0.107146
0.118147
0.165302
0.181616
0.228601
0.214195
0.105576
0.115236
0.099833
0.101347
0.105348
0.111559
0.107687
0.116012
0.123987
0.127079
0.142946
0.206470
0.287813
0.372698
0.311866
0.120833
0.135997
0.116408
0.123495
0.123270
0.144622
0.161045
0.160210
0.167562
0.199919
0.213003
0.190467
0.194013
0.177681
0.238068
0.265122
0.319244
0.393542
0.455703
0.468209
0.529228
0.585606
0.561111
0.245406
0.257267
0.278126
0.334985
0.364608
0.396779
0.395961
0.462918
0.472314
0.467017
0.489515
0.473226
0.473159
0.503349
0.472305
0.541992
0.596950
0.580950
0.525420
0.470714
0.463859
0.459802
0.487068
0.500688
0.517597
0.531084
0.561347
0.431051
0.441139
0.411150
0.392444
0.418096
0.436511
0.487254
0.537347
0.523965
0.464209
0.330908
0.297491
0.343442
0.417183
0.443554
0.384069
0.316326
0.272954
0.310114
0.239088
0.208689
0.202653
0.216677
0.186787
0.184035
0.168558
0.176459
0.196279
0.201860
0.205711
0.220636
0.242656
0.275434
0.290155
0.316812
0.208980
0.218213
0.192667
0.182772
0.194212
0.185789
0.228689
0.244145
0.259287
0.256242
0.274088
0.280080
0.266187
0.279666
0.277759
0.305824
0.316999
0.344800
0.352671
0.342477
0.354014
0.380626
0.387935
0.333236
0.355392
0.337552
0.365098
0.372357
0.404640
0.426256
0.471540
0.512249
0.367651
0.348849
0.398757
0.413456
0.433695
0.442382
0.449751
0.436715
0.453854
0.444305
0.474305
0.482199
0.456488
0.430986
0.414283
0.418993
0.403601
0.392362
0.390671
0.411175
0.386044
0.393564
0.409491
0.422988
0.460429
0.493239
0.539937
0.567387
0.598802
0.388409
0.389164
0.413103
0.438904
0.483165
0.523856
0.518185
0.446871
0.445139
0.481195
0.515192
0.562809
0.617614
0.656729
0.720725
0.742327
0.811257
0.708920
0.649335
0.538839
0.554869
0.564823
0.607508
0.626406
0.676799
0.725963
0.788385
0.849496
0.653346
0.677580
0.691840
0.756810
0.807557
0.840674
0.839563
0.383524
0.344555
0.358163
0.336326
0.361322
0.359736
0.341460
0.365766
0.346430
0.339550
0.304151
0.299171
0.295320
0.283645
0.321631
0.348610
0.251869
0.259237
0.240496
0.224869
0.198127
0.195160
0.187435
0.168037
0.163800
0.167115
0.161690
0.129898
0.119362
0.122714
0.132078
0.173766
0.195854
0.160225
0.167953
0.160380
0.223413
0.225389
0.249871
0.252620
0.177477
0.187373
0.207216
0.226837
0.266577
0.311372
0.298999
0.322886
0.233258
0.248663
0.239338
0.257143
0.300282
0.346745
0.388776
0.447249
0.452672
0.523696
0.544239
0.497075
0.418808
0.392247
0.241768
0.233174
0.249227
0.274442
0.292584
0.262260
0.245109
0.255798
0.278032
0.251199
0.268093
0.262464
0.271112
0.286064
0.312912
0.314349
0.290791
0.318815
0.290769
0.314108
0.314485
0.336193
0.354334
0.386897
0.417252
0.335571
0.377716
0.329926
0.359260
0.343889
0.376747
0.419557
0.482752
0.485741
0.424773
0.419768
0.454670
0.447366
0.521965
0.563191
0.549294
0.606074
0.571029
0.577674
0.632328
0.704494
0.721537
0.765340
0.699765
0.722185
0.762765
0.806195
0.863991
0.904927
0.959807
0.986161
1.013742
0.664395
0.676207
0.619704
0.572209
0.552404
0.550684
0.575917
0.516856
0.497395
0.472909
0.430126
0.415733
0.388411
0.370961
0.380702
0.371909
0.498126
0.510231
0.496048
0.503977
0.529100
0.505274
0.505157
0.511985
0.518725
0.521545
0.480785
0.499234
0.460307
0.448290
0.411313
0.395600
0.405337
0.378372
0.387623
0.388164
0.404016
0.407513
0.373244
0.351762
0.398921
0.402685
0.444578
0.471966
0.487050
0.527161
0.380143
0.411986
0.359875
0.355269
0.325143
0.325834
0.307849
0.288148
0.292709
0.264932
0.264813
0.252814
0.266656
0.257470
0.231426
0.232468
0.227517
0.240216
0.224066
0.232527
0.268322
0.328976
0.288442
0.330858
0.209080
0.219569
0.184230
0.163409
0.169147
0.199145
0.248570
0.285327
0.276794
0.280143
0.247251
0.139716
0.144139
0.127078
0.115860
0.119596
0.146149
0.144618
0.120854
0.134350
0.129172
