# RMSF / nm
0.476330
0.445121
0.370825
0.444089
0.441614
0.553376
0.608477
0.716117
0.737170
0.842943
0.948448
0.855600
0.765254
0.655757
0.643937
0.294094
0.375245
0.371204
0.220482
0.171386
0.184504
0.257782
0.136683
0.121618
0.100356
0.108013
0.098691
0.111379
0.127746
0.138559
0.130411
0.141162
0.158401
0.142359
0.132546
0.117620
0.116180
0.083738
0.091634
0.090636
0.073781
0.063550
0.069696
0.063557
0.063713
0.062084
0.060945
0.058332
0.057486
0.056372
0.056899
0.057119
0.056536
0.059347
0.062747
0.061944
0.061001
0.066426
0.059387
0.056574
0.061322
0.059878
0.065639
0.069504
0.074345
0.086991
0.076064
0.072127
0.075015
0.073318
0.072306
0.070000
0.067876
0.067617
0.067285
0.069286
0.077770
0.082377
0.090205
0.092077
0.083121
0.071504
0.071711
0.067966
0.070747
0.078164
0.084294
0.094055
0.090838
0.084418
0.085680
0.083614
0.081778
0.080252
0.075294
0.074994
0.073018
0.072019
0.074582
0.073959
0.075035
0.080610
0.084730
0.084185
0.092665
0.092383
0.093697
0.102817
0.098252
0.092008
0.094137
0.092728
0.090065
0.086896
0.082468
0.084490
0.082175
0.077133
0.077183
0.075940
0.078687
0.080914
0.094918
0.093763
0.101479
0.102440
0.107920
0.121474
0.112719
0.101657
0.103491
0.097801
0.093143
0.089079
0.083924
0.086261
0.083264
0.077465
0.076971
0.076758
0.079785
0.082473
0.096130
0.093442
0.102564
0.102528
0.106296
0.118945
0.112984
0.100004
0.102329
0.097698
0.094118
0.090469
0.084334
0.086299
0.083537
0.078096
0.078631
0.077519
0.080559
0.084058
0.096473
0.095777
0.107377
0.102661
0.106638
0.120289
0.112612
0.099554
0.102447
0.098002
0.094323
0.089595
0.083916
0.086345
0.082498
0.077061
0.073972
0.075598
0.072423
0.074035
0.075419
0.077032
0.078107
0.097460
0.094278
0.105110
0.110125
0.127205
0.167037
0.170717
0.122834
0.127378
0.130685
0.153685
0.169595
0.216076
0.242962
0.308488
0.347671
0.412376
0.319715
0.260030
0.267168
0.134131
0.158376
0.187439
0.131256
0.129611
0.145108
0.134201
0.118389
0.131344
0.114838
0.111264
0.100680
0.098375
0.105933
0.105026
0.095655
0.093624
0.100306
0.087092
0.083369
0.080861
0.086023
0.091683
0.107155
0.098969
0.103099
0.112419
0.113913
0.126008
0.118945
0.104655
0.104557
0.094345
0.091449
0.084177
0.083133
0.090245
0.094536
0.089963
0.098016
0.109989
0.098471
0.092514
0.101480
0.085308
0.083414
0.090318
0.085129
0.093048
0.098672
0.107883
0.124420
0.120551
0.100159
0.102462
0.100846
0.098880
0.097924
0.093754
0.094774
0.094636
0.092677
0.094797
0.099014
0.098068
0.099126
0.097265
0.093119
0.102140
0.104817
0.116512
0.110895
0.114893
0.132787
0.118038
0.108925
0.116028
0.111834
0.105916
0.101366
0.094427
0.094468
0.091438
0.088191
0.088370
0.092047
0.091094
0.095273
0.105492
0.096023
0.091107
0.110563
0.106828
0.117294
0.121613
0.127995
0.144551
0.133665
0.120918
0.124391
0.115265
0.108265
0.103256
0.102551
0.106785
0.108007
0.105520
0.110623
0.103240
0.101216
0.102712
0.115450
0.107212
0.107694
0.123548
0.130986
0.140803
0.135825
0.125289
0.123425
0.124127
0.120626
0.124149
0.124254
0.124497
0.127088
0.130493
0.136524
0.131190
0.128351
0.133628
0.132478
0.132673
0.137287
0.141817
0.149046
0.148062
0.149355
0.164136
0.196631
0.214156
0.215326
0.237952
0.235356
0.216117
0.224924
0.251486
0.267619
0.270596
0.263758
0.291050
0.233031
0.254152
0.284303
0.258628
0.275337
0.312220
0.261365
0.279682
0.308985
0.313271
0.294383
0.293262
0.266452
0.247723
0.233528
0.237498
0.237238
0.255224
0.270542
0.294826
0.311695
0.310826
0.346795
0.341848
0.355402
0.390791
0.345872
0.353085
0.376031
0.376803
0.397845
0.386940
0.413658
0.441070
0.477642
0.487377
0.526387
0.462989
0.429314
0.430647
0.348216
0.348226
0.351842
0.363786
0.383016
0.408479
0.414050
0.376051
0.369575
0.374576
0.388120
0.427838
0.463563
0.460814
0.508963
0.560031
0.617852
0.565129
0.517387
0.536139
0.405692
0.434761
0.478479
0.419240
0.429334
0.453661
0.468392
0.385601
0.359851
0.318114
0.301736
0.279039
0.285166
0.303796
0.332958
0.334087
0.381160
0.425481
0.394941
0.368443
0.407446
0.324289
0.306357
0.301057
0.274508
0.287060
0.322351
0.322861
0.356219
0.332716
0.292560
0.299504
0.274545
0.260467
0.235968
0.227038
0.241643
0.243553
0.227520
0.235994
0.257418
0.234369
0.227466
0.245714
0.219616
0.218302
0.256778
0.234909
0.245179
0.270740
0.264185
0.292933
0.271605
0.228834
0.229910
0.204814
0.195980
0.179029
0.177515
0.190547
0.200593
0.192943
0.209758
0.233885
0.216458
0.206959
0.189627
0.181020
0.185418
0.174215
0.185324
0.192048
0.185146
0.207080
0.203966
0.164997
0.155134
0.142476
0.145507
0.132342
0.127717
0.133686
0.129542
0.119682
0.114093
0.117010
0.107874
0.107161
0.103183
0.113239
0.118887
0.127824
0.124668
0.133859
0.129805
0.123269
0.134602
0.133335
0.110309
0.108779
0.103717
0.104707
0.101411
0.096601
0.105112
0.107344
0.101673
0.109555
0.094239
0.091626
0.092683
0.101446
0.106081
0.124351
0.103492
0.106179
0.114933
0.113810
0.102482
0.105113
0.103892
0.102797
0.100272
0.096140
0.098710
0.100660
0.101355
0.110125
0.099894
0.097864
0.105547
0.105912
0.103264
0.114997
0.108960
0.113181
0.119349
0.142090
0.135009
0.116724
0.085843
0.084771
0.108339
0.137269
0.166987
0.196270
0.190575
0.222178
0.260557
0.225052
0.195435
0.158209
0.156431
0.085218
0.115089
0.153116
0.110286
0.088777
0.095629
0.092076
0.090625
0.130524
0.117147
0.115863
0.122144
0.126279
0.130229
0.147563
0.163752
0.193496
0.168887
0.150119
0.171407
0.123811
0.132965
0.155068
0.140980
0.136696
0.149587
0.144347
0.171372
0.216535
0.186577
0.178940
0.156327
0.146720
0.157183
0.159415
0.150602
0.163656
0.142919
0.140444
0.146199
0.158795
0.146465
0.163062
0.160159
0.146264
0.156825
0.156518
0.123472
0.119802
0.103525
0.101950
0.091517
0.090836
0.098901
0.102849
0.098781
0.106883
0.092062
0.087752
0.086601
0.092698
0.087930
0.095165
0.095334
0.091891
0.104299
0.097150
0.081058
0.079755
0.072780
0.073766
0.069841
0.069264
0.071813
0.072583
0.070541
0.074075
0.069735
0.069109
0.072536
0.069141
0.068726
0.073868
0.071375
0.070396
0.079700
0.072183
0.069435
0.071320
0.070007
0.069433
0.068993
0.066987
0.066967
0.066314
0.065559
0.066771
0.069163
0.068889
0.070060
0.074629
0.069384
0.066595
0.069303
0.070509
0.076386
0.072504
0.073963
0.082463
0.075304
0.074789
0.078868
0.078605
0.077977
0.076146
0.071712
0.070733
0.069207
0.068593
0.069202
0.070868
0.071735
0.074291
0.079544
0.074244
0.070692
0.076307
0.078021
0.087011
0.079635
0.076284
0.082207
0.076815
0.073350
0.076322
0.073659
0.075687
0.071220
0.069104
0.070117
0.069865
0.067830
0.069048
0.072471
0.070323
0.071033
0.074816
0.070345
0.068108
0.068468
0.068286
0.075026
0.070586
0.068542
0.073719
0.069699
0.070422
0.070435
0.068503
0.068942
0.067822
0.064141
0.062867
0.061555
0.061234
0.061754
0.062418
0.065103
0.067190
0.072306
0.066933
0.063395
0.067274
0.071455
0.083029
0.072952
0.072160
0.070281
0.076990
0.078527
0.090238
0.087981
0.092973
0.090462
0.098865
0.111680
0.123228
0.126239
0.155867
0.172230
0.184321
0.181297
0.148114
0.118945
0.085800
0.090224
0.103345
0.091352
0.095134
0.111895
0.103819
0.089378
0.096004
0.092042
0.092197
0.087745
0.084616
0.094060
0.093418
0.088259
0.096875
0.085035
0.080839
0.085984
0.089141
0.089094
0.100687
0.098005
0.090864
0.110005
0.107572
0.085912
0.083038
0.081221
0.083440
0.080263
0.075850
0.075199
0.070480
0.068219
0.067123
0.066099
0.071703
0.074916
0.075891
0.072364
0.077619
0.079435
0.087285
0.082873
0.087228
0.104231
0.091995
0.083039
0.087089
0.086093
0.086504
0.083091
0.082656
0.091331
0.090482
0.081925
0.084520
0.087295
0.095478
0.101193
0.093128
0.082384
0.084017
0.081145
0.084949
0.092009
0.097651
0.110023
0.100767
0.100553
0.105457
0.093429
0.090637
0.081399
0.077017
0.084728
0.084085
0.075506
0.079965
0.077780
0.078061
0.091743
0.087816
0.080752
0.085467
0.092242
0.094013
0.102780
0.100488
0.088058
0.088350
0.086690
0.088214
0.085170
0.080094
0.081223
0.079903
0.076353
0.077879
0.083727
0.079978
0.081415
0.081187
0.077380
0.082398
0.083872
0.096565
0.088694
0.091805
0.104412
0.094797
0.092009
0.100788
0.095051
0.090132
0.085670
0.080262
0.081465
0.080601
0.077069
0.077404
0.081926
0.076870
0.077380
0.080490
0.078679
0.077387
0.093143
0.090211
0.099964
0.103772
0.109816
0.126615
0.112286
0.104374
0.108018
0.103889
0.097245
0.094742
0.090591
0.089948
0.089056
0.089184
0.092368
0.096120
0.095481
0.095579
0.101436
0.093438
0.090126
0.107255
0.102867
0.110002
0.119728
0.131375
0.148941
0.134843
0.128424
0.132534
0.130640
0.122241
0.122772
0.117017
0.113606
0.110691
0.111970
0.112748
0.116620
0.118743
0.125772
0.135735
0.133647
0.142416
0.148308
0.157061
0.173646
0.156937
0.153956
0.159810
0.158060
0.148660
0.148398
0.140946
0.137400
0.132693
0.131633
0.131064
0.136284
0.141009
0.148281
0.162464
0.159258
0.169728
0.175405
0.185095
0.199947
0.185857
0.182917
0.186688
0.184254
0.173279
0.171736
0.163428
0.163669
0.158607
0.154283
0.151014
0.151629
0.151155
0.154642
0.158236
0.158012
0.157303
0.191321
0.183035
0.187740
0.196484
0.209349
0.215355
0.220094
0.209496
0.221412
0.220663
0.213122
0.206005
0.193327
0.188557
0.179243
0.177700
0.172361
0.166110
0.176663
0.185337
0.190850
0.186552
0.218222
0.213610
0.226330
0.231837
0.236959
0.255127
0.241566
0.225561
0.227460
0.218230
0.205951
0.198240
0.191248
0.195089
0.191967
0.184070
0.184475
0.180463
0.184266
0.185287
0.218952
0.208053
0.213248
0.232463
0.242107
0.257909
0.246947
0.233818
0.234450
0.228800
0.218112
0.215309
0.211026
0.213135
0.212295
0.208963
0.211068
0.207325
0.208244
0.210002
0.235435
0.228169
0.232641
0.248757
0.262534
0.278855
0.266281
0.259346
0.263178
0.261556
0.248583
0.250510
0.245352
0.245438
0.244442
0.243040
0.245042
0.243254
0.244764
0.249046
0.272372
0.268020
0.276779
0.288823
0.306178
0.323697
0.308276
0.306412
0.313433
0.313112
0.296800
0.299376
0.291548
0.289228
0.285325
0.283816
0.283132
0.286744
0.290491
0.296136
0.325953
0.320342
0.329927
0.346720
0.366240
0.388479
0.365181
0.366038
0.374880
0.374178
0.353815
0.356827
0.346047
0.343875
0.338794
0.336130
0.336095
0.338481
0.343336
0.348744
0.388850
0.382254
0.394644
0.412325
0.433705
0.455300
0.427971
0.443095
0.467823
0.480141
0.486939
0.478382
0.475242
0.463757
0.467142
0.484431
0.496058
0.496827
0.492699
0.511967
0.465932
0.456320
0.458275
0.485762
0.499447
0.526155
0.506267
0.478270
0.473503
0.456748
0.433056
0.431056
0.419869
0.426664
0.421450
0.408224
0.406623
0.401989
0.407948
0.407001
0.471374
0.458943
0.465780
0.470128
0.494254
0.528966
0.495185
0.480960
0.454520
0.450010
0.458969
0.442909
0.428418
0.439498
0.428779
0.407396
0.391802
0.394851
0.376247
0.378529
0.369782
0.394118
0.407207
0.419803
0.422438
0.444663
0.423401
0.399977
0.411042
0.430632
0.366921
0.356867
0.346205
0.349059
0.333422
0.322402
0.321825
0.311794
0.305271
0.296386
0.292042
0.295928
0.303901
0.305769
0.312233
0.312237
0.324304
0.321318
0.331760
0.322788
0.305233
0.313730
0.300668
0.291671
0.296325
0.287195
0.289395
0.276265
0.267520
0.269280
0.262847
0.255916
0.249948
0.249061
0.248437
0.252666
0.258140
0.259201
0.268096
0.265657
0.275042
0.266842
0.250038
0.259125
0.245720
0.237107
0.242627
0.234288
0.236111
0.224734
0.218054
0.219424
0.215573
0.210820
0.208034
0.209398
0.206795
0.209661
0.212146
0.212590
0.212517
0.217253
0.215529
0.224740
0.218007
0.204256
0.213337
0.204368
0.188777
0.189415
0.177738
0.179056
0.167706
0.171462
0.177716
0.181818
0.177491
0.181239
0.188739
0.179009
0.174146
0.176162
0.170474
0.171917
0.163548
0.160066
0.152531
0.161108
0.162224
0.175843
0.167941
0.160381
0.164918
0.166569
0.172012
0.171275
0.169611
0.167440
0.169091
0.172776
0.178227
0.175953
0.175370
0.184734
0.160458
0.166540
0.175293
0.161223
0.158647
0.164573
0.155022
0.165501
0.175469
0.183471
0.189981
0.196335
0.204691
0.198542
0.218114
0.247142
0.274667
0.252386
0.232494
0.249681
0.179552
0.193939
0.211199
0.183343
0.175933
0.190732
0.170086
0.173440
0.183281
0.183505
0.182338
0.181102
0.177055
0.169225
0.169677
0.180989
0.188386
0.190799
0.188185
0.201841
0.178535
0.184742
0.202104
0.186201
0.183532
0.195991
0.178575
0.181307
0.190007
0.188672
0.187292
0.182195
0.170750
0.165190
0.156165
0.156368
0.151509
0.145320
0.157729
0.167064
0.175000
0.171418
0.165717
0.181063
0.182484
0.195783
0.187413
0.182452
0.197061
0.176913
0.175146
0.183561
0.177062
0.173225
0.163398
0.152758
0.152592
0.144066
0.137702
0.129355
0.126279
0.128001
0.135043
0.136241
0.142955
0.143409
0.166127
0.161857
0.172096
0.171749
0.165262
0.177334
0.165372
0.151586
0.153394
0.141420
0.137627
0.126495
0.120873
0.125738
0.123109
0.114352
0.114384
0.109972
0.113507
0.113624
0.131698
0.123441
0.128137
0.135861
0.135215
0.143333
0.145380
0.121623
0.114375
0.103512
0.102685
0.103080
0.109760
0.120161
0.126874
0.119992
0.124803
0.138063
0.121133
0.113093
0.107102
0.110175
0.103354
0.108217
0.112211
0.096255
0.092782
0.101273
0.088038
0.092547
0.094371
0.090273
0.094212
0.088790
0.086736
0.091020
0.091390
0.086658
0.089692
0.083141
0.083521
0.084694
0.082598
0.084039
0.090318
0.080415
0.074604
0.074718
0.075875
0.073087
0.074607
0.073180
0.076487
0.073741
0.072754
0.074470
0.076164
0.075888
0.080245
0.076830
0.075425
0.082351
0.067507
0.070393
0.079214
0.068087
0.065730
0.069836
0.068599
0.063879
0.062164
0.061909
0.068268
0.065421
0.067703
0.072458
0.075078
0.076075
0.084246
0.074311
0.069085
0.071795
0.059898
0.063480
0.069165
0.060702
0.058043
0.061486
0.060682
0.056524
0.059709
0.056564
0.056914
0.055605
0.055567
0.057549
0.059192
0.059061
0.063506
0.058651
0.056563
0.060176
0.058921
0.057151
0.061316
0.066105
0.070460
0.080403
0.065352
0.084744
0.089586
0.101589
0.126899
0.159382
0.173980
0.195847
0.218650
0.213064
0.242694
0.271002
0.253324
0.240586
0.276230
0.207721
0.191716
0.103848
0.174190
0.252117
0.101924
0.105587
0.174047
0.188566
0.083257
0.069306
0.056032
0.057413
0.056851
0.058551
0.063953
0.067932
0.065254
0.072065
0.081402
0.075700
0.072358
0.064879
0.060593
0.056164
0.058071
0.063116
0.056188
0.057596
0.060726
0.060355
0.060160
0.063552
0.066760
0.069214
0.072304
0.070708
0.063993
0.063653
0.068716
0.072895
0.076004
0.079277
0.094082
0.067733
0.073561
0.084951
0.069670
0.068234
0.075049
0.065619
0.071084
0.077228
0.069183
0.070625
0.067291
0.066669
0.071171
0.073310
0.069143
0.073018
0.078062
0.077338
0.078960
0.092690
0.073747
0.067659
0.066365
0.068051
0.075800
0.071877
0.085967
0.112663
0.098328
0.105007
0.086761
0.090991
0.095224
0.104419
0.113250
0.112289
0.130206
0.147906
0.169265
0.150009
0.135838
0.152899
0.098711
0.099877
0.116614
0.112907
0.112252
0.141773
0.127218
0.087530
0.090013
0.086982
0.089115
0.100802
0.108069
0.111141
0.135098
0.152736
0.183141
0.153488
0.133491
0.151067
0.087513
0.106854
0.130485
0.095114
0.102554
0.117814
0.109119
0.097617
0.102106
0.094671
0.091263
0.086165
0.083398
0.087255
0.086659
0.081776
0.082573
0.087726
0.082017
0.081026
0.084681
0.080712
0.080549
0.089893
0.085932
0.092840
0.096352
0.100319
0.115602
0.110278
0.090634
0.091313
0.085738
0.083797
0.081025
0.078483
0.079889
0.079380
0.077550
0.079577
0.083470
0.081148
0.081479
0.085965
0.080008
0.077583
0.084741
0.083892
0.091102
0.090612
0.096829
0.109012
0.102543
0.096762
0.101916
0.103996
0.102942
0.104619
0.101509
0.097787
0.097417
0.100833
0.103614
0.104948
0.105253
0.111975
0.106082
0.109706
0.119333
0.113850
0.120758
0.136173
0.123563
0.118114
0.125095
0.124308
0.122478
0.121362
0.117290
0.115197
0.115536
0.118225
0.123505
0.120897
0.120407
0.127360
0.120399
0.123373
0.137575
0.127807
0.122521
0.131132
0.127615
0.119209
0.120536
0.122870
0.125715
0.130167
0.131669
0.129648
0.136625
0.144786
0.156985
0.147008
0.141069
0.149526
0.124374
0.128053
0.141788
0.130700
0.136577
0.156054
0.146025
0.124059
0.127752
0.121664
0.115766
0.111319
0.104407
0.108003
0.106665
0.100250
0.099053
0.103985
0.096161
0.096025
0.097758
0.098165
0.099302
0.121160
0.120188
0.137150
0.133998
0.144237
0.161670
0.148791
0.140113
0.144629
0.141304
0.132412
0.132411
0.129797
0.131984
0.134179
0.134966
0.141918
0.132915
0.130368
0.133382
0.147592
0.144485
0.153401
0.160853
0.173893
0.191322
0.177456
0.172890
0.180521
0.180540
0.169563
0.173635
0.167663
0.163425
0.165320
0.172436
0.182454
0.176614
0.173874
0.183229
0.188836
0.189240
0.203266
0.205306
0.220689
0.237539
0.222856
0.221688
0.229333
0.230430
0.217135
0.220224
0.213460
0.209719
0.206636
0.208555
0.210029
0.209721
0.215964
0.219866
0.228122
0.218999
0.213047
0.242235
0.238931
0.248590
0.260945
0.279900
0.300625
0.278973
0.282125
0.291112
0.291821
0.274224
0.277442
0.268360
0.263528
0.258376
0.258635
0.257420
0.263907
0.268469
0.276105
0.305168
0.299947
0.311203
0.327543
0.346931
0.370660
0.343802
0.347366
0.357829
0.357477
0.336531
0.339365
0.327066
0.323421
0.316536
0.313572
0.312146
0.317680
0.324178
0.330912
0.371947
0.365560
0.379487
0.396744
0.418352
0.441168
0.411440
0.428236
0.452714
0.465896
0.473777
0.465092
0.462276
0.450506
0.454327
0.471856
0.483484
0.484193
0.480064
0.499246
0.451023
0.441953
0.443363
0.470638
0.483109
0.509493
0.489624
0.461177
0.456695
0.439583
0.416309
0.412957
0.401648
0.409052
0.403566
0.389126
0.386950
0.382255
0.388788
0.387428
0.452653
0.439719
0.444797
0.450776
0.474641
0.509404
0.474689
0.462198
0.435185
0.432209
0.442155
0.425945
0.411769
0.423245
0.412969
0.391197
0.375498
0.379189
0.358910
0.360560
0.350623
0.376507
0.390465
0.402040
0.405168
0.427371
0.406434
0.383072
0.398901
0.415494
0.351601
0.339939
0.330187
0.333536
0.317337
0.303872
0.302200
0.290629
0.284415
0.274530
0.268741
0.274945
0.284640
0.287369
0.293807
0.292841
0.306613
0.304937
0.318151
0.305451
0.286088
0.295828
0.279909
0.272403
0.278870
0.268380
0.269920
0.255048
0.244634
0.245731
0.238318
0.228722
0.223523
0.228442
0.236457
0.239063
0.247408
0.243688
0.253765
0.246436
0.229665
0.238992
0.227942
0.213857
0.216322
0.205282
0.207991
0.195256
0.190010
0.193079
0.188066
0.180180
0.173482
0.172574
0.170479
0.173922
0.174316
0.179761
0.182187
0.187855
0.183885
0.190183
0.185916
0.173717
0.181993
0.174644
0.161146
0.159071
0.150690
0.154689
0.145514
0.141575
0.144445
0.142802
0.138005
0.137406
0.140766
0.136591
0.137542
0.142724
0.138125
0.137807
0.135675
0.136086
0.143645
0.132845
0.120498
0.126936
0.122762
0.108887
0.108564
0.101116
0.104611
0.097389
0.096509
0.099970
0.102213
0.100220
0.105324
0.097222
0.095725
0.097614
0.089778
0.090077
0.095620
0.089307
0.080722
0.080946
0.088558
0.075327
0.076987
0.072843
0.073424
0.070379
0.073020
0.079776
0.085597
0.082790
0.091871
0.104105
0.096377
0.091992
0.082084
0.076640
0.071587
0.070338
0.073666
0.074675
0.072306
0.071885
0.075761
0.083485
0.098905
0.096364
0.109561
0.114387
0.138372
0.150910
0.186552
0.209084
0.250128
0.200780
0.166334
0.172992
0.089689
0.105757
0.119477
0.088228
0.079831
0.076520
0.088871
0.078044
0.075158
0.072398
0.077141
0.076859
0.080044
0.084426
0.090146
0.088812
0.096035
0.105469
0.096097
0.091087
0.096662
0.085254
0.083398
0.069495
0.073321
0.076806
0.067574
0.065552
0.067015
0.069295
0.068608
0.070935
0.081307
0.090897
0.106980
0.095858
0.085646
0.098400
0.106861
0.127942
0.115208
0.116544
0.149977
0.094635
0.129379
0.197172
0.104479
0.087487
0.096220
0.092279
0.083932
0.087844
0.102590
0.107794
0.120745
0.103989
0.112365
0.098853
0.079056
0.070469
0.079927
0.067270
0.070340
0.079076
0.078816
0.083006
0.110763
0.134621
0.186443
0.111595
0.107402
0.102156
0.151970
0.101257
0.124496
0.118221
0.120153
0.119118
0.110369
0.105238
0.108988
0.116428
0.131568
0.140448
0.146759
0.147506
0.135193
0.118701
0.111878
0.122086
0.143957
0.123890
0.138299
0.150049
0.157391
0.133701
0.125457
0.128076
0.140640
0.136054
0.128800
0.128627
0.121846
0.117102
0.111197
0.109556
0.110239
0.115102
0.116028
0.121303
0.121556
0.128564
0.136930
0.140468
0.125479
0.118115
0.126490
0.120591
0.109958
0.113062
0.107434
0.108651
0.100934
0.095359
0.097974
0.095349
0.089178
0.088937
0.088181
0.091244
0.094126
0.098319
0.097458
0.105420
0.099814
0.095083
0.103326
0.099775
0.087994
0.089765
0.085464
0.086824
0.082469
0.080962
0.082371
0.083330
0.082753
0.086949
0.081835
0.081308
0.085006
0.079939
0.081327
0.089022
0.082207
0.079374
0.089422
0.083687
0.072381
0.071387
0.066414
0.065278
0.064387
0.067109
0.071615
0.075885
0.074182
0.081261
0.089970
0.083210
0.078557
0.085690
0.072352
0.069689
0.066423
0.065969
0.070276
0.068261
0.071775
0.076913
0.078388
0.072091
0.077009
0.077397
0.077482
0.076614
0.071759
0.070206
0.069064
0.069156
0.071745
0.075094
0.075554
0.077687
0.085385
0.076365
0.071432
0.076540
0.079204
0.088380
0.081993
0.084552
0.093592
0.085421
0.084951
0.089165
0.090192
0.088407
0.088152
0.084698
0.086369
0.088317
0.087543
0.094552
0.102728
0.098549
0.096119
0.104951
0.090245
0.085703
0.093522
0.093718
0.104575
0.107061
0.116382
0.142932
0.120620
0.111123
0.114456
0.112812
0.112597
0.111913
0.107539
0.117403
0.118097
0.109329
0.115248
0.100146
0.098842
0.096166
0.107857
0.111023
0.124651
0.115468
0.119594
0.138594
0.141241
0.108106
0.115265
0.121069
0.123217
0.120867
0.116949
0.115321
0.120865
0.127461
0.141015
0.127407
0.123837
0.135698
0.123324
0.115191
0.124835
0.143283
0.154529
0.162868
0.188609
0.133804
0.119356
0.107029
0.112718
0.122590
0.155048
0.173503
0.210524
0.234161
0.278339
0.228661
0.188671
0.199683
0.109029
0.122871
0.133683
0.108990
0.106999
0.114750
0.113658
0.101623
0.100312
0.097614
0.099506
0.098515
0.095217
0.094259
0.093006
0.093302
0.096111
0.096948
0.102592
0.105195
0.102291
0.095919
0.095367
0.098101
0.104735
0.097263
0.096888
0.101181
0.100319
0.097517
0.100383
0.101179
0.104162
0.101976
0.098589
0.098464
0.097614
0.096584
0.097858
0.100969
0.099313
0.100815
0.105269
0.100549
0.097694
0.097647
0.100800
0.109148
0.100324
0.098236
0.106951
0.096539
0.097873
0.104088
0.105045
0.102268
0.102291
0.097490
0.095087
0.095124
0.097076
0.101386
0.105237
0.106221
0.107007
0.104171
0.098631
0.106663
0.107276
0.119902
0.120917
0.127096
0.151283
0.131137
0.117279
0.123121
0.120355
0.117632
0.118115
0.112990
0.110012
0.108979
0.111886
0.116643
0.118829
0.123791
0.125447
0.121586
0.114605
0.118227
0.123991
0.141184
0.124605
0.128802
0.138471
0.127395
0.132122
0.139046
0.142192
0.139357
0.139888
0.131476
0.130032
0.122872
0.122110
0.121818
0.131953
0.133871
0.146798
0.143692
0.145875
0.159019
0.152173
0.154747
0.166362
0.153769
0.154884
0.162379
0.162047
0.158241
0.155311
0.146607
0.143014
0.136900
0.135584
0.131949
0.130046
0.134426
0.141328
0.145557
0.146146
0.142160
0.160200
0.159716
0.170231
0.168657
0.169605
0.183556
0.167341
0.164272
0.171876
0.164605
0.158137
0.150111
0.140738
0.140922
0.135654
0.130360
0.130460
0.130749
0.135699
0.139398
0.159529
0.153770
0.163469
0.169021
0.170252
0.185840
0.173537
0.160571
0.161758
0.156456
0.151869
0.146631
0.139001
0.141117
0.137963
0.131420
0.131576
0.129727
0.133670
0.135956
0.154967
0.153301
0.164262
0.164188
0.169039
0.185227
0.170658
0.161413
0.165153
0.158439
0.148133
0.143788
0.136936
0.141369
0.137608
0.129657
0.126235
0.130551
0.120901
0.119107
0.115918
0.123298
0.128343
0.160115
0.152250
0.159084
0.174975
0.184422
0.205139
0.192019
0.173159
0.185027
0.173994
0.172529
0.166076
0.171784
0.174633
0.195794
0.218935
0.249594
0.215776
0.192460
0.203653
0.159098
0.167637
0.183431
0.155939
0.143299
0.150445
0.144471
0.134499
0.133727
0.126951
0.128134
0.122994
0.123423
0.126583
0.127821
0.127928
0.136225
0.141940
0.144771
0.141997
0.157282
0.132160
0.125991
0.120019
0.119834
0.122949
0.119265
0.113897
0.116050
0.117143
0.108488
0.107241
0.101994
0.103384
0.098954
0.098355
0.103700
0.104153
0.102320
0.112390
0.116811
0.128732
0.131372
0.115719
0.101743
0.097536
0.096032
0.100802
0.102241
0.095205
0.118415
0.109171
0.087489
0.109216
0.087729
0.087268
0.088456
0.092371
0.093185
0.098880
0.101672
0.109633
0.116525
0.112729
0.109558
0.116296
0.102846
0.098347
0.087436
0.090317
0.093610
0.085900
0.091797
0.095323
0.097159
0.097027
0.100445
0.105412
0.107916
0.110804
0.108722
0.105663
0.106952
0.111205
0.117440
0.120410
0.124948
0.125635
0.120232
0.112827
0.107919
0.114226
0.123680
0.113016
0.116868
0.129101
0.118121
0.117651
0.123319
0.123971
0.121844
0.123923
0.121196
0.117393
0.116560
0.120585
0.123246
0.126799
0.126605
0.135281
0.126157
0.128072
0.135669
0.132863
0.139202
0.149735
0.143180
0.137625
0.141612
0.145841
0.146506
0.153957
0.153095
0.154805
0.162205
0.164887
0.177849
0.189319
0.187565
0.184981
0.172840
0.161545
0.148748
0.158097
0.171410
0.155518
0.157857
0.171642
0.154061
0.160814
0.170751
0.172020
0.169459
0.167061
0.157347
0.153234
0.146658
0.146570
0.143370
0.140568
0.146638
0.154038
0.158616
0.157704
0.153237
0.169886
0.170838
0.181699
0.177516
0.177022
0.190624
0.175377
0.171759
0.178538
0.172236
0.167555
0.159649
0.151470
0.152756
0.147108
0.139446
0.136937
0.139380
0.145521
0.148687
0.165470
0.160593
0.167252
0.170937
0.167295
0.180384
0.168659
0.155714
0.158530
0.147819
0.143536
0.133892
0.127733
0.132159
0.128393
0.119196
0.117985
0.117199
0.121644
0.125141
0.139928
0.132872
0.137941
0.144697
0.143581
0.155793
0.148308
0.133309
0.132297
0.123835
0.121475
0.115238
0.110538
0.113480
0.111580
0.106001
0.106485
0.104114
0.106440
0.108491
0.117481
0.114462
0.121813
0.121503
0.122989
0.136205
0.129688
0.113927
0.114869
0.106953
0.102436
0.096626
0.095618
0.101252
0.102262
0.096496
0.098705
0.106585
0.096389
0.092306
0.094866
0.090948
0.092646
0.103988
0.097204
0.100633
0.111609
0.114635
0.132450
0.117657
0.104508
0.108134
0.102175
0.098974
0.095093
0.090360
0.093179
0.093485
0.090443
0.096176
0.104453
0.099800
0.098233
0.108880
0.093440
0.089026
0.097839
0.097639
0.110926
0.106483
0.108331
0.126894
0.117803
0.094732
0.094867
0.087407
0.086813
0.085707
0.088725
0.094486
0.103767
0.109125
0.124041
0.107304
0.097878
0.108367
0.083294
0.083525
0.090282
0.087697
0.087881
0.100028
0.089569
0.086505
0.094766
0.093570
0.085232
0.084033
0.075739
0.074241
0.070909
0.069934
0.072419
0.072456
0.074097
0.078726
0.102605
0.100464
0.137744
0.134577
0.397076
0.373949
0.333163
0.339740
0.323846
0.314564
0.360726
0.377766
0.445523
0.493075
0.554641
0.585628
0.621742
0.301693
0.325466
0.313167
0.329955
0.406657
0.483417
0.575401
0.658093
0.742820
0.769797
0.830679
0.337781
0.385860
0.336811
0.334874
0.362723
0.386648
0.386329
0.454435
0.473542
0.531840
0.627350
0.722625
0.765421
0.766372
0.842983
0.886146
0.843749
0.636576
0.659807
0.637001
0.656591
0.695241
0.744241
0.741032
0.615631
0.587394
0.640048
0.638065
0.691696
0.708127
0.762445
0.796939
0.844168
0.869258
0.894764
0.618205
0.613452
0.626541
0.628061
0.582564
0.569870
0.579773
0.551667
0.606722
0.467349
0.496583
0.390476
0.335852
0.349629
0.269310
0.267938
0.255921
0.211503
0.214061
0.225808
0.268778
0.318774
0.207534
0.218688
0.208626
0.208734
0.226504
0.247719
0.252413
0.297061
0.189548
0.186972
0.179967
0.188406
0.185861
0.160726
0.164048
0.167538
0.158162
0.185209
0.194844
0.211600
0.245364
0.234662
0.200987
0.213785
0.204830
0.214944
0.238553
0.287125
0.335426
0.331190
0.205280
0.211110
0.196226
0.189820
0.205409
0.237047
0.283706
0.343807
0.347647
0.296679
0.178768
0.183855
0.167613
0.165431
0.155587
0.151229
0.159748
0.156641
0.157547
0.158723
0.159740
0.178987
0.169211
0.219045
0.252098
0.253017
0.214966
0.143343
0.147588
0.132599
0.122133
0.118920
0.126727
0.115139
0.117890
0.122973
0.132026
0.130550
0.142952
0.141147
0.149197
0.141955
0.154841
0.161299
0.155704
0.167128
0.214503
0.192968
0.169052
0.174905
0.182726
0.197027
0.200143
0.207979
0.196503
0.195923
0.221270
0.237805
0.260348
0.316223
0.355901
0.443803
0.356892
0.183106
0.191523
0.169723
0.162374
0.153317
0.159312
0.160754
0.162467
0.175784
0.188248
0.173884
0.160478
0.148680
0.145346
0.148573
0.143263
0.152229
0.164564
0.176649
0.245227
0.293439
0.299607
0.386534
0.140498
0.135915
0.147215
0.149948
0.149665
0.160329
0.155083
0.158650
0.187949
0.206457
0.252669
0.302027
0.347898
0.365318
0.420032
0.172653
0.205178
0.217641
0.473998
0.424152
0.426904
0.406053
0.423124
0.431340
0.457512
0.488763
0.489594
0.379428
0.380024
0.352002
0.315808
0.319450
0.301174
0.311514
0.324571
0.327171
0.317901
0.276008
0.269878
0.259537
0.281992
0.274472
0.243040
0.235608
0.194633
0.197494
0.176684
0.150063
0.121009
0.122148
0.114391
0.100281
0.115213
0.195791
0.104799
0.161977
0.112594
0.117800
0.144689
0.219310
0.212557
0.261049
0.115343
0.182339
0.101378
0.104953
0.096338
0.100586
0.095303
0.094469
0.099805
0.110185
0.133772
0.133707
0.096223
0.103575
0.096919
0.102038
0.107060
0.095226
0.100521
0.093838
0.089991
0.094292
0.092331
0.105464
0.115419
0.104174
0.110425
0.111337
0.117589
0.124292
0.182404
0.227992
0.119780
0.116252
0.141203
0.160326
0.177493
0.210175
0.181033
0.159557
0.162488
0.165397
0.180027
0.197360
0.193921
0.170794
0.153114
0.161720
0.140594
0.133382
0.149649
0.175324
0.164478
0.198075
0.231510
0.263849
0.299098
0.338074
0.386694
0.416207
0.451668
0.231233
0.259739
0.261016
0.314854
0.352899
0.392665
0.406096
0.345421
0.346746
0.397721
0.449812
0.506250
0.551505
0.595602
0.664368
0.694299
0.781467
0.658696
0.585802
0.483234
0.507673
0.514387
0.566705
0.580707
0.628065
0.670061
0.729017
0.778708
0.625206
0.646853
0.680986
0.761419
0.816191
0.853034
0.848295
0.443731
0.373572
0.363837
0.320250
0.330873
0.325420
0.313926
0.347953
0.310729
0.311339
0.328349
0.349581
0.292340
0.265296
0.318657
0.319217
0.202564
0.245927
0.152499
0.114078
0.099526
0.099552
0.095858
0.088330
0.090562
0.092490
0.100966
0.109631
0.119981
0.131413
0.139374
0.088532
0.102289
0.085137
0.092135
0.102188
0.132162
0.163650
0.231907
0.287771
0.091957
0.093600
0.104362
0.115253
0.136448
0.198153
0.199007
0.261017
0.119191
0.141264
0.117980
0.127039
0.142213
0.172900
0.243307
0.307229
0.296710
0.376660
0.403780
0.367200
0.278387
0.225885
0.120883
0.116024
0.128518
0.144064
0.157847
0.144398
0.128707
0.136237
0.152850
0.132309
0.143581
0.147725
0.167892
0.161822
0.176861
0.214915
0.145808
0.160319
0.140106
0.150824
0.155666
0.183105
0.221130
0.263013
0.310564
0.171218
0.184217
0.184270
0.209983
0.225763
0.220956
0.206929
0.218361
0.240171
0.245451
0.215964
0.237826
0.203254
0.210820
0.224656
0.220067
0.241594
0.204608
0.216679
0.197241
0.206573
0.206776
0.223048
0.203324
0.214074
0.244121
0.255291
0.295647
0.333149
0.390990
0.428739
0.459127
0.190296
0.177224
0.194412
0.182203
0.199162
0.176445
0.189324
0.165998
0.169452
0.153681
0.136262
0.121694
0.106857
0.093473
0.102098
0.092077
0.196570
0.207377
0.220374
0.254348
0.292188
0.327218
0.385258
0.443763
0.423446
0.362557
0.257151
0.273484
0.297995
0.328224
0.361685
0.394415
0.386123
0.441455
0.472237
0.471151
0.495956
0.490907
0.492600
0.544570
0.501626
0.563626
0.596841
0.631043
0.638853
0.691575
0.592840
0.601502
0.633651
0.684115
0.657881
0.640114
0.679240
0.674253
0.714152
0.656616
0.665087
0.657437
0.681557
0.702944
0.687588
0.661959
0.672981
0.681575
0.696896
0.729598
0.780873
0.828257
0.818448
0.863326
0.751960
0.769091
0.773426
0.813013
0.885636
0.932863
0.969070
1.037781
1.071210
1.039365
0.970436
0.808507
0.842989
0.793307
0.816288
0.839963
0.902882
0.841853
0.828985
0.855494
0.838419
