# RMSF / nm
0.346789
0.321992
0.255057
0.260002
0.224178
0.234076
0.322401
0.343725
0.274147
0.299262
0.366871
0.303897
0.277396
0.220223
0.214947
0.182836
0.197428
0.257487
0.193691
0.183804
0.203590
0.199792
0.156646
0.126961
0.106094
0.113418
0.111532
0.126346
0.146668
0.164533
0.160069
0.186664
0.213172
0.200813
0.187804
0.156979
0.141679
0.095369
0.107383
0.119133
0.088281
0.079947
0.083944
0.084583
0.073436
0.073713
0.069184
0.072987
0.067603
0.063255
0.063105
0.061464
0.059761
0.060166
0.062001
0.062653
0.063784
0.068879
0.063594
0.061298
0.064220
0.064844
0.069166
0.064066
0.059901
0.064304
0.060731
0.060789
0.062816
0.064160
0.070961
0.072516
0.083363
0.088143
0.103268
0.116017
0.146875
0.163106
0.170656
0.163038
0.131734
0.107628
0.062197
0.066509
0.072990
0.066861
0.067373
0.076379
0.070153
0.068262
0.072207
0.072326
0.071383
0.071584
0.066828
0.063864
0.063942
0.067500
0.074151
0.071705
0.071739
0.082921
0.071979
0.075601
0.088236
0.077895
0.079334
0.088340
0.081368
0.077305
0.081132
0.078219
0.073922
0.070918
0.067372
0.067831
0.065861
0.063857
0.065236
0.065222
0.066643
0.071582
0.078606
0.075640
0.081915
0.088080
0.097839
0.113494
0.102736
0.094642
0.097535
0.094865
0.090060
0.087372
0.080978
0.079806
0.075514
0.072393
0.071982
0.075114
0.079091
0.084794
0.096858
0.095294
0.105706
0.106886
0.113352
0.129038
0.114899
0.109252
0.114903
0.110375
0.105615
0.100602
0.092757
0.092614
0.087829
0.082443
0.080703
0.083316
0.088672
0.093562
0.106865
0.105569
0.116299
0.113632
0.117531
0.127577
0.128462
0.113189
0.113176
0.112236
0.107795
0.097146
0.088681
0.089870
0.086496
0.083129
0.083321
0.086505
0.083253
0.083874
0.086082
0.084548
0.083983
0.118354
0.103226
0.143469
0.151641
0.214955
0.260338
0.262410
0.219880
0.196366
0.268760
0.381006
0.450694
0.554465
0.550688
0.661681
0.779670
0.885681
0.775462
0.671842
0.698749
0.267456
0.373595
0.395734
0.235034
0.179709
0.181857
0.178332
0.170170
0.166098
0.148672
0.140867
0.130165
0.123745
0.126520
0.120676
0.113095
0.107144
0.107098
0.104672
0.107626
0.107073
0.113291
0.115530
0.140580
0.130783
0.137506
0.146983
0.149618
0.162684
0.156134
0.137635
0.137157
0.126829
0.119231
0.111734
0.106458
0.109517
0.105718
0.099123
0.094591
0.095693
0.091398
0.092948
0.092348
0.097589
0.099985
0.124893
0.115956
0.121963
0.135559
0.141243
0.157417
0.146183
0.130491
0.130869
0.119137
0.110084
0.100139
0.098672
0.108503
0.108493
0.096692
0.093099
0.101775
0.085073
0.081347
0.084305
0.091035
0.118356
0.106118
0.109071
0.129230
0.136282
0.155976
0.144158
0.121141
0.121269
0.109716
0.105650
0.096507
0.093408
0.101810
0.101811
0.092126
0.092831
0.101816
0.088256
0.084407
0.087748
0.084495
0.087439
0.104839
0.097579
0.103379
0.111308
0.113539
0.124681
0.123446
0.101743
0.097212
0.088033
0.084677
0.081369
0.085833
0.093610
0.101486
0.101433
0.112931
0.094793
0.086616
0.085085
0.088938
0.083225
0.082020
0.093339
0.100367
0.107342
0.111567
0.094863
0.089971
0.092086
0.092831
0.098725
0.103040
0.104971
0.112462
0.118529
0.128670
0.116906
0.109871
0.114255
0.101742
0.106108
0.110040
0.106715
0.124055
0.127309
0.144151
0.133700
0.143719
0.135925
0.137856
0.136954
0.147704
0.161091
0.177400
0.178392
0.197498
0.166080
0.151398
0.147501
0.143269
0.138700
0.136804
0.152030
0.171529
0.186720
0.180609
0.174504
0.177721
0.181253
0.170630
0.181878
0.186244
0.185806
0.196304
0.208648
0.223948
0.207063
0.196627
0.201809
0.199062
0.200072
0.206049
0.215534
0.237442
0.251070
0.238784
0.251851
0.272741
0.283654
0.284365
0.279209
0.273359
0.261328
0.261138
0.273745
0.279461
0.289318
0.290194
0.313512
0.279770
0.268648
0.273875
0.301184
0.318833
0.345743
0.320290
0.309146
0.312480
0.308063
0.285093
0.288886
0.272131
0.265241
0.253367
0.249128
0.241794
0.258490
0.269475
0.281933
0.326488
0.313539
0.328404
0.336742
0.361359
0.386968
0.374992
0.343939
0.322281
0.310321
0.311529
0.289213
0.270447
0.271284
0.256526
0.244936
0.230710
0.224602
0.228188
0.239271
0.242312
0.251851
0.253902
0.287361
0.277449
0.293404
0.298309
0.297581
0.307987
0.336213
0.270122
0.254008
0.232511
0.228813
0.209392
0.208561
0.224912
0.224805
0.205193
0.198093
0.209009
0.180101
0.172807
0.161702
0.181137
0.195665
0.217948
0.202398
0.201450
0.219335
0.215012
0.225953
0.226959
0.193798
0.188676
0.171045
0.167437
0.157464
0.162493
0.179988
0.188437
0.173666
0.177408
0.198229
0.166583
0.153839
0.149783
0.158319
0.164242
0.159471
0.163989
0.164104
0.168856
0.178721
0.184543
0.158978
0.148821
0.135427
0.133365
0.121152
0.118948
0.128363
0.125707
0.113229
0.107566
0.113219
0.097675
0.094218
0.087286
0.100511
0.109370
0.125898
0.116575
0.118244
0.129720
0.128294
0.140308
0.137214
0.112099
0.106824
0.094180
0.093972
0.086146
0.089970
0.100845
0.107933
0.105735
0.116410
0.096569
0.088580
0.086974
0.087254
0.081747
0.081097
0.085991
0.085194
0.090309
0.094754
0.076686
0.070459
0.064347
0.065603
0.062854
0.067696
0.074921
0.081604
0.082173
0.091592
0.075664
0.068386
0.067599
0.064654
0.061909
0.060874
0.066069
0.068839
0.074554
0.071513
0.070646
0.072936
0.068971
0.077473
0.077172
0.079226
0.079458
0.087218
0.088590
0.098469
0.109229
0.106279
0.107777
0.099777
0.087221
0.064219
0.072058
0.075845
0.060112
0.053210
0.056357
0.052872
0.052262
0.053132
0.053480
0.056175
0.058065
0.058666
0.060751
0.062451
0.062406
0.068422
0.064955
0.063505
0.073432
0.054426
0.059711
0.069820
0.058554
0.062896
0.075970
0.075446
0.064846
0.095935
0.085313
0.085893
0.083380
0.082578
0.082337
0.082571
0.084559
0.088793
0.087286
0.085676
0.091383
0.087484
0.088093
0.093105
0.093222
0.094712
0.104571
0.103883
0.092895
0.093645
0.091508
0.096705
0.093804
0.092033
0.093040
0.093745
0.093787
0.097786
0.094248
0.093274
0.096957
0.085616
0.090764
0.097787
0.084286
0.077665
0.089057
0.076624
0.073165
0.078905
0.076411
0.074707
0.073494
0.070717
0.069532
0.069199
0.070290
0.073395
0.073303
0.073378
0.080202
0.075270
0.076749
0.086255
0.082807
0.087098
0.100904
0.088538
0.086939
0.093277
0.092338
0.088416
0.086311
0.079590
0.077220
0.073763
0.073764
0.074109
0.074924
0.078441
0.082544
0.089059
0.082647
0.077768
0.090220
0.090522
0.100969
0.097781
0.097176
0.111277
0.093296
0.094520
0.101842
0.098856
0.096004
0.091689
0.084498
0.081947
0.077769
0.076551
0.074584
0.074232
0.077388
0.082218
0.086920
0.084516
0.081064
0.094309
0.093833
0.102079
0.097884
0.099091
0.104372
0.104426
0.096872
0.098396
0.096557
0.093406
0.087809
0.079895
0.080271
0.075153
0.070466
0.066481
0.066682
0.067262
0.071897
0.074344
0.075842
0.074335
0.096009
0.092309
0.100343
0.104637
0.102365
0.119335
0.100113
0.094744
0.086667
0.080358
0.074072
0.066813
0.062219
0.065010
0.061989
0.057313
0.058239
0.060984
0.064627
0.066626
0.077903
0.062470
0.058552
0.079135
0.071533
0.070559
0.081381
0.085464
0.088194
0.084885
0.102000
0.109350
0.105338
0.118215
0.121366
0.137257
0.157007
0.167668
0.172506
0.213717
0.227143
0.262383
0.263572
0.214177
0.167335
0.102727
0.113829
0.124275
0.106137
0.105928
0.116844
0.113140
0.103678
0.102094
0.096596
0.101344
0.097598
0.101544
0.117169
0.124403
0.115747
0.125484
0.099158
0.091870
0.082622
0.091157
0.094519
0.095216
0.089137
0.082820
0.084027
0.084679
0.085247
0.096496
0.099674
0.104217
0.090927
0.078675
0.085628
0.087701
0.076769
0.084720
0.105347
0.088717
0.088023
0.082974
0.073573
0.091189
0.091562
0.107670
0.101835
0.102861
0.121960
0.103118
0.099624
0.109107
0.112716
0.112111
0.114202
0.107332
0.102643
0.110020
0.118864
0.139046
0.156509
0.152213
0.146934
0.132101
0.116924
0.110432
0.116995
0.135932
0.121954
0.119854
0.145369
0.120975
0.105547
0.118954
0.113007
0.112472
0.113246
0.110512
0.100717
0.113659
0.137757
0.162770
0.149076
0.135307
0.156911
0.100167
0.109583
0.132207
0.109730
0.108890
0.122390
0.113429
0.101916
0.104015
0.101339
0.099653
0.098751
0.095213
0.099714
0.096643
0.089400
0.086061
0.088107
0.086445
0.090128
0.092065
0.090546
0.103365
0.103321
0.108114
0.108080
0.110029
0.117585
0.112465
0.107980
0.111321
0.105594
0.103302
0.094818
0.089520
0.094989
0.090373
0.080640
0.075463
0.079052
0.070798
0.071513
0.070760
0.077183
0.080807
0.099843
0.093904
0.100478
0.107805
0.106395
0.120595
0.116771
0.090474
0.087040
0.075935
0.074775
0.070251
0.072351
0.079221
0.083760
0.079560
0.085626
0.095159
0.085180
0.079798
0.085521
0.073778
0.073316
0.072993
0.071437
0.078622
0.078139
0.087616
0.101469
0.097387
0.088461
0.092542
0.095604
0.091774
0.097013
0.096092
0.092894
0.096467
0.103209
0.110704
0.107196
0.103750
0.111946
0.102491
0.105766
0.115255
0.113720
0.125506
0.142522
0.127578
0.125834
0.132369
0.133712
0.128546
0.132949
0.127090
0.119469
0.117378
0.123880
0.127329
0.132069
0.133883
0.144978
0.137861
0.141342
0.154296
0.148177
0.157143
0.171627
0.156621
0.159449
0.167237
0.168048
0.159948
0.154231
0.143923
0.140726
0.133138
0.130726
0.126447
0.123648
0.131683
0.141005
0.151728
0.144174
0.138371
0.170999
0.158288
0.160646
0.182779
0.200917
0.207624
0.208678
0.212094
0.230067
0.239908
0.236248
0.233429
0.217815
0.208270
0.198071
0.201675
0.199100
0.190466
0.208799
0.219587
0.222956
0.213846
0.239655
0.242413
0.261423
0.256976
0.262522
0.286834
0.258532
0.253275
0.265586
0.258447
0.245141
0.233087
0.212977
0.210008
0.195179
0.180678
0.170621
0.185416
0.201903
0.210582
0.252806
0.244049
0.259978
0.269454
0.272084
0.293290
0.268466
0.261171
0.268917
0.259261
0.243114
0.232354
0.217981
0.220164
0.211431
0.198997
0.194024
0.196741
0.206427
0.208793
0.258589
0.245915
0.257023
0.276934
0.286752
0.309540
0.287096
0.276029
0.282135
0.272803
0.255291
0.248897
0.238350
0.241597
0.236590
0.227533
0.227020
0.224589
0.230183
0.232289
0.277250
0.266354
0.276367
0.296372
0.310144
0.332175
0.312607
0.301382
0.306764
0.299137
0.279684
0.276352
0.267036
0.269282
0.265069
0.258361
0.258674
0.257124
0.261116
0.264005
0.308184
0.297147
0.305921
0.329839
0.348560
0.371870
0.351051
0.343180
0.349186
0.345002
0.323961
0.326249
0.317870
0.319291
0.317424
0.314382
0.317856
0.313021
0.314632
0.318170
0.360698
0.352390
0.362708
0.384129
0.408056
0.430070
0.406181
0.415595
0.441349
0.452350
0.457246
0.447170
0.442924
0.431912
0.435505
0.452395
0.464935
0.464285
0.460114
0.479790
0.437704
0.425156
0.426389
0.458722
0.475986
0.503599
0.484553
0.456083
0.451220
0.436357
0.411522
0.412476
0.400810
0.405636
0.400645
0.389796
0.389217
0.385505
0.390968
0.391911
0.454858
0.443191
0.453446
0.455270
0.480941
0.516886
0.484299
0.465096
0.435567
0.430274
0.437578
0.417977
0.399785
0.408604
0.395588
0.374938
0.358554
0.360538
0.344972
0.349680
0.343382
0.366209
0.377417
0.398194
0.398004
0.421621
0.404347
0.379856
0.394008
0.408164
0.346664
0.337695
0.322156
0.323986
0.303963
0.292347
0.294566
0.284041
0.274261
0.264821
0.262948
0.262257
0.268784
0.269922
0.277701
0.279733
0.296254
0.290057
0.301060
0.295086
0.275152
0.286109
0.271662
0.257152
0.261767
0.250074
0.251678
0.237015
0.228309
0.231390
0.226211
0.218896
0.215860
0.218505
0.215859
0.218316
0.220832
0.220655
0.229559
0.226388
0.237527
0.230064
0.213499
0.226806
0.209592
0.198361
0.205745
0.197152
0.196858
0.186021
0.177102
0.175856
0.172186
0.170534
0.171731
0.173806
0.176807
0.181817
0.192901
0.180692
0.174346
0.180825
0.180196
0.193272
0.185260
0.173998
0.187809
0.173002
0.159177
0.162674
0.152296
0.148015
0.139499
0.135344
0.138379
0.138551
0.133725
0.135888
0.142451
0.136838
0.137746
0.146256
0.136527
0.133092
0.144341
0.143523
0.149001
0.141423
0.147094
0.160568
0.158641
0.149899
0.163970
0.167702
0.171842
0.173197
0.162427
0.150096
0.151532
0.166642
0.180137
0.178507
0.177506
0.199105
0.162090
0.174531
0.202960
0.176524
0.178044
0.212719
0.194501
0.171744
0.198226
0.226252
0.237391
0.278697
0.292295
0.266931
0.311421
0.376404
0.429296
0.391518
0.356745
0.397820
0.227472
0.279129
0.327629
0.238137
0.231608
0.246780
0.228487
0.224013
0.231020
0.227108
0.226689
0.221731
0.218004
0.219406
0.219207
0.219838
0.225068
0.222101
0.220468
0.228161
0.219193
0.219756
0.230100
0.223688
0.218272
0.230535
0.212309
0.213820
0.222648
0.218492
0.215789
0.206639
0.193748
0.190937
0.178824
0.173694
0.163063
0.155171
0.165093
0.175991
0.180132
0.185345
0.183546
0.207640
0.205960
0.218896
0.213006
0.204906
0.218581
0.201159
0.192919
0.199468
0.189243
0.184127
0.171507
0.161687
0.165626
0.157064
0.145489
0.133990
0.132050
0.127532
0.133416
0.130448
0.144361
0.149163
0.176339
0.169240
0.178044
0.181991
0.174400
0.187784
0.173776
0.158388
0.159928
0.144711
0.138065
0.124370
0.118361
0.126589
0.124683
0.112940
0.114429
0.104656
0.107683
0.104947
0.134318
0.122679
0.127068
0.140342
0.140644
0.152134
0.152115
0.122529
0.113549
0.097871
0.096194
0.096377
0.106141
0.120820
0.130084
0.121596
0.129811
0.147802
0.125736
0.113568
0.103597
0.107567
0.096411
0.101945
0.104854
0.087071
0.085823
0.098545
0.083249
0.082205
0.085859
0.078738
0.076611
0.070714
0.067539
0.072037
0.074127
0.071201
0.077775
0.068408
0.066741
0.071380
0.072094
0.070939
0.080604
0.076368
0.071721
0.079449
0.067858
0.072234
0.080306
0.085446
0.088581
0.088360
0.084040
0.079397
0.080808
0.086770
0.094631
0.093633
0.092556
0.106171
0.083879
0.089797
0.104854
0.091667
0.088005
0.099524
0.087936
0.079838
0.084612
0.080185
0.081217
0.073480
0.070544
0.070441
0.070606
0.072092
0.078093
0.073288
0.072669
0.080651
0.072205
0.068850
0.070888
0.071235
0.073411
0.079423
0.078110
0.072880
0.076144
0.074345
0.069880
0.069046
0.066121
0.071874
0.072752
0.068032
0.073686
0.064322
0.062638
0.065158
0.078926
0.076613
0.082181
0.087884
0.091663
0.099501
0.089491
0.097353
0.107990
0.110179
0.118798
0.130054
0.153748
0.167149
0.212341
0.233854
0.297550
0.340384
0.323930
0.295272
0.341768
0.234952
0.202621
0.105229
0.115686
0.138549
0.111579
0.111176
0.117350
0.127755
0.098757
0.094688
0.083997
0.082597
0.077589
0.082940
0.085463
0.097807
0.108023
0.137284
0.159439
0.154099
0.141526
0.115103
0.098955
0.083137
0.083597
0.088641
0.079665
0.085178
0.088182
0.094054
0.084594
0.090291
0.088582
0.089299
0.086807
0.078648
0.075674
0.070853
0.066294
0.064737
0.072579
0.079471
0.091737
0.084263
0.087782
0.102203
0.091207
0.089634
0.103976
0.094561
0.086333
0.091132
0.079432
0.083870
0.080698
0.084780
0.095809
0.100989
0.093866
0.101938
0.111385
0.107223
0.105692
0.123461
0.094769
0.087648
0.077875
0.079032
0.087360
0.083839
0.094435
0.110709
0.105850
0.087416
0.087950
0.084794
0.085536
0.087890
0.090941
0.092015
0.100024
0.106495
0.118648
0.107640
0.102118
0.116361
0.083785
0.087657
0.093985
0.086353
0.080905
0.086642
0.086901
0.078619
0.083942
0.089751
0.097881
0.093802
0.092989
0.103841
0.121647
0.122005
0.144134
0.113051
0.101321
0.111679
0.085130
0.093167
0.115769
0.100897
0.113402
0.140449
0.133926
0.098609
0.100276
0.098518
0.104714
0.104508
0.102908
0.104021
0.108091
0.107648
0.113517
0.121876
0.113815
0.111001
0.116205
0.107889
0.104935
0.095670
0.102472
0.112909
0.100049
0.100769
0.115913
0.102266
0.097693
0.103478
0.102237
0.102530
0.098541
0.092879
0.093178
0.093444
0.091353
0.093465
0.098945
0.093846
0.094848
0.100292
0.094526
0.091528
0.099861
0.100677
0.112248
0.110360
0.117686
0.140429
0.115567
0.115818
0.126343
0.123270
0.115711
0.112473
0.104307
0.100165
0.097120
0.098381
0.101197
0.102696
0.105518
0.113792
0.121091
0.119217
0.131993
0.132837
0.135709
0.152758
0.136305
0.128273
0.133895
0.129015
0.121035
0.118297
0.108934
0.105963
0.101604
0.100688
0.103289
0.105030
0.109036
0.118064
0.128812
0.126296
0.139481
0.140807
0.147791
0.161100
0.154481
0.142957
0.145770
0.143722
0.137463
0.134871
0.129044
0.131303
0.131586
0.128824
0.133985
0.127052
0.127106
0.130556
0.147865
0.144872
0.152732
0.158832
0.165110
0.185119
0.167349
0.153802
0.155146
0.147071
0.137831
0.130561
0.121390
0.123741
0.116771
0.108144
0.101002
0.101541
0.097768
0.103047
0.104015
0.110777
0.111922
0.145568
0.138429
0.147875
0.157759
0.165129
0.182402
0.169532
0.156359
0.158662
0.149510
0.138147
0.131297
0.126179
0.133300
0.133590
0.126664
0.131386
0.119588
0.119287
0.117784
0.152088
0.142305
0.148003
0.165358
0.177283
0.195681
0.185692
0.167379
0.169479
0.161487
0.148931
0.148005
0.145772
0.149762
0.155262
0.157288
0.170065
0.154169
0.147983
0.151516
0.169221
0.162731
0.170912
0.185444
0.204041
0.221230
0.210679
0.204331
0.209991
0.211584
0.196738
0.202378
0.197913
0.195610
0.195348
0.197390
0.201700
0.204448
0.207469
0.208996
0.218394
0.205633
0.199412
0.227939
0.224996
0.234287
0.248450
0.272307
0.293510
0.273247
0.277156
0.286523
0.290412
0.271153
0.278059
0.269080
0.262635
0.258341
0.261303
0.261812
0.267974
0.271662
0.281143
0.308293
0.305365
0.318868
11.435299
11.438134
11.436767
11.438095
11.442681
11.443398
11.448043
11.448355
11.452582
11.452451
11.449402
11.449466
0.324626
0.322052
0.331416
11.455734
11.458775
11.451694
11.455418
11.457962
11.452792
11.456451
11.455473
11.456604
11.461864
11.465279
11.469218
11.468460
11.469159
11.466245
11.461923
11.459635
11.461599
11.460097
11.465993
11.468368
11.472484
11.470820
11.469188
11.472046
11.475789
11.478648
11.484024
11.476278
11.478117
11.480376
11.479561
11.474415
11.473177
11.468886
11.468003
11.464496
11.461799
11.458238
11.462732
11.466238
11.467120
11.481703
11.477336
11.477692
11.483318
11.489039
11.493523
11.489487
11.488761
11.484651
11.484710
11.484634
11.482136
11.477011
11.475824
11.471559
11.469692
11.465413
11.462404
11.465065
11.468591
0.371394
11.472684
11.472991
11.481409
11.481377
11.485581
11.483957
0.403211
0.409179
0.430396
0.378294
0.366056
0.354357
0.359208
0.338646
0.323215
0.322439
0.308751
0.299665
0.286488
0.279590
0.285065
0.296513
0.297859
0.308717
0.309197
0.324526
0.322019
0.336479
0.321035
0.294778
0.303144
0.287821
0.277092
0.282759
0.269407
0.273689
0.254884
0.244205
0.247508
0.240582
0.228199
0.223388
0.225257
0.233619
0.234440
0.242874
0.238089
0.247682
0.238488
0.216145
0.224139
0.216669
0.195652
0.196218
0.181979
0.186742
0.171655
0.167982
0.173493
0.170077
0.160047
0.153931
0.156340
0.148328
0.149424
0.148312
0.155351
0.159689
0.159758
0.156209
0.162659
0.154538
0.140294
0.148801
0.140987
0.128801
0.130927
0.122302
0.124714
0.115227
0.111062
0.114083
0.112693
0.107937
0.108422
0.113391
0.107759
0.107622
0.112878
0.107710
0.107234
0.111466
0.109288
0.117230
0.114151
0.104532
0.114553
0.106928
0.093984
0.096852
0.092069
0.095478
0.089081
0.085407
0.086532
0.088513
0.088485
0.094340
0.088302
0.086949
0.092641
0.079743
0.083558
0.098519
0.084449
0.082618
0.089751
0.097355
0.073810
0.071734
0.072870
0.081207
0.088206
0.107953
0.128267
0.153759
0.151462
0.178260
0.207487
0.185122
0.168099
0.138959
0.128293
0.072564
0.078913
0.088959
0.079924
0.077065
0.073184
0.084556
0.086902
0.083793
0.084309
0.088443
0.091170
0.092603
0.091530
0.099061
0.108666
0.122656
0.114337
0.106234
0.121021
0.083095
0.090839
0.105875
0.085288
0.073880
0.071335
0.083733
0.071161
0.071208
0.070390
0.074018
0.074806
0.076352
0.079342
0.085433
0.085707
0.094103
0.102646
0.096851
0.093350
0.102441
0.085985
0.081367
0.069528
0.074384
0.081651
0.072022
0.071136
0.078507
0.074606
0.071459
0.075712
0.076649
0.077217
0.077297
0.075660
0.073517
0.076462
0.083974
0.094833
0.089045
0.084180
0.094445
0.077103
0.078504
0.087148
0.086174
0.085513
0.104447
0.096914
0.083763
0.100731
0.093318
0.093438
0.099092
0.099842
0.108969
0.111368
0.104676
0.111464
0.122718
0.112344
0.104066
0.111593
0.097548
0.098037
0.101648
0.106813
0.119889
0.110764
0.124058
0.122820
0.139773
0.135315
0.134220
0.143867
0.148949
0.154861
0.161282
0.163746
0.176023
0.182236
0.201363
0.216630
0.212828
0.205689
0.187230
0.174979
0.144614
0.147089
0.158836
0.160194
0.166532
0.185588
0.173048
0.159386
0.164726
0.161982
0.163302
0.154441
0.143583
0.145278
0.134601
0.125502
0.114891
0.110713
0.113797
0.122183
0.124341
0.131260
0.132088
0.155332
0.155712
0.168249
0.162236
0.156039
0.171532
0.154672
0.143456
0.149013
0.138482
0.132937
0.121512
0.113114
0.118277
0.114472
0.103848
0.103242
0.100494
0.105346
0.107953
0.127914
0.120985
0.130888
0.134244
0.131616
0.144096
0.139698
0.116584
0.115919
0.104919
0.102308
0.099363
0.097626
0.103583
0.110162
0.109960
0.120544
0.104068
0.098931
0.103060
0.100017
0.113805
0.159143
0.113551
0.124212
0.158759
0.146286
0.101874
0.102389
0.097471
0.115492
0.129391
0.156834
0.198814
0.215320
0.183455
0.188975
0.217403
0.167423
0.142326
0.143930
0.129476
0.150759
0.098665
0.118634
0.143777
0.105642
0.099807
0.103586
0.110168
0.093651
0.092940
0.097204
0.104234
0.103863
0.103551
0.106464
0.110276
0.108031
0.112473
0.119688
0.113023
0.111856
0.118624
0.108461
0.105303
0.098390
0.106171
0.113724
0.099749
0.103970
0.108126
0.102651
0.127923
0.145675
0.171932
0.176321
0.198397
0.191549
0.184313
0.190152
0.200912
0.216330
0.226479
0.226490
0.222800
0.236250
0.211585
0.200410
0.182678
0.234332
0.319871
0.219543
0.167136
0.202655
0.144925
0.142522
0.155251
0.134862
0.148104
0.146757
0.159758
0.152851
0.183632
0.221644
0.258925
0.265935
0.244894
0.325713
0.116037
0.162058
0.231846
0.121671
0.113165
0.146677
0.136176
0.114358
0.129400
0.140859
0.161260
0.158131
0.187348
0.187641
0.246266
0.308423
0.374211
0.301198
0.244984
0.264594
0.122067
0.133401
0.148762
0.125721
0.129426
0.146793
0.139839
0.118486
0.085141
0.074321
0.080446
0.078134
0.078940
0.083522
0.084893
0.083766
0.089455
0.083340
0.080265
0.083185
0.071442
0.073485
0.075320
0.068261
0.067571
0.066980
0.073068
0.066665
0.064162
0.064194
0.069293
0.068950
0.070862
0.075703
0.078983
0.075809
0.080611
0.086428
0.085715
0.085468
0.079284
0.073469
0.061939
0.065665
0.069293
0.060632
0.061110
0.059982
0.064661
0.066241
0.067897
0.072586
0.074509
0.076805
0.076612
0.076592
0.078687
0.079861
0.084280
0.088483
0.087248
0.086809
0.092257
0.083226
0.079303
0.077806
0.080660
0.087547
0.085752
0.095394
0.108724
0.097394
0.097389
0.102458
0.105100
0.103916
0.106578
0.102859
0.098771
0.098945
0.102820
0.107206
0.108663
0.113567
0.115937
0.112914
0.105766
0.107862
0.112771
0.123564
0.114326
0.116387
0.128712
0.112619
0.123274
0.135896
0.145472
0.144832
0.148110
0.141154
0.138897
0.136400
0.136836
0.138435
0.139321
0.143457
0.146852
0.145647
0.140173
0.146841
0.157455
0.178888
0.155730
0.161344
0.172744
0.162435
0.160435
0.166731
0.168729
0.165890
0.166440
0.157957
0.157802
0.150638
0.145300
0.142655
0.151199
0.156312
0.167470
0.168859
0.171488
0.184770
0.176497
0.173790
0.185639
0.165703
0.174729
0.185054
0.184170
0.180143
0.174091
0.161497
0.154824
0.143830
0.142436
0.133734
0.125957
0.137993
0.150161
0.154964
0.158963
0.153967
0.178308
0.177065
0.188793
0.185381
0.183685
0.195090
0.180402
0.178071
0.183854
0.177894
0.172973
0.164464
0.154565
0.154944
0.146638
0.136692
0.131270
0.137381
0.146368
0.149309
0.171113
0.166363
0.174932
0.177499
0.174115
0.187275
0.172261
0.165137
0.169963
0.160884
0.154439
0.143309
0.133493
0.137244
0.130890
0.119096
0.114996
0.115567
0.123075
0.123508
0.153592
0.145554
0.153014
0.161742
0.161551
0.176520
0.163591
0.149241
0.150802
0.139420
0.131216
0.121675
0.116636
0.122721
0.119239
0.109158
0.104261
0.109641
0.096362
0.094358
0.089370
0.100594
0.107202
0.136728
0.126175
0.128989
0.146565
0.154820
0.170177
0.164633
0.145030
0.143517
0.138168
0.146476
0.142670
0.153384
0.163159
0.177016
0.186106
0.205492
0.178985
0.161641
0.161282
0.129343
0.134982
0.138149
0.128343
0.120448
0.131880
0.125392
0.110667
0.108420
0.100737
0.104703
0.098747
0.102153
0.105730
0.112212
0.112270
0.120711
0.130407
0.121609
0.115906
0.121445
0.108754
0.106520
0.093007
0.091641
0.092035
0.091362
0.084407
0.089476
0.086232
0.078050
0.076935
0.072038
0.075918
0.072704
0.075143
0.075738
0.081369
0.084297
0.092933
0.100378
0.097817
0.094743
0.086986
0.081205
0.065754
0.066655
0.071396
0.065489
0.060003
0.080390
0.078985
0.069164
0.064903
0.062377
0.066898
0.071928
0.073918
0.072541
0.077733
0.082385
0.090969
0.096384
0.096735
0.095401
0.104651
0.088152
0.081008
0.065626
0.073646
0.079063
0.064985
0.066578
0.069511
0.066119
0.077300
0.084558
0.094591
0.097419
0.104173
0.101287
0.094991
0.097271
0.104526
0.112140
0.114469
0.121308
0.123640
0.118038
0.107765
0.098975
0.109810
0.122606
0.104297
0.107698
0.116858
0.105556
0.113151
0.122632
0.129275
0.126933
0.129983
0.122031
0.114188
0.109345
0.113028
0.112031
0.121441
0.125830
0.136537
0.130853
0.136009
0.149761
0.138829
0.142000
0.163333
0.141885
0.143274
0.164188
0.167616
0.198355
0.217526
0.237057
0.232655
0.270995
0.304456
0.364866
0.394696
0.409982
0.396963
0.339556
0.291029
0.152996
0.194780
0.215767
0.153013
0.178868
0.227175
0.202329
0.177222
0.185304
0.186558
0.183504
0.180104
0.171520
0.169645
0.162592
0.159749
0.154331
0.150943
0.156415
0.164015
0.169252
0.168644
0.165945
0.182469
0.183797
0.197108
0.191284
0.192415
0.206723
0.192041
0.185710
0.190351
0.182648
0.177894
0.170046
0.163554
0.165419
0.161381
0.154988
0.154291
0.153929
0.158296
0.161181
0.176596
0.170916
0.175832
0.181695
0.175934
0.190152
0.176534
0.160782
0.162988
0.150407
0.147976
0.137585
0.131773
0.135202
0.130797
0.122648
0.121298
0.122305
0.126712
0.131221
0.139089
0.134097
0.139510
0.139551
0.134035
0.141887
0.138081
0.123937
0.120909
0.114259
0.113258
0.106654
0.101989
0.104444
0.101298
0.095533
0.094772
0.094607
0.097745
0.100003
0.108779
0.105915
0.112183
0.112880
0.114469
0.125729
0.118032
0.107525
0.107246
0.099182
0.095130
0.090122
0.089073
0.093212
0.092610
0.087279
0.086470
0.090419
0.083906
0.082858
0.083780
0.083988
0.085646
0.096961
0.090645
0.091961
0.102273
0.109468
0.120101
0.116618
0.105248
0.106854
0.106435
0.103485
0.100201
0.089590
0.088875
0.086185
0.083326
0.085246
0.091559
0.088034
0.091076
0.101811
0.090824
0.085655
0.108009
0.107446
0.122538
0.121716
0.128071
0.151195
0.130042
0.117526
0.124858
0.116086
0.110248
0.104866
0.098109
0.099854
0.101802
0.103527
0.113843
0.102320
0.099498
0.107448
0.110961
0.111158
0.128912
0.128773
0.146875
0.188105
0.164118
0.129153
0.131833
0.128305
0.118337
0.126684
0.142298
0.178975
0.214444
0.214085
0.258555
0.176541
0.138120
0.114643
0.152946
0.147096
0.179887
0.203603
0.778363
0.738145
0.667148
0.656985
0.642175
0.597704
0.619271
0.618337
0.644473
0.645758
0.633808
0.625308
0.661410
0.572161
0.580518
0.566431
0.571543
0.621709
0.652956
0.727290
0.772354
0.837341
0.870441
0.896976
0.541527
0.534816
0.549553
0.586210
0.598624
0.575032
0.549534
0.581077
0.616311
0.603031
0.666660
0.710445
0.726277
0.719467
0.775924
0.814942
0.787914
0.686034
0.758966
0.642528
0.674421
0.706602
0.728310
0.743226
0.637377
0.575251
0.696347
0.692574
0.802901
0.851096
0.953718
1.003392
1.081339
1.125415
1.136458
0.650095
0.682000
0.602597
0.576300
0.532474
0.545485
0.508025
0.490074
0.539982
0.430184
0.465674
0.381778
0.368276
0.404316
0.326977
0.326020
0.312413
0.288222
0.313689
0.337801
0.382720
0.429044
0.254196
0.264577
0.234107
0.208204
0.228850
0.225077
0.217814
0.266778
0.185179
0.187012
0.171142
0.173111
0.162591
0.158987
0.159006
0.157465
0.151749
0.170375
0.178529
0.200237
0.256621
0.275257
0.181013
0.190956
0.185741
0.197585
0.237377
0.242206
0.278588
0.279329
0.181301
0.187930
0.173280
0.168823
0.183007
0.199902
0.254642
0.295651
0.276154
0.239319
0.158734
0.158306
0.160381
0.173936
0.189849
0.177690
0.160736
0.155532
0.164222
0.156409
0.160651
0.189477
0.208217
0.263114
0.331780
0.331602
0.265999
0.148253
0.179803
0.127724
0.120110
0.099973
0.101860
0.095791
0.086342
0.084174
0.095563
0.078762
0.083079
0.086988
0.109337
0.081998
0.087471
0.088065
0.084158
0.091466
0.147129
0.140661
0.096546
0.103607
0.106701
0.117022
0.114733
0.121641
0.120463
0.130493
0.147456
0.162799
0.185901
0.181101
0.204742
0.240605
0.262177
0.129389
0.150366
0.146158
0.165028
0.219952
0.178735
0.209013
0.192356
0.204613
0.240049
0.250530
0.233129
0.272807
0.280748
0.327634
0.390511
0.439668
0.503673
0.558798
0.611905
0.669684
0.691427
0.738206
0.425642
0.472958
0.438296
0.483887
0.515566
0.544879
0.546852
0.606270
0.649292
0.711275
0.752771
0.792805
0.829133
0.839855
0.882379
0.647657
0.677655
0.684764
0.345867
0.311479
0.329736
0.343254
0.388510
0.428853
0.481253
0.511126
0.545110
0.287128
0.299592
0.267532
0.249932
0.252643
0.218417
0.201094
0.213641
0.245953
0.246657
0.231811
0.233104
0.226932
0.242135
0.251538
0.236090
0.223223
0.199641
0.209650
0.178819
0.164994
0.148696
0.150390
0.138501
0.126536
0.121490
0.141036
0.127581
0.139833
0.120525
0.124247
0.123950
0.115815
0.135814
0.162606
0.122547
0.133746
0.114807
0.117065
0.116756
0.117043
0.126681
0.135315
0.150496
0.164535
0.205160
0.207166
0.151195
0.172911
0.165145
0.191848
0.240668
0.298337
0.370653
0.415983
0.491601
0.533647
0.558882
0.176116
0.175888
0.209091
0.228159
0.302211
0.371686
0.464697
0.553903
0.636302
0.212963
0.250686
0.227909
0.274753
0.333680
0.387977
0.376866
0.318220
0.337679
0.358118
0.428266
0.476431
0.439874
0.360431
0.298638
0.278770
0.294142
0.252372
0.226345
0.242927
0.200078
0.191322
0.173331
0.144742
0.131051
0.119841
0.131263
0.150863
0.138398
0.235451
0.268902
0.253240
0.304661
0.333330
0.387277
0.318823
0.339877
0.389192
0.332137
0.373112
0.400716
0.431542
0.477007
0.523688
0.528538
0.588512
0.504731
0.456579
0.439276
0.486534
0.487020
0.583851
0.646541
0.711922
0.790659
0.860242
0.927973
0.624269
0.642704
0.672429
0.744554
0.818770
0.860413
0.859870
0.755229
0.672530
0.699907
0.642569
0.620951
0.593755
0.587730
0.592671
0.608326
0.635901
0.575581
0.577588
0.510318
0.427490
0.447125
0.457691
0.355256
0.378053
0.297061
0.246949
0.188769
0.185733
0.170351
0.140819
0.176366
0.177046
0.197453
0.241438
0.307235
0.354019
0.375867
0.141667
0.162869
0.138772
0.170732
0.182596
0.189385
0.189322
0.195356
0.211640
0.205579
0.231798
0.234005
0.278971
0.304136
0.313795
0.361392
0.412901
0.306186
0.344497
0.301943
0.338541
0.355603
0.410785
0.462625
0.547789
0.557742
0.652709
0.665113
0.588353
0.492741
0.471365
0.335680
0.297131
0.382837
0.442158
0.488523
0.453988
0.387327
0.394796
0.438469
0.369248
0.389689
0.350635
0.321414
0.315399
0.341704
0.327716
0.420958
0.407114
0.490600
0.551902
0.643690
0.708645
0.804275
0.876487
0.947445
0.581400
0.581675
0.623303
0.669344
0.707923
0.708502
0.702959
0.732841
0.756172
0.743936
0.679361
0.719082
0.656777
0.675580
0.727450
0.750258
0.718741
0.642466
0.623829
0.652639
0.642323
0.582448
0.568353
0.573677
0.550546
0.643162
0.705390
0.812835
0.867372
0.946656
0.990441
1.004391
0.467851
0.440643
0.462565
0.415131
0.489881
0.410846
0.485737
0.346666
0.333610
0.282075
0.237486
0.209963
0.186639
0.182817
0.204461
0.181138
0.412442
0.429821
0.488806
0.581750
0.659070
0.739329
0.759741
0.860922
0.903220
0.834887
0.665842
0.707244
0.721299
0.823686
0.918667
0.982599
0.945952
1.049327
1.054617
1.046883
1.056992
1.053454
1.143985
1.181850
1.197653
1.299812
1.348080
1.373405
1.407680
1.461870
1.345505
1.333158
1.415844
1.483507
1.513686
1.526475
1.541057
1.590503
1.627342
1.576199
1.529550
1.628805
1.698477
1.749562
1.713973
1.637845
1.644787
1.666200
1.641775
1.662413
1.645509
1.688061
1.625535
1.598934
1.752113
1.799103
1.787778
1.880660
1.895421
1.886605
1.863225
1.871330
1.902856
1.924756
1.916748
1.961498
2.003211
1.993886
2.078978
2.121563
2.206288
2.117921
2.102252
2.136234
2.095709
