# RMSF / nm
0.308977
0.285089
0.243408
0.265565
0.255868
0.282136
0.335677
0.364580
0.333902
0.366888
0.414137
0.382669
0.364855
0.315131
0.295851
0.219261
0.226736
0.253933
0.227774
0.258664
0.295509
0.353238
0.206451
0.200503
0.149236
0.143317
0.139673
0.169356
0.237866
0.257300
0.214474
0.246627
0.282385
0.284518
0.283873
0.224870
0.182131
0.154261
0.166582
0.197725
0.132783
0.125361
0.146774
0.123224
0.118892
0.105746
0.102155
0.104574
0.101629
0.090137
0.084825
0.078262
0.078756
0.077290
0.074351
0.085625
0.093782
0.104244
0.094976
0.087084
0.088381
0.099544
0.125410
0.089951
0.084976
0.087394
0.082355
0.094444
0.096474
0.101577
0.106957
0.114262
0.125618
0.175214
0.182709
0.137274
0.141056
0.160074
0.164610
0.180710
0.152460
0.121408
0.103678
0.126755
0.150910
0.109878
0.102581
0.119004
0.099040
0.093295
0.096289
0.086386
0.086333
0.081835
0.081077
0.084470
0.087738
0.087375
0.096133
0.086731
0.084006
0.091689
0.084812
0.085489
0.094667
0.088553
0.098750
0.113148
0.109860
0.091418
0.092524
0.087803
0.080025
0.076793
0.072669
0.074632
0.074703
0.071326
0.075768
0.069330
0.070245
0.073071
0.090032
0.084148
0.089690
0.100138
0.107634
0.122004
0.114065
0.098400
0.097298
0.090266
0.084142
0.081988
0.079509
0.080753
0.080170
0.078468
0.082487
0.077804
0.078243
0.081539
0.091921
0.087747
0.092094
0.099500
0.106743
0.119256
0.111704
0.103906
0.105519
0.102635
0.097513
0.096297
0.091230
0.090340
0.087697
0.085903
0.086665
0.087695
0.090277
0.095295
0.105403
0.104907
0.114154
0.113303
0.119128
0.134318
0.121173
0.115887
0.121057
0.120564
0.115365
0.113442
0.106173
0.104705
0.099899
0.098074
0.096616
0.096382
0.099610
0.103186
0.108396
0.104841
0.102078
0.124020
0.119175
0.128256
0.133202
0.146764
0.157878
0.155279
0.153241
0.147376
0.158188
0.176748
0.190312
0.207586
0.211722
0.245341
0.272624
0.309959
0.271527
0.244596
0.270615
0.156409
0.180096
0.208819
0.149533
0.148571
0.162891
0.146951
0.141738
0.132106
0.126219
0.122142
0.118222
0.114622
0.115194
0.113008
0.111004
0.110692
0.111795
0.112085
0.113780
0.117467
0.114031
0.112417
0.125822
0.122758
0.129769
0.133538
0.136430
0.146683
0.136918
0.133679
0.136459
0.133985
0.130824
0.128586
0.125623
0.125541
0.124243
0.123090
0.122930
0.124133
0.123516
0.124769
0.127393
0.125448
0.124143
0.133793
0.132058
0.138323
0.141410
0.143054
0.161303
0.142974
0.133355
0.138746
0.130825
0.122880
0.116453
0.110208
0.111745
0.107843
0.102776
0.100117
0.102236
0.100001
0.102316
0.105115
0.104726
0.126662
0.120977
0.130771
0.136698
0.140829
0.156516
0.141836
0.136766
0.141765
0.136218
0.129763
0.124681
0.119774
0.120791
0.119762
0.117095
0.118120
0.122877
0.117209
0.116976
0.120440
0.117473
0.116869
0.133332
0.129018
0.137273
0.141897
0.144077
0.157364
0.148783
0.136007
0.136556
0.129943
0.124321
0.121036
0.121911
0.125463
0.128419
0.128637
0.135493
0.125848
0.121928
0.121871
0.132506
0.126558
0.126591
0.140408
0.149964
0.159716
0.156608
0.145592
0.146397
0.152891
0.148099
0.155340
0.152202
0.147722
0.149866
0.157018
0.163819
0.161101
0.159465
0.168702
0.160571
0.165716
0.178153
0.171381
0.175949
0.175496
0.172089
0.192977
0.205926
0.225232
0.228871
0.240686
0.239018
0.225426
0.230144
0.250425
0.262845
0.266031
0.259373
0.278586
0.231581
0.248933
0.273057
0.246456
0.250947
0.280462
0.242900
0.247090
0.265514
0.263401
0.249855
0.238354
0.221885
0.210587
0.198028
0.194882
0.187658
0.207424
0.221769
0.237990
0.258699
0.241680
0.285090
0.304233
0.325155
0.367390
0.318321
0.322286
0.358118
0.361476
0.380222
0.355893
0.360980
0.357364
0.371767
0.400929
0.430483
0.410967
0.389305
0.411105
0.320046
0.309676
0.299330
0.332840
0.344248
0.372068
0.370436
0.304387
0.283906
0.259189
0.242951
0.254473
0.256292
0.262889
0.272173
0.275175
0.290059
0.274925
0.265462
0.277075
0.282812
0.284453
0.311849
0.285603
0.311568
0.356892
0.326405
0.289142
0.276256
0.275296
0.283795
0.284659
0.276045
0.313943
0.306352
0.261039
0.247786
0.268527
0.224502
0.211760
0.217228
0.216468
0.243027
0.251882
0.269043
0.305307
0.263696
0.246342
0.272057
0.233140
0.261916
0.288048
0.328880
0.393087
0.412970
0.476986
0.519747
0.598933
0.609662
0.698739
0.773908
0.720639
0.670286
0.737476
0.579717
0.546275
0.293631
0.338871
0.339194
0.287450
0.263431
0.288321
0.261698
0.232834
0.244213
0.229349
0.240287
0.236810
0.260332
0.307607
0.356110
0.335248
0.378224
0.452202
0.361885
0.307739
0.265801
0.276740
0.197460
0.208834
0.230141
0.194935
0.176456
0.190850
0.181059
0.155024
0.152690
0.142462
0.146888
0.138079
0.136412
0.145120
0.145295
0.135385
0.133181
0.139780
0.125977
0.122170
0.118850
0.124533
0.130673
0.132334
0.130798
0.136608
0.134931
0.132954
0.143664
0.141991
0.119850
0.114025
0.102880
0.107164
0.101061
0.108918
0.117155
0.125623
0.126814
0.137917
0.119296
0.110845
0.110377
0.095204
0.094444
0.096673
0.090782
0.088350
0.087294
0.101003
0.084411
0.075632
0.079637
0.086608
0.092469
0.093711
0.094213
0.098219
0.102088
0.110542
0.099515
0.095734
0.097697
0.085038
0.094199
0.100326
0.086275
0.105008
0.107015
0.125375
0.108643
0.112180
0.097493
0.090557
0.091318
0.099751
0.117049
0.130316
0.119238
0.130380
0.155394
0.123254
0.105892
0.095254
0.100880
0.097049
0.097534
0.097966
0.094070
0.100649
0.112714
0.099419
0.103806
0.104678
0.100313
0.103553
0.099312
0.099546
0.100535
0.102583
0.103927
0.108573
0.106080
0.103849
0.111712
0.094595
0.095622
0.100786
0.094623
0.096164
0.169762
0.101762
0.122498
0.137427
0.128165
0.128779
0.127277
0.122784
0.121788
0.120356
0.120058
0.121122
0.122056
0.123619
0.128568
0.123799
0.125972
0.135285
0.125890
0.121113
0.132556
0.119552
0.118190
0.125664
0.125691
0.126495
0.123292
0.117302
0.115765
0.113449
0.112454
0.112478
0.114520
0.116727
0.120488
0.121138
0.123277
0.133765
0.127120
0.126586
0.141835
0.123674
0.122485
0.129452
0.124923
0.123684
0.117625
0.110483
0.109721
0.104643
0.100136
0.097369
0.101892
0.106855
0.110745
0.118424
0.117095
0.125959
0.122496
0.121050
0.133360
0.123130
0.115056
0.120328
0.115790
0.113688
0.107254
0.101522
0.101798
0.097111
0.093506
0.089935
0.089075
0.090576
0.094528
0.098029
0.097673
0.096704
0.109485
0.106647
0.114203
0.114330
0.112626
0.125057
0.115661
0.103618
0.105978
0.098866
0.097103
0.090574
0.086870
0.088959
0.086271
0.081535
0.079040
0.080863
0.078152
0.080230
0.082166
0.082589
0.082669
0.091999
0.088500
0.095008
0.095881
0.094798
0.106587
0.099061
0.087403
0.086157
0.079360
0.078972
0.074348
0.072148
0.074356
0.073478
0.069258
0.068607
0.072585
0.067358
0.068026
0.070489
0.069604
0.069259
0.073865
0.072935
0.078214
0.074680
0.074109
0.081390
0.080239
0.071276
0.071802
0.071406
0.069004
0.067742
0.064163
0.065052
0.063793
0.061548
0.062879
0.065416
0.066122
0.067875
0.075188
0.066572
0.062769
0.074335
0.072071
0.081419
0.080175
0.088161
0.095971
0.093668
0.092202
0.106002
0.097249
0.095959
0.098735
0.093815
0.100635
0.096709
0.086444
0.082891
0.087771
0.081168
0.081287
0.083151
0.085433
0.095216
0.101995
0.121813
0.103319
0.121858
0.172229
0.159217
0.100228
0.102882
0.097190
0.098775
0.090671
0.089805
0.094879
0.097682
0.095580
0.102692
0.091220
0.088624
0.090982
0.090057
0.085694
0.084865
0.092374
0.095352
0.108842
0.093008
0.098235
0.109693
0.114101
0.113273
0.111861
0.101471
0.094888
0.094629
0.100657
0.110030
0.114132
0.122072
0.125159
0.118422
0.105347
0.111726
0.117522
0.139101
0.124438
0.124581
0.143715
0.111146
0.144283
0.172464
0.193542
0.201248
0.209760
0.192984
0.173571
0.176248
0.197443
0.219768
0.229762
0.242455
0.245057
0.231305
0.206320
0.184279
0.207798
0.240117
0.193466
0.178545
0.194877
0.165576
0.172340
0.185925
0.181418
0.189925
0.183255
0.177838
0.171991
0.172461
0.182684
0.192645
0.191591
0.187652
0.199720
0.160363
0.168183
0.181169
0.156422
0.137752
0.148492
0.138770
0.120645
0.124442
0.118353
0.119805
0.111647
0.101428
0.101222
0.096425
0.091762
0.090001
0.091306
0.094552
0.101243
0.102964
0.096655
0.105131
0.107957
0.121652
0.106141
0.100283
0.108851
0.099225
0.097471
0.105363
0.102594
0.101531
0.095755
0.088270
0.089020
0.087826
0.084616
0.086793
0.093110
0.088527
0.090303
0.099005
0.089508
0.085508
0.096362
0.097569
0.110828
0.104201
0.105690
0.121845
0.106264
0.105990
0.117487
0.122277
0.115611
0.117233
0.107214
0.098903
0.098730
0.105899
0.114436
0.118534
0.125790
0.129987
0.145688
0.124360
0.111321
0.127149
0.130987
0.148390
0.144331
0.155507
0.178109
0.147909
0.161917
0.178394
0.184284
0.170949
0.175971
0.162595
0.147772
0.139307
0.147939
0.146849
0.162904
0.169621
0.186437
0.192282
0.194828
0.213066
0.213055
0.224731
0.250171
0.214288
0.226010
0.242074
0.243460
0.227059
0.228594
0.210302
0.195997
0.180828
0.180675
0.172153
0.197484
0.211852
0.228579
0.249063
0.246458
0.265760
0.270374
0.280620
0.305077
0.271009
0.277731
0.290244
0.284464
0.264641
0.253668
0.234249
0.232193
0.215357
0.204484
0.187413
0.178338
0.186219
0.200963
0.203185
0.216481
0.216904
0.287822
0.266893
0.266703
0.298667
0.323452
0.333282
0.330304
0.332481
0.354857
0.361354
0.353565
0.343726
0.319891
0.308741
0.288586
0.286328
0.271415
0.252503
0.278226
0.298431
0.312994
0.306064
0.356203
0.354142
0.375846
0.374667
0.372342
0.395575
0.362365
0.358105
0.367608
0.352497
0.335260
0.316459
0.300370
0.305850
0.293499
0.272615
0.262567
0.267254
0.281173
0.278512
0.343916
0.324785
0.332787
0.360162
0.363167
0.382615
0.369289
0.339813
0.334828
0.313627
0.297778
0.282777
0.281150
0.296848
0.298247
0.282907
0.287058
0.267382
0.266327
0.255458
0.312327
0.290752
0.286055
0.323927
0.335471
0.349871
0.349889
0.317996
0.309276
0.295957
0.282514
0.279669
0.283832
0.295852
0.303416
0.299962
0.309918
0.288515
0.280303
0.274856
0.306451
0.293621
0.290175
0.319330
0.338684
0.352763
0.350665
0.333581
0.331490
0.328813
0.314612
0.320166
0.321678
0.325467
0.331241
0.332933
0.342035
0.330159
0.324437
0.326050
0.345984
0.340350
0.343626
0.363569
0.387590
0.405437
0.392425
0.390967
0.396615
0.400555
0.383589
0.394023
0.390088
0.387706
0.389815
0.394952
0.401697
0.396737
0.394640
0.401050
0.421180
0.420039
0.430239
0.441954
0.468344
0.484733
0.468392
0.481696
0.509975
0.523492
0.523407
0.514255
0.503720
0.487686
0.484414
0.499307
0.505664
0.516623
0.518999
0.541743
0.513551
0.497516
0.501272
0.538462
0.559631
0.588611
0.565694
0.543612
0.541458
0.529941
0.503047
0.504916
0.488846
0.488699
0.478474
0.467931
0.461463
0.468636
0.478982
0.483243
0.550821
0.536902
0.548976
0.554801
0.582783
0.617027
0.588631
0.566910
0.538358
0.532310
0.535487
0.514646
0.493469
0.498072
0.481589
0.463532
0.444670
0.440779
0.434646
0.444504
0.440417
0.462735
0.470847
0.501534
0.497867
0.520543
0.509324
0.491822
0.505253
0.518435
0.460675
0.446647
0.427535
0.427527
0.403323
0.392239
0.398813
0.387783
0.372316
0.358600
0.357610
0.348826
0.353211
0.346565
0.366668
0.375220
0.399742
0.388563
0.395747
0.397750
0.375404
0.384143
0.374425
0.351647
0.350132
0.331901
0.335307
0.315659
0.312107
0.322773
0.320177
0.306230
0.300456
0.307562
0.291485
0.288173
0.292726
0.301429
0.307227
0.298783
0.302298
0.302389
0.282256
0.290476
0.285196
0.260003
0.257710
0.242267
0.246461
0.234310
0.237185
0.247019
0.252771
0.246069
0.251767
0.263712
0.246448
0.237207
0.237279
0.232028
0.236449
0.223764
0.220405
0.224049
0.220565
0.208228
0.215561
0.216260
0.190891
0.187030
0.177491
0.185511
0.179942
0.190179
0.196230
0.209388
0.211939
0.227708
0.241682
0.230893
0.220719
0.230442
0.205746
0.201295
0.166647
0.170465
0.173239
0.166456
0.169651
0.175379
0.192461
0.166132
0.178827
0.178726
0.179609
0.187829
0.191943
0.191734
0.206381
0.222041
0.243240
0.223939
0.210671
0.226905
0.181585
0.194987
0.225736
0.191147
0.195406
0.217050
0.192526
0.208731
0.227695
0.242758
0.243992
0.252731
0.243391
0.226562
0.222425
0.235789
0.238124
0.252590
0.257219
0.277216
0.242616
0.259246
0.283783
0.252987
0.250775
0.268252
0.232712
0.259929
0.282461
0.291077
0.286863
0.288350
0.269350
0.249944
0.234735
0.240055
0.232068
0.261143
0.275579
0.295968
0.284402
0.294430
0.319835
0.295882
0.286393
0.306392
0.264526
0.287901
0.310494
0.311937
0.306105
0.298121
0.274294
0.258610
0.239765
0.244104
0.233427
0.216575
0.247735
0.268891
0.283853
0.278249
0.265455
0.297650
0.301216
0.325901
0.308013
0.292357
0.311291
0.275536
0.281746
0.298469
0.289420
0.280854
0.264080
0.242648
0.238656
0.219986
0.210060
0.191132
0.178464
0.191130
0.208902
0.211818
0.225835
0.224988
0.270929
0.263757
0.282094
0.281085
0.267563
0.285997
0.261321
0.245932
0.253171
0.233836
0.222351
0.201805
0.185050
0.190316
0.179454
0.160173
0.151792
0.154981
0.168462
0.169833
0.215584
0.198042
0.212303
0.226685
0.224990
0.241419
0.240844
0.195852
0.184097
0.159776
0.155203
0.154446
0.173066
0.202540
0.221066
0.204449
0.219822
0.253441
0.210310
0.184135
0.164075
0.175369
0.156684
0.166720
0.172973
0.148817
0.146753
0.155863
0.151926
0.143790
0.155767
0.150607
0.147621
0.140046
0.126375
0.131056
0.123927
0.110617
0.109860
0.106067
0.114311
0.116384
0.148578
0.147496
0.165900
0.165058
0.170668
0.199007
0.185225
0.144914
0.142612
0.123050
0.113858
0.099790
0.096086
0.106826
0.112244
0.109422
0.125510
0.102243
0.093548
0.095161
0.118503
0.104229
0.118178
0.133952
0.149917
0.188641
0.174866
0.116249
0.112203
0.088232
0.081436
0.070906
0.070547
0.080103
0.091979
0.095080
0.112141
0.086628
0.075242
0.081783
0.073134
0.067875
0.076357
0.078424
0.080790
0.091955
0.082721
0.076448
0.076789
0.074978
0.070440
0.073480
0.068124
0.070577
0.068935
0.068232
0.074044
0.072728
0.071088
0.082929
0.084062
0.085841
0.094492
0.089324
0.100919
0.124093
0.114868
0.092282
0.095869
0.099397
0.114725
0.114549
0.131290
0.148949
0.169150
0.167961
0.195339
0.218021
0.207918
0.197079
0.228935
0.165978
0.150223
0.097112
0.106546
0.116712
0.103999
0.103681
0.101673
0.116939
0.102132
0.090798
0.084348
0.086227
0.087955
0.094135
0.117149
0.122564
0.117775
0.150335
0.175347
0.175086
0.160283
0.121122
0.102326
0.084267
0.084827
0.093082
0.082556
0.085601
0.085384
0.092109
0.093887
0.112539
0.097025
0.095317
0.093215
0.077823
0.081859
0.078757
0.063845
0.064080
0.068683
0.078589
0.099434
0.092350
0.109274
0.159945
0.097762
0.120061
0.151808
0.151324
0.128481
0.130176
0.121744
0.119319
0.113914
0.105123
0.103012
0.110504
0.115065
0.132835
0.148175
0.143346
0.140716
0.161477
0.127251
0.112623
0.111510
0.112305
0.135370
0.126884
0.127398
0.159883
0.126392
0.113561
0.131885
0.127980
0.128819
0.132644
0.129384
0.113266
0.130714
0.163377
0.191417
0.174110
0.160081
0.185825
0.111762
0.123944
0.151090
0.123396
0.118826
0.141006
0.113404
0.111293
0.122258
0.117518
0.114304
0.110662
0.104285
0.100017
0.097197
0.100771
0.104541
0.108055
0.108938
0.119742
0.111949
0.113055
0.126413
0.123487
0.128511
0.146583
0.129801
0.124794
0.133660
0.133051
0.126663
0.124237
0.110642
0.103780
0.095985
0.097872
0.097057
0.094466
0.105484
0.113848
0.124539
0.115759
0.107210
0.131259
0.131950
0.148106
0.143760
0.143777
0.162908
0.138954
0.137973
0.148344
0.140722
0.136605
0.124715
0.111865
0.112361
0.102659
0.095041
0.088049
0.087271
0.089037
0.095787
0.101140
0.102102
0.101237
0.130226
0.124307
0.136284
0.139134
0.135202
0.152846
0.138563
0.119517
0.122658
0.113312
0.110474
0.102919
0.095911
0.097138
0.095406
0.092281
0.096311
0.093737
0.095123
0.102369
0.106580
0.104584
0.115487
0.113310
0.115099
0.129147
0.117204
0.110069
0.115623
0.114725
0.111948
0.112876
0.107548
0.102556
0.101769
0.106605
0.111237
0.112453
0.113339
0.124036
0.115448
0.117511
0.130137
0.125383
0.131915
0.149442
0.134606
0.128631
0.137181
0.137621
0.129682
0.128557
0.117555
0.111545
0.107927
0.111246
0.115832
0.117020
0.119845
0.130320
0.139591
0.138934
0.156122
0.156868
0.165390
0.191058
0.165061
0.158110
0.168958
0.165156
0.154608
0.153857
0.143133
0.138807
0.143010
0.149498
0.167817
0.182005
0.181084
0.178957
0.202531
0.165159
0.149455
0.165575
0.165775
0.184720
0.182635
0.192227
0.214207
0.190733
0.189969
0.200373
0.200159
0.186799
0.189442
0.180195
0.175687
0.172856
0.176385
0.181049
0.181950
0.183540
0.193677
0.208248
0.206129
0.219314
0.227561
0.243808
0.264642
0.239843
0.250428
0.265287
0.271879
0.256924
0.265824
0.254827
0.243297
0.238886
0.247591
0.250342
0.259584
0.262877
0.278445
0.284501
0.287774
0.307223
0.307527
0.327942
0.350980
0.322264
0.336748
0.349801
0.355211
0.334684
0.341236
0.326729
0.316363
0.307742
0.313204
0.312187
0.305478
0.324402
0.335895
0.349840
0.337114
0.325296
0.371946
0.369910
0.387931
0.399683
0.423166
0.451121
0.415551
0.428436
0.445763
0.447134
0.421092
0.423093
0.405165
0.396336
0.382933
0.378993
0.369610
0.388379
0.401179
0.412477
0.462728
0.454415
0.471795
0.494070
0.516735
0.549300
0.508629
0.514458
0.529315
0.524732
0.494351
0.492777
0.472039
0.468105
0.453764
0.442501
0.433812
0.447366
0.461743
0.468528
0.539925
0.526203
0.543064
0.573318
0.597687
0.628353
0.583755
0.607821
0.639020
0.656770
0.670408
0.659438
0.658286
0.650156
0.655858
0.669896
0.681591
0.680129
0.675812
0.696055
0.634037
0.625494
0.623919
0.656199
0.666891
0.698041
0.676595
0.632679
0.621857
0.592998
0.565618
0.556953
0.546879
0.563665
0.559844
0.536919
0.535995
0.520329
0.525450
0.514846
0.604730
0.589537
0.588460
0.594062
0.619557
0.664522
0.610053
0.607876
0.573049
0.572905
0.591472
0.575532
0.563826
0.583614
0.574145
0.544312
0.525690
0.533292
0.500159
0.496100
0.477182
0.514945
0.537717
0.534574
0.544417
0.567029
0.532288
0.490888
0.499118
0.510102
0.456871
0.446786
0.444076
0.451562
0.436800
0.417762
0.408416
0.394084
0.394103
0.385382
0.375289
0.393573
0.409451
0.419711
0.417633
0.409048
0.416277
0.422086
0.443340
0.414795
0.388613
0.399820
0.372002
0.379119
0.394346
0.388148
0.390627
0.375531
0.356500
0.349671
0.334827
0.325992
0.314048
0.333632
0.349048
0.359232
0.362913
0.363986
0.382741
0.363878
0.341818
0.356553
0.328295
0.328245
0.346991
0.335053
0.333552
0.314177
0.297131
0.289834
0.276396
0.273068
0.261776
0.252832
0.265082
0.278676
0.284258
0.289328
0.285564
0.309954
0.303863
0.319385
0.313403
0.295369
0.310734
0.289496
0.275751
0.278962
0.268422
0.268426
0.254847
0.243501
0.244298
0.234952
0.226005
0.216168
0.213696
0.213675
0.221370
0.222752
0.230987
0.232050
0.251312
0.247402
0.259635
0.253183
0.243417
0.255999
0.242908
0.230447
0.237448
0.225676
0.220823
0.205433
0.195435
0.202450
0.202641
0.193776
0.201969
0.185827
0.187000
0.187293
0.208321
0.200437
0.212823
0.218203
0.208636
0.200766
0.226913
0.200641
0.207421
0.201597
0.218283
0.214275
0.234475
0.237656
0.262185
0.281305
0.322786
0.345679
0.352650
0.339688
0.297248
0.268406
0.183760
0.194088
0.192070
0.181034
0.171428
0.165071
0.178512
0.173262
0.172020
0.167145
0.168569
0.165174
0.173573
0.184431
0.199469
0.204892
0.227126
0.197917
0.181846
0.186151
0.160490
0.164279
0.179321
0.163846
0.153810
0.150724
0.156867
0.159522
0.168100
0.170702
0.172227
0.164821
0.150162
0.145935
0.136160
0.131696
0.122955
0.118307
0.125069
0.136783
0.142687
0.145707
0.141389
0.164160
0.165955
0.181903
0.172497
0.165768
0.179497
0.158264
0.161723
0.171008
0.165476
0.159247
0.149687
0.139805
0.139766
0.136169
0.132539
0.136900
0.132755
0.136091
0.142487
0.159125
0.154260
0.166673
0.170032
0.168850
0.185151
0.173521
0.151641
0.149132
0.145245
0.131950
0.136373
0.126046
0.132913
0.130135
0.116506
0.114976
0.126766
0.111963
0.116961
0.132508
0.120607
0.116529
0.156880
0.150721
0.168919
0.170503
0.184950
0.189953
0.203111
0.179442
0.190103
0.182132
0.178580
0.169034
0.157408
0.157529
0.150283
0.143449
0.137938
0.136900
0.139328
0.146754
0.152253
0.149297
0.172568
0.169477
0.183046
0.182696
0.180620
0.198234
0.178025
0.173366
0.181683
0.172974
0.170301
0.156048
0.144581
0.150550
0.138579
0.123950
0.110689
0.108495
0.105460
0.112221
0.111615
0.123986
0.128987
0.161173
0.154462
0.165302
0.169987
0.164427
0.183422
0.162090
0.148929
0.153878
0.141145
0.131415
0.119780
0.109507
0.113145
0.106485
0.095035
0.092820
0.093408
0.100660
0.104600
0.134727
0.125240
0.135299
0.145943
0.149582
0.166224
0.153817
0.137280
0.140793
0.132676
0.122380
0.115891
0.106555
0.107644
0.102260
0.095244
0.095448
0.095116
0.100994
0.106002
0.130956
0.123460
0.134423
0.143481
0.146127
0.161470
0.146452
0.136585
0.139466
0.129393
0.117243
0.110280
0.102580
0.097611
0.093595
0.096030
0.098723
0.099076
0.107566
0.113039
0.125862
0.111266
0.102279
0.129850
0.116027
0.111548
0.132851
0.150867
0.164423
0.166255
0.143832
0.152262
0.150565
0.146714
0.141393
0.132602
0.132106
0.126884
0.122549
0.118329
0.118060
0.118887
0.125257
0.129437
0.129563
0.127134
0.150187
0.147952
0.159925
0.163458
0.173076
0.187824
0.174828
0.170650
0.174704
0.174532
0.172806
0.163930
0.154182
0.164454
0.158537
0.142394
0.135148
0.143168
0.124397
0.122114
0.118481
0.130349
0.139470
0.176246
0.174968
0.186338
0.187384
0.187980
0.214906
0.193531
0.161473
0.164386
0.141940
0.131659
0.121536
0.118897
0.126750
0.133833
0.136088
0.152523
0.131939
0.123139
0.133025
0.128785
0.118848
0.129527
0.135439
0.135662
0.147943
0.147549
0.118497
0.121945
0.105853
0.100236
0.084667
0.087102
0.098733
0.112402
0.120502
0.143840
0.116779
0.100728
0.117483
0.095092
0.084750
0.091356
0.098427
0.122382
0.158280
0.150433
0.121744
0.156343
0.133820
0.133097
0.114227
0.111210
0.131229
0.148197
0.150683
0.184636
0.138916
0.115852
0.121711
0.113695
0.110627
0.123057
0.110161
0.101549
0.105977
0.104861
0.096983
0.098202
0.087517
0.083568
0.082017
0.089585
0.121788
0.130614
0.111639
0.134838
0.153540
0.164356
0.167729
0.133957
0.100150
0.085580
0.092654
0.116786
0.087777
0.094399
0.105189
0.106222
0.088762
0.088005
0.093577
0.097515
0.102322
0.100045
0.099681
0.099615
0.099349
0.101230
0.103785
0.104187
0.106298
0.112949
0.105192
0.100802
0.101433
0.110142
0.120430
0.108252
0.115633
0.126251
0.118133
0.118548
0.126051
0.127206
0.123852
0.124002
0.118924
0.118588
0.116814
0.115797
0.117052
0.119642
0.119608
0.121238
0.120869
0.117474
0.130639
0.132198
0.142884
0.140138
0.147737
0.162215
0.153554
0.142726
0.146935
0.143844
0.137749
0.136112
0.129958
0.129152
0.125547
0.124083
0.124002
0.123844
0.128527
0.132149
0.131858
0.127438
0.146072
0.144388
0.154237
0.156486
0.162878
0.178542
0.163074
0.159004
0.164371
0.160675
0.154648
0.151858
0.145541
0.143152
0.137837
0.136301
0.134325
0.142055
0.146050
0.154725
0.161751
0.157803
0.165098
0.172536
0.183943
0.201438
0.188539
0.179226
0.183571
0.181100
0.173199
0.170045
0.160711
0.158919
0.152033
0.148338
0.143908
0.142080
0.147268
0.155600
0.164481
0.159618
0.154937
0.183519
0.179304
0.190216
0.197080
0.196497
0.216390
0.197518
0.181985
0.185850
0.173720
0.164491
0.152873
0.142199
0.145687
0.139190
0.127894
0.126222
0.125771
0.133341
0.137494
0.168113
0.157723
0.167097
0.179056
0.182840
0.198627
0.187080
0.172342
0.174239
0.167500
0.160318
0.155059
0.146692
0.147145
0.142742
0.137071
0.135779
0.137994
0.142646
0.147353
0.167840
0.163460
0.174630
0.178688
0.185908
0.203501
0.187561
0.178850
0.185117
0.179091
0.167994
0.161631
0.152178
0.154596
0.150343
0.144269
0.142540
0.146801
0.140443
0.139666
0.140105
0.142216
0.144446
0.179528
0.170563
0.181185
0.198104
0.207670
0.235497
0.214877
0.190759
0.195872
0.183907
0.186911
0.179981
0.191166
0.197887
0.219661
0.238246
0.266441
0.233116
0.210619
0.220753
0.169547
0.174681
0.190256
0.170281
0.160563
0.172005
0.161847
0.153052
0.154050
0.148097
0.149278
0.142547
0.143220
0.146219
0.149402
0.148406
0.154394
0.161971
0.155667
0.151649
0.156852
0.146694
0.144820
0.141405
0.137964
0.138938
0.143334
0.140460
0.151220
0.143071
0.130195
0.128235
0.123623
0.125086
0.121813
0.122395
0.123337
0.125955
0.126923
0.132760
0.138600
0.136863
0.134739
0.129066
0.125177
0.119160
0.118409
0.120720
0.119844
0.116598
0.124075
0.117908
0.113767
0.114197
0.111898
0.115114
0.114959
0.116525
0.119498
0.121934
0.120373
0.123959
0.128803
0.125150
0.123378
0.128315
0.119835
0.118131
0.108668
0.111750
0.113849
0.105826
0.102725
0.102684
0.104523
0.105829
0.107867
0.111689
0.113573
0.115415
0.112964
0.115939
0.118226
0.116608
0.121282
0.128565
0.123056
0.120615
0.116078
0.113659
0.113586
0.117290
0.126825
0.118406
0.128885
0.136512
0.143056
0.135838
0.142419
0.157884
0.171639
0.196405
0.216809
0.207719
0.240354
0.280066
0.319477
0.291337
0.261146
0.284492
0.156875
0.180390
0.191681
0.149389
0.144381
0.144525
0.146481
0.148275
0.154081
0.160744
0.175487
0.182924
0.194184
0.223047
0.237141
0.219411
0.238045
0.259815
0.255690
0.253054
0.223157
0.203436
0.150987
0.166900
0.176952
0.146677
0.140691
0.150591
0.142126
0.142616
0.148751
0.154479
0.158636
0.162079
0.156522
0.151704
0.148318
0.150700
0.150469
0.148894
0.155306
0.162437
0.168795
0.163819
0.156789
0.153959
0.163185
0.175915
0.158412
0.159738
0.171005
0.157914
0.162261
0.171082
0.170448
0.168307
0.164688
0.155216
0.153472
0.145599
0.139631
0.135912
0.143177
0.151042
0.157254
0.166580
0.167550
0.179254
0.171914
0.170003
0.181385
0.172373
0.161149
0.165373
0.157334
0.154062
0.145717
0.137918
0.142250
0.136965
0.127244
0.125745
0.125455
0.130359
0.132948
0.150144
0.145639
0.153069
0.154947
0.152491
0.165971
0.153498
0.144224
0.149238
0.144240
0.140011
0.134956
0.126384
0.124961
0.123123
0.122686
0.127327
0.124984
0.126591
0.134350
0.137368
0.136761
0.149765
0.145419
0.144589
0.158734
0.146269
0.135876
0.138445
0.134630
0.130153
0.124252
0.118397
0.121752
0.124302
0.120595
0.126417
0.136958
0.126444
0.122773
0.129522
0.119253
0.117237
0.132895
0.130783
0.144508
0.147329
0.151554
0.179111
0.153288
0.138335
0.148194
0.146258
0.139477
0.138837
0.131197
0.127111
0.137692
0.146807
0.170935
0.189172
0.186438
0.183243
0.211768
0.164006
0.143775
0.143903
0.144706
0.165606
0.161080
0.169972
0.191867
0.181007
0.154100
0.152168
0.143643
0.139235
0.143082
0.151625
0.154264
0.170248
0.187135
0.209457
0.186280
0.168649
0.178054
0.148122
0.145288
0.148764
0.158600
0.167209
0.190072
0.166715
0.160399
0.168492
0.164428
0.148681
0.148621
0.123446
0.119743
0.103085
0.090543
0.086228
0.101802
0.116573
0.137986
0.177075
0.181635
0.209175
0.188885
