# RMSF / nm
0.198137
0.157328
0.134812
0.145489
0.160810
0.154818
0.189690
0.208289
0.172894
0.182425
0.217139
0.188834
0.198795
0.182105
0.155481
0.151901
0.190917
0.239954
0.163203
0.172511
0.184259
0.193587
0.155111
0.150692
0.138785
0.148306
0.153476
0.178647
0.207065
0.231508
0.229230
0.270124
0.299640
0.302244
0.291324
0.241330
0.208015
0.134645
0.147739
0.155707
0.126376
0.116621
0.125291
0.115057
0.108821
0.105170
0.103668
0.103320
0.097540
0.091581
0.091133
0.091268
0.091749
0.098417
0.103421
0.105630
0.106526
0.118857
0.100813
0.092868
0.102305
0.100906
0.109664
0.110219
0.110809
0.125868
0.116839
0.103822
0.116078
0.115210
0.141819
0.129913
0.147423
0.160765
0.189423
0.193964
0.226666
0.257728
0.239418
0.223342
0.191282
0.173285
0.114114
0.116069
0.122022
0.134480
0.151757
0.171747
0.166757
0.145228
0.143089
0.137058
0.136158
0.134817
0.136933
0.139943
0.149462
0.156228
0.172746
0.155062
0.145122
0.151570
0.136547
0.138775
0.143489
0.140300
0.143873
0.160749
0.145725
0.136292
0.141732
0.136773
0.128176
0.120990
0.109271
0.109477
0.102089
0.094020
0.091962
0.095319
0.102633
0.108528
0.134558
0.128339
0.138386
0.146159
0.147221
0.164445
0.145602
0.140001
0.145958
0.138126
0.127949
0.120510
0.110707
0.112398
0.106220
0.098332
0.096532
0.097846
0.103526
0.106247
0.136433
0.129383
0.139821
0.148705
0.155609
0.173235
0.157809
0.147628
0.151871
0.142671
0.131285
0.126333
0.119629
0.121789
0.117137
0.110106
0.108228
0.110498
0.115067
0.119465
0.145202
0.137206
0.144706
0.158684
0.170627
0.190320
0.175723
0.163660
0.167172
0.166023
0.155646
0.161809
0.148966
0.145952
0.137369
0.133812
0.127678
0.123070
0.131782
0.141056
0.148541
0.146235
0.141816
0.176676
0.182210
0.207271
0.182817
0.200671
0.217893
0.220073
0.206216
0.212369
0.231027
0.253525
0.274391
0.299490
0.309239
0.351269
0.381042
0.425791
0.375740
0.341361
0.368852
0.230628
0.259601
0.273801
0.223824
0.222218
0.239323
0.219079
0.211368
0.197410
0.191653
0.181942
0.175853
0.164726
0.162321
0.153980
0.149475
0.141647
0.137157
0.142977
0.152166
0.156480
0.159509
0.157022
0.192385
0.185967
0.196371
0.205944
0.212320
0.228654
0.210934
0.206812
0.212154
0.206850
0.195602
0.188337
0.178913
0.178804
0.171364
0.165049
0.157679
0.156326
0.155542
0.161470
0.161900
0.169607
0.170138
0.208372
0.199756
0.207846
0.221857
0.230327
0.247719
0.230365
0.224637
0.229946
0.220319
0.204225
0.199186
0.192191
0.195216
0.191103
0.184983
0.181771
0.185120
0.179591
0.180392
0.183531
0.185591
0.224250
0.213941
0.221768
0.241136
0.256867
0.276125
0.269126
0.243980
0.241311
0.234810
0.222958
0.223338
0.221125
0.222186
0.222798
0.221609
0.224909
0.229050
0.227363
0.227167
0.234509
0.224384
0.221114
0.246520
0.239001
0.239739
0.260945
0.280510
0.300133
0.283533
0.284664
0.293888
0.300764
0.291159
0.301260
0.296554
0.288198
0.290669
0.302045
0.311463
0.310332
0.307380
0.320096
0.312282
0.318230
0.333725
0.328233
0.344130
0.363070
0.343944
0.345550
0.357534
0.363465
0.354961
0.358239
0.342804
0.345319
0.346634
0.345378
0.358731
0.342489
0.341731
0.352793
0.371728
0.377684
0.407916
0.389667
0.391443
0.396462
0.375454
0.416336
0.446942
0.477118
0.486360
0.506862
0.506618
0.483331
0.493862
0.529413
0.550520
0.549916
0.538573
0.563825
0.481492
0.511842
0.545102
0.499609
0.494093
0.534999
0.461881
0.489972
0.521417
0.513563
0.496232
0.476516
0.443514
0.430470
0.404593
0.390352
0.372476
0.404785
0.430723
0.445011
0.495207
0.482457
0.508858
0.518803
0.510851
0.544273
0.489285
0.495734
0.496453
0.487085
0.513127
0.501784
0.529975
0.552325
0.582851
0.593601
0.624903
0.574972
0.544196
0.540722
0.455225
0.469575
0.454766
0.441885
0.422617
0.426521
0.435920
0.391112
0.376924
0.351627
0.355476
0.342559
0.362138
0.386942
0.409819
0.407817
0.434589
0.383809
0.360553
0.343228
0.337966
0.328747
0.320573
0.328261
0.346991
0.368525
0.345154
0.358517
0.347787
0.364531
0.379355
0.389049
0.390745
0.421475
0.421329
0.386790
0.374729
0.391281
0.346309
0.332332
0.315584
0.342755
0.369103
0.354462
0.377250
0.399133
0.355828
0.342546
0.357581
0.322461
0.349179
0.361361
0.370565
0.382688
0.394333
0.421726
0.447837
0.490770
0.488818
0.534249
0.582695
0.535069
0.501208
0.527306
0.459090
0.450554
0.371618
0.401894
0.439722
0.395346
0.379735
0.416320
0.348504
0.374741
0.408299
0.407106
0.405372
0.392504
0.363409
0.344593
0.330011
0.341540
0.347640
0.341728
0.370644
0.385718
0.383786
0.361200
0.377110
0.384430
0.421647
0.389995
0.361204
0.392286
0.342431
0.331852
0.346716
0.327526
0.326986
0.303081
0.284051
0.280851
0.268777
0.263979
0.260038
0.258097
0.268372
0.277892
0.292554
0.280696
0.273767
0.293360
0.287555
0.307668
0.294821
0.270785
0.283166
0.273866
0.243293
0.244445
0.230570
0.235862
0.223010
0.217466
0.220413
0.221805
0.218622
0.225241
0.216876
0.217166
0.224141
0.207478
0.211791
0.230229
0.202979
0.190612
0.191303
0.201823
0.176825
0.170667
0.167696
0.173774
0.171596
0.169786
0.175763
0.179699
0.177626
0.185616
0.171267
0.167197
0.167502
0.164438
0.169066
0.184292
0.172620
0.138190
0.177054
0.185005
0.165595
0.158497
0.184554
0.249204
0.264678
0.329376
0.419300
0.474740
0.416127
0.434220
0.518197
0.374970
0.302859
0.273978
0.330299
0.163325
0.214093
0.196293
0.148829
0.124162
0.123626
0.122451
0.126911
0.139225
0.142993
0.141223
0.152510
0.161221
0.175748
0.224422
0.254462
0.316654
0.234347
0.187800
0.190163
0.149139
0.187328
0.253481
0.145555
0.157880
0.194368
0.229949
0.133385
0.139117
0.134109
0.143425
0.145638
0.144211
0.147430
0.150140
0.148963
0.153299
0.148294
0.146743
0.151795
0.129075
0.142767
0.159679
0.130848
0.133116
0.145991
0.133428
0.135746
0.149162
0.151989
0.150502
0.150180
0.139271
0.133864
0.128428
0.129208
0.129021
0.135473
0.140250
0.149364
0.148771
0.153647
0.170350
0.158516
0.158977
0.177899
0.152226
0.157121
0.169022
0.165266
0.159945
0.153543
0.140984
0.135840
0.126240
0.122329
0.116930
0.128340
0.137278
0.145098
0.158090
0.155772
0.169330
0.167313
0.166095
0.181569
0.161851
0.160855
0.168995
0.161498
0.156460
0.146015
0.135803
0.133435
0.123886
0.119786
0.112238
0.107563
0.114007
0.121676
0.125094
0.128651
0.127259
0.151836
0.145563
0.154663
0.158437
0.152919
0.168043
0.152207
0.139233
0.142492
0.131886
0.127430
0.118158
0.111711
0.114612
0.108959
0.101470
0.096006
0.095558
0.095685
0.100114
0.104486
0.104132
0.104294
0.123468
0.117007
0.124157
0.129260
0.129684
0.144457
0.136958
0.116353
0.117043
0.108722
0.103734
0.098351
0.093089
0.096207
0.093581
0.086928
0.084982
0.088416
0.085574
0.089475
0.096601
0.090917
0.088473
0.105768
0.101005
0.107750
0.113189
0.114970
0.128561
0.116117
0.113915
0.109108
0.108140
0.108280
0.109888
0.108429
0.105976
0.108209
0.111923
0.118513
0.121975
0.125308
0.126257
0.137508
0.120190
0.112657
0.114586
0.112609
0.121065
0.123651
0.133632
0.140380
0.148762
0.128514
0.131393
0.142298
0.143308
0.153995
0.153393
0.168174
0.172645
0.157626
0.159218
0.177508
0.150554
0.142054
0.140258
0.146559
0.150136
0.164229
0.189127
0.159983
0.168678
0.176847
0.186604
0.158747
0.167522
0.161662
0.155470
0.140542
0.133339
0.142721
0.145759
0.138307
0.148613
0.125665
0.124029
0.121642
0.154065
0.138780
0.133464
0.162491
0.171324
0.195181
0.164718
0.170350
0.195696
0.184471
0.171402
0.167510
0.157401
0.154548
0.158265
0.162182
0.178044
0.192394
0.192350
0.191946
0.179333
0.162916
0.180350
0.179011
0.201688
0.200179
0.202294
0.229540
0.195886
0.193253
0.207380
0.203746
0.193561
0.190475
0.176371
0.167594
0.159755
0.164034
0.166869
0.163180
0.182201
0.192618
0.190389
0.175645
0.199206
0.198346
0.217018
0.213376
0.227965
0.266493
0.240268
0.209326
0.218186
0.216773
0.210983
0.220715
0.221446
0.211630
0.234834
0.265354
0.301931
0.272424
0.251478
0.273478
0.215581
0.231048
0.259662
0.228983
0.229391
0.247804
0.226997
0.221537
0.228815
0.221380
0.219183
0.212439
0.205884
0.207000
0.205631
0.203238
0.207232
0.213134
0.213297
0.214894
0.210978
0.204520
0.212035
0.211051
0.222145
0.215804
0.211683
0.220143
0.212397
0.205028
0.207215
0.199454
0.199089
0.190822
0.187085
0.190998
0.188689
0.182531
0.180530
0.184785
0.177177
0.177774
0.178351
0.179891
0.181832
0.192233
0.188093
0.193395
0.195207
0.194232
0.203071
0.198786
0.187239
0.188164
0.184411
0.179804
0.178973
0.178079
0.180685
0.183566
0.182077
0.187273
0.193956
0.188947
0.186387
0.193211
0.181838
0.179256
0.186296
0.184225
0.190452
0.195378
0.205728
0.220238
0.207153
0.206883
0.212801
0.214312
0.205858
0.209390
0.204416
0.199498
0.198769
0.203112
0.206846
0.208402
0.209027
0.217738
0.221504
0.221586
0.231735
0.235979
0.247820
0.267428
0.244135
0.248338
0.258637
0.259943
0.248289
0.250844
0.240440
0.231954
0.225585
0.228168
0.227236
0.237490
0.243736
0.255418
0.266118
0.264729
0.278443
0.282466
0.292934
0.311774
0.287849
0.292567
0.301051
0.298996
0.283907
0.280766
0.267103
0.264543
0.254446
0.249814
0.242277
0.237779
0.244601
0.253376
0.258951
0.260047
0.257759
0.307113
0.294062
0.299959
0.317440
0.337106
0.341057
0.350802
0.341275
0.357602
0.361229
0.351163
0.345185
0.327766
0.318079
0.304796
0.306039
0.299170
0.287616
0.307285
0.320983
0.328131
0.320242
0.362076
0.357865
0.374502
0.380338
0.386228
0.408352
0.382383
0.375195
0.383128
0.372799
0.356872
0.345560
0.331145
0.332588
0.322104
0.308139
0.300837
0.307256
0.318780
0.320499
0.369647
0.356655
0.366550
0.386187
0.392595
0.412268
0.394424
0.379249
0.380826
0.369589
0.354166
0.346938
0.340243
0.344245
0.340354
0.331954
0.330646
0.328457
0.332550
0.332466
0.372802
0.359595
0.363235
0.388393
0.401922
0.419350
0.407645
0.394011
0.394832
0.389053
0.376022
0.376438
0.373173
0.375489
0.375812
0.374168
0.377715
0.372386
0.372010
0.374397
0.398090
0.391844
0.397035
0.412486
0.427488
0.443978
0.430653
0.424301
0.428620
0.425693
0.409854
0.411209
0.405273
0.405275
0.402220
0.399201
0.398611
0.400266
0.403298
0.407268
0.437394
0.430445
0.437812
0.456463
0.474641
0.495401
0.474588
0.472882
0.479911
0.477757
0.457967
0.460139
0.450825
0.450447
0.446276
0.442306
0.442194
0.442595
0.446888
0.450456
0.492074
0.484327
0.494299
0.514498
0.535417
0.556526
0.530260
0.543064
0.566169
0.577044
0.583697
0.573961
0.571107
0.562872
0.566126
0.579235
0.589447
0.588452
0.585004
0.600858
0.561373
0.551491
0.550455
0.579079
0.591205
0.615717
0.598754
0.569716
0.563692
0.546771
0.525217
0.523199
0.514756
0.523212
0.520090
0.507613
0.507685
0.499819
0.503312
0.499899
0.559834
0.549311
0.554091
0.555909
0.577185
0.611117
0.574979
0.565585
0.539622
0.536903
0.546955
0.532148
0.519977
0.531511
0.522447
0.502517
0.489175
0.493240
0.474264
0.474411
0.465433
0.487713
0.500825
0.507768
0.511800
0.530502
0.508305
0.482695
0.492619
0.496367
0.461964
0.458465
0.449285
0.454759
0.438786
0.427838
0.426700
0.417288
0.412005
0.404418
0.400519
0.404801
0.412168
0.414431
0.419348
0.418681
0.424750
0.423909
0.434897
0.420300
0.397245
0.403024
0.390179
0.384590
0.389786
0.382488
0.388563
0.376252
0.367519
0.367225
0.362307
0.358740
0.356752
0.357315
0.358472
0.362040
0.364253
0.362129
0.359772
0.362069
0.374709
0.355285
0.334530
0.339612
0.327772
0.325887
0.333255
0.328240
0.334519
0.324666
0.318770
0.318232
0.316736
0.315740
0.316790
0.318929
0.318403
0.320215
0.325018
0.319887
0.317054
0.307919
0.311470
0.321112
0.305504
0.288529
0.296873
0.283493
0.277599
0.282465
0.274947
0.276436
0.265289
0.267485
0.268537
0.272730
0.274071
0.280907
0.287167
0.283975
0.281808
0.289425
0.275770
0.271567
0.261984
0.256305
0.250720
0.263612
0.272971
0.276839
0.272861
0.289066
0.304949
0.310992
0.312762
0.323887
0.333703
0.330673
0.355732
0.386773
0.422135
0.384394
0.359189
0.370486
0.315544
0.335046
0.354567
0.321083
0.315926
0.328542
0.302439
0.318453
0.332451
0.331115
0.328190
0.323720
0.320544
0.321300
0.326463
0.331569
0.344219
0.330117
0.325225
0.332560
0.322697
0.322114
0.334099
0.330197
0.325379
0.340895
0.312547
0.325698
0.341021
0.341408
0.337740
0.332915
0.317779
0.305043
0.292836
0.294226
0.287906
0.308956
0.320320
0.335550
0.330980
0.333128
0.349798
0.338268
0.328815
0.343107
0.316893
0.323298
0.335333
0.330421
0.325852
0.315984
0.299657
0.292975
0.279402
0.277284
0.267292
0.257151
0.272651
0.285877
0.292987
0.294782
0.289998
0.317667
0.315804
0.330631
0.324852
0.314143
0.329658
0.304785
0.302436
0.311697
0.301119
0.293788
0.279652
0.266777
0.268221
0.256614
0.246029
0.232926
0.227806
0.228936
0.237886
0.236899
0.250074
0.252958
0.288584
0.279472
0.289907
0.297131
0.291744
0.306801
0.291923
0.274168
0.275789
0.260217
0.249996
0.236069
0.227263
0.234427
0.230117
0.216504
0.215082
0.209027
0.214940
0.212622
0.252584
0.237622
0.242609
0.262946
0.267533
0.280026
0.279141
0.250958
0.242559
0.229875
0.223416
0.226246
0.230752
0.243165
0.249256
0.239461
0.243179
0.258144
0.236843
0.227271
0.222659
0.228483
0.236027
0.239064
0.246737
0.231249
0.232509
0.250385
0.240751
0.215020
0.225021
0.209230
0.205970
0.193330
0.183838
0.190277
0.190660
0.184851
0.193143
0.178605
0.177430
0.177810
0.192824
0.190058
0.212467
0.207911
0.205357
0.257663
0.244305
0.164090
0.175820
0.197935
0.232523
0.276782
0.306819
0.288077
0.349248
0.419603
0.489985
0.432976
0.381250
0.416783
0.183097
0.250956
0.295218
0.171824
0.142543
0.156811
0.138120
0.126317
0.129753
0.113804
0.130283
0.125532
0.158800
0.166652
0.200192
0.230470
0.265750
0.222387
0.188194
0.191065
0.093766
0.119477
0.143287
0.094792
0.098069
0.120455
0.110673
0.100728
0.102029
0.101273
0.102452
0.100394
0.101301
0.103817
0.107998
0.109519
0.116919
0.108249
0.104184
0.107942
0.101031
0.101369
0.104911
0.104887
0.108443
0.115630
0.108332
0.117301
0.134960
0.126724
0.134119
0.142674
0.160813
0.205872
0.213431
0.215556
0.285917
0.308345
0.364679
0.364346
0.469832
0.275755
0.202326
0.127377
0.142774
0.167538
0.131109
0.122224
0.117918
0.133371
0.125322
0.113834
0.108142
0.103449
0.104222
0.106115
0.115104
0.143462
0.159499
0.213810
0.250167
0.249898
0.234942
0.184962
0.143303
0.111547
0.125763
0.150341
0.108139
0.114258
0.116413
0.115449
0.131927
0.165484
0.146112
0.133237
0.117940
0.122834
0.145913
0.177427
0.179342
0.213197
0.155871
0.134570
0.150618
0.133630
0.123345
0.141061
0.165412
0.185816
0.213861
0.218673
0.165480
0.161406
0.162010
0.161723
0.169031
0.172587
0.180062
0.188063
0.186178
0.198906
0.210079
0.208013
0.206059
0.230137
0.190567
0.179718
0.177497
0.183655
0.235326
0.231934
0.264791
0.335874
0.249486
0.259226
0.267005
0.269021
0.266764
0.266423
0.281629
0.311321
0.369869
0.390270
0.453936
0.347759
0.301596
0.305648
0.280910
0.285174
0.359680
0.337492
0.312548
0.316207
0.316799
0.303545
0.319097
0.315029
0.332283
0.315789
0.308536
0.313290
0.315836
0.313542
0.322922
0.309348
0.306973
0.309214
0.278930
0.287096
0.303808
0.272452
0.240211
0.259366
0.232274
0.219299
0.222225
0.213132
0.222620
0.215277
0.210077
0.208135
0.205785
0.206898
0.209243
0.210340
0.214109
0.215670
0.222740
0.213770
0.209476
0.195730
0.200819
0.209375
0.191357
0.180536
0.187600
0.178119
0.176578
0.184122
0.186096
0.191293
0.187412
0.176755
0.172903
0.167565
0.166879
0.164649
0.163151
0.169273
0.177159
0.186059
0.179800
0.173410
0.177457
0.184463
0.201501
0.183139
0.180721
0.195228
0.176084
0.182001
0.195158
0.195453
0.190785
0.183789
0.169066
0.164007
0.156893
0.153673
0.153789
0.157700
0.165845
0.174895
0.191313
0.190640
0.206355
0.205172
0.202597
0.230825
0.189087
0.198177
0.219632
0.217645
0.200671
0.200285
0.183633
0.170441
0.164517
0.172650
0.179134
0.185664
0.191933
0.212761
0.218308
0.217869
0.240485
0.242935
0.253689
0.283445
0.248513
0.245746
0.258231
0.252110
0.229209
0.224975
0.206308
0.198984
0.186053
0.179327
0.173230
0.188102
0.201723
0.215562
0.258623
0.248048
0.267478
0.287033
0.303058
0.335489
0.301667
0.290566
0.301862
0.290680
0.262485
0.252169
0.233307
0.235883
0.226323
0.213939
0.207694
0.213376
0.205158
0.210761
0.218541
0.219155
0.218676
0.296605
0.276905
0.293285
0.328760
0.348412
0.383188
0.345684
0.337603
0.349432
0.336608
0.307261
0.296767
0.278094
0.281825
0.272431
0.258489
0.257117
0.254659
0.264237
0.266467
0.343473
0.321410
0.332041
0.374167
0.391204
0.428145
0.382072
0.381116
0.399394
0.386984
0.358662
0.345769
0.320774
0.317655
0.300563
0.286371
0.276806
0.289804
0.306859
0.315519
0.387759
0.368480
0.386334
0.418824
0.431177
0.466646
0.426696
0.415155
0.428336
0.408482
0.382240
0.366947
0.350858
0.356319
0.342725
0.327362
0.314807
0.313244
0.310899
0.317192
0.319071
0.328041
0.332774
0.410224
0.388192
0.397315
0.435876
0.453784
0.482535
0.461966
0.436689
0.437721
0.423413
0.397709
0.393670
0.385435
0.394482
0.392835
0.380984
0.383837
0.373796
0.375913
0.375965
0.439034
0.422631
0.429558
0.464934
0.502878
0.520245
0.533182
0.509066
0.512754
0.543656
0.532757
0.585423
0.595002
0.574546
0.604051
0.651136
0.689350
0.668393
0.646686
0.688107
0.591592
0.625933
0.658862
0.616201
0.656147
0.690240
0.648176
0.672648
0.712936
0.724001
0.743745
0.718195
0.723174
0.719423
0.728387
0.746499
0.764780
0.752622
0.740536
0.754166
0.678694
0.664868
0.647287
0.695425
0.704689
0.741307
0.718282
0.658688
0.638513
0.600621
0.571627
0.564721
0.560927
0.584117
0.587378
0.564648
0.570518
0.543300
0.541573
0.529418
0.614019
0.602120
0.601889
0.598068
0.621433
0.640048
0.659954
0.591685
0.580105
0.555818
0.582009
0.595097
0.641477
0.663340
0.727124
0.755071
0.846252
0.912952
0.878893
0.826665
0.886550
0.737140
0.704661
0.542874
0.579260
0.599983
0.511825
0.498190
0.529049
0.486591
0.485145
0.502361
0.488865
0.492833
0.464022
0.439524
0.444635
0.426741
0.407676
0.389911
0.387923
0.381337
0.390378
0.387432
0.408838
0.415749
0.447599
0.445158
0.471096
0.453213
0.419867
0.446781
0.397806
0.394086
0.410650
0.387530
0.381131
0.352913
0.334357
0.337853
0.326814
0.312749
0.309933
0.310666
0.320369
0.322899
0.356976
0.342842
0.357623
0.367600
0.351878
0.380695
0.339535
0.329661
0.339552
0.323136
0.313252
0.296877
0.281490
0.277751
0.265893
0.262977
0.259346
0.255710
0.268876
0.279039
0.294535
0.280710
0.272922
0.308923
0.299348
0.315117
0.325351
0.321634
0.352081
0.309831
0.307874
0.322276
0.315883
0.298406
0.290271
0.266633
0.256192
0.240717
0.239970
0.233124
0.224965
0.246997
0.266194
0.286644
0.272134
0.257676
0.313394
0.306580
0.332489
0.340979
0.348922
0.386601
0.336938
0.335409
0.356499
0.346119
0.321147
0.305447
0.272772
0.265352
0.242691
0.224628
0.209553
0.231596
0.256698
0.271302
0.338302
0.321914
0.348987
0.369912
0.371356
0.353757
0.408289
0.360616
0.374590
0.391541
0.420249
0.426689
0.451079
0.448692
0.479311
0.505003
0.549349
0.573942
0.578022
0.562431
0.519051
0.490669
0.376011
0.393234
0.399144
0.389284
0.369841
0.340357
0.393171
0.374863
0.318049
0.313428
0.323618
0.318521
0.331291
0.341050
0.368085
0.381168
0.415936
0.372575
0.349391
0.358343
0.300757
0.302780
0.294665
0.281263
0.267172
0.288786
0.255208
0.256792
0.277614
0.277715
0.258588
0.249799
0.219138
0.204619
0.184293
0.184545
0.174264
0.163923
0.187516
0.209521
0.226392
0.220375
0.206508
0.277906
0.269446
0.300162
0.311430
0.321113
0.362251
0.315219
0.297652
0.303215
0.275668
0.259801
0.253269
0.233966
0.243607
0.237217
0.222614
0.226210
0.214157
0.218172
0.216532
0.262813
0.286794
0.340491
0.260044
0.243767
0.254465
0.245757
0.238529
0.248548
0.269908
0.264059
0.287878
0.262696
0.284950
0.267373
0.235366
0.229900
0.250000
0.218561
0.201993
0.203052
0.205988
0.227581
0.287396
0.309170
0.378437
0.297668
0.288601
0.279736
0.339817
0.247568
0.236002
0.207606
0.204386
0.188120
0.178610
0.183777
0.186978
0.184620
0.202176
0.219359
0.218463
0.215990
0.198404
0.181744
0.190360
0.187756
0.205847
0.196510
0.193891
0.209248
0.230115
0.190019
0.212890
0.205079
0.192081
0.186532
0.173004
0.170349
0.162463
0.157984
0.152667
0.150299
0.156738
0.166597
0.176223
0.171893
0.166006
0.205950
0.199234
0.214848
0.225118
0.235686
0.260510
0.232348
0.229730
0.240607
0.233310
0.212588
0.205235
0.189679
0.186764
0.176903
0.169165
0.164217
0.171888
0.182096
0.188562
0.237980
0.224122
0.237242
0.263452
0.278398
0.307800
0.278579
0.265018
0.269924
0.257155
0.236766
0.230924
0.223033
0.224320
0.218264
0.211161
0.209361
0.211139
0.216638
0.218850
0.264539
0.247983
0.251114
0.284958
0.305931
0.327389
0.313212
0.298154
0.293688
0.287683
0.275275
0.278870
0.269750
0.263323
0.258120
0.260915
0.260266
0.256792
0.267687
0.275644
0.285637
0.276646
0.268556
0.301482
0.296325
0.306415
0.305198
0.312773
0.317359
0.319320
0.312667
0.317218
0.317688
0.315095
0.311901
0.310238
0.315861
0.316419
0.309169
0.307134
0.310804
0.303365
0.302934
0.303635
0.304324
0.306729
0.316156
0.315146
0.326944
0.325541
0.328739
0.345644
0.323863
0.324958
0.332551
0.328147
0.319934
0.316412
0.311928
0.314333
0.312855
0.308397
0.308275
0.311230
0.308983
0.310165
0.316520
0.310044
0.308621
0.325788
0.319104
0.328532
0.337307
0.336181
0.352336
0.340104
0.318144
0.316381
0.302470
0.311159
0.301448
0.304056
0.319017
0.324869
0.316500
0.323920
0.302546
0.296381
0.289182
0.278049
0.278918
0.281965
0.266060
0.244901
0.240505
0.245869
0.243669
0.252075
0.246133
0.275692
0.307233
0.374219
0.412137
0.485353
0.532308
0.608411
0.499044
0.422083
0.417698
0.263140
0.300005
0.303596
0.249684
0.262262
0.265404
0.290971
0.246080
0.237325
0.229898
0.239390
0.238647
0.252647
0.261442
0.275725
0.280818
0.296371
0.273210
0.259123
0.255826
0.223343
0.226407
0.218885
0.212287
0.211275
0.209522
0.220331
0.207487
0.199595
0.196531
0.210429
0.209073
0.215987
0.249998
0.254675
0.222448
0.218954
0.235442
0.211894
0.208073
0.200337
0.205667
0.190617
0.195912
0.194398
0.180690
0.167065
0.147831
0.182436
0.170670
0.168977
0.176000
0.190343
0.189352
0.189286
0.193866
0.196068
0.191455
0.192879
0.197346
0.193343
0.194001
0.200328
0.192303
0.189649
0.171437
0.180814
0.189785
0.170020
0.170513
0.176650
0.173564
0.173570
0.180548
0.184485
0.186442
0.186525
0.182379
0.179964
0.181615
0.184011
0.189026
0.193155
0.193549
0.193951
0.190642
0.184810
0.182903
0.187969
0.199285
0.189115
0.191808
0.206031
0.190511
0.191474
0.200588
0.201226
0.198779
0.197699
0.191176
0.186980
0.184984
0.187646
0.190549
0.191636
0.196333
0.199272
0.197731
0.191447
0.199486
0.201564
0.213345
0.207650
0.210468
0.224589
0.208306
0.209590
0.216911
0.216607
0.211706
0.210941
0.203004
0.197336
0.191838
0.193072
0.191096
0.199559
0.204243
0.212607
0.216921
0.217299
0.228378
0.227584
0.233360
0.250185
0.231692
0.230561
0.238744
0.236576
0.226448
0.223649
0.213199
0.209175
0.202101
0.201005
0.197298
0.194093
0.202029
0.210297
0.218210
0.213888
0.208466
0.239286
0.235165
0.246217
0.254348
0.263771
0.283179
0.261898
0.260387
0.269815
0.267673
0.253890
0.252167
0.240862
0.237753
0.231187
0.227211
0.225366
0.230533
0.237645
0.244420
0.272634
0.267906
0.282125
0.290934
0.304666
0.324787
0.303191
0.303053
0.312601
0.310444
0.293114
0.291614
0.277382
0.274508
0.265381
0.258666
0.253152
0.261433
0.270924
0.276999
0.318665
0.311921
0.325776
0.340542
0.355031
0.380160
0.350284
0.350735
0.362733
0.357358
0.335522
0.329858
0.312933
0.312732
0.301923
0.294411
0.287035
0.286349
0.285096
0.289563
0.289079
0.297819
0.299883
0.363527
0.351586
0.365041
0.389165
0.403369
0.432045
0.397268
0.396930
0.406409
0.405940
0.420864
0.413464
0.412338
0.408848
0.413575
0.422400
0.431894
0.425034
0.420496
0.428359
0.382415
0.391877
0.402170
0.372362
0.346657
0.347036
0.341957
0.336637
0.340755
0.339452
0.351853
0.345082
0.343240
0.339634
0.344278
0.351477
0.363886
0.371113
0.373697
0.371423
0.386175
0.360427
0.350689
0.320385
0.328344
0.338382
0.313456
0.295079
0.298095
0.284599
0.295722
0.305561
0.309895
0.319725
0.316564
0.309307
0.298876
0.298494
0.312011
0.327428
0.329134
0.349639
0.353356
0.338659
0.318932
0.294903
0.305351
0.320593
0.294338
0.281145
0.293987
0.283716
0.268827
0.272518
0.265800
0.271074
0.262448
0.256556
0.255708
0.252454
0.250866
0.250078
0.249649
0.254255
0.258827
0.267214
0.258735
0.254321
0.250127
0.252165
0.261619
0.247937
0.236298
0.244637
0.235035
0.228613
0.233947
0.232192
0.234711
0.230363
0.223430
0.220421
0.217972
0.218862
0.220855
0.220949
0.227796
0.232640
0.231063
0.223255
0.222985
0.226787
0.239347
0.226595
0.217780
0.231519
0.210636
0.214068
0.224526
0.223243
0.221850
0.216837
0.206253
0.201325
0.195252
0.193698
0.191670
0.200073
0.206396
0.216561
0.214171
0.215703
0.229326
0.220545
0.217305
0.225138
0.206539
0.226059
0.241279
0.250308
0.249699
0.253321
0.242643
0.234479
0.229742
0.235362
0.238800
0.234552
0.251819
0.260603
0.258037
0.244641
0.247380
0.256046
0.273990
0.256408
0.252591
0.269490
0.242104
0.249421
0.261408
0.256346
0.251437
0.241436
0.229130
0.225791
0.216380
0.213157
0.206084
0.200649
0.208687
0.217971
0.222636
0.224441
0.221345
0.246996
0.242006
0.253301
0.256627
0.254570
0.270394
0.253645
0.242959
0.246571
0.238126
0.231935
0.224107
0.216331
0.216752
0.211763
0.205085
0.202757
0.205351
0.211464
0.215611
0.234106
0.227539
0.235511
0.243022
0.246504
0.261117
0.248894
0.237845
0.241473
0.235005
0.228487
0.221526
0.213716
0.214744
0.210218
0.203641
0.202485
0.202879
0.208239
0.211035
0.231891
0.225795
0.234733
0.242067
0.245508
0.261599
0.245659
0.237327
0.241703
0.232300
0.225190
0.217407
0.211091
0.212991
0.208500
0.201379
0.198858
0.200025
0.205102
0.206525
0.226433
0.216828
0.223522
0.237171
0.241913
0.259944
0.245726
0.234179
0.238381
0.236213
0.232631
0.235131
0.228821
0.224452
0.223338
0.226834
0.230778
0.232052
0.237553
0.240491
0.251675
0.237559
0.230384
0.239319
0.238143
0.246920
0.250829
0.260313
0.285842
0.244732
0.271139
0.300145
0.310542
0.306181
0.302480
0.283783
0.264964
0.255826
0.268804
0.272527
0.266126
0.292355
0.307841
0.330887
0.306499
0.285998
0.300538
0.303240
0.327972
0.314323
0.299726
0.327106
0.281659
0.291223
0.317791
0.302754
0.295981
0.278706
0.273257
0.271659
0.277770
0.285447
0.300190
0.286742
0.282204
0.296620
0.283500
0.265580
0.287931
0.321693
0.322571
0.391127
0.312435
0.280680
0.270695
0.238521
0.228281
0.207678
0.206271
0.220267
0.230191
0.224433
0.243441
0.212487
0.203052
0.203212
0.235638
0.214877
0.226497
0.247753
