# RMSF / nm
0.232299
0.232352
0.206112
0.234425
0.232921
0.249274
0.269406
0.308444
0.316990
0.371971
0.421935
0.395390
0.365730
0.311167
0.284960
0.168910
0.203425
0.266938
0.170127
0.162962
0.172399
0.185209
0.141057
0.133595
0.120359
0.126851
0.130363
0.146572
0.167497
0.181535
0.182212
0.218311
0.235430
0.257321
0.255565
0.210981
0.172512
0.117037
0.127656
0.134875
0.111643
0.110447
0.120460
0.109292
0.105914
0.100688
0.095427
0.093932
0.089466
0.087460
0.088588
0.087927
0.086058
0.086757
0.088912
0.088406
0.089151
0.094992
0.088380
0.086395
0.092769
0.089761
0.093363
0.098201
0.101522
0.112660
0.106784
0.094041
0.094496
0.088742
0.090081
0.090930
0.099504
0.117379
0.131693
0.124658
0.144255
0.169912
0.150909
0.138184
0.115347
0.107411
0.090439
0.097843
0.122183
0.096679
0.102086
0.115864
0.110901
0.095834
0.100892
0.097477
0.102462
0.096356
0.092427
0.094148
0.092385
0.089229
0.090878
0.090330
0.091529
0.097133
0.088139
0.091380
0.100279
0.088409
0.079663
0.086710
0.079404
0.081812
0.089869
0.093875
0.099190
0.094641
0.088361
0.089499
0.092127
0.090041
0.096390
0.088617
0.089243
0.095778
0.087308
0.092443
0.108312
0.095668
0.095731
0.114751
0.093110
0.091631
0.100470
0.098893
0.093583
0.091478
0.084287
0.082067
0.081217
0.081224
0.086510
0.082250
0.084102
0.090125
0.098694
0.099628
0.114024
0.109799
0.116670
0.133358
0.119782
0.111676
0.115630
0.111150
0.105713
0.103799
0.097892
0.096410
0.093091
0.091411
0.092485
0.093980
0.097141
0.103199
0.113447
0.113462
0.126681
0.123324
0.132073
0.148876
0.138732
0.126173
0.129203
0.130366
0.126667
0.132722
0.118447
0.114448
0.106170
0.103992
0.099563
0.096559
0.103253
0.110525
0.116506
0.115068
0.111433
0.139540
0.152824
0.190890
0.145760
0.161643
0.175014
0.175297
0.172325
0.170591
0.181323
0.199852
0.219825
0.238398
0.298562
0.338508
0.306399
0.342181
0.265393
0.244090
0.276407
0.178308
0.213857
0.246938
0.170926
0.164292
0.182609
0.161970
0.158305
0.141219
0.130465
0.126331
0.120355
0.113402
0.113709
0.108072
0.103508
0.098927
0.097467
0.099874
0.105310
0.108873
0.109456
0.107837
0.125198
0.122458
0.133358
0.133330
0.135065
0.149790
0.135896
0.128158
0.132493
0.126040
0.122373
0.114904
0.107709
0.109215
0.103709
0.097567
0.092247
0.092268
0.090520
0.094456
0.096081
0.099902
0.100624
0.120781
0.116498
0.125632
0.128486
0.129908
0.144939
0.133795
0.120578
0.122840
0.113679
0.108016
0.100628
0.096761
0.101868
0.099272
0.091376
0.088129
0.092157
0.085455
0.085716
0.088290
0.090509
0.110312
0.103710
0.109815
0.119177
0.124959
0.140343
0.130875
0.117761
0.117938
0.108279
0.104420
0.097224
0.093279
0.096658
0.094255
0.088705
0.087436
0.091463
0.085268
0.084656
0.086680
0.086568
0.088106
0.104605
0.099340
0.104649
0.110183
0.113161
0.124068
0.121861
0.104816
0.102471
0.096312
0.092003
0.089942
0.091418
0.096057
0.099045
0.097717
0.103770
0.094748
0.091271
0.092227
0.099187
0.094767
0.095570
0.105012
0.113092
0.119380
0.121197
0.110404
0.110466
0.116181
0.113965
0.119357
0.115902
0.112587
0.112689
0.116291
0.120377
0.119488
0.119803
0.127014
0.124009
0.128286
0.137183
0.133016
0.135012
0.132700
0.133580
0.149708
0.164868
0.179416
0.198945
0.224172
0.257739
0.273811
0.334806
0.368349
0.434468
0.352208
0.302315
0.317333
0.192586
0.240752
0.307754
0.226366
0.247369
0.284310
0.284161
0.230928
0.231374
0.224468
0.217767
0.207974
0.198438
0.202691
0.204310
0.199310
0.209907
0.191825
0.193379
0.198557
0.221173
0.212798
0.223957
0.233162
0.240472
0.258056
0.237339
0.239025
0.250312
0.250961
0.259687
0.247099
0.255575
0.273194
0.288263
0.284523
0.300821
0.267581
0.254660
0.251364
0.234937
0.231181
0.224396
0.238331
0.245107
0.258766
0.254907
0.233238
0.230820
0.228994
0.218452
0.222035
0.215256
0.215305
0.218190
0.218252
0.225294
0.219628
0.219334
0.230588
0.243454
0.237733
0.259191
0.247885
0.270974
0.296369
0.283520
0.263002
0.256353
0.251114
0.250477
0.239138
0.222119
0.225324
0.212995
0.199965
0.188147
0.187062
0.183095
0.189625
0.190388
0.201067
0.205495
0.235786
0.234320
0.254912
0.252036
0.250707
0.292969
0.261452
0.215625
0.229238
0.215538
0.228275
0.223603
0.245462
0.285068
0.297786
0.291466
0.342762
0.368031
0.395833
0.388164
0.471964
0.315755
0.271387
0.187012
0.197228
0.229107
0.205832
0.197594
0.256076
0.206432
0.183287
0.191113
0.182388
0.182398
0.168485
0.155341
0.155979
0.146531
0.138607
0.130962
0.128821
0.130868
0.137505
0.144545
0.144611
0.164379
0.161505
0.175763
0.167655
0.156621
0.168097
0.156894
0.142105
0.143328
0.132896
0.131600
0.121213
0.115805
0.119184
0.115074
0.107819
0.102930
0.104820
0.098472
0.099319
0.096852
0.104785
0.108376
0.120893
0.116087
0.121605
0.122174
0.117462
0.125688
0.122915
0.106626
0.104321
0.094637
0.096501
0.089022
0.090294
0.097115
0.100202
0.097097
0.103481
0.091269
0.087876
0.087200
0.086652
0.083167
0.084119
0.084279
0.081351
0.087567
0.090242
0.073268
0.069568
0.066385
0.070427
0.068613
0.071484
0.075297
0.079738
0.081027
0.088599
0.077652
0.073027
0.074473
0.064385
0.065212
0.065766
0.063002
0.062965
0.069338
0.068135
0.062291
0.061620
0.061927
0.068907
0.069107
0.070583
0.074858
0.078770
0.075536
0.080423
0.086882
0.084767
0.084446
0.078331
0.072721
0.064317
0.069132
0.078770
0.065639
0.064952
0.067860
0.068323
0.064626
0.068862
0.071548
0.074109
0.076160
0.075224
0.073668
0.074497
0.077614
0.083186
0.084004
0.082819
0.095783
0.071323
0.077157
0.086998
0.074819
0.077664
0.085301
0.083776
0.076229
0.081277
0.084735
0.088141
0.087658
0.083653
0.083826
0.083712
0.082749
0.086430
0.083770
0.084618
0.091128
0.090106
0.093129
0.104518
0.101506
0.110092
0.129350
0.114466
0.106098
0.111213
0.109013
0.107199
0.104864
0.098618
0.095982
0.092694
0.092104
0.092479
0.095698
0.098870
0.105651
0.107852
0.108472
0.119047
0.116497
0.122587
0.137586
0.125679
0.118786
0.123605
0.121791
0.118543
0.116099
0.108427
0.105352
0.100256
0.098034
0.096014
0.101906
0.107188
0.114001
0.121372
0.121115
0.132453
0.131006
0.136448
0.152748
0.136490
0.133830
0.142460
0.136436
0.128800
0.121317
0.113059
0.112275
0.106052
0.102319
0.097555
0.095736
0.098314
0.103703
0.107030
0.108357
0.107001
0.132292
0.125295
0.133866
0.143418
0.144813
0.164283
0.149244
0.129362
0.129597
0.116856
0.113428
0.105011
0.100015
0.102096
0.098343
0.092489
0.088192
0.089000
0.086845
0.090590
0.093247
0.094465
0.094482
0.110354
0.104599
0.110752
0.115491
0.118253
0.129462
0.126724
0.109251
0.110533
0.105405
0.103565
0.103094
0.096196
0.097109
0.094894
0.090878
0.089715
0.093454
0.088317
0.089816
0.092258
0.092443
0.092036
0.108996
0.110924
0.123985
0.117916
0.127991
0.147673
0.124296
0.132633
0.126683
0.117473
0.110570
0.102561
0.099000
0.097957
0.096065
0.095310
0.095783
0.095970
0.100344
0.103707
0.111246
0.102615
0.097980
0.112979
0.105325
0.108600
0.118039
0.131890
0.139872
0.149670
0.148541
0.148783
0.158988
0.176693
0.211768
0.240089
0.281756
0.307620
0.284899
0.305282
0.347862
0.294551
0.260345
0.231575
0.245244
0.184715
0.214468
0.230523
0.191251
0.225462
0.263750
0.253147
0.207238
0.207467
0.195673
0.199326
0.195847
0.206988
0.212777
0.229408
0.246159
0.270219
0.243756
0.224431
0.233783
0.189392
0.193763
0.208802
0.189843
0.192181
0.213874
0.201955
0.179528
0.178709
0.166439
0.157818
0.146930
0.134537
0.134386
0.124158
0.117091
0.109332
0.102521
0.115075
0.124555
0.129091
0.125199
0.163952
0.155278
0.164587
0.179603
0.183901
0.206029
0.180628
0.181994
0.193672
0.194561
0.194200
0.190373
0.175303
0.175306
0.166459
0.163379
0.169786
0.170323
0.190705
0.200481
0.191715
0.173036
0.188958
0.194230
0.213450
0.199222
0.187207
0.221024
0.178916
0.165120
0.187503
0.178716
0.172957
0.166683
0.149484
0.134460
0.143470
0.168147
0.197387
0.182982
0.173583
0.204096
0.153719
0.159005
0.193577
0.166159
0.147927
0.169914
0.147450
0.121570
0.130857
0.117280
0.119628
0.108673
0.101778
0.098428
0.108767
0.126075
0.163559
0.183003
0.195484
0.189493
0.155888
0.123628
0.094385
0.099057
0.120218
0.096001
0.093451
0.094839
0.099948
0.091840
0.090284
0.090848
0.099537
0.100392
0.102888
0.108594
0.113601
0.109939
0.114973
0.124204
0.113016
0.108712
0.112009
0.105005
0.104573
0.087122
0.093784
0.099556
0.084674
0.081697
0.085377
0.083952
0.084349
0.089804
0.093345
0.096093
0.097363
0.095289
0.093555
0.097934
0.102374
0.112727
0.120992
0.118437
0.115671
0.125169
0.107740
0.100705
0.093304
0.098943
0.110169
0.101286
0.106463
0.123124
0.104559
0.109505
0.119683
0.123909
0.120760
0.123962
0.116918
0.107241
0.104425
0.113013
0.116298
0.123931
0.125150
0.137987
0.126457
0.131702
0.145984
0.138161
0.143410
0.161627
0.136922
0.144272
0.156272
0.158131
0.149608
0.150819
0.139263
0.127862
0.118102
0.120289
0.116051
0.134132
0.143389
0.157979
0.160697
0.160839
0.175906
0.174273
0.180643
0.197879
0.175984
0.178283
0.187559
0.184161
0.170925
0.162836
0.149466
0.147822
0.135963
0.128304
0.116531
0.110661
0.116575
0.127853
0.131089
0.138493
0.137559
0.185955
0.171135
0.171060
0.194178
0.213064
0.220388
0.220283
0.221587
0.239416
0.246009
0.243369
0.237691
0.219935
0.211053
0.197065
0.196567
0.187090
0.173801
0.193549
0.208401
0.217917
0.211210
0.241528
0.243593
0.262374
0.254620
0.251092
0.269969
0.243475
0.239372
0.247877
0.236403
0.224669
0.209270
0.195649
0.199381
0.189615
0.173729
0.166549
0.170162
0.181100
0.180128
0.227747
0.213961
0.222917
0.240435
0.242177
0.258008
0.248077
0.224149
0.220160
0.204656
0.193077
0.182680
0.182396
0.193607
0.195607
0.185755
0.189699
0.175019
0.173147
0.166416
0.205273
0.189833
0.187583
0.215509
0.229561
0.241914
0.242774
0.220911
0.215421
0.210384
0.201386
0.203688
0.206706
0.213181
0.218936
0.218864
0.226662
0.212819
0.206954
0.206229
0.222866
0.218768
0.219928
0.233520
0.250358
0.261323
0.258444
0.250422
0.252103
0.253481
0.240864
0.246823
0.245090
0.245491
0.247693
0.249257
0.254584
0.249640
0.247552
0.251579
0.269299
0.266367
0.273035
0.286919
0.308939
0.326807
0.311235
0.313677
0.321600
0.325754
0.308907
0.317699
0.311529
0.308515
0.308504
0.312088
0.317099
0.314505
0.314449
0.320996
0.344148
0.342966
0.354895
0.364859
0.388460
0.404429
0.387435
0.401760
0.428429
0.442623
0.445358
0.437251
0.429669
0.415378
0.415927
0.432914
0.442974
0.448753
0.447731
0.471073
0.432139
0.418640
0.422527
0.455751
0.474200
0.502630
0.479121
0.458043
0.456258
0.444709
0.419919
0.420888
0.406559
0.407394
0.398448
0.387988
0.382529
0.388202
0.397473
0.401605
0.462984
0.450037
0.460797
0.465921
0.492287
0.527850
0.496547
0.475676
0.444450
0.438686
0.446945
0.425428
0.405357
0.411938
0.397137
0.378015
0.360418
0.359065
0.349001
0.356411
0.351610
0.373581
0.383057
0.406602
0.405293
0.429671
0.412651
0.388681
0.400964
0.420032
0.349979
0.338492
0.324608
0.326739
0.308404
0.298368
0.301433
0.291568
0.280888
0.269970
0.267709
0.264698
0.270635
0.268167
0.281207
0.285393
0.301788
0.295613
0.303452
0.299265
0.280817
0.288165
0.280194
0.263028
0.263972
0.251179
0.254938
0.239677
0.234748
0.241258
0.237995
0.227947
0.223251
0.227359
0.218101
0.217908
0.221874
0.226387
0.230530
0.225706
0.231311
0.226841
0.209594
0.218401
0.213278
0.188860
0.187255
0.172161
0.175475
0.162493
0.162751
0.170616
0.172936
0.166098
0.168309
0.176410
0.163382
0.157471
0.156854
0.155610
0.159773
0.153996
0.149824
0.153083
0.151854
0.140102
0.150006
0.146520
0.121446
0.116058
0.102319
0.108456
0.104562
0.114587
0.122460
0.132450
0.131417
0.142419
0.154031
0.143064
0.134243
0.140692
0.123081
0.121719
0.091779
0.098705
0.101802
0.085233
0.078905
0.083873
0.078386
0.083015
0.087930
0.092944
0.101274
0.109523
0.128746
0.143798
0.172801
0.187835
0.218230
0.172220
0.144727
0.145618
0.100892
0.117142
0.139669
0.103213
0.097502
0.099485
0.095272
0.111816
0.120459
0.133521
0.135365
0.144693
0.140627
0.129372
0.129652
0.142692
0.148776
0.154776
0.154367
0.170116
0.140774
0.153308
0.169467
0.149922
0.157025
0.170939
0.147743
0.169331
0.185780
0.195343
0.190465
0.194483
0.181918
0.167426
0.157269
0.165993
0.164776
0.186900
0.193328
0.215005
0.197741
0.204258
0.221548
0.210289
0.211725
0.229431
0.199080
0.213864
0.229298
0.229142
0.221393
0.215405
0.198638
0.188988
0.175273
0.176369
0.167644
0.156817
0.175719
0.190189
0.199081
0.198185
0.190796
0.223444
0.222246
0.238359
0.235124
0.231532
0.249519
0.223202
0.222770
0.232336
0.223145
0.214200
0.201581
0.188590
0.188903
0.176671
0.166835
0.152813
0.146350
0.149277
0.159298
0.157950
0.172154
0.174798
0.214088
0.204643
0.214153
0.223572
0.221102
0.235617
0.222249
0.205834
0.206627
0.192465
0.182660
0.170620
0.163206
0.171000
0.166670
0.152541
0.150250
0.145086
0.151055
0.148519
0.186824
0.174218
0.178039
0.194931
0.199778
0.210643
0.211255
0.186227
0.179154
0.169170
0.162306
0.166062
0.169521
0.181815
0.186849
0.176155
0.178429
0.192146
0.172305
0.164619
0.161064
0.166287
0.177067
0.179675
0.188604
0.175980
0.176059
0.188143
0.189142
0.167358
0.168552
0.159679
0.158524
0.147212
0.143017
0.154999
0.156526
0.142760
0.145917
0.131299
0.132491
0.128389
0.154235
0.147426
0.152886
0.161460
0.162257
0.179192
0.183370
0.138898
0.129164
0.120924
0.115577
0.124081
0.138721
0.146142
0.171199
0.187719
0.218256
0.182493
0.158424
0.164588
0.133540
0.140565
0.154234
0.145414
0.161846
0.189144
0.186319
0.130729
0.118363
0.098151
0.093046
0.094912
0.107499
0.124037
0.147419
0.163258
0.195337
0.156650
0.128805
0.143344
0.098959
0.097377
0.104096
0.099812
0.095870
0.098732
0.100908
0.096400
0.098420
0.097612
0.097138
0.095795
0.098977
0.106158
0.110903
0.108633
0.116427
0.102351
0.097301
0.095036
0.098851
0.098862
0.102073
0.102668
0.104822
0.110201
0.104330
0.111101
0.127174
0.122171
0.131038
0.139014
0.155079
0.168457
0.189031
0.193552
0.225752
0.248475
0.243738
0.232864
0.268477
0.198109
0.177830
0.123481
0.136824
0.153355
0.125113
0.120892
0.123220
0.131695
0.116610
0.112884
0.108097
0.106281
0.104206
0.106659
0.110320
0.116798
0.117976
0.130407
0.141291
0.139232
0.135099
0.122046
0.113214
0.106444
0.105967
0.109298
0.104210
0.105724
0.106251
0.111686
0.109324
0.113973
0.113072
0.111368
0.115294
0.108927
0.103787
0.101268
0.101002
0.099893
0.109045
0.114382
0.128918
0.117787
0.125096
0.144609
0.127792
0.121999
0.138868
0.153152
0.116429
0.109593
0.105971
0.113691
0.112015
0.114640
0.120510
0.124732
0.121039
0.126195
0.132929
0.127849
0.125109
0.133619
0.119426
0.116671
0.101657
0.108006
0.116253
0.102564
0.107390
0.117428
0.112729
0.109370
0.113870
0.112108
0.109624
0.108540
0.109213
0.111910
0.117463
0.121460
0.131662
0.119956
0.113939
0.119122
0.112028
0.109998
0.114463
0.119181
0.121675
0.140551
0.133446
0.108311
0.111396
0.114128
0.118326
0.129243
0.134089
0.130175
0.144114
0.161835
0.182514
0.167028
0.153729
0.166902
0.114958
0.132731
0.150406
0.118271
0.121188
0.139422
0.127406
0.108776
0.111997
0.103908
0.099902
0.093945
0.088062
0.090226
0.087860
0.083364
0.083326
0.087562
0.083681
0.084369
0.089110
0.085223
0.084036
0.097918
0.095570
0.105686
0.105517
0.104973
0.119472
0.105935
0.099133
0.104944
0.101827
0.097561
0.093011
0.086192
0.085836
0.083748
0.082236
0.084469
0.088652
0.087899
0.089490
0.097146
0.088280
0.084070
0.100397
0.098961
0.110926
0.112330
0.118688
0.138041
0.118954
0.114626
0.122672
0.121300
0.113909
0.112992
0.103950
0.098119
0.093903
0.096101
0.098444
0.103163
0.106598
0.117176
0.122671
0.123085
0.136689
0.135339
0.140928
0.156832
0.143597
0.133980
0.137860
0.134557
0.130929
0.132091
0.130846
0.129040
0.132166
0.137634
0.145350
0.140091
0.137187
0.145603
0.134583
0.135377
0.145668
0.142258
0.146028
0.159629
0.152730
0.139453
0.141563
0.139598
0.138016
0.136775
0.133519
0.133367
0.136799
0.140081
0.150777
0.139956
0.136690
0.142590
0.139211
0.141702
0.152800
0.145650
0.147583
0.161668
0.151918
0.139257
0.142565
0.136488
0.134659
0.126228
0.120121
0.126693
0.122328
0.111652
0.106505
0.110702
0.100448
0.101363
0.100495
0.107308
0.111158
0.131850
0.127651
0.135885
0.140551
0.144970
0.160613
0.150887
0.135166
0.134883
0.127936
0.119873
0.117860
0.116424
0.120780
0.125611
0.127189
0.137517
0.123293
0.118071
0.121562
0.134173
0.128471
0.133674
0.146427
0.162552
0.179414
0.172228
0.156467
0.157145
0.153482
0.143322
0.145316
0.144301
0.148366
0.150752
0.149399
0.155439
0.146572
0.143646
0.144698
0.164109
0.159796
0.164991
0.178256
0.197147
0.212338
0.203464
0.200133
0.202413
0.203771
0.192166
0.197682
0.192952
0.191530
0.190802
0.191582
0.194457
0.196937
0.198522
0.199906
0.207014
0.197612
0.193210
0.219086
0.218000
0.227366
0.235870
0.256410
0.274554
0.258937
0.259858
0.268229
0.271900
0.256306
0.263344
0.252139
0.248027
0.243069
0.242706
0.243140
0.246756
0.251005
0.258128
0.286951
0.289634
0.312214
0.307271
0.327997
0.352416
0.325553
0.333619
0.347812
0.353850
0.334992
0.345762
0.325620
0.318453
0.308826
0.306309
0.306137
0.312530
0.321982
0.332743
0.369529
0.377832
0.420504
0.393048
0.401848
0.427376
0.397351
0.405841
0.424034
0.434870
0.445503
0.441877
0.446406
0.436275
0.448042
0.473927
0.494506
0.485451
0.472300
0.493003
0.421765
0.419607
0.425085
0.438827
0.448506
0.475261
0.454817
0.427169
0.422463
0.406856
0.386841
0.385495
0.377735
0.385741
0.384583
0.374487
0.378309
0.367906
0.369427
0.369189
0.419929
0.410091
0.417782
0.418688
0.440592
0.474217
0.442850
0.426470
0.400274
0.395966
0.406435
0.391995
0.380795
0.395533
0.389078
0.366623
0.355888
0.365235
0.339734
0.337170
0.330453
0.348252
0.361722
0.367252
0.370879
0.392620
0.371895
0.349220
0.363253
0.385069
0.321181
0.312502
0.305421
0.310441
0.296497
0.284800
0.284647
0.274928
0.267733
0.258446
0.254540
0.257394
0.265710
0.267921
0.274480
0.274430
0.285307
0.286265
0.298956
0.283818
0.267094
0.276331
0.262621
0.255067
0.261124
0.250927
0.250494
0.236437
0.226947
0.229293
0.223459
0.213863
0.210073
0.211926
0.218738
0.220357
0.233774
0.229054
0.237518
0.235628
0.222817
0.236272
0.220270
0.206817
0.209634
0.195773
0.194821
0.179560
0.174433
0.179660
0.175151
0.165502
0.159000
0.160727
0.152706
0.153166
0.149288
0.159679
0.165193
0.180048
0.170889
0.174127
0.181109
0.170805
0.183354
0.177858
0.149088
0.143195
0.127131
0.128552
0.119523
0.123552
0.133008
0.139748
0.134422
0.143027
0.156127
0.141009
0.131836
0.137434
0.123295
0.124704
0.114964
0.111297
0.114460
0.111945
0.105199
0.107015
0.114850
0.094307
0.087538
0.081802
0.086604
0.083485
0.087917
0.094701
0.100517
0.098838
0.106265
0.093751
0.088714
0.089261
0.080111
0.080580
0.081604
0.079243
0.083289
0.090378
0.084922
0.086884
0.086348
0.092843
0.096655
0.104063
0.113817
0.130634
0.146333
0.137703
0.151416
0.176937
0.148299
0.134961
0.120876
0.119939
0.101663
0.108045
0.122545
0.108251
0.116387
0.124715
0.125064
0.113650
0.108065
0.115281
0.122180
0.136707
0.147772
0.151462
0.166095
0.176353
0.195727
0.176704
0.163334
0.174793
0.124683
0.141262
0.151329
0.119994
0.127122
0.131488
0.144521
0.116681
0.107334
0.102904
0.102181
0.102825
0.107076
0.110595
0.115871
0.115242
0.122206
0.130358
0.123478
0.119377
0.126810
0.112925
0.110595
0.110937
0.108665
0.110595
0.116613
0.128359
0.134490
0.130430
0.138936
0.144548
0.152593
0.153169
0.164872
0.162199
0.156516
0.159344
0.168248
0.175700
0.173702
0.170406
0.178999
0.155522
0.184818
0.236595
0.184020
0.169463
0.219597
0.170223
0.142997
0.153986
0.162157
0.173405
0.207064
0.257057
0.321357
0.376042
0.348722
0.399963
0.467678
0.388690
0.341160
0.379341
0.284159
0.283948
0.191792
0.221925
0.267078
0.228625
0.238053
0.253810
0.265922
0.222014
0.209920
0.202158
0.208809
0.203944
0.203654
0.208701
0.212298
0.208441
0.213346
0.222287
0.214695
0.211767
0.206952
0.204527
0.195516
0.198187
0.203758
0.195648
0.190896
0.204515
0.189237
0.182577
0.188593
0.180881
0.178445
0.166225
0.154945
0.157401
0.146247
0.135276
0.122683
0.117955
0.119727
0.128639
0.129453
0.139702
0.141998
0.170072
0.164422
0.173793
0.175640
0.168885
0.181747
0.169125
0.155299
0.157122
0.145353
0.142207
0.129015
0.120816
0.127212
0.122556
0.109659
0.107646
0.104426
0.110462
0.110701
0.133565
0.125737
0.132641
0.136801
0.132182
0.141779
0.138925
0.118429
0.117069
0.106075
0.103288
0.094723
0.093250
0.100885
0.103935
0.098878
0.105736
0.090928
0.088640
0.088050
0.099730
0.093657
0.097658
0.103036
0.104385
0.112774
0.113443
0.095481
0.090779
0.084767
0.083933
0.086114
0.090550
0.094960
0.101173
0.101424
0.111719
0.122030
0.114833
0.108583
0.117438
0.099242
0.095396
0.087069
0.090367
0.097736
0.087180
0.087795
0.091689
0.091636
0.089417
0.093851
0.093427
0.094521
0.092955
0.088188
0.086453
0.084955
0.085231
0.087034
0.089006
0.091178
0.093759
0.100646
0.092840
0.087905
0.089448
0.092516
0.101640
0.091979
0.089576
0.096644
0.087366
0.089515
0.094948
0.093679
0.094733
0.091798
0.089256
0.089841
0.091334
0.091233
0.096795
0.102554
0.101972
0.102948
0.115011
0.097855
0.091152
0.088477
0.090806
0.100736
0.092241
0.086560
0.095117
0.089089
0.081402
0.083327
0.080317
0.081556
0.077020
0.076623
0.081054
0.084645
0.084967
0.093437
0.081824
0.077419
0.081085
0.074501
0.074120
0.080639
0.076257
0.072189
0.078198
0.071355
0.075042
0.077777
0.081371
0.088465
0.092962
0.100629
0.104004
0.121334
0.139927
0.166116
0.151269
0.134089
0.164370
0.080070
0.088997
0.097322
0.081884
0.083664
0.091655
0.089647
0.078144
0.072458
0.069806
0.073682
0.073045
0.077092
0.076890
0.084200
0.093589
0.105252
0.097190
0.088323
0.097968
0.067162
0.072216
0.081052
0.067040
0.067726
0.071263
0.073573
0.068284
0.078947
0.082309
0.093481
0.094989
0.100466
0.103922
0.115609
0.122838
0.145211
0.158300
0.163926
0.160232
0.137546
0.117542
0.082062
0.090598
0.099206
0.078805
0.076887
0.074780
0.080274
0.081770
0.086108
0.087451
0.086376
0.087440
0.084103
0.085615
0.083622
0.080671
0.081382
0.083029
0.085487
0.088886
0.097649
0.087774
0.082915
0.090767
0.092878
0.102074
0.100124
0.109769
0.122605
0.112814
0.110998
0.117852
0.120077
0.115697
0.116685
0.108681
0.104385
0.100870
0.102785
0.104755
0.104276
0.111970
0.116956
0.116078
0.108214
0.123541
0.125667
0.137405
0.133938
0.139301
0.156111
0.135527
0.140608
0.152263
0.152557
0.146968
0.146544
0.136743
0.130287
0.125019
0.128606
0.130827
0.128436
0.140878
0.147950
0.146706
0.136500
0.151443
0.153169
0.167159
0.162049
0.165145
0.181102
0.163870
0.162358
0.170469
0.168603
0.161939
0.158740
0.148820
0.144687
0.136761
0.133047
0.127644
0.138669
0.146473
0.154619
0.166813
0.165406
0.176677
0.176318
0.177805
0.192466
0.174851
0.173364
0.180850
0.176489
0.169252
0.163035
0.152570
0.150596
0.141593
0.137200
0.129129
0.124039
0.129925
0.138125
0.140559
0.145496
0.144348
0.173054
0.168668
0.178693
0.182272
0.182355
0.197019
0.181104
0.174087
0.179396
0.171103
0.162510
0.154047
0.144729
0.146935
0.140515
0.130699
0.127335
0.129591
0.136630
0.138898
0.166254
0.158883
0.167090
0.175255
0.176374
0.190155
0.176884
0.167622
0.170798
0.161933
0.153782
0.145936
0.138550
0.141802
0.137178
0.127983
0.125132
0.125144
0.130744
0.131634
0.159076
0.151171
0.157235
0.167593
0.171526
0.184573
0.175285
0.162313
0.163358
0.155143
0.146900
0.140444
0.136113
0.142479
0.140128
0.131113
0.127788
0.133194
0.120968
0.118016
0.113560
0.122086
0.128217
0.155871
0.147597
0.151680
0.167011
0.177591
0.195101
0.187261
0.168548
0.174917
0.168334
0.173095
0.165394
0.175628
0.186440
0.208685
0.220947
0.248473
0.205458
0.184361
0.183345
0.155827
0.158624
0.163482
0.156085
0.147470
0.157758
0.151336
0.137541
0.135756
0.127822
0.131195
0.122638
0.124572
0.127125
0.130927
0.130790
0.136635
0.143973
0.136852
0.132489
0.135473
0.127996
0.126993
0.118829
0.115388
0.114564
0.116970
0.110432
0.115137
0.113052
0.102183
0.100137
0.093654
0.096926
0.091867
0.095079
0.095683
0.100141
0.102642
0.109612
0.115489
0.113913
0.111303
0.104747
0.100205
0.086511
0.084754
0.084139
0.084200
0.083109
0.088684
0.093911
0.081115
0.076388
0.076815
0.083061
0.085963
0.088839
0.089852
0.094040
0.096036
0.103003
0.108407
0.106829
0.104710
0.111997
0.098410
0.093781
0.075636
0.082512
0.086273
0.073052
0.072388
0.074686
0.075241
0.078997
0.084514
0.092226
0.095487
0.100029
0.096649
0.092958
0.095010
0.100106
0.107869
0.111325
0.116816
0.118319
0.111737
0.102018
0.093940
0.103426
0.116876
0.098938
0.101008
0.113519
0.102421
0.101727
0.108695
0.112354
0.113639
0.116090
0.112037
0.105885
0.104319
0.109336
0.110677
0.117272
0.118418
0.129070
0.111880
0.117664
0.127570
0.116938
0.114594
0.103776
0.121668
0.135358
0.158510
0.179002
0.203696
0.217298
0.234404
0.280666
0.304476
0.272029
0.293899
0.331626
0.308121
0.303867
0.267533
0.244101
0.168123
0.199146
0.226765
0.174010
0.177723
0.188018
0.208513
0.168050
0.173697
0.163848
0.160907
0.159992
0.147240
0.141209
0.132754
0.133483
0.130263
0.125593
0.137142
0.146325
0.154711
0.149517
0.142725
0.159484
0.169545
0.205431
0.165537
0.167097
0.187662
0.163465
0.161670
0.173037
0.169239
0.163669
0.157112
0.143929
0.137866
0.128927
0.126449
0.124403
0.134536
0.143150
0.155165
0.160072
0.158671
0.174472
0.168867
0.162204
0.178079
0.159605
0.150477
0.157612
0.149373
0.147216
0.137960
0.127869
0.125843
0.118832
0.113296
0.110678
0.117525
0.125057
0.133628
0.136319
0.135760
0.149069
0.138634
0.129286
0.139930
0.129468
0.118708
0.122386
0.115139
0.114871
0.107606
0.100846
0.100876
0.096817
0.091429
0.089586
0.093444
0.098453
0.105607
0.105381
0.105494
0.117471
0.107380
0.103403
0.114498
0.107449
0.097359
0.101548
0.098369
0.097523
0.092268
0.087720
0.090486
0.088380
0.083258
0.082856
0.087357
0.082301
0.081703
0.084042
0.082830
0.083139
0.092879
0.093251
0.102568
0.097264
0.095938
0.105740
0.093142
0.096888
0.104698
0.102423
0.096935
0.090578
0.082678
0.083664
0.079052
0.073962
0.071577
0.074128
0.071687
0.072947
0.074882
0.075936
0.076125
0.100181
0.095327
0.104012
0.110343
0.115202
0.130901
0.119341
0.107704
0.111616
0.108139
0.103818
0.104569
0.091657
0.087976
0.083011
0.080131
0.083066
0.082538
0.089393
0.099505
0.108179
0.119380
0.166681
0.121772
0.122167
0.131795
0.140036
0.120582
0.127699
0.138479
0.141977
0.125907
0.116704
0.124265
0.132888
0.135412
0.156783
0.128714
0.117702
0.120746
0.141601
0.125360
0.135269
0.164238
