# beta
250.7930
230.9513
199.9196
221.0939
220.2885
235.0232
271.5665
300.7981
283.9383
319.5052
363.6368
335.8702
319.5845
276.4622
253.5767
182.2810
207.5582
253.8460
189.2596
202.6661
224.3507
255.9677
169.8810
164.0698
136.6526
139.7944
141.4892
165.4100
206.1685
225.6497
209.5585
245.9339
273.8308
281.9659
277.3448
226.0673
188.1482
136.1679
148.1813
164.8589
123.9165
117.6358
131.3388
115.9975
111.3456
103.8946
100.4839
100.7187
96.3459
89.7429
88.2181
85.9971
85.6884
87.9158
89.6820
93.6390
96.7661
106.4844
94.8593
88.8308
94.6654
96.8640
110.2559
99.8043
99.6774
109.8067
103.0157
97.5381
102.8126
102.4152
114.9895
112.8424
125.7157
153.1052
169.9070
154.9233
175.2001
200.7624
189.0258
184.0567
156.1385
136.9997
103.1989
114.1789
132.4017
114.7541
121.0731
137.9403
128.9918
113.9856
115.3622
109.1651
110.2882
106.7049
106.2499
108.9076
113.3909
115.4748
125.6221
115.0727
110.2954
116.6401
105.8415
107.8869
114.9027
108.5380
110.7487
124.0458
114.9027
105.8701
110.6405
108.3612
104.3583
99.1497
91.3388
92.3142
90.3519
85.7028
88.4850
85.1392
88.3775
93.6159
106.1992
103.4368
113.9110
116.2519
118.9148
135.5180
119.5527
112.0693
116.7131
111.0673
103.6146
99.3539
92.5263
92.8974
90.0122
86.4543
88.7067
86.3955
89.2800
93.2045
110.7582
107.0286
116.9484
121.2036
128.0882
143.7782
131.3115
122.5620
125.9223
120.0583
112.4237
109.5558
103.6287
103.7449
100.1313
96.3653
96.2256
97.8669
101.3702
106.4599
122.5603
119.3117
129.1240
133.1967
142.3014
159.6129
146.9758
136.7893
140.5868
140.3492
133.6415
137.4357
125.8233
122.9694
115.6469
113.0439
108.8574
106.0804
112.4703
119.3915
125.6838
123.3096
119.6521
148.4006
153.5777
178.7461
155.3613
171.2060
185.3201
185.5378
178.6121
178.8135
192.5927
212.4876
230.8164
251.4110
276.6422
315.2625
323.2100
362.6107
308.4050
280.4376
308.5925
191.0050
220.2758
244.6437
184.0939
181.1500
197.6138
178.7220
173.0379
159.5482
152.4069
146.0361
140.6927
133.0830
132.3461
126.7020
122.9859
118.4682
116.6337
119.6961
125.4217
129.2773
129.6505
127.7015
151.1287
146.8007
156.1904
161.2670
165.2615
179.1023
165.0327
160.2765
164.5018
159.8162
153.1314
147.4329
140.7014
141.0186
136.0828
131.5454
127.1283
126.9660
126.0208
129.8240
131.2392
134.7656
134.7624
159.0656
153.7489
161.3660
169.0447
173.5817
190.0794
174.5571
166.1173
170.5073
161.8414
151.0779
145.3314
139.5776
142.5648
139.0482
133.0810
130.1682
133.1865
128.5227
129.5606
132.3236
133.6713
161.7602
154.0154
161.5995
174.2022
183.8752
200.3677
191.2036
175.2139
175.3437
168.7367
160.6781
157.9848
154.8596
156.3136
155.8496
153.5041
155.1157
159.0894
155.6724
155.4111
160.2229
154.5315
153.0921
172.7158
166.9687
170.5579
182.9070
193.4340
208.3535
197.8001
191.9351
196.2312
197.1603
190.3450
194.5058
192.4938
189.7604
192.1715
197.7588
205.0472
200.9316
198.0569
204.7948
204.0558
205.1578
213.3341
214.8465
226.3499
239.1526
229.1367
225.6763
231.9945
237.3298
231.6027
235.7352
226.6491
226.3799
227.5320
229.1040
238.0585
229.1509
228.4456
237.3830
244.5025
249.3750
268.9204
257.4931
259.7508
261.7824
250.6134
278.6834
299.6357
321.7471
330.9102
348.8509
356.0076
346.1206
369.2153
399.4441
432.4046
407.1183
386.7479
406.6955
327.8988
356.7945
394.2951
347.1772
350.3773
385.4499
343.0648
343.7309
363.2751
357.5426
344.5277
330.2189
308.3908
300.4085
285.5705
276.9331
269.5798
284.9940
301.1630
313.1023
346.9269
334.8934
360.7274
372.4124
376.1720
407.3493
363.8007
368.2163
381.8235
378.9923
398.0404
382.7529
398.5417
411.2612
432.4430
444.9934
471.2769
436.3049
413.3440
418.1559
348.7377
351.1134
339.9851
347.7746
345.0578
359.3129
361.5850
316.2389
303.2883
284.7569
278.7539
277.7313
284.7027
297.3170
310.7174
310.7380
328.5112
300.6263
287.8489
287.3743
290.6734
286.0675
298.4376
289.1173
311.3961
342.0624
319.4000
306.2175
296.0815
300.9587
309.4022
310.6870
304.5287
330.1378
324.9299
293.1077
281.2015
294.5051
260.6740
252.4819
247.0006
261.2572
281.3803
285.5885
299.7810
325.3194
294.2090
283.3604
309.6834
274.8883
281.0817
297.8281
311.9517
343.0639
354.0421
393.9654
428.9389
478.9750
481.5202
545.0214
598.3060
566.3636
532.6563
590.1070
464.2353
437.8241
293.9913
324.1646
346.8405
306.2108
290.1908
327.6318
278.4196
275.8231
296.0126
289.6009
291.7384
281.9697
273.2331
281.4818
292.7980
287.6658
306.0798
335.5885
308.4683
295.7436
282.1578
275.6583
263.4535
269.2450
295.3217
269.6959
249.0873
269.9215
241.2851
226.8245
233.8607
220.0251
220.4674
204.6260
193.8247
195.0559
188.4992
182.2462
178.8410
179.9456
180.3605
184.4025
190.6924
187.3332
185.9847
198.4823
194.3112
206.6496
200.0420
186.8996
197.1644
191.7227
168.2498
166.9695
155.6744
159.6094
150.4118
149.7877
154.6386
158.1351
156.3158
163.7713
152.3151
149.6367
152.7812
140.9719
142.2336
152.1262
137.2892
130.0714
131.5089
140.3277
120.7786
115.0190
113.8324
119.2444
119.3100
119.3309
123.0680
126.8828
127.2015
134.8132
122.8375
118.9586
119.9268
113.1642
117.9133
126.9575
117.2024
106.5971
125.9736
134.8926
119.8695
117.6203
125.6958
158.1669
166.5043
202.8323
255.0276
287.8461
253.6984
265.8404
316.3466
233.0801
191.5452
173.4678
203.7671
115.8051
141.5693
134.5766
108.4868
99.6069
104.2320
99.2404
101.7508
108.1428
108.9765
109.7846
113.9036
117.7004
124.3940
148.8145
164.8986
199.1442
156.2358
132.8066
138.8209
109.9645
129.3437
165.3075
109.1462
115.7640
156.9227
153.0263
113.4423
122.2672
117.7446
122.3686
122.6044
119.5391
120.5486
121.1554
120.3482
123.3438
120.9766
121.0717
126.3305
115.6220
122.3723
135.0623
120.1031
121.8036
136.1576
122.7452
120.6291
129.6236
130.1052
129.2824
127.4756
119.5566
116.2340
112.4820
112.2833
112.3246
116.3693
119.8210
126.4755
127.0683
129.8358
142.6929
135.2286
137.0255
153.5122
134.4913
133.9173
142.1320
138.7468
135.3175
130.2411
120.8832
117.7421
110.9627
107.3973
103.8773
111.4127
117.9754
124.2519
133.8487
132.4693
143.8536
141.6127
142.4323
157.1466
141.4048
137.8710
145.2949
139.1707
134.1574
125.8836
117.6584
116.5813
109.5836
105.7720
100.3410
97.7561
101.4361
107.2313
110.6237
112.2974
111.0480
132.3431
126.8359
135.2560
139.9332
137.8888
153.6938
140.0211
124.9748
126.9269
116.6569
113.3331
105.1853
100.0492
102.4268
98.2947
92.1913
88.0203
88.6774
87.1879
90.6742
93.7472
94.1397
94.2288
109.3709
104.0268
110.6167
114.3665
115.1622
127.7889
121.9684
105.0582
105.4179
98.7072
96.1300
92.7868
87.7987
89.8445
87.8647
82.8914
81.6060
85.2816
80.9527
83.0710
87.2015
84.9623
83.8555
97.5108
96.3069
105.0364
103.7532
108.1540
122.4179
108.5861
109.0062
105.0525
100.9832
97.8286
95.1894
92.5105
91.3955
91.3017
92.0117
95.1706
97.2439
100.2373
102.1497
110.9641
99.0085
93.5101
102.3398
98.2675
105.0097
109.0107
119.7555
127.1225
133.2976
125.2728
129.9164
135.3818
142.5546
161.5622
173.1800
198.1550
211.1799
194.4969
204.4649
231.0988
196.6499
177.5417
163.5197
172.1635
148.0165
166.7062
185.9635
155.8260
177.1393
208.5691
203.5153
161.4477
165.0162
156.9146
156.6959
148.6941
151.3147
157.7409
166.7496
172.1046
187.6602
166.8637
156.6373
160.9625
150.2374
146.2254
151.2304
153.8121
158.5090
178.5887
159.7617
153.7327
165.5976
157.8504
149.5718
143.9452
133.1314
130.3207
128.3443
129.2863
136.3303
142.0680
147.3553
150.5795
144.7374
133.3124
154.8002
152.7170
170.4089
171.0882
173.4557
196.4599
166.6877
174.4349
191.7090
197.3368
196.3676
197.0777
181.7303
172.1884
167.6236
175.6715
187.0589
190.1107
206.8406
213.9697
205.3527
185.6194
190.9185
200.2073
223.8424
202.1965
199.0796
229.3796
197.6181
183.2891
197.7620
193.0831
191.9178
191.5545
185.3028
175.5442
187.5022
209.8071
236.1063
219.3939
207.0304
228.2807
178.7176
188.8117
214.2577
186.6442
176.5202
193.4972
175.6204
161.6742
168.2936
159.9692
159.9017
152.1026
144.9526
144.6639
145.3862
147.8993
161.0343
170.5393
175.7356
175.4363
162.7012
148.8333
147.1037
148.3356
161.8664
149.5007
145.5992
151.9918
147.1375
141.3887
143.9759
139.7125
141.2485
136.2088
133.3877
136.8665
136.8978
132.3689
133.3438
139.3303
131.6610
131.1159
134.3577
130.8911
130.7784
133.9496
133.7815
140.9480
136.7889
136.1011
145.3412
138.8719
133.4262
138.1691
138.6526
135.3108
135.7106
132.0185
130.6161
132.9610
135.2129
142.4484
148.6701
147.8211
147.2166
157.2929
141.5852
134.9898
140.9252
142.4600
153.2190
151.9475
161.0817
178.3137
158.8724
164.3268
174.5758
178.1774
169.4946
173.3741
165.2237
156.1374
152.5586
159.0714
161.1185
168.6472
171.3933
183.6771
184.4144
186.5527
200.3434
200.1375
210.1466
231.1047
203.5286
211.0032
223.5418
224.9790
212.5930
214.4145
201.1888
190.2323
180.3126
181.8176
177.7088
194.4143
204.0019
217.9036
229.9820
228.5418
244.3369
247.1567
256.3763
276.5446
249.8486
254.6337
264.6061
260.9172
244.8512
237.8355
222.5285
220.4120
207.8540
200.5642
189.2101
183.1121
189.8206
200.7751
204.5531
211.0838
210.0862
265.6654
249.6578
251.9037
275.4861
296.4555
303.2981
305.8769
303.3794
322.0379
327.4049
320.1807
312.9409
293.3326
283.4533
267.7187
267.2609
257.0141
242.6849
264.1342
280.1899
290.4715
283.3349
324.7138
322.9149
341.7365
341.5004
341.9829
363.3681
335.0630
329.8021
338.3145
326.1498
311.0370
296.2840
281.7533
285.1390
274.3736
257.8462
249.7910
254.8108
266.7549
266.2924
319.7875
304.6674
313.4759
334.9948
338.9545
357.2703
343.2618
321.2188
319.1724
303.7797
289.4761
279.1080
275.7283
285.2519
284.6369
273.6981
275.5110
264.5815
265.5197
260.4430
304.7762
288.6077
288.0665
317.3967
330.0392
344.8593
340.3580
318.9405
315.1458
307.2523
295.3872
295.1903
295.8290
302.1951
306.1762
304.3457
310.9649
298.4430
294.2719
293.4020
317.3107
309.6297
311.0233
329.9754
346.4736
360.4839
353.6571
343.5192
345.0387
343.3075
329.1251
332.9277
330.5505
331.8875
333.0922
332.8331
336.9893
332.4364
331.2568
334.3999
357.5540
352.1734
357.9127
375.4384
396.2125
414.9729
398.3715
397.8560
404.5737
406.1231
388.2882
394.9320
388.3593
386.6130
385.7018
386.8780
390.4900
388.2472
389.1573
394.4601
423.4638
419.7768
430.2658
444.6545
467.9452
485.8849
465.7162
479.0129
504.7013
517.3424
520.5796
511.5600
504.8157
492.3429
492.6642
507.3555
516.1930
521.0714
520.2718
540.5004
505.1781
492.2489
494.2366
526.9348
543.9267
571.0253
550.1705
525.9573
522.5255
509.1041
484.8533
485.0536
472.3146
475.5849
468.3978
457.2245
453.5098
454.6584
462.1418
463.5772
526.3595
513.9841
523.0460
527.2319
552.3039
586.7479
554.8721
537.7543
509.4301
504.6664
511.7484
492.9635
475.4677
483.1395
469.9656
451.0277
434.7149
434.5511
422.5495
428.0472
421.9891
444.0503
454.3330
474.2314
474.0161
495.6506
478.9070
456.7817
468.5869
480.1312
427.4381
418.0377
404.1514
406.7545
387.4335
376.7952
379.4656
369.4669
359.2888
348.8234
346.3956
344.2923
350.1819
348.2232
360.2686
364.0194
379.1578
373.3023
382.0288
376.1266
354.7734
361.9507
351.6330
337.0222
338.7267
326.3677
330.8605
315.5164
309.6187
314.7684
311.1419
302.4524
298.5450
302.1938
294.9773
295.2963
298.6610
301.8005
303.8469
300.7264
308.3814
299.5107
280.1839
287.1771
279.4403
264.2426
266.1722
255.6530
260.4095
249.4760
247.8953
252.5869
254.3784
250.2208
253.0298
259.7305
250.8713
247.3862
249.3603
245.2088
246.2761
237.0649
236.6684
242.7231
234.5491
220.7844
228.8383
222.5632
206.7614
206.7477
197.9643
202.1523
194.6707
200.7028
204.6268
212.7352
213.9347
224.3849
234.2371
226.8781
220.7220
228.5213
210.9746
207.4317
186.9307
186.6262
185.5046
186.6041
191.0676
195.3055
198.0222
198.3694
210.3223
213.9291
216.2824
225.2254
234.3596
235.7834
257.5502
279.3880
308.2165
275.4176
254.5231
264.5447
218.1097
233.8100
255.7252
223.8176
221.7379
234.4835
214.1760
229.1159
242.8174
249.2615
248.7047
251.3976
246.1445
238.9559
240.0388
248.9284
256.4657
256.0845
255.4475
268.5690
246.8576
254.6038
271.3386
255.2855
253.9135
269.1910
240.6024
259.6900
277.2439
282.5161
278.4672
277.9712
262.4427
247.3541
234.9411
239.2683
233.7385
257.2819
268.2820
286.5990
276.6058
282.4811
302.0682
286.4690
279.8614
296.7813
264.5929
278.7743
295.1998
293.8192
288.0330
279.9500
261.0804
250.6216
235.4207
236.3439
226.5956
214.1849
235.6485
251.7945
262.0730
260.5082
252.3016
282.5097
282.7591
301.2986
291.9356
281.5223
298.7962
269.9576
271.0962
282.9742
273.3915
265.2489
250.7169
234.9587
234.2248
220.1943
210.1520
195.0538
187.2286
192.5519
204.6194
204.8882
218.4600
219.9730
259.8179
251.3632
264.2491
269.1194
261.7797
277.7523
260.0644
243.5958
246.8813
230.5330
220.0789
204.5837
193.6734
200.3498
194.0244
178.6945
174.9997
172.0111
180.1796
178.9857
219.9796
204.9681
212.6258
229.8726
232.4542
245.6757
245.3255
212.9317
203.9795
188.8500
182.8917
184.9503
193.1630
210.7231
220.5413
208.3024
215.4798
236.4950
208.1752
193.7859
184.7853
192.0157
192.8839
197.6753
205.2391
188.4966
188.4972
201.9729
197.3299
177.8750
185.5689
175.0793
172.5726
161.9272
152.9937
160.6323
159.3858
149.2054
153.4763
141.8827
143.8770
143.3465
166.3786
162.9056
178.9242
179.3885
180.3970
214.5559
206.2540
149.6859
150.4799
151.5907
163.6952
184.3557
202.1675
196.4346
233.7255
272.8099
318.0517
277.6252
244.4041
264.4812
147.6491
176.6397
204.0492
151.2270
151.6455
178.8373
167.7019
124.5808
120.3232
100.6121
103.7042
99.6559
117.9703
128.5485
153.0458
172.0566
201.1270
164.8244
138.6434
145.7604
89.3194
97.2386
111.3548
91.4638
91.8981
104.4200
98.7814
91.8043
93.0830
92.0241
91.0933
90.6552
90.7360
94.9212
97.8335
97.3832
104.4161
95.7135
91.9684
95.8489
94.9464
95.5993
100.5862
99.1986
104.7717
116.7799
109.2631
107.4214
120.5231
116.7102
126.9125
132.6653
149.6070
176.0183
191.3952
193.3376
238.6567
260.9908
280.2567
274.3570
339.2321
218.2010
178.0702
116.7666
129.6867
147.4338
120.6349
115.9046
114.6372
127.5471
115.0848
106.3701
100.8213
99.0504
99.0904
102.4663
114.2259
128.1197
133.2062
168.6452
194.3326
193.6419
181.7860
145.8040
120.8619
101.4467
106.8353
120.0173
98.9447
102.5661
103.4893
106.9075
112.8003
132.9637
120.4794
114.3709
109.3795
104.8950
113.6708
126.4122
124.4178
140.8764
116.7649
111.6068
128.0535
115.8447
119.4504
148.7624
133.2263
145.8624
171.3352
177.1715
138.3795
135.4129
132.0322
133.3117
134.2794
134.1390
138.5103
145.0682
144.3981
156.1362
167.0941
163.4656
161.1576
179.7169
149.1901
139.7551
134.5059
139.0528
170.5084
163.7158
180.6259
225.2111
174.0955
175.1741
184.0722
183.7746
182.3660
182.8970
189.7204
201.8862
236.4218
254.1366
294.4133
234.9764
207.8224
217.6728
186.1464
190.4233
234.7332
218.5794
205.4378
215.7366
208.9902
196.8528
207.5109
205.0045
214.0689
207.1006
203.3481
204.2048
208.1429
211.8601
222.4978
212.3467
207.9515
214.3238
185.7871
193.9297
208.8885
185.7118
172.1459
189.9091
170.3239
158.6381
163.0856
156.9756
158.7266
153.4121
146.2069
144.0253
140.5666
140.6355
141.5932
142.4011
146.0268
148.9896
156.0597
148.7284
144.2666
147.3406
149.3018
160.1486
151.0188
146.3854
159.1713
144.0544
141.4720
149.3512
146.9747
146.9347
140.6277
130.6209
128.9544
123.3281
120.6164
118.3182
118.4522
121.5276
127.2397
134.5186
129.8022
125.6826
139.6807
140.5602
154.3588
147.7785
147.2255
163.8423
146.4606
142.0670
150.7546
148.0468
143.2668
138.0073
127.2648
123.7780
119.0725
117.4241
119.1881
121.5161
126.3781
135.1509
144.9215
144.2587
157.6986
156.2592
157.2217
177.5367
152.8745
152.0322
163.9214
161.9018
152.6913
153.0814
144.2321
136.8937
135.2687
141.5577
147.8609
149.1530
151.1116
165.1788
162.3779
162.8943
178.8731
177.9306
185.3701
206.6865
185.4755
179.2438
187.5636
184.3790
171.6621
169.1626
157.2783
152.5604
147.1708
146.2398
148.5035
151.2879
156.7766
167.1141
187.7490
183.4023
199.3881
206.7271
216.7787
241.6572
217.0478
207.2221
216.0172
208.4884
192.2961
185.4693
172.5771
174.1244
169.9385
163.8966
165.9750
174.0815
168.2962
170.0199
181.5474
170.1176
165.8471
210.3748
200.3756
214.9403
231.8008
244.5119
269.8864
244.0221
236.8778
245.2496
237.8648
218.8392
214.3602
202.7775
204.0239
199.8971
195.0250
198.1595
194.2146
197.8638
202.7273
244.5004
232.5930
242.3600
266.6011
282.1957
308.5097
278.7854
278.3586
291.3098
287.0705
267.8218
265.4148
250.7683
246.3805
238.1388
234.9673
233.4206
240.0337
247.5912
256.9211
293.3883
285.2631
300.4756
317.1548
332.8308
358.7188
330.3132
329.5462
340.0024
333.9422
313.6067
311.0061
298.3761
296.4970
287.8497
283.9963
279.5130
277.0215
283.6103
290.6290
298.3548
294.5636
290.9101
343.8157
334.1900
346.4342
367.5913
387.6146
413.0100
388.6507
383.7474
392.5337
388.6433
365.6888
366.6648
354.1627
353.1849
346.4302
340.4347
338.1626
342.2747
348.9316
355.0196
403.8179
395.3898
410.1187
429.9922
457.3409
481.8680
465.1051
460.1173
470.4834
481.7045
462.0366
484.8019
477.1007
465.7056
471.2220
487.7210
502.3665
498.1834
495.0027
517.6008
509.2660
520.0738
549.4940
536.3104
562.5091
592.7081
553.4102
573.4717
604.5471
617.6932
632.7372
618.0388
620.6455
613.8983
622.2122
640.4784
656.7581
649.2753
639.8401
657.3449
588.9303
580.0467
574.1526
607.3969
617.1147
648.7610
627.3121
582.1313
569.4668
540.9647
515.2126
509.1511
502.1314
518.8783
518.4393
499.1177
501.9653
483.4859
485.0685
476.6750
553.4920
541.0729
542.5547
543.4140
566.9066
598.9256
578.4494
548.1727
524.4457
514.4427
533.4685
528.8487
539.8771
558.8872
580.1537
577.5853
610.7773
645.8266
615.9070
589.6841
611.7921
556.7246
552.7295
488.3119
506.4541
527.7782
477.3519
451.3391
469.3844
463.7710
427.1017
428.0355
420.1081
425.5039
405.8000
386.7869
385.3692
371.0312
362.0300
349.9257
344.5360
349.5555
360.8544
364.2525
372.7842
372.1477
389.4597
390.8443
411.4457
390.7275
364.5297
381.1503
349.0970
348.3770
361.6301
348.2364
346.6973
327.3490
311.1244
310.3684
299.3606
288.5701
282.1426
290.2523
301.2861
306.5230
323.4124
317.5384
332.0631
328.1564
311.0783
330.5974
300.8731
293.9341
305.3091
291.5498
287.1329
270.2398
256.8714
253.9188
243.4283
238.8277
231.7126
227.4091
235.1483
244.2587
251.5546
250.3382
247.1960
273.2024
265.2952
277.8680
280.9941
270.7163
291.0502
265.4801
253.6729
259.6064
250.3275
243.3299
233.4454
220.3394
218.3327
210.2995
205.5321
201.2726
200.5420
205.3839
213.8875
224.1034
218.0321
212.7567
241.2370
236.3512
252.3611
253.5746
253.0254
274.7416
248.8134
241.1787
252.4137
243.1884
230.5055
217.9234
200.2717
200.3037
191.5426
180.5350
178.8801
179.7780
190.3798
197.1874
233.9955
223.8269
240.6553
252.1399
250.5834
240.5710
274.1048
243.4826
252.1885
259.8496
279.0445
282.1399
300.7792
302.6930
326.5446
343.0821
378.1123
400.0873
400.1925
387.2686
352.3173
330.2457
248.6537
260.7525
265.3424
255.6227
244.7560
229.9624
259.5435
247.2889
217.8865
215.6130
222.1664
221.6798
232.1749
240.3259
260.0413
269.7961
296.0317
264.0730
246.1839
254.0413
209.5700
214.9558
217.4710
200.2928
192.5243
202.8183
192.0298
187.0846
197.3530
197.3573
188.8321
182.6998
165.3647
158.5298
148.2433
146.8376
141.9137
138.8773
148.3842
160.0614
170.9714
165.8834
157.9767
197.0534
193.1750
212.4569
216.2890
221.4103
245.9898
217.1189
211.3869
217.6247
205.4761
196.9075
194.7091
183.1164
185.6340
182.7611
178.3537
183.2876
176.6907
178.0994
181.8696
198.8087
216.1813
257.9969
208.4821
197.1893
221.5549
199.5679
182.8845
189.4992
200.2015
197.6580
219.3517
224.3359
259.5726
276.7831
252.0445
274.4949
314.7990
265.4452
238.6558
259.9276
214.2627
220.6049
219.0841
236.3268
284.6533
238.0090
240.9455
244.1004
275.3451
218.1575
212.8383
197.6039
197.7100
187.5738
180.8800
184.5232
184.9476
180.8403
187.4588
196.8699
194.2759
194.1080
187.4130
179.9560
186.4094
185.5232
197.8212
191.7241
188.5557
204.0499
200.3776
182.1174
194.8469
186.8101
180.5004
170.0759
157.9471
159.6446
149.4286
139.7879
129.8856
126.8554
129.1311
137.7161
141.7390
146.5558
146.4715
180.1064
173.7665
185.9100
191.8550
192.4498
211.7714
190.4947
181.7270
188.2011
178.4036
166.0215
156.1091
144.4165
145.9022
138.6298
128.6785
125.3958
128.0328
136.0077
139.9411
175.7128
165.0509
175.2924
190.9787
197.7813
217.9231
200.4736
185.3888
188.3118
177.9383
165.0310
158.8777
152.5241
155.0104
151.5431
145.4149
146.1999
143.6386
147.1835
149.3141
179.8870
168.8280
173.8413
193.5682
204.8107
220.5855
210.0926
197.2004
194.8903
188.5802
179.4092
180.1343
174.6301
171.1554
168.9382
170.8623
173.1738
173.8287
179.2718
183.0711
192.5471
181.4431
174.8207
196.0718
190.9984
196.5397
198.6593
206.7975
213.0402
214.4804
205.3010
210.2534
210.0194
207.9630
204.8678
201.3364
203.8743
202.8451
198.2160
196.5579
198.7105
195.3424
196.8482
199.2339
198.3395
198.3041
208.5789
207.9813
218.1703
216.9146
220.6439
233.8680
218.3913
218.1240
223.7000
221.2985
216.9426
212.4583
207.3959
211.2805
209.2506
203.0668
202.2080
206.4609
201.1151
201.4190
206.1146
202.2313
202.4899
219.8726
216.5531
225.6864
229.0542
227.9226
244.5251
231.7030
211.2752
211.3956
198.3989
200.6713
192.8524
193.6150
203.6405
208.6597
204.8680
213.6333
196.3323
190.6117
189.6453
182.0681
180.1994
185.0966
177.9021
166.9242
169.1565
170.6022
162.3251
167.7879
161.6635
176.8992
191.6602
229.3130
251.9411
296.0402
325.2971
373.4740
308.5240
262.2201
267.8883
168.0238
187.1805
191.4774
162.0009
173.9312
186.0909
196.0696
164.8048
169.3256
158.7821
163.7599
158.4689
165.4716
174.6275
187.1541
191.7667
210.5585
185.6416
171.6244
173.0707
149.7961
151.3453
152.3436
143.4069
140.8770
141.6667
147.1433
137.9848
136.2797
132.9896
141.4252
140.7843
146.9379
171.3983
178.2195
160.2468
170.4962
186.2484
181.4613
179.9075
160.2097
148.4877
129.6068
135.6136
142.9148
124.5842
119.3536
113.3000
130.3972
120.6827
120.7131
125.6725
133.1653
134.1250
132.8075
135.2189
135.8429
132.9551
134.2546
137.3722
136.0692
137.6434
144.2513
136.3180
132.9204
126.3842
133.4788
142.5227
129.9344
134.7756
143.9647
137.6031
137.2366
144.1938
146.7857
145.4707
145.8123
140.4941
138.2588
137.6003
138.8441
141.9010
144.3318
146.4075
148.3188
146.5466
141.0240
148.0781
151.2200
162.2816
156.3561
161.2686
176.1919
161.4931
160.0039
168.3329
167.7876
163.3899
162.3630
155.0669
151.2357
147.8855
149.6094
151.4395
151.1722
158.0217
162.3385
161.2535
154.4089
167.3985
168.2617
180.0430
176.8878
180.8302
195.8864
179.6647
178.4841
185.4072
183.6336
177.9160
175.8366
167.8673
163.6767
157.5920
156.5844
153.6805
162.5133
167.8273
176.1171
183.5238
182.0994
192.0341
193.7795
199.9197
216.1888
199.8334
196.0740
202.8147
199.9300
191.4187
187.5411
177.5383
174.8258
167.3372
164.5495
159.4908
156.2515
162.6692
170.7994
177.4133
175.4971
171.5644
200.7366
196.5522
207.1538
213.5079
217.1316
235.1116
216.3354
209.1467
215.6556
209.0463
198.2646
192.0854
181.8251
181.9698
175.6593
168.3872
166.2689
169.0717
175.9925
180.6819
208.3484
201.5723
212.4721
221.6745
229.0274
245.6985
229.6444
223.3359
228.9476
224.0912
212.3396
208.4694
198.0351
197.5821
191.1540
184.4607
180.9039
185.3347
192.2148
196.4412
227.3230
221.2582
231.9143
242.2010
251.6819
270.8013
250.7309
245.8613
253.3305
247.5532
232.6470
227.0501
215.7235
217.5636
210.8666
203.8634
199.1935
201.0689
196.3323
197.7215
196.7180
203.1660
205.9403
250.7858
241.1721
251.0583
269.9316
281.2901
305.6095
282.2901
272.2449
279.3631
275.0425
284.0317
277.3060
281.3160
283.4776
295.9967
307.6815
326.2190
303.9788
291.6446
297.6779
257.7306
264.0981
273.6575
252.9876
236.4319
241.4601
235.2558
227.7923
229.6951
226.1989
233.3069
226.8930
226.4533
225.7494
229.4862
232.8589
241.4696
248.1157
246.7203
243.9291
253.0409
236.5106
230.9998
213.5087
216.1442
221.3062
210.1449
199.1616
204.1146
195.1465
195.6532
199.8648
200.0752
205.9694
202.8859
199.7433
194.6764
195.7785
203.3010
213.5806
216.6983
226.5350
227.6004
217.8090
206.0958
190.3060
195.3135
203.6589
189.8133
182.1612
191.2133
185.4893
174.9209
176.2046
172.3089
176.6618
172.7087
170.5822
171.0174
170.7254
169.9494
171.7703
173.8460
174.8506
176.2383
182.9492
174.1575
170.7123
163.3969
166.2184
172.0943
161.2560
154.5223
159.1336
154.7305
152.4287
156.5359
158.0013
160.3177
159.5760
154.9432
153.4803
153.3147
154.4016
158.2444
160.9798
163.9954
165.9998
162.6337
156.1700
154.3238
159.0476
170.3283
158.2799
157.3147
168.4471
158.4563
157.7207
165.8442
170.6700
174.7300
181.7227
184.4800
177.8483
188.6561
206.4898
224.3917
214.9878
203.9800
219.4629
166.3303
175.9838
187.6234
167.9586
164.5196
165.6776
162.1920
174.5561
188.9286
200.4440
211.8494
219.7347
224.7394
247.3242
259.3093
243.2662
258.2444
278.3874
273.0864
273.4250
250.3047
231.5321
193.4418
210.6165
229.3483
197.9399
195.9420
208.6893
201.8991
192.1732
200.5272
196.9993
195.1758
191.6246
181.3640
176.9503
169.7466
169.2775
165.4064
161.4533
169.7843
178.2415
184.3884
182.1781
176.9632
191.6129
194.8849
213.9394
198.6254
198.5323
214.1428
196.6282
192.7823
200.0066
195.2787
190.5363
184.4195
174.7453
172.7636
165.9966
160.7773
158.1755
164.0835
171.2896
178.2255
189.8937
187.1039
198.3560
197.5929
196.6139
210.3924
197.5937
187.2444
191.9166
184.6520
180.3847
172.5716
164.3664
165.5134
160.2821
153.2929
151.7248
153.5267
159.1620
163.3670
177.8559
173.8078
183.2580
184.2332
182.7970
196.2660
183.1880
174.3722
178.5784
171.2948
166.8417
160.2719
153.5161
154.0092
150.5600
146.0208
145.8133
146.4730
150.3146
154.7621
164.5661
160.0486
169.4977
172.1695
173.3189
187.8601
176.3743
166.1150
169.6104
166.9302
163.8759
162.5197
157.1326
156.4068
156.1434
155.9150
159.2767
163.5410
162.4709
162.8730
170.4709
160.7442
156.7720
166.8937
165.8409
175.4739
177.0888
182.5132
204.0963
175.1815
184.4268
202.4948
206.8147
202.1520
199.1444
186.7088
176.4084
173.8356
181.9127
190.2777
193.3095
204.4290
211.0798
230.8981
205.4332
189.9675
200.8876
201.6460
220.4609
213.6342
209.7609
231.6246
205.2145
200.1293
213.3895
203.2931
198.1334
190.6883
188.0259
187.3818
194.1064
202.4188
216.7088
203.0869
196.6979
207.8360
194.9485
187.8772
210.4087
218.6827
221.3113
262.3470
219.8605
199.2059
198.3050
185.3876
177.3657
164.3900
154.2791
161.5519
164.5952
160.1064
174.4311
155.0070
151.2957
158.0254
188.7980
177.8404
194.3813
203.3310
