3.8814
3.5320
3.5653
3.5240
3.5959
3.4421
3.4564
3.2723
3.2551
3.6894
3.3680
3.4015
3.1988
3.1139
3.2713
3.3312
3.4489
3.2780
3.4564
3.5572
3.5344
3.3068
3.5418
3.4304
3.3749
3.3442
3.2613
3.1060
3.1348
3.1508
3.0747
3.1820
3.2189
3.2440
2.9443
3.1179
2.9762
3.1997
3.1339
2.9706
3.0680
3.0002
3.4733
3.0896
3.4208
3.5250
3.7124
3.3693
3.5506
3.4180
3.4459
3.4599
3.2300
3.4012
3.2606
3.3803
3.4773
3.4350
3.4597
3.2477
3.5829
3.4832
3.4912
3.5621
3.3244
3.3593
3.6124
3.5584
3.6136
3.5447
3.4100
3.4861
3.7019
3.7620
3.5374
3.5869
3.5857
3.6339
3.5613
3.5430
3.5668
3.4347
3.4122
3.4470
3.2648
3.6058
3.5504
3.3810
3.5028
3.6589
3.3792
3.8451
3.6682
3.4480
3.3642
3.3093
3.1320
3.3343
3.2141
3.4811
3.5479
3.6017
3.7081
3.7397
3.9052
3.7771
3.7505
3.4151
3.6714
3.5033
3.3093
3.4814
3.3974
3.3464
3.2398
3.2542
3.2020
3.2743
3.3989
3.3717
3.3108
3.6462
3.1763
3.2388
3.2869
3.2747
3.3559
3.5032
3.4455
3.5260
3.4853
3.3991
3.5472
3.5934
3.3320
3.4463
3.4502
3.4001
3.5538
3.5470
3.3374
3.8093
3.3653
3.0799
3.5124
3.3992
3.5004
3.2954
3.3983
3.5927
3.5200
3.5801
3.3875
3.5213
3.4047
3.0703
3.4244
3.4827
3.2959
3.3557
3.3870
3.4049
3.4374
3.5850
3.6810
3.5749
3.4724
3.4914
3.5767
3.4881
3.3238
3.4734
3.5622
3.4640
3.5197
3.4964
3.5849
3.4388
3.5025
3.4745
3.5278
3.3421
3.4701
3.4407
3.3639
3.5021
3.5285
3.4493
3.4212
3.5542
3.5984
3.6454
3.5799
3.7622
3.5986
3.8672
3.4575
3.7580
3.7714
3.7392
3.6291
3.6918
3.6070
3.3911
3.6806
3.4525
3.4831
3.5640
3.8366
3.6589
3.6134
3.7113
3.6298
3.7366
3.6690
3.5214
3.5666
3.7643
3.7527
3.9203
3.8650
3.6486
3.7268
3.7229
3.6321
3.5207
3.4640
3.4453
3.4826
3.3495
3.6174
3.5709
3.5247
3.4087
3.6247
3.6110
3.5911
3.4748
3.4995
3.4050
3.6259
3.8139
3.7480
3.7041
3.7024
3.6698
3.6498
3.4227
3.3512
3.6853
3.6915
3.5985
3.5777
3.5625
3.4734
3.3960
3.3961
3.3615
3.3863
3.2915
3.2857
3.2204
3.3078
3.3967
3.5212
3.2987
3.4193
3.4172
3.4548
3.3985
3.3712
3.2662
3.1593
3.1923
3.4059
3.3520
3.2509
3.2740
3.3424
3.3668
3.3061
3.3681
3.3427
3.1652
3.3128
3.3042
3.5538
3.2838
3.3877
3.5750
3.3497
3.5008
3.2377
3.3011
3.5937
3.1622
3.5349
3.5695
3.4738
3.6179
3.4835
3.5415
3.7549
3.2798
3.3337
3.5516
3.2132
3.2093
3.3157
3.5231
3.5941
3.6268
3.4353
3.4926
3.4972
3.4783
3.2550
3.1931
3.2094
3.2811
3.5570
3.5320
3.3521
3.2767
3.5163
3.3699
3.4245
3.6118
3.5298
3.4434
3.3779
3.7547
3.6349
3.7222
3.7438
3.6370
3.5740
3.4518
3.6534
3.5272
3.6590
3.9758
3.5582
3.6821
3.5756
3.8047
3.6593
3.5863
3.4616
3.6448
3.6968
3.6004
3.9247
3.5033
3.6780
3.5664
3.3566
3.3722
3.2529
3.4417
3.5149
3.6439
3.5633
3.5297
3.2728
3.3460
3.1596
3.3506
3.2145
3.4387
3.3187
3.3523
3.4554
3.4179
3.3343
3.5622
3.1243
3.3429
2.9519
3.2727
3.1465
3.2928
3.1504
3.6241
3.5498
3.3367
3.5414
3.4387
3.6434
3.4313
3.3851
3.0421
3.3056
3.2611
3.6376
3.3082
3.4564
3.4326
3.3551
3.4590
3.5086
3.6104
3.6845
3.7906
3.7181
3.6797
3.9599
3.4772
3.4995
3.4414
3.4597
3.6182
3.6447
3.6028
3.3288
3.5232
3.5357
3.4465
3.4239
3.6809
3.6942
3.5681
3.6371
3.6509
3.5763
3.5111
3.3534
3.7828
3.5691
3.6897
3.5959
3.6189
3.5189
3.5435
3.6966
3.6226
3.8799
3.7778
3.6824
3.9361
3.8609
3.7929
3.8495
3.8516
3.6568
3.4891
3.4664
3.7780
3.8224
3.7213
3.4951
3.6259
3.4928
3.3707
3.8823
3.4547
3.7314
3.5163
3.4409
3.6783
3.4102
3.2867
3.3351
3.3706
3.5041
3.3310
3.4779
3.3901
3.3274
3.3933
3.2316
3.4296
3.3331
3.2069
3.1752
3.4647
3.4072
3.3422
3.4636
3.3709
3.4679
3.2808
3.3727
3.5447
3.5028
3.4356
3.3344
3.6747
3.7232
3.3242
3.2907
3.3788
3.3606
3.5172
3.4468
3.5425
3.7137
3.5282
3.4275
3.4947
3.5100
3.5252
3.6450
3.6567
3.3075
3.5047
3.2972
3.4820
3.5725
3.6088
3.6545
3.4358
3.5350
3.7346
3.6306
3.5429
3.8197
3.7920
3.8037
3.6146
3.4670
3.8784
3.8314
3.5541
3.7108
3.5440
3.6325
3.5861
3.9323
3.5301
3.4148
3.6232
3.8574
3.7357
3.9213
3.5973
3.4436
3.6008
3.5633
3.4613
3.4147
3.7201
3.3649
3.3777
3.6501
3.5781
3.5833
3.4606
3.3540
3.4927
3.4635
3.5370
3.4793
3.4696
3.4116
3.7302
3.5738
3.6122
3.5480
3.6463
3.7713
3.7402
3.5928
3.5318
3.7524
3.6346
3.6278
3.7684
3.6857
3.5155
3.3731
3.5190
3.5539
3.5008
3.4620
3.4534
3.6466
3.5001
3.5469
3.6499
3.6545
3.4434
3.6561
3.6306
3.6283
3.8048
3.3964
3.5096
3.4801
3.5823
3.4006
3.7098
3.5291
3.5073
3.5455
3.5544
3.5136
3.4043
3.4092
3.3596
3.4423
3.3784
3.6131
3.5874
3.6354
3.6102
3.6697
3.3915
3.5353
3.6261
3.3701
3.4330
3.3280
3.3912
3.4605
3.6497
3.4674
3.4750
3.4859
3.5319
3.5957
3.5742
3.6021
3.6653
3.5404
3.7557
3.7173
3.4847
3.5306
3.5468
3.5776
3.4008
3.4946
3.4355
3.5237
3.6638
3.7621
3.5325
3.7367
3.3292
3.4181
3.3529
3.4288
3.6963
3.3864
3.4576
3.3953
3.7386
3.7406
3.4547
3.4241
3.2105
3.5647
3.3255
3.2879
3.2222
3.3927
3.3656
3.5097
3.3233
3.2385
3.3440
3.5728
3.3702
3.0184
3.4322
3.2892
3.3531
3.6086
3.3202
3.3174
3.2474
2.9848
3.2350
3.4011
3.3167
3.4100
3.2763
3.2402
3.3244
3.1494
3.2910
3.3264
3.6811
3.8254
3.6489
3.5801
3.6193
3.6862
3.5554
3.6745
3.8872
3.6819
3.9162
3.4574
3.7481
3.9495
3.5974
3.7133
3.3423
3.4436
3.4580
3.5887
3.5391
3.3290
3.5011
3.5339
4.0776
3.4859
3.3952
3.3605
3.5180
3.6222
3.3477
3.3664
3.5462
3.3187
3.4700
3.4883
3.3701
3.2727
3.7470
3.4175
3.5994
3.4689
3.2988
3.7176
3.8636
3.6436
3.7483
3.4958
3.6262
3.6813
3.3952
3.3509
3.4882
3.7641
3.7510
3.4157
3.4688
3.4518
3.4820
3.7154
3.6304
3.5510
3.4536
3.3473
3.3478
3.4560
3.5465
3.1897
3.7163
3.7362
3.5929
3.4871
3.6426
3.4609
3.3907
3.2424
3.2438
3.5862
3.4650
3.4081
3.4782
3.3046
3.6268
3.7089
3.5598
3.5043
3.4969
3.3736
3.4260
3.3113
3.2105
3.5338
3.4242
3.4132
3.3313
3.5894
3.2212
3.4770
3.3367
3.6463
3.3948
3.5043
3.6279
3.5047
3.6021
3.6721
3.5972
3.3543
3.6133
3.4075
3.5390
3.4242
3.5984
3.4520
3.2015
3.2541
3.2947
3.4360
3.1989
3.3138
3.0767
3.1805
3.2833
3.2240
3.3321
3.3668
3.6757
3.3845
3.4081
3.3812
3.8935
3.6134
3.4231
3.4454
3.3890
3.7547
3.5755
3.5039
3.5347
3.1990
3.5946
3.4538
3.2951
3.5366
3.4700
3.4268
3.5209
3.4309
3.2752
3.4445
3.5423
3.6052
3.3000
3.3105
3.4774
3.3428
3.4839
3.3711
3.2222
3.3598
3.8181
3.3893
3.2372
3.2673
3.4436
3.6025
3.0891
2.8495
3.1629
3.3507
3.4525
3.3938
3.3352
3.2117
3.2573
3.3505
3.2744
3.7417
3.1056
3.0051
3.2076
3.0956
3.2050
3.3756
3.8098
3.3871
3.7594
3.4832
3.6629
3.5478
3.4692
3.8581
3.9276
3.9610
3.7971
3.9865
3.9245
4.0464
3.8541
3.7395
3.8272
3.8823
3.7919
3.5927
3.9906
3.9118
3.9004
3.5299
3.4822
3.8475
3.5010
3.7174
3.6488
3.7959
3.5385
3.5176
3.4139
3.4156
3.1737
3.4125
3.5456
3.6293
3.9266
3.7706
3.4256
3.5753
3.2983
3.6957
3.2655
3.3970
3.4460
3.3834
3.3723
3.1268
3.2465
3.0604
3.2460
3.5824
3.4635
3.3676
3.3504
3.4344
3.5881
3.7249
3.4909
3.6987
3.2846
3.3028
3.4682
3.4234
3.7367
3.3431
3.5356
3.2253
3.4720
3.4902
3.4074
3.6105
3.6241
3.7814
3.7590
3.3911
3.4072
3.6384
3.3603
3.6436
3.6457
3.7325
3.4958
3.5720
3.3982
3.4955
3.8239
3.6951
3.5233
3.5283
3.4971
3.4002
3.6671
3.5460
3.6198
3.5992
3.7316
3.6495
3.5155
3.5462
3.3229
3.7347
3.3429
3.3931
3.5559
3.6823
3.5649
3.4239
3.4424
3.3309
3.4587
3.0933
3.2380
3.4577
3.6358
3.6122
3.4376
3.5763
3.7359
3.5491
3.6530
3.4157
3.5871
3.7430
3.2555
3.3506
3.2730
3.3197
3.5697
3.7493
3.7181
3.8206
3.8489
3.6829
3.6658
3.6929
3.5113
3.5474
3.6643
3.5509
3.4663
3.3060
3.3605
3.5017
3.4951
3.3831
3.4526
3.3960
3.2085
3.2371
3.5647
3.1197
3.4491
3.5555
3.2915
3.5430
3.6127
3.7601
3.4979
3.4717
3.5628
3.4773
3.3076
3.6350
3.4283
3.4187
3.4925
3.4363
3.4458
3.5654
3.5396
3.2920
3.7686
3.7157
3.7568
3.7056
3.5601
3.5197
3.4797
3.5244
3.4125
3.5168
3.7233
3.5058
3.6537
3.4220
3.2917
3.4674
3.7037
3.6545
3.6763
3.6288
3.3262
3.4096
3.6161
3.3917
3.6138
3.3356
3.3741
3.3727
3.6555
3.4912
3.6926
3.9311
3.6571
3.7568
3.3716
3.2686
3.4692
3.2824
3.2360
3.3379
3.6459
3.7307
3.8042
3.7718
3.9305
3.5525
3.9823
3.9570
4.0141
4.0257
4.1375
4.0418
3.7352
4.1427
3.9882
4.1971
3.9941
4.1036
4.0394
4.0675
3.8589
3.9316
3.9288
4.1001
3.8704
3.8343
3.7073
4.2362
3.9376
4.1036
3.8417
3.9596
3.9031
4.1301
3.8671
4.0475
3.9693
4.0367
3.9871
3.8871
4.0009
4.2364
4.0817
3.8886
3.9180
3.9391
4.1486
3.9945
3.8670
4.1647
3.9539
3.9597
4.0937
4.2692
4.2071
4.0956
3.9884
4.2017
4.1732
4.1006
3.9758
4.2125
4.2528
4.2139
4.2781
4.2549
4.2466
4.0704
4.1773
4.1760
4.2672
4.1302
4.0472
4.0345
4.0964
3.8939
3.9866
4.0176
4.3314
4.0915
4.1692
4.3173
4.1420
4.1935
4.1180
4.2383
4.1126
4.0668
4.0718
3.9964
4.2706
4.3514
4.3462
4.3293
4.2415
4.0533
4.2669
4.4254
4.1314
4.0500
4.1211
4.0125
4.2061
4.3168
4.7072
4.6594
4.4335
4.3676
4.1687
4.2512
4.2319
4.0844
4.2763
4.3117
4.1281
4.1938
4.2727
4.1876
4.4209
4.3030
4.1371
4.1412
3.8759
3.9733
4.0339
3.7805
3.8380
3.7792
3.7809
3.7910
3.6863
3.9157
3.6064
3.8847
3.7873
3.9585
3.7674
3.7855
3.6863
3.9284
3.8040
3.8039
3.6804
3.8110
3.8717
4.1164
3.8135
3.7919
3.9534
3.7554
3.8470
3.8771
4.1006
3.7424
4.0835
3.9957
3.8450
3.9978
3.7085
3.9015
3.9789
3.8360
3.8551
3.6127
3.9413
3.7002
3.7843
3.9246
3.8509
3.8812
3.5681
3.9925
3.8029
3.8195
3.9477
3.7526
3.8820
3.7067
3.8124
3.6002
3.5130
3.7028
3.4327
3.5439
3.3391
3.4770
3.4176
3.2748
3.5951
3.8066
3.8803
3.6788
3.5819
3.5639
3.6083
3.5831
3.4734
3.5684
3.7476
3.6635
3.7925
3.6315
3.5678
3.7149
3.5866
3.5298
3.5288
3.5532
3.3358
3.2947
3.4741
3.6743
3.4622
3.4430
3.7010
3.4528
3.6655
3.6032
3.4446
3.6230
3.3926
3.6464
3.8375
3.5287
3.4091
3.5138
3.5982
3.4322
3.5757
3.6769
3.6035
3.5704
3.6367
3.5268
3.5140
3.6001
3.6772
3.6371
3.5618
3.5072
3.5204
3.7704
3.4144
3.5405
3.6552
3.5598
3.6545
3.5368
3.5988
3.3881
3.2564
3.2645
3.3579
3.2573
3.3178
3.3241
3.5181
3.4330
3.4177
3.4973
3.2664
3.2578
3.4066
3.6882
3.6327
3.6541
3.5875
3.2724
3.3701
3.2532
3.5196
3.5015
3.5794
3.5417
3.6946
3.8837
3.5715
3.6086
3.8064
3.5362
3.7515
3.7878
3.6991
3.6771
3.8577
3.5268
3.4412
3.5165
3.4445
3.6114
3.6228
3.7662
3.6753
3.4390
3.5316
3.7104
3.6255
3.8371
3.8848
3.6005
3.6420
3.5303
3.5710
3.4135
3.4918
3.7331
3.5744
3.6394
3.4568
3.5387
3.3968
3.5187
3.4494
3.6705
3.5071
3.6106
3.7925
3.6656
3.6974
3.4990
3.7914
3.6815
3.8865
3.7238
3.5039
3.7608
3.7026
3.6646
3.5082
3.5669
3.5267
3.5166
3.6749
3.6871
3.6777
3.6876
3.7363
3.6362
3.6258
3.7674
3.5648
3.6552
3.7118
3.5924
3.6347
3.6000
3.7336
3.7872
3.6221
3.5571
3.4235
3.5889
3.3688
3.2992
3.4792
3.4906
3.3275
3.4161
3.4772
3.3435
3.3214
3.1722
3.1738
3.1186
3.4607
3.1859
3.2787
3.2330
3.1837
3.2555
2.9994
3.3863
3.2578
3.4513
3.3635
3.2852
3.2650
3.4475
3.1794
3.4030
3.5074
3.1416
3.3121
3.2871
3.0478
3.1020
3.1083
3.0427
3.1378
3.1438
3.2889
3.1406
3.2138
3.1365
3.4268
3.2189
3.1974
3.2378
3.3034
3.1740
3.3104
3.2641
3.1400
3.1598
2.9861
3.1984
3.1358
3.2440
3.2476
3.2882
3.2117
3.2608
3.0717
3.2459
3.2981
3.5831
3.2894
3.3700
3.1547
3.3342
3.3431
3.1622
3.0756
3.2114
3.1505
3.1547
3.2422
3.3725
3.4859
3.2307
3.0937
3.2929
3.4786
3.3150
3.4568
3.4558
3.3021
3.5658
3.2815
3.5323
3.4714
3.3493
3.2597
3.3368
3.0757
3.1874
3.4332
3.3681
3.5615
3.4981
3.4135
3.5175
3.4576
3.3261
3.2917
3.1587
3.3618
3.2433
3.3707
3.2559
3.4839
3.4505
3.3665
3.2572
3.2301
3.1735
3.3861
3.2724
3.4083
3.2429
3.4469
3.3225
3.2075
3.1540
3.4720
3.2283
3.3066
3.0763
3.0466
3.1870
2.9865
3.1954
3.0549
2.8592
3.0602
3.0013
3.1798
2.9827
3.0678
3.1048
2.9672
3.1765
3.2145
3.0946
3.1786
3.2457
3.0930
3.0064
3.1338
2.9756
3.0050
3.0947
3.0515
3.0739
2.9359
2.9573
3.1518
3.2180
3.0831
3.0354
3.1560
3.0294
2.7975
2.9347
2.9376
3.0524
2.9483
2.9148
2.8149
2.6065
2.6776
3.0441
2.9667
2.6795
2.8017
2.9607
3.0282
2.7814
3.1217
2.9250
2.7574
3.0125
2.8704
2.9335
3.1410
2.9019
2.7650
2.8535
3.0384
2.7682
2.8225
2.8690
2.7053
2.6836
2.7525
2.7671
2.9138
2.8735
2.9228
2.6904
2.8974
2.9700
2.8971
2.8086
2.7911
2.7578
2.8801
2.9120
2.6614
2.9834
2.9221
2.9537
2.9507
3.0983
2.8434
2.9451
2.7284
2.9362
2.8828
2.8985
2.9484
2.6207
3.0562
3.1416
2.9405
2.8113
2.7254
2.8632
2.8959
2.7581
2.9744
2.9253
3.1127
3.0702
2.8567
3.0667
2.9348
2.9869
3.0650
3.0272
2.8647
2.8943
2.9351
3.1062
2.9748
3.1180
3.0460
3.0791
2.9122
2.8840
2.8026
2.8909
2.9471
2.9177
2.7459
2.8307
3.0044
3.0686
3.0599
3.2348
3.1150
2.9533
3.0945
3.0621
3.0616
3.2224
3.4065
3.2889
3.4117
3.3074
3.3585
3.3263
3.3431
3.2778
3.2607
3.1167
2.9454
2.9065
2.8858
2.8939
2.9656
2.8061
2.6811
2.9607
2.9015
2.8720
2.6641
2.7155
2.9082
3.0832
2.7240
2.9129
2.9336
2.7255
2.6972
2.7608
2.8472
2.9954
3.0129
2.8492
2.8542
3.0648
2.8426
2.9166
2.8486
2.9162
2.9608
3.0535
3.1352
2.8711
2.9568
2.8837
3.0351
2.8742
2.8899
2.7844
2.8842
2.8908
3.1233
2.8721
3.1603
3.0149
3.1486
3.2642
3.2974
3.2709
3.4350
3.2602
3.1903
3.2232
3.1481
3.1089
3.1658
3.1376
3.2756
3.1998
3.3242
3.0918
3.1907
3.0533
3.2697
3.0943
3.1263
2.9771
3.0817
3.0050
3.0524
2.9637
3.1228
3.1129
3.0610
3.0209
2.9638
3.0216
3.0219
2.9898
3.0063
2.9765
3.2102
3.0182
3.1277
2.9269
2.9263
3.1605
3.2622
3.0829
3.1883
3.2774
3.1757
3.0882
3.1687
3.0340
3.1631
3.3166
3.2367
3.0887
2.9710
2.9590
3.1566
3.0996
3.0734
3.2074
3.0045
3.3330
3.2065
2.9812
3.1596
2.9797
2.9788
2.7563
2.9415
3.1131
3.0620
2.9863
3.1974
2.9246
2.9146
2.8673
3.1999
3.0932
3.1823
2.9993
3.2061
3.2541
3.2001
3.0577
3.2764
3.1439
3.1362
3.2013
2.9822
3.0750
3.1201
3.1486
2.9946
2.9021
2.9267
2.7581
2.7542
3.0308
3.1476
2.8833
3.2289
3.3855
3.0700
3.0778
3.0774
3.0018
3.2260
3.0634
3.0597
2.9140
3.0658
3.0647
3.3325
3.0594
3.0757
3.3956
3.1029
3.2764
3.0367
2.8267
2.8699
2.6128
3.0285
2.9171
3.0110
2.9601
3.0397
2.9438
2.8200
2.7879
2.7269
3.0849
3.0378
2.9714
2.8476
2.9941
2.7118
2.7817
2.6695
2.6525
2.9678
2.8466
2.9236
2.9956
2.8470
2.9821
2.9646
2.9337
3.0498
2.9618
3.0058
2.9999
3.0862
2.9866
2.9299
3.1541
3.0727
3.0662
3.1049
2.7741
2.8518
2.8744
3.1691
3.0666
2.9385
2.9729
2.9263
2.7103
2.9285
3.1230
2.9001
3.0679
2.9119
2.7011
3.0192
2.9586
2.9280
2.9632
2.9006
2.8226
2.9428
2.5822
2.9868
2.7929
2.9187
2.9365
2.6474
2.9152
2.6603
2.8107
2.8208
2.8893
2.7347
2.9260
2.9924
3.0103
2.8981
2.6611
2.8451
2.8904
2.7832
2.7567
2.7246
2.7712
2.7502
2.7838
2.8116
2.8535
3.2721
2.8995
2.9963
2.8841
2.9279
2.9357
3.0882
3.0262
3.1012
2.9870
2.9141
3.0103
3.1289
2.9645
2.9417
2.8934
2.9640
2.9768
2.6522
2.6846
2.9055
2.9958
3.1997
2.9159
3.0570
2.8220
2.9625
2.9325
2.8824
3.0502
3.0049
2.8780
3.1534
2.8800
2.8952
3.0153
2.8050
2.8884
2.8920
2.9468
3.1317
2.9619
2.9830
2.9499
3.1446
3.0400
3.1352
3.1263
3.1481
3.2413
2.9636
2.9801
3.0297
2.8758
2.8558
2.7908
2.7793
2.7973
3.0728
2.9191
2.8534
2.8887
3.1520
2.9891
3.0943
3.0295
2.9514
3.0587
2.9506
3.2305
3.0948
3.3605
3.2462
3.2388
3.1317
3.2254
3.2764
3.4394
3.4056
3.3968
3.2615
3.4602
3.5300
3.3150
3.1879
3.1832
3.3849
3.3263
3.6255
3.4728
3.4473
3.4736
3.4403
3.5128
3.5732
3.3594
3.4889
3.2881
3.3858
3.3870
3.4811
3.3388
3.3405
3.2302
3.3993
3.4549
3.5176
3.4317
3.4816
3.3037
3.4062
3.5238
3.4955
3.3701
3.5485
3.1008
3.1827
2.8321
3.2711
3.1503
3.0522
3.0330
3.0476
3.0004
3.3828
3.3366
3.2403
3.2501
3.2861
3.1608
3.0427
3.0814
3.1910
3.1760
3.2781
3.3267
3.2806
3.2825
3.3814
3.4196
3.0326
3.3565
3.1092
3.2569
3.1253
3.4068
3.5446
3.4845
3.4541
3.3732
3.4926
3.4881
3.5494
3.4969
3.5594
3.3620
3.3788
3.2775
3.3614
3.3338
3.3914
3.4546
3.3079
3.5369
3.3464
3.5215
3.5309
3.1520
3.0515
3.0555
3.1330
3.0445
3.0767
3.1556
3.3027
3.2139
3.3097
3.3359
3.2125
3.2892
3.2963
3.4386
3.3689
3.3541
3.4005
3.3430
3.4716
3.0039
3.2962
3.2617
3.1893
3.1678
3.2022
3.1719
3.2609
3.4271
3.2718
3.2565
3.2356
3.1769
3.1798
3.5423
3.2130
3.4084
3.5095
3.2042
3.2638
3.2813
3.2548
3.2616
3.1805
3.2181
3.1821
3.2546
3.2549
3.3042
3.1837
3.3153
3.2076
3.3607
3.2626
3.2770
3.2569
3.3087
3.1837
3.0604
3.3065
3.1681
3.1724
3.1106
2.9706
2.9808
3.2410
3.1013
2.8497
3.0770
3.0191
3.0622
3.3175
3.0762
3.1240
3.2867
3.2185
3.2653
3.4248
3.5230
3.3359
3.1482
3.1493
3.1295
3.0469
3.1455
3.2378
3.2209
3.1689
3.0590
3.1583
3.2991
3.1279
3.2430
3.1433
3.3359
3.3518
3.0056
3.1532
3.5280
3.3277
3.2416
3.3945
3.3902
3.4172
3.3165
3.1217
3.1573
3.1891
3.3655
3.3270
3.1789
3.1305
3.1135
3.2767
3.3399
3.4573
3.3319
3.2596
3.3703
3.4170
3.3852
3.3193
3.1572
3.3429
3.2561
3.3658
3.3942
3.3260
3.3392
3.6032
3.3680
3.3405
3.5450
3.4961
3.6188
3.4522
3.3077
3.2877
3.3949
3.2315
3.1881
3.1340
3.1917
3.3002
3.3059
3.6308
3.4188
3.5480
3.5158
3.3281
3.5344
3.3481
3.4730
3.3577
3.4170
3.5111
3.2187
3.4605
3.3675
3.3267
3.2743
3.2812
3.4065
3.2998
3.3353
3.4092
3.2310
3.1238
3.2956
3.0997
3.2570
3.1803
3.5479
3.2674
3.2864
3.4065
3.1885
3.1357
3.4066
3.3544
3.1530
3.3209
3.3093
3.4201
3.4117
3.1220
3.5516
3.4786
3.2646
3.1309
3.3318
3.3813
3.5651
3.3090
3.3110
3.3873
3.2344
3.1182
3.5295
3.2754
3.5235
3.3067
3.1930
3.0509
3.0225
2.9785
2.7136
3.0974
3.0264
3.0313
3.3280
3.2189
3.1626
3.3319
3.3950
3.0891
3.2908
3.5162
3.4130
3.3239
3.4942
3.4063
2.9970
3.0358
2.9253
3.1438
3.0713
2.9375
2.9991
2.8865
2.8447
3.0247
3.2103
3.0089
3.0061
3.1334
3.2742
2.8567
3.0019
2.9868
3.1719
3.0597
3.4013
3.1432
3.1709
3.0581
3.0394
2.9391
3.1638
3.1456
3.1020
3.0139
2.8863
3.1086
2.8671
2.9735
2.8348
2.9922
2.9340
2.9101
2.8219
2.7089
2.7567
2.8785
2.7162
2.9224
2.8924
3.0576
2.8245
2.7436
2.9155
2.8205
2.9024
3.0207
3.1160
2.8251
2.7934
3.0237
2.7753
2.8959
2.9177
2.7700
2.8252
2.9457
2.9300
2.9453
3.1533
3.2956
3.0596
3.0958
2.8264
2.8190
3.0101
2.9947
2.8596
3.0691
2.9740
3.0279
3.0548
3.0802
3.1501
3.0319
3.0110
3.1874
3.2402
3.0034
3.0558
3.1000
2.9448
2.9464
3.0155
2.8744
2.6853
2.7397
2.7768
3.0667
3.2087
3.0484
2.9333
2.8483
2.9172
2.9960
2.9400
3.1011
3.0561
2.8707
3.0083
3.1069
2.6242
2.7497
2.9377
3.1351
2.6864
2.9726
3.0207
3.1236
2.9242
3.1243
3.0710
2.9134
3.1133
2.9600
3.1017
3.0824
2.9188
3.0989
3.0842
3.0133
2.9272
2.7562
2.9899
2.8272
2.7553
2.7398
2.8116
2.5935
2.6925
2.7448
2.6067
2.6841
2.8072
2.7878
2.8502
2.7298
2.6424
2.6046
2.6812
2.7837
2.7303
2.8726
2.6407
2.7193
2.7916
2.7379
2.7744
2.6702
2.7512
2.6339
2.7288
2.7125
2.6674
2.6311
2.7622
2.8302
2.8790
2.7722
3.0026
2.8355
3.0324
3.0824
3.0435
3.0524
2.9331
2.9268
2.9321
2.7328
2.9287
2.7742
3.1086
2.9942
2.7948
2.6868
2.8017
2.8817
2.7725
2.6941
2.7099
2.8441
2.8263
2.9552
2.6829
2.8903
3.0482
2.7665
2.7053
2.7101
2.8866
2.8136
2.8592
3.1392
2.9896
3.0419
2.9365
2.9144
2.9793
3.0665
3.0041
3.0265
2.9349
3.1283
2.9680
3.0784
2.9748
2.9483
3.0716
2.8902
2.9168
2.8527
2.9238
3.0040
3.1883
2.9854
3.0671
3.1842
3.1563
3.1538
3.0818
2.8747
2.9035
2.9708
3.0835
3.2052
2.9764
3.0184
3.2029
3.1288
3.2089
3.2839
3.1609
3.1745
3.0212
2.9693
3.0564
2.9800
2.9778
3.0462
3.0764
2.9002
2.9749
2.8804
2.8976
2.8841
3.0106
2.9558
3.0944
2.8963
3.1157
2.9107
3.1642
3.1422
2.7759
2.8667
2.9770
2.9158
3.0731
3.0857
3.0269
3.0542
2.9435
3.0510
2.9707
3.0136
3.0623
2.9557
3.0567
3.0304
2.9282
2.8057
2.7775
2.8685
3.0274
2.9015
2.7697
2.9888
2.8677
2.9130
2.8827
2.9068
2.7914
2.8558
2.9003
2.9945
3.0911
2.8834
2.8827
2.9090
2.8741
3.0480
2.8393
3.0960
3.0628
3.0575
3.0423
2.8811
2.8749
3.0113
3.1802
3.2284
3.0234
3.2113
2.9160
3.2345
3.1275
3.0417
3.1449
2.9333
3.0205
3.1328
3.1708
3.1339
3.0006
3.0863
2.9456
2.8976
2.8292
2.8892
2.9870
2.9533
3.1215
3.0004
3.0409
3.0113
2.9001
2.8479
3.0949
2.9195
3.1360
3.1915
3.1420
3.0130
3.0134
3.2524
3.0512
3.1213
3.2066
3.0725
3.0364
2.8474
2.7765
2.7061
2.7288
2.5733
3.0982
3.0539
2.9793
3.0731
2.8846
2.9651
2.9320
3.1183
2.8865
2.9901
3.0115
2.8038
2.9755
2.9348
3.1832
3.0785
3.1440
2.9530
3.2432
3.0888
2.9464
3.1598
3.1822
3.0117
2.9256
3.0557
3.0259
3.0589
3.2299
3.1700
2.9974
2.9223
2.7871
3.0407
3.0208
2.8735
2.7451
3.0462
2.7600
2.8291
2.7104
2.7993
2.9622
2.7818
2.8380
2.7986
2.8879
2.8468
2.7361
2.9408
2.8741
2.9772
2.9020
2.9948
3.0483
2.9325
2.9318
2.7366
3.0432
3.0057
2.9788
2.9923
2.9026
2.9081
2.9207
2.8583
2.9778
2.8942
3.0693
3.1066
2.9000
2.9525
3.0424
3.1448
3.0226
2.9806
3.0251
3.1130
2.7776
2.8887
2.7461
2.8880
2.7791
2.9955
2.9459
3.0586
3.0092
2.7483
2.7764
2.9058
2.8936
2.8962
2.9676
2.7433
3.0352
2.9755
2.9566
2.9244
2.8450
3.1141
3.1046
3.1136
2.7443
2.6232
2.6436
2.8424
2.8896
2.8308
2.7333
2.7354
2.8932
2.7039
2.7419
2.9230
2.7826
2.6799
2.9345
2.7824
2.4710
2.8346
3.0449
2.6849
2.8014
2.8139
3.0464
2.8291
2.8929
2.9637
2.8220
2.8890
2.8288
2.7670
2.8210
2.6987
2.7952
2.7901
2.6675
2.7376
2.6239
2.7234
2.8259
2.7811
2.6357
2.7476
2.6853
3.0236
2.9226
2.9331
3.0467
2.9121
2.9895
2.9986
2.8454
2.9798
2.9174
2.8107
2.8592
2.7519
2.9999
2.9061
2.9879
2.8928
2.7516
2.8256
2.9264
2.9375
2.9577
2.9479
2.9255
3.0655
2.8104
2.8637
3.0276
3.0365
2.8493
2.9332
2.8474
2.9331
2.8190
2.9307
2.8914
2.9447
2.7722
2.8772
2.7664
2.8600
2.6696
2.7248
2.8942
2.9125
2.7336
2.8441
2.9851
2.8910
2.6996
2.6101
2.6272
2.8673
2.9171
2.8479
2.8852
2.7754
2.7039
2.7471
2.8043
2.8551
3.0137
3.0221
2.7494
2.7302
2.9041
2.8082
2.8611
2.8846
2.8349
2.9663
2.8739
3.0395
3.0656
3.0837
2.9974
3.0279
3.0402
2.9981
2.8460
2.9246
3.1524
3.0467
3.0734
2.8851
2.7517
2.7963
2.9085
2.6067
2.8856
2.8205
2.7452
2.7490
2.8148
2.8165
2.7265
2.7495
2.7149
2.8500
2.8121
3.0242
3.1092
3.0022
2.9272
3.2136
2.8786
3.2261
3.1685
3.1542
2.9515
3.0632
2.9895
3.0084
3.1468
3.1803
3.0349
3.1197
3.3357
3.1665
3.1086
3.1281
3.0566
3.0711
3.0314
3.1541
3.0825
3.0482
3.1443
3.0755
3.2483
2.9836
3.0339
2.9009
2.8909
2.8885
3.1069
3.2625
2.9484
2.9956
2.9605
3.0243
2.9551
2.9089
3.0730
3.0290
2.8758
2.8194
2.8814
2.9375
2.8429
2.7734
2.9250
2.8812
3.0073
3.0809
2.9883
3.1731
3.0608
2.9419
3.0295
3.3454
3.1456
3.1908
3.2221
3.0793
3.1461
2.9566
3.0698
3.0028
3.2668
3.2744
3.1867
3.0296
3.0551
3.0301
3.2565
3.1688
3.3409
3.0078
2.9567
3.0132
2.9957
3.1404
3.0297
2.9882
3.0472
3.0847
3.0418
3.0307
3.1084
3.1022
3.0856
3.0306
3.2348
2.9559
3.1563
3.0689
3.1187
3.1385
3.2872
3.1659
3.1246
3.0189
3.0582
3.0639
3.3141
3.0899
3.1382
3.1800
2.9821
3.1751
3.0953
3.0860
3.1768
3.1365
3.0098
3.2192
2.9440
2.9369
2.9765
3.0200
2.8144
2.8666
2.8680
2.7914
3.0885
2.9821
2.8246
3.1056
2.8535
3.0226
3.0072
2.8406
2.8571
2.9177
2.9164
2.9516
3.0094
2.8658
3.0170
2.9975
3.0028
2.9526
3.1811
3.1885
3.2112
3.0510
3.1479
2.9612
2.8331
2.9288
3.2159
3.0967
3.0182
3.4144
3.2663
3.4800
3.0167
3.1402
3.4184
3.2106
3.1597
3.1591
3.2654
3.1884
3.5308
3.7882
3.3688
3.4059
3.4067
3.0052
3.0082
3.0505
3.2901
3.2783
3.3461
3.2421
3.3527
3.2505
3.2570
3.2490
3.0162
3.0827
3.2112
3.2916
3.0648
3.1996
3.3666
3.3583
3.3090
3.3326
3.2127
3.4169
3.3765
3.5049
3.4964
3.5967
3.3168
3.6288
3.3544
3.2835
3.3850
3.4482
3.2598
3.2815
3.4397
3.1986
3.0954
3.3665
3.4227
3.4127
3.4128
3.3079
3.4495
3.4450
3.3804
3.4106
3.1685
3.0767
3.2444
3.1329
3.3107
3.1531
3.0427
3.2843
3.2266
3.2595
3.1896
3.2360
2.9990
3.1831
3.4564
3.3085
3.3409
3.5492
3.3226
3.2846
3.2669
3.1509
3.3287
3.2155
3.2728
3.2012
3.1191
3.2852
3.1754
3.0409
3.0323
2.9991
3.1343
3.1089
3.2370
3.1926
3.2850
2.9892
3.2074
3.1692
3.4273
3.0376
3.2300
3.1745
3.1706
3.0178
2.8689
2.9055
2.9786
3.0638
3.0383
3.0900
3.0714
3.2096
3.0706
2.9505
3.0259
3.1775
3.1331
3.2270
3.1372
3.1541
2.9352
3.0838
3.2966
3.1878
3.2626
3.2696
3.2138
3.4167
3.3692
3.2555
3.2783
3.1746
3.2076
2.8625
3.1183
2.9935
3.1599
3.1173
3.2859
3.4958
3.1247
2.8350
2.9754
2.9077
3.2255
3.0956
3.1758
3.1078
3.2696
3.2001
3.4610
3.4603
3.2974
3.7383
3.5337
3.5036
3.4343
3.3439
3.3148
3.3435
3.1944
3.2793
3.4254
3.4037
3.6075
3.4546
3.5702
3.2931
3.2037
3.4170
3.4691
3.5940
3.2634
3.2759
3.2452
3.3437
3.4419
3.3828
3.1514
3.3155
3.0553
3.2603
3.2576
3.1763
3.4098
3.3281
3.4959
3.3459
3.1717
3.3947
3.6644
3.4591
3.1742
3.3321
3.2110
3.5638
3.4587
3.4309
3.2603
3.3011
3.3531
3.4260
3.5661
3.5897
3.4973
3.5182
3.3542
3.3228
3.1167
3.4910
3.3862
3.3584
3.4871
3.4965
3.3816
3.6470
3.4376
3.3968
3.5168
3.5519
3.4289
3.4656
3.3544
3.4282
3.5988
3.4951
3.3978
3.4074
3.4079
3.5059
3.8006
3.6656
3.3487
3.3514
3.5063
3.5005
3.4642
3.5004
3.5991
3.7255
3.3947
3.5410
3.4515
3.4416
3.4924
3.6273
3.7033
3.5487
3.5303
3.5281
3.5208
3.3742
3.5124
3.6236
3.4657
3.4390
3.1635
3.3729
3.1876
3.5198
3.4171
3.2731
3.0430
3.3625
3.1771
3.1984
3.2267
3.1835
3.3774
3.1780
3.2404
3.2983
3.2628
3.4194
3.4060
3.3039
3.3156
3.5159
3.3722
3.2070
3.1333
3.3380
3.0753
3.0926
3.0293
3.1120
2.7822
2.6290
3.0764
3.1864
3.2614
3.0558
3.2878
3.2223
3.3553
3.4427
3.2927
3.0967
3.2858
2.7874
3.0335
3.2918
3.0141
3.1583
3.0424
3.1891
3.0997
3.1300
3.0656
2.9581
3.0901
3.1771
3.1288
2.9937
3.2337
3.1142
3.0947
3.2343
2.9901
3.1257
3.0109
3.0720
3.0666
3.0954
3.0562
3.0627
3.0502
3.0781
2.9402
3.2389
3.0089
3.2284
2.9357
2.9452
3.1060
3.0607
3.3035
3.4262
3.2585
3.3649
3.3117
3.2100
3.3563
3.1050
3.2370
3.2373
3.3965
3.4318
3.4122
3.2030
3.3093
3.2531
3.3945
3.2426
3.3933
3.1573
3.1592
3.2502
3.2251
3.2528
3.2387
3.3130
3.2820
3.2625
3.3971
3.5579
3.3611
3.5396
3.3026
3.4833
3.1903
3.0548
2.9893
2.8446
3.0428
3.1243
3.3539
3.0452
3.0975
3.1832
3.0641
3.0728
3.0194
3.0982
3.0609
3.2976
3.2111
3.0451
3.1789
3.2756
3.1524
3.3258
3.2014
2.9342
3.1712
3.2499
3.1815
3.2361
3.5065
3.5373
3.2425
3.3846
3.1318
3.3076
3.1672
2.9916
3.2206
3.1028
3.3382
3.3909
3.4373
3.2409
3.2014
3.3361
3.5127
3.3100
3.0845
3.1284
3.0938
3.2768
3.1705
3.0428
2.9988
3.1022
3.1028
2.9169
3.1490
3.3429
3.0896
3.0130
3.2945
3.1456
3.0656
3.2793
3.2380
3.2743
3.3364
3.3575
3.3002
3.2659
3.0924
3.3886
3.4612
3.3333
3.2908
3.1133
3.2563
3.1670
3.5604
3.3775
3.7443
3.3172
3.4682
3.3464
3.5125
3.4130
3.5623
3.2649
3.0251
3.3041
3.3577
3.4253
3.6218
3.1713
3.2422
3.2673
3.3527
3.2837
3.4180
3.3735
3.6235
3.5967
3.8312
3.6126
3.4842
3.5560
3.5766
3.5875
3.6553
3.5425
3.6902
3.6846
3.6174
3.3283
3.2785
3.3228
3.1519
3.3257
3.4027
3.5628
3.2982
3.5735
3.4307
3.5674
3.6801
3.6179
3.5964
3.4773
3.5539
3.3785
3.3379
3.4028
3.4290
3.4397
3.3054
3.1859
3.3390
3.2344
3.3997
3.1386
3.3279
3.2407
3.1469
3.2648
3.2713
3.2447
3.3397
3.2365
3.2218
3.0690
3.1923
3.2911
3.3858
3.1685
3.2577
3.4558
3.2025
3.3680
3.6069
3.7541
3.4289
3.2763
3.3154
3.3120
3.5188
3.2294
3.4060
3.2210
3.3516
3.1779
3.3502
3.2328
3.2894
3.5558
3.4864
3.4982
3.6338
3.6245
3.5408
3.6140
3.2860
3.5125
3.4863
3.2397
3.4028
3.2383
3.0490
3.0161
3.0945
3.1550
3.1624
3.2157
3.2153
3.2687
3.2338
3.3357
3.2234
3.3024
3.2922
3.0753
3.0664
3.3729
3.3071
3.1139
3.0124
3.1065
3.1844
3.0530
3.3359
3.1253
3.1944
2.9851
2.9893
3.0335
3.0597
2.9763
2.9815
3.0171
2.8422
2.8769
2.9942
2.9635
3.0831
3.2922
3.2119
3.0449
3.1046
3.2584
3.1345
3.1635
3.0380
3.0357
2.9447
3.1017
2.9750
3.0196
2.8634
2.9332
3.1464
3.1980
2.9803
2.8961
2.9365
3.0368
2.9416
2.9079
3.0119
2.9923
3.3023
3.1531
3.2750
3.1483
3.0675
3.1505
2.9706
3.2249
3.0053
3.0195
3.2448
3.1710
3.2448
3.3069
3.3397
3.1587
3.2116
2.8284
2.9415
2.9440
3.0748
2.8892
2.9334
3.0497
3.0306
2.9532
2.9768
3.1058
3.1145
3.0214
3.0929
3.1196
3.1738
3.3843
3.2356
3.0592
3.2935
3.2146
3.3070
3.2869
3.0250
2.7922
3.1882
2.9812
3.0642
3.1533
3.1736
3.1304
3.0798
3.0820
3.1252
3.1136
2.9794
3.1960
3.2016
3.3231
3.3886
3.3296
3.0341
3.3233
3.1609
3.4064
3.2741
3.1308
3.1448
3.0313
3.0852
3.1780
3.0170
3.3791
3.2786
3.0889
3.1385
3.1030
3.2115
3.1324
2.9390
2.9518
2.9643
3.0551
3.3599
3.1990
2.9903
3.0939
3.1183
3.2818
3.3046
3.1349
3.1055
3.0956
3.1444
3.2083
3.1743
3.0471
3.0988
2.9220
2.9754
2.9260
3.1249
3.2695
3.0194
3.0217
3.0908
3.1005
3.0766
2.9165
3.1355
3.2219
3.2921
2.9297
3.1679
3.2175
3.1694
3.0315
3.1288
2.8759
3.1327
3.1683
3.1609
3.3197
3.1517
3.1165
3.1705
3.0835
3.2124
3.3801
3.2362
3.0614
3.3068
3.3075
3.1824
3.2728
3.1660
3.1762
3.1882
3.2247
3.0464
3.1461
3.1640
3.2817
3.0247
3.2278
3.1180
3.2560
3.2795
3.1848
3.1668
3.1932
3.3241
3.1242
3.3989
3.1327
3.1982
3.1351
3.3340
3.0687
3.1956
3.1135
3.3540
3.2116
3.2799
3.2489
3.1001
3.2300
3.5357
3.3243
3.6838
3.3827
3.3972
3.1563
3.3311
3.0108
3.1262
3.2694
3.3139
3.2369
3.4414
3.1470
3.2630
3.4333
3.2378
3.2640
3.3213
3.5174
3.3355
3.1525
3.1371
3.1529
3.4996
3.3623
3.3967
3.4379
3.2744
3.4198
3.0859
3.0909
3.3695
3.2530
3.1689
3.1871
3.3180
3.1535
3.0882
3.4008
3.2226
3.1807
3.1694
3.0012
3.0149
3.2661
3.1485
2.9976
2.9190
2.9787
3.0967
3.2342
3.2443
3.4814
3.1975
3.3289
3.3140
3.4407
3.1523
3.1625
3.2675
3.1268
3.2834
3.3522
3.1497
3.0121
3.2627
3.1327
3.1211
3.0462
3.3157
3.1293
3.1582
2.9814
3.4372
3.3241
3.0028
3.1959
3.1473
3.4652
3.5273
3.4219
3.1609
3.1616
3.3693
3.0310
3.2175
3.2986
3.2119
3.0886
3.1672
3.0575
3.1207
2.9497
3.1400
3.0537
3.1435
3.2423
3.2046
3.1640
3.2702
3.1139
3.0821
3.2899
3.2652
3.3270
3.1288
3.0806
2.9325
3.3889
3.2590
3.1973
3.2828
3.3818
3.1236
3.1134
3.2026
2.9860
2.9988
3.0277
3.0506
3.3320
3.0971
3.0186
3.1635
3.1822
3.0752
3.2267
3.2559
3.3674
3.0816
3.1027
3.1598
3.1570
3.2880
2.8848
3.1856
3.2167
3.2854
3.1645
3.2706
3.0989
3.0568
2.9418
3.0659
3.1687
3.1577
3.0446
3.2919
3.3676
3.3500
3.1069
3.4910
3.1338
3.1889
3.1926
3.2402
3.1930
3.4366
3.1646
2.9234
3.0564
3.1434
3.0722
3.1688
3.1283
2.9341
2.8158
2.9753
3.2386
3.0336
3.0951
3.4335
3.1283
3.1550
3.2381
3.0798
2.9703
3.0524
2.8696
2.9918
3.1384
2.9090
2.9839
3.0873
2.9999
2.9383
3.1496
3.3057
3.5038
3.2707
3.1541
3.2004
3.4935
3.2221
3.3173
3.3522
3.0929
3.1866
2.9523
3.1679
3.0535
3.1064
3.0883
2.9824
3.1532
3.0149
3.1522
3.0840
3.2458
3.1450
3.2752
2.9857
3.1959
3.3732
3.5236
3.4016
3.4101
3.3559
3.4525
3.4081
3.1953
3.4840
3.3426
3.1478
3.3914
3.2777
3.4849
3.5277
3.2066
3.1429
3.1974
3.4283
3.3372
3.1808
3.3630
3.0507
3.3224
3.2499
3.5304
3.4311
3.5239
3.7080
3.5225
3.4202
3.6293
3.3016
3.3019
3.2088
3.2606
3.2904
3.2513
3.2383
3.4960
3.3759
3.2635
3.3967
3.7569
3.5503
3.5704
3.4355
3.3558
3.4907
3.5620
3.5108
3.6065
3.2491
3.5161
3.4991
3.5020
3.4547
3.6493
3.6093
3.8419
3.4725
3.4662
3.4865
3.4759
3.3058
3.5853
3.6713
3.6801
3.5509
3.5777
3.3284
3.3673
3.1971
3.4132
3.2326
3.1843
3.2967
3.3348
3.3600
3.2965
3.2704
3.3440
3.3940
3.2386
3.3177
3.4098
3.2477
3.1824
3.3056
3.2206
3.4638
3.4917
3.2640
3.7043
3.2881
3.2869
3.2523
3.2749
3.1063
3.1995
3.0999
3.2804
3.5151
3.3286
3.3982
3.2279
3.3834
3.2578
3.1884
3.3276
3.1425
3.0686
3.0973
3.1884
2.9761
3.0055
3.0487
3.2810
3.2426
3.6405
3.3570
3.3555
3.2428
3.3391
3.4694
3.3902
3.3554
3.1841
3.2347
3.3448
3.1864
3.1195
3.3515
3.4726
3.3441
3.2083
3.3902
3.0393
3.2575
3.4183
3.0360
3.2409
3.3077
3.3582
3.3265
3.5255
3.5252
3.5013
3.2291
3.3695
3.3308
3.2310
3.4058
3.4424
3.3976
3.1260
3.2363
3.0880
2.9642
2.8638
2.9620
2.9374
3.1423
3.0731
3.2134
2.8773
3.1766
3.1756
3.4294
3.3979
3.3796
3.2474
3.3074
3.4191
3.4122
3.3321
3.4440
3.3419
3.2228
3.2804
3.5452
3.4981
3.2372
3.0114
3.0937
3.3077
3.2298
3.3027
3.1178
3.2065
3.0024
2.9791
3.0798
3.0046
2.9564
3.1397
3.1509
3.0191
3.0784
3.2169
3.0265
3.1071
3.1321
2.9539
3.4305
3.0661
3.1623
3.4031
3.1200
3.0502
3.1659
3.1409
3.0678
3.1983
3.2496
3.0714
3.2003
3.0745
2.9694
3.1103
3.2038
3.1880
3.3302
3.2918
3.1676
3.0324
3.0808
3.2221
2.9876
3.1727
3.3375
3.4106
3.1691
3.0109
3.1860
3.0937
3.3499
3.3668
3.2614
3.1706
3.0428
3.2622
3.5213
3.3463
3.4849
3.3014
3.1570
3.2436
3.1299
3.3342
3.3840
3.2235
3.0066
3.0281
3.1597
3.0422
3.3082
3.3057
3.2102
2.9835
3.1233
2.9535
2.9738
2.9498
3.1389
3.0151
3.1107
2.8809
3.0896
3.1754
2.9212
3.1495
3.1871
3.0112
3.1767
3.0740
3.0322
3.0635
3.0117
3.2585
3.0759
3.2913
3.3057
3.1697
3.1848
3.2163
3.4307
2.9941
3.1938
3.2931
3.3802
3.2077
3.3620
3.3381
3.7105
3.4294
3.5447
3.4721
3.2524
3.2765
3.3597
3.3823
3.3840
3.2831
3.0938
3.0537
3.0714
3.2218
3.4104
3.0953
3.3136
3.4266
3.2419
3.1006
3.2694
3.3451
3.2792
3.3820
3.3123
3.4296
3.1294
3.1844
3.2394
3.3065
3.2018
3.2551
3.1430
3.0192
3.2570
3.1386
3.1803
3.0408
3.2593
3.0127
3.2804
3.1216
3.3035
3.0520
3.3035
3.2229
3.1683
3.2721
2.9845
3.3585
3.0912
3.1172
3.1724
3.0433
3.0604
3.0004
3.1553
3.0108
2.9848
3.0064
2.9309
3.0003
3.1618
3.1114
3.1126
3.0013
3.3797
2.9619
3.2823
3.0977
3.2754
3.0364
2.8604
2.9145
2.7671
3.0723
2.9344
2.8926
2.9167
3.1753
3.1955
3.0898
2.9585
2.7806
3.0446
3.3125
3.0109
2.9670
3.0926
3.0545
3.0963
3.0701
3.0318
3.0729
3.1051
3.4363
3.1237
3.1379
2.9887
2.7787
2.9335
2.9959
3.0813
3.3014
3.1120
2.9595
2.9443
3.0031
2.9317
3.0449
3.3633
2.8807
2.9528
3.0603
3.1798
3.3075
3.1881
3.1189
3.0689
3.2688
3.1199
3.1872
3.2037
3.0159
3.1161
2.9113
2.8885
2.6569
2.8980
2.8086
2.9345
3.1070
3.0817
2.8738
3.0702
3.1892
2.9756
3.0297
3.0698
3.0823
3.0162
2.9247
2.9929
3.2578
3.0661
2.9604
2.8705
3.0470
3.0056
3.1174
3.1073
3.0671
2.9408
3.0236
3.0358
2.9825
3.0615
3.1392
2.9514
2.8740
3.0836
3.1555
2.9892
3.0683
2.9157
2.9921
2.9884
3.0046
3.0634
3.2020
3.0336
3.1116
2.9257
3.1920
3.2306
2.9770
3.0216
3.1341
3.1696
3.0846
3.1148
3.2052
3.2501
3.0762
3.0456
2.9843
3.2646
2.9952
3.0515
3.0613
3.2925
3.0497
3.1757
3.1774
3.0207
3.0918
3.2352
3.1953
3.2549
3.3101
3.2311
3.2383
3.3202
3.2386
3.2641
3.1574
3.3910
2.9008
3.0319
3.1198
2.9188
2.8833
3.2295
3.1512
3.4140
3.0421
3.2471
3.2540
3.3748
3.2438
3.1733
3.1460
3.2840
3.2934
3.3722
3.1121
3.2178
3.3062
2.9744
3.1734
3.1674
3.0065
2.9843
3.0327
2.8934
2.8883
3.0168
2.9810
2.9150
3.0361
3.0129
3.2390
3.1735
2.9970
2.9305
3.2363
3.3309
3.0668
3.3008
3.0374
2.9859
3.1657
3.3386
3.2621
3.2363
3.1991
3.2549
3.2898
3.2909
3.3929
3.2613
3.2320
3.3637
3.3610
3.4244
3.3033
3.4124
3.5256
3.3295
3.5087
3.3468
3.3271
3.0459
3.1674
3.2572
3.2130
2.9599
3.3628
3.1635
3.3168
3.3710
3.2249
3.0217
3.2847
3.0413
3.0429
3.1737
3.2742
2.8553
3.0185
3.2605
3.0730
3.1181
3.0280
2.9871
3.1083
2.9621
3.2563
3.0285
3.1631
3.1824
3.2781
3.0489
3.1909
3.0440
3.4777
3.3548
3.2242
3.1363
2.9061
3.1342
2.9321
3.0635
3.3047
3.1509
3.0137
2.9871
3.1045
3.1736
2.9120
3.0317
2.9869
2.9916
2.9030
2.9154
2.8530
3.0123
2.7947
3.1018
3.0931
3.0370
3.0882
3.1108
3.2271
3.1090
3.0411
3.0901
3.1474
3.2071
3.3382
3.2087
3.0337
3.0102
3.0597
3.0845
2.9866
3.0112
3.0436
3.1164
2.9240
2.9086
2.9470
3.0731
3.0614
3.3977
3.4731
3.1726
3.0822
3.1554
2.9502
3.1132
2.9845
3.3378
3.1539
3.3578
3.5494
3.2455
3.2425
3.3914
3.3855
3.3519
3.2552
3.2463
3.3488
3.4814
3.3887
3.6318
3.3125
3.2777
3.5633
3.5340
3.1800
3.0380
3.4078
3.2049
3.3238
3.4283
3.4340
3.3611
3.2380
3.7738
3.6563
3.6264
3.3761
3.3386
3.3891
3.2127
3.4488
3.3080
3.4230
3.3074
3.3718
3.3295
3.1866
3.3162
3.1460
3.4195
3.2439
3.3437
3.5154
3.5225
3.4562
3.2288
3.2204
2.9962
3.0229
3.0764
3.1863
3.1873
3.1712
3.4231
3.2336
3.5607
3.2022
3.2822
3.2925
3.3880
3.2550
3.1208
3.0726
3.1462
3.2371
3.1523
3.3334
3.1752
3.2079
3.1814
3.2571
3.3023
3.3649
3.2820
3.2777
3.3083
3.5383
3.1614
3.3960
3.4298
3.3105
3.3792
3.3229
3.2019
2.8813
3.0351
2.9260
3.0231
3.1443
3.3360
2.8479
3.2626
3.0628
3.2984
3.4848
3.4133
3.3474
3.1923
3.2869
3.3646
3.3690
3.2257
3.3548
3.1129
3.4938
3.4060
3.3929
3.1545
3.2310
3.2651
3.4841
3.3669
3.2221
3.3877
3.1748
3.2586
3.1078
3.3018
3.3444
3.2737
3.2711
3.0304
3.2544
3.2339
3.3860
3.4529
3.2247
3.1569
3.2426
3.2611
3.1691
3.2269
3.1946
3.3007
3.5178
3.4114
3.5569
3.3205
3.4721
3.4530
3.1914
3.2218
3.3228
3.2835
3.6017
3.5371
3.5783
3.2848
3.4924
3.4383
3.1882
3.2914
3.4833
3.6471
3.5771
3.3505
3.3572
3.7215
3.4341
3.5010
3.6657
3.5586
3.6330
3.5429
3.3783
3.5781
3.6126
3.3329
3.2923
3.1756
3.2357
3.6015
3.4815
3.5057
3.4848
3.4014
3.8570
3.8664
3.6571
3.7721
3.7492
3.8158
3.9273
4.0943
3.3618
3.4945
3.5576
3.3024
3.3164
3.1721
3.2288
3.2031
3.1533
2.9917
3.3236
3.2986
3.5504
3.3009
3.3583
3.3046
2.9841
3.3396
3.1016
3.3550
3.2132
3.2184
3.2159
3.0921
3.1507
2.9655
3.0955
3.2034
3.2906
3.1740
3.3222
3.2750
3.2355
3.2818
3.4203
3.3689
3.7606
3.5969
3.5598
3.4632
3.5390
3.4009
3.3581
3.5256
3.6059
3.5008
3.5966
3.3233
3.3396
3.6972
3.7933
3.7496
3.6406
3.3880
3.3062
3.0458
3.2829
2.9771
3.3384
3.4826
3.2435
3.1841
3.6581
3.3957
3.3653
3.3321
3.3024
3.2893
3.1536
3.1468
3.5076
3.5519
3.2180
3.4857
3.3863
3.3250
3.6515
3.4798
3.8064
3.6620
3.5411
3.5277
3.3546
3.3628
3.3906
3.4675
3.4253
3.5776
3.6748
3.4338
3.3535
3.1248
3.4272
3.5639
3.1259
3.5926
3.2516
3.3543
3.3176
3.1561
3.0170
3.2231
3.0751
3.1703
3.2957
3.3153
3.4142
3.3537
3.2364
3.3638
3.3996
3.6748
3.7725
3.3585
3.4749
3.3125
3.2426
3.3436
3.5249
3.2343
3.4671
3.6936
3.4341
3.4645
3.2693
3.3800
3.5439
3.5430
3.6274
3.4952
3.5272
3.2723
3.2693
3.1691
3.3075
3.4144
3.3536
3.3258
3.2553
3.4370
3.2634
3.3827
3.5859
3.5982
3.4106
3.3570
3.3026
3.3087
3.5213
3.2138
3.3554
3.1297
3.3353
3.3203
3.4134
3.3975
3.1319
3.2347
3.0348
3.5037
3.4407
3.1543
3.4187
3.2313
3.3761
3.3556
3.2932
3.3955
3.2102
3.0516
3.3807
3.1409
3.3061
3.2879
3.3611
3.0603
3.2692
3.1875
2.9757
2.8276
2.8464
3.0728
3.0368
3.0670
2.9183
3.0923
3.1518
3.0474
3.0004
2.9497
2.9519
3.0446
3.1232
3.0466
3.1666
3.0560
3.0696
3.2205
3.2009
3.2397
3.4507
3.0764
3.0999
3.0734
3.1444
3.0227
3.3534
3.4048
3.4505
3.2182
3.0969
3.0998
3.1298
3.2087
3.2953
3.4547
3.2363
3.1879
3.2084
3.3799
3.2794
3.0943
3.0955
3.1243
3.0687
3.0904
3.1471
2.9795
2.9879
3.4017
3.1215
3.2608
3.0510
3.1399
3.0047
3.0420
2.8670
2.9775
2.9412
3.0656
2.8818
3.0238
2.9583
3.0392
3.2625
3.2291
3.3084
3.0477
2.9649
2.8860
3.0053
2.9994
2.9394
2.8724
3.0253
3.0715
3.2762
3.1094
3.1261
3.0358
2.9890
3.0607
3.2340
3.2393
3.1656
3.0488
3.0857
3.1840
3.0916
2.9474
3.1114
3.0864
3.2258
3.2702
3.1455
3.2847
3.0499
3.3621
3.1658
3.1788
3.2487
3.1522
3.3405
3.3610
3.5764
3.1915
3.1392
3.2253
3.2237
3.3009
3.4841
3.3259
3.1243
3.3738
3.5248
3.4633
3.4002
3.2502
3.1359
3.0891
3.4779
3.2294
3.2422
3.0616
3.4023
3.3977
3.5443
3.5125
3.1572
3.2363
3.5186
3.3026
3.1742
3.2594
3.4448
3.3460
3.3839
3.4826
3.4521
3.4934
3.2687
3.5108
3.4824
3.3917
3.4600
3.5048
3.4989
3.5230
3.6248
3.8254
3.5492
3.8133
3.7627
3.7349
3.3860
3.7091
3.8722
3.3355
3.3556
3.4718
3.4651
3.8580
3.5567
3.2204
3.2931
3.7316
3.3605
3.2390
3.4736
3.3843
3.5203
3.6514
3.7035
3.3479
3.4118
3.3047
3.2364
3.1330
3.2341
3.2518
3.4869
3.3584
3.3359
3.4507
3.4378
3.3127
3.4716
3.6587
3.3793
3.1420
3.3551
3.5009
3.4926
3.1825
3.0879
3.2977
3.4078
3.6161
3.2888
3.7313
3.4731
3.2592
3.4095
3.7510
3.6716
3.4588
3.6121
3.6169
3.3276
3.3631
3.4283
3.3581
3.1107
3.2035
3.2058
3.4427
3.3562
3.0065
3.1758
3.0493
3.2322
3.0879
3.0831
2.9096
2.8594
3.0282
2.9658
3.0720
3.2787
3.0520
3.2041
3.1897
3.1452
2.9396
3.3367
3.2653
3.2550
3.1110
2.9527
2.8738
3.1821
2.9196
2.9822
3.2236
3.3251
3.2893
3.0280
3.3562
3.1412
2.9376
3.1582
3.2746
3.1704
3.1209
3.2135
3.0464
3.0922
2.9982
3.2451
3.0265
2.9825
3.0942
3.0952
2.9680
3.0757
2.9523
3.1535
3.1380
3.0844
3.4655
3.3534
3.2269
3.3600
3.2348
3.1222
3.1534
3.2980
3.2257
3.2034
3.1111
3.0370
3.1204
3.0635
3.0851
3.1987
2.8515
3.0720
3.0472
3.0505
2.9727
2.9740
3.0169
3.0018
2.8626
2.9683
2.8569
3.0342
2.9894
2.8783
2.9590
2.9346
3.0959
3.1278
3.1506
3.2413
3.3279
3.4023
3.0891
3.0212
3.0833
3.3465
3.1535
3.1475
3.4258
3.1453
3.2087
3.2091
3.2803
3.4499
3.4037
3.3871
3.4001
3.2552
3.5250
3.3229
3.3997
3.4890
3.6817
3.4973
3.4371
3.2314
3.1519
3.1760
3.3582
3.0449
3.2767
3.3191
2.8887
3.1641
2.9872
3.1665
3.1595
3.2141
3.0068
3.0281
2.9967
3.0580
3.0380
3.0639
3.1566
3.3305
3.1127
3.1234
3.2899
3.2649
3.1706
3.2142
3.0653
3.1615
3.0982
3.2380
3.2045
3.4836
3.1444
3.3462
3.3471
3.3252
3.1367
3.4142
3.2738
2.9545
3.1363
3.3030
3.3505
2.9905
3.1448
3.0854
3.3978
3.2492
3.3026
3.3945
3.5092
3.0739
3.2561
3.2447
3.1403
3.5519
3.1608
3.0697
3.1071
3.0620
3.1461
3.0147
3.2203
3.0442
3.1154
3.1349
3.1665
2.8448
3.0457
2.9950
2.9703
3.2170
3.1122
2.9988
3.0280
3.0681
3.1672
3.0407
3.0638
3.0327
3.1021
2.9735
3.2727
3.1156
3.0585
2.9900
3.0109
2.9790
3.1618
3.2754
3.1675
3.5039
3.4329
3.2206
3.3475
3.2255
3.2833
3.3228
3.3828
3.1159
3.2612
3.0983
3.1545
2.9483
2.9616
2.9106
3.0461
3.1746
3.1935
3.2892
3.2990
3.1553
3.1161
3.0397
3.0653
2.8895
2.9491
3.0387
3.0879
3.0334
2.8383
2.8594
2.9604
3.1424
3.0681
3.1851
3.1855
3.1647
3.0558
3.2285
3.0826
3.0305
3.2321
3.3342
3.2237
3.2470
3.1488
3.0025
3.3054
3.2205
3.2208
3.4082
3.3321
3.1401
3.0588
3.1327
3.0978
3.2055
3.3174
3.2642
3.1980
3.0496
3.0576
2.9688
3.0930
3.1010
3.1458
3.0856
2.9142
3.0953
3.1933
3.2043
3.0745
3.2283
2.9830
3.0879
3.2408
3.1945
3.2921
3.1761
2.9108
3.0868
3.1213
3.1706
3.0585
3.2951
3.1563
3.2129
3.2144
3.1176
3.1825
3.3022
3.1882
3.1589
3.0691
3.0069
3.2033
3.1618
3.0332
3.3950
3.1786
3.3579
3.2052
3.0474
3.2309
3.3054
3.4154
3.2953
3.1058
3.1094
3.1212
3.1465
3.2217
3.0050
3.2311
3.0997
3.0630
3.2457
2.8806
2.9234
3.2425
3.0534
2.8752
2.6944
2.7856
3.0039
2.8523
2.8012
3.0219
2.8403
3.1191
2.7387
3.1769
3.3306
3.3239
3.2365
3.3789
3.0857
3.3312
3.2288
3.2445
3.0144
3.5226
3.3756
3.5798
3.3503
3.5591
3.7584
3.3589
3.4512
3.5437
3.7109
3.3287
3.6793
3.5517
3.6139
3.3018
3.4775
3.5225
3.2449
3.2199
3.6479
3.3040
3.2177
3.4461
3.4771
3.5808
3.4283
3.4055
3.9549
3.5362
3.7171
3.7670
3.4747
3.6380
3.5265
3.4337
3.4381
3.0921
3.3997
3.1575
3.2470
3.3048
3.1837
2.8807
3.1912
3.1634
3.0847
2.9192
2.9059
3.0928
3.1222
3.2420
3.1076
3.2553
3.0112
3.1340
3.1961
2.9973
2.9294
2.9668
3.0525
3.0892
2.9366
3.1449
3.2766
3.1250
3.1762
3.3281
3.2041
3.2243
3.1276
3.2063
3.0518
3.1318
3.3863
3.1744
2.9932
3.2485
3.0964
2.8488
3.0815
3.1709
3.2248
3.1162
3.1018
3.0540
3.1407
3.1738
3.0861
3.2593
3.1898
3.1731
3.0327
3.2193
3.2864
3.2966
3.1686
3.3953
3.0213
3.0196
3.1052
3.2005
3.3541
3.2836
3.5065
3.3660
3.0878
3.4390
3.1178
3.1468
3.2285
2.9362
3.1693
2.9984
2.9733
3.0181
3.3111
3.0644
2.9840
2.9897
2.9856
3.0886
3.1542
3.0673
3.0832
2.9495
2.9661
3.2951
3.1859
3.0434
3.1201
2.8311
2.9826
3.0173
2.8958
3.1054
2.9659
3.0553
3.0250
3.0766
3.0816
3.3011
3.1937
3.0718
3.1852
3.0287
3.1212
3.0112
3.2155
3.4100
3.2125
3.3005
3.2202
3.3597
3.1990
3.2637
3.2201
3.2797
3.2978
3.0956
3.0972
3.1359
3.1230
2.9905
3.2593
3.3023
3.1625
3.1253
3.0026
3.0913
3.2921
3.3308
3.1782
3.2212
3.3204
3.0688
3.2624
3.1017
2.8920
2.6798
3.0170
3.0748
2.9278
3.3456
3.2961
3.0917
3.0946
3.2224
2.8961
2.9994
3.2062
3.0230
3.2879
3.3386
3.0965
3.2061
3.2274
3.0622
3.2214
3.2814
3.1941
3.3325
3.1841
3.5488
3.2411
3.3808
3.3605
3.2678
3.1698
3.0897
3.3546
3.1681
3.0470
3.1253
3.0959
3.2172
3.3397
3.2679
3.3719
3.4055
3.4230
3.1839
3.2300
3.1303
3.2013
3.2627
3.3040
3.3266
3.0422
3.2989
3.1994
3.4182
3.3232
3.4483
3.2276
3.2601
3.2105
3.0352
3.0080
2.8808
2.9723
2.8158
2.8749
3.3139
3.1090
3.2085
2.9949
3.0916
3.0366
3.3179
3.2425
3.0924
3.0762
3.3829
3.1923
3.3881
3.1494
3.3324
3.4212
3.3038
3.1764
3.1339
3.1930
3.1746
3.1755
3.2179
3.2329
3.0694
3.1157
3.2559
3.1410
3.1483
2.9721
3.1364
3.1125
2.9248
3.1534
3.2738
3.2235
3.1405
3.0951
3.1759
3.0251
3.2586
3.1177
3.2336
3.2245
3.1866
3.1823
3.0254
3.0681
3.0123
3.0071
2.9566
2.9618
3.0309
3.2124
3.0081
3.0543
2.8008
2.9426
2.9283
2.8296
3.0038
2.7995
2.8947
2.6918
2.5818
2.8301
2.6613
3.0129
2.9458
2.8856
2.9027
3.0182
3.1895
3.2085
3.2271
3.1835
3.0422
3.0744
3.2808
3.2083
2.9243
2.9516
3.0808
3.1516
3.1246
3.0034
3.0310
3.0211
3.2157
3.2412
3.0770
2.9633
3.1062
3.1322
3.1155
3.1030
3.2864
3.1307
3.0750
3.2636
3.3942
3.6530
3.7477
3.5657
3.6255
3.6218
3.4118
3.3946
3.1900
3.4648
3.6684
3.5409
3.4713
3.5145
3.4407
3.3648
3.3928
3.2398
3.1634
3.3584
3.3000
3.3402
3.3892
3.4140
3.5554
3.5840
3.1972
3.1624
2.9362
3.0923
2.8407
2.8643
2.8519
2.6624
2.6536
2.7377
2.7310
2.9389
2.8576
2.7331
2.8615
2.6944
2.6367
2.6423
2.7557
2.7702
2.6857
2.6131
2.9078
2.7278
2.9230
2.8340
2.6670
2.9901
2.7956
3.0274
2.7853
2.8525
2.9316
2.9406
2.6790
2.8830
2.8533
3.0279
3.1546
2.8650
3.0588
3.0737
3.0462
3.2950
3.2376
2.7959
2.8185
2.8613
2.9277
2.8010
2.9837
3.0544
2.8034
2.8683
2.8709
2.8451
2.8831
2.7255
2.8781
2.9328
3.0407
3.1182
3.1060
3.1909
2.9878
3.1290
3.1390
3.1951
3.0853
3.0715
3.0696
3.0875
3.0295
2.9033
2.9837
3.0442
2.8521
3.1774
3.0624
3.1201
2.9659
3.0401
2.9157
3.0483
3.1608
3.0303
3.1669
3.1195
3.1259
2.9391
2.9678
3.1456
3.0673
3.1298
3.0914
3.0823
2.9364
3.0679
2.8740
2.9340
2.9894
2.9076
3.1370
3.1271
3.0215
2.8700
2.7773
2.9565
2.8111
2.9038
2.7584
2.7510
2.8809
2.8329
2.9606
2.8206
2.9614
3.0874
3.2209
3.2938
2.9269
3.0205
3.0676
3.2909
3.2281
3.1502
3.0101
2.8269
3.2453
2.9471
2.9879
2.9849
3.2038
3.1270
3.1003
3.1802
3.4178
3.2629
3.0021
3.2121
3.1068
3.0811
3.1505
2.7320
2.7558
2.8505
3.1934
2.9290
3.0278
3.0866
3.0257
3.0832
3.2420
3.1333
3.0718
3.0029
3.0909
3.1819
3.1513
3.0847
2.9345
3.0188
3.1101
3.0254
2.8213
2.9664
3.1386
2.9642
2.9690
3.0209
3.0289
2.9341
2.9940
2.8917
2.8512
2.8707
3.0440
2.9205
2.9790
2.9871
3.0001
2.9476
2.8614
2.9162
3.0369
3.1599
2.9971
3.2186
3.1395
3.1417
2.9910
3.1702
3.1607
3.1196
2.9237
2.7510
3.0436
3.0375
2.9064
2.8989
3.0650
2.9891
2.9348
3.0795
3.1277
3.0708
2.9669
2.9754
2.9456
2.8046
2.6610
2.8004
2.8577
2.9740
2.7794
2.9324
2.8233
3.0496
3.0048
3.0112
3.1150
3.1807
2.9497
3.0487
2.9793
3.2833
3.3533
3.2282
3.2138
3.1573
3.1780
3.0433
3.0698
3.2229
3.2252
3.2944
3.4526
3.3725
3.4483
3.3918
3.1988
3.2737
3.2443
3.4770
3.4022
3.2183
3.2866
3.2518
3.1651
3.4876
3.4097
3.4233
3.3700
3.3673
3.4561
3.1110
3.0686
2.9899
3.1667
3.1526
3.2584
3.1397
3.0572
3.0677
3.1296
3.1176
3.1160
3.1907
3.1736
3.4535
2.9287
2.8953
2.8475
2.8914
3.0852
2.7382
2.7447
2.7824
2.6936
2.9267
3.0701
2.8633
2.7765
2.7236
2.9488
3.0399
3.2507
3.2168
3.2710
3.1223
3.0465
2.6549
3.0381
3.0829
2.8941
2.8967
3.1696
3.3912
3.1849
3.1450
3.2098
3.3824
3.1756
3.1016
3.3923
3.2428
3.4617
3.3576
3.4728
3.5107
3.3460
3.3384
3.4091
3.1387
3.3508
3.4521
3.4320
3.6053
3.5641
3.5643
3.5617
3.5845
3.8103
3.7633
3.6349
3.8627
3.7098
3.5043
3.3985
3.7641
3.5613
3.7087
3.3252
3.3112
3.4874
3.8119
3.2679
3.1092
3.3472
3.2923
3.0943
3.0665
2.9577
2.7164
2.8209
2.8804
2.7942
2.8713
2.8547
2.9138
3.0203
2.9386
3.0566
2.9310
2.7201
2.9115
2.9006
2.9433
2.8607
2.8461
3.0294
2.7820
2.9566
2.8192
2.7727
2.6678
2.6979
2.5078
2.6612
2.5813
2.4661
2.7089
2.6156
3.0839
2.8089
2.9708
2.7829
2.8765
2.7085
2.9718
3.0051
2.8721
2.7017
2.6426
2.8391
2.7856
2.9486
2.8434
2.8280
2.9468
3.0001
2.7928
3.1444
3.0021
3.0930
3.2219
3.1791
3.1064
3.0917
3.0915
3.1068
3.2178
3.3917
3.3084
3.2751
3.1916
3.1823
3.2083
3.0420
3.1610
3.0349
2.9430
2.7841
2.8858
3.0493
3.0407
3.0623
3.0149
3.0107
3.2037
2.9707
3.0090
2.9663
3.0810
3.2091
3.1244
3.0129
2.9282
2.8269
2.8171
2.8555
2.6154
2.8118
3.1611
3.1014
3.1437
2.9550
3.0299
3.1089
2.9820
2.9113
2.8789
2.8695
2.9224
2.8054
2.9610
2.7859
2.8325
2.6698
2.8025
2.6539
2.8045
2.9887
2.8805
2.8783
2.7936
2.8582
2.8426
2.8454
2.9343
2.9219
2.7902
2.7219
2.9003
3.1155
3.0833
3.0169
3.0197
3.1076
3.2457
3.0764
3.0558
3.1181
3.2518
3.1968
3.0928
3.0294
3.0047
3.1752
3.1200
3.2240
3.3118
2.9306
3.1175
3.1403
3.1709
2.9518
3.0324
2.9877
2.9923
3.2068
3.0044
3.0383
3.1897
3.0662
3.0921
3.1832
3.0827
3.2350
2.9732
2.9978
3.1096
3.1168
3.0902
3.0268
3.1815
3.1773
2.9812
2.8170
2.9335
3.1045
3.1108
2.8551
3.0561
3.2255
3.0440
3.0448
2.8139
2.9407
3.0063
3.0827
2.8070
2.9141
2.9499
2.8945
2.9105
3.0412
3.0850
2.9821
2.9925
3.0717
2.8589
2.8297
2.7907
2.9080
3.0190
2.9655
2.8086
2.9779
3.0553
3.1779
2.9920
2.9475
3.0432
3.0036
3.2503
3.0542
2.9837
3.1586
3.1365
3.0079
3.0200
3.0750
3.1686
3.1472
3.3698
2.9675
3.2371
3.1714
3.3162
3.1060
3.1993
3.0522
2.9552
2.9587
2.8964
2.7758
2.9671
2.8537
3.1078
2.9870
3.0639
3.1116
2.7742
2.9395
2.7483
3.0271
2.9279
3.2070
3.0605
3.2002
3.0513
2.8356
3.0991
3.1814
3.1956
3.2055
3.4710
3.3736
3.2491
3.0931
3.3577
3.1222
3.1682
3.3570
3.1478
3.2656
3.2156
3.2764
3.3922
3.3985
3.2436
3.2715
3.3544
3.2803
3.2664
3.2722
3.1463
3.4104
3.1421
3.2271
3.2354
3.2086
3.1195
3.1791
3.0973
3.1589
3.0292
3.0749
3.1137
3.1764
3.0192
3.1935
3.0091
2.8484
3.1083
3.4008
3.0454
3.0447
3.0564
3.1385
3.0522
3.1169
3.2826
3.0369
3.3177
3.3886
3.0289
3.0408
3.1487
3.0690
2.9111
3.2771
3.0280
3.1022
3.0788
3.2204
3.2501
3.2848
3.1260
3.2606
3.0627
3.1850
2.8941
3.1135
3.0712
2.9094
2.8229
2.9964
3.3242
2.9663
2.9582
2.9211
3.1174
2.9119
3.1288
2.8821
2.8303
2.8834
2.8473
2.9956
2.9278
3.2252
3.1438
3.0642
2.9198
3.0854
3.0203
3.1104
3.2639
3.2052
3.3768
3.2276
3.2951
3.2721
3.3413
3.2359
3.0827
3.1098
3.2352
3.0456
3.1973
3.1884
2.9836
3.1578
3.0628
3.2039
3.1979
3.1245
3.0665
2.9852
2.8800
2.9255
2.9673
2.8654
2.8988
2.6404
2.7808
2.8210
2.8197
2.7200
2.7577
2.7945
2.8465
2.8539
2.7376
2.8417
2.7973
2.8498
3.0483
2.8568
2.9427
2.7482
2.8768
2.8500
3.0396
2.9557
3.0366
3.0709
2.8462
2.9315
2.9802
3.0560
2.9268
3.0391
2.9110
3.1768
2.9985
3.2122
3.2709
3.0528
2.9038
3.1461
2.8244
2.9538
3.0849
2.9748
2.9354
2.9809
2.9306
2.9927
2.8884
3.0756
2.9259
3.0080
2.9793
2.6881
2.8234
2.7954
3.0447
3.0041
2.9550
3.1308
2.9493
3.0908
2.8985
2.9133
2.9794
2.7620
2.8487
2.9590
2.7420
2.9962
2.9643
2.9550
3.1504
3.2430
3.0024
3.0339
3.1424
3.0797
2.8457
2.9238
2.9417
3.1433
3.0367
2.8945
3.0337
3.1265
3.0213
3.0149
2.9515
3.0690
3.2674
2.9499
3.0733
3.1382
3.2376
3.1914
3.0959
3.2044
2.9016
3.0550
3.2224
3.2512
3.3095
3.4369
3.2979
3.1421
2.9221
3.2060
3.3461
3.0618
3.3574
3.3277
3.2183
3.0811
2.9716
3.0557
3.1885
3.2625
3.0874
3.3248
3.0817
3.1796
3.2386
3.3911
3.2729
3.1117
3.4065
3.3915
3.1188
3.0764
3.3636
3.0684
3.0450
3.1711
3.0254
3.0357
3.0941
3.0106
3.1312
3.2130
3.1786
3.3548
3.3187
3.2893
3.1097
3.1220
3.2189
3.2930
3.2898
3.2482
3.3402
3.4722
3.0488
3.0251
3.0374
3.0396
3.1663
3.1948
3.2250
3.3111
3.4546
3.2076
3.1864
2.9835
3.1052
3.0945
3.0887
2.9957
3.0980
3.2641
3.1125
3.2616
3.3501
3.6074
3.1846
3.1610
3.4498
3.2219
2.9906
3.0274
3.1802
2.9959
3.0521
3.2603
3.2185
3.2840
3.2390
3.1575
3.2346
3.0448
3.1161
2.9376
3.1673
3.0791
3.1671
3.0699
3.0893
2.9401
3.1952
2.8323
3.1181
3.3091
3.2068
3.2350
3.0731
3.1794
3.1588
3.3163
3.1620
3.2449
3.2209
3.1996
3.3662
3.2689
3.1872
3.2580
3.3237
3.4274
3.3130
3.2305
3.3675
3.3800
3.3035
3.4082
3.4428
3.4352
3.3833
3.5234
3.7408
3.5575
3.5458
3.4254
3.4967
3.3330
3.2597
3.4798
3.2404
3.3343
3.1739
3.3727
3.4695
3.4704
3.3998
3.3902
3.5049
3.2310
3.2463
3.2476
3.4680
3.3106
3.3368
3.2792
3.2883
3.3384
3.3765
3.4535
3.3669
3.3196
3.2618
3.3398
3.4620
3.4912
3.4910
3.3790
3.4114
3.3404
3.3728
3.4829
3.3367
3.2500
3.4916
3.3452
3.3743
3.5962
3.4169
3.4552
3.4596
3.4668
3.4121
3.5001
3.3964
3.4296
3.4365
3.4342
3.4300
3.5864
3.4913
3.5202
3.5066
3.5242
3.6194
3.4311
3.3290
3.3711
3.4142
3.3800
3.3500
3.3481
3.3352
3.3675
3.4920
3.5493
3.4323
3.5123
3.4529
3.2812
3.5156
3.3607
3.5911
3.4419
3.6827
3.4219
3.3199
3.2926
3.4235
3.5483
3.4065
3.3586
3.4903
3.4293
3.5854
3.5420
3.2889
3.4593
3.4478
3.5069
3.3981
3.4726
3.2670
3.3289
3.3510
3.4461
3.3270
3.3734
3.2927
3.3153
3.3447
3.3332
3.3610
3.3643
3.4354
3.4089
3.2571
3.3426
3.3081
3.3459
3.4457
3.3896
3.4641
3.3381
3.4570
3.5086
3.3286
3.3592
3.2632
3.3300
3.5141
3.4180
3.5319
3.4647
3.3961
3.4320
3.4645
3.5693
3.6733
3.7689
3.6775
3.6470
3.7734
3.4711
3.3581
3.3347
3.4929
3.3328
3.3482
3.3010
3.2867
3.7261
3.6739
3.6646
3.6879
3.4625
3.6177
3.6280
3.6192
3.4957
3.7313
3.5115
3.5555
3.5202
3.4505
3.5400
3.6113
3.5690
3.5035
3.6536
3.5160
3.6834
3.6088
3.3658
3.5105
3.6632
3.4942
3.4356
3.4664
3.3775
3.4916
3.5933
3.5889
3.4836
3.4171
3.4445
3.6155
3.5443
3.5117
3.5898
3.6500
3.6285
3.6364
3.5113
3.6269
3.3533
3.5258
3.4707
3.6314
3.4634
3.4207
3.4344
3.4445
3.3467
3.5437
3.4798
3.3203
3.3891
3.6030
3.3594
3.4643
3.3386
3.3809
3.3900
3.3825
3.4023
3.2618
3.3200
3.4600
3.3766
3.3996
3.3696
3.3923
3.3077
3.3397
3.1839
3.1625
3.2705
3.2468
3.2207
3.2019
3.1922
3.3185
3.2873
3.3640
3.3571
3.3204
3.2625
3.2650
3.4565
3.3432
3.5212
3.5669
3.3372
3.2981
3.2775
3.2767
3.2053
3.3358
3.3460
3.2261
3.2456
3.2800
3.3106
3.4065
3.2838
3.3515
3.4300
3.3410
3.4449
3.4044
3.5091
3.4202
3.5039
3.4863
3.3111
3.3883
3.3423
3.4433
3.3754
3.3863
3.4810
3.4264
3.3280
3.4761
3.5998
3.5980
3.6213
3.4026
3.3532
3.3444
3.1683
3.3620
3.3424
3.2744
3.3726
3.3902
3.3936
3.4189
3.4599
3.4662
3.3495
3.3245
3.3895
3.4521
3.3337
3.3513
3.2234
3.1789
3.2644
3.2158
3.2635
3.2059
3.1438
3.3604
3.2291
3.3262
3.2414
3.2800
3.1852
3.2687
3.3128
3.2904
3.3680
3.2951
3.2079
3.1888
3.1398
3.1933
3.3033
3.1159
3.1794
3.1783
3.2245
3.2012
3.1102
3.1092
3.2589
3.0858
3.1029
3.2543
3.4028
3.1883
3.3719
3.2535
3.2243
3.2040
3.3892
3.2283
3.2846
3.3420
3.2361
3.1998
3.1319
3.2191
3.3381
3.2805
3.2748
3.2923
3.3733
3.3199
3.2084
3.2184
3.2863
3.2010
3.1608
3.0568
3.3021
3.1885
3.2485
3.3581
3.2464
3.3042
3.3030
3.4963
3.3324
3.2708
3.2402
3.3051
3.2357
3.2649
3.2499
3.2509
3.3121
3.3843
3.3877
3.3166
3.3678
3.3359
3.1890
3.3120
3.3897
3.2314
3.3131
3.2531
3.2549
3.2846
3.3330
3.3151
3.1960
3.3443
3.2611
3.3149
3.2876
3.2194
3.2156
3.3715
3.3483
3.3870
3.2166
3.5240
3.5521
3.2760
3.3860
3.2990
3.3189
3.1803
3.2907
3.2756
3.3076
3.2416
3.1666
3.2131
3.3099
3.2705
3.4395
3.3123
3.4439
3.4587
3.5235
3.3097
3.4812
3.6398
3.4520
3.3225
3.4336
3.3168
3.2090
3.3221
3.2083
3.0626
3.3509
3.2678
3.3838
3.6020
3.2831
3.3049
3.2111
3.3483
3.2883
3.1995
3.3575
3.2478
3.2070
3.2048
3.3301
3.2293
3.3184
3.1315
3.0999
3.2970
3.3327
3.4395
3.4802
3.2808
3.2941
3.3117
3.3690
3.1981
3.2124
3.2883
3.4011
3.2886
3.2620
3.1782
3.1270
3.1083
3.2111
3.1767
3.1975
3.3979
3.2941
3.2061
3.2810
3.2246
3.3126
3.2332
3.2595
3.3429
3.2749
3.2329
3.4639
3.3219
3.2921
3.2902
3.2220
3.1876
3.1910
3.2850
3.3136
3.2902
3.3128
3.2084
3.3669
3.3151
3.2716
3.1640
3.1946
3.1871
3.1644
3.2424
3.2924
3.4155
3.1724
3.2160
3.2583
3.2530
3.3246
3.2968
3.4010
3.3801
3.4783
3.2499
3.4706
3.1771
3.2596
3.3162
3.4038
3.3881
3.2696
3.3485
3.4654
3.2229
3.3918
3.2653
3.3635
3.3295
3.5099
3.4947
3.3995
3.3320
3.2553
3.2780
3.2781
3.3323
3.3504
3.3306
3.3759
3.4061
3.4498
3.5725
3.4547
3.3803
3.4700
3.3731
3.5596
3.3185
3.4663
3.4670
3.4007
3.5287
3.3819
3.2628
3.2721
3.4465
3.3697
3.4635
3.3732
3.4293
3.2701
3.2645
3.2815
3.3827
3.2493
3.2520
3.4112
3.2458
3.1439
3.2008
3.3076
3.2979
3.3916
3.2774
3.4267
3.2430
3.4033
3.6377
3.4170
3.2554
3.2075
3.2566
3.2812
3.3052
3.0786
3.1314
3.0874
3.1556
3.1540
3.1793
3.3965
3.3431
3.3716
3.3954
3.3813
3.3522
3.2977
3.3264
3.3753
3.2172
3.4127
3.0394
2.9984
3.2211
3.0841
3.3374
3.2408
3.3237
3.1782
3.1928
3.1764
3.2039
3.2085
3.1864
3.2564
3.2904
3.2491
3.2591
3.3706
3.3289
3.2323
3.2773
3.3321
3.2546
3.2490
3.3252
3.3660
3.2813
3.3635
3.2649
3.2234
3.2488
3.2692
3.2758
3.2719
3.3391
3.3128
3.3389
3.3270
3.3027
3.3286
3.2846
3.2835
3.2692
3.3971
3.3056
3.4122
3.4906
3.3891
3.4019
3.3775
3.2879
3.4573
3.0963
3.4227
3.1757
3.2929
3.4297
3.1913
3.1929
3.1057
3.1206
3.2736
3.2753
3.4356
3.2769
3.2868
3.2048
3.3218
3.3694
3.1748
3.1500
3.1912
3.2452
3.2439
3.1932
3.2346
3.2456
3.3003
3.2258
3.2418
3.2552
3.2864
3.2725
3.2757
3.2692
3.2668
3.3024
3.2235
3.3796
3.1767
3.3323
3.2596
3.2345
3.2445
3.2432
3.3270
3.2725
3.3075
3.1068
3.0911
3.4741
3.3567
3.1159
3.3090
3.0415
3.3037
3.1500
3.1356
3.2877
3.1599
3.0225
3.1093
3.1104
3.1287
3.0120
3.1061
3.0404
3.2267
3.1992
3.2888
3.2700
3.2325
3.3293
3.1543
3.2201
3.2334
3.3480
3.4118
3.1905
3.2884
3.3019
3.3057
3.3038
3.3207
3.2941
3.2857
3.4814
3.4629
3.3122
3.1982
3.1314
3.1768
3.1769
3.2387
3.1108
3.1080
3.0599
3.2821
3.1130
3.1968
3.0460
3.1314
3.0566
3.1933
3.3779
3.1629
3.1525
3.2008
3.2599
3.2416
3.2628
3.2505
3.2022
3.2054
3.0360
3.0483
3.0557
3.0690
3.2571
3.1137
3.2330
3.0914
3.3899
3.2228
3.2020
3.1661
3.1671
3.2988
3.2455
3.1791
3.2551
3.1972
3.2578
3.2603
3.3525
3.3773
3.2181
3.1266
3.2804
3.2658
3.2078
3.0949
3.1133
3.0963
2.9627
3.0343
3.1531
3.1510
3.2563
3.0525
3.2309
3.2076
3.3129
3.1509
3.0275
3.1639
3.2314
3.0078
3.0619
3.1811
3.2518
3.3642
3.4256
3.1761
3.2651
3.2501
3.1514
3.1789
3.2058
3.3324
3.2440
3.3634
3.2916
3.0433
3.2293
3.2781
3.5379
3.5347
3.4467
3.2358
3.3696
3.3282
3.3511
3.2641
3.2476
3.2851
3.1462
3.3101
3.2967
3.2416
3.2145
3.4489
3.3899
3.2788
3.3549
3.3113
3.3387
3.0872
3.3712
3.1601
3.2705
3.2363
3.3785
3.3553
3.3230
3.3706
3.2925
3.2378
3.1343
3.1555
3.2069
3.2200
3.0837
3.3488
3.2762
3.3562
3.3178
3.4081
3.2210
3.1571
3.2539
3.0920
3.5224
3.2864
3.4766
3.3401
3.1052
3.1044
3.0711
3.2330
3.1819
3.2825
3.3808
3.3534
3.3925
3.2213
3.3068
3.2597
3.1917
3.2307
3.2123
3.1667
3.4328
3.2138
3.1507
3.2194
3.1983
3.2444
3.2845
3.2176
3.2920
3.2220
3.2341
3.1159
3.2907
3.1617
3.3063
3.1079
3.2179
3.4301
3.2946
3.1640
3.2956
3.2105
3.3313
3.2546
3.3078
3.2644
3.2575
3.3531
3.3234
3.2831
3.3395
3.2848
3.4585
3.4107
3.3829
3.3346
3.2326
3.3442
3.2535
3.2159
3.2622
3.2964
3.2911
3.3050
3.2981
3.3029
3.3958
3.3655
3.3368
3.2844
3.2853
3.2469
3.1807
3.2123
3.1689
3.1829
3.2908
3.1408
3.2204
3.2032
3.2892
3.3670
3.0681
3.3707
3.2964
3.1988
3.3076
3.1351
3.2792
3.1992
3.4130
3.2064
3.1318
3.1562
3.2391
3.2496
3.2638
3.2234
3.2061
3.2825
3.2229
3.1946
3.2014
3.4483
3.1798
3.3013
3.2869
3.3392
3.0570
3.2074
3.3218
3.1884
3.3387
3.2071
3.1307
3.1577
3.1246
3.3017
3.4250
3.2548
3.1469
3.3386
3.3476
3.1799
3.3292
3.3209
3.3237
3.4595
3.2122
3.3350
3.2567
3.3338
3.3752
3.2908
3.2823
3.4920
3.2430
3.3155
3.3120
3.3887
3.3330
3.2739
3.4482
3.3523
3.3136
3.4619
3.4982
3.4547
3.4711
3.5038
3.3967
3.3863
3.2872
3.3888
3.4679
3.2648
3.3428
3.2600
3.3477
3.2627
3.3391
3.1606
3.3269
3.2396
3.1809
3.3158
3.4233
3.2390
3.2244
3.3356
3.4944
3.4244
3.3461
3.3616
3.3184
3.3571
3.3417
3.2774
3.2115
3.1669
3.3221
3.2405
3.2378
3.3172
3.3172
3.4430
3.1535
3.1069
3.2610
3.2756
3.2162
3.1541
3.2349
3.1972
3.2896
3.4336
3.2839
3.3864
3.3263
3.3855
3.3112
3.4185
3.3166
3.2338
3.4049
3.2871
3.2713
3.2972
3.3539
3.2092
3.3026
3.3327
3.2737
3.2057
3.2172
3.3224
3.4207
3.2835
3.2265
3.1651
3.1544
3.3065
3.3005
3.1706
3.3201
3.4075
3.2382
3.3108
3.3009
3.3462
3.2023
3.1989
3.3701
3.3367
3.3066
3.3395
3.4117
3.4418
3.2592
3.4076
3.4687
3.3296
3.2979
3.3501
3.3496
3.2637
3.4004
3.3080
3.4149
3.3991
3.4549
3.4151
3.3038
3.4497
3.4927
3.4000
3.3708
3.3973
3.4282
3.5412
3.4299
3.2890
3.3747
3.3933
3.4273
3.5224
3.5295
3.4218
3.5784
3.4212
3.3732
3.4411
3.4199
3.3895
3.5175
3.4428
3.5383
3.5515
3.3449
3.5622
3.5231
3.3532
3.3912
3.6648
3.5770
3.4893
3.5542
3.6194
3.5010
3.5274
3.3475
3.5027
3.4017
3.4930
3.4510
3.3721
3.4642
3.3976
3.4378
3.3772
3.6439
3.3632
3.4207
3.5697
3.3465
3.4655
3.4524
3.3012
3.2797
3.2982
3.3839
3.4258
3.3754
3.3482
3.3874
3.3425
3.3510
3.3782
3.4117
3.4372
3.3994
3.3573
3.4485
3.3202
3.3855
3.4429
3.4604
3.4080
3.2495
3.2604
3.1475
3.3124
3.3039
3.3712
3.3801
3.3365
3.4937
3.4041
3.3885
3.4391
3.4907
3.2777
3.4253
3.4120
3.5551
3.4748
3.4831
3.5584
3.5468
3.3821
3.5152
3.3776
3.2745
3.1670
3.1634
3.1741
3.5557
3.2118
3.1125
3.3174
3.2538
3.2552
3.0780
3.1478
3.3944
3.2698
3.2740
3.1564
3.3002
3.1480
3.2167
3.4285
3.2926
3.2875
3.3197
3.3966
3.1689
3.2863
3.3171
3.4462
3.2762
3.3316
3.1839
3.1067
2.9291
3.2625
2.9861
3.0628
3.1799
3.0189
2.9815
2.9015
3.1344
2.9300
3.2321
3.0278
3.0569
2.9412
3.1410
3.2020
3.2309
3.0641
2.9708
3.3019
3.2665
3.1433
3.0786
3.1874
3.2622
3.2221
3.1064
3.2408
3.0099
3.1663
3.1324
3.2854
3.2908
3.2632
3.4681
3.2747
3.2296
3.3707
3.5097
3.4619
3.4157
3.3046
3.3266
3.1635
3.3848
3.2860
3.0118
3.1527
3.1042
3.1944
3.0117
3.3186
3.2460
3.2792
3.3482
3.0876
3.1748
3.0772
3.0381
3.0682
3.1950
3.1308
3.1030
3.1079
3.2645
3.0918
3.1279
3.1361
3.2538
3.1073
3.0705
3.1207
3.2418
3.1461
3.2386
3.1954
3.1743
3.2724
3.0422
3.2400
3.1213
3.1182
3.1436
3.0660
2.8669
2.9682
3.0608
3.0965
3.0552
2.9189
2.9691
2.9369
3.1863
3.1030
3.1460
3.3273
3.2762
3.3656
3.1965
3.1661
3.3405
3.1729
3.1181
3.1252
3.0850
2.9543
3.0296
3.0039
3.2360
3.1348
3.1236
3.3516
3.0865
2.9404
3.0955
3.0055
3.1772
2.9958
3.0987
3.1201
3.1661
3.1476
2.9593
2.9614
2.9668
2.9798
3.0335
2.9480
3.0641
3.0189
3.1351
3.3028
3.1563
3.4719
3.3080
3.5563
3.4259
3.4900
3.5397
3.4852
3.3786
3.6656
3.7762
3.5359
3.3133
3.4349
3.2738
3.3236
3.2475
3.7286
3.3860
3.4230
3.5477
3.3137
3.2097
3.2809
3.3734
3.4725
3.4393
3.4246
3.2065
3.2566
3.2747
3.1856
3.5028
3.5951
3.1828
2.9903
3.2585
3.2839
3.3848
3.1586
3.3054
3.3917
3.4935
3.3529
3.2462
3.5194
3.1549
3.3093
3.1696
3.2593
3.3348
3.2800
3.2698
3.3412
3.3183
3.3789
3.2754
3.1698
3.2653
3.3611
3.2139
3.3385
3.4665
3.4259
3.4018
3.2029
3.2165
3.1887
2.9402
2.8854
3.1754
3.0465
3.2651
3.1954
2.9383
2.9612
3.1044
3.1406
3.2773
3.3505
3.3003
3.3002
3.2795
3.1108
3.3846
3.2254
3.2989
3.2342
3.2040
3.2834
3.3082
3.3355
3.1809
3.4003
3.2169
3.1943
3.1361
3.0679
3.2771
3.3229
3.2329
3.2460
3.1280
3.2706
3.2270
3.3344
3.1976
3.3967
3.2255
3.2100
3.1541
3.1747
3.3964
2.9847
3.3693
3.2710
3.2382
3.2904
3.2345
3.1392
3.1119
3.0759
3.1425
3.3367
3.3520
3.2877
3.1248
3.2340
2.9612
3.1060
2.9077
3.1694
3.2345
3.1529
3.1841
3.3655
3.3967
3.6634
3.1174
3.4465
3.5152
3.2292
3.3358
3.2120
3.2321
3.4847
3.2084
3.3666
3.3451
3.3392
3.2604
3.0983
3.1481
3.1352
3.4046
3.1846
3.1603
3.5069
3.4816
3.1946
3.1763
3.3692
3.2942
3.4099
3.3598
3.2264
3.2038
3.3420
2.9661
3.2813
3.3996
3.5402
3.2958
3.2448
3.0424
3.1820
3.1662
3.2722
3.6742
3.3914
3.4270
3.3943
3.2947
3.1798
3.2988
3.2220
3.3254
3.3862
3.1808
3.1456
3.1959
3.1708
3.2922
3.1588
3.0590
3.1234
3.1058
3.2346
3.0896
3.1723
3.2183
3.1761
3.0544
3.3367
3.2125
3.1856
3.2672
3.1378
3.1424
3.2790
3.1452
3.1705
3.1929
3.1567
3.2887
3.1130
3.1309
3.2534
3.0663
3.2663
3.1804
3.1571
3.1922
3.1483
3.1532
3.0867
3.3892
3.2827
3.1119
3.1808
3.3343
3.2218
3.1026
3.0923
3.0917
3.1193
3.1774
3.3571
3.3104
3.1313
3.0899
3.1323
3.3014
3.1864
3.2099
3.1380
2.9981
3.1576
3.1429
3.0585
3.0782
3.2225
3.0858
3.1781
3.0809
3.1922
3.1530
3.0786
3.2311
3.2050
3.1710
3.1051
3.0507
3.0066
2.9995
3.1726
3.2969
3.2186
3.3397
3.1075
3.0746
3.3546
3.2335
3.2512
3.2173
3.2376
3.1230
3.0562
3.1843
3.3114
3.2730
3.2464
3.3692
3.2171
3.2598
3.1575
3.1462
3.3016
3.1521
3.2581
3.1342
3.2176
3.3437
3.3044
3.2959
3.4117
3.4694
3.2743
3.2858
3.2746
3.0665
3.1920
3.2196
3.2192
3.2118
3.1894
3.3524
3.1666
3.2504
3.2835
3.2809
3.3273
3.4027
3.4254
3.3406
3.4165
3.3732
3.4941
3.3958
3.7621
3.5142
3.2225
3.3163
3.1867
3.6446
3.4995
3.2823
3.4712
3.3793
3.2442
3.2016
3.1876
3.1958
3.3241
3.1457
3.2299
3.2703
3.2076
3.2756
3.3807
3.3465
3.2927
3.1955
3.3483
3.2348
3.2593
3.3267
3.3458
3.2216
3.2061
3.3777
3.3299
3.4213
3.2754
3.2062
3.2933
3.3041
3.2175
3.3015
3.2164
3.3102
3.2206
3.2240
3.1924
3.2336
3.3062
3.4498
3.4119
3.2696
3.5164
3.4764
3.4347
3.2840
3.3046
3.2142
3.3057
3.1847
3.2508
3.1554
3.2705
3.0917
3.2783
3.2921
3.3124
3.2578
3.3154
3.3339
3.3780
3.2616
3.2664
3.3029
3.3017
3.3072
3.2651
3.1784
3.2648
3.1448
3.2029
3.4207
3.0978
3.2689
3.2107
3.3534
3.3227
3.2675
3.1233
3.3036
3.2511
3.2692
3.0840
3.3395
3.1822
3.3695
3.3708
3.3852
3.2534
3.3208
3.2990
3.1978
3.2141
3.1927
3.1848
3.3829
3.3252
3.3034
3.4322
3.0891
3.2298
3.2584
3.2592
3.3472
3.2221
3.2169
3.1277
3.1665
3.3077
3.2739
3.4568
3.2280
3.2461
3.2164
3.4115
3.2803
3.3204
3.2231
3.1104
3.2483
3.3523
3.1600
3.2464
3.1898
3.3351
3.2770
3.2918
3.0834
3.2585
3.4123
3.3308
3.1459
3.1323
3.1395
3.1906
3.3136
3.1681
3.1876
3.2132
3.0954
3.1367
3.2775
3.1285
3.3383
3.2991
3.4857
3.3029
3.2374
3.3234
3.1540
3.1750
3.2673
3.1918
3.4226
3.3407
3.1762
3.2715
3.2557
3.3415
3.3594
3.1301
3.2480
3.2194
3.2674
3.0888
3.3107
3.2776
3.2143
3.2230
3.2196
3.2305
3.1438
3.3113
3.1907
3.1842
3.1423
3.1429
3.1597
3.4739
3.3158
3.2487
3.3522
3.2541
3.2946
3.1274
3.2172
3.1674
3.2849
3.1326
3.1032
3.1479
3.1339
3.1584
3.2087
3.0886
3.1422
3.1497
3.2486
3.0646
3.2880
3.1551
3.2101
3.1306
3.1007
3.1547
3.3294
3.4579
3.3892
3.3411
3.2860
3.2121
3.3368
3.0714
3.2314
3.2903
3.3650
3.2880
3.0279
3.1880
3.1871
3.0631
3.1549
3.1059
3.2737
3.1340
3.1100
3.1042
3.0690
3.1082
3.2041
3.2517
3.2671
3.2725
3.2532
3.2586
3.2457
3.3945
3.3295
3.2492
3.2469
3.3126
3.3158
3.2354
3.1762
3.1089
3.1404
3.0870
3.1488
3.2379
3.2261
3.2909
3.4484
3.3169
3.3332
3.4597
3.2689
3.2902
3.1581
3.0841
3.2451
3.2881
3.2749
3.1829
3.3675
3.3277
3.3213
3.1772
3.1087
3.2411
3.3937
3.3066
3.2759
3.2098
3.1883
3.2498
3.3301
3.1308
3.2505
3.1719
3.2585
3.2315
3.3336
3.2402
3.3233
3.1895
3.2843
3.2402
3.2148
3.3777
3.2487
3.3331
3.2301
3.3143
3.3205
3.2098
3.1017
3.1604
3.2792
3.3275
3.1443
3.2321
3.2571
3.2105
3.3093
3.2192
3.3281
3.2221
3.2673
3.2099
3.2217
3.1730
3.0741
3.2448
3.3322
3.2612
3.2539
3.2689
3.1246
2.9507
3.0309
3.1578
3.2837
3.2900
3.2983
3.3491
3.2522
3.2590
3.1370
3.1634
3.2143
3.1933
3.1877
3.1558
3.3308
3.2538
3.2605
3.2433
3.2130
3.2746
3.1843
3.2506
3.2006
3.2853
3.1052
3.2625
3.2983
3.2483
3.1768
3.2109
3.1571
3.2624
3.3644
3.1915
3.3461
3.1747
3.1970
3.1427
3.2611
3.1353
3.2034
3.0525
3.1454
3.1190
3.1631
3.1405
3.1321
3.1174
3.0476
3.1540
3.1030
3.1571
3.1558
3.1382
3.0770
3.0994
3.1092
3.2059
3.2156
3.2550
3.1938
3.2836
3.2395
3.2421
3.1892
3.2003
3.2073
3.1420
3.1884
3.1618
3.2000
3.0415
3.2108
3.2515
3.2760
3.0406
3.2173
3.1288
3.1372
3.0741
3.1317
3.2307
3.1111
3.1002
3.1202
3.0962
3.1512
3.1866
3.1313
3.0917
3.1708
3.0718
3.0154
3.0892
3.1334
3.1303
3.1914
3.0426
3.0846
3.0665
3.0491
3.0542
3.1919
3.2408
3.1379
3.1733
3.0639
3.0388
3.0000
3.0426
3.1120
3.2965
3.1829
3.0046
2.9669
3.1337
3.0717
3.2598
3.2188
3.1171
3.0181
3.1386
3.0592
3.1585
3.0930
3.0216
3.0205
3.0280
3.0559
3.0361
3.0000
3.0296
2.9631
3.0709
2.9677
3.2172
3.2542
3.0586
3.2684
3.1696
3.1633
3.2272
3.1509
3.3733
3.3725
3.3119
3.3040
3.0816
3.2513
3.2348
3.2063
3.2189
3.2398
3.2738
3.1768
3.1200
3.1844
3.1806
3.2356
3.3140
3.2664
3.3526
3.2435
3.3695
3.2841
3.1772
3.2022
3.2320
3.2182
3.0803
3.0608
3.2422
3.3073
3.2846
3.2760
3.2059
3.0010
3.2102
3.2112
3.2321
3.2719
3.1417
3.2609
3.1950
3.0460
3.2695
3.1068
3.2403
3.3556
3.2404
3.4262
3.2377
3.3520
3.1208
2.9837
3.3189
3.1845
3.2346
3.0614
3.1012
3.1898
3.0816
3.3275
3.2428
3.2129
3.2220
3.1818
3.2239
3.1761
3.2135
3.2042
3.3131
3.4369
3.1977
3.1104
3.3239
3.5012
3.4428
3.6200
3.3033
3.5234
3.4829
3.6166
3.2646
3.3489
3.3847
3.4762
3.3855
3.4217
3.5770
3.3482
3.4673
3.4399
3.4476
3.3085
3.2828
3.2149
3.3457
3.2925
3.3126
3.2614
3.2305
3.2550
3.3419
3.3003
3.5608
3.4692
3.3233
3.4938
3.4121
3.3373
3.3654
3.4117
3.2478
3.2615
3.3156
3.2905
3.3459
3.2083
3.4159
3.3978
3.2398
3.3549
3.3518
3.3592
3.3879
3.5019
3.4104
3.5032
3.3512
3.4865
3.5504
3.2827
3.3138
3.5437
3.3396
3.2825
3.2950
3.2054
3.1449
3.2787
3.2898
3.4688
3.3821
3.4874
3.6623
3.2754
3.1329
3.3886
3.3427
3.3644
3.2365
3.2909
3.1846
3.4029
3.0147
3.0788
2.9422
2.9741
2.8049
2.7788
2.8340
2.9896
3.1879
3.1079
3.1681
3.0842
3.2268
3.3117
3.3787
3.2052
3.2656
3.1587
3.3823
3.4196
3.3917
3.2702
3.1499
3.2745
3.4552
3.4116
3.7098
3.3793
3.4485
3.2056
3.2801
3.2429
3.3010
3.0846
3.2267
3.3485
3.4625
3.1440
3.4088
3.6395
3.6956
3.5268
3.3137
3.0222
3.1623
3.2960
3.3318
3.2881
3.3343
3.2755
3.3717
3.2629
3.2981
3.1164
3.4317
3.3283
3.5997
3.4039
3.3977
3.3561
3.3703
3.0843
2.8329
3.0658
2.7084
2.9114
2.8939
3.0962
2.8433
3.1699
2.9915
2.9944
2.8167
2.8201
3.0562
2.9236
2.8500
2.7886
2.8837
2.8775
2.7711
2.9777
3.0862
2.8349
3.0989
3.2458
2.9452
2.9950
2.8441
3.0660
3.0365
3.0279
2.9134
3.0967
2.9263
3.1583
3.1415
2.9633
3.0769
3.0982
2.9823
2.9753
2.7793
3.0367
3.0076
3.0832
3.2776
3.2375
3.3026
3.2975
3.0388
3.2545
2.8670
3.0139
3.1104
2.9663
2.6358
2.9321
3.0782
3.1395
2.8935
3.1651
3.0400
3.0812
3.0534
2.9470
3.0730
3.0350
3.0119
2.9296
3.0458
2.9494
2.9459
3.0772
3.0384
3.0419
3.0930
3.2065
3.0909
3.3833
3.2613
3.2870
3.1653
3.4381
3.1989
3.3679
3.2932
2.9961
3.0227
2.9071
2.9714
3.0881
3.1358
3.0298
3.0611
3.1831
2.9786
3.1900
3.1725
3.0589
3.2547
3.0910
3.1723
3.1370
3.0729
3.2692
3.1003
3.0603
3.0395
3.0614
3.0625
3.0330
3.1631
2.9286
3.0734
2.9983
3.0443
3.0086
3.1243
3.2608
3.0571
3.1889
3.0720
3.2756
3.1634
3.1403
3.2513
3.1070
3.0954
3.0470
3.2050
3.0484
3.1461
3.1396
3.2485
3.0531
3.3369
3.1968
2.9479
3.1781
3.1519
3.0565
3.0564
3.0735
3.1399
3.1107
3.1009
3.0084
3.1340
3.1073
3.1854
3.1236
3.1799
3.1056
3.1398
3.1955
3.0546
3.0207
3.0630
3.0635
3.1235
3.2242
3.1920
3.1327
3.1141
3.0693
2.9854
2.8822
2.7608
3.0224
2.9325
3.1039
3.1998
3.2249
3.3544
3.2249
3.2790
3.2604
3.2113
3.2159
3.0773
3.0471
3.2317
2.9390
2.9014
2.8835
2.8480
2.7725
2.7220
2.6839
2.8056
2.9310
2.8877
3.0976
3.2108
3.1704
3.1510
3.1387
2.9791
2.9286
2.9212
3.0613
2.7430
2.7640
2.8698
2.8846
3.0099
3.0888
3.0013
2.9603
2.9006
3.0204
2.9850
2.7786
2.8499
2.9910
2.8022
2.8387
2.6670
2.9819
2.7786
2.7356
2.9853
2.8994
3.0061
3.0350
3.0254
3.0335
3.1995
3.2749
2.8459
3.0635
2.8851
3.0655
2.9292
3.0404
3.1114
3.1512
3.1219
3.0709
2.8729
3.0348
2.7557
2.7746
2.8393
2.9298
2.8257
2.9362
2.9692
2.8052
3.0869
2.8831
2.9021
2.9211
3.0699
2.9025
2.9841
2.9983
2.9269
3.0687
3.0575
2.9868
3.0254
3.0391
2.8651
2.7451
2.9140
2.8935
2.9973
2.7712
2.9003
2.6532
2.8959
2.7660
2.6786
2.6203
2.8113
2.7130
2.7519
2.7429
2.6905
2.5393
2.8808
2.6278
2.8013
2.5466
2.5054
2.3782
2.6523
2.5814
2.7222
2.7536
2.6689
2.5214
2.4377
2.6898
2.5828
2.4267
2.6001
2.8261
2.8988
2.8139
2.7282
2.8255
2.9591
2.8416
2.9360
2.8982
2.7325
2.7124
2.8332
2.7089
2.6378
2.6304
2.7397
2.6341
2.6247
2.7256
2.7526
2.5980
2.7008
2.6828
2.6874
2.5988
2.5817
2.8709
2.6490
2.5740
2.8008
2.7317
2.7304
2.6056
2.8306
2.7218
2.6463
2.8939
2.8367
3.1106
3.0386
2.8910
3.2161
2.9796
2.8944
3.0702
2.9331
2.6796
2.9679
2.9120
2.8490
2.7238
2.8277
2.8522
3.2159
3.3879
3.0406
3.1235
3.4998
3.1544
3.1891
3.6883
3.3444
3.0797
3.5624
3.2950
3.1287
3.0269
3.0648
3.5025
3.4889
3.4332
3.2253
3.0977
2.7679
2.7581
2.7400
2.8095
3.2712
3.2923
3.3912
3.4327
3.0820
3.0341
2.8817
2.9654
2.9560
2.8479
2.9198
2.9337
2.7065
2.7818
2.9081
2.8464
2.8979
3.1793
2.9402
2.9177
2.8952
2.8559
3.0020
3.0383
2.9905
3.0106
2.8151
2.8578
3.0032
3.0157
2.8553
2.9671
2.7505
2.8793
2.7458
2.7496
2.6687
2.8044
2.7315
2.6915
2.9693
2.6808
2.7311
2.7831
2.8231
2.7603
2.8142
2.9367
2.9816
2.8576
2.7306
2.7646
3.0541
2.9381
2.8698
3.0207
2.8802
2.6158
2.6407
2.8051
2.9334
2.7442
2.8614
2.6268
2.7103
2.7809
2.6919
2.8147
2.9251
2.7085
2.9005
2.7532
2.7565
2.8626
2.6934
2.8176
2.8338
2.7790
2.7882
3.0871
2.8938
3.0339
2.9482
3.0583
2.8949
2.7135
2.8627
2.8603
3.0475
3.2127
3.1991
3.0565
3.0532
2.8895
3.2105
3.1357
3.2988
3.4385
3.4219
3.5059
3.2036
3.1560
2.9347
3.2528
3.0172
3.1883
3.1424
3.1451
3.0062
3.0728
3.0751
3.0310
2.9602
3.0475
3.1000
3.1502
2.9858
3.1233
2.9410
2.9982
2.8528
3.1527
3.1858
2.9366
3.0877
3.0585
3.0687
3.1173
3.3652
3.1561
3.1694
3.1126
3.0239
3.2687
2.9313
3.2424
3.1292
2.9061
3.0018
3.1130
2.9555
3.1297
3.0149
2.8823
2.9165
2.9324
2.9452
3.0869
3.0398
2.8747
3.3458
3.1296
3.1620
3.2502
3.2461
3.3234
3.1408
2.9880
3.0929
3.0392
3.0638
3.1543
3.1191
3.2086
3.3981
3.1298
3.1869
3.1193
3.2094
3.0413
2.9943
3.0020
2.9827
3.1204
2.9354
2.7274
2.7111
2.7152
3.2309
3.2031
3.0065
2.9103
2.9814
3.1069
2.8768
3.1394
2.9634
2.6841
2.7735
3.0996
2.7714
3.0226
2.8875
2.8706
2.7969
2.8509
2.8102
2.8434
3.0105
2.7400
2.8275
3.1348
3.2189
3.2560
3.2469
3.1846
3.1951
3.1875
3.0091
3.1429
3.2800
3.2388
3.2080
3.3167
3.1919
3.2277
3.0268
3.1513
3.1961
2.8492
3.2060
3.2074
3.3968
3.1724
3.2410
3.5180
3.3517
3.3216
3.4274
3.2788
3.4813
3.3163
3.1436
3.3481
3.1573
3.1456
3.1151
3.3658
3.4455
3.1202
2.9126
2.9276
3.0772
3.0735
3.0095
3.1256
2.9754
2.9456
2.9571
2.8980
3.0840
2.9278
2.9016
2.8295
2.8184
3.1422
3.0677
2.9626
2.9859
3.1510
3.0353
2.9334
3.1046
2.8911
3.1616
3.3266
3.1298
3.2239
3.0431
3.1736
3.0933
3.2210
3.3121
3.2549
3.1635
3.1661
3.2123
3.1440
3.3703
3.2043
3.2696
3.1688
3.2070
3.2306
3.2501
3.2889
3.2258
3.2953
3.3955
3.2592
3.0673
3.2383
3.5064
3.1466
3.1301
3.3375
3.5332
3.1531
3.1897
3.2607
3.2836
3.3179
3.2602
3.3560
3.4238
3.4611
3.1471
3.1371
3.2085
3.2379
3.6716
3.1249
3.3247
3.0468
2.9822
3.1704
3.0206
3.1160
3.1710
3.2405
3.3563
3.1918
3.3286
3.1352
3.1659
3.3498
3.1125
3.2823
3.2025
3.1868
3.2992
3.0791
3.0526
2.9671
3.1495
3.2927
3.2296
3.2824
3.1482
3.0227
2.7805
3.1924
3.1860
2.9391
3.1342
3.2388
3.0934
3.1281
3.2638
3.2331
3.2159
3.2763
3.1234
2.8692
3.0483
3.0467
3.1062
3.1270
2.9857
2.9435
3.1643
3.0984
3.0813
2.9839
2.9185
2.8898
2.9734
2.9521
3.0245
3.2991
2.9709
3.0515
3.1132
3.0066
3.1831
3.1232
3.1328
3.1490
3.0583
2.9196
3.0214
2.9594
2.8596
2.8740
2.8936
2.9598
3.1250
3.0545
2.7834
3.1024
2.9393
2.9906
3.1083
3.0126
2.9760
3.0782
3.2914
3.2613
3.0910
3.1384
2.9391
3.1777
3.2306
3.0470
3.1696
3.0529
2.9651
2.7720
2.9245
3.0170
3.1737
3.1356
3.0855
3.1446
3.1172
3.1932
3.1658
2.9639
3.1184
3.0491
2.9040
3.0013
2.8863
2.9959
3.0383
3.0741
3.0104
3.0243
2.9479
3.0108
2.9590
2.9624
2.9065
3.1409
2.8643
3.1924
3.0856
2.9925
3.2009
3.0705
3.0645
3.1080
3.0679
3.0709
2.9306
3.0658
3.0460
3.1723
3.1181
3.0992
3.2690
3.2273
3.3137
3.2003
3.0333
3.1044
3.1287
3.1451
2.9354
3.0485
2.8780
3.0499
2.9531
2.9191
2.8979
3.2216
3.2224
3.2949
3.1030
3.2518
3.0251
3.1553
3.3792
3.1084
3.0462
3.1054
3.1788
3.1147
3.0670
3.1131
3.1380
3.1801
3.1485
3.0781
3.0587
2.8496
3.0099
3.1433
3.0905
3.0441
2.9492
3.1092
2.9928
2.9310
2.9530
2.9215
3.0694
2.8725
2.9939
2.9174
3.1051
3.0105
2.9884
2.9184
3.0296
2.8691
3.1353
2.9396
2.8115
3.0467
3.0973
3.0576
3.1144
3.0817
3.0849
2.9170
3.1449
2.9785
2.9158
3.1147
2.9652
2.8167
2.8900
3.0368
2.8466
3.2190
3.0100
3.1900
3.1642
3.0862
3.2329
3.0428
2.9239
3.0477
3.1955
3.1956
3.1521
3.0358
3.0942
3.2007
3.0600
3.0198
3.2980
3.3069
3.1111
3.2957
3.2735
3.1486
3.3656
3.0312
3.4452
3.0292
3.1888
3.0770
3.0057
3.1735
3.0965
3.2475
3.0997
3.0103
3.1406
3.1381
2.8743
3.1103
3.1832
3.2095
3.0852
3.1839
3.1674
3.1890
3.2793
3.2258
3.4756
3.5077
3.3912
3.3541
3.2540
3.2836
3.2811
3.3172
3.2703
3.1372
3.0296
2.8849
3.2101
3.2039
3.2346
3.0708
3.0886
3.2108
3.1312
3.1571
3.3405
3.3354
3.1818
3.2549
3.1406
3.1607
3.2200
3.0536
3.1457
3.1527
3.1505
3.2168
3.3847
3.2627
3.0766
3.2065
3.1397
3.0441
3.0743
3.0259
3.1740
3.0868
3.0349
3.0585
3.0184
3.0728
3.0057
2.9624
2.9255
2.9315
2.9115
2.8150
3.1926
3.0315
3.1710
3.2241
3.0674
3.2295
3.0746
3.0730
2.9708
2.9138
2.9778
2.9916
3.1759
2.9909
2.8666
2.8447
3.0294
2.9679
3.1025
2.9558
2.7249
2.9799
2.8214
2.9295
2.8096
2.8555
2.7098
2.8076
2.9241
2.9431
2.9538
2.8385
2.7754
2.9102
2.8603
2.7755
2.8628
2.6933
2.7953
2.8050
2.7543
2.8020
2.7436
2.9678
3.0388
2.9766
3.0341
2.9211
2.8451
2.8078
2.9118
2.8888
2.9981
3.0553
3.0916
3.0542
3.1014
2.8013
3.0116
2.8654
2.8721
2.9019
2.8463
2.8876
2.9955
2.9922
2.8959
2.7746
2.9871
2.9689
2.8040
2.8197
3.0863
2.8597
2.8117
2.8203
2.8448
2.7979
3.1811
2.9811
3.0872
2.8191
2.7606
2.8917
2.7305
2.6691
2.9782
3.0125
2.9957
3.0710
3.1699
2.9793
2.9321
2.9661
2.7449
2.9071
3.1464
3.0155
2.8312
3.0164
2.9316
3.0464
2.9028
2.8554
3.2364
3.0440
2.8676
3.0885
3.1501
3.0756
3.0964
3.2225
2.9496
3.0664
3.0668
2.9598
3.0755
3.0318
2.9094
3.1395
3.1350
2.9191
2.8399
2.8509
2.9176
2.8586
2.7156
2.8398
2.7063
2.9081
2.9384
2.9070
3.0600
3.0304
2.9410
3.0279
2.8271
2.8997
2.8693
2.8881
3.0954
3.1558
3.2011
3.1086
2.9762
2.9534
3.0299
3.0313
3.0893
3.1284
3.0803
3.0695
3.1393
3.0929
2.9810
3.2520
3.0762
3.3720
2.8832
3.0938
2.9465
3.0925
3.2579
3.2716
3.3321
3.1151
3.0578
2.9776
2.9122
2.9058
2.9642
3.1383
3.2144
2.8998
3.1304
3.1340
3.1989
3.0928
3.2929
3.3331
3.0031
2.9578
3.1576
3.2465
3.2716
3.0799
3.3573
2.9664
3.1473
3.2518
3.1350
3.0286
2.9267
2.9311
3.0839
2.6998
2.9661
2.8014
3.1079
2.9281
2.8226
3.0626
2.8639
3.0341
3.0207
2.9719
3.1115
2.9429
3.0854
2.9744
2.8472
2.8679
3.1290
3.1874
3.1218
3.0018
3.2542
2.9984
2.9223
3.0577
2.8597
2.9392
3.1982
3.2498
2.9606
3.0878
3.2413
3.0468
3.1379
2.9933
2.9395
2.8997
2.8940
3.0392
3.0734
3.0624
3.0436
3.1961
3.0691
3.0874
3.1425
3.0919
3.1458
3.2384
3.2620
3.1169
3.0346
3.2130
3.3040
3.3704
3.3432
3.0954
2.9239
3.1957
2.9942
2.8080
2.8165
2.9156
3.0573
3.0041
3.0316
3.0209
2.9296
3.1978
3.1018
3.2008
3.2007
3.4440
3.3398
3.3068
3.0466
3.1956
3.2611
3.0762
3.1065
3.4477
3.1553
3.1564
3.2559
3.1229
3.0029
3.0337
3.1010
3.1761
3.0210
2.9490
2.9571
2.9920
2.8687
2.9765
3.0158
2.9433
3.0092
3.2682
3.0663
3.2932
3.2003
3.0020
3.1526
3.1504
3.1423
3.0881
2.9393
2.9558
2.9673
2.9392
2.9462
2.9938
2.9818
2.9617
2.8764
2.8794
2.9901
2.9658
2.9973
3.1142
2.9634
3.0404
3.1879
3.0352
3.1253
3.2133
3.2130
3.2323
3.1776
3.4522
3.2581
3.3101
3.3570
3.5100
3.5327
3.5519
3.3529
3.3465
3.2889
3.1232
3.1443
3.2729
3.3487
3.3780
3.5364
3.1217
3.2294
3.2294
3.5053
3.1038
3.2236
3.2805
3.3550
3.2582
3.1187
3.2780
3.2572
3.0531
3.0297
2.9707
3.3520
2.9623
3.0247
3.0115
3.0246
2.9116
2.8134
2.8982
3.2073
2.8701
2.9288
2.8907
2.9395
3.1845
2.9628
2.7354
2.8634
2.7215
2.8869
2.8779
2.8638
2.9296
2.8651
2.8593
2.9216
2.8513
2.9889
2.9530
3.0009
2.9234
3.0226
3.1028
3.0827
3.2849
2.9253
3.1361
2.8568
2.9936
3.1742
3.1318
2.9408
3.0143
3.0633
3.1224
2.7929
2.9707
3.0452
3.1618
2.6636
2.8874
2.8509
3.0739
3.1186
3.3254
3.0974
3.0502
3.0790
3.1053
3.3662
3.2069
3.2693
3.1355
3.0763
3.2266
3.0788
3.2274
3.2296
3.4149
3.4146
3.3906
3.5915
3.3957
3.2818
3.2798
3.2285
3.5141
3.2244
3.0978
3.1797
3.2392
2.9165
3.2506
3.0477
3.1883
3.0783
3.0688
3.3769
2.9352
3.2640
3.2704
3.2841
3.1428
3.1821
3.1703
3.2870
3.3445
3.2061
3.1333
3.3774
3.1798
3.0868
2.9531
3.1531
3.0903
3.0948
2.9168
3.2264
2.9562
2.9286
3.1785
3.1598
2.8598
2.9651
2.9548
3.1379
3.4025
3.0898
2.9713
3.2142
3.4937
3.5324
3.1836
3.5734
3.2418
3.4346
3.2695
3.3479
3.5358
3.3328
3.3443
3.4230
3.2258
3.3529
3.2991
3.4193
3.3043
3.4200
3.4516
3.7396
3.4995
3.7172
3.4617
3.6718
3.6177
3.2855
3.3561
3.4863
3.4156
3.2339
3.1971
3.1473
3.1846
3.3092
3.2964
3.1547
3.0227
3.3679
3.2720
3.3392
3.1579
2.9161
2.9562
3.1016
3.2612
3.3656
3.1225
3.1566
3.1460
3.0868
2.9916
3.2083
3.2324
3.1967
3.1877
3.0729
3.0826
3.3530
3.2441
3.1586
3.1854
3.2555
3.1408
3.3518
3.0622
2.9881
2.9079
3.1208
3.0459
3.1224
3.1008
3.1521
2.9448
3.2571
2.9771
3.1229
3.4109
3.1386
3.1283
3.1202
3.0292
3.2159
3.0935
3.1595
3.0883
3.3874
3.2419
3.1130
3.1099
3.2514
2.9794
3.0704
3.0969
3.2791
3.2174
3.6116
3.4125
3.3931
3.2436
3.6479
3.4714
3.3888
3.2715
3.1550
3.2015
3.3894
3.3629
3.4705
3.6249
3.5146
3.3752
3.4740
3.7061
3.5087
3.3649
3.3496
3.4778
3.1949
3.4798
3.2300
3.2187
2.9324
3.0546
3.1943
3.3265
3.4622
3.1154
2.9236
3.2269
3.1299
3.0601
3.3133
3.3363
3.2323
3.5453
3.4089
3.2287
3.2682
3.1574
3.0098
3.2337
3.3247
3.4995
3.1949
3.1174
3.1639
3.3730
3.4327
3.4482
3.2961
3.3307
3.4776
