2.8228
2.9706
3.0489
3.0530
3.0359
3.0218
2.8352
2.9180
3.1011
3.1042
3.0731
3.1445
3.3549
3.4453
2.9874
3.3714
3.1873
3.0700
3.4450
3.5649
3.3052
3.1854
3.3392
3.3072
3.3960
3.3885
3.3653
3.2970
3.1939
3.4155
3.2014
3.2622
3.3097
3.0724
3.1743
3.2385
3.3909
3.3069
3.0733
2.9149
3.0934
3.0633
3.2559
3.0163
2.8797
3.0711
2.9442
3.1087
2.9891
2.7737
3.0169
2.8951
2.9591
3.0026
2.9540
2.7894
2.9801
2.8010
3.1097
3.0443
2.9405
2.9317
3.0043
2.9490
2.8306
2.8567
3.0815
3.2188
2.7860
2.8614
3.0603
3.2803
3.1461
2.9316
3.1030
3.1729
3.0419
3.0093
2.8611
2.9846
3.1360
3.1505
3.2509
3.2191
3.2104
3.4569
3.2016
3.1512
3.0313
3.1244
3.2093
3.5406
3.1564
3.2004
2.9686
3.2018
3.1200
3.0853
3.0802
3.1703
3.3427
3.1851
3.1729
3.1492
3.3228
3.3123
3.2435
3.4106
3.4407
3.3163
3.1812
3.1059
3.0513
3.2229
3.0494
3.1238
3.2087
3.2587
3.1099
3.2024
3.2008
3.1151
3.1451
3.0738
2.9602
3.0835
3.0950
3.2132
3.2918
3.1126
2.9348
2.8609
2.7947
3.1752
2.9293
3.2571
3.3466
3.1823
3.2854
3.4040
3.3573
3.6324
3.3926
3.4389
3.3593
3.1707
3.2698
3.2339
3.1029
3.3553
3.2609
3.4358
3.6092
3.3593
3.1748
3.2512
3.3892
3.3249
3.4053
3.2505
3.3413
3.5480
3.3308
3.3323
3.4310
3.2168
3.2743
3.5898
3.4901
3.4835
3.8121
3.3778
3.7522
3.5791
3.7847
3.8679
3.7688
3.7249
3.7874
3.8171
3.6693
3.5001
3.8421
3.7565
3.5959
3.6046
3.8407
3.7547
3.2926
3.1762
3.2901
3.1778
3.0909
3.1666
3.1491
2.9902
3.3104
3.3113
3.4178
3.1303
3.0151
3.1753
3.0190
3.1862
3.1050
2.9460
3.0313
3.1369
3.0529
2.9580
3.4138
3.1723
3.3601
3.4187
3.3912
3.3519
3.1581
3.2998
3.0962
3.0239
3.0260
2.9573
3.2232
3.0896
3.1658
3.2282
3.0974
3.2399
3.1993
3.0250
3.0209
3.2637
3.1967
3.2946
3.0506
3.3077
3.2987
3.2921
3.1320
3.1462
3.1123
3.2520
3.0857
2.8981
3.4340
3.2489
3.6121
3.4177
3.3608
3.3440
3.3082
3.3168
3.5435
3.3138
3.3133
3.3289
3.3598
3.3937
3.5196
3.5719
3.5263
3.4645
3.5884
3.6618
3.7200
3.7013
3.6098
3.6663
3.5091
3.3765
3.6638
3.7585
3.5447
3.4414
3.8313
3.5135
3.7149
3.6592
3.6075
3.8008
3.8432
3.6772
4.1001
3.7811
3.6931
3.4129
3.3064
3.4509
3.5772
3.5529
3.6680
3.5951
3.6519
3.6416
3.8853
3.6908
3.8371
3.8075
3.7727
3.4966
3.8778
3.6481
3.4849
3.6024
3.5035
3.4921
3.7198
3.5979
3.8006
3.4974
3.3277
3.6684
3.7438
3.8757
3.7727
3.8380
3.8224
4.0523
3.6779
3.6223
3.9708
3.8556
3.7251
3.6764
3.8875
3.6819
3.7189
3.6443
3.6676
3.5938
3.6877
3.8296
3.3990
3.4610
3.2965
3.4073
3.5864
3.2577
3.0558
3.1252
3.2473
3.3534
3.3747
3.2411
3.1336
3.2232
3.2850
3.2536
3.6957
3.1859
3.4801
3.3450
3.1264
3.1757
3.2897
3.4889
3.3107
3.4343
3.3578
3.2370
3.4878
3.2175
3.2001
3.3337
3.3815
3.4072
3.6324
3.4050
3.2314
3.3821
3.2659
3.3825
3.3765
3.3606
3.2346
3.3873
3.6873
3.8368
3.5221
3.6014
3.5420
3.5716
3.5261
3.6875
3.7968
3.9380
3.9700
3.8118
4.3544
4.1433
4.0058
4.1138
3.9722
3.8710
4.0469
3.9216
3.9785
3.9454
4.0851
4.0619
4.0959
3.9333
4.1769
3.9485
3.8230
4.0528
3.9618
3.8720
3.7606
4.1534
3.8139
3.9043
3.8559
4.0814
3.8126
3.8268
3.7450
3.9941
3.7737
4.0862
4.1390
3.9749
3.8990
3.9584
4.1040
3.8735
3.8581
3.9515
4.0040
3.8608
3.8267
3.9378
3.8672
3.9443
4.0153
3.9677
3.7000
3.7960
3.9717
3.9695
3.9426
3.8674
4.0837
4.0201
3.7222
3.6199
3.7223
3.8823
3.8054
3.7406
4.0181
4.0648
4.0827
4.0696
4.1042
4.1459
4.1531
3.9822
4.1321
3.7950
4.1666
3.9668
4.0827
3.7938
4.1561
4.0341
4.2936
3.9447
4.1755
4.1247
3.8493
3.7781
3.8193
3.8380
3.9843
3.8958
3.8246
3.9169
4.1722
3.9828
3.9854
3.8382
3.7667
3.8503
4.0158
4.1337
4.0317
4.0303
4.1102
4.0720
3.7285
3.9381
4.0549
4.1490
3.9246
4.0646
4.0793
3.8360
4.1122
4.2347
3.8021
3.9947
3.8419
3.7275
3.7393
3.8214
3.5581
3.6145
3.8198
3.5288
3.6645
3.8319
3.6651
3.7374
3.7753
3.8085
3.8224
3.9015
3.7734
3.9001
3.7775
3.8249
3.9265
3.6715
3.6011
3.5853
3.7687
3.6241
3.6566
3.3803
3.4834
3.3132
3.5722
3.5464
3.6684
3.7613
3.6355
3.6030
3.6603
3.6798
3.6233
3.6298
3.6274
3.5691
3.6311
3.4763
3.7758
3.5645
3.6974
3.7039
3.5014
3.4537
3.6744
3.7896
3.6088
3.8823
3.6316
3.5732
3.6615
3.8175
3.5122
3.6787
3.8561
3.9298
3.7912
3.7172
3.7683
3.7446
3.6805
3.6842
3.7284
3.8608
3.8475
3.8833
3.9818
3.9452
3.7066
3.9716
4.0986
4.0081
4.0340
4.0863
4.1941
4.1017
3.8670
4.3429
4.3078
4.0961
4.1735
4.3591
4.3482
4.2215
4.2815
4.1926
4.1479
4.0183
4.0718
3.9868
4.1982
4.1464
4.2291
4.3366
4.2136
4.2590
4.1625
4.2189
4.3581
4.4305
4.2465
4.4312
4.1757
3.9719
3.9940
4.0731
4.0896
4.0984
4.1660
4.2190
4.2251
4.0448
4.2276
4.5180
4.2440
4.3178
4.2624
4.2144
4.2015
4.2407
4.2982
4.0685
4.2553
4.0291
4.0321
4.1966
4.2639
3.9765
4.1189
4.1720
4.0967
4.1873
4.0380
4.2532
4.1229
4.3096
4.4333
4.1921
4.1822
4.3786
4.3716
4.3448
4.1873
4.2546
4.3338
4.5308
4.3341
4.3286
4.2967
4.1586
4.1384
4.2383
4.3431
4.3008
4.0816
4.3970
4.1941
4.5098
4.3246
4.2678
4.4334
4.5125
4.1989
4.3569
4.3633
4.2883
4.2961
4.1939
4.1500
4.1433
4.0496
4.0023
4.1474
4.0463
4.0655
4.0684
4.2775
3.9488
4.0261
3.8215
3.9406
3.8639
3.7048
3.9586
4.0505
3.9785
4.1458
4.1015
4.0082
3.8129
3.9467
4.3416
4.0046
3.9970
3.9136
3.9132
4.0605
4.2644
3.9238
3.8588
3.8426
3.5355
3.7582
4.2051
3.8963
3.8978
4.0392
4.2518
3.6361
3.7521
3.9419
4.1011
3.9179
3.9357
3.7324
3.9939
3.8164
3.9605
4.0731
4.2327
4.0971
4.1551
3.9830
4.2864
4.2413
4.2524
3.9884
4.1394
4.2060
4.0494
4.2073
4.3641
4.1267
4.2040
4.0413
3.9609
4.2452
3.7094
3.9514
3.8660
4.1900
4.1287
4.1702
4.1328
4.1447
4.1254
4.0048
3.8921
3.9867
3.8803
3.9829
3.9131
3.9641
3.7875
3.9648
3.9485
3.8171
3.8776
3.8038
3.7475
3.6315
3.9932
3.8406
3.8562
4.0458
3.9428
4.0191
3.9427
4.2213
4.0858
4.2952
4.0843
4.0480
3.8801
3.7693
4.1921
4.1236
4.1614
4.2419
4.1672
4.1651
3.8256
3.8710
4.0530
3.8364
4.0248
3.8914
3.7990
4.2012
4.0735
4.1048
4.1686
4.3081
3.8728
4.1080
4.0766
3.9335
3.9700
4.1298
4.0256
3.9875
3.8478
3.8777
3.9975
3.9665
3.6900
3.8825
3.9648
3.9029
3.7739
3.8402
4.0042
3.8714
4.1343
3.8343
3.8936
4.0845
3.8878
3.6749
3.8996
3.9400
3.8564
3.9711
4.1154
3.9460
3.9582
3.8934
4.0696
3.9626
3.9690
4.1690
3.9626
3.9811
4.1987
3.9938
3.8728
4.0249
4.0900
4.0590
3.9392
4.0105
4.0248
3.9996
4.2066
4.1097
3.9358
3.9873
4.1835
4.0494
4.1314
3.8461
3.9130
3.8098
3.9621
3.9482
3.9863
3.8248
4.0591
3.9967
4.1524
4.0003
3.9628
3.8882
3.9835
3.8205
3.8757
4.2095
3.8102
3.9189
4.0717
3.9704
3.9178
3.7764
3.9531
4.1072
3.8585
3.8236
3.8409
4.1002
3.9620
3.9777
4.0135
4.0904
4.0597
3.9523
3.8814
3.8505
3.9662
4.3202
4.1960
4.0341
4.2882
4.1703
4.2524
4.0617
4.0774
4.2321
4.1263
4.1282
3.9176
3.9444
4.0950
3.9700
4.1021
4.1215
4.1707
3.7546
3.9058
3.8338
4.0093
3.7409
3.8541
3.9593
3.6796
4.0536
3.6530
3.8231
3.8716
3.6520
3.8974
4.0881
4.0379
3.8470
4.0502
3.9541
4.0853
4.0606
3.9529
4.0689
4.0682
4.0575
4.1202
3.9716
3.9902
4.2319
4.0344
4.1184
4.0394
3.8832
3.9065
3.9577
3.8708
4.0767
3.9711
3.9871
4.0367
3.8147
4.0228
3.9202
3.9557
3.9083
4.0650
3.9588
3.9047
4.0013
3.9340
3.9641
3.9651
3.9123
4.1227
3.8680
4.0973
3.9110
3.9424
4.0872
4.1376
3.9581
4.0147
4.1398
4.0501
4.0069
4.1542
4.0061
3.8282
4.0435
4.0713
4.0504
3.9381
3.9663
3.9878
3.7709
4.1278
3.9030
3.7090
3.8754
3.8357
3.9440
3.8801
3.9465
3.9746
3.9556
3.6729
4.0061
3.8121
3.8721
3.8538
3.8351
3.7488
3.9064
3.8070
4.0746
3.9196
3.9019
3.7202
3.7209
3.9843
3.8745
4.0252
4.1805
3.9673
3.8782
4.0850
3.9580
4.0525
4.0906
4.0780
4.0069
3.9606
3.9205
4.1311
4.0365
3.9796
3.8901
4.0503
3.8577
4.0286
4.0706
4.1288
4.1611
4.1340
4.0298
4.1883
4.2150
4.1575
4.0689
4.0443
4.0102
4.2371
4.1987
4.1093
4.3374
3.8508
4.1008
3.9070
3.8993
4.1713
3.9929
3.9947
4.0497
4.1052
3.9834
3.9571
3.9018
4.1413
4.0443
3.9924
3.8586
3.8106
3.6958
3.6355
3.8559
3.9898
3.8784
3.6401
3.9202
4.1953
3.7971
3.9342
3.9643
3.8279
4.1437
4.2216
4.1053
4.1917
4.1104
4.1637
4.2713
4.2204
3.9380
4.0413
4.1108
4.2127
3.8504
4.2397
3.9386
4.0849
4.0947
4.0392
4.0984
3.9479
4.0571
4.0527
4.1640
3.8254
3.9195
4.1249
4.0173
3.8190
4.0891
3.9708
3.9111
3.9237
4.0091
3.9051
3.8625
3.8632
3.7615
3.9147
4.0846
4.0982
4.0523
3.8479
3.9591
3.8755
3.9409
3.9194
3.9384
3.7360
3.8175
3.8639
4.1213
3.8615
4.0127
3.9140
3.9087
3.9244
3.9138
3.7660
3.9689
4.0045
3.9222
3.9827
3.9530
3.8593
3.9630
3.8603
3.9218
3.8496
3.8512
3.9193
4.0193
3.9195
3.9745
3.9568
3.9961
3.8425
3.9183
3.9730
3.8866
4.1468
3.9902
3.9288
3.9583
3.8570
3.8703
3.8918
3.9145
3.7431
4.0371
3.9992
3.8885
3.9135
3.7667
3.9372
4.0769
3.8752
3.7409
4.0262
3.9108
3.8722
4.0243
4.1962
4.0324
4.0080
3.9211
3.9773
3.9680
3.9352
4.1158
4.0393
3.8866
3.8127
3.8102
3.8330
3.9753
3.9900
3.8942
3.7502
3.9291
3.9062
3.8558
4.0673
3.8786
3.7522
4.0758
4.1290
3.8391
3.9093
3.8947
3.8331
3.9944
4.0380
4.0288
4.1511
4.1211
4.2447
4.2641
4.2289
4.1307
4.2133
4.0256
4.1776
4.1617
4.0849
4.0558
4.2010
3.9404
4.0661
4.2592
4.2004
4.2208
4.2374
3.9408
4.2902
3.9237
4.1056
3.9728
4.0958
4.3612
4.1561
4.1909
4.0341
4.1560
4.4149
4.3583
4.1266
4.2647
4.1764
4.1720
4.1680
4.0452
4.1082
4.1356
4.0579
4.1489
3.8860
4.0375
3.9686
3.8650
3.8782
3.7130
3.9894
4.0458
3.9197
4.0563
3.8416
3.8048
3.9018
3.8323
3.8227
3.8734
4.2090
4.2488
4.0531
3.7164
3.7305
3.9221
3.8979
3.8908
3.7823
4.1024
3.9649
3.8859
3.7804
3.9823
3.7585
3.9024
4.1234
4.1703
4.1494
4.0383
4.3559
4.3394
4.0600
3.6331
4.3007
4.2576
4.2708
4.3904
4.1606
4.1156
4.1587
4.2820
4.2193
4.0835
4.1925
4.0532
3.8921
4.0283
4.0216
4.2126
4.1400
4.0511
4.1473
3.7479
4.0519
3.6572
3.7544
3.6529
3.9206
4.1771
4.1731
3.9667
4.0567
3.7785
4.0623
4.2402
4.2312
4.2029
4.0606
4.0949
3.9744
4.2150
4.1019
3.9741
4.1984
4.0877
4.0170
4.1812
3.8592
4.1305
4.1650
4.0971
4.0297
4.1151
3.9516
3.9340
3.7994
4.0304
4.1779
4.3628
4.0893
4.0804
3.9265
4.1156
3.9242
3.8160
3.9694
4.0116
3.8613
4.2370
4.1035
4.2606
4.0083
4.0569
4.3408
4.2220
4.0995
4.2953
4.1558
4.0769
4.1720
4.1140
4.0991
4.3525
4.2331
4.2016
4.1327
4.1882
3.9621
3.9722
4.0598
4.0537
3.9521
3.7198
3.6643
3.9291
3.8491
4.0992
4.0361
3.7576
3.6857
3.6083
3.8013
4.0694
4.0673
3.8422
4.1132
3.8920
3.7321
3.6387
3.6709
3.7548
3.9429
3.8762
3.7882
3.7165
3.8054
3.8108
3.6072
3.9489
3.6798
3.6884
3.9006
3.5231
3.7035
3.8029
3.8722
3.9774
3.8346
3.9519
3.8655
3.9259
3.9456
4.0834
4.0384
3.8802
4.0221
4.1250
4.1669
3.8090
3.8744
3.5177
3.7584
3.5183
3.6131
3.7522
3.8877
3.7279
3.6072
3.5828
3.6777
3.6211
3.7927
3.9051
3.7570
4.0712
3.8281
3.8148
3.7286
3.9169
3.9852
3.8890
4.1824
3.9993
4.1056
4.1528
3.9967
4.0251
4.1408
4.1711
3.8807
4.3292
4.2668
4.2396
4.1997
4.3288
4.1154
4.1922
3.8852
4.2573
4.0422
4.0894
4.0271
4.1721
4.3065
4.1590
4.2092
4.0688
4.3596
4.4492
3.9234
3.6937
4.0111
3.7520
3.7293
3.7202
3.6234
3.8357
4.0958
4.0479
4.1283
3.8852
3.8359
3.7930
3.9240
4.0167
3.9507
3.7068
3.5024
3.8299
4.0109
3.7938
4.0298
3.9982
3.8275
3.6739
3.8842
3.8835
3.9252
4.1005
4.1448
3.9489
3.9747
4.0419
3.6411
3.7717
3.8061
3.9030
3.4215
3.6989
3.6685
3.6066
3.7836
3.7819
3.7048
3.7972
3.7856
3.7507
3.7720
3.7825
3.7637
3.8479
4.2055
3.6771
3.8027
3.5389
3.6264
3.7375
3.8703
3.9066
3.7396
3.9049
3.9111
4.0259
3.8736
3.9026
3.7293
3.8228
3.6874
3.7185
3.9821
3.8498
3.6698
4.0492
3.9332
3.7617
3.5928
3.8774
3.7566
3.6633
3.8800
3.9170
4.0722
3.9026
3.9315
4.1711
3.8524
3.6992
3.8594
4.1513
4.1131
4.0023
4.0677
4.1897
4.1384
4.2202
4.2324
4.0687
4.1996
4.4042
4.1026
4.0753
4.0702
3.9858
3.9500
3.6931
3.6499
3.7035
3.6680
3.6660
3.6759
3.5532
3.6018
3.6281
3.5626
3.5141
3.6495
3.6159
3.5803
3.3924
3.2822
3.5629
3.5371
3.4763
3.5306
3.4371
3.5733
3.7522
3.4220
3.4510
3.2656
3.5305
3.7195
3.7491
3.7021
3.5938
3.6467
3.5932
3.4131
3.4507
3.7693
3.5898
3.5103
3.6680
3.8284
3.8006
3.4605
3.7790
3.6554
3.3212
3.5824
3.6498
3.7615
3.5728
3.6700
3.6163
3.8514
3.7441
3.5574
3.7855
3.5630
3.6612
3.7647
3.9118
3.6113
3.6291
3.8118
3.8928
3.9272
3.9654
3.9474
3.7195
3.8837
3.6803
3.7931
3.6288
3.7270
3.6289
3.6632
3.8221
3.7058
4.1438
3.9845
3.7989
3.6867
3.7883
3.9754
3.7442
3.7404
3.5901
3.8554
3.8425
3.6314
3.9161
4.1275
3.9202
3.8620
3.9212
4.1013
3.8891
4.3299
4.2773
3.9872
3.9098
4.2890
4.1039
3.9350
4.0610
4.1104
4.0747
4.0683
3.9635
4.0471
4.0591
4.0512
4.0365
3.8921
4.0355
4.0245
3.9222
4.0122
4.2081
4.1374
4.2172
4.1057
4.1308
3.9702
4.1918
4.0464
4.0739
3.9921
4.1163
4.1001
4.0134
3.7190
3.7467
3.9620
3.8912
3.7104
3.5899
3.9047
3.7277
3.9960
3.6431
3.7818
3.8041
4.0459
3.7814
3.8122
3.9356
4.0557
3.6737
3.8901
3.7319
3.9353
3.7649
3.9860
3.9190
3.7673
3.5605
3.9861
3.7652
3.6997
3.5749
3.8409
3.5914
3.8839
3.8456
3.9022
3.8587
4.0334
3.8497
3.8621
3.8831
3.9014
3.8550
3.8807
3.8807
3.8395
3.9888
3.7518
3.8545
3.7693
3.7666
3.9173
3.8013
3.8909
3.9249
3.9362
3.9430
3.8096
3.8081
3.8281
3.7571
3.8989
3.9048
4.0649
4.0710
3.6736
3.9374
3.8491
3.9035
3.9028
3.9676
3.8812
3.6547
3.7996
3.9729
3.9927
4.0677
4.0320
3.8319
3.8306
3.7125
3.6916
3.6827
3.8563
3.7234
3.7478
3.6863
3.9078
4.0031
3.8979
4.1548
4.2169
3.9215
4.0106
3.8388
3.7563
3.9591
3.7855
4.0444
3.9073
4.0610
3.7195
3.7701
3.7843
4.0162
3.7712
3.6886
3.6262
3.7859
3.5319
3.7517
3.7805
3.6249
3.8904
3.8092
3.8824
3.6978
3.9109
3.8141
3.8343
4.0018
3.8465
4.0696
3.7265
3.9839
4.3146
4.2346
4.3214
4.0652
4.0041
4.0302
3.9662
4.1087
4.0388
4.0678
4.3206
4.1476
3.9059
3.7520
3.9824
4.2455
4.1337
4.2547
4.1361
4.0147
3.9774
4.0229
3.9058
3.8790
3.7585
3.9772
3.7733
3.7183
3.9618
4.3808
4.2368
4.3265
4.2771
4.2935
4.3484
3.9751
4.0773
4.1737
4.1171
4.2712
4.1942
4.1806
4.1571
4.2899
4.1975
4.1268
4.3170
4.1360
4.1064
4.1670
4.1991
4.2306
4.4605
4.3507
4.3975
4.4280
4.1239
4.2533
4.2732
4.5962
4.2803
4.2879
4.2410
4.3062
4.2254
4.3079
4.4187
4.4066
4.4218
4.3535
4.4140
4.3037
4.1894
4.1208
4.1116
4.0953
4.2365
4.3646
4.3331
4.4038
4.5096
4.2319
4.1376
4.1214
4.0865
4.1496
4.1057
4.0702
4.0773
4.1370
4.2024
4.2579
4.2702
4.4077
4.0843
4.4488
4.1415
4.0630
4.0660
4.2395
4.0223
4.1414
4.1835
4.1832
4.3389
4.1698
3.9850
4.1129
4.0031
4.1999
4.1068
4.3137
4.4117
4.2636
4.3054
4.2583
4.4264
4.3652
4.2502
4.3331
4.2811
4.2409
4.2630
4.0779
4.1537
4.1250
4.2892
4.1034
4.3537
4.1859
4.0971
4.1862
4.3479
4.0938
4.3092
4.2522
4.1738
4.2388
4.2321
4.2433
4.2068
4.4307
4.3811
4.3983
4.2825
4.2342
4.3230
4.0273
3.9910
3.9576
4.2104
4.2618
4.1120
4.2756
4.2050
4.2118
4.0986
4.1981
4.2348
4.1602
4.1845
4.1810
4.1158
4.2849
4.2495
4.1729
4.4031
4.3376
4.3940
4.1783
4.3379
4.1619
3.9857
4.1686
4.2548
4.2171
4.1528
4.2807
4.2717
4.3297
4.2061
4.3994
4.2556
4.1819
4.1918
4.3572
4.2461
4.0644
4.2232
4.2685
4.1541
4.1988
4.3375
3.8873
4.0532
4.2384
4.0846
4.2141
4.2769
4.0148
4.2886
4.0802
4.1820
4.1474
4.3852
4.3071
4.2812
4.3566
4.2897
4.2300
4.3647
4.3983
4.2618
4.2690
4.4601
4.3807
4.1506
4.2846
4.2254
4.1750
4.5467
4.4194
4.4285
4.3970
3.9833
4.3132
4.2511
4.2973
4.1858
4.2449
4.2539
4.3235
4.1763
4.3793
4.1161
4.1856
4.2880
4.4513
4.1986
4.3094
4.3791
4.2983
4.2129
4.1674
4.1773
4.1578
4.2245
4.2108
4.4035
4.1504
4.2141
4.4387
4.3272
4.6269
4.1240
4.1855
4.3099
4.0808
4.1438
4.1428
4.0046
4.0422
3.8171
4.2601
4.1989
4.1832
4.2148
4.0585
4.1732
3.9263
3.9961
4.1000
3.7735
3.8465
3.9487
3.7802
3.8642
3.9914
3.8293
3.9732
3.8918
3.9271
3.7507
3.9578
3.9912
3.8580
3.7675
3.7131
3.7779
3.5876
3.4729
3.5201
3.6807
3.4919
3.6124
3.6036
3.8371
3.7231
3.5161
3.6630
3.9618
3.8993
3.8321
3.7153
3.4166
3.4302
3.3689
3.7486
3.4809
3.6021
3.5293
3.2714
3.3421
3.3988
3.4373
3.3219
3.3422
3.5562
3.4927
3.6103
3.5017
3.4179
3.5501
3.5009
3.5993
3.6975
3.6893
3.8128
3.6304
3.8797
3.9020
4.0368
4.1693
4.0148
3.7537
3.9725
3.7740
3.7333
3.8920
3.6972
3.8374
3.6679
3.7101
3.6602
3.6492
3.3581
3.4890
3.5535
3.5642
3.9361
4.0599
4.0442
3.9220
4.0796
3.9430
3.8888
3.9886
3.9131
3.7666
4.0030
3.8404
4.0433
3.7006
3.8695
3.7947
3.6598
3.4806
3.4280
3.5291
3.3065
3.3405
3.4664
3.6206
3.6328
3.6958
3.5575
3.7705
3.7207
3.9186
3.5607
3.5663
3.5521
3.4734
3.7552
3.9006
3.7571
3.7376
3.8540
3.8335
3.8359
3.8214
3.7036
3.7385
3.6487
4.0170
3.9470
3.8567
3.9765
4.0876
4.0719
3.9047
3.8994
3.7122
3.7647
3.9904
3.8124
3.9032
3.6847
3.8090
3.6907
3.6831
3.8489
3.8670
3.7685
3.7943
3.9168
3.9857
3.8195
4.0996
3.8482
4.2613
3.9135
3.7368
3.7313
3.6936
3.5902
3.9029
3.9677
3.6665
3.7227
3.6706
3.7012
3.5617
3.9591
3.5197
3.7308
3.6542
3.7264
3.6832
3.8622
3.5860
3.7575
3.9518
3.8314
4.1209
3.9904
3.9911
4.0185
3.8756
3.6564
3.7845
3.6479
3.7017
3.5111
3.6008
3.6780
3.4960
3.7760
3.7800
3.6744
3.7888
3.9448
4.2784
4.1544
4.3032
4.1591
4.2213
4.0463
4.1137
4.1263
4.2149
4.0381
3.7697
3.9142
3.9392
3.5870
3.6000
3.6910
3.5177
3.5771
3.7441
3.4082
3.6446
3.5989
3.5176
3.3025
3.2571
3.3656
3.6936
3.6503
3.9377
3.7862
3.5244
3.5187
3.5720
3.6213
3.5599
3.6288
3.6269
3.9040
3.5164
3.5866
3.6780
3.6066
3.8243
3.4527
3.4056
3.5436
3.5427
3.3332
3.2861
3.4134
3.5456
3.3784
3.3120
3.4628
3.2438
3.1039
3.4077
3.5728
3.4447
3.8800
3.4820
3.5476
3.1149
3.4281
3.4274
3.6143
3.4684
3.3901
3.5101
3.4496
3.7122
3.7178
3.6102
3.6645
3.5285
3.8842
3.5971
3.5137
3.4449
3.2540
3.7680
3.7627
3.5498
3.3531
3.4937
3.5410
3.3473
3.8098
3.7241
3.7058
3.7040
3.4464
3.6377
3.7498
3.6922
3.4036
3.5506
3.7000
3.4413
3.4532
3.3248
3.4021
3.7197
3.9125
3.9505
3.8301
3.9066
3.7511
3.9330
3.8713
3.8843
3.7057
3.7659
3.7803
3.9292
3.7874
3.8652
3.7648
3.6340
3.7444
3.7899
3.6893
3.7589
3.7105
3.8109
3.8098
3.8614
3.8411
3.7280
3.6848
3.8228
3.7860
3.7521
3.8564
3.8088
3.9388
3.8404
3.7783
3.6494
3.8219
3.6360
3.6547
3.7599
3.6519
3.2542
3.6907
3.2555
3.3440
3.3893
3.4987
3.6315
3.6661
3.6564
3.7328
3.6844
3.6941
3.7982
3.8050
3.7767
3.5789
3.3275
3.5697
3.4208
3.4022
3.5272
3.5291
3.5419
3.5514
3.4682
3.7679
3.7656
3.8174
3.4530
3.6265
3.6603
3.5879
3.8850
3.5954
3.4380
3.3840
3.5853
3.2236
3.5272
3.3856
3.2989
3.3576
3.6076
3.4207
3.3204
3.4106
3.3332
3.3349
3.3528
3.1643
3.2319
3.4349
3.3088
3.1605
3.0962
3.3517
3.3690
3.4960
3.4068
3.4252
3.2938
3.2788
3.2940
3.3512
3.3764
3.3979
3.5008
3.5056
3.4121
3.5401
3.2192
3.4010
3.3001
3.2423
3.4436
3.4193
3.4223
3.3657
3.0718
3.4354
3.1791
3.3598
3.4240
3.1512
3.5015
3.2953
3.2988
3.2977
3.4760
3.4413
3.3258
3.3460
3.6510
3.6180
3.7885
3.4699
3.6386
3.6684
3.7369
4.0218
3.8674
3.9063
4.0192
3.9504
3.9559
3.7881
3.7167
3.7160
3.9356
3.8216
3.9256
4.0083
3.8718
3.7432
3.7240
3.8847
3.8949
3.8246
3.7960
3.9008
3.7626
3.6217
3.8993
3.7655
3.8990
3.6035
3.7775
3.6748
3.7653
3.7597
3.8109
3.8826
3.9100
3.9482
4.0403
3.9805
3.8521
3.8786
3.9743
4.0225
3.7270
3.8743
3.9510
3.8909
3.7406
3.7905
3.6011
3.8463
3.9209
3.9069
3.7575
3.6882
3.7809
3.8110
3.7200
3.9402
3.8694
3.6005
3.7106
3.5951
3.6432
3.7264
3.5553
3.6242
3.6250
3.5277
3.5938
3.4786
3.5130
3.4033
3.3567
3.6022
3.5147
3.4293
3.4332
3.3781
3.3243
3.3143
3.3576
3.4052
3.5294
3.6944
3.5723
3.7660
3.7337
3.8675
3.6824
3.6564
3.8301
3.7127
3.7421
3.7406
3.6774
3.7557
3.7816
3.6796
3.8543
3.7833
3.7450
3.7649
3.8037
3.7716
3.6644
3.7985
3.7795
3.8341
3.7558
3.8218
3.9585
4.0261
3.8102
3.8961
3.9700
3.7560
3.7880
3.8106
3.8492
3.8777
3.8914
3.8216
3.7827
3.7799
3.8281
3.8057
3.8695
4.0442
3.8489
3.7570
3.9873
3.8215
3.8513
3.8324
3.6673
3.7863
3.7604
3.7907
3.7088
3.6637
3.7369
3.7026
3.5595
3.7525
3.7900
3.8174
3.6394
3.8056
3.8429
3.9657
3.6357
3.7786
3.9045
3.7394
3.7487
3.7460
3.7711
3.8859
3.9455
3.9938
3.8962
3.9829
3.8915
4.0193
3.8115
3.9654
3.8848
4.0963
3.9279
4.0407
4.1735
3.9872
3.9258
3.8417
3.9863
3.9476
3.9224
3.9387
3.8179
3.7453
3.7231
3.7740
3.8396
3.6873
3.6720
3.7800
3.8173
3.9155
3.7141
3.7028
3.9241
3.8441
3.8422
4.1155
3.8389
3.9488
3.8923
3.8053
3.5402
3.7282
3.7744
3.8044
3.7059
3.6052
3.6612
3.7431
3.7170
3.6320
3.5701
3.7374
3.6014
3.6957
3.5380
3.7421
3.5876
3.6578
3.4920
3.8885
3.8445
3.7487
3.7618
3.7502
3.6975
3.7298
3.6689
3.5669
3.7999
3.7103
3.8326
3.6630
3.5061
3.4428
3.6521
3.6831
3.5928
3.7560
3.7161
3.8029
3.8699
3.6729
3.5061
3.7438
3.5395
3.6837
3.9113
3.7383
3.8187
3.7336
3.5982
3.7573
3.7081
3.7034
3.7942
3.7824
3.6062
3.6736
3.6874
3.8968
3.6951
3.7624
3.7594
3.6328
3.9941
3.8050
3.9373
4.0666
3.9492
3.6841
3.6690
3.9217
3.7816
4.0411
4.0343
3.9063
3.9766
3.8977
3.8318
3.7292
3.8355
3.7761
3.6584
3.6040
3.8676
3.8358
3.7291
3.9636
3.8484
3.8685
3.6307
3.6619
3.8987
3.9943
4.0045
3.9975
3.9254
3.9718
3.9374
3.8087
3.9209
3.9068
3.9503
4.0049
3.9998
4.0475
4.0107
3.9352
3.9182
3.9165
3.6806
3.8020
3.6851
3.5720
3.6227
3.7321
3.4231
3.4323
3.7039
3.5138
3.4420
3.5075
3.4478
3.5072
3.5324
3.6647
3.6906
3.6825
3.5285
3.6852
3.4928
3.5950
3.6709
3.6906
3.7900
3.7171
3.7230
3.9252
3.8152
3.7151
3.6196
3.7009
3.7502
3.5719
3.6381
3.6264
3.5537
3.6411
3.6226
3.4945
3.3961
3.5198
3.3248
3.3676
3.4784
3.4852
3.5252
3.8190
3.6511
3.6847
3.4274
3.6304
3.5522
3.5046
3.5120
3.4390
3.4714
3.5445
3.6292
3.6074
3.5245
3.6803
3.5141
3.6289
3.5238
3.5088
3.7223
3.6506
3.9241
3.5198
3.5186
3.6025
3.7256
3.7002
3.6987
3.5668
3.4359
3.6072
3.4409
3.3798
3.4016
3.5562
3.4503
3.5768
3.5434
3.4546
3.6887
3.6855
3.7721
3.7030
3.6880
3.6692
3.4903
3.7007
3.6527
3.6148
3.4678
3.5473
3.7110
3.7342
3.5829
3.7162
3.8580
3.6421
3.6795
3.4124
3.5550
3.4886
3.4823
3.4657
3.4252
3.4982
3.4558
3.7263
3.3982
3.5684
3.5849
3.5154
3.5301
3.5050
3.2795
3.4663
3.4719
3.4041
3.6341
3.5316
3.3640
3.3666
3.4912
3.5389
3.5122
3.6792
3.5473
3.4672
3.6794
3.6725
3.6331
3.5578
3.5078
3.6944
3.7678
3.8614
3.8436
3.7574
3.7782
3.8020
3.5500
3.7408
3.7970
4.0147
3.8120
3.6424
3.8938
3.7087
3.5133
3.7696
3.7709
3.6752
3.7273
3.6579
3.5892
3.6529
3.7872
3.8092
3.8104
3.7337
3.7173
3.6591
3.6189
3.6420
3.4745
3.6847
3.5540
3.5745
3.6211
3.6526
3.5028
3.5686
3.4245
3.6249
3.5598
3.7061
3.8593
3.9175
3.7679
3.7914
3.8191
3.8940
3.7081
3.7232
3.9162
3.7929
3.6920
3.7156
3.9995
4.0767
4.0768
3.8753
4.2153
3.9259
3.8841
3.8777
3.8537
3.7826
3.7661
3.9054
3.7464
3.4938
3.8651
3.7490
3.7948
3.5663
3.5672
3.3636
3.6750
3.7205
3.8995
3.9104
3.9442
3.6648
3.6850
3.6996
3.6185
3.6646
3.7213
3.5997
3.7503
3.7651
3.8664
3.6327
3.7157
3.6964
3.5621
3.5259
3.7255
3.6497
3.7032
3.6212
3.6081
3.6585
3.6679
3.5643
3.5740
3.4848
3.3728
3.2498
3.3436
3.5343
3.4605
3.4455
3.5692
3.5980
3.4821
3.6036
3.5404
3.5168
3.6561
3.5304
3.3929
3.8471
3.6680
3.8103
3.6653
3.6015
3.5304
3.5991
3.6103
3.7905
3.5915
3.5343
3.6034
3.5952
3.5925
3.6157
3.6465
3.5938
3.5924
3.5408
3.5837
3.6697
3.5522
3.6706
3.6178
3.3083
3.4906
3.5031
3.4121
3.4932
3.4733
3.5903
3.6554
3.6639
3.5565
3.3971
3.5322
3.5142
3.5090
3.5778
3.5717
3.6652
3.5115
3.6762
3.5787
3.4044
3.6290
3.3784
3.6897
3.4570
3.5872
3.4565
3.6480
3.6129
3.4318
3.2708
3.3116
3.5720
3.3726
3.5629
3.5771
3.3545
3.5285
3.6367
3.5857
3.1844
3.1863
3.3673
3.4340
3.5432
3.6213
3.6120
3.7095
3.6213
3.7983
3.6807
3.6270
3.7818
3.5811
3.7681
3.6882
3.7593
3.8410
3.6607
3.7060
3.5440
3.6443
3.5445
3.6346
3.4476
3.5119
3.6288
3.5730
3.5121
3.7299
3.4979
3.4405
3.5260
3.3886
3.6667
3.4575
3.5040
3.6443
3.6150
3.5230
3.7479
3.5566
3.5700
3.6543
3.7544
3.7821
3.6316
3.4545
3.4748
3.4046
3.6696
3.4507
3.5639
3.4245
3.5799
3.3988
3.5093
3.5796
3.4640
3.8999
3.7252
3.5173
3.6133
3.5516
3.3952
3.2993
3.3887
3.5292
3.4264
3.4515
3.4564
3.4083
3.3809
3.4575
3.4563
3.4694
3.4278
3.5099
3.4429
3.4341
3.4507
3.3415
3.5353
3.1714
3.3002
3.3815
3.3268
3.5043
3.5834
3.3135
3.5528
3.4379
3.3601
3.4963
3.5449
3.5253
3.6465
3.2380
3.4491
3.6411
3.6032
3.5564
3.4073
3.4428
3.5311
3.2730
3.5303
3.5823
3.5292
3.4817
3.5009
3.5653
3.7083
3.6025
3.4682
3.6629
3.5784
3.4384
3.6806
3.6389
3.5109
3.6116
3.6457
3.3112
3.4332
3.5833
3.5495
3.5121
3.4477
3.3981
3.3610
3.3633
3.5842
3.3319
3.6446
3.5012
3.4532
3.5809
3.5070
3.5217
3.6168
3.4995
3.5878
3.2435
3.6398
3.5641
3.4385
3.3909
3.5713
3.4102
3.6030
3.5117
3.5633
3.7457
3.7981
3.5621
3.6599
3.7159
3.6715
3.5366
3.4223
3.5402
3.5826
3.6075
3.5570
3.5206
3.5746
3.6016
3.6018
3.6874
3.7007
3.5492
3.4697
3.4909
3.1743
3.5687
3.4796
3.5974
3.8848
3.9059
3.6778
3.8667
3.5780
3.5000
3.6673
3.7531
3.6198
3.9616
3.7401
3.9059
3.9752
3.7549
3.9239
3.6610
3.4588
3.5768
3.6347
3.6145
3.2855
3.5298
3.5046
3.3531
3.3853
3.3203
3.4929
3.5749
3.4337
3.5503
3.4663
3.6278
3.7340
3.6450
3.6270
3.6897
3.5389
3.4447
3.4986
3.4279
3.0814
3.4565
3.5478
3.2918
3.0771
3.1019
3.2564
3.1667
3.1610
3.0559
3.1694
3.4626
3.5179
3.3163
3.3612
3.4271
3.3718
3.4140
3.3764
3.3044
3.1649
3.1867
3.0377
3.0333
3.0743
3.2193
3.0730
3.0747
2.9415
2.9828
3.0800
3.0299
3.0703
3.3116
3.0868
3.2069
3.1552
3.1436
3.0986
2.9926
3.1634
3.1966
2.9992
3.2777
3.2439
3.3157
3.1772
3.1944
3.2953
3.1017
3.2974
3.2330
3.3211
3.3426
3.1260
3.0388
2.8821
3.1678
3.0095
3.0148
2.9069
2.8493
3.1391
3.1214
3.1746
3.1666
3.2180
3.1148
2.9933
3.0584
2.7604
2.8642
2.9511
3.2391
3.0767
2.9906
2.9274
2.8669
3.0583
3.1335
3.2172
3.1717
3.1933
3.1470
3.2545
3.3639
3.5035
3.3172
3.1898
3.1598
3.1917
3.1375
3.0888
3.3879
3.4834
3.2050
3.3798
3.1399
3.2106
3.1816
3.2242
3.2000
3.1700
3.3063
2.9854
2.9450
2.9141
3.0658
3.2507
3.0199
2.8299
3.0841
2.9337
2.9728
3.0580
3.0419
3.0908
2.9287
2.9946
3.1562
2.9116
3.0796
3.0797
2.9696
2.8479
3.0312
3.0304
2.9974
3.0538
3.2290
3.1134
3.1500
3.0964
2.8400
3.1100
3.0226
3.1463
3.0759
3.1506
3.0393
3.0683
3.1691
3.1275
3.2939
3.0462
3.1685
3.3151
3.1657
3.0287
3.2130
2.9988
3.1072
3.2369
3.1490
2.9491
3.2299
3.1642
3.1682
2.9806
3.1630
3.2385
3.3829
3.2775
3.1131
3.0240
3.2539
3.3149
3.3947
3.3043
3.2999
3.6092
3.4625
3.3380
3.3233
3.1069
3.2879
2.9485
3.2004
2.9579
2.9509
3.0801
3.1818
3.2745
3.1477
3.0306
3.1436
3.0517
3.0915
3.1453
3.3323
3.2379
3.2369
3.3473
3.3037
3.4314
3.3443
3.1843
3.2735
3.2270
3.1711
3.3641
3.3717
3.3437
3.3350
3.4444
3.5273
3.5105
3.6062
3.4357
3.4223
3.4349
3.5573
3.4865
3.7282
3.7747
3.4451
3.4261
3.3845
3.3780
3.4501
3.5012
3.6831
3.3362
3.3452
3.3125
3.1996
3.4134
3.2020
3.1870
3.2717
3.4146
3.3374
3.3530
3.4636
3.2301
3.3276
3.2527
3.2760
3.1965
3.5758
3.2928
3.4382
3.6941
3.5114
3.2964
3.4693
3.4367
3.4695
3.4515
3.4799
3.3165
3.3535
3.5318
3.5245
3.2165
3.3582
3.5298
3.7280
3.4052
3.4833
3.4917
3.6938
3.5245
3.4849
3.4640
3.5057
3.7670
3.6068
3.3801
3.3884
3.3183
3.3446
3.5880
3.3555
3.4980
3.5170
3.4617
3.2921
3.4282
3.3918
3.5818
3.4592
3.5166
3.6248
3.4261
3.3026
3.3840
3.3649
3.4332
3.6796
3.4799
3.6396
3.6368
3.4386
3.4844
3.3501
3.3560
3.5370
3.3588
3.4750
3.2004
3.2746
3.5440
3.6277
3.3350
3.4112
3.3018
3.2942
3.2989
3.1548
3.3429
3.4831
3.4311
3.3408
3.4189
3.4652
3.3324
3.5477
3.4299
3.5426
3.6338
3.4596
3.4025
3.2859
3.3621
3.3287
3.4826
3.4630
3.5815
3.2583
3.4089
3.3604
3.2711
3.5601
3.3229
3.2985
3.4732
3.3109
3.1885
3.2268
3.3405
3.3908
3.4345
3.5245
3.4261
3.3824
3.6918
3.4932
3.4388
3.3547
3.6581
3.7059
3.6882
3.3923
3.3199
3.5331
3.5793
3.4588
3.4512
3.2920
3.4391
3.4160
3.4222
3.2860
3.4509
3.4547
3.8188
3.9154
3.8496
3.8616
3.5442
3.7692
3.6838
3.8871
3.5824
3.8486
3.8230
3.7868
3.8398
4.0089
3.9612
3.6170
3.7265
3.5780
3.6597
3.3618
3.4867
3.4119
3.2827
3.3218
3.2737
3.4165
3.4232
3.2225
3.5586
3.5808
3.7846
3.6034
3.8663
3.6446
3.7132
3.7215
3.8032
3.6559
3.6566
3.8268
3.5419
3.2260
3.3741
3.5700
3.7727
3.5655
3.7313
3.8861
3.8008
3.7873
3.6490
3.4546
3.6678
3.8440
3.7927
3.2642
3.5449
3.3625
3.5989
3.6356
3.6685
3.5590
3.5113
3.7026
3.5009
3.4196
3.8346
3.6019
3.7129
3.6241
3.5862
3.5936
3.6223
3.6685
3.4835
3.4836
3.6148
3.6731
3.8859
3.7037
3.6822
3.5426
3.4808
3.6591
3.6966
3.3533
3.3356
3.2822
3.3962
3.2021
3.2161
3.2441
3.1075
3.2940
3.0988
3.0487
3.1008
3.2410
3.2582
2.9810
3.1155
2.9971
2.9610
3.2557
3.1487
3.0981
3.0859
3.4069
3.5009
3.5135
3.3092
3.2424
3.4671
3.4773
3.4082
3.4544
3.4656
3.6104
3.2346
3.3030
3.3493
3.3355
3.4302
3.2188
3.3593
3.3665
3.1854
3.3687
3.2747
3.4520
3.2760
3.1564
3.0544
3.1633
3.4270
3.2608
3.0775
3.4259
3.4322
3.1914
3.4461
3.5394
3.3644
3.5508
3.4079
3.2647
3.3706
3.3639
3.4571
3.5441
3.8437
3.5187
3.4801
3.3620
3.3395
3.7152
3.6411
3.7976
3.5409
3.6347
3.7133
3.4770
3.4205
3.4749
3.5040
3.2968
3.5360
3.6728
3.5438
3.4383
3.4779
3.5479
3.4684
3.3962
3.3553
3.4419
3.3693
3.3579
3.5329
3.4290
3.5178
3.3909
3.2621
3.3267
3.4479
3.3195
3.5455
3.3431
3.4196
3.3191
3.5509
3.3679
3.4216
3.2907
3.1421
3.3399
3.5235
3.5044
3.5309
3.3784
3.3969
3.5557
3.4182
3.3941
3.3558
3.1086
3.2247
3.2797
3.1440
3.0288
2.8709
3.1769
3.2804
3.4309
3.4000
3.2479
2.8571
3.0605
3.2044
2.8898
3.2448
3.3886
3.3227
3.1962
3.2687
3.2896
3.4796
3.2454
3.2314
3.2181
3.4323
3.3240
3.2894
3.4837
3.4210
3.2746
3.3105
3.3401
3.2229
3.3825
3.2970
3.1519
3.2472
3.0666
3.1891
3.2382
3.6380
3.6311
3.4010
3.5384
3.4947
3.4766
3.3741
3.2981
3.4885
3.4405
3.4258
3.5810
3.4018
3.4366
3.3929
3.1266
2.9973
3.4132
3.3565
3.3000
3.2745
3.2362
3.1279
3.4902
3.3433
3.2060
3.2126
2.9934
3.3577
3.3713
3.0905
3.0566
3.2260
3.4493
3.1743
3.2001
3.3103
3.0742
3.4160
3.3633
3.1783
3.2499
3.4333
3.3570
3.4005
3.3023
3.2947
3.2232
3.0519
3.0023
3.2292
3.1702
3.3121
3.6106
3.4641
3.4006
3.3875
3.5781
3.3867
3.4534
3.5616
3.6090
3.7128
3.3500
3.5841
3.5432
3.6728
3.5484
3.7833
3.5994
3.8098
3.3855
3.6038
3.5861
3.7635
3.6354
3.4351
3.4239
3.3626
3.5668
3.5942
3.4830
3.4502
3.3467
3.2241
3.3058
3.1267
3.1373
3.2529
3.2551
3.4138
3.4233
3.4415
3.0994
3.3166
3.4659
3.3962
3.5289
3.6981
3.6613
3.6921
3.7508
3.9060
3.8290
3.9188
4.0661
4.0784
4.0038
3.8899
3.6313
4.1184
4.0777
3.8575
3.8248
3.7581
3.4460
3.3399
3.4946
3.5649
3.5027
3.7026
3.6855
3.6283
3.3637
3.3644
3.6134
3.3893
3.9429
3.6750
3.6562
3.4589
3.7578
3.5646
3.4651
3.3979
3.5354
3.4012
3.5313
3.3278
3.2943
3.3854
3.2116
3.4132
3.2806
3.3933
3.6100
3.5498
3.3343
3.4314
3.1018
3.2852
3.2604
3.0597
3.1946
3.2696
3.4230
3.2327
3.1054
3.0270
3.4267
3.5814
3.4570
3.6288
3.5401
3.4900
3.6846
3.4631
3.4209
3.1473
3.4307
3.2785
3.4268
3.3900
3.4464
3.7197
3.5661
3.4440
3.4970
3.6201
3.9617
3.9336
3.9639
3.6857
3.6934
3.8333
3.7504
3.8619
3.7665
3.6747
3.8077
3.5739
3.6341
3.6480
3.8368
3.6532
3.6418
3.4389
3.7448
3.4031
3.8052
3.5543
3.4936
3.5489
3.6549
3.5843
3.4540
3.6331
3.6953
3.5256
3.5303
3.3280
3.3551
3.4236
3.3487
3.4277
3.4962
3.3694
3.2250
3.2894
3.3857
3.4003
3.4909
3.3532
3.5700
3.3615
3.2301
3.3209
3.5105
3.4301
3.2429
3.5189
3.3927
3.2680
3.2261
3.2475
3.2709
3.3729
3.2531
3.2850
3.4786
2.8474
3.2441
3.3701
3.2091
3.6704
3.6042
3.2556
3.4181
3.2037
3.1769
3.2143
3.3593
3.4263
3.2341
3.2953
3.1741
3.1466
3.3204
3.2032
3.3335
3.1531
3.2349
3.2863
3.5563
3.3154
3.2702
3.4544
3.3437
3.3502
3.4732
3.4724
3.2616
3.1886
3.4672
3.5109
3.2216
3.3116
3.2125
3.3141
3.2436
3.4955
3.2118
3.0938
3.1758
3.2552
3.2227
3.3228
3.1929
3.1870
3.2998
3.1336
3.1699
3.2662
3.0995
3.0781
2.9493
3.0572
2.9602
3.3920
3.1782
3.2933
3.2305
3.3479
3.2896
3.4035
3.1182
3.4973
3.3854
3.3981
3.1778
3.2912
3.1871
3.3407
3.4835
3.3758
3.3940
3.4538
3.4362
3.2948
3.2962
3.2107
3.2844
3.2003
3.3253
3.2321
3.6311
3.5854
3.6222
3.6181
3.7325
3.5828
3.6761
3.6785
3.8227
3.5508
3.6506
3.5962
3.5012
3.5581
3.6093
3.4480
3.6590
3.5478
3.5347
3.4066
3.5435
3.4024
3.5894
3.6068
3.4005
3.5772
3.5218
3.4575
3.4429
3.4032
3.6135
3.4696
3.5323
3.5320
3.5082
3.4805
3.5993
3.4818
3.5319
3.4282
3.4222
3.4361
3.5716
3.5802
3.4303
3.4332
3.4362
3.4161
3.5303
3.5538
3.6623
3.4666
3.3609
3.3115
3.3716
3.4306
3.4752
3.4928
3.3644
3.2994
3.3756
3.2623
3.3265
3.2436
3.4240
3.2188
3.2680
3.2890
3.3196
3.2271
3.3161
3.3766
3.2010
3.2345
3.3687
3.4513
3.3800
3.2713
3.3794
3.3921
3.3395
3.4233
3.4102
3.2907
3.3450
3.2734
3.4390
3.5479
3.3766
3.5080
3.5714
3.3659
3.5413
3.4523
3.2963
3.4000
3.4391
3.4703
3.2209
3.4375
3.2207
3.2725
3.5045
3.2212
3.3537
3.4407
3.3815
3.4086
3.4129
3.3424
3.4959
3.3006
3.4464
3.5269
3.3487
3.5202
3.3266
3.1661
3.3134
3.3315
3.3799
3.6534
3.5040
3.5727
3.3872
3.3585
3.3208
3.4221
3.3508
3.6547
3.5140
3.5357
3.4965
3.6965
3.7621
3.8636
3.8060
3.7044
3.6482
3.4940
3.3894
3.6186
3.7690
3.6626
3.5875
3.6106
3.5066
3.6064
3.4407
3.5839
3.6324
3.4383
3.4849
3.4800
3.6405
3.7521
3.7113
3.6409
3.4495
3.6066
3.5265
3.6339
3.6397
3.6757
3.3827
3.6052
3.4187
3.3393
3.3370
3.4208
3.4898
3.4516
3.4191
3.4154
3.4284
3.5832
3.3053
3.2565
3.2968
3.3059
3.2905
3.2583
3.2799
3.3844
3.5532
3.3921
3.2672
3.3111
3.5017
3.3832
3.4126
3.4054
3.4302
3.3333
3.4046
3.4696
3.3242
3.5746
3.4154
3.4215
3.3769
3.4343
3.3906
3.2757
3.2259
3.2579
3.4344
3.4974
3.6421
3.5507
3.4387
3.4646
3.3151
3.3100
3.4905
3.3031
3.2977
3.4068
3.3657
3.3232
3.3425
3.4748
3.5035
3.3787
3.2771
3.3453
3.2847
3.4904
3.3634
3.4382
3.5087
3.3177
3.3760
3.4154
3.4570
3.5595
3.5827
3.3708
3.2035
3.4766
3.6188
3.4057
3.4081
3.3986
3.5921
3.3526
3.3291
3.4238
3.1378
3.5311
3.3067
3.1594
3.3289
3.3541
3.4429
3.5694
3.6718
3.5841
3.6072
3.6856
3.4580
3.5142
3.3987
3.3520
3.3946
3.5676
3.4268
3.5944
3.4078
3.3481
3.3997
3.5847
3.5346
3.3678
3.4186
3.5246
3.5085
3.4790
3.4704
3.4687
3.5526
3.6896
3.7263
3.4373
3.4246
3.5070
3.3860
3.4674
3.5013
3.4653
3.4037
3.5199
3.6088
3.6219
3.5261
3.4464
3.5599
3.5864
3.6106
3.6708
3.6994
3.5816
3.6936
3.6307
3.6526
3.6968
3.5401
3.5825
3.5998
3.7148
3.3841
3.4928
3.6124
3.4600
3.4691
3.4818
3.4720
3.3856
3.5907
3.5808
3.3627
3.5872
3.2429
3.4746
3.5528
3.5719
3.0150
3.2248
3.4081
3.4494
3.4853
3.6847
3.4968
3.3414
3.4641
3.4808
3.4537
3.5496
3.5995
3.6734
3.1635
3.5098
3.5393
3.5587
3.5607
3.5452
3.5198
3.3127
3.3243
3.4960
3.4471
3.4354
3.4570
3.4744
3.5747
3.3275
3.4743
3.4220
3.1982
3.1191
3.2108
3.2814
3.4488
3.4828
3.5624
3.3923
3.5534
3.0536
3.2084
3.0750
3.2667
3.3619
3.4942
3.2267
3.5018
3.4829
3.5054
3.5671
3.3452
3.3556
3.4137
3.4653
3.3248
3.2363
3.3446
3.4844
3.3814
3.3290
3.3885
3.2184
3.3999
3.4190
3.3915
3.4681
3.6636
3.6227
3.4288
3.3584
3.4973
3.4895
3.3719
3.2315
3.2738
3.4645
3.4820
3.3973
3.3722
3.4528
3.3229
3.4071
3.3637
3.3952
3.4297
3.4895
3.4649
3.5593
3.5172
3.5415
3.6123
3.5810
3.5433
3.6585
3.5110
3.4722
3.3778
3.5404
3.4600
3.2878
3.3095
3.4314
3.3808
3.4410
3.3795
3.4908
3.4816
3.4352
3.3476
3.3421
3.5588
3.4940
3.6736
3.2814
3.3573
3.4386
3.4863
3.3049
3.3097
3.4191
3.4680
3.2953
3.3256
3.4631
3.4366
3.2045
3.4486
3.3569
3.5115
3.3216
3.4799
3.4498
3.2990
3.3967
3.4577
3.3668
3.3512
3.3707
3.4449
3.5597
3.2257
3.2554
3.4720
3.4546
3.2852
3.3943
3.4722
3.3789
3.5023
3.2545
3.4709
3.3362
3.2848
3.3016
3.2588
3.4476
3.5094
3.4819
3.5348
3.4828
3.5249
3.5931
3.5964
3.4336
3.3324
3.4963
3.3659
3.2024
3.4994
3.4143
3.4657
3.3903
3.4856
3.5087
3.3907
3.4095
3.3877
3.4002
3.4995
3.4754
3.3813
3.4389
3.4799
3.4980
3.4551
3.4812
3.4202
3.3221
3.3339
3.4569
3.2684
3.4187
3.3606
3.4734
3.3649
3.2990
3.3335
3.2100
3.1929
3.1522
3.3263
3.3450
3.2011
3.3077
3.1601
3.2540
3.3280
3.3533
3.2853
3.1025
3.3366
3.2762
3.4805
3.3785
3.3306
3.3789
3.3218
3.3217
3.2319
3.3217
3.2199
3.1815
3.2160
3.1870
3.3590
3.4260
3.3337
3.2658
3.2938
3.2904
3.2922
3.3313
3.2852
3.3622
3.4029
3.3191
3.2966
3.3582
3.5120
3.4287
3.5349
3.4354
3.3455
3.3076
3.3780
3.4557
3.2680
3.3435
3.4142
3.3661
3.3681
3.4608
3.3307
3.4467
3.4696
3.3413
3.4620
3.3929
3.3782
3.3813
3.3102
3.4322
3.4953
3.3719
3.3487
3.4534
3.4256
3.5552
3.6063
3.5244
3.3822
3.3182
3.3704
3.1104
3.1508
3.1447
3.1737
3.3315
3.4276
3.3002
3.2993
3.5197
3.3004
3.3588
3.3716
3.2610
3.1281
3.2342
3.2115
3.1827
3.2489
3.4506
3.4962
3.6028
3.5063
3.4600
3.6373
3.6122
3.5111
3.3459
3.5592
3.6605
3.4963
3.4071
3.6428
3.5817
3.6106
3.7004
3.5317
3.7093
3.5522
3.5772
3.6340
3.6296
3.5687
3.4140
3.6967
3.5242
3.6174
3.5503
3.6098
3.5286
3.4763
3.5963
3.5645
3.6719
3.6739
3.6299
3.7053
3.6192
3.7303
3.6789
3.6059
3.6089
3.6190
3.5070
3.6850
3.5365
3.4123
3.4749
3.6264
3.6136
3.6517
3.6875
3.7178
3.7011
3.7461
3.7253
3.8571
3.6428
3.4605
3.4635
3.5490
3.6552
3.5332
3.4582
3.5138
3.3244
3.3773
3.4402
3.4435
3.4011
3.4448
3.3293
3.4343
3.5517
3.4600
3.5648
3.6023
3.6815
3.5535
3.5384
3.6881
3.8025
3.6520
3.6207
3.7549
3.6922
3.5935
3.5920
3.4847
3.6031
3.5607
3.6093
3.5631
3.4639
3.5438
3.7243
3.7033
3.5835
3.6214
3.6526
3.5865
3.5874
3.5983
3.6413
3.7805
3.6853
3.6150
3.8035
3.7180
3.7047
3.6694
3.7551
3.7044
3.6080
3.6592
3.2633
3.5358
3.6720
3.4930
3.4935
3.6274
3.5856
3.5536
3.5069
3.5595
3.5888
3.5861
3.7846
3.6288
3.5844
3.6256
3.5812
3.6443
3.5147
3.6352
3.5560
3.4481
3.5504
3.6893
3.7451
3.3381
3.5209
3.8036
3.5728
3.6204
3.7378
3.6638
3.7535
3.5889
3.6200
3.5620
3.6257
3.5448
3.5373
3.4826
3.6902
3.6987
3.5554
3.4060
3.7193
3.7610
3.5727
3.7570
3.5546
3.5300
3.5775
3.7011
3.8461
3.7408
3.7103
3.6342
3.6572
3.7250
3.3994
3.3485
3.6698
3.5731
3.5328
3.6198
3.5199
3.3884
3.4442
3.4775
3.2571
3.2447
3.3610
3.4508
3.3102
3.3241
3.2561
3.2622
3.3130
3.4941
3.4900
3.3484
3.3950
3.3270
3.2299
3.2643
3.3009
3.3875
3.2924
3.2492
3.2644
3.2104
3.1577
3.2013
3.1636
3.4199
3.4794
3.3060
3.2631
3.3652
3.2221
3.4177
3.2226
3.3098
3.2873
3.4540
3.3123
3.3064
3.2118
3.0819
3.1358
3.1260
3.3441
3.3231
3.3472
3.4648
3.3065
3.2038
3.2098
3.3431
3.3662
3.3887
3.5561
3.3528
3.4744
3.4034
3.3712
3.3744
3.6021
3.3253
3.2494
3.3989
3.3800
3.3338
3.3798
3.4350
3.3333
3.4767
3.3666
3.2939
3.3251
3.4352
3.2248
3.1948
3.3024
3.3305
3.4076
3.4252
3.3227
3.5062
3.4075
3.4312
3.3379
3.5136
3.6157
3.1848
3.1778
3.4581
3.3505
3.4446
3.3491
3.5171
3.2885
3.3582
3.5654
3.4869
3.5033
3.4333
3.4935
3.5879
3.3146
3.4634
3.5591
3.3637
3.2054
3.3010
3.2206
3.1878
3.2799
3.2190
3.2611
3.3437
3.2662
3.1917
3.2783
3.1989
3.2982
3.2528
3.2289
3.1532
3.3424
3.4610
3.4789
3.5447
3.3442
3.4335
3.3826
3.1477
3.4086
3.1060
3.1705
3.1067
3.2930
3.2785
3.1541
3.3861
3.5089
3.4112
3.3319
3.2782
3.4146
3.4435
3.4810
3.4463
3.4865
3.4436
3.2491
3.1961
3.2029
3.3296
3.2888
3.4110
3.4463
3.2680
3.3878
3.2473
3.5727
3.3788
3.3952
3.3996
3.3317
3.3386
3.3036
3.3349
3.3547
3.2616
2.9567
3.2389
3.0536
3.0436
3.0955
3.1951
3.2496
3.1659
3.2190
3.3081
3.2961
3.3027
3.1963
3.2185
3.5890
3.3643
3.4564
3.4331
3.3649
3.4522
3.3606
3.5333
3.5079
3.4788
3.5981
3.5146
3.4075
3.3092
3.5359
3.7268
3.5102
3.5466
3.3340
3.5045
3.5633
3.5174
3.4677
3.5457
3.3678
3.5872
3.4728
3.2649
3.3057
3.7212
3.2958
3.2582
3.1632
3.1133
3.0614
3.3296
3.3826
3.4086
3.5826
3.7403
3.7079
3.6919
3.6488
3.6188
3.5343
3.6515
3.6000
3.4599
3.5865
3.4935
3.5137
3.6396
3.7588
3.6418
3.4880
3.3777
3.6334
3.5179
3.4682
3.6010
3.6109
3.6254
3.5257
3.4713
3.6182
3.5973
3.4711
3.4665
3.5518
3.3038
3.4922
3.7029
3.5301
3.7764
3.7158
3.5375
3.3884
3.6096
3.5905
3.6224
3.2724
3.5164
3.5822
3.5154
3.3990
3.3935
3.4533
3.3862
3.5028
3.6202
3.5551
3.3652
3.4609
3.5477
3.4247
3.4529
3.3622
3.5232
3.4422
3.5271
3.4948
3.4966
3.2742
3.4472
3.4699
3.4098
3.5599
3.3826
3.2376
3.3132
3.4210
3.4392
3.4589
3.5104
3.5676
3.4277
3.7555
3.4266
3.6373
3.5804
3.5482
3.5125
3.4931
3.5083
3.4857
3.5974
3.6275
3.4899
3.4388
3.4864
3.5423
3.5607
3.4940
3.4880
3.5600
3.6872
3.4308
3.4435
3.6322
3.5795
3.6612
3.7228
3.6462
3.7138
3.5665
3.6820
3.5205
3.4871
3.5202
3.5739
3.5543
3.6612
3.4253
3.3214
3.5841
3.5440
3.5181
3.5456
3.5463
3.5154
3.6009
3.5811
3.6058
3.4183
3.6026
3.6011
3.4894
3.5984
3.5126
3.6481
3.6551
3.6201
3.6465
3.5775
3.5071
3.5819
3.6606
3.5080
3.4872
3.5598
3.5808
3.5112
3.4481
3.0778
3.2371
3.4661
2.9677
3.3891
3.0689
3.2750
2.9561
2.9968
3.1162
3.2354
3.3885
3.4851
3.4190
3.6629
3.5697
3.4833
3.4269
3.5956
3.4428
3.5120
3.5068
3.7511
3.7150
3.5022
3.5525
3.5064
3.7379
3.6971
3.6099
3.6549
3.5668
3.4895
3.5855
3.5479
3.6898
3.7236
3.5557
3.5974
3.6466
3.6417
3.5194
3.4067
3.2489
3.5267
3.3692
3.2741
3.3524
3.3036
3.3871
3.2374
3.2825
3.4172
3.3108
3.4706
3.4886
3.3576
3.3156
3.3874
3.4127
3.4229
3.1367
2.9615
3.1462
3.1077
3.2486
3.2276
3.3358
3.2387
3.2140
3.2965
3.2950
3.3734
3.2353
3.0551
3.0970
3.3605
3.3225
3.2785
3.2801
3.1481
3.0899
3.1854
3.1023
3.0703
3.1557
3.0162
3.4257
2.9476
3.1242
3.0881
3.1236
3.1979
3.1569
3.2656
3.3460
3.2145
3.4406
3.4253
3.1152
3.2646
3.4323
3.0828
3.2972
2.9963
3.1403
3.3405
3.3604
3.3317
3.4665
3.6068
3.4674
3.1948
3.2975
3.3836
3.2393
3.2803
3.3145
3.2717
3.4042
3.1277
3.4308
3.2668
3.5921
3.5565
3.4704
3.1899
3.1708
3.1369
3.2791
3.2887
3.0859
3.1986
3.3029
3.3291
3.2308
3.2947
3.2402
3.2480
3.3391
3.4430
3.4187
3.3943
3.4346
3.4396
3.4528
3.5200
3.4003
3.4546
3.2969
3.5177
3.4100
3.5760
3.6769
3.5226
3.7650
3.5123
3.4708
3.5086
3.5385
3.3996
3.5481
3.4976
3.4672
3.6865
3.5335
3.5770
3.6006
3.4777
3.4370
3.2945
3.5639
3.4661
3.2322
3.3442
3.3380
3.4292
3.5639
3.4597
3.5377
3.4629
3.4382
3.3855
3.6634
3.7761
3.5175
3.5374
3.6459
3.6986
3.7105
3.6056
3.6746
3.5868
3.5799
3.6223
3.6973
3.6560
3.6333
3.5757
3.7170
3.5590
3.5667
3.6330
3.6230
3.7307
3.6734
3.5540
3.5965
3.5446
3.5069
3.5205
3.6027
3.6729
3.3939
3.6266
3.4556
3.5812
3.5517
3.5520
3.6301
3.5769
3.6036
3.6026
3.5472
3.6812
3.7549
3.6772
3.5861
3.5832
3.3147
3.3927
3.6698
3.6420
3.5860
3.7715
3.5204
3.5000
3.2797
3.5972
3.4800
3.5598
3.5219
3.3969
3.3919
3.5016
3.6677
3.5575
3.3635
3.4339
3.5472
3.3740
3.3924
3.4816
3.4796
3.5497
3.3842
3.4451
3.3679
3.3331
3.3154
3.5408
3.5064
3.4597
3.5279
3.4233
3.5194
3.5830
3.6774
3.5467
3.5115
3.5162
3.5940
3.4990
3.5289
3.5015
3.6615
3.3820
3.3551
3.5110
3.4186
3.4649
3.3285
3.3558
3.2610
3.3625
3.3396
3.2425
3.4672
3.3613
3.6127
3.5679
3.5656
3.4524
3.2111
3.2571
3.2411
3.2687
3.5153
3.5035
3.5996
3.5139
3.4101
3.3840
3.5422
3.4219
3.3550
3.1721
3.4147
3.4323
3.3024
3.0452
3.1366
2.8686
2.9263
3.2158
2.9804
2.9803
2.9507
3.1326
3.0241
2.9024
3.0769
3.0543
2.8113
2.8592
3.0455
3.0400
3.0080
3.0405
3.0395
2.9388
2.9442
3.1428
2.9673
3.1354
3.1352
2.8825
2.9313
2.8478
2.7910
2.9710
2.8674
2.8881
3.0316
2.8162
3.0469
2.9513
3.0945
3.0514
3.0743
3.0110
3.0683
3.2224
3.3655
3.2235
2.9201
3.2164
3.1927
3.1489
2.9930
3.0813
3.0321
2.9305
3.0731
2.8541
3.0772
3.2643
3.1785
3.1338
3.3757
2.9500
3.0072
3.0211
2.9304
2.9673
2.9638
2.9748
3.0062
2.9639
3.0358
3.0516
3.1909
3.0681
3.0336
2.9198
3.0828
2.9302
3.0286
2.8775
2.9068
2.9854
2.9335
2.8162
2.9225
2.9350
3.0970
2.9144
3.1056
3.2630
3.2399
3.0098
3.0648
2.9023
2.9338
2.9736
3.0127
3.0317
2.8759
2.9009
2.8477
3.0045
3.0031
2.8199
2.8870
2.8809
2.8995
3.0526
3.0663
2.9946
2.8810
2.6935
2.9864
3.0475
2.9929
3.0031
2.8896
2.8522
2.8822
2.8047
2.7704
2.9011
3.0012
2.7924
2.8872
2.8117
2.7902
2.9030
2.9281
2.9359
2.8873
2.9717
2.9239
2.9487
2.8558
2.8623
2.9465
2.9133
3.0440
2.8763
2.8894
2.9596
2.8740
2.7848
2.9163
2.8343
2.8439
2.8562
3.0092
2.9632
2.9622
2.8746
3.0263
2.8209
2.8040
2.8928
2.7932
2.8681
2.8419
2.8836
2.9274
3.0018
2.8583
3.0607
3.0993
2.8146
3.0651
2.9311
3.0688
3.0967
3.0480
3.0250
3.0456
2.9867
2.9575
3.2376
3.1616
2.8900
3.2028
3.1911
3.1100
2.9689
2.8884
2.9664
2.9710
2.9288
2.8546
3.0011
2.8374
2.8512
2.8752
2.8519
2.7641
2.8177
2.9069
2.8154
2.7361
2.8397
2.8667
2.8820
2.9246
2.9229
3.0729
3.1158
2.7795
3.0116
3.2251
3.1676
2.8391
3.0562
3.0856
3.1502
3.1624
3.2257
3.2839
3.1785
3.1838
3.0259
2.8318
3.0361
2.9999
2.9948
2.9442
3.1753
2.8988
2.8585
2.9202
2.7960
2.8340
2.8694
2.8841
2.9672
2.8579
2.8011
2.8778
3.0012
3.1068
3.1180
3.0212
2.9476
2.9352
2.9926
2.8810
3.1480
3.0507
3.0413
2.8728
3.2112
3.1525
3.2219
3.1249
2.9271
3.0399
2.9435
3.0399
2.9773
2.9952
3.0770
2.9987
2.9222
3.1204
3.2487
3.1816
3.0260
3.3422
2.9546
3.0240
2.8737
2.6609
2.8932
2.7413
2.9220
2.7075
2.7947
2.8287
2.9514
2.9844
2.7835
2.8696
3.0236
2.8947
2.8538
2.7928
2.5451
2.7576
2.8918
2.9043
2.7377
2.9520
2.6978
2.7825
2.7354
2.9146
2.9798
2.8860
2.8362
3.0831
2.8514
2.7759
2.9175
2.9068
3.0075
2.9086
2.8285
2.8029
2.8626
2.8718
2.8198
2.7515
2.9158
2.8351
2.8331
2.9303
2.6846
2.8322
2.8155
2.8063
2.7312
3.0149
2.8281
2.8687
2.8149
2.7486
2.5255
2.7056
2.7335
2.8765
2.8405
3.0275
3.0284
2.6508
2.5892
2.8418
2.8385
2.8806
2.6600
2.7789
2.5739
2.6073
2.7453
2.8142
2.9128
2.7961
2.7502
2.7636
2.6658
2.7056
2.7398
2.7170
2.6264
2.8364
2.5639
2.7803
2.8251
2.7636
3.0125
2.7641
2.8263
2.5759
2.8134
2.5938
2.8766
2.7361
2.7426
2.6614
2.6920
2.9143
3.0656
3.1190
2.9500
3.2334
3.0043
3.0207
2.9494
2.9365
3.0497
2.9415
3.0608
2.9429
2.8719
2.9683
3.0068
3.0337
3.0055
2.9233
2.9270
3.2637
2.9699
2.8377
2.9273
2.8802
2.9180
2.9558
3.0836
2.9564
3.1235
3.1469
3.0727
3.0775
2.9849
2.9212
3.2255
3.1657
3.1842
3.1403
3.0587
3.0498
2.8633
2.8576
2.8108
2.9616
3.1051
3.1054
2.9021
2.8794
2.9024
2.9246
3.0220
2.9294
3.0027
2.8971
2.8215
3.0342
3.0620
3.1361
2.9313
3.0161
3.2375
3.0908
3.0405
2.6992
2.7666
2.9105
2.7743
2.9089
2.9800
3.0278
2.8934
3.0404
3.0488
2.9416
2.8594
2.9241
2.7697
2.7595
2.7387
2.8180
2.8017
3.1111
3.0369
2.9598
3.1022
3.0239
3.1911
3.3736
3.2508
3.3114
2.9826
2.9427
2.9470
2.9802
2.9811
2.9751
3.1693
2.9775
2.9153
2.9680
2.9994
2.9227
2.9480
2.8820
3.0756
2.8955
2.7577
2.9922
3.0130
3.0772
2.8701
2.9385
2.8968
2.9792
2.8988
2.8789
2.8310
2.8451
2.8399
2.9043
2.8169
2.7904
2.8144
2.9000
2.6570
2.7249
2.7996
2.8601
2.8636
2.7663
2.8196
2.6967
2.7834
2.6819
2.6846
2.7149
2.6768
2.9365
2.7188
2.7513
3.0537
2.9410
2.8628
2.7181
2.8761
2.8623
2.8757
2.8051
2.8360
2.9086
2.8635
2.7899
2.8087
2.7561
2.8213
2.7929
2.7752
2.6882
2.8573
2.7604
2.8821
2.8587
2.8118
2.8694
2.9698
2.8589
2.8027
2.7742
2.7081
2.8932
2.9104
2.8061
2.8203
2.7702
2.8630
3.0592
2.8008
3.0299
2.8453
2.9040
2.7597
2.6447
2.5584
2.6791
2.8180
2.7587
2.9325
2.8329
2.8689
3.0306
2.8627
2.7739
2.8917
2.8374
2.8441
2.6902
2.7225
2.7628
2.7165
2.6669
2.6003
2.6401
2.9189
2.8099
2.7528
2.9693
2.6634
2.9782
2.8937
3.0298
2.9131
2.9384
2.8969
2.9208
2.9946
2.9835
3.0120
2.9656
2.9137
3.1016
3.0158
3.0256
3.1175
3.0147
2.9403
3.1908
3.0448
2.9033
2.9925
3.0072
2.9471
2.9106
3.0739
3.0185
2.7436
2.8950
2.8999
3.0686
3.1343
2.9909
2.8936
2.8945
3.0230
2.9840
3.0616
2.9259
2.8062
2.8218
2.7617
2.7320
2.8670
2.7787
2.8442
2.8743
3.0969
2.9289
2.8885
2.8628
2.8265
2.7051
2.7223
2.7434
2.7952
2.7112
2.8238
2.8176
2.7348
2.8308
3.0103
2.8513
3.0433
2.9958
3.0440
2.8886
2.9066
2.9660
2.6503
2.7399
2.7803
2.8073
2.7078
2.7081
2.6968
2.6872
2.6500
2.8992
2.9547
2.9562
2.8023
2.6128
2.6280
2.6159
2.6399
2.7699
2.8276
2.7800
2.5932
2.7363
2.7258
2.7287
2.7663
2.7213
2.7739
2.8069
2.7405
2.6840
2.6232
2.8642
2.7386
2.7805
2.6331
2.6840
2.7209
2.8801
2.9500
2.7939
3.1063
3.1137
3.2605
3.1927
3.0748
3.3246
3.3477
3.4197
3.4896
3.4402
3.4581
3.4977
3.2591
3.1985
3.4281
3.2231
3.6955
3.5415
3.6232
3.6930
3.5160
3.6381
3.5878
3.4383
3.5808
3.5073
3.5558
3.6601
3.7261
3.7241
3.8096
3.6685
3.7317
3.6698
3.6412
3.6510
3.8462
3.5558
3.6648
3.6235
3.6124
3.5947
3.8477
3.6188
3.7404
3.6775
3.7562
3.7278
3.7897
3.6177
3.7424
3.5574
3.7684
3.6399
3.6646
3.6383
3.6637
3.7261
3.6609
3.7063
3.6486
3.8459
3.6855
3.7807
3.7294
3.6700
3.4867
3.5522
3.8663
3.5056
3.3915
3.5484
3.4483
3.2488
3.4391
3.4296
3.2146
3.3467
3.3777
3.2127
3.4535
3.4122
3.3671
3.8107
3.5844
3.5053
3.6656
3.5169
3.5894
3.5260
3.5916
3.6332
3.6559
3.6931
3.5485
3.4665
3.3768
3.3274
3.3469
3.3112
3.2610
3.3350
3.1920
3.3671
3.2964
3.2095
3.2294
3.2371
3.2892
3.0833
3.1972
3.2353
3.0858
3.0358
3.0972
3.2367
3.1734
3.3435
3.1377
3.4341
3.4771
3.4663
3.3727
3.3944
3.2946
3.3639
3.1143
3.1826
3.1524
3.0092
2.9719
2.8920
2.9109
3.0564
2.9094
2.9480
2.6136
2.7100
3.0423
2.9192
2.7639
2.8796
2.7757
2.7128
2.9712
2.8842
2.7657
2.8954
2.7577
2.6835
2.8246
2.8574
2.7106
2.8355
2.8451
2.8886
2.9287
2.8282
2.6222
3.0892
2.8824
2.8507
2.8437
2.7540
2.8521
2.8695
2.8081
2.9781
3.0632
3.0751
2.7267
2.9386
2.8796
2.7162
2.9084
3.0268
2.7761
2.7601
2.7082
2.8245
2.8601
2.8954
2.7869
2.9149
2.7688
3.0243
2.8198
2.7663
2.8493
2.7419
2.7232
2.6465
2.8388
2.9244
2.7979
2.7878
2.7670
2.8728
2.7950
2.7461
2.7481
2.7096
2.8190
2.7555
2.9618
2.8185
2.7833
2.7349
2.8578
2.9553
2.9147
2.9594
2.7797
3.0125
2.9812
2.7705
2.8554
2.8412
2.9393
2.9582
3.0040
2.7639
2.8102
2.8236
2.9003
2.8658
2.8491
2.7837
2.8505
2.9841
2.8494
2.9389
3.0200
2.8094
2.9491
2.8920
2.7781
2.9880
2.7274
2.7228
2.6912
2.5666
2.8764
2.7317
2.7927
2.8691
2.9983
2.8552
2.6885
2.8384
2.9675
2.8178
2.6388
2.7633
2.8624
2.9121
2.9183
2.7539
3.0259
2.7745
2.7644
2.7508
2.5779
2.8203
2.8176
2.8101
2.8162
2.8232
2.7692
2.8207
2.8385
2.9164
2.8804
2.7861
2.8624
2.7834
2.9250
2.7566
2.7845
2.7359
2.8100
2.7970
2.7344
2.8325
2.7426
2.7638
2.8691
2.8667
2.8540
2.7326
2.7362
2.7234
2.7646
2.7878
2.8942
2.8670
2.8129
2.8329
2.9098
2.9674
2.9008
2.8960
2.8748
3.0056
2.9836
2.8106
2.8180
2.8461
2.7714
2.7466
2.8223
2.7686
2.7021
2.7287
2.9304
2.8491
2.9692
2.7739
2.8376
2.8175
2.7048
2.7946
2.8030
2.7216
2.7827
2.8672
2.7542
2.7688
2.9825
2.6139
2.8147
2.7129
2.7294
2.8586
2.9798
2.9640
2.8306
2.7969
2.8038
2.6356
2.6526
2.6909
2.7434
2.7409
2.5880
2.7698
2.6922
2.7656
2.7024
2.7557
2.6618
2.7764
2.7910
2.6997
2.7376
2.5875
2.7555
2.8813
2.7900
2.7315
2.7680
2.7680
2.7508
3.0133
2.9025
2.9027
2.9557
2.9855
2.9140
2.9883
2.9233
2.8494
2.8843
2.9302
2.8614
2.9588
2.9595
2.9103
3.1493
2.8503
2.9328
3.0652
2.9176
3.0026
3.0743
2.8008
3.0714
3.1453
3.0457
3.0036
2.8767
3.0228
2.9004
2.8691
2.8561
2.8348
2.8759
2.8284
2.7196
2.8094
2.7528
2.9777
2.8015
2.7723
2.7597
2.9093
2.8311
2.8570
2.6652
2.8753
2.8043
2.8756
2.8137
2.9504
2.9745
2.9031
2.8330
2.7818
2.9795
2.8682
2.8439
2.8687
2.9422
2.9929
2.9474
2.8684
2.9319
2.7859
2.8194
2.7781
2.7372
2.8013
2.8472
2.8206
2.9013
2.9962
3.0226
2.8554
3.0729
3.0784
2.9980
2.8398
2.8031
2.9495
2.7954
3.0060
2.9544
3.0590
3.1480
3.0162
3.1336
2.9224
3.1728
2.9525
2.9398
3.0402
3.0899
3.0969
2.9405
2.8678
3.1247
3.0516
3.2533
3.0882
2.9582
2.9019
2.7790
2.7822
2.8221
2.8079
2.7409
2.9095
2.7639
2.8682
2.8960
2.9642
2.9576
2.9272
3.1102
2.9359
2.8175
2.9862
2.9560
2.9713
2.8561
2.7316
2.8854
2.9138
2.9774
2.8364
2.7611
2.9744
2.7683
2.9205
2.9579
2.8701
2.7352
2.8917
2.9612
2.9897
2.8955
2.7432
2.8051
2.9852
2.8045
2.9083
2.8460
2.7983
2.8122
2.9284
2.8687
2.8638
3.0206
3.0200
2.9395
3.1262
3.1550
2.9541
3.0735
2.8712
3.1056
2.8965
2.8974
2.9648
2.9593
2.9430
2.7857
3.0149
2.9213
2.8429
2.8716
2.8729
2.9160
2.8825
2.7756
2.8718
2.7520
2.8598
2.8775
2.8274
2.6167
2.6799
2.7226
2.9775
2.7090
2.9174
2.8430
2.8273
3.1186
2.9183
2.7911
2.8574
2.9438
2.6892
2.9001
2.8828
2.7987
2.9924
2.9611
2.9292
2.8632
2.9385
2.8452
2.7975
2.8276
3.0540
2.7900
2.8955
2.9245
2.8409
2.8471
3.0935
3.0851
3.3814
3.0673
3.4111
3.3857
3.1635
2.8723
3.2763
3.4295
3.7120
3.1772
3.2741
2.8994
2.8497
2.9960
3.1176
2.9961
3.1128
3.2525
3.1260
3.1315
3.3432
3.4334
3.2532
2.9880
3.2170
3.0727
3.1916
3.0846
2.9691
3.1397
3.1937
3.0878
3.0478
2.8679
2.8716
2.8731
2.8407
2.9422
3.1806
3.0552
2.9490
3.0756
2.9161
2.9776
2.9370
2.8733
2.8205
2.8125
3.0490
2.8098
2.9170
2.9530
2.9479
2.8863
3.0100
2.7473
3.0048
2.9941
2.9444
2.7305
2.8422
2.9634
2.8320
2.8338
2.7413
2.8241
2.8173
3.0092
2.6839
2.7341
2.7683
2.7761
2.7900
2.8102
2.6641
2.7682
2.8379
2.8873
3.0047
2.9088
2.7960
2.7219
2.8384
2.8172
2.7233
2.7869
2.5911
2.7552
2.8230
2.5389
2.7953
2.7890
2.7480
2.7867
2.6941
2.7361
2.7933
2.8457
2.7129
2.8431
2.6872
2.9376
2.9041
2.8483
2.7390
2.7071
2.9234
2.6658
2.8402
2.8856
2.7835
2.6443
2.8173
2.7407
2.6862
2.8229
2.7058
2.7671
2.9892
2.7926
2.8017
2.8395
2.8396
2.8332
2.8758
2.7620
2.7781
2.5524
2.7277
2.7944
2.7258
2.8767
2.7345
2.6599
2.7259
2.6504
2.7420
2.6755
2.6882
2.7559
2.7226
2.5766
2.8891
2.8519
2.6890
2.7258
2.7647
2.9522
2.6732
2.8482
2.8528
2.8000
2.9664
2.9336
2.9678
3.1209
2.8805
2.6758
2.7934
2.8904
2.8189
2.6943
2.7655
2.7137
2.6512
2.7455
2.5941
2.8239
2.7037
2.7563
2.7822
2.6968
2.7130
2.7427
2.8041
2.7299
2.7523
2.8746
2.7290
2.7637
2.8472
2.6546
2.9089
2.8621
2.9037
2.9379
2.8060
2.8096
2.8189
2.7277
2.8236
2.7079
2.7515
2.8248
2.8521
2.6427
2.6464
2.7671
2.8095
2.8542
2.7460
2.7646
2.7473
2.7934
2.8422
2.7347
2.8781
3.0625
2.9469
2.7882
2.7836
2.7754
2.8967
2.8721
2.8115
2.8796
2.8842
2.9263
2.8805
2.7245
2.7687
2.6754
2.6061
2.7603
2.7164
2.8494
2.7915
2.8769
2.8599
2.8348
2.7952
2.7529
2.8279
2.8079
2.8774
2.8296
2.8300
2.9999
2.5875
2.7315
2.9643
2.8895
2.8875
2.8249
2.8277
2.9489
2.9220
2.8092
2.8668
2.8367
2.9453
2.7354
2.7487
2.7903
2.7488
3.0277
2.9008
3.0344
2.9550
2.9414
3.0818
3.0733
3.0899
3.0036
3.0186
3.1775
2.9827
3.0220
3.2674
3.2964
3.2697
3.2863
3.0777
2.9024
2.9317
3.0507
3.0018
2.9805
2.9599
3.0117
3.0831
2.9766
2.8442
2.8676
2.7788
3.0276
3.0158
3.0055
3.0724
3.1009
3.1283
3.0791
2.9467
2.9247
3.0632
2.9400
3.0655
2.9799
2.9964
2.9508
2.8204
2.6838
2.8329
2.8738
2.8197
2.8608
2.9470
2.8424
2.9671
2.9584
2.9450
2.8730
3.0282
2.9264
3.1406
3.0825
2.8492
2.8307
2.8466
2.8485
2.9847
2.9751
2.8936
2.8503
3.1851
2.9698
2.9519
2.8616
2.9180
2.9434
2.8338
2.7679
3.0423
2.9752
3.1309
3.0560
2.9824
3.4338
3.2094
3.0414
2.9936
3.0060
3.2186
3.1674
3.3445
3.2851
3.2475
3.1542
3.0623
2.8769
3.1741
3.1650
3.0974
3.0316
3.0956
2.9761
3.1774
3.0132
3.0538
2.9482
2.9665
2.9151
3.1136
2.9734
2.9692
3.0698
2.9917
3.1005
3.1218
2.8411
2.8122
2.9631
2.8838
2.9193
2.8610
2.9962
3.2041
3.0197
2.8560
2.9616
2.8405
2.8736
2.9385
2.8572
2.9872
3.0093
2.8730
2.6741
3.0726
3.0069
2.9783
2.9074
3.0594
3.0568
3.3886
3.2663
2.9351
3.0663
3.2772
3.2552
3.3808
3.3076
3.2502
3.3475
3.4156
3.2331
3.2222
3.0022
3.0922
3.3186
3.2562
3.1100
3.0264
3.2391
2.9907
3.2211
3.1981
3.5498
3.5024
3.5134
3.4173
3.2395
3.1813
3.1523
3.2362
3.7346
3.4625
3.6175
3.6014
3.5712
3.5261
3.5643
3.5352
3.4585
3.2905
3.3907
3.1082
3.2525
3.3663
3.4117
3.0970
3.2606
3.0588
3.3590
3.2747
3.2198
3.1316
3.3631
3.4161
3.2783
3.2895
3.1966
3.0876
3.3214
2.8496
2.9330
3.1727
3.0158
2.9914
2.7623
2.9294
2.9083
2.8842
2.6487
2.8487
2.6489
2.6957
2.8416
2.6876
2.9198
2.7432
2.7018
2.7819
2.6110
2.5972
2.7948
3.2444
2.9725
2.6737
2.7289
2.8134
2.7045
2.5692
2.6388
2.6360
2.6893
2.4808
2.5411
2.5854
2.6644
2.5716
2.8101
2.8352
2.7401
2.6805
2.7766
3.0746
2.9242
3.3360
3.2687
3.0071
3.0326
3.0380
3.1054
3.0105
2.9906
3.1472
3.1817
3.1246
2.9307
3.0407
2.9226
2.9967
2.9457
3.2625
3.1447
2.9801
2.9852
3.1068
2.9864
2.7322
3.0019
3.0096
2.9331
3.0221
3.0786
3.0325
3.1368
3.1666
2.9391
2.9338
2.8375
2.8570
2.9211
2.8212
2.8929
2.7610
2.7894
2.9010
2.8799
2.7074
2.7880
2.8524
2.8029
2.8797
2.9008
2.9627
2.9207
2.8483
2.8109
2.7817
2.9302
2.8043
2.7357
2.7126
3.0119
2.8720
2.7943
2.8413
3.0055
2.9502
2.8062
2.8095
2.9456
2.9430
2.8853
2.9748
2.9449
2.9087
3.3149
3.2392
2.9317
3.0601
2.9268
2.8073
2.9846
2.8032
2.7887
2.8432
2.8349
2.9147
2.7992
2.7370
2.7314
2.7378
2.8113
2.7956
2.6945
2.6748
2.7278
3.0065
2.9342
2.8998
2.5953
2.7388
2.5549
2.7403
2.5583
2.6988
2.5328
2.5825
2.5223
2.6647
2.6644
2.7811
2.6432
2.7240
2.7215
2.6711
2.8959
2.6529
2.6248
2.5721
2.6235
2.6035
2.6751
2.9204
2.7498
2.5883
2.9014
2.7616
2.6261
2.8166
2.7233
2.8539
2.8274
2.8767
3.2758
3.0076
3.1868
3.0806
3.2851
3.0307
2.8912
2.7454
2.8246
2.8350
2.8043
2.8586
2.6957
2.6451
2.6359
2.4510
2.5423
2.8027
2.6882
2.7324
2.6912
2.7373
2.6823
2.7398
2.6678
2.6758
2.6884
2.8326
2.7269
2.6542
2.7671
2.6701
2.9117
2.6350
2.7679
2.8289
2.7535
2.9696
2.6463
2.6154
2.7025
2.7774
2.7539
2.8468
2.6873
2.6427
2.8401
2.8133
2.6192
2.7663
2.7704
2.6539
2.5922
2.7805
2.6701
2.8645
2.8081
2.6616
2.8553
2.7044
2.6562
2.6427
2.5878
2.6323
2.6527
2.7772
2.8094
2.6653
2.7613
2.7914
2.7414
2.7789
2.7682
2.9364
2.8502
2.9626
3.0322
2.7596
2.7943
3.0386
2.8412
2.7284
2.6498
2.7985
2.6755
2.6420
2.7378
2.6201
2.7577
2.6642
2.8550
2.7697
2.7770
2.9614
2.7669
2.7007
2.6666
2.6112
2.8084
2.7939
2.9165
2.6986
2.7111
2.6670
2.6264
2.7107
2.7518
2.8262
2.6759
2.9442
2.8318
3.0268
2.8466
2.8575
2.8104
2.7081
2.9475
2.6784
2.6771
2.7762
2.7804
2.6390
2.8823
2.5822
2.6945
2.6596
2.7448
2.7814
2.8149
2.8795
2.7548
2.9137
2.7451
2.7611
2.8359
2.9340
2.9920
3.0699
2.9429
2.8705
3.2155
2.9135
2.8785
2.7656
2.9275
2.9096
2.9134
2.9126
3.0188
2.9010
2.8514
2.7531
2.7773
2.7169
2.9931
3.2463
3.1959
3.0255
2.9856
2.9586
2.9357
2.8770
2.8336
2.8942
2.9402
2.9337
2.8718
2.7335
2.9921
3.2149
3.2922
3.2319
2.9570
3.0488
3.1591
2.9860
2.8869
2.8295
3.0052
3.0233
2.9583
2.8923
3.1377
2.9839
2.9809
2.9234
2.9555
2.9473
2.9552
3.0450
3.0445
2.9104
3.0301
3.0386
2.9367
3.0649
3.0582
2.9483
2.9074
2.8382
3.0365
3.0535
3.0001
2.9885
2.8969
2.8467
2.9517
3.0631
3.1262
3.1928
2.9818
3.1393
3.0769
3.0795
3.0791
3.0806
2.9067
2.9327
3.1158
2.8635
2.8920
3.1425
2.9193
2.9963
2.8758
2.9834
2.8925
2.9866
3.0293
2.9916
2.9312
3.0671
3.0926
3.0231
3.0612
3.1511
2.9930
3.1217
3.0979
3.3644
3.1477
3.2622
3.2955
3.2510
3.0139
3.1076
3.2718
3.2663
3.0839
3.1063
3.2010
2.9693
3.1464
3.0491
3.0195
2.9122
3.1611
3.0609
3.0453
3.0118
3.0989
3.0218
3.1359
2.8315
3.1270
3.1772
2.9296
3.0552
2.9472
2.8607
2.9910
2.9103
2.9699
3.0397
2.9679
2.9775
2.9247
2.8948
2.8645
2.8842
2.8682
3.0312
2.9267
2.9729
2.9932
3.0085
3.1036
2.7814
2.9973
2.7875
2.8792
2.8694
2.8085
2.9097
3.0591
3.0235
2.9399
3.0941
2.9758
2.9036
2.9278
2.9783
3.0344
2.9091
2.8193
2.8720
3.0129
2.8492
2.9477
2.9273
3.0879
3.1362
2.9762
2.8285
3.0117
2.9773
2.9040
2.9490
2.9024
2.8946
2.9634
3.0939
3.0190
3.0782
2.9688
3.0633
3.0509
3.1832
2.9736
3.0954
3.0949
3.0748
3.0075
3.0881
2.9772
3.0366
3.0700
3.2802
3.3446
3.0890
2.9146
3.1217
3.2392
3.4228
3.3109
3.2385
3.3144
3.2524
3.3171
3.3453
3.5417
3.2947
3.3801
3.4140
3.1153
3.3683
3.1012
2.9530
3.0757
3.1120
3.2512
3.1960
3.0377
3.1793
3.1388
3.3659
3.4073
3.4321
3.0676
3.1279
3.2359
3.3406
3.2811
3.3159
3.3063
3.5075
3.3442
3.3876
3.0863
3.1834
3.1969
3.0610
3.1331
3.2948
3.3006
3.1219
3.1362
3.0520
3.1298
3.2498
3.2459
3.1922
3.3752
3.4138
3.6520
3.3793
3.3041
3.2001
3.2452
3.3793
3.2288
3.2716
3.4201
3.3609
3.1568
3.1891
3.3123
3.4611
3.7539
3.7632
3.8427
3.3582
3.2910
3.3995
3.2185
3.2360
3.1138
3.2964
3.2451
3.4101
3.3449
3.3635
3.3925
3.2432
3.0760
3.2817
3.3399
3.2207
3.2499
3.2731
3.4381
3.5671
3.3532
3.3392
3.4378
3.3966
3.4131
3.6412
3.7512
3.8414
3.6131
3.7067
3.8212
3.9089
3.6818
3.4784
3.5630
3.8838
3.7917
3.6820
3.7238
3.7518
4.0139
3.8830
3.8051
3.7721
3.3877
3.6290
3.4248
3.4779
3.4808
3.2855
3.4877
3.4879
3.5286
3.3065
3.2930
3.4079
3.3901
3.5231
3.4133
3.4943
3.4808
3.6026
3.4136
3.5181
3.4503
3.2636
3.5011
3.3567
3.4334
3.2946
3.4940
3.3629
3.3928
3.4949
3.5372
3.5437
3.3710
3.3955
3.3606
3.3496
3.2873
3.3883
3.5069
3.3745
3.3931
3.4208
3.5313
3.4362
3.4646
3.3399
3.2788
3.5135
3.5684
3.3531
3.3223
3.2628
3.4793
3.3151
3.4487
3.5650
3.5539
3.4693
3.4579
3.3739
3.3258
3.5720
3.2293
3.4242
3.2674
3.3789
3.3091
3.3708
3.3652
3.3408
3.4041
3.4291
3.2895
3.4353
3.3621
3.3549
3.4294
3.5021
3.3591
3.3366
3.1821
3.2529
3.2798
3.2394
3.3363
3.3567
3.3263
3.1849
3.2554
3.2385
3.2883
3.4910
3.3753
3.4337
3.2923
3.2755
3.3778
3.5408
3.4766
3.2260
3.2771
3.3213
3.1761
3.3694
3.4017
3.6676
3.3293
3.3490
3.4319
3.4132
3.6141
3.3798
3.3138
3.2964
3.2453
3.5262
3.6724
3.5340
3.9568
3.6442
3.7356
3.6503
3.4688
3.6057
3.7234
3.5843
3.5489
3.5869
3.5054
3.6950
3.6891
3.5781
3.6017
3.7408
3.5869
3.6603
3.7620
3.5747
3.7003
3.6550
3.6334
3.5311
3.5919
3.5968
3.6397
3.5177
3.5639
3.5501
3.5611
3.5443
3.6827
3.4986
3.6056
3.3958
3.5259
3.4586
3.5582
3.5714
3.6960
3.3682
3.5197
3.5566
3.4849
3.7016
3.3844
3.4533
3.5111
3.8597
3.7674
3.7315
3.6680
3.7376
3.8466
3.7211
3.4078
3.5279
3.4358
3.3500
3.2700
3.5949
3.7839
3.7342
3.6038
3.6479
3.6107
3.4942
3.5306
3.6799
3.7638
3.7830
3.6731
3.4923
3.6777
3.4586
3.6128
3.3068
3.3324
3.4153
3.5099
3.3891
3.4548
3.5928
3.6183
3.4704
3.3465
3.3137
3.4533
3.5216
3.5404
3.4428
3.4836
3.6535
3.6498
3.6050
3.4615
3.5354
3.5228
3.6039
3.7439
3.8359
3.5936
3.7715
3.8331
3.6535
3.6782
3.5774
3.7869
3.5755
3.6837
3.7906
3.5847
3.5716
3.5438
3.5607
3.6169
3.5704
3.4669
3.6408
3.5694
3.6295
3.4984
3.4108
3.4255
3.4846
3.4379
3.4111
3.4001
3.2883
3.3791
3.4596
3.5142
3.4750
3.2969
3.4133
3.6620
3.4596
3.6248
3.5475
3.5416
3.6836
3.6007
3.6157
3.5056
3.6862
3.6293
3.6224
3.5653
3.5476
3.6488
3.4225
3.5277
3.5152
3.7429
3.5762
3.5189
3.6733
3.7482
3.6488
3.4998
3.4427
3.5230
3.5809
3.3079
3.4045
3.5146
3.3698
3.4265
3.3649
3.4089
3.3290
3.3038
3.2745
3.4036
3.5182
3.3148
3.4109
3.4330
3.5510
3.4551
3.4472
3.6263
3.5462
3.4300
3.5597
3.2227
3.3103
3.3266
3.5916
3.7859
3.4921
3.3811
3.5322
3.5563
3.6004
3.5756
3.3563
3.4543
3.4045
3.3235
3.2303
3.2167
3.1048
3.3082
3.3325
3.2287
3.3827
3.4790
3.5664
3.3941
3.3582
3.3976
3.4580
3.2925
3.5124
3.4089
3.3525
3.6594
3.6788
3.7333
3.7552
3.6398
3.6123
3.4841
3.5193
3.5097
3.4895
3.3908
3.6420
3.6760
3.4585
3.6551
3.7325
3.5995
3.6466
3.6166
3.7120
3.4610
3.5640
3.6115
3.3779
3.4770
3.4659
3.4816
3.4495
3.5622
3.5399
3.4176
3.3979
3.4391
3.4669
3.3633
3.5144
3.3586
3.4172
3.4526
3.3792
3.4239
3.4199
3.3860
3.4922
3.5137
3.4316
3.4432
3.4864
3.5013
3.5113
3.5185
3.5504
3.1431
3.1885
3.3289
3.3506
3.4365
3.3323
3.3387
3.4103
3.3178
3.3002
3.3450
3.3768
3.4390
3.3482
3.3495
3.3869
3.2016
3.1986
3.4522
3.4398
3.4499
3.4861
3.3381
3.3537
3.3673
3.3251
3.4251
3.2748
3.4244
3.3311
3.3165
3.3032
3.3894
3.3257
3.3833
3.6279
3.4017
3.5202
3.4473
3.4053
3.4830
3.5335
3.3432
3.4656
3.4871
3.4877
3.5662
3.5346
3.5370
3.5046
3.4515
3.5112
3.4534
3.3843
3.4882
3.4573
3.4823
3.5488
3.5509
3.4430
3.4717
3.4164
3.4352
3.5180
3.4251
3.5619
3.4276
3.4537
3.3785
3.6992
3.6605
3.7450
3.7372
3.5897
3.6886
3.5940
3.8712
3.7820
3.5746
3.7241
3.7084
3.6417
3.6467
3.7158
3.7815
3.7338
3.8037
3.6924
3.6703
3.7257
3.7334
3.6294
3.7977
3.8477
3.6117
3.6042
3.5590
3.4337
3.5544
3.3788
3.1916
3.2276
3.2913
3.4715
3.2080
3.3379
3.4071
3.4495
3.2603
3.5116
3.3923
3.3545
3.3049
3.3312
3.3723
3.3834
3.3561
3.3122
3.3520
3.2192
3.3355
3.2622
3.3406
3.4172
3.1858
3.3120
3.1116
3.3539
3.2012
3.2225
3.0950
3.1251
3.2342
3.2142
3.1632
3.1101
3.1910
3.3258
3.3020
3.2752
3.0843
3.0681
3.1307
3.1468
3.2397
3.0750
3.3073
3.1333
3.1817
3.0281
3.2734
3.3502
3.2194
3.2832
3.3441
3.3843
3.2714
3.1961
3.2923
3.2617
3.4282
3.3658
3.2812
3.3261
3.4562
3.3214
3.3325
3.2974
3.3224
3.2180
3.2235
3.3699
3.1691
3.3407
3.2632
3.2517
3.1394
3.2885
3.1809
3.0729
3.1765
3.1674
3.1797
3.2554
3.0433
3.1150
3.1688
3.3742
3.2643
3.4278
3.1148
3.1910
3.2634
3.3793
3.2886
3.3495
3.5552
3.3261
3.3671
3.3053
3.3243
3.2846
3.3531
3.4367
3.3582
3.3123
3.2165
3.3934
3.3060
3.1194
3.2905
3.3836
3.3036
3.6891
3.5515
3.2431
3.3540
3.3478
3.2983
3.4495
3.6082
3.7222
3.6921
3.6754
3.5583
3.5590
3.6163
3.6332
3.5081
3.5272
3.3971
3.3927
3.3318
3.4551
3.3861
3.3701
3.4526
3.3128
3.3898
3.2523
3.3205
3.3862
3.4251
3.4085
3.4069
3.3521
3.3074
3.2950
3.4748
3.4488
3.4830
3.1846
3.1597
3.1534
3.3312
3.4147
3.4376
3.3377
3.2932
3.2576
3.3624
3.3843
3.4053
3.5682
3.4808
3.3205
3.4668
3.4449
3.2516
3.4911
3.3202
3.3899
3.5059
3.4422
3.6339
3.3869
3.4294
3.4018
3.5078
3.4794
3.2251
3.5415
3.6239
3.3356
3.3166
3.3840
3.4645
3.4464
3.4358
3.3782
3.6729
3.4275
3.4790
3.4078
3.3837
3.5505
3.5741
3.5586
3.5043
3.5345
3.4293
3.2248
3.2955
3.5633
3.5719
3.3882
3.4865
3.5107
3.4688
3.7203
3.4705
3.6329
3.4497
3.6124
3.5705
3.4963
3.6053
3.5114
3.5224
3.4699
3.4726
3.3617
3.5801
3.4364
3.4207
3.5444
3.4914
3.7352
3.7245
3.4545
3.5017
3.3934
3.4302
3.1990
3.0067
3.3735
3.3687
3.3934
3.4972
3.3216
3.2878
3.2773
3.3826
3.3314
3.4370
3.4008
3.4091
3.4400
3.4047
3.0742
3.1869
3.3751
3.1682
3.3663
3.2853
3.3441
3.2588
3.4806
3.4204
3.3806
3.3591
3.3863
3.5175
3.2355
3.4275
3.3442
3.3967
3.4540
3.7691
3.6431
3.4807
3.6030
3.6301
3.7361
3.4763
3.5198
3.3562
3.5347
3.5681
3.2275
3.3037
3.0923
3.0581
3.3193
3.3892
3.1205
3.2910
3.2086
3.1944
3.0974
3.1319
3.3480
3.0728
3.1291
3.2959
3.5476
3.2991
3.3777
3.4410
3.1402
3.1699
3.2270
3.1147
3.1801
3.1622
3.1349
3.3292
3.4701
3.5143
3.4824
3.3052
3.3472
3.3111
3.4860
3.4235
3.4427
3.3939
3.5587
3.3784
3.5036
3.6107
3.3718
3.5257
3.4704
3.4662
3.6660
3.4132
3.3605
3.2445
3.5146
3.5770
3.4978
3.5986
3.3714
2.8684
3.0751
3.1603
3.2485
3.1631
3.1998
3.1307
3.0896
3.3796
3.3046
3.4286
3.3880
3.3477
3.5453
3.4032
3.4927
3.3926
3.6211
3.3425
3.4349
3.6676
3.4760
3.5218
3.4767
3.6877
3.3382
3.4356
3.5338
3.6191
3.6524
3.6659
3.5712
3.5792
3.5404
3.5907
3.7163
3.4575
3.6996
3.6365
3.7123
3.4673
3.5435
3.5091
3.5062
3.5194
3.3278
3.4871
3.5340
3.4743
3.5720
3.4904
3.5142
3.2349
3.1677
3.2460
3.4722
3.3804
3.3264
3.2562
3.2965
3.2719
3.2692
3.5102
3.4545
3.2888
3.2879
3.4502
3.3458
3.1538
3.1788
3.3053
3.0694
3.0803
3.1506
3.2435
3.3617
3.4094
3.5509
3.3230
3.3232
3.3241
3.3111
3.3022
3.4289
3.3445
3.4619
3.4176
3.3815
3.5778
3.5609
3.4631
3.5947
3.5585
3.5645
3.3784
3.4513
3.4785
3.3610
3.3406
3.3590
3.1897
3.3438
3.1507
3.4377
3.1745
3.3472
3.5749
3.2888
3.4381
3.4094
3.4382
3.3254
3.2890
3.1392
3.2208
3.5888
3.4804
3.4863
3.3942
3.5257
3.3155
3.3549
3.4734
3.4913
3.2883
3.2967
3.2431
3.1863
3.3084
3.3822
3.4898
3.5473
3.4563
3.2703
3.2971
3.2758
3.3522
3.3996
3.2849
3.2852
3.1975
3.0908
3.2073
3.2943
3.2866
3.3106
3.3789
3.4021
3.2995
3.2363
3.3599
3.4832
3.4778
3.4635
3.3905
3.2542
3.4149
3.3714
3.3195
3.3482
3.4303
3.2978
3.3889
3.5542
3.4570
3.4881
3.5517
3.4035
3.2201
3.5171
3.4479
3.4154
3.5133
3.2296
3.3985
3.3363
3.2986
3.3395
3.3904
3.0926
3.0972
3.1518
3.3493
3.0680
3.2837
3.0998
3.0478
2.9982
3.0616
3.2078
3.1427
3.2369
3.1654
3.3622
3.3008
3.3550
3.3381
3.2351
3.3845
3.2513
3.3620
3.4412
3.5288
3.6013
3.5192
3.5273
3.3771
3.3931
3.5132
3.4486
3.3802
3.3624
3.3948
3.5385
3.4958
3.3169
3.3118
3.3871
3.4712
3.4726
3.4877
3.4435
3.4491
3.4037
3.4620
3.3741
3.3647
3.3594
3.2993
3.5026
3.3645
3.4247
3.3896
3.4207
3.3716
3.3355
3.3559
3.2971
3.3378
3.3493
3.3157
3.2992
3.2425
3.2863
3.2780
3.2527
3.2441
3.2112
3.2176
3.3026
3.2959
3.1607
3.1242
3.1611
3.3908
3.4271
3.1740
3.3806
3.2240
3.3540
3.2889
3.1652
3.2032
3.3238
3.4117
3.4212
3.4894
3.4856
3.4213
3.2286
3.3183
3.3202
3.2270
3.0705
3.1459
3.2115
3.2445
3.0344
2.8659
3.2897
3.4147
3.2545
3.2153
3.2365
3.1678
3.3355
3.3077
3.2466
3.2810
3.4696
3.0051
3.1955
3.3960
3.3067
3.4125
3.4525
3.4411
3.5308
3.3565
3.5016
3.5107
3.4095
3.4625
3.6022
3.3282
3.3770
3.3477
3.3847
3.5396
3.5105
3.4121
3.3208
3.4582
3.4037
3.3474
3.2664
3.2492
3.4154
3.1525
3.2326
3.2902
3.3720
3.3157
3.2781
3.2922
3.2912
3.2382
3.3705
3.4241
3.3222
3.3565
3.4401
3.4450
3.4980
3.4119
3.5865
3.6504
3.7178
3.3844
3.5483
3.6328
3.5706
3.5164
3.4029
3.5421
3.6738
3.6626
3.8253
3.5418
3.3084
3.4909
3.3773
3.3541
3.4520
3.3488
3.2519
3.4645
3.5216
3.4162
3.3782
3.3392
3.4316
3.3382
3.4452
3.2678
3.2618
3.1285
3.5388
3.4952
3.3909
3.1871
3.3610
3.2951
3.4502
3.1538
3.3012
3.3393
3.5055
3.3903
3.3503
3.2843
3.2972
3.2031
3.4499
3.5304
3.3160
3.2396
3.4884
3.2129
3.3909
3.3064
3.2818
3.3469
3.2954
3.3344
3.2511
3.3011
3.3335
3.1904
3.3758
3.3634
3.4281
3.5131
3.4220
3.6268
3.5265
3.5026
3.4552
3.5977
3.3358
3.3978
3.4672
3.4178
3.2877
3.3026
3.3885
3.6283
3.4378
3.4455
3.3834
3.1136
3.3506
3.3658
3.4758
3.4973
3.4145
3.5039
3.4147
3.4688
3.4273
3.5086
3.4296
3.4912
3.4819
3.3922
3.3162
3.4023
3.4867
3.4994
3.4438
3.5248
3.4853
3.3646
3.5193
3.3450
3.4979
3.3769
3.4524
3.3158
3.2543
3.3797
3.5291
3.4598
3.5852
3.5287
3.4277
3.5180
3.5502
3.6032
3.4607
3.7586
3.7072
3.4879
3.6517
3.4618
3.4795
3.4438
3.4597
3.4206
3.3257
3.4872
3.2923
3.3500
3.4893
3.3275
3.3323
3.4248
3.4379
3.3503
3.1919
3.3244
3.3316
3.4074
3.3699
3.4453
3.3629
3.2921
3.3370
3.4710
3.3102
3.5392
3.5360
3.6365
3.5532
3.4051
3.4542
3.3615
3.3630
3.4414
3.4888
3.4778
3.2535
3.5112
3.3565
3.5316
3.3985
3.5072
3.3430
3.3549
3.5447
3.4383
3.3820
3.3691
3.4974
3.3597
3.4794
3.4540
3.3861
3.4675
3.5928
3.5037
3.6338
3.3775
3.4381
3.4828
3.3541
3.4044
3.4751
3.5488
3.5644
3.6331
3.6325
3.4761
3.4158
3.5686
3.5137
3.5621
3.6499
3.4444
3.6459
3.5720
3.3997
3.3940
3.5196
3.5449
3.3577
3.3454
3.3221
3.3377
3.4382
3.3967
3.4733
3.3891
3.5198
3.3763
3.3972
3.5697
3.4897
3.3225
3.2035
3.2663
3.2999
3.3283
3.3767
3.3310
3.2811
3.2465
3.2210
3.3623
3.4102
3.3200
3.2557
3.2445
3.3409
3.3904
3.4125
3.4550
3.2620
3.1070
3.1413
3.2304
3.3459
3.4746
3.3033
3.1757
3.1443
3.2492
3.1857
3.2761
3.2549
3.4235
3.4291
3.6298
3.4426
3.4127
3.4349
3.3911
3.3386
3.4017
3.4405
3.2912
3.2151
3.1646
3.2503
3.2345
3.3762
3.3440
3.3100
3.2409
3.3927
3.2543
3.3453
3.3814
3.2816
3.3946
3.4909
3.2866
3.2779
3.1922
3.4492
3.2748
3.2927
3.3571
3.4243
3.4489
3.3152
3.4274
3.4465
3.4241
3.2825
3.3069
3.3077
3.6231
3.5408
3.3683
3.5055
3.4992
3.3753
3.1832
3.2630
3.1163
3.1613
3.3617
3.2367
3.3762
3.4288
3.7827
3.7014
3.7569
3.7529
3.9848
3.8195
3.9023
3.8255
3.8372
3.6014
3.9156
3.9201
3.8590
3.8900
3.7516
3.9096
3.9556
3.9473
3.7662
3.7010
3.6642
3.4560
3.4129
3.6298
3.6330
3.2951
3.3659
3.4475
3.4385
3.5654
3.6476
3.7030
3.6598
3.7005
3.6666
3.5307
3.4700
3.3798
3.4213
3.3562
3.5633
3.5054
3.6015
3.5213
3.5034
3.7082
3.6037
3.4794
3.4420
3.4628
3.5443
3.4717
3.7583
3.6529
3.6562
3.7594
3.7934
3.6442
3.5468
3.6914
3.5165
3.5632
3.5363
3.4036
3.6466
3.6242
3.4509
3.5410
3.4666
3.5309
3.5844
3.6723
3.5968
3.6558
3.7513
3.7607
3.7374
3.6905
3.6827
3.7201
3.6087
3.6579
3.6791
3.7386
3.6183
3.6410
3.6337
3.6401
3.6636
3.6966
3.8061
3.7289
3.7918
3.6418
3.8135
3.6377
3.6932
3.7568
3.6644
3.7448
3.5961
3.7068
3.7057
3.5955
3.5605
3.4659
3.5904
3.6398
3.6221
3.7007
3.6934
3.6620
3.5307
3.5641
3.6924
3.5358
3.4389
3.4704
3.5311
3.4705
3.5572
3.5721
3.5660
3.7106
3.7037
3.6251
3.5776
3.5446
3.6378
3.5934
3.6996
3.8090
3.6913
3.6817
3.6059
3.7230
3.5296
3.4532
3.6015
3.6193
3.6484
3.5781
3.5241
3.7556
3.7907
3.6023
3.7143
3.6517
3.5761
3.6910
3.7173
3.5800
3.5266
3.6074
3.6342
3.5013
3.5166
3.6450
3.6549
3.4829
3.5579
3.4455
3.3016
3.2173
3.2868
3.5115
3.3490
3.4811
3.5297
3.4887
3.3627
3.4783
3.4513
3.4774
3.5916
3.6225
3.6081
3.7811
3.5992
3.6641
3.5602
3.6323
3.6237
3.5505
3.4565
3.6260
3.4833
3.5172
3.4736
3.3088
3.4243
3.3693
3.4748
3.4848
3.2920
3.3620
3.3820
3.3180
3.1622
3.2731
3.4570
3.1254
3.5106
3.3827
3.4536
3.4514
3.6329
3.5657
3.7228
3.6241
3.6316
3.6854
3.4095
3.4754
3.5521
3.4522
3.4623
3.4847
3.5465
3.4146
3.4467
3.6645
3.5037
3.6075
3.4681
3.5766
3.5713
3.3294
3.5080
3.4132
3.4620
3.5045
3.5871
3.5086
3.5802
3.5240
3.4534
3.5713
3.5360
3.5291
3.6375
3.7324
3.6224
3.6193
3.7705
3.7175
3.5690
3.7701
3.6110
3.5798
3.5752
3.6172
3.6004
3.5405
3.6087
3.4700
3.6187
3.7474
3.5643
3.6950
3.5968
3.6389
3.5316
3.6200
3.6100
3.6216
3.5542
3.6707
3.7182
3.6704
3.6651
3.6163
3.7346
3.6171
3.6985
3.8094
3.5750
3.5231
3.4859
3.5262
3.4842
3.5449
3.5556
3.5483
3.5596
3.6092
3.6060
3.4994
3.5454
3.4558
3.4029
3.4259
3.4329
3.5054
3.5991
3.6941
3.6030
3.5124
3.5423
3.4647
3.5584
3.6652
3.5388
3.5867
3.5797
3.4945
3.5572
3.5382
3.5142
3.5878
3.6118
3.6633
3.5210
3.5483
3.5059
3.6339
3.5498
3.5377
3.6626
3.4748
3.7181
3.5234
3.6151
3.5298
3.5702
3.5967
3.5674
3.4244
3.5917
3.5511
3.5244
3.5892
3.5701
3.6411
3.6422
3.6564
3.7083
3.6379
3.4975
3.4910
3.5634
3.6310
3.5089
3.5677
3.4911
3.5273
3.5144
3.5617
3.4689
3.5300
3.4722
3.4625
3.4096
3.5392
3.3972
3.3683
3.5088
3.5046
3.5848
3.5241
3.5087
3.5452
3.4893
3.4704
3.5785
3.4421
3.4692
3.5134
3.5858
3.4924
3.4910
3.5790
3.5987
3.6387
3.5224
3.4435
3.2341
3.3823
3.3623
3.4019
3.4759
3.4714
3.4784
3.5219
3.5067
3.6901
3.5670
3.6178
3.4985
3.7051
3.6395
3.5348
3.5592
3.6469
3.5881
3.4005
3.6500
3.4538
3.3874
3.4172
3.4643
3.4577
3.4545
3.4776
3.4666
3.5528
3.4314
3.3860
3.5949
3.6811
3.6536
3.5067
3.5273
3.6393
3.6015
3.6092
3.5948
3.5715
3.6333
3.6451
3.5035
3.7125
3.5299
3.6571
3.6599
3.7843
3.6413
3.7541
3.6959
3.5773
3.5576
3.5328
3.4804
3.5652
3.6223
3.5278
3.5282
3.4787
3.6437
3.6678
3.6988
3.6442
3.5659
3.6820
3.6095
3.5561
3.5125
3.6194
3.5568
3.5740
3.6332
3.5354
3.5942
3.5957
3.6122
3.6160
3.6077
3.6495
3.6225
3.7340
3.6994
3.6454
3.5931
3.6273
3.6016
3.5175
3.6531
3.6444
3.6256
3.7015
3.8395
3.8448
3.7820
3.9236
3.8121
3.8243
3.7390
3.7283
3.6842
3.6194
3.8075
3.7437
3.7531
3.4675
3.5949
3.3813
3.3727
3.6146
3.5690
3.4516
3.4785
3.7624
3.4739
3.6843
3.6241
3.3666
3.5285
3.5115
3.4926
3.6181
3.7723
3.5876
3.7500
3.7174
3.5703
3.8458
3.8153
3.7010
3.5148
3.6392
3.4681
3.7327
3.7102
3.5704
3.6896
3.6897
3.4654
3.5654
3.5119
3.6999
3.5461
3.2475
3.4388
3.4145
3.3200
3.3822
3.4290
3.5037
3.5150
3.4025
3.4575
3.4299
3.5128
3.6492
3.5475
3.5776
3.6377
3.5995
3.8437
3.9958
3.6111
3.6611
3.5921
3.4456
3.4468
3.7000
3.5594
3.6971
3.4850
3.7814
3.8675
3.8712
3.7572
3.8163
3.8159
3.9750
3.7927
3.8664
3.8934
3.9799
3.9653
3.9819
3.9843
3.9974
3.8752
3.9061
4.1588
4.2760
4.2114
4.3267
4.2434
4.1668
4.0237
3.8151
4.0954
3.8618
3.9496
3.6961
3.6239
3.8326
3.6676
3.5324
3.6577
3.9285
3.8769
3.8451
3.8543
3.7004
3.8470
3.9893
3.8217
3.6776
3.8862
3.9775
3.7730
3.8101
3.8569
3.6495
3.7749
3.9577
4.0227
4.0483
4.0005
4.2859
4.1849
4.2426
4.3413
4.0898
4.1372
3.7722
3.6076
3.7657
4.0118
3.6445
4.1043
4.0540
3.9430
3.7976
3.7604
3.8194
3.7046
3.7875
3.5161
3.9317
4.0415
4.0013
4.4071
3.9273
4.1006
4.1135
4.0470
3.7952
4.1182
4.0600
4.2483
4.1907
4.0950
4.2941
4.2755
4.2980
4.3191
4.3972
4.5237
4.0516
4.1582
3.8802
3.8109
3.8210
3.8383
3.9086
3.6505
3.9929
4.0336
3.8320
4.2104
4.1124
3.9987
3.7821
3.7045
3.8095
3.6822
3.9571
3.9119
3.9964
4.1166
4.2064
4.1959
4.0590
4.1769
4.1039
3.9859
4.0550
4.0324
4.0041
3.9770
4.0924
3.9258
4.4320
4.3891
4.3485
4.0933
3.8699
4.0560
3.9840
4.1057
4.3169
4.2279
4.1189
4.1110
4.2181
4.2930
4.1888
4.0933
4.3150
4.5962
4.6480
4.5348
4.4665
4.5523
4.4267
4.2242
4.3261
4.4411
4.2060
4.3112
4.5315
4.5894
4.2937
4.3970
4.2594
4.2271
4.2636
4.4936
4.5425
4.5984
4.2922
4.3595
4.3660
4.7015
4.5554
4.3153
4.2134
3.9157
3.9385
4.2053
4.1589
4.3561
4.1880
4.0714
4.2120
3.9278
4.3356
4.2401
4.4182
4.2419
4.3153
4.4866
4.7344
4.4491
4.8047
4.3648
4.5300
4.6285
4.3475
4.2926
4.0684
3.8204
4.1172
3.6641
3.8121
3.6905
4.0298
3.5805
3.8241
3.9448
3.9079
3.8792
3.7167
3.9836
3.8343
3.7156
4.1504
3.7126
3.8367
3.5553
3.6880
3.8200
3.7543
3.6935
3.7506
4.1976
4.1069
3.9827
4.0928
3.8643
3.9264
4.1084
4.0180
4.1289
3.8213
3.7889
4.0088
4.0442
3.9812
3.9708
3.9092
3.8455
3.8061
3.8839
3.7330
3.6668
3.8184
3.8473
3.6818
3.6048
3.6949
3.6768
3.7368
3.9159
3.6370
3.8847
3.7779
3.7122
3.6095
3.5936
3.7150
3.6128
3.6699
3.7780
3.8110
3.7369
3.5699
3.6849
3.6063
3.6144
3.6200
3.7834
3.6693
3.8863
3.8939
3.8760
3.6216
3.7440
3.6251
3.7212
3.6489
3.7307
3.6600
3.4084
3.5654
3.6036
3.6819
3.6993
3.7314
3.5906
3.5109
3.6705
3.6356
3.4623
3.6136
3.6143
3.4464
3.4697
3.7199
3.6449
3.7738
3.7013
3.8710
3.7934
4.0516
3.8257
4.0557
3.8772
3.5353
3.8482
3.7510
3.7530
3.7163
3.8025
4.1530
4.0482
4.0182
4.2150
3.7122
3.8819
3.6069
3.8735
3.7146
3.5789
3.9130
3.7623
4.0377
4.1666
4.0575
4.3795
4.2355
4.1959
4.3186
4.3772
4.2003
4.0285
4.0334
4.4609
4.3663
4.3567
4.5610
4.4421
4.5342
4.4952
4.5717
4.6058
4.4554
4.6425
4.6650
4.7818
5.0760
4.7913
4.9236
4.7989
4.6796
4.7242
4.6119
4.7526
4.7359
4.8753
5.0802
4.6730
4.6237
4.5805
4.6036
4.8120
4.7932
4.5600
4.6726
4.8165
5.2158
4.6634
4.8630
4.8011
4.8424
4.5222
4.5223
4.8641
4.7032
4.5170
4.6809
4.6121
4.4974
4.6538
4.7885
5.2569
4.7555
4.7888
4.5643
4.7256
4.8481
4.5042
4.3426
4.4781
4.5451
4.5705
4.5982
4.7081
4.7504
4.5053
4.2974
4.4471
4.4297
4.3975
4.3386
4.5190
4.9023
4.6297
4.5262
4.9280
4.5048
4.4670
4.5642
4.3313
4.6828
4.2953
4.9237
4.5944
4.1557
4.1055
4.4113
4.0839
3.9931
3.7642
3.8035
4.1359
4.0220
3.6943
3.6569
3.8859
3.9148
3.9789
3.8041
3.6735
3.8886
3.8897
3.8778
3.8600
3.7460
3.7749
3.9633
3.9829
3.7602
3.9050
3.8169
3.7174
3.6129
3.7295
3.9214
3.8456
3.7925
3.7664
3.6870
3.6733
3.4442
3.5299
3.3834
3.3968
3.4970
3.4453
3.5033
3.4677
3.6047
3.3885
3.5980
3.7566
3.7270
3.5514
3.6254
3.8179
3.9098
4.0570
3.8068
4.1699
4.2351
4.1019
4.1588
4.0160
4.0707
4.0174
4.1228
4.1302
3.8211
3.9099
3.8907
3.9129
3.9093
3.9334
4.0984
3.8370
3.9958
4.2202
4.1416
4.1691
4.2467
4.1377
3.8213
4.0185
3.9898
4.1051
4.0149
3.9628
4.0562
4.0749
4.1785
4.1951
4.0649
4.0486
4.0347
3.9201
3.9449
3.9318
3.9006
3.9281
4.0265
4.0241
3.8672
3.8926
4.2966
4.1356
3.9103
4.0204
4.3109
4.2187
3.9337
3.9131
4.3059
4.0545
3.7826
3.7476
4.0823
3.8363
4.0746
3.9871
4.2222
3.8193
3.8697
3.8441
3.8313
4.0631
3.9831
3.8861
3.7549
3.9201
3.9860
3.9380
3.9053
4.0897
3.8598
4.0030
3.9523
3.9084
4.0709
3.9967
4.2181
4.0419
4.2073
3.9131
4.0475
3.8683
4.2718
4.1554
4.0166
3.9866
4.2341
4.0961
4.0301
4.0750
4.1272
4.1312
3.9443
3.8473
4.0876
3.9997
3.9332
3.9454
3.9560
4.1663
4.0280
3.9634
3.9966
3.8425
4.1077
3.9287
3.8749
3.7770
3.7123
3.9265
4.1430
3.5180
3.7215
4.0443
3.6939
3.8887
4.0306
4.2671
4.0587
4.1012
3.9589
3.9479
3.9422
4.0654
3.9897
4.1020
4.2913
4.0175
3.9285
4.1389
4.0557
4.1953
3.8478
4.2561
4.0427
4.0078
3.8155
3.9695
3.9509
4.0321
4.0866
4.0415
4.2975
4.2909
4.1385
4.0600
3.9382
3.9568
4.0240
4.0891
4.1260
3.9385
3.9842
3.9949
3.9095
3.7561
3.9044
3.8244
3.8073
3.9930
3.9658
3.9448
3.7721
3.8747
3.8147
3.8427
3.7737
3.8275
3.7854
3.7947
3.6936
3.8364
3.7221
3.8300
3.7477
3.6763
3.8274
3.7563
3.7938
3.8351
3.8876
3.9436
3.8380
3.8070
3.8548
3.7993
3.9132
3.9249
4.0398
3.9151
3.7456
4.0349
4.0513
3.7678
3.9259
3.5822
4.1273
4.1278
3.9803
3.7411
3.9007
3.9007
4.0210
4.1291
3.9030
4.1729
3.9939
3.9027
3.9726
4.0417
3.9157
3.7043
3.8686
3.8022
3.7665
3.8250
3.8824
3.8522
3.9098
4.0029
4.0704
3.8675
3.6521
3.8194
3.8297
4.0994
3.9211
4.0262
3.9360
3.8325
3.9944
4.1253
4.0345
4.0440
3.9740
3.8645
3.8993
3.8832
3.8797
4.0361
3.9751
3.8206
3.7919
3.7006
3.9915
3.9304
3.8961
3.7971
3.8760
3.7658
3.8055
3.7399
3.8157
3.7107
3.8650
3.7849
3.9577
3.9632
4.0961
3.9729
3.9397
4.1373
3.9192
3.8037
3.7243
3.7058
3.7396
3.9052
3.7716
3.9653
3.7143
3.7849
3.6468
3.8130
3.7441
3.6370
3.7418
3.8197
3.6223
3.4846
3.6347
3.5043
3.5887
3.8304
3.8235
3.6131
3.8717
3.8959
3.7734
3.7039
3.9541
3.6954
3.8218
3.6924
3.7230
3.8171
3.7922
3.6521
3.6721
3.4965
3.8341
3.4129
3.7997
3.9628
3.9384
3.7249
3.4931
3.6228
3.6937
3.7193
3.5148
3.5898
3.7678
3.7191
3.8342
3.7285
3.6991
3.4660
3.4507
3.6718
3.4852
3.7725
3.4787
3.4639
3.5022
3.6174
3.4379
3.5398
3.9977
3.7776
3.9318
3.9197
4.1091
4.0158
4.0659
4.2085
4.0382
3.8746
3.7813
4.0291
3.9685
3.6521
3.7279
3.6827
3.8024
3.6216
3.4802
3.5025
3.6538
3.9400
4.0001
3.7793
3.9786
3.8721
3.7373
3.7198
3.6829
3.7305
3.8484
3.8845
3.8184
3.8336
3.9085
4.0694
3.9337
3.7554
3.5585
3.4766
3.4721
3.7185
3.7105
3.8928
3.8902
3.7766
3.7306
4.0275
3.9006
4.0381
3.8931
4.0689
4.1724
3.9005
3.9041
3.9980
3.7939
4.0435
4.1017
3.8855
3.7759
3.8391
3.8154
4.0703
3.8550
4.0188
3.8825
4.1451
4.1337
4.3217
3.9832
3.9674
4.0660
4.3962
4.0022
4.2196
3.8898
4.2555
4.1747
4.0795
4.3187
4.4590
4.5977
4.7595
4.4655
4.8890
4.9987
4.5846
4.6409
4.6187
4.3396
4.4175
4.4841
4.5201
4.5223
4.3857
4.4591
4.3840
4.5894
4.5908
4.3677
4.3337
4.4022
3.9112
4.3133
4.0666
4.3614
4.4082
4.5322
4.5948
4.4151
4.2203
4.3676
4.3197
4.4444
4.2389
4.0419
4.3590
4.1424
3.9888
4.2632
4.3484
4.0513
3.7782
4.1868
4.2063
3.9409
3.5631
4.0679
3.6745
3.8850
3.6677
3.9770
3.8813
3.6743
3.8588
3.6405
4.0266
4.3248
4.1049
3.6268
3.8526
3.9229
3.9635
4.2187
4.0934
4.1267
3.6596
3.7201
3.6382
3.8699
3.6839
3.8137
3.7057
3.7478
3.8424
3.9346
3.6948
4.0715
4.1275
3.8536
4.2720
3.9699
3.8861
4.0592
3.8816
3.9176
3.8644
3.8366
3.8992
3.9344
3.9148
3.8485
4.1266
4.3450
3.9915
3.9230
3.9595
4.0341
4.2349
3.7123
4.2419
4.1431
