3.1450
3.1976
3.1757
3.0194
3.0969
3.1231
3.0022
3.0282
3.0903
2.8660
2.8292
2.9286
2.9565
2.8305
2.8208
3.1224
3.1124
3.0790
3.1623
3.4027
3.2419
3.3440
3.1694
3.0970
3.3208
3.3427
3.2739
3.1566
3.0780
3.1103
3.1156
3.1470
3.1874
3.0122
2.9633
3.2410
3.2844
2.8781
2.8016
2.7348
2.7801
3.0206
2.9997
3.3459
3.0713
3.5587
3.3272
3.5227
3.1152
3.4341
3.4163
3.6337
3.3928
3.2869
3.3663
3.3869
3.6159
3.3402
3.6369
3.3951
3.4100
3.4668
3.3210
3.6273
3.7255
3.7601
3.6457
3.5755
3.4431
3.5275
3.5501
3.3328
3.3859
3.3711
3.4712
3.0848
3.2068
3.1079
3.5169
3.5374
3.7338
3.6793
3.4107
3.3889
3.3054
3.6623
3.6357
3.7096
3.5077
3.6817
3.4730
3.4755
3.2891
3.2615
3.2624
3.3711
3.4595
3.3674
2.9370
3.3516
3.0167
2.9316
3.2920
3.4555
3.1960
3.3953
3.2479
3.5103
3.4206
3.3958
3.3599
4.1903
4.2654
3.7992
3.8195
3.9488
3.9651
3.6250
3.4005
3.6896
3.7356
3.9157
3.9556
4.0642
4.6032
3.8181
3.5462
4.1957
4.3158
4.3438
4.2627
4.1935
4.0305
4.0855
3.8977
3.8157
3.9649
3.7775
3.9018
3.8064
3.9841
4.1092
4.1466
4.2119
4.2316
3.9872
4.0909
4.2832
3.8634
3.9035
3.8483
4.1208
4.8451
4.4468
4.3227
4.1471
4.2519
4.6351
4.2120
3.7459
3.6221
3.5929
3.6081
3.6314
3.6719
3.6011
3.7733
3.6617
3.4139
3.4626
3.5189
3.5406
3.7543
3.7598
3.6020
3.7038
3.7258
3.7227
3.8038
3.9157
4.0445
3.7974
4.0161
4.0593
3.8462
3.6933
3.7336
3.6610
4.1822
4.1019
4.1286
4.3947
4.4731
4.2310
4.5566
4.3996
4.3105
4.3791
4.5232
4.2925
4.3676
4.5003
4.1669
3.8719
3.9562
4.1969
3.7762
3.7398
3.7511
3.6091
3.6019
3.4473
3.6993
3.6186
3.5071
3.3538
3.5481
3.5573
3.4020
3.5469
3.4309
3.4148
3.3928
3.4226
3.5232
3.6670
3.5743
3.5651
3.3778
3.4566
3.5470
3.3962
3.4822
3.4678
3.5392
3.6772
3.6335
3.6394
3.4033
3.6903
3.4364
3.6608
3.4175
3.6128
3.3701
3.3447
3.3663
3.5935
3.5372
3.4967
3.5220
3.3569
3.3316
3.3650
3.6503
3.5884
3.5771
3.6793
3.6539
3.7993
3.8280
3.7711
3.4661
4.2359
4.2366
3.9117
3.9986
4.2990
4.2673
4.0829
4.1520
4.2042
3.9812
3.7346
3.9039
4.0677
4.1075
3.8359
4.1100
4.0589
4.0110
4.3268
4.7361
4.2335
4.4591
3.9923
4.1840
3.8726
3.8819
4.0351
3.9787
3.7457
3.9853
4.0430
3.8179
3.3955
3.2818
3.1831
3.1760
3.3946
3.3727
3.1869
3.3322
3.3773
3.5014
3.5299
3.5298
3.3093
3.6561
3.6124
3.4950
3.2782
3.3804
3.3304
3.2693
3.1855
3.2382
3.1669
3.3470
3.3830
3.3184
3.4127
3.4056
3.3710
3.4207
3.2363
3.2145
3.0892
3.1833
3.0722
3.0347
3.2041
3.2650
3.0076
3.1805
3.2524
3.3111
3.1119
3.2340
3.3710
3.3421
3.2425
3.2457
3.1769
3.0451
3.0563
3.0712
3.2320
2.9434
3.1562
3.0345
2.9939
2.8627
2.9593
2.9269
3.0583
3.1397
2.9877
3.0506
2.9943
3.2261
3.4227
3.1828
3.2336
3.0782
3.2005
3.2318
3.1939
3.0772
3.2461
3.3372
3.4511
3.3723
3.2475
3.1659
3.2913
3.1353
3.0760
3.3979
3.3330
3.3212
3.2485
3.4110
3.4566
3.2709
3.0093
3.3083
2.9887
3.4462
3.2887
3.2981
3.5291
3.3684
3.6141
3.4905
3.6601
3.6509
3.5690
3.3657
3.7251
3.3976
3.3352
3.3982
3.2821
3.4262
3.3772
3.4203
3.2730
3.5925
3.3028
3.2206
3.1927
3.4575
3.2491
3.2455
3.3935
3.2585
3.1693
3.4220
3.1501
3.3023
3.6274
3.5232
3.5391
3.4805
3.6510
3.5842
3.2824
3.3447
3.3961
3.6534
3.5724
3.4195
3.3462
3.5788
3.5660
3.5461
3.4421
3.5163
3.3198
3.3355
3.2515
3.5238
3.3624
3.3453
3.5285
3.4834
3.5600
3.4381
3.3905
3.3800
3.3090
3.4333
3.2392
3.1562
3.1624
3.2286
3.3099
3.2719
3.2537
3.4078
3.4893
3.5161
3.3848
3.4442
3.5024
3.3106
3.1880
3.3067
3.3457
3.2489
3.3620
3.4635
3.3252
3.2326
3.1724
3.3024
3.3643
3.3837
3.4275
3.3110
3.5730
3.5291
3.4993
3.5360
3.6889
3.4297
3.4379
3.6086
3.4453
3.7589
3.6010
3.4089
3.4966
3.7390
3.9807
3.5946
3.6747
3.5489
3.3170
3.4755
3.4739
3.5594
3.6648
3.7181
3.5618
3.5656
3.8244
3.7062
3.6336
3.6439
3.8514
3.8642
3.6731
3.8523
3.8447
3.8183
3.8490
3.7248
3.7192
3.8664
3.9392
4.0587
4.1302
3.9258
3.8470
3.4690
3.8658
3.5915
3.7548
3.8403
3.9661
3.9685
3.6998
3.7356
3.6552
3.7085
3.6038
3.5792
3.6893
3.8279
3.7811
3.5343
3.7448
3.8143
3.8029
3.5280
3.2671
3.2457
3.3423
3.2401
3.2127
3.2632
3.2956
3.4476
3.3868
3.3257
3.2197
3.4783
3.3122
3.4674
3.4663
3.5271
3.3864
3.4568
3.4205
3.3635
3.3063
3.5235
3.3483
3.5953
3.5215
3.7302
3.5782
3.4606
3.5715
3.4242
3.5306
3.4984
3.4137
3.5511
3.4494
3.6111
3.4739
3.4933
3.3116
3.4518
3.3937
3.3460
3.3390
3.3380
3.3194
3.3563
3.2728
3.1803
3.3633
3.2838
3.2384
3.3980
3.3980
3.3448
3.3750
3.2643
3.2842
3.2384
3.4090
3.1500
3.1664
3.2533
3.3645
3.3187
3.3133
3.4496
3.4065
3.3482
3.4621
3.2342
3.4534
3.2878
3.2991
3.3620
3.3906
3.2808
3.3698
3.5471
3.4979
3.5417
3.4392
3.2620
3.1935
3.3233
3.2685
3.4219
3.2188
3.2282
3.3344
3.1940
3.4078
3.6002
3.5242
3.5379
3.6224
3.3563
3.2869
3.3882
3.2674
3.4782
3.6383
3.2291
3.2032
3.3677
3.3387
3.4204
3.2211
3.5130
3.4952
3.3732
3.2413
3.3252
3.3896
3.5413
3.5498
3.5455
3.5014
3.1938
3.3123
3.1772
3.4477
3.4239
3.4912
3.2600
3.4661
3.4527
3.3869
3.2642
3.5421
3.3742
3.7379
3.6073
3.7953
3.4591
3.6469
3.6408
3.7084
3.7998
3.5049
3.6719
3.5189
3.6459
3.5178
3.2974
3.3874
3.2956
3.3911
3.5044
3.6108
3.6397
3.5446
3.4486
3.3475
3.3054
3.3611
3.2399
3.3171
3.4365
3.2164
3.2292
3.2387
3.0261
3.1972
3.3367
3.2919
3.2659
2.9748
3.2491
2.9725
3.2142
3.1337
3.0900
3.2222
3.1753
3.2088
3.0924
3.2536
3.0781
3.1784
3.1849
3.1653
3.0615
3.1226
3.1637
3.1608
3.3476
3.3076
3.2156
3.2592
3.3143
3.4539
3.5224
3.3927
3.4248
3.2267
3.3618
3.6456
3.3061
3.5037
3.2740
3.5305
3.5890
3.4166
3.6658
3.7088
3.5572
3.5662
3.5872
3.8791
3.6884
3.8922
3.8778
3.7821
3.9580
3.6873
3.8173
3.7777
3.9329
3.8438
3.8837
3.7153
3.9113
3.5506
3.6497
3.6360
3.7072
3.8512
3.8046
3.9279
4.1335
4.2161
4.2607
4.0740
4.2568
3.8987
4.0015
3.7841
3.5977
4.1050
3.9886
3.6560
3.8449
3.7590
3.7974
4.1624
3.7384
3.6277
3.7813
3.9679
4.1115
3.8830
3.7041
3.9114
3.9298
3.9568
3.7906
3.8131
4.1019
3.9023
3.7891
3.6893
3.4795
3.9664
4.0469
4.0592
4.1966
4.1485
3.7469
3.9278
3.9653
3.8540
3.9683
4.0515
3.9356
3.9803
4.1780
3.9519
3.9579
4.0249
4.1009
4.1696
4.1009
3.9572
3.9469
3.9739
4.0700
3.9151
4.0305
4.0999
4.0319
4.1066
3.9905
4.0183
4.1189
4.4565
4.2043
4.1495
4.2413
4.2683
4.0905
4.2505
4.2656
4.1386
4.0708
4.2429
4.0402
4.1028
4.1947
4.2790
4.2545
4.2196
4.1098
4.3617
4.0791
4.2078
4.0876
4.2088
4.2594
4.3724
4.3142
4.4029
4.3279
4.1251
4.0920
4.0597
4.1718
4.3159
4.4065
4.1638
4.1442
4.0333
4.0484
4.3882
4.3101
4.0661
4.2476
4.0533
4.1857
4.5112
4.2314
4.2352
4.3419
4.1366
4.0564
4.0121
3.9434
4.0469
3.8397
4.0524
4.0500
3.8145
4.0808
4.0154
3.9225
4.0557
4.1200
4.0704
4.1629
4.2504
4.1201
4.0858
4.1194
4.2788
4.1658
4.3999
4.2086
4.1558
4.1110
4.1534
4.1795
4.2411
4.3737
4.2608
4.1254
4.4922
4.3856
4.4865
4.4603
4.4258
4.4885
4.3376
4.1149
4.2373
4.0234
3.9357
4.0689
4.2723
4.2022
4.1956
4.2160
4.2822
4.5636
4.6597
4.5217
4.1235
4.3383
4.3770
4.4136
4.5547
4.5751
4.4659
4.5379
4.3448
4.2665
4.3061
4.5421
4.5849
4.4999
4.5381
4.4534
4.2165
4.3267
4.4110
4.3964
4.2295
4.1806
4.2171
4.1389
4.1294
4.2938
4.3607
4.4403
4.1223
4.2632
4.2166
4.3404
4.3709
4.1574
4.4656
4.2352
3.8474
4.0720
4.0522
4.1558
4.1083
4.2182
4.1601
4.1362
4.1629
4.3507
4.2633
4.0647
4.2344
4.3551
4.2196
4.0481
4.2495
3.8778
4.1396
4.0536
4.4204
4.1352
4.1154
4.1058
3.9994
4.1371
3.9464
3.9561
4.2070
4.0766
4.2105
4.2811
4.1158
4.0517
4.2398
3.8251
4.0511
4.0822
4.0389
4.2258
3.9992
4.2433
3.9587
4.3081
4.0660
4.0371
4.1426
4.2136
4.2358
4.0558
3.9953
4.0634
4.1915
4.1358
3.9875
4.0737
3.9015
4.0251
3.9206
3.8451
3.9722
4.0412
3.9010
4.1299
4.1166
4.2172
4.2345
4.2087
4.2292
3.9998
4.1673
4.2076
3.7596
4.2378
3.9647
3.9969
4.2564
4.2358
4.0905
4.3091
4.2415
4.3628
4.0118
4.0228
4.0681
4.0816
4.3560
4.3750
4.2778
3.9399
4.0466
3.9727
4.1075
4.0790
4.4104
4.0530
4.3283
4.1369
3.9614
4.0433
4.0264
3.9290
4.0146
4.2812
4.2027
4.3626
4.0635
4.1512
4.3281
4.1792
4.2832
4.4034
4.0663
4.3559
4.2968
4.4364
4.3977
4.1697
4.1381
4.2020
4.0914
4.0247
3.8417
3.8232
4.2315
4.1608
4.0405
4.0306
4.2851
3.9211
4.1820
3.9853
3.9324
3.9832
3.9732
3.8868
4.1564
4.1976
4.3394
4.0845
4.2107
4.2473
4.2595
3.8233
3.9673
3.9098
3.9771
3.8119
4.1929
4.1481
4.0369
4.1046
4.3522
4.0042
4.2263
4.0282
3.9940
4.0281
4.1044
4.0809
4.0844
3.7950
3.8724
4.1069
4.0030
4.0299
4.0523
4.1190
4.0238
3.9929
3.8712
4.0043
4.1148
4.2746
4.3330
4.2082
4.3455
4.3344
4.0160
4.2341
4.1869
4.3461
4.2794
4.0965
4.1423
4.1229
4.4104
4.1951
4.3023
4.3235
4.5053
4.4146
4.3142
4.1939
4.4398
4.4508
4.1348
3.9815
3.8966
4.0759
4.0404
4.0149
4.0087
4.3899
4.2415
4.1666
4.2905
4.1023
4.1567
4.1451
3.9958
4.2098
4.3797
4.0870
3.9756
3.9899
4.0460
3.8226
4.0750
3.9320
3.8939
4.0370
4.0078
3.9802
3.9075
4.0129
3.9824
3.8352
3.9195
4.1225
4.0462
4.2741
4.0138
3.9150
4.0119
4.2838
4.1164
4.0246
4.1629
3.9849
4.0205
4.0915
4.0969
4.2999
4.1300
4.2198
4.0527
4.2244
4.1105
4.0025
4.0320
4.0874
4.1896
4.2584
4.1370
4.0482
4.1498
4.1834
4.0794
4.1133
3.9202
3.9466
3.8716
4.1305
3.9899
4.1870
3.9098
4.0559
4.1479
4.0870
4.1861
4.1748
4.2629
4.1479
4.2163
4.2473
4.3030
4.3163
4.0984
4.1420
4.2626
4.0428
4.1520
4.2014
4.1370
4.3040
4.2335
4.0672
4.1128
4.0024
4.1105
4.0648
4.0473
3.9028
3.9912
4.0775
4.0124
4.2788
4.0651
4.1769
4.1402
4.2972
4.4667
4.1106
4.3210
4.4038
4.4443
4.4237
4.1508
4.2314
4.3135
4.3147
4.3334
4.1135
4.1112
4.3822
4.2837
4.2086
4.2092
4.3499
4.2159
4.2654
4.4338
4.4495
4.2223
4.3961
4.3490
4.3904
4.1537
4.2720
4.1158
4.2843
4.2161
4.1053
4.2339
4.1185
4.2269
4.3287
4.1852
4.3605
4.3304
4.2931
4.1652
4.2852
4.1850
4.1914
4.3755
4.1822
4.3171
4.3180
4.2951
4.3100
4.3844
4.5434
4.3547
4.3477
4.3535
4.1626
4.1927
4.3743
4.1844
4.1530
4.3160
4.2996
4.4944
4.4344
4.3516
4.3478
4.4876
4.4753
4.5389
4.6855
4.1532
4.3409
4.4206
4.7193
4.5322
4.6448
4.5209
4.2485
4.1990
4.1963
4.1412
4.3571
4.2551
4.3800
4.1826
4.3744
4.2512
4.4419
4.3462
4.2309
4.3791
4.4469
4.2565
4.2468
4.3181
4.2415
4.1545
4.0420
4.1420
4.3080
4.3760
4.3344
4.2427
4.0924
4.2220
4.3125
4.1425
4.1865
4.2627
4.2559
4.0590
3.9073
4.1592
4.0916
4.0542
3.9138
3.9188
3.8236
3.9794
3.8193
3.8627
4.1018
3.9299
4.0492
4.1516
3.9126
3.8977
3.8132
3.9890
3.8841
4.0702
4.1629
4.0216
4.0604
4.1107
3.9555
4.1290
4.2253
3.8752
3.9105
4.2034
4.0516
4.2929
4.3458
4.2770
4.2185
4.0946
3.9652
4.2580
4.1160
4.1731
4.1812
4.1068
3.9805
3.9654
4.0202
4.0092
3.7537
4.1807
4.1120
4.1458
3.9412
4.1078
3.9834
3.8222
4.1025
3.9338
3.7687
3.9170
3.9174
4.0664
3.9024
3.9109
3.9957
3.9818
3.8331
4.0000
4.0987
3.9332
3.9573
4.0685
3.9256
4.1642
3.8421
4.1439
3.9281
4.0749
4.0170
3.9770
4.0248
4.1938
4.1070
4.0379
3.9471
4.0741
3.9263
4.1163
4.1090
4.0407
4.0279
4.2621
4.0474
4.0921
3.9784
4.1297
4.1614
4.0498
4.1450
4.0911
4.0888
4.0564
4.1047
3.9076
4.1134
4.0271
4.1886
4.0969
3.9374
4.2235
4.0440
4.1633
3.9290
4.0535
4.1670
3.8845
4.0074
3.8951
3.9534
3.9659
4.0584
4.1865
4.0535
4.1598
4.0768
3.9040
4.1718
4.0754
3.9994
4.0135
3.8085
3.9221
3.8474
3.7795
3.9319
3.8637
3.9209
3.8181
3.8421
3.9164
4.0291
3.8754
3.8997
3.9077
3.8090
4.1109
3.9170
3.8994
3.8029
4.0280
3.9328
3.9820
3.9069
3.8363
3.8590
4.0268
3.8859
3.9878
3.9154
3.9063
3.9171
3.6965
3.8031
4.0211
3.7887
3.9719
3.9734
3.8474
3.8467
3.9206
3.7934
4.0116
3.8752
3.9228
4.0106
3.9072
4.0326
3.9945
3.9725
3.9714
3.8803
3.9963
3.8310
3.8043
3.8978
3.8623
3.8916
3.8149
3.8071
3.7408
3.8909
3.7466
3.9877
3.9941
4.0484
3.9661
3.8961
3.8371
3.9420
3.9187
3.9785
3.9945
3.8937
3.9851
3.9307
4.0489
3.8832
4.0516
4.0010
4.0346
4.0212
3.9899
3.9668
4.0247
3.9875
3.8370
3.9485
4.1083
4.0347
3.8621
3.8933
3.8673
3.9064
3.8574
3.9540
3.8801
3.8910
3.8368
3.8226
4.0543
4.0779
3.9312
3.8183
3.7918
3.9981
3.8654
3.7164
3.8420
3.8027
3.9394
3.8854
3.9824
3.8854
3.8697
4.0146
4.0404
3.8877
3.8612
3.9130
4.0290
3.9651
3.8599
3.9431
3.7364
3.8864
3.8572
3.8254
3.9320
3.9423
3.8118
3.7574
3.9814
3.9384
3.7489
3.7771
3.8668
3.8663
4.0082
3.9060
3.7538
3.8553
3.8636
3.9321
3.9830
3.7976
3.9050
4.0429
3.8412
3.8482
3.9300
3.9285
3.9888
3.9331
4.0922
3.8750
4.0560
3.9093
3.8901
3.8415
3.8932
3.8598
3.8461
4.1034
3.9624
4.0129
3.9973
3.8563
3.7350
3.8388
3.8843
3.8438
4.0379
3.8557
3.7951
3.9606
3.8950
4.0204
3.7488
3.7626
3.8998
3.9021
3.8816
3.9285
3.8707
3.8292
3.9941
3.7122
3.8628
4.0069
3.8500
3.8123
3.9120
3.8832
3.8904
3.6676
3.6486
4.0218
3.9695
3.7390
3.6043
3.9193
3.8019
3.9594
4.0178
4.0955
3.9220
3.8831
3.8197
3.9364
4.0044
4.0159
3.7662
3.7368
4.0067
3.8599
3.6874
3.8553
3.8918
3.8949
3.9650
3.7609
3.8242
3.8937
3.8476
3.8620
3.8711
3.7156
3.9753
4.0147
3.8717
4.0721
3.9921
4.2170
4.0796
4.1108
3.9995
3.9788
4.0993
3.9531
3.9341
3.9045
4.0335
4.0383
4.0206
3.8861
4.0959
3.9831
4.0793
3.9760
4.0874
3.9678
4.1007
4.2098
4.1120
4.2463
4.1552
4.1828
4.0102
3.9644
4.0796
4.1070
4.0220
3.9762
3.9269
4.1050
4.2105
4.0446
4.0641
4.0251
4.0239
4.1597
3.9643
4.1205
4.0724
3.9206
4.0240
4.2550
3.9604
3.9123
4.2096
3.9291
4.0385
4.1317
4.0517
4.0877
3.8693
4.0376
3.8254
3.8751
4.0751
3.8372
4.0428
3.9990
3.7595
3.8915
4.0340
3.9822
3.7923
3.8714
3.9958
4.1819
4.0580
4.0309
3.9864
4.0392
3.9186
4.0047
3.8728
3.8530
3.9067
4.0245
4.1338
3.9664
3.9647
4.0155
4.0633
3.9445
4.2119
4.0087
4.0190
3.8489
3.9520
3.8154
3.8790
3.9912
3.8407
3.7949
3.9387
3.9265
4.0887
4.1171
4.0084
3.8334
3.8517
3.8739
3.9097
4.0288
3.9530
3.8050
3.8528
3.8469
3.9298
3.7568
3.9848
4.0604
4.0298
3.9134
3.9248
4.0706
4.1760
4.2463
4.1224
4.3087
4.2578
4.2014
4.3292
4.0873
3.9727
4.0009
4.0765
4.2111
3.8764
3.8504
4.0731
4.1792
3.9635
3.8906
4.1109
3.8365
3.9774
4.0850
4.1621
3.8567
3.8911
3.8858
3.9557
3.8311
3.7907
3.8681
3.9061
3.9118
3.7130
3.9350
3.7752
3.8598
3.8949
3.8631
3.8958
3.9786
3.9170
4.0312
3.8656
4.1218
4.0158
4.0752
4.0847
4.1058
4.0666
4.0415
4.1260
3.8327
4.0582
4.0703
4.1469
3.8763
3.8784
4.0759
4.0848
4.1536
3.8351
3.8619
3.6424
3.9716
3.7793
3.9680
3.9837
3.7933
4.0251
3.9494
4.2087
3.9671
4.1866
4.0015
3.9105
3.8993
3.9869
3.8715
4.1025
3.9254
3.9483
3.9073
3.9984
4.1734
3.8424
4.1841
3.9519
4.0904
3.8169
4.1670
3.9477
4.1826
3.8106
3.8145
3.7561
3.9713
3.9925
4.1729
4.0057
4.1232
4.0777
3.9165
3.8178
3.8382
3.9268
3.8825
3.9726
4.0283
4.2183
3.9655
4.1194
3.8878
3.9877
3.8274
3.9716
3.9414
3.9737
3.7455
4.0360
4.0389
3.8579
4.0047
4.2753
4.0137
3.8734
3.8210
4.2633
4.0865
4.1274
4.1760
4.0586
4.1669
3.9768
4.0306
4.0930
4.0038
4.0780
4.0646
3.9150
4.1801
3.8327
3.9306
3.7661
4.0722
4.1235
4.1780
4.0972
3.8426
4.0000
4.0496
3.9661
4.0101
4.0197
4.0954
4.0600
4.0732
4.0168
4.2135
3.9629
4.2360
4.0770
3.9928
4.1023
4.3561
3.9567
3.9424
4.0949
4.1066
4.2811
3.9921
3.8905
3.8514
3.9149
3.9348
3.8843
4.0760
4.0729
4.1512
4.0023
3.9196
4.0524
4.1041
4.1940
4.1234
4.1749
4.1762
4.1334
4.0518
4.1145
4.0384
4.2169
4.2412
4.0656
4.0410
4.1923
4.1674
3.9423
3.9971
3.9302
4.0795
3.9804
4.0038
4.0532
3.9869
3.9690
3.9802
3.9833
4.1671
3.9599
4.1328
4.2152
3.8481
4.1193
4.1420
4.2475
4.2787
4.2586
4.2560
4.0653
3.9793
4.0916
4.0228
4.1352
4.0674
4.1091
4.2936
4.2656
4.0974
3.9633
4.0523
4.3467
4.2139
4.2981
4.3405
4.1234
4.1165
4.1609
4.2524
4.3923
4.2756
4.0420
4.2855
4.0222
4.0468
3.9053
3.9326
3.9681
4.0891
4.0100
3.8907
4.1633
4.1303
4.0986
4.1736
4.0641
3.9936
4.1496
4.0607
4.0105
3.8842
3.9974
3.9918
4.2211
4.1318
4.1087
4.2536
4.3800
4.1364
4.1994
4.1453
4.1586
4.0985
4.1137
4.0049
4.0233
4.0924
4.1138
4.0260
4.0156
3.9686
4.2756
3.9083
3.9316
4.2577
4.0868
4.1505
4.2705
4.1175
4.1937
4.1915
4.1297
4.0859
4.1857
3.8701
3.8929
4.1409
4.0214
4.0255
4.1052
4.0962
4.0711
4.0052
4.1561
4.1816
4.1123
4.1342
4.0928
4.1254
3.9612
3.9238
4.0135
3.8712
3.8957
4.1162
3.8480
3.8393
3.8692
3.8514
3.9184
3.9011
3.9027
3.9481
3.9605
3.8830
3.9068
3.9679
3.8523
3.9524
3.9088
3.9474
3.8892
3.9840
3.9282
3.9756
4.0223
4.2096
4.0100
4.0126
3.8226
4.1691
3.9912
4.0809
4.1075
3.9537
3.9488
4.1128
4.1522
4.0285
4.0259
3.9730
3.9752
4.1662
3.9622
4.0797
4.0524
4.0796
4.1595
4.1051
4.0419
4.1845
4.2288
4.4056
4.1675
4.3599
3.9759
4.1291
4.2373
4.5214
4.4575
4.2864
4.0865
4.1892
4.1684
4.2611
4.0883
4.2867
4.1808
4.0230
4.2779
4.1056
4.1241
4.2500
4.2502
4.3622
4.1365
4.0729
4.2258
3.9515
3.9338
4.0830
4.4562
4.2554
4.2523
4.1915
4.3016
4.1832
4.3391
3.9970
3.9259
4.2891
4.2765
4.5421
4.3024
4.3517
4.2183
4.4049
4.3234
4.1802
4.1269
4.0594
4.1042
4.1978
4.2059
4.2508
4.3384
4.1541
4.0986
4.0201
4.0163
4.1585
4.0933
4.1266
3.9789
3.8876
3.9914
3.8863
4.1509
4.0080
4.0161
4.0317
4.1489
4.2535
4.1585
3.9669
4.0880
4.1149
4.0167
4.0567
4.0541
4.0688
4.1031
4.2780
4.4096
4.1299
4.0564
4.0570
4.0760
4.1460
4.2971
4.0240
4.0455
4.2012
4.2997
4.0741
4.2128
4.2106
4.0784
4.1804
4.1770
4.1867
4.1157
4.2589
4.3529
4.4282
4.2250
4.2745
4.1570
4.1304
4.2780
4.1543
4.3483
4.2286
4.1724
4.1528
4.1535
4.2460
4.0162
3.9771
4.2009
4.0053
4.0999
4.2064
4.0416
4.1430
4.2014
4.1073
4.0211
4.3654
4.0591
3.9898
4.1917
4.0009
4.1110
4.2171
4.2653
4.4821
4.0201
4.3390
4.1888
4.1531
4.2065
3.9836
4.2375
4.2284
4.1396
4.1175
4.0742
4.0811
4.2882
4.3055
4.1658
4.2177
3.9474
4.0101
4.0017
4.0626
3.8758
4.5548
4.1056
4.1784
4.3145
4.1918
4.0118
4.1552
4.0256
4.2400
4.2136
4.1145
4.0013
3.9286
4.0874
4.0448
4.1077
4.1379
4.1608
4.2336
3.9820
4.0017
4.0639
4.0942
4.0907
4.3282
4.3878
4.4592
4.2357
4.3235
4.2494
4.1451
4.4260
4.4528
4.5305
4.3155
4.5901
4.2901
4.2740
4.1452
4.2107
4.4167
4.2611
4.1034
4.1947
4.0508
4.1160
3.9739
4.0121
4.0344
3.9994
4.1813
4.1444
4.1638
4.0785
4.0864
4.2829
3.9679
3.9277
4.3326
4.0238
4.0564
4.1533
4.1860
4.1331
4.3758
4.2449
4.2318
4.1157
3.9973
4.0644
4.1120
4.2564
4.1871
4.1703
4.0638
4.0123
4.2000
4.1496
4.1192
3.9518
4.0134
4.1488
4.2285
4.2336
4.1876
4.1991
4.0195
4.0637
3.9852
4.0797
4.1310
4.2492
4.3170
4.3118
4.1642
4.1766
4.0955
4.1146
4.3025
4.2325
4.1676
4.1315
4.1749
4.0198
4.1795
4.0098
4.0606
3.9487
3.9471
4.1223
4.0580
4.1453
4.1139
4.1119
4.0795
4.2012
4.0940
3.9247
3.9746
4.0812
4.1423
4.0844
3.9707
4.2031
4.2384
4.3158
4.0595
4.0253
3.9312
4.0418
3.8953
3.9200
3.9319
3.9159
3.8377
4.0472
3.9110
4.0576
4.0603
4.2738
4.1374
3.9874
4.2475
4.0266
4.1924
4.2466
4.0956
3.9990
4.2029
4.0205
4.1434
4.0358
4.0158
4.1791
3.9839
4.0962
4.1253
4.0913
4.0683
3.9816
4.1325
3.7278
4.0253
4.1087
4.0126
3.8453
3.9267
4.2139
4.3405
4.1547
4.1106
4.2740
4.0664
4.0346
4.0561
4.0403
4.1328
4.0672
4.0264
3.9589
4.0896
4.0535
3.7861
4.0268
3.8971
3.8750
3.9803
4.1005
3.7137
3.8539
3.7852
3.8207
3.8835
3.8838
3.9770
3.8900
4.1524
4.1125
3.9730
3.8742
4.0984
4.1072
3.9672
4.0902
4.0654
4.0740
3.9924
3.9436
4.1354
3.8130
4.1261
4.0069
4.0054
3.8535
4.1129
3.9754
3.9331
4.0185
4.1136
4.1715
4.0325
4.0596
3.8549
4.1159
3.9488
3.8335
4.0156
3.9380
4.2061
3.8646
4.1640
3.9819
3.8534
3.9668
4.2258
4.1570
4.0453
4.0783
4.0444
4.0325
4.1901
4.0237
4.0571
4.0609
3.8144
4.0676
4.2075
4.1416
3.9481
4.3409
4.2210
4.2407
4.1177
3.9796
4.1590
4.0987
4.1311
4.0401
4.1344
4.0993
4.1746
4.0354
4.0596
4.1391
4.1591
4.0581
3.9923
4.2267
4.1372
3.8738
4.1072
4.0595
4.1388
4.0104
4.1956
4.1463
4.3060
4.1779
3.9214
4.1205
4.1388
4.2532
4.2188
4.0244
4.0384
4.1451
4.0929
4.1687
4.0144
3.9519
3.9777
3.9991
4.0111
4.1349
4.0843
4.1417
4.1897
4.1146
4.1454
4.1171
4.3277
4.0999
4.1464
4.1369
4.3892
4.1791
4.1656
4.2127
4.1044
3.9812
4.1741
4.1360
4.2965
3.9824
4.1371
4.3596
4.0957
4.0938
4.3398
4.1737
4.1899
4.2137
4.0991
4.2886
4.1104
3.9995
4.2139
4.0632
4.1412
4.2043
4.2782
4.0750
4.0328
4.1666
4.1562
4.1815
4.0783
4.4976
4.1132
4.2047
4.0748
4.3636
4.0271
4.0523
4.1048
4.0232
4.2652
4.1206
3.9450
3.8850
4.0253
4.0195
3.9492
4.0274
4.1130
4.0441
4.1911
4.0741
3.9919
4.1378
4.1634
3.9716
4.0846
4.1684
4.1287
4.2416
4.2118
3.9846
3.9858
4.0531
4.0802
3.9989
4.0889
4.1642
4.1032
4.0819
4.2218
4.1019
4.0679
4.1304
4.0997
4.3447
4.0479
4.0203
4.3589
4.2108
4.0706
4.1613
4.0585
4.0326
4.1065
4.0478
4.1779
4.0541
3.8899
4.4174
4.1969
4.2198
4.3139
4.1396
4.1974
4.3251
4.1348
4.1935
4.0030
4.3967
4.2753
4.1446
4.0395
4.1362
4.1044
4.3033
4.2943
4.3082
4.1718
4.2002
4.1790
4.2581
4.1678
4.1102
4.2232
4.3517
4.3486
4.1865
4.1312
4.0837
4.0658
4.2787
4.1864
4.1774
4.1148
4.0761
4.0049
4.1180
4.1193
4.0897
4.3630
4.3382
4.2973
4.4611
4.3422
4.1085
4.4609
4.2772
4.1867
4.5854
4.5586
4.4676
4.2000
4.3745
4.2625
4.0735
4.1370
4.5234
4.3508
4.3718
4.2337
4.3708
4.2047
4.2937
4.4186
4.4468
4.1967
4.4085
4.2337
4.3798
4.3569
4.2999
4.6375
4.3082
4.3803
4.3695
4.4449
4.5770
4.3826
4.5905
4.3754
4.6238
4.2813
4.3542
4.2058
4.3200
4.2712
4.4058
4.2635
4.6712
4.5817
4.4618
4.3457
4.5048
4.2648
4.4076
4.2973
4.3272
4.2750
4.3400
4.3241
4.4844
4.3240
4.2743
4.4572
4.1973
4.3259
4.4585
4.3207
4.2782
4.2428
4.2690
4.3435
4.3398
4.4499
4.4332
4.3965
4.3450
4.4640
4.3260
4.5962
4.3661
4.3973
4.0977
4.2885
4.5922
4.1423
4.2641
4.3277
4.2951
4.2461
4.1581
4.1695
4.4711
4.3476
4.0706
4.2461
4.2274
4.1506
4.1599
4.1317
4.2810
4.2728
4.2681
4.3367
4.2101
4.4760
4.4161
4.1947
4.5392
4.2782
4.3606
4.3011
4.4273
4.2965
4.5086
4.4832
4.3550
4.3117
4.3710
4.3165
4.5063
4.4123
4.3706
4.2060
4.3367
4.1283
4.2931
4.2780
4.3255
4.2833
4.2381
4.3415
4.2779
4.0769
4.2399
4.3235
4.0774
4.2495
4.3354
4.4363
4.2886
4.4980
4.3845
4.1440
4.0856
4.0913
4.3039
4.1689
4.0842
4.2635
4.2631
4.3911
4.1227
3.9571
4.2465
4.0801
4.2806
4.2182
4.1931
4.0787
4.2022
4.2896
4.3131
4.2090
4.1967
4.1787
3.9921
4.2175
4.2100
4.1992
4.0918
4.1880
4.1663
4.2292
4.2547
4.0854
4.1448
4.2432
4.3769
4.1370
3.9717
4.2060
4.0920
4.1322
4.1382
4.2557
4.2667
4.2769
4.1546
4.2730
4.1324
4.1497
4.1396
4.0697
4.2216
4.2031
4.2302
4.1005
4.2328
4.0203
4.0001
4.0953
4.1998
4.0966
4.1651
4.2474
4.0984
4.0513
4.0499
4.0057
3.9477
4.0741
4.1401
4.2007
4.1405
4.1058
4.0389
4.2285
4.1248
4.0503
4.2812
4.2273
4.2327
4.2239
4.0879
4.2543
4.1043
4.1002
3.9900
4.1897
4.2053
4.1920
4.0267
4.0982
4.0740
4.1701
4.2984
4.1788
4.2189
4.1057
4.3322
4.2216
3.9287
4.1436
4.0921
4.2244
4.1691
4.2507
4.1831
3.9963
4.2343
4.2962
4.2633
4.3056
4.2429
4.1894
4.0500
4.1031
4.0101
4.0397
4.2010
4.0084
4.1454
4.1193
4.0782
4.1942
4.1042
4.2139
4.2460
4.3020
3.9665
4.0214
3.9760
4.0141
4.0049
4.1322
4.1451
4.0939
4.0000
4.2091
4.2169
4.1505
4.2656
4.1105
4.0863
4.1437
4.1066
4.2042
4.0509
4.1029
4.0326
4.2686
4.0568
3.9740
4.0252
4.1210
4.2619
4.2564
4.2534
4.2145
4.3180
4.4334
4.3765
4.1051
4.2544
4.5223
4.0526
4.1118
4.2221
4.1174
4.1996
4.0312
4.2619
4.2192
4.1611
4.1578
3.9845
4.0988
3.9519
4.0563
3.8981
4.0387
3.9145
4.1409
4.0822
4.1036
4.1285
4.0638
3.9523
4.0149
3.9150
3.9484
3.8876
4.1132
4.0781
3.9672
4.2088
4.2222
4.1258
4.0485
4.0350
4.1540
4.1665
4.1197
4.0792
4.0524
4.1113
4.1224
3.9554
4.0893
4.0319
4.1576
4.2040
4.0519
4.1058
4.0075
4.2600
4.1660
4.0317
4.0129
4.0397
4.1207
4.0934
4.0363
3.9736
3.9772
3.9109
3.9700
4.0484
4.0762
4.1363
3.8903
4.2708
3.9024
3.9545
3.9249
4.1410
3.9884
4.0762
4.0656
4.0006
4.0267
3.8929
3.9851
3.9317
4.0892
4.0539
4.0934
4.1163
4.0918
4.1248
4.2171
4.0293
4.0873
3.9560
4.0590
4.0854
3.8656
4.1095
4.2152
4.1938
4.3460
4.2288
4.1714
4.0494
4.1195
4.1819
4.2017
4.1328
4.0042
4.0521
4.0323
4.1060
3.9299
4.1082
4.2485
3.9416
4.1048
4.1870
4.0270
4.1101
4.2222
4.0774
4.0442
3.9426
3.9895
4.1824
4.0262
4.0515
4.1409
4.0858
3.8812
4.0679
3.9440
4.0105
3.9727
3.9980
4.1044
4.0661
4.0554
4.1121
3.9062
3.8754
3.9840
4.1883
3.8946
4.0217
4.0173
3.7616
3.9062
4.1021
3.9624
3.9810
4.0799
4.0655
4.0971
4.0104
4.0315
3.9743
4.0190
3.9898
3.8404
3.9931
4.0311
3.9588
3.9721
3.9669
3.8989
3.9847
3.8993
4.0033
3.9163
4.0073
3.9474
3.8296
3.9630
4.0071
4.1542
4.1712
4.0323
4.1552
3.9058
4.0924
3.9555
4.1100
4.1797
3.9541
3.9882
3.9188
3.8617
3.9486
3.7179
3.8972
3.8357
3.8305
4.0498
4.0663
3.9471
3.9465
3.9942
3.9018
3.7545
3.9408
3.9452
3.7445
3.9190
4.0635
3.9577
3.9752
3.8853
4.0072
3.9509
4.0113
3.9635
3.8840
4.1034
3.8111
3.9244
4.0575
4.0240
3.9246
3.9026
3.9296
3.9662
4.0112
4.0326
3.8864
4.2617
4.1566
4.1678
4.0346
4.0483
4.1604
3.9748
4.0922
4.1982
3.8347
3.8471
3.8505
3.8016
3.8004
3.9575
4.0973
3.9549
3.8570
4.0638
3.9625
3.8157
3.7402
3.8015
3.8823
3.7580
3.8992
4.0946
3.8642
4.0113
3.8051
3.8246
3.9233
3.8436
3.9749
3.8999
4.0455
4.0383
3.9102
3.9655
3.9015
4.1956
3.8087
3.8583
3.8824
4.0756
4.0513
3.8752
3.9904
3.7486
3.7821
3.8789
4.0208
3.8594
3.8967
3.8498
3.8454
3.6095
3.7390
3.7315
3.8142
3.8981
3.8664
3.7961
3.9147
3.7426
4.0051
3.8315
3.7154
3.7366
3.5826
3.5490
3.6308
3.6892
3.6975
3.5777
3.7678
3.5717
3.7947
3.7924
3.7004
4.0495
3.7440
3.7408
3.7170
3.8821
3.9353
3.8298
3.6977
3.6285
3.6560
3.7981
3.7456
3.8170
3.5892
3.6643
3.6017
3.8609
3.8050
3.8365
3.8493
3.6697
3.7225
4.0295
3.9252
3.9123
4.1233
3.8172
3.9567
3.8059
3.8118
3.9534
3.8891
4.0038
3.8762
3.9556
3.9334
3.8636
4.0551
3.9720
4.0011
4.0458
4.0404
4.0818
3.9249
3.9919
4.1341
4.0961
3.9643
4.0437
4.0602
3.9703
4.1251
4.1962
4.2190
4.0331
4.2335
4.0023
4.2414
3.9580
4.0096
3.8542
3.9894
3.8768
4.0839
4.0741
4.1235
4.1095
4.1261
4.1172
4.1143
3.9836
4.1629
4.2766
4.4232
4.0958
4.6861
4.3620
4.1668
4.3326
4.3268
4.0383
3.8988
4.1859
4.1756
4.2907
4.0441
3.8963
4.1496
4.0164
3.7935
4.0174
4.0679
4.2693
3.9842
3.9132
3.9855
4.1499
4.2064
4.2096
4.2499
4.3276
4.0397
4.0169
4.1283
4.0259
4.0039
3.9881
3.9305
4.1839
4.0166
3.9816
4.0001
3.7837
4.0070
3.9226
4.1999
3.9385
3.8612
3.8450
3.8737
4.0483
4.0379
4.0958
3.9269
3.9039
3.9348
3.8528
3.7694
3.9728
3.9332
3.9838
3.8389
3.8234
3.8888
3.9147
3.8545
4.0438
3.9681
4.0117
4.1599
4.0573
3.9531
3.8673
3.8698
3.8383
3.7956
3.8370
3.9168
3.9487
3.8342
3.7801
3.7938
3.9233
3.7136
3.8404
3.6672
3.8838
3.8324
3.7385
3.7847
4.0088
3.8385
3.9033
3.8916
3.9528
3.7757
3.8657
3.6287
3.9378
3.9655
3.9268
4.0054
3.7737
4.0601
3.9211
4.1236
3.9994
3.8709
3.6572
3.7616
3.8505
3.8219
3.8277
3.9679
3.9144
3.9062
4.0657
3.8257
4.0842
3.9015
3.9619
3.8256
3.8047
3.9352
3.7929
3.7322
3.8106
3.9739
3.7205
3.7201
3.7307
3.7602
3.9596
3.8830
3.8015
3.7968
3.8807
3.9578
3.8543
3.5994
3.7400
3.7382
3.8264
3.8485
3.7529
3.8512
3.8869
3.9580
3.8903
4.0812
4.0889
3.9198
4.0091
3.9912
3.9430
3.8602
3.9707
4.0982
4.0808
3.9022
3.8965
4.0209
4.0372
4.0163
3.9961
3.9724
3.9555
4.1591
3.8664
3.8327
3.8908
3.8847
3.9164
3.8901
4.1311
3.9756
4.0156
3.8898
3.8763
3.8274
3.6012
3.8010
4.0146
3.7737
3.9741
3.7103
4.0229
4.0613
4.2322
4.2373
3.9690
4.0288
3.8311
3.8477
4.2254
4.2244
4.2478
4.2623
4.0311
4.0645
4.1119
3.9321
3.9747
3.7975
4.0182
3.9250
4.0967
4.0814
4.0702
4.1636
3.9687
4.0058
4.0563
4.2049
3.8643
4.1105
3.9040
3.9858
4.0236
4.0813
4.0444
4.1322
3.9850
3.9999
3.9541
4.0597
4.0197
3.9973
3.9902
4.1337
4.1781
4.1914
3.9396
4.0837
4.1603
4.0138
4.0186
4.2937
4.1152
4.1496
4.1367
4.0285
3.9659
4.2487
4.0561
4.1264
4.2124
4.1018
4.0223
4.0027
3.9702
4.3591
4.2913
4.0446
4.1103
3.8888
3.9458
3.8160
3.9813
3.9357
4.0179
3.9580
3.8214
3.7697
3.9706
4.0127
3.9148
4.0294
4.0213
3.9285
3.9170
3.8917
4.0538
4.1888
4.0893
4.0597
4.1354
3.9321
4.1347
4.0064
3.9341
4.0002
3.9766
3.9306
3.9244
4.0785
3.9198
4.1752
4.1377
4.0166
4.0585
4.0621
4.1662
4.0399
4.0039
4.1221
3.9514
4.0578
4.0846
4.0605
4.0015
3.9208
4.2640
4.0493
4.0338
3.7972
3.9713
4.0312
4.1278
4.0464
3.8633
4.0391
4.0968
4.0945
4.0385
3.9808
4.2218
4.0795
4.1275
4.1151
4.0471
4.1113
4.1571
3.9382
3.9676
4.1241
4.1221
4.0912
3.9949
3.9858
4.0375
4.0796
4.1756
4.1395
3.9890
3.7188
4.2273
3.8730
3.8863
3.9368
3.8503
3.9125
3.8837
4.0475
4.0505
4.0770
3.8222
3.9824
4.0031
3.9882
4.0552
3.9075
3.9678
3.9952
4.2297
4.1870
4.0214
4.1291
4.0128
3.8036
3.9422
3.8205
3.9578
3.9014
4.0709
4.0436
3.9059
4.0370
3.9832
4.1270
4.2376
3.8997
4.1040
4.1572
4.0917
4.0907
4.1840
3.9824
3.8447
3.9816
3.9428
3.9925
3.7416
3.8200
4.0486
3.9064
3.8675
4.1225
4.0003
3.9651
3.7975
3.8437
4.0085
3.7988
3.7389
3.8722
3.8511
3.7773
3.9439
3.9872
3.9249
4.0911
3.8428
3.8962
3.9909
4.0489
3.9860
3.9823
3.9512
4.0374
3.8830
4.0822
4.1433
4.0217
3.9286
4.2569
3.9574
3.9708
3.8878
3.8720
3.9648
4.1037
4.0607
4.1697
4.1473
3.8704
4.1239
4.1751
3.9303
4.1814
4.0077
3.9381
3.9301
3.9817
3.9323
3.9027
4.0137
3.9343
3.9721
3.8006
4.1855
4.0295
4.0497
4.1180
4.0669
3.9171
3.9614
3.8646
4.0711
3.9912
3.8496
3.7795
3.9427
4.0389
3.9555
3.9260
3.8653
3.9532
4.1672
3.9470
4.0596
4.2167
4.0273
3.8727
3.9227
3.9851
3.9237
3.8819
3.8515
3.8450
3.9146
3.8382
4.0712
4.1264
4.0429
4.0931
3.9212
4.0245
4.0819
4.0250
3.9292
3.9163
4.1472
4.1714
4.1704
4.3104
3.8899
4.1647
4.4937
4.0851
4.1331
4.0330
3.8676
3.9571
4.0268
3.8799
4.1706
4.1279
4.0242
4.0510
4.1047
3.7953
4.2585
4.1886
4.1219
3.9471
4.1561
4.3349
4.2307
4.3112
4.0223
4.0322
4.0225
4.3714
3.9177
4.0236
3.8928
4.0130
4.2831
4.2096
4.0610
3.9305
4.1352
3.9593
3.9704
3.9421
3.9314
4.0555
4.1004
3.9617
4.1071
4.0255
4.1501
3.8955
3.9540
4.0300
4.0494
3.9170
3.8681
3.8574
3.8722
3.8392
3.9203
4.0010
3.9846
3.9515
4.1449
3.9362
3.9121
3.9126
4.0315
4.0061
4.1169
4.0638
3.8874
3.9874
3.8321
4.0066
3.9329
3.8467
4.0995
3.8070
4.0431
3.8443
3.9624
3.9199
3.7338
3.9684
4.0739
3.9869
3.9601
3.9656
4.0362
3.9988
3.9483
3.8301
4.0675
3.9659
3.9206
3.9231
3.8541
3.8917
4.0155
3.8575
3.8441
3.7976
3.7314
3.7780
3.7634
3.9653
3.9171
3.9059
3.8848
3.7694
4.0958
3.8638
4.0008
3.7806
3.8527
3.9674
3.9919
4.0097
4.0493
3.8000
3.8758
3.8286
3.8045
3.8640
3.8015
4.0940
4.0394
3.9496
4.1829
3.9322
4.1354
3.9613
3.9496
3.8536
4.0069
4.0143
3.7207
3.8903
3.8296
3.9846
3.9019
4.0599
3.9586
4.1084
3.9335
3.9882
4.1482
3.9461
3.9076
3.9125
4.1428
3.9338
3.9084
4.1367
3.8992
4.1436
4.0481
4.0986
4.0783
4.2300
3.9128
4.2255
3.9144
4.2299
4.0485
3.8917
3.9118
4.0126
4.1404
3.9632
4.0971
4.0071
4.1055
4.0310
4.2204
4.1213
4.2832
4.1387
4.1389
4.1408
4.1626
4.1130
4.0525
4.0467
3.9626
4.1325
3.8661
4.0075
4.1236
3.9462
4.0214
4.0705
3.8885
4.0196
3.9688
4.2502
4.1479
4.1081
4.0735
3.8342
3.9995
3.7840
3.9258
4.0943
3.8355
3.8656
3.9539
3.9791
4.0048
4.2020
3.9885
3.8112
3.8507
4.1283
3.8734
4.0242
3.8903
3.9136
3.9038
3.9851
3.8581
3.9825
4.0216
3.9892
3.8161
3.8744
3.7595
3.8332
3.8207
3.7465
3.9888
3.9191
3.9879
4.1868
3.9130
4.0283
3.8684
4.1806
4.0608
3.7699
4.1130
4.0532
4.0409
3.7549
3.9096
3.9119
4.0245
3.9207
3.9759
3.9923
3.9015
3.8275
3.9076
3.8739
3.8485
3.8790
3.7773
4.0024
3.8515
3.8831
4.0709
3.8315
3.8705
3.9829
3.8845
4.0449
4.0161
3.9282
4.0699
3.8920
3.8932
4.0400
3.9695
3.9513
3.9985
3.9740
4.1795
4.0907
4.2149
4.2421
3.8626
4.1071
4.1926
4.1619
3.9115
4.0448
4.1714
4.1036
4.0470
4.0791
4.1465
4.0937
4.2155
4.1938
3.8750
4.0806
4.1466
4.3341
4.2823
4.2201
4.2672
4.1864
4.1783
4.0417
3.9811
4.1727
3.9876
4.1221
4.0282
4.1285
4.0976
4.2575
4.0799
4.1068
4.0363
4.0720
4.1443
4.1895
4.1622
4.2267
4.2167
4.2292
4.1909
4.2429
4.1529
4.2798
4.3662
4.1292
4.1123
3.9552
4.2410
4.1169
4.2400
4.1516
4.3075
4.3293
4.2028
3.9239
4.3938
4.1580
4.1942
4.1278
4.2016
4.1210
4.3258
4.3093
4.0501
4.3299
4.2207
4.0511
4.1798
4.1229
4.0447
3.8986
3.9015
4.1519
4.2570
4.0352
4.2602
4.1224
4.0557
4.1899
4.4039
4.2371
3.9710
4.0478
4.2054
3.9570
4.2080
4.1361
4.0396
4.0501
4.0059
4.2148
4.0818
4.0338
4.2310
4.1364
3.9570
4.0723
4.0071
3.7952
4.3407
4.4214
4.1403
3.8956
4.1098
4.0956
4.1703
3.9845
4.1544
4.1979
3.8052
3.8991
4.0118
4.0659
3.9986
3.9883
4.0750
4.3137
4.3920
4.2495
4.3321
4.0516
4.2522
4.3522
4.2035
4.1094
4.3785
4.2338
4.1986
4.4210
4.1433
4.4985
4.0629
4.0941
4.2229
4.2194
4.0842
4.1534
4.1817
4.1799
4.1039
4.0675
4.3242
4.2611
4.3301
4.3058
4.4135
4.1764
4.0674
4.3028
4.4655
4.0967
4.3061
4.1407
4.3049
4.1768
4.1011
4.2945
4.4794
4.4905
4.2513
4.2079
4.3078
4.5303
4.2809
4.2178
4.3087
4.4871
4.4294
4.3576
4.2781
4.4406
4.3461
4.3441
4.3973
4.4805
4.1779
4.2836
4.3399
4.5440
4.5534
4.5475
4.5011
4.6150
4.5091
4.3965
4.2932
4.3237
4.3361
4.4812
4.5835
4.6049
4.3668
4.5736
4.2639
4.2847
4.4675
4.5892
4.3417
4.4271
4.2282
4.4548
4.5670
4.5659
4.1888
4.3201
4.4131
4.2894
4.2965
4.2052
4.2535
4.5284
4.4520
4.4415
4.4561
4.2222
4.3249
4.5829
4.3750
4.2899
4.5451
4.4873
4.3625
4.1622
4.2563
4.3202
4.3496
4.0358
3.9804
4.1682
4.4327
4.0518
4.2157
4.2211
4.4087
4.3601
4.2660
4.2659
4.2765
4.3488
4.2706
4.2605
4.2734
3.9985
4.1121
4.3018
4.2079
4.1934
4.2738
4.4022
4.3701
4.4829
4.3421
4.3608
4.3880
4.3395
4.4158
4.1302
4.5260
4.6002
4.4240
4.2959
4.4862
4.4258
3.9745
4.2094
4.0581
4.6736
4.2752
4.2797
4.3938
4.4926
4.2489
3.8977
4.2623
4.3117
3.8766
4.3057
4.4928
4.3705
3.9760
4.3362
4.4607
4.3278
4.3301
4.4644
4.4590
4.4324
4.5276
4.3243
4.2144
3.9672
4.2893
4.2330
4.0413
4.0630
4.3221
4.0981
4.3056
4.1233
4.0487
4.1939
4.2007
3.9481
4.3245
4.0676
4.3069
4.2861
4.6813
4.7417
4.5056
4.5897
4.2514
4.2052
4.3596
4.2890
3.7958
3.9240
3.9372
4.0636
4.3190
4.0611
4.0721
3.9639
4.1617
4.2000
4.1736
3.9686
4.0628
3.9673
3.7458
3.8280
3.7772
4.1291
4.3480
4.3127
4.2325
3.9935
4.3257
4.0852
4.0113
4.1686
4.4029
4.2936
4.4095
4.5273
4.4180
4.4208
4.3711
4.1972
4.4942
4.2606
4.4399
4.3941
4.4819
4.2528
4.2595
4.4588
4.6448
4.8454
4.5197
4.4019
4.3951
4.2760
4.5453
4.2776
4.3412
4.5932
4.3388
4.5815
4.3030
4.3708
4.6357
4.6169
4.4690
4.5376
4.6904
4.4819
4.5202
4.5364
4.1884
4.4087
4.4909
4.3650
4.3714
4.2736
4.4183
4.3613
4.2482
4.4243
4.4549
4.5410
4.3540
4.4699
4.1232
4.3137
4.3495
4.1986
4.1935
4.3248
4.3038
4.2075
4.1975
4.1910
4.3968
4.2985
4.3686
4.2503
4.1650
4.1289
4.2608
4.2948
4.2810
4.1469
4.0807
4.2326
4.1723
4.2560
4.3385
4.4573
4.0936
4.5086
4.7286
4.5235
4.2662
4.2743
4.4103
4.2323
4.1792
4.1128
4.1543
4.1773
4.2400
4.1896
4.1704
4.0576
4.2241
4.5180
4.6198
4.5122
4.4882
4.4062
4.4601
4.5502
4.5905
4.5332
4.6474
4.4906
4.2295
4.4067
4.3929
4.3653
4.5633
4.4452
4.3975
4.4138
4.4608
4.3934
4.5861
4.2204
4.5046
4.5085
4.3312
4.1564
4.3057
4.1605
4.0542
4.4531
4.2121
4.3075
4.5139
4.3755
4.2182
4.4159
4.1401
4.2008
4.3941
4.4634
4.3706
4.3869
4.2874
4.1787
4.2785
4.1023
4.0985
4.4635
4.2065
4.4914
4.3337
4.5408
4.5520
4.5535
4.5085
4.3803
4.5055
4.3665
4.5547
4.4290
4.3366
4.5663
4.6635
4.6301
4.5131
4.5430
4.6161
5.0182
4.6695
4.3944
4.4708
4.4362
4.3669
4.3867
4.1145
4.3970
4.3104
4.3039
4.2926
4.3405
4.2375
4.3866
4.0196
4.4400
4.3252
4.4433
4.5143
4.2615
4.1796
4.4192
4.3275
4.5314
4.6235
4.5557
4.5452
4.8723
4.4379
4.3480
4.7462
4.6433
4.6895
4.7130
4.5282
4.2894
4.3456
4.4170
4.4016
4.3451
4.3109
4.1196
4.6687
4.2589
4.4264
4.5188
4.7331
4.5657
4.3119
4.3435
4.5356
4.2710
4.5278
4.1778
4.3761
4.3972
4.2911
4.4256
4.4377
4.3211
4.4720
4.4465
4.5012
4.5629
4.8713
4.7842
4.5442
4.4873
4.5397
4.5847
4.4756
4.2806
4.2929
4.3268
4.4410
4.2346
4.5120
4.5824
4.5453
4.5622
4.7427
4.6171
4.9081
4.6818
4.4655
4.6303
4.9256
4.5896
5.0615
4.7180
4.4709
4.5092
4.4597
4.4340
4.5144
4.7925
4.4936
4.4056
4.6063
4.6393
4.6555
4.3175
4.4156
4.2509
4.3112
4.4583
4.5307
4.5293
4.3282
4.5260
4.4236
4.4243
4.4428
4.2069
4.3642
4.2907
4.3344
4.4507
4.5782
4.1976
4.4579
4.4637
4.3704
4.3340
4.0538
4.1163
4.5087
4.5340
4.2995
4.2428
4.3109
4.5320
4.3044
4.3736
4.2938
4.5566
4.2688
4.5094
4.3170
4.0967
3.9979
4.3063
4.4752
4.1158
4.1872
4.1901
4.3151
4.3843
4.3399
4.3306
4.1759
4.1324
4.2372
4.2494
4.3232
4.1340
4.0461
4.1295
4.2317
4.2429
4.2189
4.3681
4.4068
4.5783
4.5044
4.4818
4.4724
4.0835
4.2504
4.2455
4.3364
4.2191
4.5349
4.4253
4.4680
4.4520
4.3968
4.2240
4.5938
4.1134
4.3328
4.3043
4.4348
4.3642
4.1444
4.1370
4.4298
4.1581
4.3518
4.1817
4.3923
4.3253
4.2110
4.0758
4.1502
4.1426
4.4335
3.8958
3.9412
4.1590
4.3583
4.2077
4.3465
4.0668
4.0994
4.0231
4.0134
4.2044
4.3625
4.1561
4.1695
4.2576
4.2792
4.2583
4.1889
4.1498
4.1628
4.0959
4.0162
3.9934
4.1090
4.1707
4.1915
4.3186
4.4345
4.0647
4.3976
4.4367
4.4872
4.5444
4.0988
3.9582
4.2480
4.4395
4.1971
4.1540
4.2851
4.3285
4.3342
4.3647
4.1222
4.1339
4.2650
4.1528
4.2573
4.1867
4.1372
4.1364
4.4372
4.0663
4.2370
4.1709
3.9760
4.1907
4.1076
4.2129
4.6167
4.3917
4.3785
4.3761
4.3987
4.1839
4.3757
4.3322
4.2380
4.2230
4.2440
4.2759
4.0623
4.1877
4.3409
4.2561
4.3950
4.0823
4.2279
4.1683
4.2632
4.3167
4.3431
4.3680
4.2037
4.3242
4.3069
4.3582
4.4954
4.5544
4.4889
4.5535
4.2416
4.4345
4.2313
4.4486
4.3220
4.1530
4.0162
4.2998
4.3964
4.3472
4.2489
4.3753
4.1811
4.0443
4.4553
4.5251
4.3089
4.3802
4.4001
4.2888
4.3153
4.6128
4.4809
4.3865
4.5744
4.6072
4.3875
4.2607
4.6432
4.4631
4.3431
4.5725
4.5983
4.5269
4.2790
4.3196
4.3075
4.3861
4.2624
4.2408
4.3894
4.3610
4.5969
4.4911
4.3423
4.4581
4.3296
4.6283
4.7134
4.3814
4.4509
4.5172
4.3748
4.2199
4.3943
4.5109
4.5906
4.3579
4.5525
4.4654
4.6954
4.5775
4.4450
4.6413
4.7440
4.5353
4.5837
4.6267
4.7121
4.4533
4.6273
4.5878
4.6860
4.3211
4.3987
4.6463
4.4265
4.6093
4.6117
4.3714
4.7201
4.6636
4.3597
4.4523
4.4132
4.5749
4.2606
4.4056
4.7024
4.3547
4.2956
4.3708
4.7409
4.2207
4.4294
4.7134
4.5603
4.5416
4.3473
4.4214
4.2010
4.1671
4.3628
4.3321
4.3086
4.3289
4.4682
4.4740
4.2760
4.4666
4.4867
4.4407
4.4554
4.4727
4.6309
4.1057
4.3966
4.2955
4.3760
4.4318
4.3349
4.2421
4.2486
4.4760
4.3079
4.1913
4.4862
4.3839
4.3434
4.2937
4.3898
4.5299
4.5676
4.4111
4.6127
4.5392
4.3194
4.3883
4.4540
4.3897
4.2370
4.2739
4.2211
4.2433
4.3316
4.4265
4.4673
4.3932
4.0312
4.1714
4.5502
4.5320
4.3456
4.5560
4.2874
4.5761
4.5458
4.4361
4.5673
4.5582
4.4908
4.3989
4.2160
4.2937
4.5111
4.4865
4.6569
4.5241
4.7310
4.5203
4.9118
4.5366
4.5936
4.5636
4.5583
4.5317
4.4046
4.4742
4.4446
4.4043
4.4336
4.4532
4.5238
4.5837
4.5607
4.3878
4.3776
4.5164
4.5648
4.4698
4.7576
4.6766
4.4765
4.5216
4.4694
4.5511
4.4772
4.4268
4.4429
4.6745
4.6105
4.5878
4.4834
4.5963
4.5659
4.4729
4.3341
4.5391
4.6380
4.5370
4.5376
4.7040
4.7771
4.5852
4.6194
4.5245
4.3492
4.4081
4.6586
4.6179
4.6996
4.6022
4.8010
4.5595
4.3671
4.4884
4.4400
4.4152
4.2193
4.2634
4.3553
4.5654
4.1134
4.3342
4.4894
4.3425
4.3210
4.3885
4.4508
4.5821
4.6684
4.5741
4.6086
4.3591
4.3784
4.2810
4.2180
4.4652
4.3197
4.4372
4.4220
4.4816
4.3299
4.4012
4.2691
4.3498
4.4827
4.5317
4.2134
4.1440
4.2357
4.2951
4.3017
4.2350
4.3282
4.3649
4.1800
4.3539
4.2991
4.3851
4.2766
4.4171
4.3695
4.5403
4.2869
4.3184
4.4063
4.2987
4.4517
4.3191
4.3891
4.5433
4.3438
4.3818
4.4077
4.5096
4.4320
4.2829
4.3004
4.3309
4.4233
4.4583
4.4845
4.1204
4.3016
4.4032
4.6358
4.2657
4.3765
4.5440
4.4583
4.3430
4.1935
4.3267
4.3726
4.2769
4.2966
4.4939
4.4543
4.5242
4.6517
4.5760
4.6375
4.2217
4.3341
4.7334
4.4122
4.2831
4.2816
4.2469
4.2286
4.1483
4.2248
4.2868
4.2422
4.3371
4.4968
4.4662
4.2489
4.3782
4.1805
4.3432
4.2721
4.4312
4.4888
4.2182
4.3186
4.2268
4.4389
4.2489
4.2702
4.2590
4.5108
4.2535
4.2987
4.1539
4.2233
4.2988
4.1400
4.3483
4.2780
4.3252
4.4922
4.1579
4.0731
4.1743
4.0585
4.2511
4.1467
4.4953
4.1809
4.2552
4.1489
4.3137
4.2136
4.3602
4.1031
4.1175
4.3448
4.1098
4.3179
4.1762
4.2678
4.3188
4.1883
4.2423
4.3687
4.5121
4.3891
4.2028
4.2413
4.4801
4.2301
4.2807
4.4565
4.3055
4.6194
4.4301
4.5431
4.5066
4.2563
4.2946
4.3458
4.3930
4.2758
4.3997
4.5575
4.6184
4.4766
4.2504
4.1371
4.0677
4.3192
4.3342
4.3416
4.4637
4.6813
4.3789
4.6565
4.8215
4.3634
4.4010
4.2926
4.6695
4.5867
4.5245
4.6358
4.5807
4.4307
4.5997
4.5017
4.5976
4.4170
4.4266
4.4393
4.3762
4.4561
4.7459
4.6131
4.7385
4.3355
4.5271
4.4585
4.3895
4.5256
4.2675
4.3161
4.4333
4.3863
4.5878
4.3108
4.2339
4.3481
4.1105
4.2650
4.1844
4.2731
4.5885
4.7216
4.5780
4.4939
4.4292
4.2905
4.1410
4.3186
4.2491
4.2093
4.3484
4.4620
4.3654
4.5019
4.4753
4.3677
4.3355
4.5855
4.5759
4.4948
4.3645
4.3464
4.3497
4.3529
4.1615
4.4158
4.2044
4.2235
4.2864
4.3725
4.2833
4.2672
4.2786
4.1722
4.5682
4.1549
4.2728
4.2452
4.3148
4.3787
4.2973
4.4648
4.3500
4.5649
4.2742
4.2847
3.9938
4.2593
4.1257
4.1312
4.2422
4.1794
4.1043
4.1453
4.1532
4.0010
4.2330
4.0776
4.3462
4.1989
4.2737
4.4142
4.3006
4.1326
4.2104
4.2423
4.3455
4.2531
4.2922
4.2617
4.0275
4.1485
4.2814
4.3251
4.2197
4.4490
4.2683
4.3247
4.1722
3.9818
4.2700
3.9684
4.2891
4.3324
4.0722
4.3795
4.1042
4.2966
4.3204
4.2412
4.1694
4.3679
4.2178
4.3785
4.5223
4.5243
4.3946
4.2419
4.1744
4.1926
4.2028
4.4701
4.3039
4.3805
4.2902
4.3766
4.4046
4.1618
4.3489
4.4633
4.1790
4.1436
4.1423
4.0720
4.1099
4.1826
4.1595
3.9983
4.1585
4.4364
4.2769
4.2088
4.2289
4.1470
4.2113
4.3361
4.1912
4.3394
4.0731
4.0743
4.1908
4.3999
4.1538
4.3173
4.0628
4.2784
4.1038
4.2212
4.1895
4.1580
4.3915
4.4272
4.4511
4.3333
4.2863
4.2328
4.4429
4.3790
4.3873
4.2722
4.3385
4.4124
4.4014
4.4227
4.2566
4.2667
4.3116
4.1947
4.3530
4.1804
4.2164
4.2856
4.4028
4.3421
4.3539
4.2530
4.2291
4.2956
4.2345
4.6647
4.5509
4.5888
4.5006
4.4221
4.3408
4.4407
4.5155
4.4454
4.3179
4.4888
4.4444
4.5300
4.4436
4.4948
4.4951
4.2748
4.6462
4.3100
4.2231
4.2360
4.5280
4.0915
4.5955
4.2303
4.5146
4.5376
4.5061
4.3942
4.3009
4.1675
4.1464
4.3414
4.3778
4.3670
4.1309
4.2535
4.1955
4.3028
4.5940
4.4071
4.6246
4.1419
4.2666
4.4106
4.4372
4.2561
4.2851
4.2659
4.1219
4.4123
4.1249
4.0537
4.1258
4.3514
4.1003
4.1712
4.3675
4.2815
4.4460
4.2082
4.2953
4.1526
4.2501
4.2519
4.0015
4.0224
4.4287
4.1009
4.3069
4.1822
4.0481
4.2622
4.3587
4.2334
4.3834
4.4236
4.2518
4.2019
4.2357
4.3919
4.1952
4.3101
4.2926
4.1622
4.2891
4.3191
4.1699
4.2761
4.1771
4.3158
4.2612
4.2355
4.2245
4.1816
4.3096
4.2588
4.3256
4.2462
4.2894
4.4972
4.3005
4.2481
4.3719
4.4058
4.3219
4.3377
4.2058
4.2830
4.4593
4.6079
4.1960
4.4267
4.2870
4.2549
4.3667
4.5059
4.1790
4.2293
4.3473
4.2724
4.2858
4.3717
4.2719
4.1631
4.5978
4.3109
4.1542
4.1962
4.2081
4.4256
4.2977
4.2185
4.1541
4.1049
4.5037
4.3727
4.1774
4.4251
4.3803
4.4873
4.4613
4.3371
4.3591
4.3844
4.2708
4.3296
4.1840
4.2367
4.4247
4.4963
4.2912
4.2759
4.5117
4.1940
4.4664
4.5313
4.4785
4.3348
4.2733
4.2710
4.2266
4.2156
4.2938
4.5227
4.2667
4.2509
4.1449
4.0462
4.1368
4.3418
4.3208
4.5849
4.3000
4.3901
4.4422
4.4417
4.4620
4.4368
4.3299
4.0985
4.4284
4.2100
4.2977
4.3752
4.3318
4.6685
4.1933
4.1967
4.5035
4.5666
4.3255
4.3855
4.4561
4.4991
4.2367
4.6740
4.4911
4.3523
4.7334
4.9637
4.8850
4.9176
4.8956
4.9015
5.0122
4.7183
4.7004
4.5622
4.4633
4.3306
4.1670
4.3250
4.1198
4.2696
4.2539
4.2209
4.2061
4.3092
4.0982
4.2200
4.2348
4.4501
4.3315
4.2032
4.3258
3.9949
4.0804
4.3590
4.5359
4.3256
4.3903
4.3502
4.3156
4.2205
4.5997
4.5500
4.6424
4.2572
4.9591
4.7741
4.8544
4.6124
4.6514
4.5898
4.4469
4.6066
4.4446
4.4412
4.3615
4.5094
4.2849
4.2690
4.6912
4.7386
4.7081
4.7060
4.5862
4.4364
4.9102
5.0031
4.6942
4.7738
4.8544
4.7536
4.8863
4.8545
4.4992
4.9549
4.6047
4.6545
4.9944
4.3353
4.5957
4.4505
4.6059
4.3802
4.8023
4.6750
4.8085
4.6628
4.7844
5.0405
4.5284
4.6644
4.8712
4.9154
4.8709
4.7493
4.7304
4.6911
4.4670
4.5123
4.3745
4.4209
4.8932
4.9509
5.1271
4.8099
4.8395
4.4445
4.6131
4.8481
4.6687
4.6930
4.5314
4.5399
4.7509
4.3888
4.4918
4.5190
4.2134
4.1957
4.5792
4.5261
4.3922
4.3675
4.4443
4.4581
4.2322
4.4532
4.2874
4.3622
4.3310
4.1260
4.3367
4.5071
4.5811
4.5048
4.4996
4.4387
4.6955
4.3446
4.4509
4.5026
4.5842
4.4591
4.4257
4.3978
4.7639
4.4330
4.5946
4.7991
4.5296
4.6141
4.6754
4.6918
4.5703
4.7131
4.6097
4.8052
4.6212
4.3716
4.5270
4.7480
4.7599
4.8325
4.4943
4.6710
4.6367
4.6536
4.4152
4.5047
4.4952
4.6037
4.4498
4.7468
4.4922
4.6796
4.2731
4.5851
4.7296
4.6922
4.6160
4.3941
4.7438
4.3872
4.3985
4.4815
4.3901
4.2274
4.4457
4.5563
4.4566
4.2535
4.4898
4.4102
4.4910
4.5909
4.5612
4.6240
4.6958
4.5465
4.2956
4.4928
4.5431
4.3638
4.6593
4.5275
4.2273
4.5811
4.3944
4.3187
4.4926
4.6212
4.5189
4.5184
4.4521
4.6103
4.4652
4.4501
4.4961
4.6030
4.4478
4.7896
4.4724
4.4191
4.6080
4.7043
4.7011
4.7743
4.8021
4.4443
4.5420
4.5106
4.7774
4.4568
4.6122
4.7585
4.7839
4.6148
4.5941
4.5396
4.5220
4.5284
4.3976
4.4476
4.4387
4.5484
4.6106
4.3610
4.7376
4.7948
4.6157
4.9370
4.5956
4.6912
4.7638
4.6473
4.6421
4.6937
4.7282
4.7568
4.6411
4.6593
4.6390
4.6446
4.5033
4.5098
4.7201
4.6560
4.8169
4.9008
4.6991
4.6967
4.8514
4.5258
4.3764
4.8264
4.6553
4.9351
4.8503
4.6263
4.7601
4.8060
4.5442
4.7419
4.5848
4.7910
4.5246
4.6050
4.5866
4.5804
4.6798
4.9059
4.8327
4.6490
4.6127
4.7196
4.9626
4.8195
4.8831
4.9052
5.1897
5.0042
5.1454
4.7720
4.8346
4.8535
4.7889
4.7305
4.6908
4.6693
4.9586
4.9303
4.6685
4.7729
4.6333
4.7049
4.7744
4.6852
4.7576
4.5366
4.4699
4.6143
4.7420
4.6465
4.6899
4.7474
4.5282
4.8185
4.6715
4.4983
4.0876
4.2545
4.3432
4.2770
4.1619
4.7135
4.4643
4.5192
4.6606
4.7064
4.8850
4.6964
4.6204
4.7796
4.7470
4.6732
4.3252
4.8233
4.7072
4.8434
4.6541
4.5172
4.6384
4.6198
4.8146
4.5693
4.5940
4.6961
4.6658
4.7982
4.8018
4.8479
4.8934
4.8755
5.2001
4.6051
4.9361
4.6848
4.7406
4.8257
5.0478
4.9043
4.5075
4.8054
4.4685
4.6574
4.5465
4.7890
4.6465
4.6523
4.6222
4.6992
4.3991
4.3686
4.3345
4.4106
4.6287
4.6226
4.5054
4.6192
4.3056
4.4948
4.7323
4.5793
4.6880
4.4729
4.4641
4.7119
4.9981
5.1179
5.0091
4.8511
4.5317
4.4903
4.4209
4.5916
4.5548
4.4573
4.1016
4.0223
4.2645
4.4829
4.7391
4.4387
4.5568
4.6684
4.4444
4.5506
4.5524
4.5013
4.4138
4.7099
4.7147
4.5170
4.8038
4.9604
4.6941
4.4700
4.3574
4.5979
4.4240
4.1059
4.1997
4.4826
4.3279
4.3753
4.2297
4.1631
4.2208
4.2770
4.1968
4.0185
4.4883
3.9373
4.1965
4.1563
4.1185
4.1511
4.3114
4.0432
4.2331
4.2658
4.2616
4.3982
4.4125
4.0612
4.2960
4.2208
4.2096
4.1797
4.2286
4.3775
4.0201
4.4165
4.2283
4.3891
4.3482
4.2901
4.4434
4.1566
4.3540
4.0342
4.1555
4.2912
4.3896
4.3568
4.6397
4.4220
4.4578
4.1227
4.4432
4.3669
4.4252
4.1617
4.2227
4.0965
4.4080
4.1824
3.9674
4.0981
4.2399
4.0856
4.2809
4.3361
4.3796
4.3302
4.2097
3.7957
3.9224
4.1579
4.1135
4.2075
4.2022
4.1461
4.1125
4.2764
4.2398
4.6434
4.2012
4.1279
4.1876
4.1017
4.1176
3.9693
4.1050
3.7863
3.9504
3.8558
3.9467
4.1869
4.1087
4.0191
4.0778
4.1459
4.2149
4.1009
4.0794
4.1733
3.9777
4.0766
4.2281
4.1438
4.4141
4.1444
4.1027
4.0259
4.1901
4.2864
4.0472
4.2810
4.4284
4.3301
4.0704
4.2025
4.0335
4.2741
4.3433
4.4456
4.5241
4.4318
4.2408
4.0274
4.0612
4.2608
4.2754
4.0521
4.1020
4.0591
4.0968
3.8519
4.1686
4.2391
4.3071
4.2883
4.3241
4.0397
4.1065
4.0756
4.0700
3.9241
4.3013
4.0593
4.2621
4.2499
4.0990
4.5211
4.1551
4.3216
4.3338
4.4025
4.1388
3.9492
3.9998
4.0033
4.1669
4.2747
4.4192
4.1711
4.1779
4.2007
4.1040
4.1082
4.1485
4.0082
3.8390
3.9555
3.8789
3.9503
4.2665
3.8296
3.8538
3.9953
4.1341
4.2158
4.0898
4.4306
4.1460
4.1273
4.0291
4.0693
3.9574
4.1195
3.9958
4.2205
4.1435
4.1040
4.1954
4.3008
4.1729
3.9455
4.2067
4.0378
3.8710
4.3408
4.2530
4.1607
4.1024
4.1887
4.2242
4.0350
4.2201
4.0105
4.2647
4.1740
4.0177
4.1667
4.1028
4.2673
3.9955
4.0827
4.1147
4.0795
3.9645
3.8388
3.9575
3.9052
3.9997
3.9605
4.2212
4.0263
4.1960
4.2706
4.1278
3.9804
4.2247
4.0671
4.1653
4.1215
4.2876
4.1196
4.1240
4.3831
3.9704
4.0441
4.3945
4.2302
4.0654
4.0221
4.1632
4.0470
4.0327
3.7914
3.8231
4.0635
3.8675
4.0151
4.0627
4.1741
4.3112
4.1827
4.0378
4.2060
4.0499
3.9480
4.0470
3.9920
4.0373
4.2212
4.0028
4.0860
4.1128
4.2049
4.1911
4.0578
4.1069
4.0192
4.2682
4.2027
4.2194
4.2133
4.2436
4.0300
4.2816
4.0611
4.0567
4.1702
3.9955
4.2101
4.1764
4.3258
4.2127
3.9838
4.2066
4.1235
4.1002
4.0065
4.1052
4.2111
3.9969
4.1449
3.8846
4.0075
3.8606
4.0606
4.1149
3.8520
3.8567
4.1406
3.8942
4.0230
3.8862
4.0885
4.0832
3.9280
4.2514
4.2055
4.2568
3.9490
3.9077
4.1968
4.1460
4.0895
4.0784
4.3176
4.1630
4.0419
4.1156
4.1746
4.3660
4.2510
4.2784
4.1467
4.4059
4.1517
4.5267
4.3200
4.2797
4.1003
4.4707
4.1394
4.1610
4.0360
4.1609
4.0467
4.1666
4.0446
4.1675
4.2411
4.2345
4.0657
4.2128
4.1535
4.1452
4.0022
4.1244
4.4138
4.0220
4.1919
4.3427
4.1711
4.2813
4.3715
4.4240
4.3459
4.4793
4.3047
4.1916
4.0484
3.9743
4.2122
4.4363
4.1656
4.2027
4.1839
4.0437
4.3217
4.3224
4.3270
4.3460
4.1224
4.1368
4.2913
4.4001
4.1727
4.4552
4.2753
4.2907
4.0681
4.2988
4.3119
4.2254
4.3399
4.2335
4.3689
4.2920
4.3600
4.3400
4.2411
4.1399
4.3478
4.0370
4.1307
4.1241
4.0766
4.0299
4.1911
4.1226
4.1781
4.3980
4.2386
4.2007
4.2735
4.2358
4.2464
4.0509
4.1827
4.0623
4.2040
4.1496
4.2113
4.1880
4.2753
4.3004
4.1352
4.4827
4.2455
4.2453
4.2562
4.2947
4.3646
4.3333
4.1641
4.3431
4.5276
4.2828
4.4209
4.2237
4.1080
4.2796
4.2816
4.4951
4.3348
4.3689
4.3950
4.1834
4.1825
4.7762
4.5431
4.3390
4.3582
4.4604
4.3373
4.2868
4.5657
4.5534
4.4432
4.3316
4.3102
4.3719
4.4530
4.4453
4.3151
4.1961
4.4604
4.2328
4.5405
4.4647
4.5526
4.6880
4.4386
4.3715
4.3955
4.4188
4.1356
4.2813
4.3162
4.1263
4.2519
4.3457
4.2504
4.1923
4.2245
4.2793
4.2824
4.5821
4.1427
4.3448
4.1295
4.4743
4.3971
4.2000
4.0815
4.0896
4.1021
4.4064
4.4190
4.3375
4.4282
4.2024
4.1180
4.2732
4.3042
4.3118
4.1071
3.9492
4.0915
4.0355
4.2522
4.1705
4.0570
4.1702
4.0547
4.0584
4.3647
4.4969
4.1221
4.2795
4.2662
4.1201
4.1383
4.1882
4.5025
4.2442
4.1126
4.2649
4.1470
4.2086
4.1200
4.4120
4.3907
4.3171
4.2958
4.0997
4.2797
4.2069
4.1746
4.1155
4.0842
4.1566
4.2247
4.2027
4.2792
4.4691
4.3522
4.0797
4.0280
4.3025
4.1581
4.0365
4.2277
4.1267
4.1032
4.4379
4.2769
4.2902
4.3735
4.2087
4.3923
4.4032
4.4869
4.4458
4.2399
4.3107
4.1192
4.1873
3.9621
4.1605
4.0246
3.8451
4.2666
4.2999
4.4359
4.3557
4.3364
4.3562
4.1620
4.3286
4.1702
4.2460
3.9942
4.2182
4.2307
4.1849
3.9440
4.2277
4.0900
3.9045
4.0709
4.0770
4.1673
4.0736
4.0405
4.2573
4.1521
4.3737
4.3606
4.4037
4.2342
4.2138
4.1722
4.1801
4.1501
4.2353
4.1298
4.1578
4.0442
4.1324
4.2707
4.3821
4.4744
4.1239
4.3042
4.2386
4.3921
4.2931
4.1451
4.3186
4.2347
4.1615
4.0548
4.1765
4.1521
4.0568
4.1115
4.0110
4.1381
4.2628
4.3084
4.3722
4.3650
4.2736
4.4013
4.2456
4.1950
4.2379
4.3342
4.2711
4.3122
4.5949
4.2172
4.2834
4.6823
4.4611
4.1722
4.1421
4.2883
4.2913
4.1624
4.3965
4.4245
4.1647
4.1457
4.3011
3.9793
3.7908
4.0081
4.1986
4.0509
4.3542
4.0463
4.0542
3.8848
4.0678
4.0958
4.0318
4.1511
3.9119
3.9322
3.9317
3.9728
4.0487
3.8510
3.9030
4.0108
4.1729
4.2005
4.1447
4.1172
4.0481
3.7719
4.0607
3.9168
4.1770
4.0739
4.1130
4.2296
4.0437
3.8592
3.7489
3.9614
4.0146
4.0065
4.0644
4.2069
4.2279
4.1403
4.3502
3.9156
3.9162
3.9218
3.9876
3.8950
3.8189
3.9220
4.0068
3.8759
4.4052
4.1968
3.9088
3.8104
3.9615
4.0430
3.9831
3.8840
3.9123
4.2060
4.0620
4.1017
3.9789
4.3507
4.2207
4.0326
4.2985
4.0855
3.8869
4.2541
3.8795
4.1383
4.0221
4.0602
3.9171
3.9925
3.9365
4.2090
3.7883
3.9313
3.7284
4.1835
4.0293
3.8265
3.7385
3.7301
4.1783
3.9960
4.0069
4.0981
4.0953
4.0657
3.9226
4.2577
4.0848
4.1139
4.0724
4.0807
4.1136
4.4629
4.1986
4.3028
4.0731
4.1639
4.4142
4.0660
4.1180
4.3276
4.1527
4.0994
3.9286
4.1561
4.3549
4.0708
4.0989
4.0881
3.8413
3.8176
3.9036
4.0368
4.1821
4.1753
4.2081
4.1041
4.3175
4.4985
4.2222
4.3593
4.2238
4.4038
4.4822
4.4412
4.2332
4.7237
4.3994
3.8981
4.1974
4.4366
4.3731
4.2768
4.4461
4.3467
4.2264
4.3849
4.5732
4.2527
4.5900
4.5455
4.2570
4.3116
4.1700
4.2239
4.3674
4.2832
4.1833
4.2420
4.0493
4.3021
4.4592
4.3595
4.3141
4.5641
4.3003
4.1480
4.2877
4.3495
4.6391
4.2940
4.3435
4.3622
4.3336
4.4045
4.4391
4.2345
4.4241
4.4987
4.3458
4.1787
4.4874
4.5795
4.4667
4.5564
4.6171
4.6308
4.4783
4.4360
4.6674
4.4646
4.2624
4.4361
4.4280
4.2756
4.1958
4.3519
4.0873
4.3497
4.2684
4.1112
4.0451
4.1289
4.3632
4.2900
4.3867
4.0247
4.2946
4.2880
4.4402
4.1331
4.2384
4.0977
4.3004
4.1794
4.2251
4.2833
4.3600
4.3738
4.5666
4.5651
4.3426
4.5054
4.5244
4.6788
4.5923
4.4563
4.3075
4.3881
4.4677
4.2782
4.3834
4.2080
4.1623
4.1234
4.1713
4.0496
4.1028
4.3848
4.1770
4.1352
4.3008
4.2180
4.2111
4.1752
4.2546
4.0995
4.1952
4.3038
4.4765
4.4190
4.0240
4.4346
4.2924
4.5789
4.4450
4.0745
4.3666
4.2402
4.2874
4.3447
4.2614
4.3921
4.4013
4.3193
4.2127
4.2991
4.1486
4.3484
4.2928
4.2871
4.3593
4.3589
4.2188
4.3475
4.3821
4.2662
4.0231
4.2127
4.3044
4.1380
4.1462
4.3658
4.3668
4.1674
4.3258
4.3717
3.9580
4.1778
4.2925
4.4101
4.1103
4.2264
4.2287
4.4741
4.5236
4.2829
4.2287
4.5505
4.5179
4.3567
4.3873
4.4246
4.4524
4.1773
4.2247
4.4871
4.3294
4.2715
4.2690
4.5011
4.5522
4.2996
4.4721
4.2882
4.3482
4.4158
4.1603
4.1081
4.3714
4.0869
4.2705
4.1683
4.3286
4.1971
4.3352
4.6178
4.4486
4.2810
4.2014
4.0408
4.2216
4.5353
4.4233
4.5387
4.4263
4.5254
4.6873
4.5753
4.4398
4.1955
4.2656
4.3909
4.2535
4.3125
4.6130
4.2596
4.1965
4.2581
4.2489
4.0342
4.2947
4.2041
4.3008
4.7317
4.2006
4.4817
4.4872
4.3256
4.2415
4.3131
4.2749
4.3298
4.0489
4.1045
4.1142
4.3561
4.5979
4.3705
4.2334
4.2029
4.2996
4.2448
4.5258
4.3798
3.9714
3.9885
4.1509
4.1718
4.1582
4.1547
3.7138
4.1762
4.1243
3.9830
3.8276
4.3807
4.2831
4.3292
3.9231
4.1550
4.1793
4.3473
4.3369
4.3572
4.2000
4.2875
4.2709
4.5906
4.5480
4.6693
4.4980
4.1528
3.9833
3.9730
4.1258
4.6065
4.5788
4.9128
4.7115
4.4870
4.2739
4.6314
4.5787
4.5840
4.5361
4.3941
4.6896
4.6995
4.6312
4.4163
4.7541
4.3604
4.4764
4.4704
4.4228
4.4079
4.2584
4.5118
4.7728
4.4576
4.4309
4.3253
4.4957
4.5979
4.3515
4.2159
4.2404
4.0853
4.3010
4.5168
4.2690
4.6056
4.7990
4.5503
4.1928
4.2684
4.2097
4.2098
4.5503
4.5883
4.5228
4.3686
4.4984
4.2950
4.4176
4.0297
3.9472
4.3757
4.3537
4.2809
4.3163
4.4095
4.3338
4.1570
4.3991
4.1882
4.2687
4.2223
4.3401
4.2715
4.3132
4.1611
4.3949
4.1502
4.1127
4.5676
4.7141
4.3052
4.4813
4.7041
4.3862
4.4951
4.3752
4.5242
4.4248
4.7870
4.6802
4.4858
4.6147
4.2831
4.7267
4.8285
4.7673
4.7795
4.4587
4.7281
4.4992
4.4735
4.7527
4.5598
4.5217
4.4952
4.6538
4.7119
4.6672
4.7723
4.7884
4.6951
4.7041
4.5324
4.6979
4.4775
4.6036
4.5876
4.7830
4.6686
4.5295
4.7226
4.4618
4.3355
4.4045
4.2975
4.5894
4.3740
4.2160
4.0617
4.3566
4.2817
4.4422
4.3578
4.2611
4.4237
4.6625
4.4734
4.4399
4.3815
4.2596
4.4994
4.7215
4.5519
4.3600
4.5610
4.4513
4.5824
4.3471
4.2703
4.4100
4.5524
4.5259
4.2970
4.3437
4.3090
4.4831
4.2842
4.0952
4.0799
4.5166
4.3595
4.7611
4.5510
4.3390
4.3146
4.4867
4.4642
4.5133
4.7152
4.5169
4.8936
4.6208
4.6762
4.6715
4.4617
4.4294
4.6976
4.6840
4.5479
4.5798
4.7019
4.5927
4.1827
4.3395
4.5388
4.3956
4.3880
4.4831
4.4345
4.8689
4.3406
4.3679
4.4125
4.4845
4.4761
4.3595
4.3600
4.3336
4.4315
4.4336
4.3972
4.4682
4.3620
4.6783
4.5239
4.4361
4.3201
4.2748
4.4955
4.4221
4.6336
4.3354
4.7546
4.4099
4.4947
4.5880
4.6126
4.4554
4.7123
4.5485
4.5697
4.5496
4.5030
4.4853
4.4236
4.1895
4.3295
4.3320
4.2216
4.1553
4.3486
4.1340
4.0509
4.1535
4.3345
4.3032
4.3953
4.1880
4.3427
4.3097
4.5218
4.4437
4.3747
4.4076
4.2865
4.4214
4.5763
4.6667
4.3690
4.4235
4.4386
4.3427
4.9315
4.8449
4.2038
4.8783
4.3162
4.5094
4.3544
4.1166
4.3016
4.5714
4.3889
4.3881
4.6226
4.2897
4.3197
4.3892
4.4000
4.5945
4.2696
4.3328
4.4120
4.2355
4.4752
4.3868
4.5352
4.5334
4.1200
4.3436
4.4507
4.2808
4.0994
4.1453
4.1222
3.9537
4.3628
4.1287
4.3691
4.2130
4.3315
4.3063
4.3653
4.4121
4.2722
4.1565
4.3154
4.4350
4.3678
4.3593
4.4261
4.3613
4.3269
4.6126
4.4114
4.4788
4.3883
4.2778
4.3435
4.4354
4.6078
4.2858
4.5486
4.3311
4.3418
4.5694
4.7293
4.3436
4.3205
4.1595
4.5700
4.2663
3.9714
4.2697
4.0287
4.1894
4.1102
4.0673
4.2709
4.2104
4.1690
4.1273
3.9232
4.1097
4.0078
3.8858
4.1577
4.0078
4.0100
4.0971
4.0783
3.8964
3.9652
3.9962
4.0245
3.9909
3.8437
3.9187
4.0103
3.8906
4.0849
4.1998
4.0174
4.0291
4.0831
4.0241
4.2561
4.0367
4.1295
4.2072
4.4275
4.3174
4.3976
4.0050
3.9502
4.0828
4.1270
4.0294
4.1450
4.1682
4.1128
4.1433
3.8165
4.1037
4.1663
3.9014
4.0915
4.1378
4.0677
4.0170
4.0072
4.0329
4.1598
4.0362
4.0350
4.0386
4.0924
4.1671
3.8993
4.1298
4.0738
4.0894
4.2150
3.9758
4.3003
4.0388
4.0550
4.1626
4.2075
4.0642
4.1958
4.2957
4.3926
4.2623
3.9327
4.3603
4.1147
4.0993
4.0266
4.2570
4.0386
4.0080
4.4177
3.8672
4.0591
4.1737
4.2494
4.2422
4.2443
3.9624
4.1492
3.9907
4.0218
4.3623
4.4439
4.1307
4.2972
4.3423
4.2682
4.1315
4.3613
4.1008
4.1497
4.2375
3.9886
4.2717
4.5204
4.3950
4.4187
4.5415
4.3822
4.2841
4.4101
4.3632
4.0841
4.1731
4.3459
4.2513
4.3376
4.2027
4.2891
4.3929
4.2116
3.9106
4.1695
4.1456
4.2705
4.0439
4.1873
4.1678
4.5054
4.2894
4.2465
4.0487
4.3717
4.3335
4.1753
4.1312
4.2832
4.6301
4.4962
4.4013
4.2805
4.4845
4.3067
4.2232
4.3390
4.0999
4.0452
4.3562
4.1961
4.1499
3.7983
3.7927
3.8826
4.0844
4.3681
4.2226
4.0834
3.9679
4.0080
3.8465
3.5462
3.6674
3.9751
3.8249
3.8454
3.6060
3.8350
3.7966
3.6383
3.7855
3.9848
3.9918
3.9665
3.9723
3.9130
3.9790
3.6779
3.6898
3.9688
3.7884
3.9934
4.0065
3.6606
3.4666
3.4671
3.6077
3.6426
3.5994
3.7031
3.4689
3.6428
3.6040
3.5047
3.4909
3.6926
3.7503
3.5877
3.6584
3.4425
3.8249
3.7536
3.7543
3.8428
3.6554
3.6773
3.5393
3.7123
3.8361
3.7311
3.7052
3.6416
3.7898
3.4619
3.7653
3.7425
3.8233
3.9217
3.7785
3.8287
3.8188
3.7186
3.5428
3.6546
3.5179
3.5149
3.5474
3.5901
3.5554
3.6094
3.5855
3.7162
3.5923
3.7741
3.6653
3.4929
3.8387
3.6184
3.9061
3.6461
3.9421
3.9521
3.8494
3.9121
3.8880
3.8784
3.9655
3.9382
3.8071
3.8516
3.5968
3.8447
3.8366
4.0018
3.9642
3.8110
3.9206
3.8567
3.7676
3.7234
3.6948
3.6706
3.9019
3.7368
3.8160
3.8622
3.8796
3.8562
3.8428
3.6713
3.6600
3.6415
4.0319
3.7363
3.7751
3.8733
3.6833
3.6575
3.6225
3.9318
3.6581
3.9088
3.8350
3.6993
3.7327
3.6946
3.6483
3.6600
3.9034
3.9229
3.9860
3.8122
4.0922
3.7691
4.0275
4.1425
3.9071
3.7312
3.7775
4.0721
4.0238
3.9929
3.7541
3.8500
3.8100
4.0123
3.9131
4.0327
4.1048
3.7522
3.9267
3.8004
3.7974
4.1695
4.1173
4.0063
3.9408
4.0882
4.0384
3.9262
3.8848
4.0187
4.2236
3.7946
3.9259
3.8952
4.0384
3.9060
3.7159
3.7945
3.7792
3.7820
3.6867
3.7825
3.8878
3.7490
3.7510
3.7213
3.9955
3.7956
3.8895
3.9213
3.6571
3.9791
3.8811
3.9284
4.0408
3.8433
3.9292
3.8773
3.9374
4.0607
4.0098
3.8372
3.8282
3.9309
4.0180
4.0124
3.9205
3.8873
4.0893
3.8779
3.8299
4.0431
4.0187
3.9014
3.9479
4.2359
3.9033
3.7981
3.7694
3.6836
3.6801
3.9854
3.8435
3.7642
3.6699
3.7885
3.6207
3.7153
3.8540
3.4590
3.5315
3.6241
3.6103
3.3368
3.3306
3.4877
3.4583
3.4453
3.4906
3.5674
3.5032
3.4854
3.4095
3.4134
3.2858
3.7376
3.4607
3.4513
3.4440
3.5653
3.7213
3.5465
3.4079
3.5128
3.4602
3.6022
3.5418
3.5143
3.5055
3.5071
3.5447
3.5382
3.6019
3.6385
3.4559
3.8125
3.8106
3.6507
3.4317
3.4918
3.5546
3.6471
3.6078
3.6532
3.6533
3.7981
3.7110
3.5458
3.6855
3.8124
3.8303
3.6362
3.6537
3.8129
3.6840
3.7746
3.6911
3.7985
3.6813
3.4639
3.6034
3.5818
3.8046
3.4610
3.6580
3.5815
3.8284
3.4614
3.6208
3.6733
3.6346
3.7299
3.6261
3.4956
3.7361
3.7549
3.8965
3.6933
3.8282
3.9444
3.5000
3.8491
3.8017
3.6980
3.7866
3.7856
3.9875
3.5684
3.5298
3.5805
3.6134
3.6946
3.7964
3.7234
4.0434
3.7413
3.5310
3.6912
3.7721
3.6246
3.9091
3.6189
3.6494
3.5261
3.7463
3.7876
3.8622
3.4321
3.6794
3.8106
3.7257
3.8889
3.8030
3.8517
3.7813
3.6817
3.6641
3.6541
3.6470
3.9953
4.2074
3.8284
3.8171
3.4863
3.7707
3.8900
4.0304
3.7712
3.7393
3.7849
3.5650
3.3846
3.7667
3.6795
3.9351
3.8447
3.8241
3.8462
3.9630
3.8572
3.8582
3.8030
3.6376
3.5702
3.5591
3.4318
3.7639
3.7167
4.1050
3.7425
3.5272
3.6563
3.6117
3.8468
4.0525
3.6975
3.7046
3.7345
3.7810
3.9496
3.7076
3.6959
3.7652
3.8464
3.6541
3.6433
3.7879
3.7452
3.5097
3.7085
3.8108
3.5993
4.0688
3.9544
3.9604
3.8812
3.7602
3.7300
3.7542
3.6926
3.5814
3.5230
3.7388
3.6315
3.7202
3.7721
3.7999
3.7763
3.8955
3.8186
3.7407
3.8056
3.9641
3.8201
4.0153
3.8977
4.0758
3.8754
4.2001
3.7574
4.1061
4.0670
4.0620
3.8837
3.9175
3.9835
4.3357
3.9782
4.0399
3.8104
3.9903
3.8710
3.8807
3.6959
3.8529
3.9165
3.8716
3.6908
3.8459
3.4664
3.5971
3.5086
3.5818
3.6214
3.7513
3.7918
3.6861
3.9180
3.8166
3.6885
3.6876
3.6518
3.3950
3.4674
3.7007
3.7161
3.5466
3.6668
3.7358
3.5958
3.8237
3.8917
3.9366
3.8046
3.8627
3.5370
3.8813
3.8356
3.8863
3.6974
3.7542
3.8291
3.6740
3.7657
3.7245
3.8558
3.5629
3.7722
3.6100
3.5545
3.6981
3.5642
3.7045
3.7384
3.7571
3.7195
3.5803
3.7143
3.7040
3.6956
3.6257
3.8843
3.6520
3.7286
3.7568
3.5959
3.4950
3.6225
3.6190
3.6492
3.4457
3.5399
3.8287
3.6098
3.7693
3.6232
3.7343
3.7486
3.5845
3.7683
3.7987
3.7965
3.4470
3.4333
3.3748
3.5793
3.5864
3.4875
3.6968
3.4968
3.6636
3.7178
3.6179
3.8029
3.9259
3.6101
3.7792
3.6074
3.6431
3.5412
3.5215
3.6141
3.5842
3.5011
3.4528
3.5803
3.4552
3.6853
3.6525
3.6259
3.5314
3.3737
3.5228
3.5244
3.6071
3.5812
3.3485
3.5141
3.3860
3.5713
3.4748
3.5708
3.4510
3.3306
3.2516
3.1737
3.4064
2.9433
2.9471
3.1153
2.9131
3.0503
3.1310
3.2722
3.0032
3.2524
2.9454
3.2432
3.5250
3.4676
3.0921
3.1880
2.9938
3.0821
2.9130
3.0616
2.9343
3.1651
3.0658
3.4937
3.3623
3.0898
3.4447
3.0446
2.9837
3.0391
2.8891
3.0593
3.1323
2.9980
2.8619
2.9785
3.1943
3.0475
3.2249
2.9381
3.0574
3.0470
3.2643
3.5504
3.3780
3.3594
3.4670
3.4861
3.7396
3.4262
3.3626
3.4100
3.1622
3.3113
3.2311
3.0279
3.1932
3.2092
3.6268
3.5141
3.1843
3.2786
3.0843
2.8570
2.9092
2.8795
2.8792
2.8448
3.2720
3.3798
3.5096
3.3307
3.4301
3.5555
3.5150
3.6345
3.5203
3.4693
3.3494
3.5416
3.4305
3.5526
3.4069
3.6075
3.5571
3.1992
3.4394
3.2492
3.5747
3.6120
3.6819
3.5291
3.4538
3.4319
3.7102
3.4875
3.5584
3.8744
3.4481
3.6613
3.5567
3.5025
3.4771
3.4270
3.4639
3.2410
3.6054
3.4375
3.2537
3.4400
3.4539
3.1720
3.2076
3.3591
3.2795
3.1730
3.2181
3.4420
3.0606
3.3230
3.2430
3.5474
3.4562
3.5510
3.4327
3.6423
3.2392
3.3012
3.4326
3.4800
3.5282
3.5405
3.7649
3.2262
3.3313
3.4381
3.2239
3.2330
3.3449
3.4126
3.4149
3.6415
3.6704
3.6461
3.0802
3.3684
3.6406
3.4694
3.5381
3.8671
3.7938
3.8271
3.6838
3.8635
4.0895
4.3464
3.8445
3.9247
4.1461
4.0261
3.9537
3.6814
3.7108
3.6763
3.4675
3.3573
3.5249
3.4665
3.4729
3.2645
3.2352
3.2083
3.3312
3.1327
3.1438
3.1251
3.2204
3.3239
3.4453
3.4673
3.0536
2.9930
3.1476
2.9314
3.3708
2.7012
2.9893
3.2240
3.5068
3.2754
3.6276
3.1315
3.3680
3.1113
3.1765
3.5318
3.3440
3.2310
3.0286
3.2441
3.5984
3.3342
3.6276
3.5913
3.4784
3.6775
3.7270
3.5752
3.8710
3.8311
3.8587
3.8580
3.4253
3.1806
3.3040
3.1155
3.4876
3.5635
3.4422
3.4653
3.4997
3.7718
3.6971
3.9202
3.5739
3.6708
3.5222
3.9752
3.3077
3.8028
3.6165
3.8382
3.4433
3.5882
3.7406
3.2904
3.2982
3.0860
3.3218
3.3598
3.5670
3.5382
3.3645
3.2563
3.3530
3.1238
3.5206
3.4574
3.8225
3.5781
3.5827
3.7731
3.7312
3.5255
3.8027
3.8044
3.5785
3.7064
3.6499
3.6768
3.7263
3.5112
3.9292
3.9818
3.9981
3.9683
3.8674
3.8636
3.8077
4.0348
3.7275
3.7085
3.5408
3.7671
3.7671
3.7452
4.1361
3.5412
3.9337
3.8229
4.0765
4.0213
3.9495
3.7887
3.8567
3.7978
4.0534
3.8821
3.9872
3.7433
3.6394
3.6603
3.4483
3.7955
3.5083
3.4167
3.5862
3.5784
3.5953
3.4025
3.3955
3.1877
3.4762
3.4792
3.5776
3.3178
3.3991
3.3682
3.2876
3.4330
3.4921
3.5658
3.6032
3.3045
3.6991
3.7502
3.4972
4.1711
4.0576
4.0574
4.0593
3.7461
3.6204
3.6822
3.8261
3.7652
4.0140
3.8236
3.7687
3.7175
3.9419
3.8089
3.8306
3.6975
3.8241
3.6500
3.9933
3.7741
3.8465
3.7626
3.6381
3.4206
3.6562
3.4798
3.8180
3.5898
3.3362
3.0314
3.2005
3.2614
3.0645
3.2417
3.1091
3.6124
3.1683
3.1986
3.1503
2.8728
2.9921
3.0626
3.1673
3.2347
3.3096
3.3540
3.7075
3.5719
3.5627
3.4129
3.7493
3.8386
3.8738
3.7726
3.6409
3.4465
3.5135
3.1591
3.4092
3.4508
3.9811
3.5672
3.4143
3.9133
3.6125
3.4306
4.0717
3.8236
3.7827
3.8364
3.8129
3.7888
3.4625
3.6839
3.5398
3.3923
3.5537
3.5252
3.5811
3.7438
3.7442
3.3170
3.5477
3.5979
3.8566
3.7650
3.8788
3.6530
3.7450
3.6059
3.5507
3.4185
3.8391
3.8096
3.9215
3.5907
3.6969
3.4921
3.5795
3.6120
3.3661
3.4006
3.7493
3.4902
3.5079
3.6251
3.6473
3.3841
3.6280
3.5660
3.6646
3.6183
3.3123
3.4263
3.4679
3.5664
3.5000
3.6210
3.6575
3.4157
3.6455
3.4303
3.7486
3.3983
3.5714
3.5622
3.3777
3.5594
3.6723
3.8402
3.6406
3.9022
3.9412
3.6808
3.7027
3.5138
3.7009
3.8125
3.7630
3.7743
3.5590
3.3640
3.5387
3.4335
3.6027
3.7682
3.5460
3.5012
3.6422
3.6986
3.4567
3.5191
3.7449
3.6790
3.6873
3.8757
3.9207
3.8863
3.8800
3.8548
3.9279
3.8936
3.8741
4.0350
3.8159
3.8458
3.8531
3.6628
3.7408
3.8208
3.9668
3.8621
3.7351
3.9522
3.8829
3.8750
3.6480
3.8819
3.9521
3.9540
3.9762
4.2830
4.0678
3.9856
3.9391
3.8028
3.7602
3.7373
4.0373
3.6810
3.5457
3.8746
3.5408
3.2207
3.3432
3.4297
3.1058
3.1319
3.0012
3.4411
3.2536
3.2262
3.3948
3.4365
3.6069
3.4231
3.2029
3.3460
3.5386
3.6169
3.2975
3.3689
3.4347
3.5137
3.5470
3.2567
3.3965
3.4890
3.4018
3.6176
3.8799
3.4991
3.5679
3.3138
3.2955
3.3883
3.3208
3.3858
3.5768
3.7367
3.8759
3.5858
3.6519
3.6678
3.4699
3.4588
3.4864
3.4002
3.6489
3.2971
3.1923
3.1135
3.4164
3.3247
3.4414
3.5351
3.3373
3.2055
3.4422
3.6054
3.5032
3.3031
3.3698
3.5592
3.5416
3.3615
3.2340
3.3738
3.4172
3.4140
3.3908
3.3823
3.2006
3.3723
3.4015
3.4375
3.4420
3.6671
3.7858
3.3271
3.5691
3.5594
3.7470
3.1447
3.2816
3.3149
3.5706
3.7535
3.4213
3.7001
3.5504
3.1792
3.4447
3.5041
3.3631
3.2787
3.4349
3.5782
3.5920
3.5229
3.1984
3.6855
3.4810
3.5934
3.6397
3.4370
3.7581
3.4763
3.5598
3.4236
3.5982
3.9936
3.5318
3.5488
3.5346
3.3127
3.0735
3.3032
3.3272
3.1009
3.3431
3.3582
3.3537
3.4021
3.3099
3.4614
3.6794
3.4437
3.4438
3.4523
3.4907
3.5215
3.7124
3.4792
3.3413
3.2605
3.3078
3.2337
3.3239
3.1298
3.2843
3.5403
3.5933
3.1371
3.3571
3.6917
3.5306
3.2141
3.1667
3.5076
3.3994
3.6060
3.5722
3.6019
3.5719
3.0024
3.2141
3.2726
3.4574
3.2172
3.3468
3.6045
3.5031
3.3514
3.3234
3.3576
3.4877
3.4007
3.4674
3.4343
3.4537
3.3206
3.2758
3.0811
3.0390
2.8952
3.1769
3.1933
3.0333
3.4055
3.6368
3.2858
3.5284
3.3460
3.2933
3.4833
3.4404
3.5540
3.3807
3.7054
3.2689
3.2616
3.5720
3.4474
3.5417
3.3885
3.4680
3.3324
3.1937
3.2747
3.1949
3.1179
3.2939
3.4822
3.2341
3.4918
3.6398
3.5303
3.3498
3.3074
3.3566
3.5320
3.3162
3.4017
3.3287
3.7323
3.3332
3.7237
3.9917
3.6253
3.7031
3.8537
3.4654
3.5982
3.4840
3.4112
3.2127
3.2928
3.5467
3.3482
3.6439
3.4977
3.7131
3.5878
3.5032
3.5007
3.3982
3.7516
3.7877
3.7908
3.6705
3.6905
3.9192
3.7197
3.9783
3.8388
3.9375
3.9566
3.8648
4.1642
4.2552
4.0978
4.0064
3.9920
3.7026
4.0871
4.2355
4.3425
4.3317
4.0460
4.0495
4.7314
4.6187
4.7949
5.2214
4.7645
4.8657
4.9054
5.0420
4.9030
4.8329
4.9636
5.1315
4.8524
5.1862
5.1374
5.1677
5.4772
5.2376
5.0766
5.1379
5.3151
5.0123
5.4720
5.5109
5.4956
5.1748
5.0243
4.9819
5.0340
4.8068
5.0355
4.4803
5.1286
4.5747
5.0496
5.0741
5.3187
5.0644
5.1302
5.2396
5.4454
5.3340
4.8825
4.7253
4.8314
5.1136
4.9614
4.8352
4.7975
4.9264
4.7161
5.3530
4.7252
4.4691
3.9565
3.8457
4.1375
4.0042
4.6327
5.1534
4.8652
4.7530
4.8813
4.5798
5.3905
5.4250
5.1324
5.1270
4.9523
4.7335
5.2997
4.9940
5.4593
5.0819
4.7133
4.9894
4.6287
4.4639
4.3402
4.8425
4.9095
4.7596
5.0850
5.2695
5.3869
4.9971
4.8149
4.7623
5.3446
5.5403
5.2111
5.4002
4.9893
5.2213
5.4239
5.1207
5.1854
5.2848
5.0570
4.9863
4.5900
4.8360
4.5589
4.8028
4.7476
4.7491
4.8062
4.9286
4.7861
4.9928
4.9415
4.8463
4.8727
4.7027
4.8942
5.0726
5.0101
5.0709
4.9235
4.7909
4.7020
4.8887
4.8807
4.8195
4.6758
4.7496
4.9956
4.7892
4.6092
4.7466
4.7207
4.9591
4.8633
4.8265
4.8494
4.5072
4.8075
4.7409
4.5488
4.7569
4.9300
4.8765
4.7296
4.6126
5.1879
4.7996
4.7519
4.8323
4.8660
4.8139
4.7242
4.6638
4.9188
4.9965
4.8143
4.9092
4.8604
4.6436
4.9160
5.0304
4.8350
5.3625
4.8945
5.1427
5.2005
4.8847
5.3181
4.9713
4.9803
5.3013
5.1479
4.7654
5.0818
4.8018
4.8885
5.0040
4.9364
4.9394
4.5600
4.6749
4.7656
5.0331
5.1246
5.2345
5.2675
5.2223
5.0090
5.3035
5.0565
5.0233
5.3289
5.0469
5.7191
5.1198
4.7807
4.9429
4.9069
5.0452
5.1480
4.9363
5.2052
5.0033
4.8101
4.8995
4.7663
4.9318
5.1039
4.9563
5.1282
5.1104
5.1911
5.0170
5.2868
5.2351
5.1527
5.1608
4.8171
4.9196
4.9418
5.3372
5.5647
5.4217
5.1662
5.4507
5.1006
5.3945
5.1114
5.0445
5.1642
5.2106
5.3419
5.1679
5.1908
5.7287
5.1287
5.1361
5.4016
5.2257
5.1123
5.2674
5.2014
5.5692
5.6223
5.6494
5.6435
5.4242
5.4292
5.5093
5.3778
5.5458
5.4544
5.0377
5.3647
5.6146
5.3269
5.5104
5.8394
5.5237
5.8100
5.2780
5.6602
5.2339
5.4588
5.5274
5.2562
5.4007
5.0927
5.2072
5.3875
5.3799
5.2747
5.4801
5.3602
5.2870
5.0570
4.8025
5.5202
5.3882
5.3129
5.5025
5.6443
5.4854
5.1067
5.5018
5.4377
5.1788
5.8323
5.3200
5.3988
5.5415
5.2420
5.1203
5.0362
4.7498
5.1596
4.9522
5.2723
5.4245
5.0266
4.9240
5.4492
5.0482
4.8598
4.6541
5.3636
5.4683
5.3908
5.1396
5.1618
4.7504
4.7791
4.7348
4.8322
5.1061
5.1589
5.0575
5.3754
4.9319
5.2881
5.2182
5.4119
5.4082
5.8078
5.5153
5.5557
5.7023
5.4006
5.6502
5.6555
5.5269
5.2799
5.4647
5.6266
5.6851
5.4730
6.0441
5.7395
5.8011
6.0518
6.0007
5.5995
6.1354
6.2807
6.0048
5.6565
5.8541
6.2575
5.6286
5.8795
5.8599
5.8997
6.1062
6.0373
6.0056
5.9811
6.0764
5.6085
5.7270
5.8431
5.6821
5.7042
5.8080
5.8185
5.6927
5.4387
5.5954
5.1419
5.5548
5.3896
5.2773
5.2340
5.3452
5.2358
5.1533
5.0259
5.6030
5.4561
5.5792
5.4120
5.7670
5.6033
5.6780
5.5593
5.8009
6.1351
5.5401
5.9519
5.9180
5.6945
5.6523
5.3977
5.2601
5.1509
5.4691
5.4489
5.4412
5.1221
5.4587
5.5699
5.6194
5.4877
5.2591
5.4463
5.5226
5.5758
5.2369
5.6714
5.3847
5.4532
5.4861
5.5888
5.5188
5.3327
5.4700
5.5541
5.7626
5.8232
5.6870
6.0596
6.3282
5.8635
5.6261
5.5716
5.5586
5.7363
5.2335
5.4911
5.2768
5.2844
5.1153
5.2784
5.3194
5.3094
5.2110
5.1192
5.3132
5.1700
5.3109
5.4142
5.3925
5.2104
5.2496
5.4411
5.2337
4.9189
4.9973
4.9710
5.0486
5.1238
4.9713
5.0992
5.2955
5.3750
5.2692
5.3729
5.0583
5.0343
5.1725
5.2375
5.1231
4.9691
5.1422
5.0914
4.9537
5.0172
5.0600
5.1404
5.4960
5.4987
5.0289
5.1405
5.2812
5.0748
5.1751
5.2127
5.2382
5.1275
5.2290
5.1660
5.2188
5.0260
4.6090
4.9028
4.8932
4.9068
4.7589
4.7861
5.0924
5.1091
5.1708
5.3662
5.7947
5.4219
5.3746
5.5119
5.1945
5.7061
5.3954
5.5048
5.3125
5.2605
5.3014
5.1475
5.2974
5.2522
5.2760
5.1580
5.3425
5.1247
5.3920
5.2040
5.2601
5.1477
5.1458
5.2988
5.2709
5.4450
5.3183
5.7047
5.4070
5.2108
5.3493
5.3604
5.5507
5.9937
5.5911
5.8486
5.8626
5.7397
5.8719
5.8826
5.6217
5.9034
5.5188
5.5885
5.5343
5.7832
5.8403
5.6487
5.5557
5.6423
5.5091
5.4408
5.4233
5.4660
5.4926
5.6083
5.5539
5.6531
5.2694
5.6482
5.7550
5.9104
5.8461
5.6232
5.5789
5.5103
6.0203
5.6957
5.8058
5.7852
6.0203
5.9045
5.6900
5.8818
5.7902
5.9378
6.1770
6.3058
5.6646
6.0736
6.0014
5.9884
6.2314
5.7570
5.6027
5.6467
5.7874
5.9547
5.9002
5.7945
5.8205
6.0391
5.8137
5.9266
5.8618
5.8301
6.0892
6.2097
6.2556
6.1250
6.0484
6.0930
5.8533
6.0356
6.4359
6.0957
6.0997
5.9118
5.8843
5.5829
5.4998
5.8519
5.6406
5.6925
5.6463
5.6131
5.6222
5.5462
5.4460
5.6948
6.0437
5.7080
5.7643
5.8235
5.7162
5.8698
5.6748
5.8205
5.8728
6.1153
5.9247
5.7624
5.6789
5.6360
5.4672
5.6119
5.7075
5.6815
5.8358
5.6538
5.6071
5.7690
5.8363
5.7085
6.1320
5.9858
5.7467
5.8787
5.4536
5.1744
5.6828
5.6010
5.5158
5.6934
5.5383
5.5904
5.4324
5.6589
5.8384
5.8370
5.9543
6.0597
5.8592
6.0594
5.7949
5.6973
5.7630
5.9349
6.0701
5.7817
6.0599
5.3834
5.5844
5.7057
5.7981
5.6464
6.0720
5.8938
5.5611
5.5295
5.8849
5.8813
5.7526
5.6784
5.7501
5.6983
5.5794
5.4738
5.4856
5.3361
5.3796
5.7841
5.5777
6.1395
5.7952
5.6406
5.7949
5.9876
5.7541
6.2544
5.7893
5.9211
6.0030
6.1615
6.1203
6.2813
5.9479
6.0215
6.1895
6.0417
5.8837
5.9996
6.0089
5.8544
5.8070
6.1785
5.6033
5.8658
5.8993
5.9516
6.1023
6.2956
6.5480
6.1564
6.4217
6.5480
5.9247
6.1547
6.4556
6.0180
6.0823
6.0550
6.0469
5.9407
6.3390
6.3284
5.8274
5.8130
5.3332
5.2345
5.5035
5.4888
5.5530
5.4299
5.3291
5.6901
5.4422
5.4093
5.4056
5.5107
5.2892
5.4730
5.3725
5.7214
5.6919
5.2180
5.2624
5.4945
5.7472
5.3981
5.8504
5.6666
6.1626
5.7677
5.4804
5.6033
5.8541
5.6780
5.8571
5.4860
5.4024
5.5101
5.3061
5.2386
5.2664
5.1045
5.5661
5.6846
5.9799
5.5580
5.4504
5.7511
5.8844
5.7093
5.7541
5.6117
5.9234
5.9150
5.7686
5.8374
6.1012
5.8216
6.0579
5.4140
5.6783
6.0139
5.7502
5.7106
5.7701
5.6643
5.7532
5.7181
6.0441
5.8970
5.9715
5.9583
6.3994
6.0583
6.0524
6.0424
6.1507
5.6981
5.9323
5.7367
5.7105
5.7541
5.7673
6.0588
6.2839
6.0419
5.9414
5.6736
5.4331
5.5207
5.5597
5.6175
5.6648
5.3514
5.4001
5.5668
5.4279
5.6627
5.5679
5.5357
5.5339
5.4207
5.2472
5.2916
5.0447
5.4622
5.5264
5.3404
5.6842
5.1748
5.4234
5.4793
5.3900
5.4496
5.5119
5.2790
5.2276
5.1222
5.2006
5.5003
5.4213
5.4649
5.7110
5.5981
5.4433
5.7996
5.7758
5.3774
5.3488
5.6146
5.2836
5.4666
5.4324
5.5625
5.3766
5.3279
5.4678
5.3228
5.3795
5.8726
5.9307
5.7494
5.6140
5.7083
5.7474
5.7885
5.9169
5.6293
5.4956
5.3955
5.4576
5.5880
5.4231
5.5636
5.2037
5.1642
5.2043
5.1857
5.2563
5.4673
5.4030
5.3733
5.4874
5.1427
5.6291
5.3260
5.2070
5.2951
5.3232
5.4069
5.3714
5.3001
5.5918
4.9751
5.3097
5.2343
5.2484
5.3264
5.2335
5.2436
5.1845
5.0039
4.9775
5.1288
4.8953
4.9096
4.6934
4.6741
4.6850
4.8366
4.8806
4.6763
4.8403
4.9865
4.9248
4.6935
4.9395
4.9432
4.9955
5.0002
4.9696
4.9757
5.0758
5.2721
5.0708
4.9885
4.7840
5.2623
5.3992
5.1447
5.4969
5.0552
4.9503
5.5183
5.0467
5.2003
5.1912
5.1154
5.6197
4.8964
4.9643
4.7294
5.1774
4.8365
4.8172
4.9797
4.6665
4.8661
5.2782
5.3877
5.3555
5.3641
5.1215
5.0780
5.2286
5.0576
5.1220
5.1872
5.4427
5.1621
5.2736
5.3373
5.2374
5.2271
5.2116
5.2935
5.3105
5.2631
5.4391
5.3010
5.5015
5.5299
5.5005
5.1964
5.2257
5.2684
5.4624
5.0905
4.9559
5.2034
5.3222
5.3122
5.4159
5.3329
5.0829
5.0282
5.1794
5.2548
5.0929
5.1292
5.4528
5.0879
5.3695
5.3312
5.2275
5.3306
4.8788
4.9518
5.0405
5.1707
5.1908
5.2545
4.8632
5.0989
5.3191
5.0262
5.2849
5.2495
5.2821
5.0937
5.1058
4.9062
5.0933
5.3851
5.2245
5.1326
5.1583
5.3760
5.3252
5.3693
5.0436
5.3478
5.1649
5.0759
5.1890
5.1689
5.1503
5.1047
4.9244
4.9481
4.9945
5.1320
5.3631
5.0788
5.2722
5.2490
5.3479
5.1139
5.3312
5.0798
5.2607
5.1214
5.2354
5.0766
5.2452
5.1992
4.8442
5.3812
5.1765
5.1555
5.1716
5.2825
5.3317
5.2508
4.8763
5.1970
4.9323
5.0685
5.2393
5.1732
5.0916
5.0922
5.3267
5.2364
5.5333
5.2907
5.3966
5.3094
5.3744
4.9858
5.1108
5.3201
5.1251
4.9981
4.9183
5.0021
4.9824
5.0726
5.1681
5.1231
4.9189
5.2126
5.1531
5.0371
5.2896
5.1546
5.2445
5.1925
5.1517
5.0347
5.2481
5.4523
5.3534
5.5437
5.2648
5.2116
5.1731
5.1183
5.0880
5.0058
5.2791
5.2790
5.0685
5.0682
5.3248
5.1594
4.9659
5.0235
4.8749
4.9695
4.8508
5.0863
5.1644
5.0586
5.0934
5.1324
5.1598
5.0364
5.1238
5.2367
5.4282
5.3063
5.0592
5.3503
4.9576
5.0186
5.0729
5.0688
4.8660
5.0874
4.9261
5.0697
4.9373
4.6659
4.8880
4.8588
5.1386
4.9723
5.1491
4.9495
4.8752
5.1204
5.0743
5.0134
4.8976
5.0376
5.0470
5.0865
5.1511
5.2027
5.2267
5.4311
5.1678
5.1526
5.2326
5.3510
5.4952
5.3914
5.4843
5.2914
5.2994
5.4939
5.6952
5.1726
5.2337
5.4554
5.1199
5.2400
5.5114
5.1543
5.2749
5.3977
5.5915
5.5227
5.3846
5.4143
5.3265
5.2597
5.2667
5.0803
5.0811
4.9488
5.2550
4.9921
5.1759
4.9501
5.0420
5.1090
4.9889
5.1259
5.0072
5.0773
5.1549
5.2624
5.0246
5.2831
5.1399
4.9830
4.8696
4.9796
5.0308
5.0264
4.9113
4.9596
4.8674
5.1722
5.2036
5.2173
4.8474
5.0690
5.0916
4.9769
4.9644
5.1298
4.9809
4.9076
5.1007
5.1901
5.0332
5.0129
5.1428
5.3314
5.0415
4.9797
5.0662
4.9835
5.0161
5.0696
5.4603
5.0468
5.1847
5.4235
5.3855
5.4386
5.0139
5.1841
5.0339
5.0691
5.1417
5.1730
5.1268
5.1307
4.9470
4.9715
5.1122
5.3451
4.9167
4.8353
4.8168
4.8966
5.5373
5.2083
4.8712
5.0676
5.0120
4.9801
5.1541
4.8556
5.0667
5.3099
5.3328
5.2337
5.2638
5.2642
5.0271
5.2978
5.5460
4.9961
5.3398
5.1946
5.2804
5.2699
5.0020
5.3495
5.0730
5.2218
5.0929
5.0713
5.2081
5.0173
5.1165
4.9796
5.4870
5.5794
5.4456
5.3701
5.4665
5.6560
5.4501
5.7667
5.6659
5.3544
5.3349
5.8003
5.3675
4.9002
5.3313
5.3693
5.1209
5.2046
5.2800
5.2834
5.2091
5.3687
5.1666
5.0840
4.9741
5.1525
4.9250
4.9952
5.1050
4.9940
4.8690
5.0360
5.1172
5.4277
5.3996
5.5567
5.4289
5.0879
4.8410
5.0578
5.0151
5.0484
4.9201
5.0052
4.9663
5.1746
5.1625
5.0981
4.8405
5.0405
5.1374
4.9456
4.9344
5.0289
5.2220
5.0537
5.1677
5.4594
5.2517
5.2626
5.3590
5.3178
5.6167
5.5374
5.3245
5.3226
5.3110
5.1402
5.5034
5.3831
5.1364
5.2322
5.1600
5.3098
5.2948
5.3902
5.2330
5.5662
5.1226
5.5071
5.2876
5.2953
5.3460
5.4179
5.4268
5.3052
5.1530
5.3319
5.4409
5.5430
5.1187
5.3230
5.3762
5.0207
5.2202
5.3875
5.0125
5.0942
5.0799
5.0058
5.0721
5.0753
5.3255
5.2172
5.1913
4.9929
4.9390
5.0657
5.1425
5.2186
5.0392
5.2345
5.0756
5.0619
5.2168
4.9732
5.0584
5.0590
5.2913
5.4636
5.0586
5.1842
5.2179
5.2709
5.2045
5.1601
5.1165
5.4636
5.5580
5.2117
5.3525
5.2360
5.4921
5.1938
5.4413
5.3835
5.1552
5.2564
5.3870
5.0791
5.5242
5.5907
5.9002
5.2246
5.4577
5.2288
5.3046
5.2684
5.1766
5.2245
5.3790
5.2806
5.0846
5.3764
5.2652
5.3526
5.3126
5.2393
5.3886
5.2898
5.0894
4.9607
4.9505
5.0772
5.0066
4.8754
5.0457
5.0790
4.8811
4.6780
4.8571
5.0660
4.6246
5.0178
5.0192
5.1531
5.4612
5.1490
5.0931
5.1540
5.4488
5.2904
5.5381
5.3233
5.6021
5.4206
5.2981
5.2139
5.3884
5.2037
5.1873
5.2657
5.3313
5.3482
5.3704
5.3355
5.2496
5.1802
5.5997
5.2985
5.3764
5.3941
5.4287
5.3938
5.4309
5.4884
5.3270
5.4104
5.2470
5.3444
5.5500
5.2677
5.3378
5.5032
5.3471
5.2610
5.3558
5.5886
5.2323
4.9444
5.2361
5.2029
5.2027
5.5796
5.6014
5.5492
5.2775
5.4961
5.6641
5.1116
5.1667
5.1848
4.8324
5.6274
5.1495
5.2989
5.5248
5.3744
5.4028
5.6119
5.5176
5.4531
5.1796
5.3810
5.1874
5.5054
5.1214
5.2855
5.4209
5.1443
5.5955
5.6300
5.2036
5.1361
5.7081
5.7399
5.6137
5.5916
5.3673
5.2970
5.2275
5.0645
5.0713
5.1871
5.3645
4.9687
4.9808
4.8447
5.2346
5.1924
5.3489
5.1079
4.8839
5.0744
5.0993
4.9418
4.7380
4.9766
5.0519
4.9174
4.7766
5.1838
4.9864
4.8053
4.8761
4.8110
5.2337
4.8134
5.0626
5.2199
4.8774
4.9763
4.6795
4.9342
4.8151
4.8294
4.7263
4.7386
5.1335
5.1596
5.0067
4.9603
5.0182
4.8960
4.3130
4.7615
4.7908
4.8594
4.7212
4.8791
4.7146
5.3982
4.7673
5.1004
4.9214
5.2915
4.9451
4.8806
5.0967
4.7506
5.0473
5.2051
4.6594
4.9775
4.8477
4.8155
4.7184
4.7779
4.7255
4.4188
4.5621
4.6485
4.6643
4.3439
4.4164
4.5468
4.3875
4.6585
4.7181
4.4666
4.6309
4.9128
4.5984
4.6117
4.6158
4.5006
4.4888
4.4426
4.4786
4.4578
4.1197
4.5466
4.5564
4.3910
4.3812
4.4549
4.3399
4.5076
4.4170
4.3422
4.4167
4.1392
3.8781
3.8765
3.9865
4.2174
3.9335
3.8270
3.9065
4.3041
3.9476
3.7624
3.7465
3.9671
4.0258
4.0096
4.1070
4.4698
4.1535
4.1199
3.7059
3.3433
3.5918
3.5548
3.6544
3.3753
3.6014
3.2504
3.6816
3.6427
3.5792
3.6882
3.6306
3.7763
3.6436
3.4783
3.4814
4.1197
3.9649
3.8833
4.0010
3.8994
4.1938
4.0393
4.5570
4.4803
3.9072
4.3417
4.2029
4.3142
4.5793
4.1587
4.2616
4.8018
4.3848
4.4161
4.3959
4.5241
4.4700
4.2072
4.1934
4.3637
4.0932
4.3051
4.1712
3.9370
4.1394
3.9028
4.2789
4.6523
4.3184
4.3588
4.3046
4.6566
4.4584
4.9614
4.7551
4.6833
4.5681
4.5178
4.6739
4.4092
4.3691
4.2654
4.3688
4.6955
4.5680
4.6516
4.7529
4.9597
4.9542
4.8913
4.8102
4.7706
4.9048
5.1051
4.9886
5.0416
4.8726
5.1066
4.9259
4.6333
4.8514
5.1186
4.8000
4.8306
5.0351
4.9775
5.0097
4.8990
4.7161
4.8928
4.9426
4.6888
5.0876
4.9423
5.0759
5.1150
5.0785
5.1493
5.1478
4.7440
5.1362
4.7974
4.7816
4.7125
4.7767
4.5921
4.8357
4.6176
4.8090
4.9150
4.9652
4.9187
4.7546
4.6411
4.6343
4.5491
4.6338
4.4066
4.5457
4.4327
4.5149
4.7031
4.5348
4.5572
4.5452
4.5955
4.5552
4.5593
4.5970
4.5787
4.9735
4.9863
4.7083
4.6905
5.0602
5.4480
5.7241
4.6574
4.8027
4.8448
4.8187
4.6695
4.5778
4.6653
4.7830
4.3344
4.3575
4.2351
4.0719
4.1125
4.0529
4.3124
4.5220
3.9363
4.1638
4.2551
4.1524
4.2659
4.4461
4.4251
4.8291
4.3914
4.4489
4.2879
4.4197
4.5362
4.9024
4.4118
4.5018
4.4038
4.0504
4.4965
4.7339
4.2120
4.2044
4.1989
4.2698
4.2115
4.2787
4.2364
4.3828
4.3129
4.0765
4.1961
4.3452
4.1919
4.4135
4.2711
4.4756
4.1637
4.1745
4.3131
