8.5757
8.9313
8.3123
7.5265
7.0910
8.5907
8.2547
7.4547
7.3922
7.8754
8.0731
8.4661
8.3055
8.3347
9.2664
9.0397
9.1656
8.6349
9.7070
8.0927
8.0151
8.4767
8.8697
9.1600
8.6919
8.6681
8.7182
8.9196
8.6704
8.4824
7.8151
8.0826
7.5688
8.4061
8.4515
8.6863
8.2744
7.9328
7.8987
8.7986
7.2029
7.6829
8.2836
8.8109
8.7391
8.7270
8.4045
9.5701
9.0001
9.4401
9.6889
9.9638
8.4982
9.0711
8.9632
8.7167
8.7575
9.2595
8.8596
9.0072
8.3189
8.7050
8.6435
8.6784
9.5179
9.6880
8.8387
9.1350
9.2358
9.0368
9.2085
8.8582
8.5402
9.0079
8.9906
9.7528
9.3968
9.1451
8.6239
9.7423
9.1205
9.2653
9.0351
8.8687
8.4530
8.2132
7.5729
7.1037
7.3072
7.8792
8.4864
7.8973
8.2437
8.2076
7.9700
8.0405
8.3179
7.3973
8.4745
8.1105
8.1221
7.8457
7.5117
7.3169
7.6176
7.4958
7.7785
7.4643
7.5081
6.9258
6.5128
7.3606
7.1282
7.5964
7.2668
7.7203
8.0042
7.5494
7.4956
7.9494
8.3321
8.1123
8.2885
8.2397
8.6352
8.8433
8.0248
8.3046
8.3176
8.3952
8.6530
9.0061
8.4527
8.6237
7.7633
7.9991
8.6683
8.2895
8.0514
8.6713
8.8317
8.1047
8.8373
9.1054
8.0378
8.9943
8.1898
8.4612
9.5052
9.2893
8.9493
8.4077
8.8229
7.9643
8.3262
7.5684
8.6819
7.9555
8.3548
7.4238
7.7040
8.2796
7.8513
8.3195
8.4017
8.4698
8.6057
8.7618
8.0291
8.6744
8.4575
8.6121
8.5559
7.5032
8.1305
7.3742
8.0036
7.9774
9.1026
8.9035
8.4943
7.9292
8.9027
8.1480
8.5698
8.9206
9.2003
8.9349
8.2664
8.0570
9.3399
9.2929
8.8402
8.5964
8.4938
8.1426
9.2952
8.4596
8.6919
8.2803
8.6052
8.5346
8.4819
8.0852
9.0701
9.1488
8.8260
9.1420
8.5112
8.6918
8.7114
8.3875
7.4712
7.8041
7.7820
8.4463
8.5375
8.2650
8.4846
8.3474
8.1377
7.8979
7.2302
7.2096
6.9691
7.3057
7.0102
6.8260
7.1365
7.0141
7.2887
7.9667
8.3729
8.4352
8.0820
8.3480
8.1699
7.5347
8.2807
8.3643
8.8519
8.9390
7.9595
9.4792
9.4824
8.6086
9.4246
10.2625
9.9752
9.9175
9.6686
8.0046
8.7469
8.5767
9.3216
9.0470
9.6396
9.5751
10.0782
9.3832
8.5495
8.7601
8.5311
9.6815
9.3547
9.4846
10.0274
9.3786
10.3267
9.8273
10.3417
9.4748
9.5852
8.9369
8.9153
9.2716
8.1493
10.0874
9.5303
9.4598
8.9200
8.8631
8.9856
8.8399
8.7765
8.7670
8.4211
8.5971
8.0566
8.2163
8.8944
8.8756
8.5794
8.3434
9.3411
9.2342
8.8664
8.7546
9.5653
9.0519
9.0494
8.8866
9.0920
9.2034
8.3064
8.2880
8.2118
9.1176
8.5354
8.9463
8.5630
8.5384
8.4104
7.9527
8.0216
7.9180
8.3997
8.8431
8.7579
8.1474
8.0026
8.0601
8.8063
8.3502
8.6198
8.5830
8.3610
8.7148
9.3624
8.4471
8.6364
7.5032
9.1736
9.6433
9.0455
9.9742
9.7248
9.4339
9.2840
9.6330
10.0551
10.1430
9.2349
10.0735
9.8887
9.2411
10.3896
10.2874
9.3924
9.3208
9.6792
8.6818
8.8758
8.5717
9.2814
8.9858
9.4653
11.0784
9.9993
10.6951
9.4178
9.9703
9.9563
10.7425
10.4958
10.7019
9.8123
9.9695
9.7595
10.0181
9.5714
9.6689
10.0330
9.4322
9.2537
9.4410
9.7195
8.6651
8.2377
9.3071
9.4356
9.9791
9.5882
10.1255
9.8432
8.3229
9.4555
9.4915
9.5984
10.2184
8.8548
9.0239
9.7107
9.1055
9.7867
9.0392
9.4414
9.2402
9.7294
9.8131
8.7699
8.7996
8.8487
8.5889
9.2659
9.6658
9.1517
9.2939
9.1291
8.0811
8.5271
8.5728
9.4781
9.4779
9.6351
9.7762
10.0068
9.4486
9.4321
9.1577
10.4231
10.2371
9.8183
10.2844
10.2892
10.2691
10.0786
9.5247
10.2352
11.2009
10.0428
10.1100
9.2252
9.6948
9.4115
10.5348
9.8649
9.1952
9.7485
9.5612
9.8795
8.7502
9.0856
9.9368
9.2570
9.2349
9.7786
9.7959
9.5782
9.9752
10.4264
10.6922
11.0843
10.4374
10.3331
10.3222
10.7453
9.8090
9.4263
9.4020
9.4591
9.7900
9.4450
9.2153
9.0937
9.3566
8.3798
9.6783
8.8769
9.3093
9.4575
9.6048
9.1401
10.7448
9.5738
10.0885
9.8373
9.1824
9.4304
9.3353
9.2751
8.8517
8.4687
9.3479
9.2318
9.0886
9.5741
9.2610
8.8216
9.7916
8.1916
8.5608
9.1893
8.4464
8.6038
8.4360
9.6590
9.4868
9.3115
9.0447
10.1304
9.3776
9.9872
10.1305
9.9473
9.7456
9.7595
9.1700
9.4070
9.0544
9.3138
9.4146
10.2549
9.1378
9.5979
9.5272
9.6332
9.8447
9.7277
10.0760
10.6494
10.4729
9.1122
9.4098
9.3160
8.5160
8.1510
9.4656
8.6765
9.4799
9.7285
9.9056
9.7730
9.7849
9.1073
10.0815
10.1320
9.5263
10.2310
9.6182
9.5317
9.6179
9.9507
10.0996
10.2596
9.8365
10.4140
8.9351
8.4618
8.6429
9.0414
9.4408
9.2845
8.1980
9.1052
8.6256
9.5896
9.3971
9.8930
9.3705
8.4714
8.9645
9.1524
8.7178
9.3826
8.8422
8.7104
8.3675
8.4162
7.8668
8.3626
9.5779
9.0295
8.8228
9.6957
9.5800
8.2359
9.5366
10.2567
8.2895
8.7235
8.0369
8.1640
7.5194
7.7818
8.6433
8.7097
8.7509
8.9694
8.7641
8.8403
9.1070
9.2520
9.3209
8.0649
8.6230
8.2882
10.0266
9.3190
9.1438
9.5668
10.4892
10.0007
9.7297
10.4567
9.6890
9.4105
9.9454
9.0509
10.1238
8.6260
9.4186
9.1197
9.9322
9.0343
9.8255
9.6863
10.5414
10.3470
9.4904
10.4139
10.3640
10.1427
10.4121
10.0252
9.7659
8.8302
9.4737
9.6138
9.6349
10.4270
8.5711
9.2465
9.0382
9.7849
9.6022
9.1920
10.0880
10.3256
8.9906
8.6722
9.4647
8.8220
9.3811
8.7595
9.7959
9.9435
9.6650
8.5788
8.9662
9.0710
9.3918
9.6698
9.5891
9.3250
8.6278
8.6970
9.1513
8.4682
8.3966
9.2327
8.7613
8.0050
8.6224
9.9128
9.3305
9.5194
9.1478
9.7011
8.7604
8.9040
8.0067
7.1505
9.0808
8.8476
8.2546
8.5499
8.9953
8.3576
8.9513
8.6106
8.2001
7.4140
8.1985
7.8140
7.9224
7.6398
8.6588
7.4815
6.8375
7.0137
7.1813
7.5245
7.4391
7.6194
8.6339
9.0309
7.9427
8.2846
8.1884
8.7045
8.5534
8.0471
9.0491
7.8069
7.4480
8.1426
8.4603
9.1799
8.5793
8.9795
8.5896
9.0257
8.5454
8.3049
7.9073
9.1549
7.9647
8.7678
9.1391
9.3361
9.8149
9.8051
8.3526
9.1300
9.7944
8.8144
7.5508
8.3769
8.2602
7.9882
8.4093
8.6030
9.2482
9.0039
8.2282
9.6073
9.8790
8.6173
9.1580
8.7221
8.8342
8.2147
7.7743
9.2059
9.8012
9.2211
9.1934
9.7340
8.9080
9.1405
9.2835
9.6767
9.3500
9.5499
9.7623
8.7146
8.8362
9.6759
9.9367
8.9933
10.1391
9.8348
11.0086
9.9021
9.8153
9.6520
10.0418
9.9096
9.4450
10.6147
10.7426
10.1366
10.6236
9.5719
10.2035
10.2518
9.7527
9.7509
9.4647
9.6157
9.0977
9.6873
9.1236
9.4138
9.0224
8.6627
9.3868
9.6040
10.1175
10.2856
9.4263
9.2603
9.1136
8.4602
8.6567
10.4771
10.6733
10.6904
9.5680
9.1004
10.6773
10.0090
9.2122
9.9393
10.1698
8.1778
9.4246
9.7250
8.6039
8.8117
8.6749
7.7410
8.2900
9.1029
8.8157
9.0823
10.4581
10.1054
10.3630
9.9913
10.0198
11.0867
9.6922
9.6183
10.1396
10.4445
10.7118
10.1278
10.8741
10.2942
9.2001
9.1608
8.8076
7.6268
9.3110
9.7560
9.2956
10.2485
10.2704
9.7130
10.2318
9.1912
10.4182
10.6925
9.7921
10.1465
10.3570
9.3852
9.7026
10.1905
9.9555
10.5228
10.1091
10.5580
9.4063
9.5734
9.4358
9.5520
9.0645
9.1311
9.7142
9.7103
9.6398
8.5233
9.3640
9.6459
9.6411
8.6373
8.3909
9.1441
7.6357
7.8933
7.7115
7.8829
7.8515
7.7565
8.3385
7.9354
8.3599
9.7487
9.3635
9.1964
10.0723
9.1188
9.5374
9.1068
8.4309
8.3346
9.5247
9.0050
10.0852
9.2022
9.2941
10.7593
10.0210
9.6798
11.1034
9.3213
9.1398
8.9892
9.5052
8.9809
9.0910
8.2757
8.6664
7.4367
8.3902
8.3893
8.4901
8.1497
8.5288
8.5585
8.4776
7.5395
8.4628
8.7892
9.7007
9.5270
9.0513
8.9389
9.3625
9.5042
9.0386
8.7557
8.7565
7.9980
9.0327
8.7547
9.0159
9.7070
9.3772
10.8418
10.0982
8.9689
9.6447
9.5886
9.9160
10.5058
9.7655
10.2752
9.6045
9.7931
10.0992
9.9206
10.2910
10.3718
10.3088
10.8225
10.2082
10.9668
10.7981
9.6488
10.2776
11.6331
10.6892
9.8577
10.0314
9.4162
8.8996
8.7958
9.4253
10.3963
10.2163
9.2183
9.6495
9.3430
9.3742
10.4698
9.3435
9.7430
9.4779
9.1464
8.2015
8.8456
8.8495
8.0264
8.4188
8.5227
8.9288
7.7828
8.0680
7.9258
8.4259
7.9771
8.2116
9.1200
9.2408
10.4235
8.8566
9.1810
9.4261
8.9879
8.6223
8.3263
8.2320
9.0306
8.1866
7.5385
8.3556
8.5558
8.4955
8.1040
8.5838
8.5228
9.4300
9.1367
8.8235
9.0913
9.7571
9.2395
9.6834
9.4319
10.1135
9.9985
9.7964
9.9245
9.8621
8.8949
8.8094
9.6329
10.0880
9.0953
9.2241
8.7534
9.2661
9.6448
9.4648
10.7977
9.5765
10.1978
9.9362
9.7641
9.3539
7.7392
9.5838
9.9532
8.4260
9.0685
8.7995
9.0463
9.2136
8.9403
8.9940
9.0514
8.1026
8.5238
7.3218
7.3161
7.7342
8.6581
8.2265
8.2445
9.8795
9.8174
8.5536
8.3796
8.5865
7.5719
7.0766
7.7663
6.8510
8.6357
7.0006
7.4326
8.3468
8.6162
8.0835
7.1661
8.5675
8.9539
9.7123
8.5637
8.8786
8.6429
9.1032
9.4847
9.4657
9.1051
7.6076
7.8691
8.7429
8.7345
8.9173
9.0994
10.0492
9.7421
9.0881
9.9574
9.2484
9.7889
8.9358
9.0457
8.6825
9.0380
9.2060
7.3371
8.9644
9.1190
8.6523
9.4122
8.9992
9.5034
9.5446
8.7992
9.4154
10.6344
9.3217
10.1332
9.6284
10.5132
9.9302
9.7286
9.6127
9.7851
8.6934
8.7571
8.0775
8.2374
8.3537
8.7806
8.8607
8.7479
9.4077
10.0851
10.8737
9.9731
9.6120
9.4469
9.4857
9.0343
9.5517
9.1861
8.5777
9.3234
9.2528
9.9722
10.9163
10.2160
10.1344
10.1940
9.7651
9.3376
9.9081
9.4854
9.5020
10.0544
9.7329
10.2967
10.4762
9.7649
8.9231
9.6089
9.4618
9.3341
9.4826
9.9904
8.8699
9.5931
9.2164
9.3923
9.0164
8.6061
8.0898
8.6967
9.3662
8.8630
9.7885
8.7890
9.1476
9.4102
8.8869
8.8753
9.3624
9.1964
9.2949
9.2166
9.6834
9.4662
9.2362
9.1092
8.3758
8.1932
8.3699
8.8567
8.2456
7.7647
8.7572
8.9187
8.1901
7.3762
8.9847
8.1270
8.0086
8.0816
9.0988
8.8915
8.2399
8.1635
8.0280
7.9367
7.6646
8.2286
8.8076
9.1750
9.2731
9.9594
9.7336
8.6216
8.7893
8.7352
9.0978
9.4329
8.5729
9.2502
8.6338
9.6138
9.8020
9.4622
10.3708
10.9173
10.3449
10.3021
10.8364
10.4191
10.6653
10.7449
10.6591
10.2477
9.2032
10.1675
10.0695
10.4823
9.7498
10.4603
10.3018
11.0126
10.4536
10.8447
10.5714
11.1626
10.6740
11.0131
11.1639
11.0493
11.3943
10.6680
11.1404
9.9471
11.1491
10.9157
11.5281
11.5128
11.1626
10.6476
10.0285
10.7222
10.2288
10.4372
10.8745
10.5661
10.3730
10.8008
11.0629
9.4271
10.8008
10.2658
11.1462
10.3407
10.4181
9.5742
9.3499
9.4240
9.6262
9.8336
10.5332
11.3813
9.4924
9.8675
10.1747
11.0642
11.3586
10.4470
9.5586
10.2600
11.1712
11.1049
10.9156
10.4063
10.8634
10.9475
10.1170
10.3479
11.1707
11.2922
10.8418
11.8884
11.6932
10.4928
11.5535
10.6500
9.7464
10.9330
10.6245
11.1998
11.5564
11.3564
11.5232
11.4403
11.7788
11.2334
10.7810
10.4089
10.2586
9.8599
9.1095
9.9438
9.6532
9.4639
10.4492
10.4429
10.3155
10.1295
10.6213
10.8152
10.5191
10.6199
10.6575
10.5260
10.7036
9.3205
9.0425
9.2638
9.9723
9.6340
10.3246
10.2671
11.1239
9.3217
9.4580
8.8803
9.1514
9.5135
9.7204
10.2506
10.6226
9.5536
9.5970
10.8495
10.1581
9.3945
9.6925
10.9043
10.1611
10.0177
10.7720
10.1384
9.2060
8.8504
10.2934
9.3713
8.3657
8.7690
9.2076
8.9461
9.8246
9.3715
9.8562
9.3588
10.2443
8.7890
9.7188
10.0751
8.9981
10.3857
10.0882
11.2669
9.9803
10.7479
9.1513
9.9717
9.0580
8.7202
9.1607
9.2942
9.3418
9.9749
9.6648
9.1326
9.2002
8.9721
8.8183
9.3899
9.7840
8.5715
8.8918
8.7691
8.2436
9.6601
9.7770
9.3239
10.5471
10.7367
10.9597
10.1596
9.8505
10.0223
10.3173
8.3291
8.5620
8.4351
8.8373
9.3608
9.3421
9.4408
10.1696
9.8340
10.6202
9.6654
10.4486
10.1076
8.8378
9.6587
9.8158
9.6155
9.2844
9.6437
9.8769
9.9907
9.9175
9.6617
10.1001
9.9404
10.3267
9.8405
10.3719
9.7555
10.1567
10.0148
8.6972
8.7648
8.8445
9.7965
9.5316
8.5191
7.8982
9.6842
8.9308
9.6613
9.0362
8.7392
8.1214
9.2811
10.1042
10.0330
9.8699
9.7275
10.3999
10.7822
9.4149
10.0039
9.6147
9.5384
9.9710
9.4807
9.4145
9.8133
10.1934
10.4534
10.1240
9.6758
9.8749
10.5056
9.9182
9.6218
9.7655
10.2226
9.5235
10.5012
10.1848
10.5997
10.5658
11.0731
10.7875
10.0021
10.4479
10.7611
10.1237
9.4903
9.3555
10.1814
9.8946
9.3708
9.6182
8.6820
8.9885
9.4155
8.7562
9.6528
10.3225
10.0386
10.5221
9.6065
9.8181
10.5988
10.4683
9.5388
9.9737
9.4508
9.9000
9.5494
8.6983
9.2425
8.4761
9.5600
8.9448
8.3841
8.7367
8.9048
9.0523
8.4068
8.6364
9.9075
8.7827
9.2625
9.5281
9.4530
9.0002
8.8790
8.0848
8.9749
9.6617
8.8624
8.7043
8.4795
8.6271
8.3145
9.0984
9.0721
9.5534
9.7929
9.3094
10.4813
9.9089
9.8255
10.4538
10.2271
11.0573
11.4461
11.6085
10.6408
11.0566
10.9979
11.6606
11.0991
10.8407
10.1019
10.5907
10.9448
9.6327
10.5974
10.5916
10.1148
10.2653
10.3773
10.4121
10.4816
10.3939
10.7636
10.5878
10.3822
9.7781
9.6143
8.5700
8.7991
9.9719
9.6360
9.4988
10.1362
9.7789
9.3855
9.6321
10.5882
10.3622
10.6051
10.5948
9.7696
10.5457
10.1730
9.1541
10.5173
10.4060
10.1714
10.2407
9.6668
10.3876
10.9707
10.3841
9.8880
9.9027
9.7753
9.6981
9.1636
10.0721
10.5061
10.4583
10.9721
10.3946
10.2783
11.1046
11.0343
10.7854
10.4206
9.7374
10.7911
11.0297
11.7803
12.3510
11.5688
11.2817
11.3153
11.5468
11.7656
10.0329
9.1897
9.0702
9.6796
8.7506
9.4924
9.3448
8.7713
8.6895
8.9861
9.5642
9.0788
8.8764
9.8545
10.0157
8.8164
9.0600
9.6149
9.6902
9.4005
10.2041
9.5454
8.6827
9.9774
9.3904
9.7110
8.9838
8.6768
9.1486
9.3923
9.4732
9.1480
9.7371
9.8776
10.2338
10.3897
11.1749
10.7691
10.5640
10.5700
10.5462
11.0758
10.6005
9.7354
9.8480
10.2877
9.7512
9.8239
10.0836
10.5811
9.6192
10.1590
8.3639
9.1300
8.7712
10.0244
10.3655
10.0959
10.8718
10.6130
11.0086
10.3851
10.0010
10.5501
9.2997
10.1817
10.3624
10.6514
11.1179
11.3640
10.9859
10.9670
11.8888
10.4591
10.2974
10.4614
11.3918
10.8391
10.7739
9.7859
10.1378
10.7850
10.3298
10.8019
10.5700
10.7415
10.8511
11.0385
10.7014
10.4137
11.1167
9.5668
10.7584
10.9035
10.4458
10.5260
11.1755
10.6904
10.0724
10.1728
9.9965
10.3876
10.2478
10.5548
9.6166
9.5467
9.3437
8.3654
8.8001
10.9260
10.6341
11.3882
10.6483
9.8320
10.0619
10.8759
10.5691
11.0112
10.2611
10.3640
10.6973
10.4318
10.6472
10.6359
10.0420
10.3012
9.5924
10.6421
10.4349
10.4296
10.4351
10.4684
10.2239
11.3523
10.6630
10.3775
10.1026
9.3453
10.0952
9.8061
9.6236
9.3428
9.9397
9.4122
9.8877
9.9699
10.0394
11.1824
10.7334
10.5942
10.2488
10.2868
10.9301
10.2562
10.6548
11.7849
9.5095
9.4426
9.7095
10.2300
10.5730
10.6469
10.7087
11.0541
10.4193
9.9568
10.4854
10.2781
10.0317
9.9769
9.4347
8.9852
8.6605
8.2890
8.9626
9.5169
8.4576
8.6031
8.0969
8.1806
8.7153
8.6624
9.3052
9.2177
9.9439
9.0478
9.4584
9.3209
8.6520
9.1488
9.6308
9.3001
9.0345
9.9123
9.2839
9.2240
9.3740
9.4746
8.9307
8.5351
8.7087
8.2584
8.9332
8.3374
7.9621
8.9233
8.0956
9.0378
8.6174
7.2401
8.6480
8.6735
8.4570
8.9469
9.3583
8.9258
9.3780
9.6417
9.5146
10.1580
10.2299
9.8070
10.6008
10.4658
9.6632
8.6557
8.9133
9.1671
9.4837
8.3597
9.2025
9.1903
8.4491
8.9520
9.4017
9.1223
9.2696
8.9729
7.9701
9.0356
8.9939
9.3155
9.2315
8.5142
9.0893
9.8245
8.0502
9.2607
9.3990
8.8489
8.7178
8.2158
8.1457
8.3019
7.9078
8.9507
8.6903
9.0023
8.6515
7.5073
9.1677
9.5358
9.5075
9.7214
8.9997
9.9032
10.2831
9.5331
9.8909
9.9934
9.5098
9.1299
9.0734
8.8787
8.3883
9.3506
9.5689
9.9268
9.9549
9.1854
8.6915
10.0863
10.4468
11.3636
9.9095
10.3138
10.3082
9.9257
9.8201
10.3633
10.1092
10.2994
9.7609
10.4361
9.9865
10.2130
10.3377
9.5572
9.9871
10.0419
9.0870
8.8778
9.5029
10.5821
10.5812
8.9735
10.0701
9.3573
9.7163
10.1793
10.3853
9.8295
9.9009
9.5825
10.5448
10.6899
9.5589
9.9894
10.4262
10.3466
10.4756
9.4581
10.1110
9.4397
9.9000
9.7107
9.8467
10.4190
10.0528
9.7804
10.0739
10.2359
10.6979
10.0905
10.2651
9.3738
10.0031
9.9646
10.5036
10.9366
10.1070
10.5069
11.2604
11.6907
10.6737
10.0515
10.5815
9.6054
10.8193
10.1198
10.6127
10.4579
10.0570
10.4696
10.6952
9.5039
8.9158
9.6835
10.6081
10.2391
10.5996
11.0406
9.2028
9.9575
10.0926
9.9505
10.0555
10.3811
10.2311
10.4914
10.4998
10.5554
9.8884
9.6957
9.1571
8.5318
8.0256
8.2185
8.9640
9.1896
9.1552
8.9749
8.4559
9.6714
9.0779
8.8486
8.4344
8.5060
8.8271
8.7668
8.4276
8.5813
9.0817
8.9809
9.4845
9.6542
9.5366
9.8420
9.3712
9.0995
9.4495
8.7086
8.8626
8.3969
9.0813
8.6789
9.1876
8.3657
9.0613
9.8093
9.5442
10.1395
11.0701
9.2887
9.1988
10.2347
9.5723
9.4364
8.6919
9.0930
8.9444
8.9126
8.7790
8.2273
8.7304
8.9270
8.5420
8.9341
9.2945
9.4236
9.1504
8.8329
9.3829
9.4880
8.5363
8.6504
10.0019
9.1792
10.2608
10.6831
9.8351
9.7355
9.8926
10.0902
9.6607
9.5254
9.6064
9.1346
9.5789
9.5045
9.3951
8.7236
9.5333
9.2039
9.5444
9.1024
8.9130
9.8404
9.1254
8.6518
8.7059
8.8285
8.5106
8.9260
7.7698
8.3201
8.9857
8.3505
9.0161
8.2245
9.0394
9.4196
9.9793
8.8807
9.4165
8.9051
7.8710
9.1531
10.0063
9.7725
9.3477
9.1373
9.4778
8.5848
9.4931
8.4839
8.7787
8.9922
9.4067
9.6249
9.0382
8.7236
8.6988
9.3514
8.5915
9.5182
9.8771
9.5786
8.8021
9.0640
9.2392
8.7128
8.9550
10.1151
9.5475
10.2508
9.8015
9.5723
9.2986
9.6038
9.0835
9.0839
9.2023
9.7089
10.7564
10.6507
9.5524
9.9728
10.3655
8.9544
9.1518
10.8572
9.4554
8.5900
8.5997
9.6513
10.1228
9.4975
8.7877
9.0874
9.6688
9.3590
9.0544
9.1934
9.3164
9.8267
9.0005
9.8731
10.6979
9.8635
9.7691
9.8210
10.6627
10.1198
9.9433
9.8676
9.9338
10.3346
10.0073
9.8732
8.8995
9.6451
9.4661
9.1743
9.2931
9.3795
10.3142
8.8900
9.5339
10.5631
9.1036
9.1090
10.0684
9.1792
9.5351
9.1631
9.0414
8.9556
8.6835
8.9049
8.6595
10.3549
10.0450
9.2257
9.0144
9.5566
9.7975
9.7898
9.9971
9.8508
8.9278
9.4650
10.1852
9.8690
9.3192
9.1718
9.6196
9.2522
9.2784
9.6441
9.8284
9.3198
9.2772
9.9628
9.7222
8.8035
9.3628
9.4753
9.9267
9.4931
9.1559
9.8565
9.4806
9.5442
9.7929
9.6936
9.5368
9.6738
8.9602
9.2960
9.7925
9.4430
10.3377
9.6642
9.5931
10.2037
9.9754
9.6338
10.7078
10.0397
10.7034
11.1449
11.1690
10.6858
10.4809
9.9812
10.4397
10.6974
10.8310
10.3928
10.9475
10.0494
9.8315
9.1439
10.4372
10.1483
9.8422
9.4547
9.5157
10.4575
9.8165
10.2689
9.3462
9.7195
9.9558
9.8899
9.8164
10.4539
9.0984
9.5040
9.0987
10.5091
10.3415
10.1695
9.6926
10.1105
10.6457
10.7068
10.6066
10.1835
10.0293
10.9416
10.5630
10.5635
9.8414
10.2112
9.9097
9.5440
10.5763
10.1608
9.4465
9.7724
10.4636
11.3912
10.5381
11.3736
10.0347
11.1052
9.3231
10.5253
10.0163
10.2910
9.4558
9.8584
9.0624
10.1812
9.8513
9.7241
9.4670
9.0972
9.6141
8.9474
8.9413
8.4436
9.3800
9.7469
8.9601
9.3041
9.5704
9.0769
9.4075
9.3012
9.8723
8.9841
9.8489
10.0408
10.5805
11.0530
11.0336
11.2827
11.5970
10.1370
10.3399
10.3683
10.3898
10.3074
11.0821
11.0221
10.7792
10.3199
11.1269
11.4919
11.5366
10.9088
10.5173
10.7262
11.6806
11.1533
11.4669
11.5143
11.0598
11.3984
10.9636
10.5789
10.8817
10.5697
10.3046
10.4853
10.6663
9.8920
9.5916
8.9154
9.4149
9.6986
9.8099
10.1116
9.7491
9.5666
9.7728
9.6276
9.1612
9.0911
9.8210
9.4071
9.4845
9.7409
9.3939
10.2896
9.4802
10.6775
9.8425
9.2493
10.6438
9.9820
10.1664
9.4874
10.2675
10.4380
10.0212
10.2402
9.7515
10.0735
9.7950
10.4047
10.7854
11.0452
9.2268
9.6877
10.2220
9.6561
8.9608
9.7366
10.6456
10.6905
10.8851
10.3887
10.2486
10.1027
10.1183
10.2198
10.2195
10.0884
9.1024
9.5274
9.9570
9.0733
10.3207
10.2958
9.9811
10.1848
9.5357
9.9318
8.9532
9.7116
8.8723
9.1744
10.4551
9.6014
9.1495
9.1512
10.1220
9.1755
10.4059
9.4783
10.3908
9.7346
9.8980
9.9938
9.5883
9.5858
9.4969
10.3703
9.9325
9.7142
10.8142
9.8603
9.4576
10.2149
9.5980
9.4453
9.4811
9.0370
9.5426
9.8259
9.4505
9.9301
8.8827
9.2962
9.1970
9.2821
9.3515
8.8962
9.7190
8.8351
9.7542
9.0317
8.7943
10.3608
9.7629
9.3756
9.6795
9.1626
9.2814
9.9583
9.0019
8.4346
9.2282
8.9884
9.5387
9.7552
8.9525
9.6189
9.2922
9.1634
9.1701
8.9864
9.7676
9.2019
9.1317
9.4315
9.2115
9.6306
9.3430
9.6698
9.6217
9.3681
8.4598
8.7359
8.6547
9.4489
9.1560
9.5625
10.1144
8.8194
9.5853
9.3138
9.1647
8.2012
8.9852
9.0607
9.2618
10.3649
10.1689
10.3187
10.2436
10.4411
10.0050
9.8356
10.3403
9.4389
9.5051
9.7288
10.2085
9.3363
9.1798
8.8223
9.3179
9.6718
8.9529
9.9457
9.6254
8.8653
8.8376
8.9319
9.2475
7.8273
8.9032
8.4155
8.0269
8.3355
9.3070
7.9089
7.8346
8.4950
8.1274
8.7820
8.3036
8.9817
9.2097
9.3512
9.4759
9.6686
8.9218
9.4013
9.2666
9.1314
8.7624
8.5411
8.9050
7.6439
8.9032
8.8977
9.0382
8.2148
8.7957
9.3354
9.6809
9.1350
8.2798
8.7177
8.9513
8.7388
7.4329
7.7282
7.9869
8.2290
8.5479
8.8330
8.9472
9.4640
8.2154
8.4950
8.2725
8.0281
8.3651
9.1270
8.8548
8.4640
8.4728
7.9454
9.5525
9.9377
9.0805
8.6188
8.6949
9.1196
9.5512
9.0899
9.1702
8.2310
8.7797
9.6784
9.7416
9.7686
9.2191
8.9348
9.2063
9.7237
10.0674
9.2410
9.5298
9.1417
9.3836
9.8688
10.0294
10.2727
10.1269
9.9816
9.4462
8.7055
8.6741
9.7530
9.5044
8.7724
9.1792
8.9480
9.0988
9.6958
9.0842
9.8832
9.8486
9.7186
9.8914
9.6575
10.8233
9.4328
9.6521
10.8540
9.9857
9.4977
9.3249
9.4550
9.3235
9.4359
9.2446
9.5297
8.6913
8.9871
8.5703
8.6838
8.7069
9.1782
8.8562
8.9077
9.0548
8.6401
8.4968
9.2175
8.5249
9.7491
8.9464
9.5726
9.4462
9.9432
9.4031
9.8355
8.6920
9.1924
9.6900
9.3708
9.3021
10.1560
10.2802
10.2434
9.8073
9.6776
9.1190
9.5778
9.5677
9.9325
10.5586
9.9775
9.6298
9.4919
8.6690
9.4648
8.9879
9.5631
8.8326
8.7032
8.2123
8.6036
8.7277
8.9799
8.8831
8.7698
9.4423
9.4433
9.5982
9.7521
10.4543
8.7084
9.4973
9.6532
10.2257
9.4063
9.2968
9.2411
8.7439
9.1872
8.7655
8.9745
9.1147
8.6651
9.2813
8.5405
8.3788
10.0012
9.7952
10.0843
10.5493
9.9768
8.5992
9.3398
9.5327
9.6882
8.5996
9.3344
9.0661
9.4061
9.6637
9.9972
9.5269
9.5543
9.0748
8.8513
9.0988
9.3085
8.9038
9.8544
10.9868
11.1634
10.2037
10.4102
10.3833
10.4950
10.3255
10.5660
10.5831
10.4821
10.1309
10.5503
10.9695
10.0599
10.5933
10.0200
10.3160
10.8442
10.6824
11.3043
10.6111
10.0402
10.4898
9.7170
10.8142
10.2653
10.0085
10.3042
9.7078
9.6501
10.4805
10.2862
10.3415
11.0875
10.1454
10.6354
10.9920
9.9910
10.0628
10.3133
10.1655
9.4276
9.9563
9.7018
10.6514
10.3485
10.6394
10.2442
10.1918
10.5344
12.0088
10.9850
10.3902
10.0533
10.3191
10.5363
10.4750
10.4547
10.7883
9.9816
9.7552
10.2383
10.0564
11.2762
11.4606
10.9256
11.2505
11.3007
11.2690
10.7271
11.4555
10.8512
10.6311
10.2372
11.5073
11.1444
11.5487
11.6210
11.6536
11.1312
10.6645
11.9791
12.1581
11.6528
10.5860
11.0540
11.1177
10.9011
10.1472
10.6767
10.8799
11.7869
11.7121
12.0902
11.9727
10.8580
11.0477
10.9348
11.4251
10.7350
12.4553
11.7856
11.3377
10.5975
11.4414
9.9550
10.3093
10.4226
11.1108
11.0596
11.8241
11.6042
11.2681
10.2766
10.5846
12.0704
11.5924
11.8200
10.8275
10.8164
10.6999
10.1263
10.7022
10.7409
11.2129
10.9723
10.6832
11.2431
10.3030
11.0910
10.5100
9.7247
10.1210
10.3938
9.9427
10.6861
11.1909
11.7491
11.8242
11.0203
11.4017
11.5364
10.7682
9.9339
10.2433
10.8637
11.1156
10.4314
11.4717
11.5025
10.5558
10.6051
10.4086
9.6761
10.4291
10.2911
10.2927
9.8418
9.7578
10.7789
10.4573
10.7170
10.3392
10.8509
10.0686
9.8346
10.2832
9.7127
10.7274
10.0415
10.6677
10.4898
10.7281
11.3151
10.2099
10.1356
11.2476
11.1237
11.1586
10.9965
11.2577
10.7152
11.1756
11.8943
11.7579
10.8855
10.2521
11.1229
11.1433
10.6932
11.4741
10.8456
10.2435
9.8202
10.5535
9.8250
10.1260
10.6417
9.4130
10.9832
9.9721
10.7151
10.0920
10.4418
10.4193
9.7352
9.8239
10.0146
10.1374
10.2746
9.6475
10.5244
10.3817
10.0495
10.5327
11.0173
10.5735
11.0339
9.6092
10.1420
10.3924
11.1139
10.7887
10.5092
10.6279
10.0828
10.8072
10.1545
10.0234
9.7092
9.6200
10.9336
10.2080
10.2927
11.5582
10.7870
10.6722
10.7750
10.5478
10.6530
9.5176
10.5204
10.5019
10.1783
10.5851
10.6102
10.8745
10.6340
10.0658
9.8200
10.2091
10.8256
10.4358
10.0098
10.9173
11.3130
10.5888
10.7488
12.3709
11.5484
11.2822
11.7701
10.8980
11.3138
10.5095
11.9998
11.8515
11.6161
11.2615
11.6817
12.4456
12.3142
11.8618
12.3395
12.3768
12.7375
13.4375
13.3402
12.8552
12.3989
12.2906
12.7694
12.8013
12.5555
13.1949
13.1775
12.7436
12.5102
12.6815
12.4153
12.8174
12.3536
12.8868
12.2309
12.4714
12.7589
13.0349
12.9847
11.5630
12.2582
11.6287
11.8496
11.4168
11.1757
11.2039
9.9302
10.9431
10.6520
11.2887
10.6661
10.5459
11.2250
10.9382
11.1592
10.9674
11.2734
11.8323
11.3249
11.1170
11.0695
10.8572
11.1180
10.5473
11.1474
11.9929
12.0017
12.5429
12.6843
12.2585
11.8714
12.4664
11.4997
11.6436
11.2774
11.4985
11.9249
12.3251
11.8143
12.6489
11.9936
11.5348
11.2179
11.4720
11.1324
11.2340
10.5650
10.9994
10.9145
10.7133
10.7799
11.5503
11.5611
12.4140
12.1849
11.6696
12.4284
12.2489
11.6113
11.9450
11.5356
12.0466
11.1759
11.5863
11.5011
11.7962
11.7244
11.8606
11.2671
11.3098
11.5496
12.3101
12.1810
11.7227
11.9699
11.5314
12.2027
11.9184
11.9654
12.4026
12.0951
12.6241
12.0934
12.4490
12.6431
12.3374
12.1399
11.5563
12.0299
12.2854
11.2321
11.7239
11.9230
12.3252
11.9925
12.9499
13.6309
12.8794
12.4678
12.9401
12.2173
11.4772
11.8670
13.1515
13.0434
13.2608
13.5597
12.5883
12.7135
12.2180
13.0912
12.3848
12.9285
12.3482
12.3432
11.9339
12.0627
12.0567
12.3437
12.4381
11.6812
12.1416
11.9397
12.5461
12.0959
12.4306
11.3999
12.7276
11.9778
12.5835
12.1343
11.9830
11.9260
12.0870
12.1186
11.5508
11.3116
11.1582
11.7609
11.9161
12.4518
11.8784
11.7074
11.3058
12.3198
12.4185
12.9854
13.1338
12.6197
12.1400
13.2143
12.2625
12.7135
12.9573
12.7506
13.0920
12.9783
12.5739
12.7815
12.9557
12.8353
12.7779
12.7626
12.0716
11.8751
11.9351
11.8064
12.9946
12.9223
12.2703
12.6916
12.5872
12.3317
11.8103
12.0085
11.3031
12.3020
13.0096
13.1378
12.2591
12.2241
12.5115
12.8798
12.9820
12.7189
12.6857
12.0776
12.7399
12.5409
12.9144
12.6816
11.6940
12.4473
12.6692
13.2016
12.8577
12.3737
12.0753
12.5570
13.1853
12.7288
12.5686
11.8771
12.6898
11.8055
12.2126
12.4526
12.6487
12.1370
13.2489
12.9246
12.8632
13.7573
12.7164
13.6114
12.7733
13.0524
12.5463
12.6440
13.2911
13.0572
13.5286
12.5320
12.7695
12.8321
12.5207
12.1307
11.9640
12.4737
12.5901
12.7356
13.8028
13.5920
13.0041
13.6534
13.4364
13.1709
12.6370
12.5760
12.6716
12.2506
12.3272
12.8754
14.1539
13.7351
13.9906
14.0871
13.5801
13.5095
14.0096
14.2218
14.3615
14.5212
13.5984
14.6701
13.7455
14.0089
13.9403
13.9370
13.6227
13.2463
13.1587
12.9626
13.4915
12.3555
12.1527
12.6421
12.2715
12.5970
13.0894
12.6043
12.9493
12.3868
12.9353
13.5303
12.4298
12.6414
11.3295
11.8593
12.1293
11.5717
11.4891
11.7347
12.1355
11.5246
12.4511
12.2137
11.8252
12.1700
12.2339
12.3732
11.3050
11.8727
12.5798
12.0253
11.8002
10.6294
10.5878
10.6809
10.9891
11.1794
12.2450
12.2303
11.8906
11.2679
10.7743
10.7662
11.4551
11.3972
11.5439
11.2587
11.4278
11.7059
11.3425
11.4224
11.6074
11.8827
11.8866
12.4754
11.1583
11.1280
11.4678
11.4749
11.2761
11.1390
10.9047
11.4698
11.1904
11.6033
11.5623
11.2022
11.2682
11.1764
11.5482
10.7802
10.8610
11.5283
11.9845
11.7157
12.2299
11.4329
10.7839
10.6774
11.6714
10.9561
11.4222
11.7265
10.7901
11.4159
11.5296
11.7768
12.0577
10.8597
10.4664
12.1367
11.3595
11.6423
11.5098
11.1437
11.1157
11.5291
11.0112
10.6517
10.0503
10.3747
11.5678
10.8394
10.4724
11.0551
10.6769
10.6027
11.3559
11.7815
11.2587
10.6021
11.4109
10.6814
11.0057
11.9748
11.6105
11.9106
11.7958
11.1764
11.8188
10.4390
11.3510
12.2878
11.8734
11.6081
12.3922
13.1443
12.5075
13.4013
12.7736
12.5691
12.2251
12.8568
12.2173
12.6121
12.6646
13.0761
12.3897
12.6924
12.4796
12.5575
12.9302
12.9850
12.3186
11.2921
11.6230
11.9676
12.4408
12.7468
12.7348
12.9855
12.6755
13.4030
12.5808
12.7813
13.1035
13.4844
13.4407
13.1878
13.0683
13.3827
13.3850
12.9187
13.5196
13.9325
13.5990
13.7610
13.4016
13.2641
13.5615
12.6944
12.5320
13.0475
13.1120
12.9938
12.4471
12.5909
12.2931
12.6011
12.2787
13.5796
12.5501
13.3752
12.9451
12.4708
12.4046
11.8795
12.3330
12.9395
12.6978
12.6557
13.2981
13.0714
13.3513
13.5998
13.5650
13.8603
14.5328
13.7190
13.6404
13.6549
13.7850
13.6586
12.8100
12.1099
13.1131
13.0885
12.7595
12.4070
12.6114
12.3505
12.3171
12.5182
11.9934
11.9701
12.3236
12.0381
12.1674
12.0258
12.0056
12.9390
12.6269
12.3634
12.9048
12.9828
12.2932
12.1826
12.1894
12.7103
12.5364
12.8596
13.1002
13.0647
13.3142
12.9279
12.6802
12.7404
12.7619
13.6631
13.2241
12.7669
13.3380
12.5689
12.4917
12.6417
12.1944
12.2273
11.3473
12.0338
12.0980
12.3747
12.1016
11.9897
12.1340
11.9239
12.4631
12.5766
11.8034
12.7333
13.7897
13.0169
13.5070
12.3421
13.4615
12.6713
12.5616
12.3696
12.4387
12.3459
11.6377
11.4200
11.8036
11.8721
12.0966
11.2780
11.6312
12.5194
13.1382
12.4198
11.9593
12.1125
12.6781
13.4226
12.4773
11.6136
11.2829
12.5456
11.8017
12.9096
12.9301
12.5300
12.1951
12.0264
12.6949
12.7007
11.4889
12.8429
12.6001
13.3425
13.1865
12.5383
11.8892
11.9070
10.2868
11.4403
11.0634
10.6279
11.7000
10.9872
10.6661
10.5697
10.4531
11.3063
10.5620
10.6064
10.5794
10.6098
10.6907
11.0854
10.9357
11.7549
11.5789
11.6275
11.3924
10.1238
10.7788
10.1429
10.8914
10.8973
11.1005
10.0389
10.2182
11.0842
10.9608
10.4745
11.3386
10.5479
9.8946
10.2347
10.6992
10.7280
11.3380
11.8991
11.7573
11.1089
11.4987
11.2432
11.8707
11.4676
11.9226
12.0025
11.8271
11.7366
12.1230
12.0685
12.0647
11.7109
12.4705
13.0059
13.3801
13.0517
13.0024
11.9409
12.0243
11.2781
12.0720
12.2280
12.9402
12.9943
12.9096
12.8530
12.2354
12.8883
11.5584
11.6638
12.2504
11.7964
11.4189
11.0114
11.4556
12.3998
12.3559
11.8121
11.4856
11.2443
10.4494
10.6449
11.0980
10.2131
9.8804
10.3356
11.5627
10.3628
9.2051
9.6067
9.4815
9.9707
9.2505
9.2352
9.2920
9.7450
9.6271
9.0520
9.8548
10.1111
10.1940
9.7803
10.5389
10.0929
11.0512
10.3547
10.0578
10.4597
11.2383
10.7954
10.4581
10.2968
9.9071
9.7421
10.5678
9.9947
10.1215
10.4304
10.9614
10.8076
11.3806
10.9153
11.4155
12.3189
11.0834
11.4737
10.9208
11.2956
10.3525
11.2775
11.2395
11.0958
10.2899
9.9900
11.1280
10.7867
11.1150
11.7457
12.3787
11.5727
12.2139
12.9533
12.3042
11.0705
11.1461
10.3877
11.0333
11.2075
10.8485
11.0119
11.0809
10.9816
11.0568
11.6074
11.9900
12.8370
12.3158
12.1817
11.7904
11.2065
10.9964
12.0234
12.6212
11.4227
12.3723
12.4368
11.9843
11.5780
11.1807
12.2256
11.0355
11.7908
12.1729
13.0458
12.1449
11.9523
12.0931
11.4071
12.2945
11.8505
11.7938
11.3778
11.4572
11.2292
10.9434
11.6372
11.7403
10.9251
10.8491
11.6808
11.9041
11.6335
11.5337
11.8369
11.8804
11.4581
11.6129
12.2148
12.1949
11.6155
12.1454
11.7489
11.2465
12.0923
11.8023
11.1152
11.5684
11.2455
11.7626
11.1536
11.3453
10.1640
11.4740
11.4386
11.5333
11.7186
11.3109
10.7474
11.8139
11.6760
12.0162
11.5699
11.4175
11.2653
11.5488
12.0692
12.2142
13.3472
13.3483
12.3410
12.7266
11.5804
11.6948
12.3607
12.6905
12.1144
12.0582
12.3336
11.4126
11.0551
10.7301
11.6764
11.2956
11.2880
12.0406
12.3736
12.2418
11.3488
11.5068
11.0198
10.7395
10.4774
10.0353
10.6649
10.7824
11.8623
11.0741
10.7372
10.9628
11.2811
10.8344
10.8514
11.4267
10.7609
11.4051
11.4026
11.9393
11.5162
12.3986
12.1293
12.5608
11.9344
11.8186
11.6749
11.0824
12.1623
12.0382
11.5594
11.3982
11.9208
11.6392
11.9727
11.2980
11.7279
11.8353
11.3787
11.4301
10.5105
11.9926
11.5694
12.5389
11.8511
11.9902
11.3526
11.7904
10.7662
10.1848
10.9464
10.1207
9.8049
10.5521
11.0582
10.5392
11.6135
11.4187
10.8902
10.5635
11.3997
11.3967
11.5652
11.5784
11.0165
10.7896
11.5605
12.1447
11.5138
11.6539
11.5808
11.8260
12.0018
12.0621
11.5653
11.1638
11.9143
11.6955
11.9799
11.4840
11.0626
11.0110
10.7262
10.9252
12.1369
10.5699
11.0954
11.4869
11.4478
10.8562
12.0040
11.8256
10.8932
9.7680
10.2544
10.7165
10.5249
11.1580
10.4203
11.1668
10.9448
11.0524
11.2231
11.9146
11.1977
11.1757
11.1501
10.1160
10.5396
9.7799
10.6970
10.3631
9.3002
9.1063
9.6516
10.5110
10.3407
9.3688
9.6135
9.6430
8.7670
9.0047
9.4075
10.0279
10.3619
10.3655
9.8062
10.1097
10.0817
9.9120
10.2415
8.7670
9.0452
9.4748
10.1886
10.0185
9.4487
10.1531
9.5909
9.7346
9.9141
10.2673
10.5451
9.7333
9.6636
9.2259
9.7409
10.9128
10.7060
10.4137
9.7990
10.9936
10.0485
11.1945
9.8650
10.2867
10.9629
10.4581
9.8740
9.7822
9.7877
9.4373
10.8828
10.3800
9.2917
9.5962
10.1970
9.6740
9.5741
10.4399
9.6179
9.3508
9.3524
9.4913
9.3809
9.4036
9.8910
9.5028
9.1345
9.9181
9.9298
10.0911
10.7649
10.1449
10.5782
10.6817
10.0525
9.6986
10.3773
9.9537
10.6456
10.6005
10.8668
10.4084
9.8258
9.8742
9.6219
10.7107
10.7465
10.4061
9.7163
9.4694
10.9268
10.9343
11.5951
10.7156
11.0289
10.9269
10.7918
10.2065
9.3084
10.4619
10.1006
9.4815
10.1895
10.8066
11.3005
10.4510
9.8103
10.3123
10.7187
9.8995
10.1577
10.5617
10.6605
10.4214
9.7404
9.3462
9.2885
9.6972
9.5533
10.0991
10.4744
9.8095
9.4886
8.6886
8.4418
8.1655
8.6227
9.6387
8.6852
8.4434
8.6453
9.3695
9.8927
9.7866
9.4021
9.8002
9.6678
9.5839
9.9138
9.9753
9.1670
9.2377
9.4801
9.6563
10.3428
9.6422
10.1474
10.5408
9.7810
9.2580
9.7419
10.0292
10.5197
10.0052
9.5181
9.5736
10.1819
10.0779
10.5923
10.2013
9.5842
10.1131
9.7335
9.4771
9.9938
9.7697
8.9362
9.6468
9.1866
9.5262
8.9786
9.5433
9.6558
10.0471
8.8683
9.5500
9.6457
10.0417
10.0789
10.0198
9.9666
9.7911
10.2526
10.2313
10.3183
9.6938
9.8408
9.3508
10.0746
9.4334
9.5933
9.7275
9.2350
9.4695
9.1381
8.1730
9.0075
8.7735
8.8485
8.9692
8.9220
8.9160
8.7612
8.7772
8.9010
8.3733
8.8523
9.1708
8.9749
8.8948
9.6958
9.8401
9.6564
8.9773
9.3817
9.3080
9.1538
8.5796
8.9628
9.0614
9.1174
9.3812
9.7585
9.2846
9.4777
9.6105
10.0147
9.0043
9.2089
9.4653
9.8062
10.0261
8.8572
8.8626
9.7947
9.5022
9.2825
9.2732
9.6356
10.1851
9.5362
9.6275
8.9163
9.2750
9.8103
9.0963
9.3026
8.9746
9.2981
9.1236
9.3135
9.9689
10.0192
9.6011
9.4682
9.8534
9.7459
10.0938
10.0342
9.7386
8.6269
9.3267
9.3176
8.5359
9.2244
9.4985
8.3653
9.0315
8.8028
8.1939
8.3588
8.8790
8.9375
8.9706
9.8619
8.6248
8.9598
9.1051
9.2405
9.0231
8.5927
9.1780
9.6179
9.8689
9.3670
8.7360
9.4992
8.5473
8.8934
8.5803
8.4693
9.0402
8.8313
9.3693
9.5679
9.6629
9.9716
9.9950
8.8236
8.3252
9.5156
9.0092
8.5615
8.8372
9.6663
8.8580
10.0686
9.1152
8.9896
8.2020
8.6554
8.6633
8.1779
9.1343
9.0692
9.8594
9.6641
9.3828
9.0732
9.0406
8.8089
9.4978
9.3379
10.2057
10.0641
10.0622
9.4002
10.0194
10.3669
9.7589
10.2723
9.1912
10.0573
10.1741
9.5525
9.6038
10.1835
10.2782
9.8043
10.4367
10.0328
9.6646
10.0730
10.0911
10.0232
9.4530
9.4994
9.7925
9.6175
9.9324
9.9739
9.7692
10.1140
9.9951
9.5980
10.3645
10.5804
10.2455
10.3327
9.3379
9.7241
9.8509
9.1578
10.2325
9.3215
9.7911
9.7187
9.1497
9.6262
9.6876
9.2556
9.5182
9.7148
9.5618
9.3932
9.4395
9.0341
8.8417
9.0212
9.1843
9.2235
9.4028
9.4219
9.7493
10.1180
10.0087
10.0336
9.4907
9.5217
10.3897
9.9694
9.4690
9.7684
9.6979
10.6535
9.7940
10.2047
10.2649
9.8336
10.3587
10.2988
10.3146
9.8418
10.3336
10.1792
9.9321
9.8017
9.3962
10.2903
9.0783
8.8151
9.4947
8.9987
9.0041
9.0194
9.0332
8.7577
8.9663
9.6372
9.6411
9.8904
9.8124
9.8475
9.9750
10.0896
9.8696
9.8405
10.3636
9.7364
9.6435
9.4911
8.7504
8.9378
9.3989
9.7480
10.0459
9.4895
9.4436
9.7715
9.9436
9.1266
8.9056
9.6194
9.8376
9.2769
9.5712
8.8118
8.5965
8.8431
9.4699
9.4493
9.0608
9.4785
10.3672
10.3119
9.0089
9.9383
9.2184
8.6772
9.6081
9.1024
8.7952
9.0855
9.1018
8.7471
9.0139
9.5164
9.0807
9.8197
9.1517
9.1315
8.9474
9.0719
9.4906
9.5118
9.0060
9.7635
9.8835
9.4030
9.7810
9.2053
9.8492
9.9684
9.9945
9.7190
10.3782
10.0302
10.6000
10.1315
9.9094
10.1326
9.7984
10.2408
9.6585
9.9153
10.5440
9.6774
10.0732
9.4712
9.4461
10.4038
9.7147
10.7142
10.2996
10.2895
10.1644
10.4858
10.2372
9.9060
8.9643
9.0900
8.8364
9.1661
8.6741
8.9460
9.4260
9.7419
10.0878
9.6927
9.5252
9.2393
9.6902
10.4951
9.7427
9.6313
11.0168
10.8827
9.7936
10.3840
10.1243
9.4364
10.6046
10.6651
10.8384
10.3191
9.5127
9.6081
9.2991
9.6322
9.2746
9.1601
8.6207
9.4252
9.1607
9.7304
9.5357
10.4975
10.1341
9.7467
8.8776
8.8313
8.9431
8.9058
9.3205
10.1656
9.0524
9.3601
9.2436
9.0407
9.9239
9.4074
9.1560
9.3426
9.6012
9.3053
9.1426
8.8887
9.1991
9.1661
8.5474
8.8280
8.9767
8.8180
8.4785
8.7368
9.0493
9.1230
8.0775
8.0944
9.4827
9.9243
8.8702
9.2759
9.3521
8.7420
9.0904
8.8420
9.4924
9.5936
9.2119
8.8924
9.6265
8.8592
9.5173
9.3873
9.3162
9.2579
8.8091
9.3744
9.6529
9.7715
9.6417
9.1941
9.3865
9.2855
9.0710
9.0583
9.6088
10.1375
9.2128
8.8407
9.7202
10.3858
9.9849
10.1535
10.1314
10.2492
10.1024
9.7595
9.7315
9.8969
9.8635
10.3667
10.5463
9.9371
10.1607
10.0756
9.6345
10.4711
10.4569
10.1602
10.1599
9.8067
9.9032
9.7101
10.0902
10.1491
9.4155
9.7861
8.8599
9.8459
10.0832
9.2752
8.5170
9.1623
9.6874
9.4789
9.7977
9.9620
9.6949
9.4923
10.2569
9.7700
9.6356
9.3087
9.0447
9.6462
10.4959
10.5721
10.2768
9.6171
9.4419
10.5290
10.0274
9.3229
10.0280
9.7846
9.2577
10.2648
9.5823
9.6193
9.8333
9.4853
9.9711
9.7975
9.8870
9.1253
9.2303
9.2461
10.0082
10.0218
10.3132
9.5782
9.9511
9.2512
9.4914
8.5882
9.2076
9.5254
9.6037
8.4916
9.6436
8.7516
8.5732
9.1295
9.0232
9.3890
8.8506
9.0077
8.4656
9.3556
9.8388
9.9604
9.6028
9.7161
9.7991
9.2107
9.1529
9.1804
9.6008
9.3535
9.0770
8.6995
9.0225
8.8154
8.5920
8.8327
8.9984
9.1573
8.6423
9.7230
9.0520
9.5119
8.7315
9.0692
8.6529
9.3387
9.4183
9.2611
10.3967
8.8814
9.8482
9.1556
9.7677
10.0859
9.6263
9.9213
9.0628
8.6649
8.3905
9.3916
8.5224
8.6572
9.0099
9.0319
8.9695
8.8597
9.2035
8.7749
9.0715
9.6545
9.7281
9.9027
9.7828
9.0030
9.7701
9.9232
9.7677
8.9128
9.7815
10.2705
9.5079
9.1809
9.3843
10.0974
9.3495
9.6985
8.6710
10.0645
9.1165
9.9215
9.3787
9.3922
10.5184
9.9975
9.9057
9.9071
9.8059
10.3669
9.9942
9.8808
9.9166
10.3393
9.6120
9.9613
10.3392
9.7050
9.5720
9.3755
9.6774
10.1052
10.0784
9.6567
9.6680
9.5781
9.5370
9.0125
8.9434
8.8718
9.0666
9.0942
9.7023
10.0871
9.6093
9.2170
10.1245
9.7136
9.6658
9.6549
9.4876
9.2068
9.6249
9.2752
10.1610
9.6892
9.8512
9.5227
9.1362
9.2876
9.6142
9.1923
9.9410
9.3229
9.9046
10.3356
10.1778
10.3755
10.3417
9.8057
9.5162
9.5055
9.4853
9.9766
10.3636
10.3404
9.2707
9.8024
9.8451
10.2009
9.3140
9.9017
9.6793
10.1838
9.2854
9.0227
9.9138
10.3452
9.8163
9.8525
9.0666
8.8237
9.2371
9.2171
9.7964
10.4213
9.2953
9.6129
9.3695
9.7553
9.3219
9.2213
9.3097
8.9878
9.0477
9.3889
9.7789
9.2673
10.0281
9.7124
9.7672
9.8279
9.9853
9.6604
9.8698
9.9576
9.2373
9.9212
10.1868
9.4771
9.3536
9.3863
9.8798
9.6653
9.6067
8.6300
9.7673
9.4114
9.2111
9.4121
9.1902
9.2079
9.2347
9.7673
9.5053
8.9354
9.5971
9.4354
9.1072
9.9068
9.3299
9.1960
9.3052
9.0141
8.9218
9.3821
9.9393
9.5056
9.4801
9.4325
9.9131
9.6617
8.8593
9.0390
9.0238
9.1051
8.7891
8.7298
8.9194
8.7461
8.8892
8.9154
8.2347
8.7359
8.5866
9.3282
9.0904
9.1467
9.3162
8.7323
9.0558
9.0394
9.4528
9.3824
10.1715
8.9807
8.7328
8.5638
9.4273
9.2135
10.6101
9.8436
9.6712
10.1364
9.8086
9.9527
10.2151
9.3368
9.5241
9.1533
9.3570
10.3580
10.2254
9.8356
9.9306
10.2245
9.6377
9.7867
9.4495
9.2733
9.5823
9.5499
9.5168
10.1395
9.6247
9.8932
9.9149
9.8823
10.1832
9.1541
9.2791
9.1901
9.5443
9.6183
10.1209
9.2750
8.8600
9.4829
9.2233
9.1331
9.0533
9.6834
9.6196
9.1953
9.1938
8.8856
9.2485
8.3357
8.7856
8.8383
8.7871
8.2977
8.9212
9.0401
9.0502
9.2920
8.9076
9.0716
9.7065
8.5902
9.9769
8.8103
9.6348
8.7565
9.0198
9.0757
8.8447
9.0372
8.7682
9.3591
8.7752
8.6157
9.6695
9.6904
9.0131
10.1054
9.2930
9.2190
8.9772
9.0459
9.1915
9.0561
9.1062
9.2848
9.1353
8.8903
9.4210
8.6662
8.3975
8.5705
9.0785
9.0812
8.9313
9.2241
9.1548
9.1928
9.2938
8.8710
8.9306
8.8437
8.9483
9.0637
8.7208
8.8449
8.8262
9.1508
8.9099
8.6839
8.6814
7.7590
8.8672
9.2969
9.5672
8.6782
8.6849
9.1152
9.1492
9.1047
9.1470
9.1927
9.3673
9.1221
9.2968
9.8903
9.3370
8.8311
8.7809
8.9684
8.8410
9.3812
8.9988
9.5425
9.7067
9.1481
9.5271
9.1695
9.0214
9.1793
8.9704
9.6850
9.3505
9.1701
9.1093
9.2301
9.3121
8.5267
8.7480
8.6727
8.9215
9.5636
8.8891
8.3642
8.7622
8.7483
8.8872
9.9970
9.7640
8.9657
8.7408
9.6532
9.0034
9.4046
9.5912
9.1323
9.2131
9.4023
9.7839
9.2985
9.7330
9.4724
9.3184
9.3316
8.8204
9.2651
9.7134
9.4001
8.8825
9.4625
10.0067
8.8269
9.2846
9.1039
9.5243
9.3175
9.1724
9.0497
8.8933
9.4459
8.8331
8.2117
9.0419
8.7736
9.3735
8.7992
8.7540
9.8581
9.7164
9.1296
8.8577
8.4792
8.3545
9.2655
8.8278
8.9061
8.5919
8.4355
9.1472
9.5004
8.5159
9.4787
9.1975
9.0301
9.1394
10.0254
9.1489
8.9125
8.9240
8.9314
9.0608
8.2319
8.5145
8.4273
8.7428
9.2184
8.7372
9.6745
8.6107
10.0695
9.8846
9.6458
9.9991
9.3777
9.6503
9.1810
8.8358
9.3158
9.7186
10.0985
10.4648
9.9237
9.8529
9.1427
8.4280
9.7511
9.6079
8.0900
8.4836
8.2275
8.5620
9.0093
9.3588
9.2208
9.3861
8.9110
9.4255
10.0817
9.7043
10.0758
9.1382
9.3932
9.7234
9.5910
9.3424
9.4049
9.7222
9.5909
8.3136
8.8088
9.5397
8.6268
9.1657
9.2998
9.4004
8.1876
8.5538
8.3536
8.5219
8.1800
8.9115
8.4767
8.6299
9.1365
9.7212
9.5422
8.8547
9.3160
8.7239
8.5665
8.8955
8.2880
9.4545
9.1875
7.9689
8.8309
8.8769
9.1681
8.7453
8.0190
8.7196
8.6945
9.0375
9.4540
9.8406
9.7182
9.0884
9.2234
8.6995
8.5972
8.5507
8.5813
8.5943
9.0630
9.2058
8.7283
8.2813
8.5894
8.6208
9.3622
8.8258
9.0603
9.1781
9.3685
9.3081
9.0112
8.9692
8.8729
9.5090
9.0978
9.4497
9.3543
9.2773
9.2133
9.7925
8.9751
9.3426
9.2165
9.2085
9.3547
8.8610
9.1100
8.6604
8.2801
9.3665
9.7086
9.2367
8.4722
9.2024
8.6846
9.1379
8.5592
8.9915
9.4066
9.5354
8.5862
8.8978
9.7057
9.0651
9.4642
8.6039
9.6694
9.0967
9.4403
9.8568
9.1432
9.0568
9.8950
9.7014
9.3948
9.0552
9.4536
9.4765
8.3767
9.3188
9.1022
9.6268
8.7403
9.0590
8.9186
9.5682
9.8830
9.7718
10.4866
10.2145
9.5548
10.0196
9.6473
9.7897
9.8202
10.3458
9.9174
9.5250
10.3337
9.6952
9.5455
9.2230
10.2563
10.5558
9.5267
10.3412
10.4053
9.2571
9.9428
9.5360
9.7957
9.8104
9.7638
9.4773
9.6631
9.7166
9.7069
9.3742
9.6466
9.1124
10.1709
10.2604
10.0035
9.8960
10.1660
9.6992
8.9765
10.1673
9.4420
9.7718
9.4677
9.2434
9.1686
10.4592
9.9107
9.3930
10.2859
9.7956
9.6152
9.9917
10.0887
9.9145
9.8027
9.8003
9.5874
9.4609
9.5733
9.2301
9.2872
9.1833
9.7988
9.4804
10.7535
10.3127
9.8694
9.2144
9.5459
9.7749
9.8874
9.4724
10.0729
9.5274
10.3421
10.3214
9.3550
10.2497
9.0330
9.5287
9.5213
9.7808
9.9247
9.3040
9.9130
10.1008
9.0155
8.4755
9.1680
9.6961
9.9866
9.8744
10.2826
9.1762
9.7523
10.1239
10.0349
10.1503
9.9152
9.7957
10.2742
9.8870
9.4791
9.6646
9.4613
9.4995
10.0153
9.8835
9.4559
9.7385
9.7369
9.9947
9.8689
9.1662
9.4991
9.7004
9.3969
9.9309
9.6910
10.0695
9.5777
9.3579
10.0866
9.8375
9.1929
9.7146
9.6501
9.6306
9.5280
9.3510
9.8480
10.0643
9.3686
9.6249
9.5501
10.2841
9.4209
9.1289
9.8004
9.5489
9.4035
9.5944
8.8904
9.9353
9.6650
9.6126
9.6019
9.5825
10.3762
10.4970
9.4390
9.9832
9.5816
10.4338
9.3846
9.6146
9.3950
9.6073
9.5857
9.5662
9.8146
10.6502
9.4801
9.4093
9.6268
9.9426
10.1483
9.2660
9.1611
9.2157
9.8289
9.9965
9.7178
9.9852
10.1264
9.9657
9.5363
9.1568
9.5810
9.3421
8.4758
8.6580
8.9867
9.1343
9.5919
9.0172
9.1071
8.7738
9.2781
9.2073
8.4173
8.5423
8.9316
8.4695
8.4453
9.2705
7.9357
8.9522
8.5189
8.7161
8.8224
9.0175
9.8819
9.4835
9.7421
10.3081
9.5360
9.8678
9.7264
9.5451
9.9017
9.6520
9.7236
10.7500
9.9025
10.1740
9.5884
9.3679
9.9281
10.4308
10.1641
10.0717
9.7147
9.7379
9.2894
9.5850
9.8683
9.4404
9.7399
9.1753
9.4027
10.2208
9.8897
8.8505
9.5402
9.7741
9.4574
10.2504
9.4678
10.1134
8.9392
9.1792
9.3905
9.3417
9.2629
9.7600
9.1631
9.6543
9.2026
9.8999
10.2785
9.6906
9.2711
9.7799
9.2418
8.8330
9.0433
9.5242
9.3540
9.4106
9.1069
9.5065
9.3627
8.6648
9.2859
9.7449
9.3455
9.2509
9.5396
9.7676
9.4653
9.5731
9.9612
8.9486
9.1641
9.4274
9.4642
9.5929
9.7214
9.4926
8.7987
9.8928
9.3880
9.5695
10.2380
9.2169
9.5942
9.7346
9.2194
9.2313
9.4223
10.3877
11.3515
10.4541
10.1805
9.9574
10.1886
9.8715
10.1669
10.6972
10.3158
10.2283
10.1331
10.4277
9.7208
10.3826
9.6840
8.7177
9.0848
9.2321
9.8990
10.6624
10.2229
9.6837
10.3306
9.1525
9.2451
8.9840
8.8953
9.1521
9.7620
9.7476
9.0287
8.7625
8.4032
8.6481
8.4314
8.6696
9.2066
9.3887
8.9589
8.6356
8.5020
9.0247
8.7710
9.9612
9.5540
9.1934
8.8541
9.1312
8.6520
8.7145
8.1378
8.6224
8.9648
9.2238
9.2600
8.7926
9.3274
9.1723
8.8254
8.2505
8.2526
8.2428
8.4897
8.3151
8.9770
9.0035
8.4539
8.3089
8.0799
9.4788
8.5651
8.8756
8.9468
8.7039
9.1598
8.3060
8.8102
9.6138
8.8379
8.5352
9.7433
9.3137
8.0769
8.1158
8.4809
9.2522
8.9526
9.6859
9.3279
9.4093
8.8971
9.3664
9.2679
9.5977
9.4780
9.0862
9.8494
10.0394
9.4891
9.1250
9.3929
10.0602
9.4105
8.8881
9.3778
9.7197
9.5919
8.8763
8.9520
9.8271
9.5294
9.6548
9.4813
9.2922
9.4277
9.3475
8.9600
9.2788
8.9798
8.6376
8.2476
8.9046
8.3419
8.7207
9.6396
9.9486
10.4023
9.9446
10.3211
9.7200
9.8715
8.6255
9.1966
9.3737
9.3749
9.7989
9.3252
9.9286
10.3356
9.4263
9.7807
10.7406
10.2481
10.6619
10.9124
10.7467
10.7098
10.6851
10.0689
10.0761
10.2357
10.0772
10.4126
10.1325
10.3125
11.2043
10.8960
10.7425
11.0160
9.8704
9.7398
9.3095
10.3350
9.6465
10.1483
10.1109
9.2963
9.9994
9.6002
9.9282
9.6911
9.8610
9.7532
9.2714
10.4675
10.1494
10.4926
9.9946
9.5848
9.8055
10.0127
9.6839
9.6628
10.7016
9.7844
9.9787
9.4522
10.3053
10.4584
10.1298
10.1623
10.0879
9.8771
9.5671
9.4980
9.5651
9.1672
9.0469
9.5000
9.7060
8.8887
9.8517
9.4733
10.3816
9.1385
9.7486
9.5842
8.7338
9.1422
9.9509
9.3706
10.3180
9.5668
9.7376
8.7410
9.6628
9.2578
8.5955
9.0586
8.9717
9.5793
9.3929
9.5529
9.3720
9.3213
9.3179
9.1477
9.3213
9.5907
9.1881
9.5551
8.9413
8.8134
10.0193
8.8344
9.1960
9.2437
8.8716
8.9892
8.8917
8.8157
9.5144
9.1876
8.9742
9.4859
9.2123
8.6964
8.8484
9.1281
9.2912
9.1955
9.1110
8.4345
8.4301
8.6393
9.2243
9.3152
9.5402
9.4177
9.2024
9.9914
9.1469
9.4601
9.0538
9.0488
9.3789
9.1057
9.1336
9.4996
9.7226
10.0007
9.0476
9.7234
8.7584
10.0921
9.4467
8.9673
9.2749
9.4935
10.2754
8.6951
8.9186
8.7945
9.4709
9.1399
9.5610
9.4591
9.5761
10.1239
9.0998
9.9190
8.9238
8.6142
9.1414
9.1012
9.0191
9.6900
9.6998
9.4793
9.3627
9.1927
9.7609
9.8247
9.3642
9.3799
9.5612
9.5269
9.2042
9.3190
9.6304
9.2033
9.2419
9.6216
9.6204
9.1314
9.6297
9.9416
10.4245
9.6544
9.4417
9.2494
8.9262
9.0299
8.9548
9.0350
9.4981
9.6701
9.3811
9.5734
9.2160
9.4302
9.2342
9.6648
9.5172
9.5527
9.6548
9.4593
9.6424
8.8894
9.3878
9.1966
9.8120
9.7742
9.8796
9.1863
9.1240
8.9727
9.8269
8.9180
9.4370
9.2200
8.3400
8.1717
8.8555
8.5918
9.2683
9.8807
9.6124
9.0651
9.5963
9.9062
9.0602
9.7914
9.8782
10.8711
9.0465
9.1673
8.5913
9.5007
10.3231
9.9223
9.5303
9.4838
8.9075
8.7504
9.5364
9.7094
8.9994
9.3454
10.1915
10.0739
9.4903
10.0395
10.0456
10.2304
9.1880
9.0410
8.9285
9.5649
9.5507
9.4077
9.1646
8.7175
9.0602
9.2889
9.0784
8.9657
8.7956
8.9971
9.0762
8.9496
9.3311
8.6912
8.1456
8.7598
9.1428
9.0117
9.4624
8.9257
9.7711
9.1860
9.5373
9.7360
10.4160
10.0995
9.9209
9.0896
9.2736
9.9206
9.6554
9.8304
9.9271
9.8347
9.3913
9.0545
9.2513
9.4520
8.8284
8.6857
9.6020
9.7327
9.6399
9.8679
9.3163
9.6465
9.9734
9.4741
9.7992
9.6354
10.5780
9.4467
9.7687
9.0926
9.7531
9.5174
10.1211
9.2133
8.5757
10.0998
10.1207
10.1703
9.7344
10.0119
10.0108
10.2481
9.8435
9.7198
9.6499
10.3023
10.1543
9.8127
9.8479
9.7646
9.6639
10.4269
10.7238
10.4084
10.0135
10.3084
9.8591
10.9007
9.9933
10.0706
10.3149
10.5379
9.5395
9.1483
9.6671
9.8110
9.2426
9.5874
9.7788
9.5671
10.1021
9.0475
9.8774
10.0058
9.1050
8.8335
9.2024
10.2915
9.2107
9.6815
9.7578
9.4117
8.8703
9.3177
9.9453
10.0473
9.5946
10.0282
9.4582
9.5559
9.4455
10.6951
9.5658
9.4288
10.2782
8.8405
9.9677
10.3182
10.0222
10.9268
9.7248
10.2584
9.1208
9.3862
9.1284
10.0580
9.7188
10.3280
10.0825
9.8989
9.3569
10.2927
10.1168
10.6019
9.5394
9.0405
9.8830
9.9329
9.0168
9.6621
8.9509
8.8926
9.5197
10.2639
10.8375
9.9505
9.4186
9.0476
9.9838
8.7983
8.7347
9.0017
9.3664
8.7138
9.3071
10.0007
9.4652
10.3930
9.5439
9.7454
9.8043
9.1533
9.3575
9.8351
9.5039
9.3845
9.5188
9.3276
10.4114
9.9037
10.4947
10.0985
10.4477
10.3073
9.9887
10.0900
10.4742
10.3922
9.7237
9.7812
9.5491
10.5754
9.9880
9.4512
9.6831
8.9338
9.3605
9.6700
9.8678
9.3322
8.9399
9.5089
9.5954
9.4244
9.9983
10.8992
9.8036
10.3897
10.0797
9.7389
10.7925
10.1786
9.3861
9.3604
9.9792
9.4371
9.8937
9.5643
9.5662
10.1132
10.1282
10.0126
9.6626
10.4570
9.9355
10.3762
10.1230
10.2590
10.2722
9.2377
10.2277
9.5053
9.9531
11.0058
10.9121
10.0631
11.1025
10.9367
9.6520
9.9601
10.0483
9.8826
9.5969
9.0683
9.9962
9.5966
9.8354
9.9494
10.2960
9.7818
9.8463
9.3394
9.3965
9.1205
8.8598
9.2333
10.2529
10.8384
9.5643
10.1849
9.8262
9.5293
9.2711
9.4141
9.8974
10.1903
9.6317
9.1954
9.5616
8.8805
9.4673
9.2482
8.9264
9.0811
8.7880
9.3690
9.1918
9.6067
9.5905
9.1762
9.3489
10.1881
9.6834
8.5183
8.8797
8.7954
8.9113
8.9247
9.5944
9.0501
9.6093
8.9883
8.8031
8.7646
9.0065
8.5578
9.9124
10.1370
9.0961
8.8822
9.0156
9.5519
9.4554
9.5861
9.1203
8.2505
8.6046
8.8118
9.5794
8.9709
9.1383
9.2981
8.3461
9.0377
8.4805
8.6075
8.3639
9.0520
9.1775
9.7100
8.5687
8.6124
8.8950
8.0122
9.1139
9.4686
8.8342
8.9255
8.6962
8.5407
9.0450
9.0150
8.4918
8.3053
8.4595
8.7820
8.4400
8.0975
8.0903
8.2039
8.8185
8.9877
8.1299
8.3186
8.4326
9.3090
9.1021
9.7919
9.0551
9.0800
8.4232
9.1903
8.8305
8.6211
9.6705
8.5244
8.4973
7.9314
8.7611
8.0454
8.7884
8.4967
8.8641
9.1515
8.6252
8.8628
8.9486
8.9953
9.1241
9.2374
9.2361
9.4632
8.3089
8.8497
9.0226
8.3677
8.7297
8.4637
8.6448
8.7901
8.4153
8.6135
8.6481
8.3147
8.1983
8.5555
8.2670
8.7741
8.7862
8.3698
8.6678
8.8936
9.1155
9.0681
8.9397
9.0316
9.5035
9.5074
8.9384
9.4707
9.2443
9.7783
8.7749
8.4841
8.8452
8.4844
8.9480
9.2834
9.3010
9.6740
8.8619
9.4947
8.9571
9.4140
9.2011
9.1905
9.2675
8.2301
7.9131
7.7472
8.9873
9.1158
8.7469
9.4138
9.2715
9.4576
8.8810
9.2772
10.1717
9.4272
9.7534
10.2880
9.6436
10.0013
9.3521
9.7673
10.0840
8.9090
9.5329
9.7750
9.8430
10.3297
10.4460
9.8533
9.9297
10.1385
10.1693
9.7612
9.2339
8.9131
9.1011
9.7803
9.2330
9.9094
9.2243
8.8586
9.5247
9.2762
9.2836
10.2030
9.9599
9.8694
9.6510
9.3431
9.6922
9.8598
9.7606
9.2823
9.8787
10.0598
10.3745
9.5481
9.5052
9.7067
9.9801
10.3045
9.5115
9.1748
9.2698
9.0904
8.8774
8.9023
8.2939
8.9583
8.2878
8.8898
8.9207
9.0186
9.6646
9.4000
9.0214
9.4331
8.7976
9.1128
9.0830
8.9119
9.0170
9.0760
8.8661
9.1808
8.9545
9.2398
8.9230
8.6165
8.7086
8.8810
9.0303
8.9950
9.7352
9.3404
8.7436
8.7087
8.7498
8.2601
8.6461
8.7518
8.3209
8.4348
8.4639
8.4908
9.0609
8.9829
8.2070
8.7384
8.5897
8.0708
8.2108
8.1045
8.8914
8.4653
9.5856
9.3483
8.8445
8.5782
9.6393
8.7714
9.1899
9.3826
9.6980
9.0298
8.5329
8.2454
8.3023
8.4260
9.0154
8.5760
9.0308
9.5115
8.3406
9.6806
9.6293
10.0122
9.8558
9.9720
9.7590
9.2360
8.7987
9.1888
9.4237
9.8098
9.7107
9.2642
9.3571
9.4373
9.2810
9.3814
9.4675
9.0716
8.7602
9.3877
9.0340
9.0668
9.9659
9.6026
9.1564
9.4693
10.3859
9.3766
9.6912
9.4374
9.1100
9.1945
9.4039
9.3597
9.0921
9.1012
9.2416
9.0837
9.5076
9.5061
8.9235
9.2422
9.6501
9.9292
9.6206
9.5638
9.2610
9.8156
9.4573
9.2661
9.6523
8.9158
9.3989
9.7406
8.8212
9.0220
9.6648
9.1503
9.4315
9.4210
9.7400
9.1523
9.2619
9.4191
9.2493
9.4820
9.2273
8.5302
8.9334
8.9686
9.1625
9.9974
9.3326
8.7597
9.2923
9.0622
8.3472
9.0975
9.5825
9.6885
9.9730
9.6738
9.2259
9.8096
10.2582
9.9887
9.3629
9.6244
9.9865
10.3776
10.0838
10.1918
9.3930
10.0310
9.1378
9.2802
9.2633
10.0532
9.8555
9.7103
10.1074
9.6546
9.9150
9.8124
9.7746
10.1052
9.4652
9.4561
9.2785
9.4936
9.5453
9.2921
9.3384
9.5231
8.9338
9.5286
9.9351
9.4241
9.5451
9.2634
9.1928
9.6732
9.7216
10.3110
9.4651
9.8711
10.1265
9.6856
9.2025
9.2356
9.1244
9.4265
8.9878
9.4085
9.8748
9.0017
8.9484
10.0328
9.7976
9.6010
9.6465
10.2022
9.9310
9.5266
10.0132
9.9141
9.2840
8.8705
10.1858
10.0544
9.3194
9.5996
10.0536
9.6291
9.5690
9.1602
9.6163
9.3602
9.8244
9.8328
10.0195
9.5421
9.5266
10.1114
9.5813
9.9057
9.7589
9.7289
8.2135
9.2468
10.1222
10.2987
9.6539
10.1495
9.9644
9.9470
10.0231
10.2702
10.4338
9.9133
9.7392
10.3099
10.2823
9.9620
10.0713
9.0248
9.9224
9.2644
10.5497
10.9378
11.1944
11.2673
10.6721
9.5621
9.5313
10.2981
9.9473
10.5002
9.8358
9.9435
10.2256
9.7774
9.9875
10.3603
10.0130
9.8051
10.3053
9.2127
9.0015
8.7103
8.8482
8.7530
8.2666
8.1989
8.6833
9.2523
9.5500
9.2677
9.1293
9.0870
9.3939
9.9156
9.2986
9.5526
9.2510
9.3227
9.4754
8.9223
10.3114
9.6351
9.3718
9.4842
9.6657
8.9675
10.0548
8.9972
9.2549
9.1108
9.4290
9.3699
9.4515
9.8311
8.7784
9.5888
9.0354
9.6361
8.8137
9.8183
8.6355
9.1723
8.8682
9.8330
9.5739
9.3830
9.1328
9.7537
9.9423
9.9644
9.6283
9.1189
9.6261
9.0703
9.5867
9.3583
8.8655
9.8138
10.1204
9.7513
9.4901
8.9922
8.5517
9.3749
10.1053
9.1849
9.8994
9.5403
10.3039
9.4350
8.9571
8.6977
8.6861
9.3625
9.2407
9.1168
9.8458
9.6061
9.7738
9.2879
10.0197
9.9854
9.9918
9.6592
8.8913
10.3598
9.4188
9.9493
9.5062
8.7890
9.0359
8.7178
9.1780
9.0921
9.1511
8.8092
9.6051
8.8911
10.1093
10.1808
9.9806
9.9586
10.3953
10.0263
9.4201
9.8509
10.0133
10.0383
9.8461
9.6363
9.3219
9.7408
9.8926
9.5304
9.6303
9.8195
9.9192
9.3493
9.4752
9.2266
8.8590
8.9187
8.5285
8.6970
8.6967
9.1702
9.6163
9.3603
8.9477
8.4543
9.6134
8.9413
10.0078
8.8008
8.9543
9.3364
9.2548
9.1083
9.5252
9.6338
8.6820
9.2877
9.0106
10.0381
9.4825
9.4830
9.4725
9.2692
9.2584
9.4973
9.2759
9.3528
9.1929
9.3260
9.1164
9.8202
9.8071
9.5985
9.3870
9.1645
9.9513
10.1216
9.9915
9.4767
10.1032
9.7725
9.3833
9.6847
9.3181
9.3084
9.4146
9.8223
9.1623
9.6282
9.1153
9.4597
9.5152
9.3944
9.7374
10.1327
9.2242
9.3414
8.9788
9.4897
9.5210
9.6391
9.7183
9.8279
9.6708
9.1262
8.8068
9.0096
8.6239
9.6039
9.2929
9.9941
9.9722
9.8883
9.4859
9.1555
8.9370
9.9043
9.6173
9.4068
9.6863
9.9587
9.7705
10.2276
9.7192
9.9214
10.0198
9.7195
9.3129
9.6046
9.7725
9.5717
9.6823
9.5293
9.3680
9.9079
8.9253
8.8893
9.0867
9.0887
8.6756
8.6083
8.0179
9.3479
8.9737
9.2037
10.1039
8.9959
9.2984
9.0490
9.2747
9.1953
8.8910
9.3472
9.5194
9.3748
9.3131
9.2498
9.9689
9.5179
9.2854
9.6523
9.5447
9.1684
9.4113
9.9957
9.2310
9.3586
9.6841
9.5181
9.7078
9.6785
9.1446
9.4089
9.3601
9.6161
9.4546
8.8589
10.2894
10.3268
10.9630
10.3400
9.2847
9.7710
9.4204
9.6939
9.6872
9.8327
10.4558
9.6765
9.4820
9.2544
10.2981
9.5004
9.2041
9.7497
10.1191
10.2957
10.1422
10.4478
10.5203
10.6810
9.1159
10.0194
9.7449
9.3158
9.6641
9.6947
8.8272
9.8994
9.4769
9.5954
9.2666
9.1419
9.7443
9.5615
9.0565
9.2966
9.3807
9.9474
8.8590
9.2476
9.7566
9.7537
9.5010
9.4431
9.3928
9.1536
9.7486
8.9804
9.1587
8.7320
9.6783
9.5956
9.4920
8.9353
9.2026
9.3313
8.7581
9.4425
9.2707
9.7954
9.8934
9.3396
9.3364
8.8058
9.1974
8.8901
9.2271
8.9068
8.8703
8.9347
9.6169
9.6672
9.2273
8.9174
8.0609
8.7826
9.2424
8.7969
8.1410
9.2341
8.9064
9.5828
9.8833
9.3024
9.2270
9.5018
9.4782
9.0669
9.3430
9.2297
9.2326
9.7238
10.1662
9.6615
10.2230
9.9919
10.2690
10.2948
10.2573
11.3174
10.2531
9.8458
9.6924
9.9495
9.6599
9.5067
10.2148
9.7476
9.7769
9.4413
9.4327
9.9112
9.4325
9.6426
10.0215
10.0782
10.0304
9.3350
9.4224
9.7271
9.4258
9.6054
9.2076
9.9606
9.1409
9.8589
9.6406
9.6747
9.3871
9.5056
10.5256
9.1308
8.7826
9.7041
9.7497
9.6173
9.4477
9.4366
9.8124
9.5920
9.6339
9.4946
9.3986
9.0732
8.7603
9.1965
10.0546
9.2485
10.1570
9.4230
9.2461
9.2692
9.2101
9.4166
9.5177
9.8740
8.7896
9.6076
9.4369
9.2515
10.0122
9.7364
10.2271
9.0175
9.7690
9.9368
10.0109
9.0287
8.9700
9.3398
9.1313
8.8861
9.3448
9.5057
9.3972
8.8059
8.9712
9.2396
9.1753
10.2836
9.7294
9.8004
9.2702
9.0025
9.7969
10.2078
9.5866
9.6373
9.9522
9.9102
10.3324
10.1943
9.9869
9.7088
10.6189
9.1232
10.2341
10.1379
10.2482
10.9968
9.5568
10.0758
10.0416
9.8113
10.2564
9.8466
10.1156
9.6842
9.6378
10.1032
9.8000
9.5712
9.7174
9.6359
10.0556
9.4861
9.3912
9.4305
9.4257
9.9060
9.3529
9.2005
9.9190
9.7400
9.3948
9.3474
9.3314
8.6914
9.2414
8.8370
8.8823
8.9522
9.4643
9.5098
9.8126
9.3709
9.7972
9.3843
9.2329
9.8633
9.2965
9.2210
9.2086
10.3276
9.2506
9.2554
9.4242
9.2988
9.3270
8.6939
9.5110
9.6332
9.3655
8.9494
9.5363
9.4123
8.3388
8.1700
8.6039
9.0889
8.6783
9.1233
8.9862
9.8335
9.6520
9.8849
9.9118
9.7797
9.1895
9.2364
9.3845
9.1906
10.0629
9.5425
10.3927
9.8313
9.7175
9.9822
9.7350
9.8227
9.3339
9.2463
10.2064
9.7172
10.1898
10.0383
9.7248
10.1352
10.4168
10.0327
9.4843
9.2313
9.2050
9.4268
9.2444
9.7121
9.4682
9.7427
9.2708
9.4256
9.3610
10.0571
9.3244
9.1695
9.0659
9.9367
9.4773
10.2828
9.8085
9.9931
9.6490
10.2422
9.4039
10.7284
9.4010
9.0885
9.5248
8.9120
8.8507
9.0942
9.2062
9.6185
9.3353
10.1825
10.3475
9.2730
9.2268
9.2581
9.6545
9.2774
9.7543
9.8641
10.1319
9.4239
9.5363
9.3474
9.4543
9.8893
9.6666
9.8861
10.4981
10.0889
9.8835
8.8656
9.0950
8.6072
9.3744
9.6017
9.5958
9.4869
9.5437
9.0304
8.7813
9.9545
8.9575
9.7923
9.7606
9.2023
9.5998
9.8982
9.9470
9.1263
9.5269
9.7099
9.3376
9.2386
9.9020
9.9129
10.0210
9.4052
9.1402
9.3466
9.6932
9.9415
9.8638
10.2792
9.5476
9.6559
8.4967
8.9594
9.0552
8.7160
9.6798
9.1639
9.1865
9.3358
8.5137
8.3672
8.4652
9.4489
9.4105
9.9387
9.4707
9.6080
9.3095
9.4090
9.3186
9.7366
8.9612
9.5259
9.6153
9.5250
8.8990
9.3888
8.5879
8.3445
9.0381
9.0180
8.9908
9.8201
9.2857
8.9645
9.2477
8.8698
8.6285
9.0749
8.7991
8.1914
8.6066
9.3181
9.2336
8.8710
8.5919
9.1976
8.8595
9.5130
9.2515
8.9883
9.8971
9.3689
9.0669
8.7085
9.0358
8.8824
8.4531
8.8719
9.2665
8.7884
8.6299
8.1340
8.4412
8.3982
8.5918
8.3776
8.4379
8.5755
8.7619
7.8078
8.3765
8.8666
9.2960
8.2783
9.1799
9.1396
9.3904
9.1257
9.0576
8.7376
9.5272
10.0432
9.9023
8.8466
9.3892
9.5841
9.3997
8.9394
9.5720
9.3174
9.7471
9.0057
9.5013
9.0401
9.7236
9.5624
9.7792
9.4472
9.7090
9.8521
9.8179
9.0015
9.0777
9.5646
9.8830
9.1003
8.8749
9.5739
9.7844
9.1009
9.5926
9.6172
9.3156
9.2435
9.9108
9.5727
9.5869
10.0718
8.7032
8.9700
8.7087
8.4054
8.0340
8.9982
8.7047
8.4692
8.6266
9.3451
8.7049
9.3146
8.9436
10.0518
8.9678
9.1113
8.9129
9.0665
8.8515
8.4805
8.4502
10.1064
8.8924
9.5610
9.5157
9.9556
8.9422
9.5517
9.3053
8.4190
9.3604
9.2972
9.0803
9.2947
9.2834
8.9856
8.1360
9.2849
9.0284
9.0420
9.0153
9.4888
9.4466
9.2427
8.8786
8.9747
8.8066
9.4995
8.8091
9.3041
9.3122
9.4233
9.9154
9.3865
9.8237
9.2401
9.1676
8.5094
9.5214
8.0642
8.8830
8.8720
8.6519
8.6179
8.7671
8.1982
9.1901
8.2615
9.1465
8.7144
8.4249
8.9692
8.9764
8.9465
9.1373
8.9315
9.1086
8.9060
9.7124
8.9054
9.0903
9.5721
9.1131
9.1448
9.0942
9.0844
9.8032
9.3546
9.0196
9.2258
9.9096
10.1630
9.5480
8.3977
8.5396
9.1592
9.3966
9.4958
8.5909
9.4503
9.3074
9.2070
9.2797
8.0673
7.9931
7.7033
8.5373
8.0594
7.8736
7.5746
8.1099
9.2200
8.1391
8.5349
8.1947
7.4991
7.7993
7.5229
7.8815
9.2941
9.1197
9.2239
9.0472
8.7797
8.5175
8.6987
8.9302
8.3269
9.0089
8.6678
8.5062
9.1301
8.3777
8.7175
9.0217
8.9093
8.5481
8.8561
8.9103
9.2623
8.4872
8.7605
8.5473
8.1689
8.2714
8.3466
9.2391
9.3941
8.9133
9.6170
10.0320
8.9174
9.5736
8.3197
8.4304
9.2286
8.8376
8.8454
9.0628
8.5648
9.3849
9.3122
8.3149
8.3930
8.7315
9.0634
8.8117
8.9984
8.4761
7.9564
8.5501
9.7219
8.6573
9.1259
8.3464
8.8199
8.6830
8.0507
8.1567
7.6026
8.2075
8.4059
8.0928
8.0790
7.8949
8.0846
8.1520
7.9153
7.8978
8.5831
8.0950
8.1284
7.9551
9.0930
8.5145
8.6057
8.3543
8.5110
8.5411
8.9576
9.0189
8.0764
8.3327
8.5478
8.1152
8.7433
8.1012
8.2580
8.8129
9.1850
9.2074
8.5019
9.4205
8.9373
8.8788
9.6526
7.8712
8.8696
9.0113
9.0348
8.6779
8.2235
8.1567
8.0086
8.7698
8.7838
9.2421
9.3071
8.5573
8.4068
8.1288
9.1993
8.2450
9.3472
8.8005
8.8662
8.3920
8.4171
8.5896
8.2409
7.7350
8.2997
8.8817
8.5288
8.8292
8.9627
8.7306
7.9975
8.5694
8.0189
8.0348
7.6925
7.9808
8.0467
7.7274
8.0566
7.8581
9.1403
8.1670
9.1043
9.6060
9.0797
8.9873
9.0998
8.5221
9.1386
9.2731
9.2009
9.2772
8.8150
8.7399
8.2767
8.5711
8.4102
8.6758
9.7908
9.8936
9.1070
8.1833
9.0460
8.6329
8.8874
8.3648
8.2245
8.4685
8.7810
8.6786
8.6439
8.7590
8.2258
8.7148
8.3245
8.8785
8.6818
8.8068
8.6654
9.0318
9.7091
8.8525
9.0378
8.4772
9.8669
9.3615
9.3262
9.2197
8.5325
8.8920
8.6168
8.8685
9.1937
8.8973
9.0056
9.3457
8.5709
8.6086
9.3618
9.4259
9.4014
8.8562
8.4380
9.0784
8.7655
9.2586
8.8416
8.6142
9.3313
9.3487
9.0986
9.2043
9.4068
9.0939
9.0107
9.1511
9.1085
9.2344
9.7880
9.2935
9.3917
9.4318
9.0422
9.5295
8.5303
9.1450
9.9390
9.4512
9.5431
10.1188
9.0179
8.9236
9.0268
8.5910
9.4069
9.1540
8.6501
8.6789
8.8436
8.9533
9.1834
8.8525
9.2235
9.4425
8.4601
9.0965
8.6187
9.0323
8.3324
9.0718
8.4167
8.9221
9.0626
9.4673
8.2952
8.6914
8.6284
8.8798
8.9722
9.0051
8.4726
9.1250
9.0179
8.5014
8.8751
8.9854
9.5232
9.3748
9.8158
9.1883
9.5473
9.4580
9.4393
9.0975
8.9911
9.0112
9.1980
9.1321
9.1678
8.5288
8.4452
8.8455
8.6792
8.9642
8.4259
8.4748
8.7752
8.7305
9.2629
9.4859
9.4705
9.1132
9.3412
8.5654
8.6388
8.6444
9.3212
9.5753
9.1961
8.3290
8.4638
8.3013
8.7933
8.4029
8.9603
9.1232
8.5610
8.1310
7.7878
7.7288
8.5063
8.6906
9.0335
7.5984
8.6243
8.7321
8.8227
8.7684
8.9864
9.5204
9.3534
9.0540
9.0817
9.1117
9.5663
9.0380
9.1823
9.7533
9.1607
9.0030
8.3334
9.2045
9.3517
8.7080
8.4342
8.1147
7.7521
8.5917
8.5281
8.8410
8.7370
8.7789
8.1807
8.9942
8.1364
8.1636
8.2284
8.6307
8.5205
9.3981
8.5393
9.2280
8.9926
9.4352
9.2611
9.6241
8.7597
8.8247
8.5027
8.8114
8.8492
8.8055
8.2989
9.1984
8.7055
8.6159
8.8011
9.2971
8.3304
9.4535
8.8449
8.9386
9.0458
8.7376
9.4090
9.1856
9.8160
9.8025
9.4880
9.2144
9.6402
9.6562
9.5550
9.4288
8.9027
9.2011
8.9677
9.5424
9.7604
9.4612
9.4232
8.7928
8.8224
9.1646
9.1280
9.0548
9.2809
8.7035
8.9476
8.8531
10.0615
10.3461
9.8769
9.3152
9.0138
9.0610
9.8531
9.6960
10.7725
10.0632
10.3703
9.6796
10.2149
9.4079
9.5625
9.5673
9.0139
9.8737
9.4983
9.4872
9.7165
9.4161
8.8616
9.0279
9.0456
9.7290
9.1164
8.6876
8.8400
9.2831
9.2895
9.2515
9.1941
9.2937
9.4926
9.3253
9.5628
9.1724
10.1339
9.7469
8.9515
9.0219
8.8194
9.1110
9.0215
8.4298
8.7128
8.6569
9.9792
9.7226
9.5416
9.6093
8.6183
8.8914
9.5727
9.2962
9.2209
9.6736
9.4958
9.5826
9.4384
9.0185
9.2610
8.8006
9.2044
8.9116
9.5411
9.2909
8.9638
9.1300
9.3353
9.7253
9.3997
10.1431
10.1909
10.2557
10.0845
9.3690
9.5817
10.0494
9.4404
9.1653
9.7394
9.3421
8.7359
9.0948
9.4112
9.5361
9.4677
9.4223
9.7567
9.7910
9.7185
9.7799
9.9909
9.8587
9.6088
10.1621
10.3174
9.9280
9.7790
10.0693
9.4665
8.9033
8.9147
8.9394
9.5023
9.2925
9.4634
9.1944
8.6158
9.6469
9.5826
10.3820
9.6182
9.4914
10.3949
9.7300
10.2842
9.8264
9.8877
10.3093
9.9305
9.6251
9.8406
10.4710
10.6525
9.9660
9.9964
10.1572
10.6266
9.7657
9.3934
8.6840
9.0421
9.8939
10.6719
9.3023
9.7342
10.0508
9.8544
9.5533
9.9131
9.8095
9.4201
9.4882
9.6435
9.7834
9.4660
9.9484
9.1981
9.5662
9.1901
9.1310
9.0966
9.9870
9.2685
9.3617
9.6268
9.8226
9.2761
9.4411
9.5878
9.5458
9.9378
9.9370
9.1236
10.1574
9.9460
9.6129
9.9474
9.7069
10.1616
9.5884
9.6179
9.4985
9.4473
9.9102
10.0955
9.5703
9.7987
9.6688
9.4687
9.7366
9.6000
9.5019
8.9186
9.4310
9.2241
9.2597
9.5672
9.3104
9.6905
9.5084
9.1948
9.7456
9.7027
9.9100
9.3481
8.9252
9.3205
9.8938
10.0063
10.1626
9.4085
9.0384
9.6245
9.1733
9.1902
9.6460
9.3860
9.8617
9.6335
8.9180
9.7271
10.1129
9.5546
9.0539
9.0895
9.2774
8.6824
9.0379
8.9688
9.6721
9.3433
9.4786
9.1888
9.6719
9.3347
9.3520
9.4628
9.2863
9.2412
9.0692
9.2567
9.9277
9.3158
9.8810
8.5735
8.7840
8.6702
8.9674
9.1722
9.2258
8.9599
8.9328
8.8605
8.6444
9.0403
9.7419
8.9745
9.3124
8.8545
8.4517
8.8796
9.2893
9.2853
8.2807
7.9154
8.6948
8.6944
7.9062
7.6459
8.2001
8.3374
8.3279
8.0618
8.9302
8.5028
8.2335
8.8517
8.8728
8.0559
8.3301
9.6132
8.5832
9.0427
9.1433
9.7182
8.2838
8.2504
8.0043
7.7850
8.1619
8.6460
8.2103
8.9804
8.0403
8.0844
8.4626
8.0002
8.0262
8.3661
9.4805
9.2195
8.7878
8.9905
8.0102
7.8376
8.3076
8.7055
7.9735
8.7103
9.0102
9.2216
9.0786
8.3130
8.7201
8.0034
8.3885
8.6441
8.5957
8.2361
8.3317
8.4040
8.3658
8.2717
8.3237
8.6549
8.6776
8.3404
8.2405
8.6659
8.6594
8.8302
8.8055
9.1874
9.0309
8.9047
8.4108
8.9154
8.5183
8.6658
9.3063
9.4078
9.1288
9.1629
8.7210
9.2269
9.3562
9.2475
9.3868
8.8260
8.8954
9.4049
9.3523
8.2876
8.9347
9.2416
9.3213
9.1045
9.3271
9.4207
8.9774
9.2415
8.5643
8.8297
8.5492
8.5003
8.4863
9.3178
8.9664
9.2209
9.2271
8.7262
9.8866
9.3614
9.8193
8.6971
9.1421
9.5825
9.1819
9.0666
8.1762
8.8768
8.8995
8.4818
8.6509
8.4895
8.3433
8.8365
8.6817
8.4086
7.8022
8.1461
8.0428
8.1865
8.4969
8.8918
8.6720
8.4699
8.2912
8.8805
8.8391
8.9940
9.4072
9.3520
9.2938
8.3593
8.7449
9.0641
9.4265
9.0755
8.7644
9.2214
9.0396
9.5591
8.4283
8.5959
8.8270
9.4462
9.0928
8.4544
8.0476
8.0405
9.2439
8.5391
8.3437
8.6608
8.3012
9.3051
8.7825
9.2205
9.1658
9.1277
9.6280
8.8971
9.1197
8.7056
8.8151
8.4291
8.2999
8.8618
8.7829
8.6342
8.3563
9.1217
9.7367
8.7990
8.8059
9.3641
9.5022
8.3762
8.8064
8.6392
8.5829
8.6958
9.3193
8.8341
9.3365
9.7143
9.9548
9.9987
9.5186
9.6814
8.4559
8.7143
8.5177
7.8466
8.1882
9.0093
8.4025
8.5142
8.4887
8.6043
8.8478
9.6612
8.7576
8.6049
8.7063
8.6999
7.9895
8.2195
9.1399
8.7494
8.8885
8.6767
8.9959
9.0015
9.0443
8.5603
8.6230
9.0507
8.8056
8.9100
9.2273
9.2165
9.5930
8.5213
8.5202
9.3483
8.9071
8.8263
8.7956
8.9600
8.6603
8.8374
8.0606
8.1768
8.0516
8.0108
8.5021
9.0220
8.5566
9.2785
9.3718
9.0099
8.7901
8.7843
8.4347
8.5502
8.7413
8.3586
8.6971
9.2349
9.3486
9.0933
8.6885
9.0524
8.6832
8.8192
8.2970
9.2908
9.0061
8.7995
8.9263
9.3061
8.8640
9.1262
8.9432
9.0955
8.8103
9.0211
8.5867
8.5828
8.6432
8.7756
9.1166
9.3941
8.3844
8.8536
8.5743
9.0392
8.9072
9.2211
9.0235
9.4751
9.0917
8.7081
8.7091
8.6415
8.7005
10.3046
9.9913
9.5079
9.9389
9.5378
9.1211
8.5690
8.7513
8.4074
8.6481
7.8134
8.6813
9.4578
8.4829
8.8228
8.9244
8.9636
9.0117
9.6269
8.6737
8.1169
8.9484
9.0882
8.7611
8.7862
9.4514
8.6571
9.1270
9.2455
8.2932
8.6561
9.0813
9.0886
8.9338
9.1344
8.2800
8.2740
9.3027
8.8637
8.8925
9.1331
9.0664
8.4225
8.6309
8.0679
8.4201
8.5500
8.3066
8.3564
8.9985
8.7484
9.4807
9.1894
9.0396
8.8788
8.4614
8.8139
7.9730
8.1695
8.0676
7.8494
8.8325
8.7493
9.1073
9.2866
8.5829
9.3923
9.4803
8.6768
8.6810
8.3715
8.5564
8.6921
8.2921
8.6690
9.0317
9.1287
8.8346
8.4284
7.8424
8.8255
8.1281
7.9274
8.0133
8.8402
8.3035
8.3853
8.7247
7.9972
8.5599
8.5354
8.4586
8.5161
8.8376
8.7612
7.9787
8.2003
8.2517
8.6537
8.7287
8.5848
8.4443
7.9529
8.2459
8.0389
7.5897
8.2349
8.2285
8.8380
8.7554
9.1361
9.1082
8.5108
8.5728
8.7390
8.7542
9.3180
8.7778
8.4741
8.0475
8.1020
9.0236
9.1977
8.9626
9.0696
9.4622
9.3545
9.4744
10.0447
9.9492
9.8711
9.7821
9.6717
9.4359
9.7378
9.2242
9.0481
9.3543
8.4573
9.1761
9.0815
9.3619
9.0738
9.6138
9.3929
8.2420
9.0495
9.1359
9.4431
9.1734
8.9077
9.2783
9.5370
8.8218
9.0521
8.2053
8.1931
9.0983
9.1769
9.6180
8.8314
8.7815
9.1673
9.0194
9.4066
9.5156
9.2811
8.7716
8.8487
8.9021
8.5899
8.6306
8.5427
8.4728
7.5246
8.8462
8.7761
9.6411
9.4299
8.6569
9.3947
8.8735
8.6424
8.4038
8.0884
8.7212
9.0212
8.6323
8.9390
8.4579
9.4677
9.3560
9.0998
8.9136
9.0137
8.4570
8.7424
8.3992
9.3066
9.4734
8.6801
8.8421
8.9575
8.7674
9.0403
8.9918
9.1990
8.1672
8.6967
8.2640
8.2392
9.0586
8.7854
8.8819
8.6112
8.4838
8.4610
8.8676
9.4866
9.1497
8.7517
8.7714
8.2707
8.0005
8.4844
8.4787
8.8169
8.6592
8.8256
9.4003
9.2315
9.5087
9.2940
8.2981
8.4051
8.5218
9.1059
8.3510
8.8066
8.6988
9.1317
9.1804
9.5225
9.2741
8.9158
9.0676
9.1160
9.0511
8.6427
8.7525
8.4138
8.8533
8.6669
8.2460
8.7348
8.9665
8.8631
8.9320
9.1471
9.3238
8.9537
9.3467
9.4830
9.4238
9.8023
8.4234
9.0152
8.6006
9.3537
9.8727
8.9682
9.6123
9.2253
8.3637
8.7388
9.5100
8.9946
8.5363
8.7306
8.2844
8.7917
8.7339
8.4609
8.4719
8.2582
8.7968
8.7121
9.0293
9.0574
8.4215
7.8750
8.0539
8.5800
8.0033
8.9401
9.6238
8.6788
8.9156
8.7409
8.6801
8.5234
8.2470
8.9335
8.6731
8.6757
8.5600
8.7105
9.4123
9.9274
9.2939
8.7593
8.8236
8.8925
9.0258
8.6699
8.1256
8.6597
8.6496
8.3754
8.1424
7.7305
9.2137
8.4754
8.9299
8.5236
8.7764
8.7599
7.7502
8.5335
8.5625
8.4181
8.4374
8.1798
7.8410
7.7475
8.8772
8.5837
8.4171
8.8422
8.8798
8.6064
8.2857
7.9603
7.4387
7.8481
9.0775
7.8857
8.1380
8.4397
9.3547
8.9928
8.8599
8.6108
8.9168
9.7899
8.7740
8.7552
8.3280
8.0565
7.9797
8.9693
8.6291
8.2487
8.3639
8.6096
8.4899
8.3337
8.1532
8.0936
7.8696
7.9638
7.6521
7.5042
7.9184
7.8945
8.8885
7.6768
8.0622
8.3074
8.3435
7.7875
8.4876
8.1860
8.1550
9.1029
8.3665
8.4317
8.2398
8.6618
8.4053
9.2810
8.7699
8.8930
8.5992
9.1217
8.1232
7.9123
7.8240
8.2751
8.1582
8.2794
8.5209
7.6941
7.9465
8.4623
8.7493
9.2245
8.9049
9.0435
8.7134
8.1332
8.5466
9.3140
9.4013
9.2445
9.6955
8.8197
9.1565
10.0210
9.6817
8.7242
8.9295
8.7943
8.9781
8.5203
9.3549
8.8541
8.6825
8.4265
8.4712
8.4668
8.9905
8.6455
8.7928
8.8253
8.1862
8.8434
8.9135
8.9925
8.8039
8.4600
9.0448
8.6653
8.5259
7.9301
7.9670
8.2056
8.0216
8.0651
7.7110
8.5032
7.9615
8.4208
7.4221
8.5906
8.2393
7.9138
8.2656
8.3824
8.7844
7.5491
8.3692
9.2065
8.0380
8.1258
8.1550
8.3516
8.4967
8.8942
8.2158
8.8574
8.7988
9.1182
8.6474
8.8277
8.6663
8.1383
7.7937
8.4063
8.6483
8.2544
7.6229
8.3021
7.5853
7.7269
8.3765
8.3942
8.5583
7.8157
7.4054
8.0580
8.0416
8.1099
8.3440
8.2616
8.1273
8.7559
8.2514
8.4882
8.6380
8.3077
8.3322
8.4141
8.3394
8.5939
8.7754
8.7738
8.3217
7.8747
8.1576
8.1147
7.4809
7.8735
8.2333
7.8528
8.0385
7.8316
8.1985
7.9552
7.6793
8.0740
8.6638
8.1768
8.8438
8.3859
7.9243
7.5646
8.0005
7.1892
7.2843
7.9331
7.4638
7.7458
7.4911
8.1669
8.6574
7.2578
7.5390
7.7063
7.9604
8.2198
8.4950
8.5943
9.4669
8.9744
8.5679
9.1731
9.5265
8.9177
8.4830
8.4237
8.1861
8.6433
8.4055
8.6902
8.5642
8.7768
8.8430
8.3027
8.3499
8.3019
8.0425
8.5512
8.6106
8.6312
8.3967
9.1840
9.0424
8.4390
9.3127
9.7488
8.9535
8.9823
8.7021
8.9130
9.3270
9.0051
8.2611
9.3352
8.9373
9.4710
8.8112
8.6930
9.0223
8.1203
8.8599
8.3528
9.0660
8.7636
8.7150
7.8731
8.2890
8.9981
8.7312
8.6451
9.1283
8.9781
9.3208
8.3454
8.6181
9.1826
9.4979
8.6576
9.1735
8.5120
9.2336
9.2007
10.2639
9.4179
9.5846
9.6258
8.7366
9.2539
9.0769
9.6018
8.6113
9.4427
8.7892
8.9078
9.1450
8.9101
9.1835
9.2308
10.0254
9.0292
8.8221
8.7838
8.4889
8.6137
8.5929
9.1371
8.6647
8.8488
8.8383
8.2102
8.1301
8.7147
9.2499
8.6494
7.7056
8.0423
8.5053
9.1357
8.9845
8.4485
8.6407
8.3693
9.1131
8.8545
10.3654
9.1229
8.2952
8.9346
8.3247
8.9877
8.8372
9.4523
9.5440
8.9951
9.5278
9.1951
9.0889
9.7727
9.1793
9.0397
8.8447
9.2954
8.9836
9.4796
8.4844
8.7416
8.1069
8.5764
8.3924
8.3922
8.7423
8.7898
9.1318
8.4339
8.2748
8.3577
8.7946
8.7105
9.4675
9.1049
8.4413
8.4962
8.4981
8.6608
9.2790
9.3625
9.5470
9.1962
8.5852
9.0044
9.8897
9.7029
9.9363
9.9402
9.7571
9.3846
9.7938
9.5354
9.4232
8.6243
8.6465
9.0633
8.9649
8.4883
8.9840
8.5016
8.4908
8.3092
8.9438
9.3786
9.0512
8.8118
9.3386
8.9636
9.3616
9.0548
9.7044
8.4223
8.7156
8.5349
9.1973
8.8711
8.7750
8.9859
8.6512
8.1590
8.7862
9.0460
8.4256
8.2964
8.8032
9.0915
8.8210
9.7378
9.2879
8.7876
9.1462
8.3493
8.5986
8.8065
8.2395
8.3262
7.9889
8.7223
8.3629
8.8131
8.9302
8.5780
7.9189
8.3419
8.4791
8.8302
9.4407
9.5190
8.1814
8.4852
8.5372
8.0867
7.9591
8.3653
7.8835
8.5181
8.5704
8.2559
8.6710
9.3775
9.8123
9.6311
9.1425
9.6822
9.4039
8.4173
9.1739
9.3835
9.1258
9.5667
9.3952
9.8196
8.8356
9.3802
9.1468
9.4148
9.6840
9.2667
8.9887
9.1114
9.2577
9.7087
8.3124
8.7792
9.2699
8.8601
8.8174
9.0140
9.5629
9.3513
9.4809
9.1478
9.7330
9.3653
8.8780
9.0383
9.5881
9.7917
9.5230
9.7865
9.2804
8.9165
9.1121
8.7614
8.3559
8.7997
9.2936
8.2841
8.8994
9.1701
9.2170
9.2741
8.4548
8.9084
8.4596
8.3852
8.4196
9.1077
8.7604
8.5783
9.3741
9.0223
8.7036
8.8888
8.6887
9.0133
8.7080
7.9785
9.0544
8.4805
8.5832
8.4698
8.9968
8.8187
8.1011
8.8664
8.4150
8.8958
8.1840
7.7594
8.5671
8.1059
8.1862
8.5003
7.7925
7.6228
8.1687
8.4954
8.6262
8.5421
8.8098
8.9546
8.6833
9.3062
9.0435
8.2972
8.9633
9.0474
8.5816
7.8815
7.3974
7.6255
8.0492
8.3263
8.7635
9.4077
9.9712
9.6279
9.0887
8.5184
8.7592
9.7195
8.7256
8.4176
8.6038
9.4154
9.6356
9.3491
8.4572
8.7571
9.0293
9.5109
9.3316
8.6520
9.0773
9.6714
9.7657
8.6624
8.8446
9.0768
9.5864
9.1814
9.5158
8.4286
8.3672
7.5250
7.8283
8.0339
7.5942
7.5587
7.5727
7.7611
8.5027
8.5009
8.7450
8.6945
9.3177
8.9152
8.9944
8.3498
8.7587
8.4197
8.2400
8.4647
8.5504
8.6473
8.6766
7.8924
8.4218
8.2504
8.8148
8.3395
8.5845
8.3228
8.4426
8.3749
7.9946
8.7410
8.5859
8.1078
8.4509
8.5584
8.5091
8.1800
8.5692
8.6784
8.2563
8.1453
8.7751
8.3076
8.6198
7.8531
7.9941
8.2372
9.1379
8.6927
9.1040
9.1013
8.9010
9.5723
9.8581
9.0140
9.4546
8.8726
8.1229
8.9242
8.6682
8.7538
8.6749
9.2394
8.7669
9.2494
8.9689
8.1570
9.2464
9.3841
8.7847
8.9817
8.8655
9.4015
9.1977
9.0308
9.1442
9.2515
9.0194
8.4363
8.7644
8.1089
8.1235
8.4765
8.0747
8.5172
8.6911
9.0485
8.8138
9.3322
9.1017
8.5437
9.2809
10.2626
8.6784
9.1298
8.7327
9.0581
8.7040
8.2041
8.3596
7.9958
8.2811
8.1619
7.6585
7.8452
8.4214
8.4426
8.3979
8.1498
7.8176
8.1215
8.3001
8.3362
9.3591
9.0452
9.5469
8.8882
9.4472
8.9081
8.3905
8.2434
8.9317
9.1788
8.9194
8.8109
8.6745
9.2005
8.8585
8.4368
8.4262
8.9664
8.9574
8.1535
8.4876
8.2577
9.1073
9.1378
9.1412
9.8017
9.2955
8.6749
9.6234
8.8321
9.1697
8.9313
8.6107
8.1363
8.6618
8.2119
8.1299
8.5405
8.2330
8.5694
9.3676
9.3550
9.6836
8.9368
8.5666
9.0636
8.7266
8.8793
9.0848
9.6235
9.3736
9.2440
8.9633
9.1478
8.9661
9.6496
8.3451
8.4809
8.9028
8.3726
7.6582
8.1871
9.4657
9.6124
9.6213
8.6580
9.1406
9.7177
9.9401
10.0737
10.7300
9.7847
9.3239
9.1456
9.8632
9.4915
9.3451
9.4094
9.5860
9.5077
9.0933
9.1138
9.1873
9.2543
9.0274
8.6041
9.1972
8.4945
9.1856
8.3831
9.1575
8.4959
8.4170
8.4410
8.4557
8.3547
8.5597
8.4892
8.0942
8.1306
8.0252
8.4630
8.1898
9.0073
9.2801
9.4232
9.7045
9.2473
9.0978
8.6901
8.7346
8.9724
8.9202
8.9663
9.1707
8.9411
9.0357
8.5196
9.5513
9.1011
9.1831
9.6848
8.8124
9.2704
9.0820
9.4519
9.1421
9.9414
9.1092
9.2594
8.6479
9.0660
9.8327
9.0719
9.0469
8.9430
9.8435
9.0826
9.2806
9.1104
8.8207
8.9073
8.5638
9.2868
9.3692
9.3670
8.6085
8.5290
8.5067
9.0859
8.5894
9.5795
9.4751
10.3522
10.0191
10.0247
9.9422
10.1228
9.7453
9.3697
9.2766
9.3627
9.1069
8.9671
8.9052
9.0398
9.2269
9.5710
9.7426
8.6987
9.2880
9.2895
9.1730
9.5287
9.3860
9.9226
9.5814
9.6215
9.7134
9.7910
9.2681
8.8953
9.4487
9.9719
9.4322
8.3517
8.0219
9.2316
8.5087
9.3543
9.0595
8.9605
8.6681
9.0412
8.9115
8.7552
8.8434
8.3376
8.2141
9.1624
8.8362
8.6469
8.0048
8.0232
7.7992
8.7568
7.8618
8.7926
8.4073
9.0476
8.4029
8.4212
9.0332
8.9585
9.2616
9.0727
9.0410
8.7337
9.0123
9.0277
8.5219
8.8239
9.0204
8.8140
9.1477
8.4798
8.9742
8.3250
8.4141
8.8339
9.0204
9.4753
9.7572
9.0611
9.4108
9.4529
9.3756
10.0966
9.1689
8.6969
7.7907
9.3710
9.0352
9.2386
9.4033
8.8311
9.1437
9.0243
9.5304
9.2737
9.8860
9.6328
8.8660
9.2045
9.2455
9.3864
9.5095
9.1264
8.9894
9.3774
9.3491
9.8849
10.0902
9.3448
9.7609
9.5963
8.7900
8.6566
8.8956
8.6565
8.5059
8.1398
8.3937
9.0279
9.0510
8.7132
8.9002
8.7969
8.8967
8.8764
8.9603
8.6258
8.8799
9.5367
8.6192
8.7573
8.5202
8.8312
9.1408
8.8899
9.2080
8.9161
9.1094
9.2377
10.0529
9.3489
9.5829
9.4310
9.2489
9.2175
9.1051
9.0582
8.1242
8.5529
8.8646
8.6472
9.7753
9.5780
8.9450
10.0307
9.5880
10.2974
9.7462
9.3188
8.7511
8.1611
9.6942
8.6544
8.7609
9.3144
9.2867
9.6119
9.4521
9.6745
9.5072
8.5145
9.3236
9.3236
10.5343
10.3172
10.2549
9.9782
9.8171
9.2258
10.0932
10.0493
9.2204
9.9611
10.2250
9.7292
10.1811
10.2485
10.2963
10.8113
9.9638
9.8545
9.7040
9.4883
10.0950
10.6838
10.0326
10.1894
10.1907
9.5553
10.4837
10.6094
10.2636
10.1346
10.4796
10.0999
10.6396
9.9097
9.6593
10.0277
10.1817
9.9111
9.8065
9.4468
9.7102
9.1920
10.5028
9.9664
9.9488
9.8203
10.8527
10.6734
10.9587
10.1342
10.0272
10.8964
11.3089
10.2964
10.6562
9.5721
9.4090
9.5245
9.7832
9.7321
9.6706
10.0243
9.6052
8.7083
9.2907
8.8633
8.0140
8.3985
9.1680
8.6563
8.3942
7.9980
8.5721
8.8164
8.2942
8.9278
8.9596
8.3677
7.9956
9.1040
9.3366
8.5181
7.9762
9.0166
8.1260
8.9508
8.6432
8.6131
8.5559
8.8286
9.0941
9.3673
8.4818
9.2887
8.7229
8.8996
9.5063
9.1120
8.5544
8.7677
8.8575
9.2950
8.6025
8.3236
9.0855
8.8635
8.8946
8.8877
9.0947
9.2857
8.6869
8.4014
9.3560
9.1117
8.4845
9.1889
8.5151
8.5567
8.6298
8.5398
8.0425
8.1195
8.6687
9.3073
9.1703
9.1497
9.9950
9.3148
9.6110
8.9075
10.1832
9.5369
9.8552
8.7706
9.1626
9.2647
9.0998
9.9400
8.6475
8.9489
8.2558
8.7826
8.6668
8.8331
8.8772
9.1820
8.8283
8.6932
8.5116
8.8499
9.0199
9.6660
9.4164
9.9386
9.1217
9.0661
9.1666
9.7408
10.1183
9.3163
10.2350
10.3577
9.4592
9.6628
10.4155
9.8019
9.5624
9.5942
9.2716
8.8255
8.9603
9.6496
9.3035
9.2982
9.8384
10.2554
9.9830
10.2272
9.7221
9.6527
9.0849
9.6714
9.5671
9.7530
9.5432
9.0028
9.3337
9.8367
10.1538
9.5266
9.1604
9.0839
9.5863
9.5646
9.6808
9.6301
9.2247
9.0763
8.8225
8.8150
8.5972
9.3457
9.2569
8.8556
9.1991
9.3729
8.7632
9.0852
9.1306
9.0339
9.5615
8.7882
8.4314
9.1244
8.8781
9.0336
9.2981
9.1080
9.5051
9.1953
9.1798
9.1646
9.2360
8.7518
9.0173
8.2477
8.9922
7.9079
8.0089
8.8253
8.9750
8.9584
9.4852
9.0113
8.7246
8.4250
9.2511
9.0879
9.5692
9.8260
9.6253
9.7903
9.1594
8.8280
8.9976
9.4617
9.0693
9.0260
9.2225
9.1482
9.0809
9.1549
8.5576
9.1631
9.2944
9.4057
9.1738
8.6853
8.9946
8.8126
8.9328
8.3518
9.2307
8.6673
8.3370
8.4977
8.4259
9.4188
8.5853
7.8731
8.3615
8.4588
9.0147
8.8313
8.7101
8.2151
8.4932
8.2237
8.2077
8.9866
8.6658
8.9648
8.7696
8.9025
8.8941
9.1393
9.3920
9.5837
9.3792
9.0587
9.1243
8.9071
8.6902
8.4513
8.7430
8.8273
8.3662
8.8828
8.7872
9.2992
9.3586
9.1975
9.0082
9.0786
9.4649
9.1646
8.7535
8.6214
8.8016
9.3729
9.1607
8.6987
8.7348
8.7422
9.1910
8.8361
8.3469
8.9022
9.2002
8.6728
8.2588
8.9212
8.6687
8.3388
8.6928
8.6327
9.2231
9.4126
9.2050
8.7114
8.8036
7.7490
8.4528
7.9448
8.5116
7.9704
8.6272
8.5806
8.2069
8.8323
8.2819
8.4960
8.7793
8.6386
8.4698
9.1487
9.3634
9.2145
8.7709
9.7499
9.2299
9.6293
9.0663
9.2982
9.3295
8.5428
9.0694
9.0932
9.5533
9.6550
9.2200
9.2031
8.7600
8.8462
9.6413
9.6170
9.2946
9.9992
10.1649
10.4156
10.6685
10.0051
9.6517
9.6174
10.1212
9.4991
9.5079
9.5316
10.3028
9.9366
9.6185
10.0082
9.7509
9.6435
9.3368
8.9207
9.1379
9.0250
8.9595
9.0548
9.6248
9.6070
9.2933
8.7816
9.6778
8.9131
8.8580
9.1908
9.1900
9.7653
9.8099
8.6635
8.9434
9.9030
9.5271
9.6057
9.1957
9.2260
9.1074
9.1726
9.1025
9.7986
8.9131
8.9167
8.8921
9.1393
9.0274
9.3463
9.4087
9.5541
9.4663
9.2383
9.5027
9.4427
9.9432
8.9387
9.3261
8.8128
9.5987
9.5308
9.6528
8.7590
9.3319
9.4083
9.7369
9.6942
9.7021
9.5786
9.7111
9.1360
8.8218
9.5907
8.8648
8.5247
9.6751
9.5427
8.2667
9.1828
9.2542
8.8587
8.8167
9.2237
9.0748
9.7664
9.6067
8.9606
9.1906
8.9352
9.1106
8.7160
9.3870
8.5942
9.1312
9.1783
9.0362
8.7672
8.7119
9.4219
9.3730
9.3671
8.7722
8.9557
8.6996
9.0563
8.9281
8.8877
8.7238
8.6035
9.0117
8.6051
9.2689
9.0550
9.2344
9.5894
9.3031
8.7493
8.5671
8.6852
7.9219
8.5369
8.1078
8.8040
9.6050
9.8970
10.0340
8.6673
9.5884
9.2906
9.5652
8.7717
8.7295
8.3960
9.0275
8.9167
8.3524
8.2330
8.9870
8.9059
8.8010
9.3002
8.6671
8.2786
8.9283
8.5895
9.2494
9.0313
9.2394
8.7399
9.2492
8.8981
8.8464
8.8117
8.4079
8.9505
9.1141
9.0951
9.0675
8.6618
9.2530
8.9455
8.6953
8.5763
8.8940
9.2189
8.8431
8.5491
9.4489
9.3066
9.5277
9.7330
9.4416
9.4344
9.9072
9.7377
9.1549
9.3561
8.7452
8.3923
8.6455
8.6382
8.1182
8.5724
8.8567
8.6889
8.7335
8.3497
9.1423
8.8186
9.9426
9.2877
8.8825
8.1623
8.6627
9.2564
8.4614
9.3916
8.2637
7.7448
8.6463
8.0897
8.5033
7.7637
7.4845
8.2368
8.1036
8.4786
8.7185
9.1090
8.6250
8.9799
9.5334
9.6303
9.2141
8.9368
8.9595
8.9650
8.9224
9.0097
8.9883
8.8892
9.8929
8.6686
9.2499
9.3056
9.0753
9.9907
9.0007
9.4794
8.7004
8.3897
9.3691
8.5703
8.3592
8.8531
8.3211
8.7922
9.0694
9.0820
8.5959
8.7325
8.6095
8.6393
9.0216
8.8094
8.9613
8.9110
8.9292
8.4384
8.5065
8.8000
8.6561
8.8225
7.9652
9.0051
8.8365
8.5845
8.8264
8.3524
8.7841
8.5741
8.8774
8.8494
8.8029
8.2876
8.5263
9.0546
8.6189
8.9675
8.9229
8.7901
8.4574
8.9264
8.7757
8.4637
8.4267
8.3196
8.1052
7.8027
7.9545
8.5843
8.3415
8.4200
8.9754
8.8333
8.8851
9.1868
9.0282
8.5659
9.1485
8.0545
8.3865
9.0648
8.9541
8.4431
7.9886
8.2414
8.2415
9.0477
8.7084
8.6403
9.0813
8.9584
9.0380
9.0288
10.1147
9.3743
9.6805
9.2748
9.3067
9.3345
8.9296
9.6646
10.0018
9.4887
9.1232
9.4853
9.1724
9.1275
10.0892
9.6410
9.0885
9.6991
9.6789
9.2636
9.1786
9.6233
8.9727
8.6812
9.4627
9.1550
8.9353
8.3381
8.6112
9.1696
9.2343
8.6625
8.5688
8.7268
7.9445
8.9283
8.1987
8.0403
8.8151
8.9542
8.6884
7.7064
8.4525
8.0859
8.2280
7.7637
8.6289
8.4456
8.8405
8.2759
8.7638
8.7624
9.0549
9.5672
9.2431
9.5484
10.1497
9.4638
9.7917
9.3896
9.1518
9.0887
9.0834
8.1787
8.4860
8.8149
8.4018
8.6826
9.0106
8.2628
8.2671
8.2750
8.2115
8.4253
9.0978
8.9060
8.5829
8.6818
9.3878
8.5673
8.9173
9.6107
8.9076
8.3759
7.9809
8.1742
8.2987
8.2734
9.3257
10.0102
9.4466
9.2669
10.1756
9.8419
9.0097
9.3887
8.9946
8.8145
7.9810
8.4802
8.4279
8.8810
8.9917
7.7689
7.8688
7.9015
8.2771
8.7293
8.4791
8.7455
8.8071
7.8299
8.6577
8.8502
8.5815
7.9172
8.2253
8.2647
8.4895
8.0305
7.8930
7.9560
7.9697
8.9269
8.8630
8.5047
8.5461
8.4079
8.4866
8.7901
8.9320
8.7320
8.5632
9.1543
8.7538
9.1493
8.9729
8.8132
9.0983
8.9183
9.0946
9.3438
9.0592
9.4155
9.4714
9.3455
9.1347
9.6074
8.5824
8.8863
8.8451
9.5773
9.2209
9.0499
8.7593
8.9259
8.5258
8.9296
9.0153
9.5509
9.2467
8.5961
8.5553
8.9243
8.8980
8.8311
8.8952
8.5933
8.7803
8.8458
8.6029
8.4600
9.3018
8.7597
8.2876
7.9098
8.0173
8.6021
8.4769
8.4122
8.3213
8.1432
8.0401
7.8482
7.7976
8.7056
8.7382
8.5487
8.5129
8.0210
8.2138
8.8676
7.7449
8.9278
8.6468
8.2631
7.8068
8.1774
8.8602
8.8227
8.7309
9.4029
9.6179
7.8943
7.9469
8.1648
8.4019
8.4807
8.9125
8.9959
8.5451
8.7992
9.0757
8.6682
8.3773
9.3031
9.3152
9.0248
8.9249
9.0259
8.6896
9.0959
8.3021
8.6036
8.0438
8.0814
8.3653
8.6107
8.9096
8.0872
8.9693
9.0412
8.5571
8.6121
8.4634
8.3216
8.1991
8.2841
8.3492
8.4765
8.4691
8.4197
8.4682
8.4722
8.4505
8.8287
8.5066
8.7945
8.8419
9.0502
9.1199
8.7248
8.6396
8.5832
8.8644
8.5116
8.5234
8.5605
8.7691
8.5798
9.1525
8.5819
8.2259
9.1834
8.9460
8.7571
8.2997
7.7447
7.7785
8.0816
7.9012
7.7608
7.7817
7.5514
8.0710
8.1322
7.7614
8.0991
8.3344
8.3262
8.0013
8.6708
8.0439
7.6209
7.6851
7.7473
7.5213
7.9169
8.3600
9.0015
9.0883
8.1957
7.4955
7.6110
8.0600
8.8597
8.0036
8.5629
8.7567
7.5015
7.8440
7.7178
7.2807
7.4975
7.6373
7.6529
7.6443
7.9765
7.5941
8.0254
8.0981
8.3822
8.0502
8.3614
8.1189
8.3598
8.7091
8.1352
8.0511
8.4546
8.4034
8.6285
8.8998
8.7283
9.4496
9.0940
8.1411
8.7705
8.4346
9.0576
8.2485
8.4664
8.6867
8.4391
7.7574
7.9694
8.4911
8.8250
8.3146
8.3078
8.1724
8.4855
7.9067
8.6679
9.2529
8.1144
8.4620
8.5168
8.9666
9.0580
8.5644
8.3363
9.0475
8.9473
8.7599
8.0599
8.0578
9.3130
8.2409
9.5862
9.0633
8.2885
8.5466
9.0047
9.7267
9.2551
8.8650
9.0396
8.7622
8.8779
8.9407
9.3084
9.5434
8.6006
9.1448
7.9990
8.3257
9.0679
8.6537
8.5864
8.7033
8.6768
8.5932
8.7880
7.9956
7.7676
8.0174
8.6749
8.8422
7.5071
7.9291
7.4744
8.0472
8.3326
8.0154
8.3994
7.6930
8.5342
7.6764
8.8626
8.9799
8.7447
8.2754
8.3389
8.5361
8.6895
8.5263
8.2557
7.9718
8.0874
8.4986
8.5074
8.3594
9.0277
8.7624
8.5704
8.5977
8.2274
8.7306
8.1348
8.1503
8.0730
8.2905
8.5619
8.9044
8.3181
7.9552
7.9237
8.9091
9.1617
7.7768
8.6043
7.9229
8.3840
8.0290
8.3840
7.6417
8.1879
8.7539
8.7239
8.2030
8.1921
8.6299
8.3713
7.8023
7.3086
8.2020
8.9188
7.6886
7.9286
8.9970
8.6991
8.4196
8.8321
8.9235
8.1343
8.4391
8.3856
8.4423
8.2525
8.4908
8.3946
8.3137
8.6327
8.5526
8.6578
