6.4483
6.8096
6.1137
6.1370
6.8102
6.5238
6.2398
6.0763
7.0605
7.5580
7.5892
7.2855
7.2609
7.3388
7.6502
6.6956
7.9090
8.0332
8.2354
7.9214
7.4723
7.3267
7.7410
8.1039
7.9899
8.0218
8.1415
8.7147
9.1772
8.9284
8.9104
8.6626
8.5126
8.0569
8.2797
8.8239
9.5714
9.4607
9.1888
9.5545
9.3036
9.0215
9.5612
9.4536
9.3663
9.1816
8.9826
8.9611
8.2981
8.8753
8.4591
8.7794
8.6450
9.2536
9.7477
9.0362
9.1907
9.1242
8.0522
9.4233
9.8707
9.6102
9.5683
9.3342
9.3468
9.9771
10.2441
9.9479
9.5881
9.2519
9.9655
10.3762
9.8766
9.1249
9.2236
9.5194
9.3628
9.5493
9.5337
9.3591
8.7360
8.4745
9.1034
9.2327
8.7791
8.8095
8.9336
8.6389
8.8179
9.2037
8.5065
8.5654
9.1275
9.3077
9.3127
9.0108
8.6923
8.9038
8.7809
8.9118
8.4547
8.6478
8.1744
8.5746
8.7980
8.1852
8.4606
8.9247
8.5144
9.3112
9.3696
8.4716
8.4939
8.9841
8.5679
8.5163
8.0346
8.4959
8.3120
8.5892
8.7269
8.9363
8.6680
8.8569
8.7967
8.7068
8.7384
9.2385
8.8458
9.0486
8.7812
8.7844
8.3148
8.6064
8.3280
8.4017
8.3944
8.2802
8.4744
8.3909
8.2418
8.0858
8.0553
8.2657
8.0693
7.9317
9.1386
8.6841
8.6213
8.5940
8.9046
8.6442
8.9177
9.3654
8.7504
9.0976
8.3765
8.3266
8.7850
9.1378
8.8028
8.3756
7.9980
8.7945
9.0117
9.0142
9.0160
8.5838
8.5863
8.8154
9.2776
9.8109
9.8392
8.7922
8.9400
9.0766
9.1693
9.3409
8.9404
9.2789
9.5058
8.8562
9.0817
9.6511
9.4980
9.2150
8.7383
9.4112
9.2020
9.2609
9.4041
9.2290
9.1354
9.0729
9.0085
8.8239
8.8453
8.7466
9.2253
9.2727
9.2770
8.7232
9.5175
9.0260
9.1899
8.8581
8.6226
8.6788
8.7368
8.5321
8.9180
8.5177
8.9256
8.5146
9.0072
8.8243
8.6602
9.1042
9.4269
9.2028
9.4084
9.1132
9.1841
9.4453
8.9852
8.8124
8.5497
8.6968
9.2600
9.6044
8.7463
8.2547
8.1334
9.2073
9.0851
9.2872
8.6823
8.8583
8.9731
9.3556
9.0571
9.2708
8.8968
9.2463
9.3314
9.0988
8.6384
8.5374
9.3793
8.8419
9.1253
8.8108
8.2710
8.4175
8.9432
9.6009
9.3631
9.0740
8.3441
8.4732
8.8091
9.1479
8.7354
7.7639
8.5117
8.6125
7.9100
7.5853
7.6618
8.5244
8.2303
8.3583
7.8463
7.9891
8.5236
9.3790
8.9792
8.6706
8.1285
7.7591
8.3404
8.9846
8.7985
9.5544
9.2371
9.1116
9.7830
8.9330
9.0197
8.9769
8.9971
9.6885
9.2472
9.3672
9.7570
9.4588
9.3768
9.1199
9.5875
9.7293
9.2071
8.7635
9.3207
9.2520
8.2644
8.3398
8.2538
7.9895
8.1153
8.7506
8.7466
8.2397
8.0071
8.6516
9.0593
9.0967
8.5663
9.2846
9.4542
9.4051
9.1271
9.5312
9.8125
10.0192
9.5929
9.4790
9.9223
10.0453
9.3498
10.1260
9.9923
9.4338
10.5229
9.6746
10.0632
9.8962
10.1535
11.1159
10.8653
10.1633
10.3329
9.9518
9.7752
9.8420
10.2699
9.9120
10.4812
9.8330
10.9611
10.9731
11.6303
12.2459
11.4860
11.1220
11.4122
12.1826
12.1314
11.6442
11.0689
11.2521
11.3656
11.4003
10.7027
10.9656
11.3741
11.9293
11.9039
11.0359
11.3225
10.9062
11.0871
10.0880
10.6540
9.5810
8.3899
9.9339
9.2665
9.7356
10.0466
8.8859
9.4847
8.2922
8.1398
9.0198
8.5111
8.2969
8.7484
8.3749
8.2658
7.8521
7.1770
8.6107
8.0998
7.6236
8.4627
8.3086
9.1142
8.2614
9.1618
8.7775
9.8334
9.1617
8.4365
8.9466
8.8965
8.8621
9.7697
8.9770
8.3731
9.9469
7.4905
7.6349
9.0418
9.2603
9.7629
9.7807
10.4520
9.6337
8.0882
7.9322
8.8696
8.9525
9.1867
9.3777
8.0105
9.3834
9.2148
9.5204
9.1570
8.9279
9.6394
8.3752
8.9056
9.3439
9.5293
9.6991
8.9405
9.4755
9.0257
8.9527
9.4781
9.2145
9.3135
10.0773
9.8350
9.1471
8.6551
7.4516
7.7978
7.6821
7.3498
8.4564
7.9022
7.6949
7.7827
8.1834
9.8055
10.0105
9.6133
9.8829
10.5699
9.8247
8.1331
8.5421
8.7970
8.8999
9.5098
9.4893
9.3370
8.9518
9.2297
8.9107
7.9278
9.1301
9.3652
8.7491
7.7140
9.5265
9.5573
9.7334
9.4524
10.3542
10.2960
10.1923
10.6644
10.0932
9.4662
9.7059
9.9429
9.3497
9.7529
9.0629
9.8785
9.4359
9.6126
9.9686
9.2043
9.2377
9.2306
8.3667
9.0704
8.8647
8.4975
8.8082
9.1755
9.2166
9.8410
9.5992
9.1164
9.3958
9.9123
9.0345
8.9844
8.5064
8.8880
9.2853
9.5785
9.0752
9.7276
9.6299
9.8214
9.5493
9.3412
9.9094
9.5417
9.9155
9.8748
9.7398
10.6432
11.0828
11.7388
10.8902
11.2523
10.2167
10.5594
10.9560
9.3734
10.0424
10.6801
10.4069
10.5384
10.6743
9.7887
9.6609
9.1567
9.5872
10.4072
9.8062
9.6442
9.5873
10.4933
10.3554
9.5623
8.3794
8.9726
9.0758
9.3110
8.6828
9.4202
8.9984
9.7556
9.4568
9.9140
9.0707
9.1694
9.8017
9.4930
10.0519
11.1556
10.5969
9.4172
9.1448
8.6600
8.4346
8.2894
8.8348
8.9942
8.4918
8.3961
7.9299
9.1143
8.3958
9.6527
9.9629
10.0455
10.0580
10.3746
10.0717
11.3416
9.3248
10.5638
10.8305
10.4723
9.9446
10.8057
9.7864
10.3501
10.2511
10.2068
9.2581
9.1803
9.1619
9.3611
9.4614
9.0771
9.1317
9.6356
8.6228
9.7057
9.6166
9.6001
9.8858
9.2482
9.5525
8.4608
8.3926
8.6388
9.6596
9.9332
9.6143
9.7184
9.9658
9.6609
9.7309
9.7218
10.0017
9.1618
9.2237
10.2159
9.3624
8.7398
8.8566
8.9723
8.9272
9.4677
9.4597
9.2386
8.5422
8.9546
9.1741
9.5028
9.2510
9.2977
9.1062
10.2949
9.5125
9.2473
9.2578
9.9252
10.2665
9.3804
9.3163
9.4851
9.9109
8.7117
9.2432
8.7523
9.2469
9.3216
10.0128
9.5547
9.1114
9.1236
9.4160
9.0768
8.0794
8.8827
9.0846
8.9580
8.7326
9.3606
9.6646
10.4445
10.2808
10.0161
10.1372
9.3398
9.7925
9.3231
9.8156
8.6395
9.0272
9.6574
9.4068
10.0014
9.6089
10.0456
9.5175
9.6053
9.5818
9.3129
10.1641
10.4260
10.2093
8.9844
9.2389
9.6556
9.3492
10.2939
10.3631
9.7689
9.6641
9.4661
8.5917
8.6045
9.6887
9.6380
8.4348
8.7187
8.2492
9.0735
9.0495
8.6909
8.2874
8.5645
9.4196
7.5673
9.3215
8.6426
8.9808
9.4897
9.2623
9.5372
9.1644
8.9125
8.5968
9.1075
9.7357
9.8099
10.0917
9.2119
8.7524
8.3916
8.9828
9.4146
8.0145
9.2986
9.7553
10.5116
9.5075
9.7003
8.8295
8.4986
8.5263
8.4585
7.7289
7.0584
8.1326
8.3340
8.0972
8.6891
8.5662
8.2990
9.0551
9.3153
9.4863
9.2854
9.1039
8.4092
8.9719
8.4051
8.4032
9.3011
8.9473
8.6810
8.8151
8.8839
8.8373
9.2314
8.6796
9.2628
9.6682
9.3579
9.5018
9.3938
9.3559
9.0571
9.1432
9.1759
9.2214
9.6549
9.4165
9.1418
9.3534
9.3769
9.0885
8.7236
8.9651
9.3203
9.6120
9.0563
8.3158
8.5069
8.7847
9.0463
9.5273
9.5463
9.9364
9.8360
9.0104
9.1064
9.1858
9.3757
9.4168
9.5348
9.4336
8.7907
9.2771
9.8811
9.4373
9.2061
8.7761
8.3794
8.6091
8.2342
8.6291
8.8859
8.1976
8.1871
7.9154
8.0877
8.0269
7.7094
8.3580
8.9229
7.9720
7.4441
7.7878
8.4320
8.6990
7.3977
8.1537
8.1225
8.3089
8.7990
8.2852
8.0825
8.3039
8.7915
10.3197
9.7695
10.2888
9.0490
8.5178
9.1272
9.3011
8.8148
8.1117
8.6229
8.8811
8.3354
8.3893
8.0636
8.4660
8.4402
8.7091
9.1245
8.9358
8.2009
8.5074
8.6638
8.8315
8.4252
8.7461
8.4971
8.6539
8.0573
8.1272
8.8664
8.9162
8.7735
8.8829
9.5981
9.0235
8.8729
8.7902
8.9741
8.4910
8.6205
9.0940
9.5004
8.7999
8.9495
8.4267
8.9142
8.5672
9.6432
9.6699
9.2207
8.9541
9.4172
10.1337
9.9229
9.6780
9.7495
9.8649
9.6424
10.3295
11.0037
12.3167
11.3635
11.2283
11.7331
11.4910
10.4150
11.0683
12.6359
12.4850
10.3240
11.8045
11.7398
12.0134
11.1119
11.7710
11.5206
11.8652
10.9968
11.3482
10.9198
12.3576
12.4602
12.8305
13.4289
13.2932
13.4515
11.9653
12.1735
11.6736
11.8432
11.4922
11.1833
10.9199
11.0822
12.0133
11.8095
11.3814
11.4786
12.0838
11.1882
11.4490
11.6589
10.2522
11.8009
10.6762
9.6530
9.8243
9.0609
9.9599
10.1844
9.0587
10.1835
9.9489
10.4066
10.0537
9.8694
9.6012
9.3999
9.0417
8.9335
9.2421
10.3232
10.8771
11.5620
11.5787
12.1222
12.1732
11.8972
10.8065
10.5990
10.3799
10.8591
10.2625
10.3271
10.7464
10.8901
12.2755
11.9161
12.6389
12.0345
11.5163
11.0174
9.8121
10.2017
11.3113
11.0157
11.7204
11.3713
10.7415
12.3044
11.7868
11.3412
9.9400
9.9127
10.0750
10.4936
10.3669
10.1538
9.9840
10.6856
10.2538
10.7572
11.3742
11.5623
10.5250
12.5844
11.7190
11.4755
11.6050
10.6805
10.9910
10.7661
10.1722
10.6028
11.1152
10.9491
10.9418
11.1904
11.9407
12.4952
11.9487
11.4867
11.4764
11.3297
11.2464
11.2526
11.8920
12.0501
11.4451
11.1485
11.7232
11.2966
11.5434
10.4257
10.7945
11.0792
12.5372
12.2260
12.2482
10.5608
10.7377
11.2029
11.9161
10.5931
10.4607
9.4383
9.5409
10.2096
10.1203
10.1647
10.9300
11.0763
10.6808
10.7980
10.8587
10.7921
11.0608
10.5420
11.3090
11.4464
11.6993
11.0150
10.3572
10.5904
11.9581
11.1467
12.0336
11.9394
13.0016
12.6495
12.8520
12.2489
12.4685
12.4425
11.1095
10.3817
10.8597
10.7086
10.1464
10.0377
11.5954
12.0856
12.4917
12.5378
13.3441
12.8115
12.2257
12.0856
12.2963
12.3516
11.9831
13.0527
13.0416
12.5037
12.7107
13.4869
13.0218
12.4373
11.2525
11.7406
12.2190
11.4167
10.5167
11.5612
12.7577
13.1847
13.0469
12.5101
11.7214
11.6530
12.5745
13.1197
12.2739
12.9969
12.4828
12.2403
12.4121
12.0571
11.5902
10.8869
10.5083
11.6727
11.0297
11.7133
11.6923
11.3198
11.3763
11.5834
11.6827
10.8397
10.8061
11.2596
11.7098
11.6151
12.4215
11.7274
11.9285
12.1534
12.0683
12.9707
12.9462
12.7329
12.5435
12.1734
12.8944
13.1100
12.8221
12.5253
12.4586
11.9593
12.7434
11.2358
12.2479
11.4185
12.5438
12.7458
12.6202
12.7240
12.7805
13.0249
13.3374
12.9452
13.0568
13.3901
13.5601
13.2101
13.0591
13.1387
13.2439
12.6633
13.0583
13.1314
12.8816
13.2187
12.7636
12.8919
12.7912
13.1745
13.0910
12.8905
12.6425
12.7497
12.6893
13.2421
13.3981
13.1245
13.2338
13.4290
13.7271
12.7941
12.7008
12.7103
13.0006
12.3972
12.8478
12.5616
13.3541
13.1963
13.7018
13.9395
13.4872
12.3005
13.5653
13.4122
14.0112
14.3187
14.1076
13.6569
14.1883
14.1780
13.9548
14.1464
13.7149
13.4387
13.0854
13.4115
12.9635
12.1636
12.7062
12.1398
12.7253
13.3200
13.2765
12.9707
13.3722
12.9734
12.7547
13.0023
12.8952
13.0014
12.8344
12.6695
13.0716
14.0552
13.9853
14.3194
14.4340
13.7121
13.2179
13.8196
13.9337
13.9541
13.9753
13.9163
14.4638
13.9462
14.0498
13.3663
13.4818
13.8564
13.6560
14.0047
14.0346
14.0847
14.2628
13.3203
13.0487
13.2241
12.7934
13.5627
13.2750
12.9640
13.2011
13.0584
12.8313
13.1605
12.3228
12.9874
13.0109
13.4754
13.5569
13.2031
12.7502
13.1062
13.0214
12.7991
13.3816
12.9537
13.3244
13.5164
13.2686
13.4701
14.4256
14.5479
14.1585
14.6637
14.5535
14.0540
13.8918
14.4423
14.6305
14.2088
14.4334
14.2682
14.1207
14.4753
14.1683
13.9374
14.2194
14.0312
14.1389
14.7740
13.9842
13.5449
13.5891
14.2201
15.1149
14.6492
14.9900
14.7944
14.7834
14.8841
15.1417
14.7590
15.1944
14.3390
14.5379
14.8275
15.3515
14.5422
14.0109
14.4993
14.5195
14.2923
13.5254
13.6033
13.9993
14.3337
13.1735
13.1414
12.4726
12.7376
12.5428
12.4631
11.9699
12.7898
13.1000
12.7494
13.2785
13.2786
13.3981
13.7991
13.5823
13.4012
13.7218
14.1271
14.1793
14.1182
13.1240
13.5654
13.0402
13.3271
13.5978
13.8142
13.6694
13.8118
13.9610
14.1463
13.2606
13.4611
13.8746
13.2351
13.4759
13.9688
13.3081
13.4341
13.6624
13.1624
13.1872
13.2068
13.5153
12.2884
12.4583
13.9245
13.1013
12.4751
13.5289
13.1911
13.4240
13.1465
13.1097
13.6914
13.5556
13.6032
13.5552
12.9069
13.6952
14.1461
13.7006
13.6494
14.1703
14.0900
13.3149
13.8014
14.2661
14.0284
14.2931
13.8825
14.4713
13.5500
13.4298
13.2187
13.2677
13.0476
12.5951
12.1068
12.0340
12.6490
13.8325
13.6054
13.2671
13.7990
14.2332
14.1185
13.4672
13.8508
13.7717
13.9475
14.0629
14.5855
13.9420
13.7742
13.5806
13.2146
13.2874
13.2827
13.4790
13.8424
14.0101
14.3698
15.2732
15.0256
15.2997
14.5616
14.3674
14.1267
13.8058
14.3358
14.5052
13.3489
13.9370
13.5336
13.5939
13.3421
12.5887
13.0360
13.2449
12.9877
12.6514
13.6716
13.5243
13.5996
13.2681
13.6683
12.8333
13.0364
13.4024
12.8063
13.2405
13.6415
13.9863
13.3689
12.9605
13.1455
12.7095
13.2704
12.8512
12.8679
12.7964
12.9782
13.2317
13.1805
13.3772
13.0050
13.6117
12.9836
13.1211
13.0642
12.7244
13.1436
12.7923
12.9163
12.7223
13.0078
12.3662
13.5815
12.6335
13.1947
12.9519
13.3817
12.9550
13.2771
13.3691
13.7311
12.8070
12.9139
13.3533
12.8375
13.5026
13.3619
14.1587
13.2797
13.3550
12.6932
12.4769
12.2216
12.4894
12.5940
12.5056
12.6750
12.9405
12.8437
13.4741
13.2802
13.6454
13.3482
13.3355
12.9681
12.8073
12.8303
13.3455
13.4386
13.5312
13.5378
12.6959
13.2870
13.1437
12.8024
13.1444
12.6985
12.7561
12.8969
13.0312
12.5041
12.7038
12.7485
12.5677
12.6760
12.7826
12.4853
12.7513
12.8481
12.6416
12.8244
13.1210
11.8242
12.5710
12.8168
13.4556
13.3633
12.9526
12.4301
12.8097
12.4773
12.6648
12.4554
11.7800
12.2241
12.0445
11.9381
11.9796
12.0264
12.3189
12.0427
12.0144
12.0757
11.6818
11.4142
11.9784
12.8045
12.1810
11.8936
12.4959
12.6147
12.9287
12.5248
12.0187
11.7502
12.1211
11.6868
11.3890
11.2290
11.3106
11.2437
11.6205
11.3698
11.6938
11.6782
11.6630
11.5566
11.9407
12.3512
12.0113
12.0315
11.5954
11.9670
12.2750
12.1406
12.2175
12.1482
11.7746
11.9989
12.4282
12.1348
11.9944
11.5580
12.4572
12.3439
12.8730
12.5106
12.2808
11.8436
12.6754
12.6349
12.2897
12.4695
12.4033
12.0839
12.1977
11.7750
12.4646
12.0669
12.3097
12.0105
11.9805
11.7257
11.9030
11.8471
11.6783
12.0049
11.5886
11.8687
11.8912
11.8767
11.7583
12.2507
12.5162
12.5700
12.0078
12.1771
11.9753
12.0001
11.6398
11.8000
11.9210
12.1559
12.0093
11.3925
11.4316
12.1407
12.2091
11.7053
11.8094
11.9966
11.8914
12.3405
12.5974
12.2059
12.2320
11.9163
11.4610
11.4872
11.8755
11.9394
11.9156
11.7612
12.3997
12.5878
12.7920
12.2579
11.9471
11.8091
12.2704
12.5860
12.8146
12.2155
12.7230
12.2695
12.7636
12.1338
12.2484
12.2339
12.2015
12.3018
12.1990
12.5653
12.6081
12.3748
12.0917
11.8595
12.3163
11.9569
11.6872
11.8022
11.9652
12.0264
12.4005
12.5741
12.4892
12.5565
13.1559
13.0398
12.6124
12.9643
12.6023
12.3603
12.4898
11.9483
12.2085
11.6131
11.9223
12.6206
12.4706
11.9375
12.2607
12.4501
12.5830
12.3280
12.0880
12.1243
12.4141
12.4559
12.4052
12.5669
12.1942
12.2000
12.4055
13.4611
13.0162
12.8506
13.3962
12.7246
12.2313
11.8884
12.2119
12.0653
12.1389
12.4980
12.3470
12.3275
12.7138
12.3561
12.5865
12.2053
12.1972
12.4005
12.3272
12.6356
12.3159
12.3893
12.6889
12.7195
13.0051
12.4974
12.3051
12.2390
12.6180
12.3506
12.3930
12.2612
12.4118
12.2845
12.6063
12.2883
11.9640
11.7564
11.8084
12.2691
11.9514
12.0107
12.2273
12.0031
11.8707
12.0031
11.4985
12.0368
11.7714
11.2643
12.0194
12.4283
12.3486
11.9324
12.4004
12.3496
11.9538
12.3777
12.3684
12.0247
12.3185
11.5312
11.8352
11.7758
11.9520
11.9265
12.1340
12.1838
12.2498
12.0513
12.1475
12.1721
12.0786
12.3758
12.4883
12.7128
12.2210
12.0861
12.5469
12.0810
12.4569
12.2610
12.1596
12.0362
11.9789
11.9994
11.5578
12.2103
11.8804
12.2052
11.8343
11.5975
12.0240
11.8431
12.3714
11.7539
11.1357
12.2154
11.2388
11.5215
11.6882
11.1967
11.5635
11.6260
11.7933
11.7402
12.0022
11.7436
11.3991
11.9179
11.9032
11.7884
11.8436
12.1660
12.1025
12.1949
12.0790
12.0115
12.1366
12.0088
12.4223
12.3888
12.1185
11.5862
11.8963
12.0087
12.1459
12.3821
12.5134
12.3654
12.3231
11.4924
12.1311
11.9403
11.9095
12.5397
12.5707
11.8544
11.4422
11.7687
12.0406
12.0501
12.0103
11.2989
11.2971
11.0895
11.1221
11.2693
11.4286
11.0404
11.0742
11.1848
11.0276
11.4657
11.4617
11.1216
11.0401
11.5980
11.1519
11.7650
11.6211
12.0033
11.6773
11.7367
11.4551
11.5642
11.3875
11.2894
11.3440
11.3535
11.4486
11.0956
11.4998
11.5821
11.5017
11.6740
11.9179
11.6779
11.2996
11.0459
11.2485
11.1214
11.9375
11.9754
11.5692
11.1559
11.7073
11.3720
11.5839
11.2741
10.9872
11.3018
11.4130
11.6993
11.6329
11.8176
11.7424
11.5574
11.7746
11.6024
11.3823
11.5446
11.8429
11.7029
11.7700
10.8956
11.3223
11.2711
11.1724
10.9239
11.3803
11.2329
11.2814
11.5498
11.6135
11.8436
11.9703
11.9847
12.0593
12.0200
11.9255
11.8949
11.6974
11.9132
11.9117
11.3959
11.6330
11.6874
11.3569
11.8778
12.2002
12.0070
11.6609
11.9473
11.5865
11.6534
12.2809
11.3012
11.6617
11.7666
11.3924
11.5875
11.3738
11.3943
11.2421
10.8906
10.8677
10.9009
10.7211
11.6178
11.5199
11.6707
11.7175
11.4953
11.5453
11.8220
11.9580
11.9921
12.0655
11.7940
12.4356
11.8401
11.6908
11.7664
12.0183
11.7346
11.7076
12.1298
12.2287
11.8834
11.8339
12.2383
12.1931
12.3880
12.0408
12.3267
12.0180
11.9341
11.8162
11.8490
11.5118
11.7089
11.0688
11.3704
11.3723
11.8042
11.7494
11.6462
12.4460
12.3554
11.9996
11.9791
12.2533
11.9623
12.5416
12.1674
12.3894
12.2985
11.9188
12.3510
12.4605
12.5462
12.9104
12.2080
12.0168
11.9119
11.8870
11.7708
12.0148
12.1844
12.0731
12.1652
12.5358
11.9451
12.0211
12.0430
12.0517
11.9911
11.7978
11.4733
12.3135
12.1654
12.0991
12.3531
12.4070
11.9854
12.0746
12.8171
12.3985
12.6773
12.1075
12.3736
12.4774
12.6743
12.1368
11.9804
11.9329
11.9539
12.0620
12.2779
12.1516
12.0124
11.8139
12.0763
11.9113
12.1777
11.9582
11.7342
12.1553
12.1855
12.1186
12.1781
11.7298
12.1383
12.1684
12.2571
12.0956
12.0194
12.0799
11.8707
12.3740
12.0509
11.4308
11.4726
11.7642
11.7335
12.1929
12.0547
12.1876
11.7745
11.8524
11.9451
11.8638
11.5303
12.4495
12.0479
11.8410
11.7397
11.9670
12.1693
11.7305
11.7877
11.4200
11.5081
11.9978
11.8280
12.2060
12.6297
12.4438
12.6088
12.4100
11.9285
11.6359
12.3244
11.7756
11.8397
12.2280
11.6771
11.9468
11.5563
11.5041
11.5582
12.0067
12.1290
12.5070
12.3308
12.4212
12.7122
12.1535
12.4393
12.2850
12.3368
12.3676
12.0612
12.4329
11.8514
11.7113
11.3623
11.5202
11.8007
12.2758
11.8618
11.8905
12.3581
12.3375
11.9181
11.7390
11.7901
12.1220
11.7386
11.9916
11.8537
11.5840
11.8219
12.4392
12.0271
11.9019
12.5942
12.2786
12.3150
12.7594
13.0250
13.0561
12.6949
12.4818
12.6223
12.2696
12.6719
12.6609
13.2322
12.7056
12.5297
13.0503
12.8542
12.5977
12.2477
12.7120
12.2075
12.2854
12.6467
12.4005
12.3148
12.4794
11.9590
11.6994
12.0084
11.9419
12.0543
12.4897
12.6590
12.4594
12.5438
12.5239
12.3318
12.4259
12.7095
12.5398
12.9315
12.1766
12.3736
12.4041
11.9605
12.2189
11.9273
12.1343
12.3679
11.9789
12.2759
12.0059
12.2765
12.0725
12.0132
12.8372
12.8229
12.5378
13.0073
12.7077
12.5934
12.6956
12.7102
12.5535
13.1602
12.8129
12.8970
13.2356
12.7380
12.3390
13.2192
12.5496
12.7767
12.5743
12.5159
12.3484
12.4213
12.2060
12.2858
11.9087
12.2337
12.0665
11.9566
12.0093
12.3260
11.0588
11.5764
11.5805
11.3235
11.4735
11.2165
11.8892
12.2446
11.8880
12.0532
12.2338
11.9096
11.9360
12.0679
11.7517
11.9080
11.9237
12.3709
12.1056
12.5334
12.4245
12.8205
12.6682
12.3310
12.7149
12.3868
12.3345
12.2488
12.1499
11.7428
12.3092
12.6455
12.5961
12.5583
12.6589
12.5860
12.1535
11.9473
12.0724
12.4521
12.2698
11.9347
11.4620
12.2527
11.8531
11.8528
11.9502
11.5182
11.7337
12.0868
12.4232
12.3326
12.1506
12.0919
12.4235
12.5600
12.5732
12.3471
11.7530
12.0576
12.3549
12.3023
12.2681
12.6543
12.7023
12.8090
13.0163
12.9329
12.6319
12.9045
13.5570
13.2224
12.9254
13.0259
12.9282
12.9074
12.9135
12.4836
12.3352
12.0388
12.5254
12.0372
12.2272
12.0977
12.3169
12.5040
11.8150
12.0463
12.2769
12.3520
12.3261
12.9189
12.6805
12.8527
12.5225
12.7632
12.5950
12.0003
12.5433
12.3936
12.6904
12.4893
12.5696
13.0557
12.2219
12.4020
12.3808
12.5636
12.8546
12.1403
12.0170
11.7594
12.1260
12.3712
12.0981
12.5374
13.1292
13.1287
12.7195
11.9274
12.3306
12.4275
12.3979
12.6483
11.9559
12.5116
13.0439
12.6154
12.3303
12.2854
12.5962
12.8771
12.8590
12.6228
12.6201
12.7816
12.4980
12.7261
12.9340
12.6138
12.4776
13.0486
12.6285
12.6345
12.5135
12.0965
12.3903
12.5868
12.0365
12.6151
12.2045
12.3632
12.3073
11.9523
12.2282
12.1401
12.0863
11.8943
11.5896
11.7530
10.9206
11.3291
11.2906
11.7170
11.7639
11.3842
11.7675
12.3526
11.9977
11.9925
11.9873
12.0551
12.4202
12.6877
12.4065
12.3531
12.6462
12.6966
12.5164
12.6303
12.4201
11.9478
12.0733
11.8973
12.3177
12.4020
12.6932
12.5221
12.2470
11.7296
11.4406
10.8394
11.1325
10.9239
11.0227
10.9046
11.3924
11.4347
11.2463
11.4892
11.7438
11.1725
11.1588
10.6659
11.2832
10.7680
11.0337
11.3627
10.7988
11.3349
11.0497
11.2040
11.2517
11.8267
11.6552
11.3560
11.3205
11.6367
11.8479
11.4783
11.8347
11.3478
11.2750
11.2707
11.4249
11.1432
11.1417
11.5808
11.6786
11.2950
11.2059
11.2290
10.8852
11.2168
10.9199
10.8537
11.4849
11.4223
11.8001
11.2594
11.3860
11.2068
11.1933
11.1597
11.6126
11.6178
11.8202
11.3216
11.7835
11.6318
11.0198
11.3521
11.3620
11.3293
11.5929
11.2409
10.9175
11.3584
11.7972
11.4987
11.3007
11.1819
11.1044
11.1270
10.9836
11.4289
11.2914
11.3088
11.1617
11.7255
11.1137
10.9062
11.4278
11.4952
10.7934
10.8706
11.1293
10.9164
11.1324
11.3070
11.1183
11.1387
11.5681
11.3170
11.1497
10.4825
10.9955
10.7677
11.6304
11.5205
11.0842
10.7917
10.8795
10.8645
10.8316
10.8641
11.0631
10.9006
11.1402
11.1171
10.8944
10.9134
10.4441
10.8804
10.9239
11.0902
11.7202
11.3297
11.3329
11.1412
11.1690
10.8681
10.7006
10.9081
11.2791
11.2180
11.2875
11.2134
11.2014
11.1417
11.1942
11.1312
11.0038
10.7927
10.8451
11.2203
11.3893
11.3684
10.9710
11.0653
10.4419
10.4532
10.6109
10.2620
10.3147
10.5073
10.6274
10.7930
10.6471
10.7809
11.3008
10.8603
10.8688
11.0554
10.9393
10.8979
10.6723
10.8968
11.0539
11.0607
10.3058
10.0921
10.1371
10.0015
10.4965
10.7311
10.9711
11.1617
11.1126
11.3761
12.2972
12.3214
12.4497
12.2662
12.1128
12.1162
12.1730
11.9340
11.8935
11.6412
12.1960
12.0431
11.9193
11.3481
11.5092
11.7628
11.3541
10.9141
11.0340
11.6135
11.9580
11.2526
11.2592
11.1261
11.4381
11.5659
11.3314
11.3149
11.5611
11.1498
10.7877
10.8471
11.2550
11.1863
11.5297
11.0125
11.2437
11.3453
11.0549
10.8581
10.8255
11.4890
11.5944
11.7953
12.3395
11.2974
11.1915
11.2897
11.2187
11.4500
11.3210
11.7670
11.4053
11.2695
11.5997
11.3573
11.0059
10.7997
11.3213
11.6971
11.6432
11.9912
11.4517
11.3123
11.9755
11.8488
11.8949
12.4944
11.5376
11.9021
11.7289
11.7853
11.6756
11.1215
10.9974
11.1610
11.2343
11.7932
10.8565
11.1168
11.3456
11.5436
11.2210
11.7688
12.0574
11.4839
11.2116
11.2024
11.6608
11.5265
11.3942
11.7337
11.1817
11.5734
11.0647
11.3750
11.1211
10.6003
11.0739
10.9604
11.1360
11.2924
11.0763
11.2329
11.2123
11.5875
11.2306
11.5325
11.4061
11.1571
11.2644
11.8715
11.9210
12.0828
11.6253
11.6820
11.8759
12.1212
11.7739
12.0922
11.4623
12.1191
11.8291
12.1817
12.0902
11.8014
12.0570
12.3796
12.3586
12.4134
12.4649
12.7713
12.0398
11.9341
12.1135
12.2195
12.2642
12.3604
12.3798
12.2812
12.1549
12.1651
11.9402
11.7176
12.0902
12.4601
13.1050
12.8841
12.5140
11.9876
12.3134
11.7103
11.8325
12.2907
12.1616
12.1069
11.9990
11.4302
12.0006
11.6595
11.8753
11.5780
11.3330
11.4078
11.2902
12.2056
11.2132
11.1251
11.5212
11.5619
11.6140
11.5301
10.8153
10.6364
10.4710
10.8627
11.2201
10.9497
10.9713
11.0073
11.0518
11.4601
11.9695
11.0826
10.8882
10.5853
10.7376
11.2269
11.3015
11.7221
11.1954
11.0350
11.0170
11.3478
10.9292
11.9881
12.0055
11.7844
11.6117
11.3849
11.2611
11.5518
11.4274
11.0567
11.3052
11.1440
10.8961
11.4936
11.1202
11.6517
11.5451
11.8525
11.5766
12.0851
12.1464
12.5722
12.0320
12.6942
11.7374
12.4501
11.9602
11.8290
11.4178
11.6249
11.7908
12.1944
11.9265
11.8709
11.8929
11.7914
11.8758
12.1045
11.2529
12.3330
12.0730
12.3338
12.1763
11.5572
11.4673
11.6522
11.5621
11.7614
10.6035
10.9218
10.7000
10.9746
11.0951
11.4394
11.6095
12.1527
12.0263
11.6781
11.5210
11.3047
11.9609
12.3509
11.8872
11.5865
12.0035
12.4561
11.9050
11.8117
12.0505
12.2845
12.3047
11.8430
12.0006
11.7599
11.6963
11.9899
11.8926
11.7982
12.0269
11.9134
12.1305
11.4852
11.8280
12.6693
12.1411
11.9240
11.6299
11.7249
11.8198
11.6524
11.8875
11.3473
10.7762
11.7148
11.9079
11.5644
11.6966
11.3816
12.6025
11.7045
11.4966
11.9328
12.3759
12.2812
12.3549
12.8207
12.2661
12.7705
12.4839
12.3106
12.4019
12.5230
12.5158
12.7107
12.1426
12.0738
11.7163
12.1908
11.8304
11.2669
11.6506
12.1425
12.6646
12.1763
11.6571
11.8768
11.5224
11.5112
11.4248
11.2159
11.5288
11.6067
11.7583
12.1182
11.7913
12.5395
12.8069
13.0777
12.0381
11.9556
12.2777
11.5952
11.8803
11.5514
12.0492
12.4795
12.1246
12.0008
12.4801
12.0440
12.3106
11.7680
12.7057
12.3875
12.3521
11.3317
11.6548
11.8907
11.8459
11.5873
11.4871
12.1240
11.8537
11.9158
11.3798
12.3005
12.4923
12.3913
12.1269
12.2122
12.3685
12.5986
12.1874
12.2480
12.2479
12.8869
11.8490
11.7165
12.2774
12.0396
12.0047
12.0782
11.3761
11.9527
11.4507
11.8626
12.2974
12.3598
12.4275
12.0064
11.8452
11.8841
11.7442
11.7686
11.6235
12.4474
12.7839
12.4903
12.4291
12.5502
12.4285
12.3326
12.4282
11.7143
12.1130
11.9060
12.1708
11.7694
11.3876
11.6765
11.9127
11.5984
12.0366
12.4822
12.3147
12.4633
12.7083
12.2033
12.1479
12.3953
12.3253
12.0910
12.1075
12.2070
12.1219
12.5629
12.0771
11.6824
12.0409
12.3583
12.6215
12.4917
12.3942
12.1731
12.1895
13.1017
12.4359
11.6852
11.9037
12.2660
12.5568
12.4420
12.2697
12.1678
11.9051
12.6732
11.9220
12.0397
12.9161
13.1396
12.9377
12.6400
12.0425
12.5411
12.1498
12.4269
12.2653
11.5360
11.8997
11.8297
11.8839
11.2711
11.0974
11.1296
11.1225
11.1931
11.0515
11.5358
11.3284
11.4305
11.6598
11.7605
11.7167
12.0169
11.6341
11.7782
11.8954
11.4155
11.1760
11.2613
12.1319
11.5520
10.7678
10.9199
10.9463
10.8884
11.7526
11.7911
11.6322
12.0448
12.0336
11.8694
11.6643
12.1159
12.1243
11.8794
11.8866
12.0105
11.4075
12.0631
11.3426
11.4683
11.9295
12.3476
12.3789
12.2634
12.1014
12.2741
12.7019
12.1310
12.0935
12.3695
11.8522
11.5992
12.0505
11.3015
11.5502
11.2215
11.6100
12.1295
12.1125
11.9901
12.2145
12.0141
11.9996
11.7588
11.5748
11.9746
11.3234
11.3439
11.2330
11.1605
11.0449
10.8014
11.0906
11.5319
11.0906
11.0835
11.0213
10.8062
11.4247
11.1538
11.0381
11.8737
11.1357
10.7247
11.8054
10.9821
11.2911
11.1262
11.6843
12.0540
11.9049
11.4929
11.8259
11.5347
11.8777
11.5319
11.8436
11.8667
11.1290
11.4699
11.4363
11.6559
11.6675
11.7584
11.8304
11.5729
11.2857
12.1057
11.5891
11.7532
11.7070
12.2957
11.9048
11.8750
12.2167
12.2927
12.6020
12.6175
12.4460
12.0789
11.7899
12.4009
12.1336
12.3635
11.6681
11.6141
11.4252
12.2179
12.3119
11.1805
11.1540
11.7777
11.4060
11.6644
11.3321
11.6304
11.9223
11.5260
11.5888
11.9596
12.2023
12.8397
12.4307
12.3854
12.3399
12.2079
12.0081
11.6779
11.5919
11.7923
11.7800
11.3346
11.4480
12.5436
11.4907
11.2750
11.1607
11.5139
11.1457
11.4962
12.1151
12.1712
12.0881
11.2999
11.8736
11.7117
11.4899
11.9206
11.6444
11.3191
11.5426
12.1595
11.7844
12.0915
11.7051
12.1725
11.9542
11.8651
11.6366
12.0912
12.0311
12.2219
12.2680
12.1044
12.1797
12.2357
11.9078
12.4416
12.2134
12.1321
11.9155
11.7699
11.6599
11.5831
12.0105
11.7272
12.5874
12.6099
12.3139
12.0234
12.8648
12.5765
12.7899
12.6023
12.6917
12.7833
12.7793
12.9270
12.9565
12.4219
12.2719
11.8970
12.2682
11.9700
12.2180
12.2508
12.3225
12.0037
12.1821
12.0691
11.3248
11.7263
11.9223
12.0940
11.9553
11.4072
11.8418
11.6707
11.5924
12.1642
11.7794
11.6283
11.9554
11.4184
11.9027
11.2934
11.4805
11.6331
11.5653
11.6410
11.6622
11.7674
11.7263
11.5809
11.4281
11.7644
10.7544
11.1837
11.2933
11.7086
11.8474
11.5126
11.5797
11.7438
11.7164
11.7470
12.1139
11.4361
11.5571
11.7316
11.8289
12.6514
11.8228
12.1557
12.2233
12.4177
12.5380
11.9260
11.7375
11.9742
12.0093
12.1229
11.8574
11.6090
11.5544
11.9129
12.6815
12.9098
12.3607
12.0121
12.1498
11.9977
12.6125
11.9063
12.2069
12.2173
12.3195
11.9893
12.3203
12.2523
12.7071
12.3108
12.4770
12.4889
12.7225
12.5165
12.3675
12.3365
11.8027
12.1162
12.2239
12.0990
12.2068
12.5569
12.3115
12.1863
11.7613
12.1949
12.3205
12.4500
12.9563
12.2569
12.8219
12.3654
12.3028
12.2968
12.5454
12.5606
12.6023
12.8528
13.1193
12.8911
12.5873
12.7122
12.4732
11.9257
12.3604
12.7101
12.6485
12.5868
12.1398
11.9977
11.7434
11.5812
12.0004
12.1202
12.3823
12.4495
12.4065
11.8304
12.0754
12.0820
11.8862
11.9871
11.9725
11.8598
12.4331
11.9170
12.2881
12.2931
11.7704
12.0156
11.6800
12.3343
11.6898
12.1489
11.8693
12.2455
12.1124
11.6909
12.2064
11.7426
11.8684
11.7056
11.7845
12.1407
12.4665
11.9169
12.3314
11.9789
12.7793
12.3057
12.2078
12.1867
12.2148
12.3386
11.8610
12.5330
12.5419
12.2824
12.2974
12.7904
12.6962
13.0623
12.7275
12.4845
12.6425
12.1882
12.3551
12.0498
12.2748
12.1717
11.8730
11.4414
11.5895
11.5968
11.3104
11.8292
12.0835
11.8536
12.5422
11.8587
12.4297
12.2128
12.4376
12.1114
11.9013
12.2620
12.0016
11.3522
11.2129
11.8151
12.0690
11.8609
11.7031
11.8892
11.7915
12.2915
11.7464
11.7521
12.1867
11.6781
11.4757
11.8369
12.4790
12.7472
12.6532
11.7472
11.9243
10.8771
10.8479
11.4313
11.5704
11.0799
11.2232
11.0922
11.0490
11.5942
11.8069
11.3635
11.4420
11.7610
11.7701
11.8921
12.0365
12.3219
12.1676
11.9977
12.0138
12.4118
12.1187
12.1034
12.0663
12.4113
12.0390
12.7365
12.3805
12.0043
12.0458
12.0762
12.5014
11.7999
12.0956
12.3264
12.1686
11.8847
11.9377
12.0595
11.6925
11.4261
11.2009
11.3133
11.4797
11.8534
11.9859
11.6332
12.1939
11.9268
11.7115
12.2247
12.2322
11.8382
12.5612
12.1322
12.3686
12.1355
11.8974
11.8829
11.7759
11.6692
11.0117
11.2366
11.5542
11.4428
10.9129
11.3285
12.0206
11.7651
12.1194
11.7194
12.1131
11.5294
12.1662
11.6327
12.5356
12.6758
12.3833
12.2996
12.2951
12.5936
12.0770
11.9372
12.4328
12.3538
12.5622
11.8267
11.8861
12.5029
12.1556
11.6754
12.4178
12.8580
12.9253
12.6334
12.6057
12.1572
11.7340
12.0058
12.6826
12.1587
12.1566
12.0328
11.6022
12.3235
12.3728
12.8072
12.6733
12.1237
12.0041
12.4479
12.2156
12.2391
12.4323
12.2688
11.5711
11.4839
11.1693
10.9740
11.2676
11.4229
11.4992
12.1372
12.1693
12.3641
11.9289
12.0469
12.5667
11.2899
11.8885
12.3989
12.2868
11.7077
11.5813
11.5803
11.9633
11.8581
11.8427
11.6791
11.6813
11.6010
11.2566
11.7356
11.7778
11.5998
11.2026
12.0063
12.1465
11.7119
11.3100
12.0143
11.3633
11.5570
10.7250
10.6041
11.2164
10.8541
11.0023
11.0813
10.2835
10.4936
10.6452
10.8254
11.3339
11.1029
10.8766
11.5731
11.0973
11.1872
10.9137
11.9054
11.3208
11.3670
11.5718
11.6420
11.5082
11.1426
11.2891
10.7548
10.6307
10.9114
11.0733
11.0455
11.0589
10.8679
11.0360
10.6273
10.6184
10.8446
11.4533
11.0033
10.8358
11.1067
11.4251
11.5370
11.6151
11.5120
11.7532
11.4944
11.9209
11.7449
11.9941
11.4539
11.7072
11.2358
11.1791
11.4123
11.4647
11.4463
11.9063
12.1345
11.9201
12.2489
11.7419
11.7626
11.8623
11.5144
11.5920
11.4386
11.1698
11.1465
11.2529
11.2379
11.3767
11.5892
11.6263
11.7291
11.6821
11.9186
11.5228
11.5489
11.3428
11.4582
11.1607
11.2097
11.1835
12.1961
11.7756
11.7426
11.2955
11.6623
11.5033
11.8351
12.3894
11.6399
11.7880
12.1946
12.2490
11.9089
12.3635
11.9094
11.1971
11.2994
10.6969
11.0580
11.7761
11.3517
11.2800
10.9643
11.2810
10.7873
11.0281
10.8519
11.0747
11.3657
10.8168
11.2461
11.1049
11.4871
11.4000
12.1666
12.2065
11.6178
11.7713
11.4410
10.9787
11.3839
11.3311
11.4097
11.3691
11.4414
11.7701
11.9819
11.6680
11.9568
11.7968
11.8433
12.2673
11.9099
12.1348
11.8705
11.9009
11.7289
12.1347
11.6966
11.7884
11.7887
11.9583
11.7802
11.5980
11.2898
11.6968
11.2448
11.3275
11.6652
12.0279
12.2446
11.5610
11.4972
11.4511
10.9796
11.5332
11.3153
11.7361
11.1338
10.9302
10.9075
10.8524
11.3459
11.2417
10.4369
10.6527
10.6001
11.3029
11.3173
11.1720
11.4440
11.0937
11.1322
11.6878
11.1949
11.7096
11.2756
11.2715
11.0897
10.8871
11.2632
11.3890
11.3865
11.4564
11.4900
11.1977
11.2787
11.5358
12.0940
12.3638
11.9895
11.8531
12.3369
12.1203
12.5490
12.4195
12.3336
12.9004
12.6310
12.1993
12.4474
12.8957
12.4147
12.8911
12.5026
12.8505
12.6002
12.3514
12.5117
12.6411
12.4693
11.5889
11.5358
12.1099
11.8813
12.2376
11.8588
11.8744
11.2012
11.4582
11.7170
11.5585
11.7426
11.8659
12.5240
12.1624
12.1674
11.6926
11.7442
11.9337
11.9997
11.7458
11.5579
11.5207
11.7554
11.4271
11.6663
11.1757
11.3706
10.7694
11.3617
11.7309
11.6879
11.9691
12.1731
12.1862
12.3851
12.0727
12.6350
12.9717
12.9145
12.3005
12.3797
11.8928
11.6921
12.3137
11.6436
12.3203
11.4681
11.9320
11.3880
11.4114
12.1623
11.6721
12.0235
12.0401
11.7105
11.3659
11.1494
11.5402
11.7083
11.0290
11.0469
11.0161
11.1059
10.2289
10.8925
11.1628
11.3673
11.6190
11.5652
11.2652
11.1353
11.5050
11.9373
11.8509
11.8261
12.2485
12.0821
11.6472
11.5867
11.2708
11.8209
11.9202
11.6028
11.5935
11.5993
12.2804
12.2054
12.2559
11.8216
11.9795
11.7781
12.4302
12.4342
11.3407
11.3234
11.5329
11.5216
11.9396
11.9813
11.3781
11.6144
12.0160
11.6290
11.7421
11.7936
11.7989
11.2074
11.2293
10.4399
11.0939
10.7205
9.9775
10.4918
10.8173
10.2638
11.0855
11.3785
11.3983
11.5717
11.1975
11.2848
11.7974
11.5641
11.5632
11.4860
11.9129
11.7531
11.8628
11.9934
11.4139
11.4867
11.2686
11.4884
11.9357
11.8546
12.0808
11.8550
12.0894
11.6840
12.0372
11.7081
12.3097
12.5050
11.9605
11.5786
11.6070
11.5784
11.3285
11.7712
11.9645
11.9121
12.2295
11.8222
12.0637
11.7700
12.4508
12.5267
12.6333
12.4794
12.2961
12.3434
12.6009
12.3313
12.6557
11.9553
11.9642
12.0023
12.1192
12.1296
12.1343
11.6758
11.9100
11.3597
11.8177
11.8819
11.7179
12.1692
11.6885
11.6508
11.3481
11.6196
11.8302
12.0340
11.7582
11.9359
11.1950
11.7149
11.6498
12.2708
12.3343
12.0506
12.0472
12.1222
11.8870
11.8707
12.0190
11.9852
12.6582
11.9241
11.7040
11.6962
11.9146
12.4348
12.2332
12.7667
12.1779
12.4086
11.5757
12.0738
11.1859
11.1908
11.8226
11.5251
11.9936
11.6459
11.5070
11.8908
11.8833
13.0596
11.5816
12.0323
12.6073
12.0768
12.3167
11.7753
11.9130
12.0251
12.3483
12.2649
11.7366
11.7176
12.0844
11.7056
11.9941
12.1473
12.1321
11.8578
12.0327
11.8028
12.0202
11.6188
11.7939
11.7855
11.7434
11.9107
12.1178
11.6619
12.0383
12.6267
12.4940
11.8536
11.7673
12.5956
12.5952
12.2276
12.2879
12.5294
12.2086
12.6388
12.3349
13.0008
12.3934
12.2736
12.4335
12.2338
12.2571
12.4422
12.4076
12.6939
12.3555
11.6894
11.9274
12.2904
12.0182
12.2556
12.0002
12.6115
12.0420
11.9902
11.8268
11.6804
12.2168
11.8381
11.6273
12.1727
12.1014
11.8414
11.8271
12.0950
12.0816
11.4212
11.8757
12.0999
12.0006
12.1587
12.1372
11.7704
11.1630
11.9102
11.9495
12.1388
11.9424
12.0814
12.2911
11.7676
11.9568
11.7105
12.2352
12.0852
11.8376
11.7825
11.6382
11.7712
11.7327
11.6336
11.3169
11.2442
11.3359
11.7424
11.8270
12.5820
11.9442
12.1637
12.1140
12.0849
12.1541
11.5003
11.2827
11.4299
11.6688
11.6192
11.4306
11.6255
11.7858
11.5431
12.1066
11.7997
11.7813
11.0741
11.1743
11.3509
10.8311
11.0627
10.7846
10.8437
10.4502
10.8540
11.1261
10.8269
11.4053
10.9378
10.7054
11.2041
11.0588
11.0615
10.6228
10.9472
10.8999
11.0201
11.4701
11.6126
11.3132
11.1491
10.9843
11.1890
10.8285
10.8849
10.8356
11.3413
11.4317
10.9602
10.5465
11.0601
11.9833
11.4115
11.3527
11.1894
11.0335
10.9572
10.9482
10.5561
10.8639
10.5314
10.6137
11.0740
11.3275
11.1151
11.3908
11.2805
11.2753
11.1716
11.0157
10.5766
11.1790
10.8004
11.1381
10.6256
11.1176
10.9927
11.1620
11.3043
11.4406
11.5050
11.2868
11.4752
12.1573
12.3987
11.7016
11.8786
11.5568
11.5877
11.4754
11.1609
11.6458
11.3238
11.3894
11.9596
11.8008
12.1653
12.2669
11.7081
12.1357
12.0204
11.7899
12.1099
12.3123
12.2769
11.7066
12.3414
11.9243
11.3471
11.4558
11.4568
11.3629
11.3015
11.1630
11.6318
11.3267
12.1599
11.8278
12.0610
11.5972
11.5401
11.5542
11.6475
11.6914
11.6061
11.8732
11.8568
12.2167
12.8029
12.5640
13.1598
12.7459
12.0960
12.0127
12.0886
12.4456
11.8860
12.2396
11.7317
11.5695
12.0298
12.0218
12.2506
11.7035
11.9325
11.7716
11.7331
11.9974
11.6962
12.1349
12.2893
12.1270
11.7370
12.0947
12.3115
12.2197
12.2337
11.9751
12.2771
12.2999
11.5465
11.9063
12.0877
11.8891
12.2677
12.0889
11.9378
12.1991
12.6170
12.8715
12.9458
12.9949
13.1891
13.4857
13.1648
13.2177
13.1446
12.4646
12.5326
12.7949
12.6263
12.3482
12.4833
12.4101
12.9855
12.6993
12.4646
12.4582
13.0516
12.9413
13.2537
13.0286
12.7063
13.0923
12.9238
13.1842
13.3733
13.5495
13.1836
13.2074
13.1295
13.1253
12.7911
12.7533
12.5356
12.2306
11.9581
12.4258
12.2595
12.5509
12.3692
13.0611
12.8237
12.7174
12.5694
12.5280
12.5544
13.1003
12.7071
12.8115
12.5165
12.1673
12.4111
12.5052
12.4121
12.8475
12.7439
12.7092
12.3632
13.0155
13.2192
12.9383
12.6526
12.5443
12.5553
12.2960
12.4536
12.6350
12.0940
12.3774
12.6756
12.5032
12.6035
12.6533
11.9538
12.0723
12.5409
12.0088
12.4155
12.7676
12.2178
12.3736
12.3810
12.1921
12.4404
12.6693
12.1509
12.1936
12.8425
12.4135
12.1102
12.0575
12.3593
11.8971
12.1158
12.0839
12.3251
12.0290
12.3230
12.5906
12.5122
12.3552
12.1179
12.1001
12.1490
11.5102
11.8271
11.9063
12.3133
12.1990
12.0290
11.9120
11.2432
11.6523
11.7738
11.6855
11.5700
11.7880
12.0983
12.2291
11.8571
11.5518
11.8789
12.0484
12.3338
11.7458
11.3330
11.2078
11.9925
11.8399
12.1616
12.5239
12.0306
11.6075
12.0366
11.8296
12.0489
12.4217
11.6953
11.8755
11.7590
10.9940
11.2558
11.2250
11.2743
11.6764
11.8066
11.7231
11.8885
11.5564
11.4237
12.0703
11.8781
11.8539
11.7774
12.3450
11.9920
11.8364
11.5582
11.8819
12.4508
12.0987
12.3017
12.2044
12.1220
12.2583
11.6579
11.9646
11.8534
12.2334
11.9097
11.7167
12.1285
12.2163
11.8173
12.0143
12.1272
12.3779
12.0542
11.5907
11.9400
12.4244
12.8015
12.2454
12.1382
12.0304
12.3351
11.5746
12.0520
11.9978
12.1375
12.1877
11.9618
12.1730
12.1479
12.3821
11.6753
11.8509
11.3638
12.4195
12.3560
11.3991
11.3868
11.2984
10.9341
11.4117
11.5076
11.3365
11.0730
11.7514
11.7504
11.8100
11.7193
11.8565
11.7876
12.1358
11.3585
11.7335
11.5976
12.2478
11.9910
12.2663
11.9451
12.1834
11.6298
12.1756
12.3435
12.3654
12.0761
12.4640
11.8225
12.0546
11.7679
12.1720
13.1094
12.7952
12.5227
12.7224
12.2265
12.0069
11.8321
11.6401
11.2136
11.5369
12.2380
12.1379
12.0603
11.8693
11.6023
12.0137
11.9362
11.5471
11.5839
12.0227
12.2986
11.7336
11.1698
10.9805
11.3576
11.7061
11.2046
10.8598
10.6916
11.2266
10.4679
10.4775
11.0709
11.0046
11.2538
11.4931
11.6033
12.1917
11.3585
11.4463
11.2994
11.9020
11.5444
12.4330
12.4168
11.8076
11.9577
11.6715
11.8449
11.7449
11.3089
11.2490
11.4479
11.4950
11.0855
11.5657
11.6075
11.5093
11.4951
11.7286
11.7129
11.8218
11.7662
11.9324
11.8230
11.7842
11.3909
11.4074
12.2689
11.7621
11.7173
12.0996
11.6983
11.9553
12.2709
13.0260
12.7481
12.3081
12.1358
12.4438
12.2074
12.3409
12.0232
11.3153
11.6794
11.4680
11.7296
12.5325
13.0032
12.6518
12.0495
12.1336
11.9292
11.8937
11.8395
12.2144
11.8659
11.6188
12.0528
12.6442
11.8006
12.2516
12.1095
12.3394
12.3140
11.8840
11.6137
12.2322
12.0389
12.1163
11.9716
11.3861
11.2438
11.8548
11.5342
11.5917
11.9181
11.5918
11.6995
12.0502
11.8985
11.9232
12.0907
12.0643
11.9661
12.2306
12.3529
12.7968
12.3174
12.2095
12.2742
12.0921
11.7520
11.5903
11.7495
11.4892
12.3143
12.0618
11.5424
12.0353
12.3999
11.8456
11.9332
11.8149
11.8603
12.0870
11.6676
12.1747
12.3742
12.4407
12.9493
12.6954
12.6075
12.2779
12.5580
12.6273
12.0451
12.4973
11.4544
11.7780
12.3799
11.8537
11.9521
11.7491
12.2407
12.0228
11.8770
12.2340
12.1493
11.5372
11.7629
11.5887
11.5672
11.5497
11.9356
11.5920
11.8165
12.1955
12.5559
12.3627
11.7809
11.5679
11.6872
11.7045
11.6366
11.6835
11.8153
12.1135
11.8739
11.9097
12.2750
11.8445
11.8692
11.3502
11.8563
11.9118
11.4223
11.7387
12.2353
12.2844
12.0362
12.0706
11.8240
12.3396
11.6821
12.0617
12.3535
12.7318
12.2936
11.8727
11.6709
11.9860
12.6904
11.9267
11.8943
11.7228
12.2407
12.3801
12.1351
12.5857
12.4987
12.4134
11.7742
11.7785
11.6900
12.2327
12.1957
12.3588
11.7370
11.9794
11.6030
12.0195
12.1965
11.8776
12.3544
12.4103
12.6365
12.1811
11.9668
12.1452
12.1799
12.2988
12.4317
12.3326
11.6601
11.8809
12.3237
12.1415
12.2841
12.4610
12.4928
12.5886
12.7622
12.4434
12.3542
12.3513
12.3404
12.2689
12.1263
12.3386
12.0371
12.4639
12.4130
12.1952
12.8002
12.2475
11.9761
12.0942
12.3295
12.5124
12.2406
12.6420
12.0606
12.5877
12.4012
12.2346
12.4118
12.8106
12.5791
12.4884
12.6093
12.2775
12.5314
12.2189
12.1971
12.3127
12.6888
12.4525
12.5520
12.5840
13.0656
12.4876
12.4465
12.1063
12.1102
11.6089
11.7915
11.7347
11.4680
11.4165
11.9660
12.6275
11.7973
12.0084
12.0586
11.9381
11.7804
11.7430
11.8117
11.6115
11.7725
11.6309
11.9273
11.7046
11.5675
11.2772
11.5816
11.7231
12.1408
12.0193
12.1397
12.4194
12.2768
12.4230
12.1877
12.0099
12.0606
12.1267
11.8057
11.6556
11.7253
11.5361
11.4169
11.8969
11.7661
12.2957
12.1808
12.2164
11.5958
11.6121
11.7689
12.3197
12.0565
12.3727
11.6500
11.7425
11.8246
11.5072
12.1759
12.7170
12.2150
12.0661
12.2575
12.2969
12.2258
12.4937
12.4341
12.3262
12.2624
12.1841
12.1888
12.0828
11.7748
11.7045
11.1770
11.1626
11.2561
11.1449
11.0104
11.6889
11.3912
11.1437
10.9834
10.8619
11.6847
12.0964
10.8070
11.7610
11.7031
11.7732
11.5321
11.0138
11.3085
11.0368
11.6872
11.7977
11.3658
11.8025
11.5888
11.6545
11.5300
11.6809
11.1584
11.2277
10.9765
10.6808
10.7883
10.5523
10.7040
10.6236
10.4892
10.4398
10.5892
10.0370
10.9907
10.3499
10.2040
10.7842
10.4778
10.6347
10.9569
10.9614
10.7728
11.0501
10.2953
10.7656
10.4484
10.5422
10.8277
10.6798
10.2845
10.0554
10.4003
10.3598
10.1315
10.0239
10.1246
10.3773
10.0855
10.2180
10.4480
10.4716
10.4733
10.4130
10.4526
10.1081
10.2068
10.6915
10.8939
10.4449
10.1064
10.6896
10.4833
10.2738
10.8310
10.7203
11.1639
11.0048
10.4064
10.3795
10.9982
10.8305
10.7477
10.7542
11.1095
10.9254
10.7091
10.8305
11.0375
10.7174
11.1447
11.0170
10.0357
10.2288
10.1047
10.1792
10.1586
10.4174
10.6919
10.5183
10.5852
10.4232
10.0378
10.6716
10.1749
10.1238
10.1174
10.1019
10.6257
10.4407
10.5150
10.1501
10.2411
10.0470
10.4841
10.6163
10.2517
10.4619
10.6462
10.0461
10.1766
10.0069
10.1699
10.4952
10.3163
10.3233
10.5440
10.6491
10.5154
10.7636
10.7507
10.5788
10.8803
10.8538
10.8071
10.8145
10.9614
10.6454
10.3405
10.6978
10.5597
10.5026
10.9002
10.6066
10.8388
10.7100
10.3769
10.8174
10.7167
10.7845
11.1199
10.6261
10.6153
10.4528
10.6682
10.4541
10.4359
10.6010
10.6110
10.5631
10.3027
10.4812
10.6528
10.6850
10.5230
10.4590
10.7321
10.4962
10.5620
10.5096
10.6564
10.8359
11.1156
10.9708
11.6611
11.3374
10.9118
10.8971
11.0798
11.0586
10.6672
10.5055
10.4109
10.8207
10.7791
10.6381
11.0327
10.9213
10.7040
10.7578
10.6865
10.7626
10.2109
10.3970
10.6697
10.4362
10.5715
10.5984
10.6514
10.5403
10.4201
10.7996
10.8096
11.0869
10.9852
11.2491
11.2158
10.8389
10.6285
10.8192
10.9792
10.5527
10.4371
10.4325
10.7238
10.8932
10.8592
10.2155
10.6611
10.9836
11.1075
10.9542
10.5813
10.9465
10.5976
10.3696
10.8339
10.2480
10.1553
10.3412
10.2340
9.8427
10.0347
9.9993
9.9862
10.0204
10.2257
10.1208
10.1754
10.3552
10.4815
10.2060
10.3010
10.1172
10.0870
10.3419
10.1135
10.5088
10.7440
10.3315
10.6485
10.5324
10.3888
10.7090
10.7034
10.3994
10.7671
10.3565
10.4288
10.2054
10.3890
10.0513
10.2673
10.2212
10.4161
10.3968
10.4857
11.0200
10.7627
10.6360
10.3035
10.6478
10.2372
10.3674
10.0413
9.8625
9.8160
10.0842
10.1572
10.4862
10.5347
10.5036
10.3038
10.7350
10.3077
10.4645
10.2529
10.6708
10.7378
10.2983
10.8331
11.0760
10.8613
10.2251
10.2491
10.2714
10.3745
10.2679
10.5594
10.2870
10.8089
10.6493
10.7183
10.2665
10.5107
10.3207
10.3933
10.6219
10.4620
10.9091
10.5419
10.8135
10.5768
10.7951
10.5164
10.7610
10.9619
10.8255
10.8949
10.6498
10.7419
10.3616
10.5966
10.5363
10.1593
10.6861
10.5385
10.4422
10.2908
10.3273
10.3173
10.6045
10.4390
10.5523
10.6404
10.8143
10.9029
10.8064
10.7631
10.6684
10.7133
10.8682
10.4880
10.3944
10.6654
10.6724
10.5914
10.5417
10.4379
10.5303
10.5071
10.1971
10.5237
10.4267
10.6517
10.7809
10.3206
10.7014
10.6237
10.2628
11.0075
10.8466
10.7252
10.8785
10.9780
10.6089
10.5157
10.6240
10.5437
10.4875
10.2560
10.2961
10.5623
10.7164
10.6476
10.7220
10.3665
10.5717
10.4412
10.3885
10.3335
10.5485
10.5482
10.5315
10.7026
10.8751
10.6215
10.3645
10.4077
10.3940
10.4876
10.4510
10.6320
10.6545
10.7279
10.7934
10.6449
10.9461
10.5767
10.7892
10.6663
10.8183
10.8115
10.5603
10.5728
10.6040
10.0819
9.9825
9.9203
10.0492
10.1893
10.0972
10.5192
10.4895
10.5106
10.3631
10.4210
10.4922
10.3662
10.6036
10.5182
10.6916
11.1487
10.7306
10.9134
10.7362
10.7699
10.6328
10.7868
10.4239
10.4590
10.0994
10.4291
10.3663
10.3670
10.4037
9.9946
10.4427
10.5059
10.3662
10.9098
10.4171
10.2030
10.2464
10.5794
10.6924
11.1538
10.8850
10.8140
10.8819
10.9452
10.7486
11.3555
11.1141
10.8722
10.6210
10.5971
11.0405
10.8558
10.7825
10.3023
10.1124
10.5177
10.3344
10.6051
10.7576
11.0724
10.6565
10.5854
10.7808
10.9932
11.1543
10.8195
10.3942
10.5396
10.7224
10.4436
10.1768
10.2127
10.6082
10.6900
10.3817
10.5821
10.6766
10.2888
10.2180
10.7299
10.3099
11.0610
10.7036
10.9326
10.7502
10.7037
10.3080
10.3747
10.7123
10.9648
10.7165
10.6337
10.8593
10.6701
10.5684
10.9481
10.7963
10.8164
10.4876
10.5167
10.5412
10.7624
10.5680
10.6810
10.4947
10.9009
11.0786
11.0017
11.2834
11.2470
11.3321
10.9352
11.0073
11.3009
11.4159
11.4730
11.2326
10.8760
10.9742
11.2476
10.8598
10.5619
11.0769
11.0655
10.7605
11.2507
11.0310
10.4864
10.9272
10.9475
10.8713
10.5966
10.6436
10.4522
10.5939
10.6213
10.5206
10.6248
10.6417
11.1044
10.9705
10.7299
10.4596
10.7168
10.4081
10.5332
10.4262
10.9542
10.9626
10.6514
10.2314
10.7602
10.5960
11.3589
10.9385
10.9411
10.7424
11.0401
10.7895
10.5146
10.6307
10.8469
10.6379
10.4207
10.4953
10.6268
11.1506
10.7013
10.7675
10.8082
10.7882
10.6872
10.8159
10.7280
10.7745
11.0423
10.7466
11.2019
10.7299
10.8197
11.0664
10.7406
11.0625
10.9507
11.0731
11.2408
11.2294
11.0640
11.0755
11.1061
10.8506
10.8929
11.0626
11.1680
11.2125
11.1193
10.7510
10.6667
10.9612
10.2399
10.7425
11.1625
10.8446
10.7147
10.7317
10.9887
10.8524
10.8040
10.9429
10.9234
10.5684
10.6347
10.6722
10.7167
10.8142
10.4624
11.0061
10.7854
11.2783
10.9648
11.1400
10.7618
10.7138
10.4316
10.5120
10.0342
10.6500
10.8742
11.2225
11.0730
11.4272
11.2136
11.1305
10.6880
11.3958
11.4699
11.5731
10.7911
10.8725
10.8771
10.8512
10.7433
10.5920
10.4322
10.5181
10.5937
10.8206
10.7860
10.9037
10.8318
10.7392
10.7706
10.7289
10.2892
10.6802
11.0431
10.9138
10.7398
10.7253
10.7117
11.1003
11.1990
10.8136
10.8926
11.0715
11.1949
11.2817
11.0888
11.2388
11.3319
11.5137
11.0985
11.1731
11.6698
11.8576
11.7542
11.5228
11.7465
11.8052
12.0849
12.2305
12.2697
12.8579
12.6371
12.8339
12.4982
12.0318
11.7428
12.3378
12.0296
11.7065
11.7232
11.8463
12.3365
12.0210
11.8570
11.7986
12.2069
12.1854
12.4797
12.7393
12.9553
11.7755
12.4885
12.5660
12.6056
12.5051
12.3309
12.8744
12.0694
11.9012
12.6740
12.3926
12.3176
12.4436
12.5499
12.6843
12.3557
12.3427
11.7619
12.5559
11.9296
11.8693
12.2483
11.9513
12.2645
12.2515
12.4107
11.7130
12.0283
12.1669
11.5891
12.0130
11.6376
11.8954
12.0411
11.8122
12.3832
11.8897
11.5369
11.3492
11.7906
12.0594
11.5938
11.8110
12.1891
11.9591
12.2754
12.0628
12.0825
12.2936
12.1845
12.0062
12.4440
12.2969
12.3683
12.1926
12.1674
12.0142
12.7051
12.3402
12.4398
12.5568
12.6501
12.5314
12.2837
12.4208
12.1820
12.6073
11.8742
11.8484
11.7842
11.5044
11.8172
12.1987
12.4044
12.2833
12.6849
12.4130
11.8081
12.4947
12.1472
12.1351
12.4326
12.8801
12.2346
12.3128
12.6194
12.3290
12.3479
12.4744
12.9484
13.2369
12.7633
12.5380
12.7746
12.3056
12.3600
12.4959
11.7726
11.8245
11.8468
11.9355
12.1859
11.9751
12.1283
12.2132
12.2375
11.9475
11.9259
12.4611
12.0894
12.2524
11.9996
12.0809
11.8435
12.1474
12.2390
12.4168
12.0155
12.0026
12.0698
12.1371
12.0227
12.0055
12.0238
12.4953
12.4277
11.9847
11.9676
12.3885
11.9823
12.2088
12.4464
11.5628
12.2692
12.4352
12.5560
12.5585
12.2951
13.0540
12.2739
12.8240
12.4578
12.5224
12.6106
12.2675
13.1209
12.4012
11.7265
12.3563
12.6919
12.3614
12.2454
12.1058
12.3389
12.3665
11.9256
12.1809
12.2614
12.8696
12.1390
12.3991
12.5001
12.3886
12.3471
12.2778
12.5136
12.7480
12.6033
12.3988
12.6205
12.7632
12.6502
12.3448
12.2011
12.1847
11.9009
11.9714
11.6965
12.2515
12.2981
12.0185
12.1322
12.1811
12.5066
12.3476
12.2912
12.3492
12.0533
12.3499
11.7372
11.6523
11.6508
11.8806
12.0823
11.2566
11.4897
11.4230
11.3464
12.0130
11.6554
11.6809
11.4698
12.1093
12.2356
11.9981
11.6999
11.6926
11.6373
11.9550
12.3203
11.9347
11.5601
12.1981
11.6489
11.6531
11.5340
11.8037
11.3897
11.8370
11.3073
11.5703
11.3519
11.0701
11.2429
11.4191
11.1526
10.8395
11.3645
11.2361
11.5572
11.8680
11.9135
11.6655
12.0567
11.6867
11.4022
11.4950
11.6724
11.6286
12.2722
11.6677
11.9982
12.3223
11.5523
12.8920
12.9587
12.7775
12.5839
12.6153
12.2416
12.3040
12.0524
13.0222
12.5379
11.9985
12.1054
12.1716
12.4124
11.9687
12.2902
12.4161
12.5476
12.5405
12.4727
12.1550
12.2972
12.5041
12.7279
12.3236
12.3898
12.5720
12.2010
12.5909
12.9215
12.8411
12.7066
12.7083
12.8781
12.4540
12.9389
12.1479
11.9751
12.3058
12.2465
12.4744
12.8130
12.8114
12.7870
12.6255
12.7801
13.0058
12.4092
12.3936
12.4325
12.7947
12.2909
12.7627
12.3525
12.4694
12.2218
12.3654
12.7617
12.5232
12.4863
12.5897
12.2629
12.8001
12.7169
12.7026
12.1029
12.8816
12.6542
12.1726
12.4283
12.3275
12.4023
12.4365
12.1435
12.5932
12.3480
12.3337
12.1531
12.5250
12.0871
12.2769
12.5670
12.4248
12.1345
12.2880
11.9778
11.6745
12.3839
12.1140
12.2291
12.1717
12.3450
12.1160
12.2702
12.3274
12.7945
12.2527
12.1125
12.0710
12.4925
12.8774
12.5692
12.5865
12.5296
12.2926
12.0191
11.4767
12.1136
11.7815
12.3774
12.0510
12.1340
12.0950
11.8917
12.3842
12.0454
12.1331
11.9376
12.3572
12.1696
11.7346
11.6554
11.6543
12.0186
12.2044
12.1118
12.4524
12.4769
12.0778
12.2271
12.0792
12.3805
12.2635
12.5246
12.3252
12.3130
12.1716
12.0306
11.8660
12.2888
12.2244
11.9933
12.3364
12.3134
12.8666
12.4121
12.5529
12.4639
11.5802
12.0573
12.4725
12.6284
12.3828
12.9178
12.9429
12.5044
12.7335
12.8079
12.8296
12.7119
12.7787
12.5718
12.3016
12.9101
12.2479
12.5848
12.0279
12.2671
12.4179
12.4935
12.2166
12.0468
12.4928
13.1821
12.6342
13.1445
12.6779
12.5838
12.5415
12.4691
12.7227
13.0930
12.1869
12.4920
12.4337
12.5705
13.0783
13.0998
12.6393
12.7864
13.0435
12.2962
12.6444
12.5240
12.9161
12.7724
12.8314
12.5016
12.5709
12.8303
12.8755
12.4182
13.0308
13.2725
13.0623
12.9720
12.7093
12.8204
12.8177
12.6891
12.6881
12.2319
12.1976
12.6673
12.9375
12.8163
12.5150
12.5343
12.6571
12.1203
12.2744
12.5211
12.5135
12.4818
12.1896
12.2148
12.7369
12.6542
12.5795
12.2238
13.1563
12.9189
13.0133
12.6153
12.6762
13.0981
12.8645
12.7408
12.8662
12.1396
11.8724
12.3121
12.2646
12.3683
12.1800
12.6140
12.6591
11.6973
11.7867
12.2043
11.9008
12.4004
12.2460
11.8435
11.5805
11.8282
11.8710
11.9184
12.3913
12.5828
11.9075
11.3855
12.4006
12.3187
12.1338
12.4318
12.8964
12.5921
12.3001
12.2858
12.4239
12.0096
11.6564
11.7948
11.7396
11.9702
11.6039
12.1689
12.1776
11.8449
11.4195
12.0363
11.6756
12.0849
12.1402
11.8872
12.5125
12.2137
11.6225
11.5884
11.8542
11.7172
12.1989
12.3401
11.9811
12.5017
12.2286
12.1096
12.5971
12.9539
12.9579
12.9853
12.4522
11.8299
12.2517
12.1940
11.9288
12.1543
12.2417
12.1368
12.5238
12.3446
12.4996
12.5329
12.2474
12.2957
12.6068
12.1904
12.2978
12.3001
12.4067
12.5909
11.9138
12.0223
12.1351
12.8115
12.5160
12.1383
12.2436
12.1175
12.1337
12.0085
12.3943
12.9436
12.5711
12.9857
12.7167
13.1510
12.7343
13.0493
12.2012
12.2258
11.6181
11.6615
12.1061
11.9300
12.0847
12.3687
11.7385
12.4632
12.5613
12.3810
12.6093
12.3360
12.5098
13.0233
12.8314
12.5308
12.7055
12.9077
12.9670
12.6214
12.3354
12.6051
12.4383
12.3708
11.7209
11.7965
11.9186
12.5146
12.4697
12.3036
12.3911
12.0928
11.7981
12.6510
12.6735
12.2552
11.8769
12.3988
12.1965
12.1536
11.8524
12.0404
11.9931
12.1607
12.0521
11.8177
11.7574
12.2748
12.1282
12.2432
12.1175
12.1740
12.0891
12.2170
12.4374
11.9253
11.3556
11.6663
11.6936
11.8887
11.5480
11.5593
11.6310
11.7232
12.0986
12.4151
12.2639
11.9530
11.8433
11.8653
11.8056
12.0431
12.2656
12.2873
12.7474
12.5563
12.2385
12.1255
12.6588
12.5887
11.9297
12.1898
12.3339
12.4153
12.6124
12.2747
12.7661
12.6987
12.6151
12.3197
12.3420
12.1931
12.1219
12.1513
11.8226
12.0187
11.8335
11.6856
11.9169
12.0648
11.8839
11.7382
11.9236
11.7767
12.0896
11.9778
11.3563
11.7736
11.8528
11.5604
11.3905
11.6316
12.2453
11.9809
11.9610
12.0485
11.6927
11.5003
11.3046
11.5785
11.4090
11.3028
11.5702
11.8182
11.3045
11.2387
11.3582
11.6796
11.4665
11.5621
11.6262
11.5795
11.3966
11.9487
12.0854
11.7560
11.4134
11.8960
11.3464
11.0770
11.2435
11.8734
11.8487
12.3541
11.7017
11.9912
12.0971
12.0932
12.0891
12.1713
12.1244
11.9207
11.8778
12.7097
12.5454
12.5172
12.0804
12.7022
11.9523
12.2771
12.4060
12.0364
11.9976
12.6192
12.4216
12.8751
12.2583
12.0011
11.6354
11.7689
11.9911
12.2835
12.5078
11.8928
11.7855
12.0573
12.4077
12.1591
12.4575
12.4174
12.0947
12.1375
12.5292
12.6000
12.1767
12.0289
12.3393
12.4076
12.4703
12.4288
12.4613
12.7941
12.6230
12.3967
11.9888
11.9446
12.0678
12.1144
12.4480
12.2103
12.6165
11.9321
12.5177
12.2692
12.1683
12.0353
12.5360
11.6734
12.0314
12.2199
12.5214
12.0842
12.3410
12.4629
12.2910
12.0754
12.7074
12.0024
12.3177
11.9949
12.0796
12.4757
11.8552
11.9984
11.6091
11.8861
12.2945
12.6105
12.4921
12.7499
12.2205
12.2958
12.2188
12.4870
12.2785
12.0506
11.9935
11.9814
12.8887
12.7473
12.5916
12.6237
12.1150
12.3134
12.0259
12.5714
12.0613
11.6931
11.8434
11.2715
11.8907
11.8253
12.0301
11.5585
11.7152
11.9001
12.2817
12.4517
12.2628
12.3305
12.5349
12.3479
12.2727
12.2072
12.2956
11.8941
11.5238
12.3550
11.8300
12.1722
11.8717
11.8992
11.6755
11.4938
11.6934
12.1678
12.3575
12.1776
12.9182
12.7348
12.6592
12.5860
12.5046
12.3627
12.2609
12.0571
11.8596
11.9271
12.0077
11.8272
12.4455
12.4461
12.3533
12.4371
12.3356
12.1312
11.3584
12.0431
11.7775
11.6322
11.8245
11.8780
12.0722
11.9922
12.3394
12.0200
12.3937
12.4827
12.8534
12.3703
11.8454
12.1155
12.5742
11.7400
11.6291
11.8927
11.8503
11.9480
12.1756
12.2853
12.4977
12.1893
12.3749
12.1479
11.7091
12.2483
11.1155
11.3802
12.1403
11.8669
11.9390
12.4653
11.6490
11.9516
12.3344
12.3434
12.4547
12.5130
12.3528
12.5183
12.5473
12.2550
12.2318
11.9798
12.0225
12.3167
12.0164
12.2941
12.6824
12.2390
12.2733
12.4447
12.0508
12.9885
12.7367
12.4838
12.4336
12.7491
12.3810
12.2373
12.2655
12.4519
12.5026
12.7370
12.4509
12.6750
12.9128
13.1746
12.5707
12.8833
12.5953
12.7401
12.8191
12.2333
13.1448
12.7263
12.6351
12.7623
12.6829
12.6731
12.2339
11.9424
12.8600
12.6563
12.1869
12.1982
12.0432
12.2564
12.3106
12.5040
12.4567
12.0247
12.4135
12.5370
12.3942
12.8188
12.6111
12.3255
12.4207
12.3405
13.0788
12.5675
12.8897
12.8523
12.6399
13.2652
12.0057
12.3007
12.9271
12.5719
12.9462
12.5977
13.1335
12.9500
12.9398
12.7757
12.2291
12.4224
12.6375
12.5555
12.3716
12.6353
12.1990
12.1585
12.8172
12.7870
11.8614
12.3886
12.2198
12.5505
12.1098
11.9523
12.4301
12.6508
12.3879
12.2342
12.7689
12.5402
12.5863
12.5978
12.2842
12.2801
13.1501
13.0989
12.7340
12.8893
12.9887
12.4361
12.5656
12.2284
12.0519
11.7978
11.7885
12.1795
11.9267
12.2974
12.3027
11.9169
11.7604
12.0512
12.4485
12.3415
12.2767
11.9766
12.5082
11.9562
12.0524
12.5698
12.4963
12.0709
12.3652
12.4631
12.3430
12.6102
12.2670
12.2486
12.1742
12.3941
12.7551
12.6656
12.4203
12.5264
12.0944
12.2457
11.8603
12.4322
12.4239
12.6260
12.2672
12.3752
12.5524
12.6926
12.2107
12.8634
12.1478
12.1129
12.2561
12.7750
12.9937
12.6696
12.7634
12.8739
12.8278
12.6394
12.8057
12.3857
12.5921
12.4084
12.5651
12.9420
12.3167
12.3885
12.5187
12.6938
12.3021
12.5396
12.2443
12.6688
12.6573
12.6179
12.0894
11.9990
12.2736
12.3957
12.3368
12.8347
12.6850
12.6728
12.2185
12.6232
12.7513
12.5402
12.7664
12.4266
12.4010
12.8703
12.6443
12.7107
12.9875
12.7865
12.4848
12.1878
12.1412
12.3680
12.9050
12.3595
12.7918
12.9698
12.7161
12.6669
12.7939
12.9576
12.6986
12.5518
12.7712
12.7541
12.8473
12.4465
12.3973
12.9070
12.5949
12.3532
12.4276
12.0201
12.5155
12.7297
12.5370
12.4071
13.0786
12.4722
12.7629
12.3384
12.3546
12.5393
12.2799
12.0687
11.9385
12.1760
11.9779
12.8279
12.2725
12.2921
11.9366
12.1779
11.9633
12.0694
11.8344
12.2612
12.5323
12.8350
12.3335
12.1727
12.3982
12.6156
12.4482
12.2437
12.2465
12.0432
12.6820
12.4462
12.3349
12.1268
12.6931
12.3315
12.4179
12.5046
11.8983
11.8781
11.6703
12.0135
12.2598
12.0061
12.4018
12.1290
11.8104
12.1330
11.7866
11.6824
11.7718
11.3817
11.6517
11.4847
11.6665
11.8904
12.5271
12.4600
12.3113
12.2889
12.1637
12.8106
12.7836
12.0045
12.1943
12.3066
12.4518
12.4678
12.4256
12.2305
12.0884
12.4549
12.6672
12.5598
12.8007
12.2619
12.8267
11.9682
12.5278
12.2528
12.3450
12.1376
12.5811
12.8253
12.8314
12.6876
12.7337
12.7848
11.9231
11.9476
12.5673
12.1957
12.5230
12.0844
12.1177
12.1717
11.9383
11.6982
11.4442
11.5942
11.5050
11.8041
11.4870
12.1064
12.3631
12.0990
12.3636
12.2309
11.9960
12.1011
11.9860
12.4618
12.4766
12.2888
12.5818
12.3277
12.3504
11.9436
12.0196
11.6942
11.8732
12.0846
11.7980
11.7212
12.1571
12.3323
12.7320
12.4897
11.9691
11.9052
11.8009
11.9930
12.2000
12.3783
12.2974
12.1695
11.8648
12.0138
12.3164
12.1660
12.0071
12.1137
12.2328
12.4263
12.1528
12.3144
12.1992
12.1422
11.6055
12.0727
11.8791
12.4459
12.4125
12.3085
12.2731
11.8673
11.7321
11.7483
11.6619
11.7360
11.9177
11.6503
11.9948
11.9815
12.2491
12.2065
12.4621
12.7433
12.7899
12.4857
12.5574
12.7105
12.3416
12.3997
12.3082
12.0976
12.5363
12.1577
12.4382
12.2778
12.4236
12.3689
12.4830
12.4610
12.6498
12.6029
12.7423
12.5889
12.7418
12.6493
12.6941
12.5042
12.9286
12.8830
12.7519
12.5986
12.9041
12.6632
12.1187
12.1630
12.7954
12.8845
13.0785
13.0128
12.1013
12.2546
12.2971
12.3687
12.2387
12.5696
12.6938
12.5668
12.3399
12.3814
12.4653
12.0236
12.3485
12.7210
12.5668
12.7331
13.2172
12.5683
12.3041
12.1854
11.8958
12.2371
12.1121
12.4390
12.4582
11.9127
12.0121
11.9710
11.7724
12.1575
12.1835
12.3675
11.8756
11.7492
11.8770
12.1887
12.3281
12.6141
12.4835
12.1679
12.2764
12.6259
12.7624
12.6869
12.4823
12.8030
12.7513
13.1810
12.4841
12.5612
12.6106
12.7585
12.7471
12.1721
12.1440
11.9830
12.5819
12.5597
12.4899
12.4219
12.5951
12.5302
12.4999
12.6509
13.1775
13.0032
12.3394
12.5543
12.1366
12.3953
12.1898
12.8329
12.0532
12.0196
12.7521
12.5786
12.3117
12.6486
12.7376
12.3336
12.7918
12.5773
12.5531
12.5320
13.1000
12.8143
12.9618
13.1492
13.0427
12.9324
12.9954
13.2949
13.2088
13.1089
12.9659
13.0010
12.9405
13.0027
12.6824
12.4848
13.0942
13.2198
12.8741
12.5888
12.5750
12.4018
12.8044
12.3821
12.3881
12.9130
13.1069
13.2120
13.5505
13.2377
13.5231
13.0931
12.8888
12.6785
12.8768
13.3487
12.5476
12.9371
12.3248
12.9880
12.9926
12.4587
12.2898
11.9333
12.3508
12.3969
12.6836
12.3577
12.5145
12.3398
12.4812
12.6290
12.6814
12.2438
12.6860
12.0268
11.7500
12.2495
12.4722
12.4292
12.0736
12.5430
12.4040
12.2196
12.6786
12.8606
12.5262
12.2922
12.1307
12.3878
12.0662
12.1972
12.0227
11.7287
11.8402
11.9877
11.7567
12.1170
12.2131
12.6083
13.2489
12.8236
12.8500
12.5312
12.8321
13.1951
13.2369
12.9186
12.9631
13.1701
13.0573
13.0342
12.6722
12.9111
13.0666
13.0722
12.9061
12.9348
12.4351
13.0237
12.5601
12.6967
12.9469
12.7448
13.1788
12.6694
12.4565
12.7756
12.5546
12.9738
13.1357
12.7434
12.4859
12.6506
12.8208
13.0506
12.7794
13.2957
13.0321
12.6235
12.6872
13.0313
12.5732
12.0704
12.3169
12.3461
12.1090
12.5082
12.4333
12.8519
12.0732
12.3721
12.0708
12.3765
12.4058
12.2239
11.8286
12.5004
12.2221
12.3912
12.1166
12.1478
12.4212
12.5982
12.0642
12.3523
12.3258
12.8340
13.0133
13.0278
12.0676
12.6231
12.4489
12.8189
12.5722
12.2792
12.1332
12.0783
12.3343
12.7392
12.7641
12.0759
12.3694
12.3586
12.3048
12.4015
12.4281
12.3399
12.4774
12.6352
12.4867
12.6145
12.9231
12.6013
12.7849
12.0325
12.5711
11.8315
12.3794
12.2353
12.4227
11.9927
12.2541
12.6258
12.1943
12.0667
12.1292
12.0669
11.9511
12.5530
12.1344
12.1308
12.0900
12.2856
12.1168
11.9176
12.1263
12.0567
11.6887
11.7232
12.0067
12.0309
12.0086
11.8993
12.1860
11.8643
12.0758
11.7017
11.9986
12.2457
11.9182
11.8835
12.3238
12.4242
12.0908
12.3791
11.8017
12.1334
12.1106
12.2756
12.2145
12.2520
12.8678
12.1842
11.8594
11.6244
11.7632
12.0860
12.0748
12.0339
11.9969
11.8352
12.1441
12.2994
12.4239
12.6472
12.8488
12.6354
11.9450
12.3020
11.9923
11.4195
11.9667
11.7408
12.1693
11.9560
12.6054
11.9395
11.8913
12.1473
11.7823
12.1866
12.6216
11.9575
11.7462
12.0692
12.0019
12.6045
12.8455
12.3734
12.6544
12.4707
12.4672
12.7987
12.2210
11.7703
11.7887
11.7418
12.0047
12.0583
12.9639
12.2765
12.2465
12.4596
12.4969
12.1232
12.4540
12.8468
12.7946
12.6943
13.0725
12.6907
12.2708
12.4391
11.9873
12.3005
12.5059
11.7411
12.2177
12.5730
12.6554
12.4831
12.3524
11.9968
11.7773
11.5617
12.0231
12.6625
12.5012
12.2183
12.4493
12.7565
12.6424
12.3282
12.1483
12.5791
12.2819
12.5020
12.5200
12.7573
12.5502
12.4456
12.3916
12.2173
12.0154
11.9708
12.0772
12.2080
12.3297
11.9949
11.8173
11.7742
12.0556
11.8374
11.8123
11.8029
11.8407
11.4055
12.1542
11.5031
11.2589
10.9882
11.3793
11.4421
11.7039
11.3090
11.6187
11.8610
11.9787
11.9519
11.8364
12.0855
12.1382
11.6739
11.6263
10.9975
11.5920
11.0831
11.2976
11.5571
11.6363
11.5283
11.2575
11.2992
11.4245
11.9346
12.0649
12.0295
12.6652
12.0394
12.1192
12.4284
11.9241
12.1613
12.8920
12.1647
12.5563
12.3746
12.2243
12.2031
12.1900
12.7659
12.1799
12.2125
12.0302
12.5691
12.0580
12.4902
12.4847
12.3384
12.4539
12.9060
12.6285
12.6241
12.4802
12.1604
12.0354
12.4152
12.4718
11.8316
11.7596
11.8107
11.6071
12.4024
12.1298
12.5765
11.8870
12.1672
12.2051
12.7250
12.1116
12.3494
12.4659
12.3297
12.1733
12.3161
12.1948
12.0665
12.2740
12.4566
12.9732
12.3141
12.3581
12.6172
12.1550
12.1470
12.5049
12.2236
12.0073
11.8843
11.9396
11.9950
11.9655
11.9611
11.6965
11.8471
11.6709
11.6389
11.8800
11.8063
11.8439
12.2219
12.1050
11.9312
12.8727
12.4277
12.3976
12.4166
12.8156
12.0925
12.4066
12.6572
12.8043
12.5763
12.0973
11.6927
11.7633
12.2538
12.2160
11.8544
11.9840
11.9868
12.1468
11.9806
11.8764
11.6954
11.7278
12.0336
12.0840
12.2478
12.0123
11.8734
12.2807
11.4737
11.4513
11.5488
11.6229
11.7583
12.3182
11.7182
11.5506
11.4263
11.4147
11.2481
11.8382
11.7193
12.2276
11.7196
11.8023
12.0513
11.6400
11.5672
11.3772
11.6148
11.5778
11.7479
12.5760
12.1591
11.8524
12.3828
11.9726
11.6468
11.8385
11.3153
11.8801
11.9474
11.5301
11.8449
11.7298
11.7416
11.9141
11.7260
11.6632
11.7373
11.7479
12.0448
11.8764
12.1407
12.5869
12.7936
12.6537
11.8528
12.0516
12.1378
12.0293
12.0744
12.1369
12.0701
12.0118
12.0978
11.5942
11.7682
11.8157
12.2898
12.2396
12.0740
12.1469
12.0156
11.7574
11.9125
11.7490
11.8221
12.4377
12.0029
12.6986
12.4617
12.6227
12.5902
12.8518
12.6853
12.6005
12.4521
12.5446
12.8602
12.3281
12.1775
12.2839
12.2150
12.8194
13.1642
12.6898
12.8369
12.9699
12.8784
12.8806
12.2435
12.4291
12.4902
12.5023
12.7726
12.7062
12.5322
12.1376
12.1562
12.2041
12.4661
12.6478
12.5724
12.7982
12.5558
12.4931
12.4920
12.5400
12.4285
12.3524
12.1627
12.5170
13.1640
13.3074
12.7777
13.0789
12.9305
12.7861
12.8271
13.2530
12.2737
12.1747
12.3638
12.1761
12.4005
12.5919
11.7568
12.3221
12.5514
13.1069
12.8232
12.6903
12.7183
12.6535
12.6259
12.7356
12.9301
12.7438
12.6892
12.9204
13.2444
12.9044
12.4133
12.2892
12.4164
12.8359
12.9388
13.0396
12.8707
13.4193
12.3343
12.7634
13.0154
12.1193
12.7800
12.8089
13.0608
12.4244
12.7007
12.7655
12.5418
12.3279
12.6953
12.7836
12.8686
13.0614
13.0874
12.8734
12.8280
12.4012
12.6095
12.2965
12.6079
13.1735
13.1407
12.7965
12.2118
12.8534
12.4519
12.1536
11.8911
12.0693
11.9352
12.3389
12.3626
12.7736
12.4905
13.0384
12.9153
12.8113
12.2782
12.0199
12.2917
12.5127
12.4159
12.6169
12.6318
12.3963
12.2842
12.3602
12.8861
12.9280
12.4550
12.1076
12.4855
12.5130
12.2282
12.8664
12.1458
12.7760
12.5500
12.4238
11.9794
11.9513
12.4683
12.4525
11.8659
11.9034
11.9224
12.0841
12.0024
12.5832
12.7274
12.3075
12.6817
12.4134
11.9985
11.9236
11.6844
11.9413
11.8816
12.0556
12.3469
12.3468
11.9885
12.3026
12.2062
12.0669
12.2907
12.6498
12.4424
12.4266
12.4623
12.4117
12.5386
12.5250
12.1805
12.9423
12.6480
12.8197
12.7440
13.1685
12.5110
12.8957
12.8632
13.2494
13.7887
13.4194
13.1417
12.8444
12.5183
12.6178
12.0235
11.7702
12.3153
12.0290
12.1613
12.3645
12.1309
12.6142
12.6084
12.2727
12.7807
12.4716
12.1146
12.4140
12.9101
12.7418
12.5708
12.6060
12.8804
12.2039
12.2310
12.9078
12.9815
12.8310
12.6443
12.9288
13.2157
13.3254
13.8871
13.6147
12.9579
13.0071
13.5083
13.1780
12.9817
12.9590
12.9546
12.9651
13.3006
13.2787
13.6829
13.9969
13.4967
12.8791
12.8152
13.1675
13.1843
12.7995
12.4895
12.7965
12.4265
12.3883
12.2910
12.8166
12.5068
13.2107
13.1864
12.7822
12.7942
13.0624
12.9557
12.8052
13.0164
13.1785
13.2075
12.4040
12.3202
12.6357
13.0321
12.9821
12.9022
13.1202
13.3135
12.9424
12.8527
12.6232
12.8708
12.9745
12.8485
13.1373
12.8931
12.8226
12.6701
13.1834
12.7098
13.2833
13.2731
13.3263
12.9495
13.1660
12.5015
12.7344
12.8249
12.3403
12.8744
13.3370
13.3072
12.6885
13.2033
12.9963
12.6348
12.6726
13.0043
12.3012
12.4664
12.6066
12.6621
12.0462
12.6395
13.2371
12.9605
12.2129
12.5132
12.8141
12.8259
12.6329
12.3977
12.6942
13.0174
13.2254
12.5709
12.6983
12.3903
12.2520
12.5297
12.2098
12.5278
12.6988
12.4074
12.6590
12.0372
12.4266
12.5483
12.3582
12.2118
12.5153
11.9829
12.6461
12.6085
12.7736
12.5058
12.1237
12.3540
12.1183
12.1227
11.9513
12.0344
11.9855
12.0038
12.1724
12.2546
12.4667
11.9115
12.5850
12.3171
12.7726
12.7169
12.6598
12.2320
12.6433
12.7616
13.5485
12.9540
13.5419
12.9430
12.5001
12.2763
12.6180
12.1912
12.3255
12.2240
12.2125
12.6975
12.7791
12.6416
12.7495
13.2127
12.6829
13.3135
12.9234
12.7426
12.5081
12.3071
12.3404
12.5610
12.4888
12.4827
12.4070
12.5292
12.5270
12.8008
12.5526
12.9992
12.6357
12.5759
12.4909
12.2082
12.3707
12.4516
12.2108
11.3921
12.1074
11.7033
12.2245
11.8964
12.2047
12.0205
12.4277
12.1941
12.2630
12.4605
12.6249
12.2154
12.1797
12.0706
12.2621
12.2144
12.5302
12.4727
12.5247
12.4771
12.6036
12.1518
12.3427
12.0791
11.8893
11.8756
12.0283
12.8283
12.1332
13.2201
12.7581
12.5301
12.3846
12.1653
12.5354
12.2984
12.1410
12.1734
12.2214
11.9697
12.9196
12.5623
12.4246
12.1907
12.0147
12.6297
12.6535
12.4831
12.5290
12.0942
12.0227
12.1062
12.4596
11.9559
12.0253
11.9562
11.5196
11.8397
11.7543
12.1937
12.6813
12.1751
12.1867
12.0758
12.1053
11.9599
12.1323
11.9354
12.0116
12.2583
12.4418
12.5539
12.3975
12.3416
12.5830
11.7668
11.9316
12.5955
12.3171
12.9683
12.7199
12.8151
12.7182
13.1339
12.4771
13.1797
13.2082
12.7642
12.8083
12.3628
13.1920
12.5111
12.6715
12.3220
12.0177
12.2528
12.2623
12.0687
12.2383
12.0369
11.6805
11.6608
12.2784
11.8996
11.9461
12.4635
12.5854
12.5508
12.0450
12.3675
11.7831
12.3381
11.9199
12.0548
12.1094
12.2087
12.3041
11.9301
11.9130
11.8841
11.3249
11.5170
11.6927
11.8123
11.5454
11.7837
11.9744
11.8153
11.8091
11.6634
11.6912
11.6305
12.3859
12.6823
12.3396
12.3267
11.9212
11.5748
11.7740
11.8528
11.6879
11.9156
12.2486
12.0297
11.4736
11.4550
11.8880
11.0949
11.3868
11.2073
11.4527
12.1010
11.6259
11.5278
11.4413
11.5222
11.8485
11.8910
11.6996
11.5283
12.1653
11.3797
11.6558
11.9394
11.8154
11.8470
12.0749
12.1114
11.6751
11.9164
11.7097
11.9698
12.3027
12.3882
12.5082
11.9552
12.3192
11.6907
12.5793
12.3837
12.1995
12.5297
11.9864
11.7716
11.8169
11.6699
11.5396
11.8341
11.6015
11.8176
11.9278
11.6333
11.5126
11.5456
11.5677
11.3585
11.2598
11.4996
11.8341
12.1514
11.8888
12.2293
12.2759
12.1310
11.6937
11.6973
11.5768
11.7414
11.9477
11.8937
11.3995
11.3083
11.4548
11.5891
12.0083
12.0217
11.4680
11.6980
12.0404
12.0441
12.3511
11.8621
11.9024
11.7054
12.0606
12.2795
11.7764
11.8158
11.8425
12.0766
11.5953
11.9441
11.8474
11.5806
11.8951
11.6708
11.4810
11.7885
11.9583
11.9760
12.3342
12.8409
12.3904
12.0327
12.3654
12.4856
11.7728
11.9541
12.1255
11.6397
11.7826
11.8844
11.7562
12.0226
12.1431
12.1367
11.9492
11.7278
11.8298
11.9787
11.8756
11.7933
11.2789
11.6303
11.7105
11.7005
12.3948
12.0349
12.0792
12.2118
12.4442
11.9251
11.9273
11.8664
12.0569
12.2866
11.7913
12.0649
11.9708
12.1200
12.1708
11.8138
11.8765
11.7082
11.5696
11.9363
11.3377
11.2576
11.2206
11.5568
11.7593
11.5142
11.4046
11.6010
11.5818
11.3747
11.3351
11.9545
11.5543
11.4829
11.2431
11.6380
11.6188
11.8226
12.0202
11.9064
11.7657
11.6259
11.2908
11.6721
11.7094
11.8691
11.9186
12.0145
12.1299
12.1303
12.6950
12.4679
12.0394
12.2873
12.0595
11.6377
12.2155
12.4998
11.9911
11.8894
12.1967
12.0657
12.5686
12.4113
12.5513
12.3456
12.5444
12.6750
12.6982
13.1340
12.8865
12.4517
11.4862
12.2166
12.1661
11.9785
11.9466
12.1670
11.8585
11.9338
12.3421
12.4314
12.0773
12.1064
11.6831
11.5511
11.8356
12.2205
12.5796
12.2378
11.7330
11.9283
11.7787
11.8515
11.8337
11.4560
12.4216
12.2511
12.1087
11.8049
12.1475
11.9243
12.1177
11.9349
12.2692
12.2417
12.6679
12.5312
12.0246
11.7669
12.0450
12.0801
12.2748
11.9663
11.9202
12.2888
12.1991
11.8711
12.0676
11.8859
12.2956
12.3740
12.0545
12.2429
12.2604
12.5093
12.2429
12.0732
11.9376
12.1731
12.2237
12.1547
12.4392
12.5779
12.5838
12.7475
12.5437
12.0949
12.1809
12.3190
12.0044
12.2800
12.2445
12.3117
12.3769
12.4699
12.0723
12.2931
11.9215
12.0105
11.7027
11.6387
12.1260
11.8343
11.6450
11.4993
12.2378
12.1608
12.1345
12.1991
12.6092
12.5190
12.2150
12.2123
12.3666
12.3380
12.2866
12.2970
12.4954
12.2200
12.0537
12.4720
12.4320
12.7587
12.8589
12.5817
12.3642
12.3892
12.1740
12.3317
12.2897
12.4942
12.1624
12.4549
12.5702
12.4128
12.6092
12.7470
12.5357
12.2682
12.2503
11.9909
11.7182
11.7074
11.6797
11.9958
12.5354
12.3158
12.0253
11.9920
12.3218
11.6243
11.8527
12.3169
12.1971
12.1464
11.9774
12.3711
12.2372
12.1165
12.3197
11.7011
11.9870
11.9217
12.4857
12.2651
12.1599
11.7273
12.2346
12.3289
11.9238
11.9140
12.2945
12.5458
12.1052
12.0587
12.5501
12.4313
12.7639
11.9813
12.2816
12.3921
12.1407
12.7116
12.4043
12.2765
12.9415
12.3291
12.5168
12.2581
12.3781
12.3184
12.3866
12.2660
11.9286
12.3922
12.7068
11.8640
12.0821
12.4904
12.1467
12.3402
12.4061
12.8052
12.8175
12.5509
12.1273
12.7281
11.9955
12.4233
12.5144
12.4962
12.4923
12.4865
12.5404
12.3282
12.3616
12.4171
12.2630
12.1753
12.4317
12.1509
11.6884
12.3619
12.1174
12.2047
12.0388
11.8120
12.2927
11.6704
11.7253
11.9768
12.1399
11.8670
12.3519
12.9150
12.4305
12.6669
12.4811
12.5844
12.5287
12.4014
12.4729
12.7759
12.4846
12.7383
12.6286
12.6762
12.6234
12.7689
12.7138
12.7872
12.9055
12.7794
12.5715
12.0152
12.7634
13.2761
12.6654
12.3455
12.2864
12.3619
12.5791
13.1027
12.4931
12.6327
12.7522
12.8194
12.9014
12.8703
13.3999
12.7724
12.4151
13.2044
12.5247
12.2288
13.0488
12.9436
12.9142
12.5820
12.1480
12.5094
12.5043
12.0198
12.4830
12.7565
12.5014
12.4973
12.7399
12.4492
12.9467
13.0074
12.9798
12.4518
12.4575
12.5538
12.7011
12.5302
12.3201
12.2218
12.3850
12.4179
12.0953
11.7384
12.1729
12.4332
12.6735
12.4307
12.5058
11.9678
11.8867
11.9760
12.1903
12.3610
11.6192
12.3830
12.2708
12.3325
12.1450
12.4168
12.7558
12.0850
12.7590
12.5640
12.3525
12.5761
12.6298
12.5951
11.9420
12.3602
12.8312
12.4104
11.8658
12.5186
12.7989
12.5742
12.5324
12.1432
12.1668
12.4136
12.3754
12.0911
12.3494
11.9820
12.5453
12.5357
12.5892
12.7731
12.6262
12.4165
12.1730
11.9482
11.9207
12.1347
12.1891
12.5480
12.4268
12.3841
12.6628
12.6015
12.7542
12.5530
12.6463
12.5132
12.7386
13.3297
13.0115
12.7074
12.5392
12.1929
12.5396
12.7957
12.5274
12.3656
12.9648
12.8313
12.4924
12.6493
12.1816
12.9538
12.5883
12.4437
12.5878
12.8294
12.7741
12.6293
12.6199
12.5008
12.2563
12.2568
12.2776
12.7456
12.7677
12.8908
12.7154
12.2418
12.4746
12.2141
12.5960
12.6683
12.8596
13.1252
13.3159
13.1671
12.8252
12.6593
12.8742
12.9599
13.2065
13.2924
12.7312
12.8196
13.0576
13.1746
12.6297
12.4568
12.8486
13.1019
12.7770
12.2009
13.4071
12.7793
12.8907
13.4189
12.7808
13.3004
12.8951
12.9882
12.8198
12.9933
12.8083
12.3575
12.5071
12.0008
12.5356
12.7949
12.6310
12.8628
12.4707
13.2267
13.1036
12.6092
12.5528
12.2513
12.6083
12.4421
13.0588
12.1558
12.7703
13.2406
12.9339
12.8331
13.1463
12.3680
12.8951
12.8463
12.5133
12.9028
13.0704
13.0670
13.0691
12.4059
12.7354
12.3867
12.2587
12.4970
12.7634
12.8422
12.5942
12.3499
12.4113
12.8037
12.9881
12.7691
12.6835
12.7702
12.2050
11.8949
12.1407
12.5232
12.3762
12.8236
12.7406
12.3171
12.7533
12.7185
12.0656
12.6703
12.3991
12.2267
12.7464
12.0947
13.1706
12.7589
12.7717
12.5800
12.5923
12.5116
12.6592
12.8415
12.7159
12.7027
12.3094
12.9344
12.8634
12.7126
12.8496
12.8566
13.0268
12.7233
12.9761
12.9996
12.8130
12.8339
12.7241
12.6011
12.8307
11.9136
12.4674
12.7936
13.0421
12.8299
12.8222
12.6570
12.5901
12.8251
13.2635
12.7508
12.4001
12.5147
12.6813
12.5831
12.3334
12.1929
12.1819
12.2861
12.8083
12.3984
12.7215
12.1943
12.3514
12.3990
13.1214
13.2263
12.8221
13.6280
12.7091
12.2755
12.3554
12.0583
12.4878
12.3689
12.1683
11.9433
12.1749
11.8055
12.0379
12.2723
12.0804
12.2808
12.9489
12.5239
12.4636
12.5152
12.5507
12.5897
12.3601
12.4524
13.0391
12.5210
12.9902
13.0592
12.6956
12.5523
12.7518
12.6197
12.5208
12.4170
12.6087
12.7534
12.6436
12.3806
12.2107
12.7531
12.5344
12.5807
12.7648
12.4451
12.5645
12.9221
12.2213
12.1645
13.1844
12.8632
12.7316
13.0712
12.1343
12.3291
12.6183
12.3858
12.4652
12.4106
12.7646
12.2771
12.5727
12.7580
12.4922
11.7525
12.0274
12.2717
11.7570
11.8496
12.0325
12.1086
12.4769
11.8872
11.9567
12.1900
12.0778
12.0297
12.2638
13.0495
12.6414
12.4165
12.4828
12.3336
12.3415
12.5586
12.3523
12.7393
12.9762
12.3606
12.4463
12.4267
12.7529
12.4121
12.1640
12.3531
12.4644
12.7321
13.1121
12.8383
12.8830
12.2748
12.5795
13.0930
12.8486
13.0328
13.1365
12.8774
13.3266
12.8246
13.3439
12.6240
12.5925
12.2738
12.3684
12.3854
12.7072
12.4999
12.5980
12.3488
12.9666
12.5461
12.5583
12.5153
13.0796
12.7753
13.5467
13.0529
12.9641
12.2719
12.5504
12.3697
12.9327
12.7809
12.8346
12.6883
13.0185
13.0752
13.1456
12.8595
12.8535
13.4445
12.4391
12.2898
12.8648
12.1120
11.7039
11.9296
12.2966
12.8941
12.4190
12.8231
13.0294
12.2415
12.8428
12.8040
12.4770
12.1655
12.6664
13.2129
12.8131
12.2394
13.1368
13.6715
13.2027
12.7279
12.8964
12.5002
13.2839
12.3319
12.4518
12.1305
12.8056
12.9785
12.8246
13.1701
13.0263
13.1818
12.6620
12.8798
12.8491
12.6015
13.1016
13.3256
13.0861
12.8175
12.5933
12.2169
11.9817
12.4364
12.7750
12.8387
13.1205
13.1059
13.2204
12.5556
13.6517
13.6031
13.2895
13.0912
12.8186
12.4849
12.9149
12.2161
12.9524
12.8545
12.9625
12.4162
13.0572
12.7837
12.8128
13.2929
12.9664
12.8204
12.7178
12.3551
12.6980
13.0237
12.8335
12.3824
12.8937
12.9588
12.7633
12.9069
13.1595
13.6063
12.8525
12.9443
12.7100
12.5937
13.1017
13.1990
12.6644
12.8044
13.5635
12.7096
12.8976
13.2292
13.1178
13.5031
13.0925
13.0519
12.6186
12.3511
12.1140
12.4171
12.6028
12.0442
12.7996
12.3238
12.2973
12.5205
12.0048
12.0642
12.1631
12.6464
13.2011
13.3574
12.9480
12.5781
13.1242
13.1422
12.6752
13.1874
13.7445
13.0440
12.9630
12.7170
12.9422
12.4824
13.2709
13.7882
13.1550
12.8158
13.2782
13.3472
13.0694
13.0885
13.0832
13.4170
13.1978
13.6013
13.0747
12.7835
13.0471
13.6609
12.7955
12.3930
12.7148
12.5066
13.0481
12.3228
12.7635
13.1469
12.8580
12.3171
12.7862
12.5132
12.6427
12.3188
12.4365
12.1966
12.6962
12.8405
12.9663
12.3021
12.4437
12.4849
12.6062
12.7008
12.5551
12.9403
13.0799
12.7812
12.8558
12.9420
12.7117
12.6547
13.0034
12.8577
12.7913
12.8320
12.7355
12.4688
12.6064
12.7653
12.6712
12.9484
12.7648
13.0862
12.7246
12.9748
13.2842
12.7498
13.3656
12.9716
13.0170
12.7181
12.8611
12.5817
12.0892
12.5445
13.0355
12.9137
12.3636
12.7687
13.0152
13.2979
12.8694
13.1974
13.0279
12.7146
12.5189
12.9275
13.2381
13.2925
13.2047
13.1473
12.3855
12.7391
13.0845
13.3094
13.1446
13.2547
12.9819
12.8373
12.6348
12.5360
12.4555
12.8302
12.7405
12.6997
12.4553
12.3612
12.5562
12.8320
13.1114
12.8452
12.7088
12.8695
12.8205
12.7269
12.4348
12.6376
12.5802
12.4268
12.4352
12.6402
12.6084
12.1841
11.8698
12.4302
12.6288
12.5309
12.9175
12.7256
12.8926
12.4603
12.2013
12.2226
12.5008
12.1820
12.4131
12.6090
12.4150
12.4928
12.3436
12.8626
11.9652
12.4488
12.9205
12.9648
13.0182
12.5459
13.4764
13.3113
12.8686
12.8742
13.1709
13.0906
12.8844
13.0089
12.6957
13.1899
13.3278
13.1357
13.6694
13.3158
13.6956
13.9420
13.8836
13.2527
13.2109
13.1987
13.2220
13.5512
13.6896
13.8735
13.4732
13.2025
13.0803
13.3161
13.2808
12.8240
13.0419
13.3032
13.3650
13.3338
13.7639
13.3309
13.3035
13.8332
13.1492
13.6559
14.8056
13.8540
13.1521
13.7901
13.3099
13.6556
13.9930
13.1504
13.4754
13.7414
13.3869
13.0915
13.4353
13.4257
13.3490
13.5457
13.4204
13.2769
13.2104
13.6376
13.6640
13.9440
14.0292
13.9504
12.9567
13.4063
13.7729
13.4080
13.1205
13.5152
12.6231
12.7386
12.3487
12.3964
12.9080
12.6141
13.1045
12.9645
12.4358
12.3326
13.0334
13.1584
12.4206
12.3231
12.3055
12.9229
13.2637
12.7199
12.6005
13.0626
12.9403
12.2846
12.4468
12.5234
12.8846
12.4333
12.7165
13.0559
13.2302
13.1574
13.3045
12.5517
12.5385
13.1977
13.1795
12.6095
12.4519
13.1725
13.1622
12.8894
12.9090
12.2332
12.5043
12.8267
13.3091
12.5198
12.7115
12.7985
13.3581
12.8535
13.5026
13.0894
12.8209
13.0996
13.1869
13.0670
13.2442
12.5935
12.5684
13.0356
13.2987
13.2922
13.1797
12.9343
13.2304
12.9098
13.6149
13.5112
13.7591
13.8142
13.5609
13.6446
13.7584
13.7245
13.7987
13.8925
13.8345
13.4959
13.1920
13.6906
13.6033
13.3414
13.3182
12.9373
13.1841
13.4325
12.6870
13.0736
13.0537
13.3196
13.1253
13.2872
13.8619
13.6526
13.4535
13.0238
13.2669
13.0655
13.2886
13.2701
13.2429
13.4013
13.1414
12.8840
12.7406
12.3131
13.0137
12.1460
12.0604
12.1845
12.7049
12.5684
12.9013
12.7299
12.8198
12.3108
12.6961
11.8045
12.5683
12.6138
12.7026
12.6696
12.8389
13.4869
12.8618
12.4582
12.2847
12.5535
12.7767
11.9938
12.1958
11.9514
12.3823
12.6727
12.4594
12.7657
12.1249
12.7923
12.9456
12.9495
13.6271
13.3753
13.0706
12.7969
13.0551
13.0472
12.8954
12.6409
12.3763
12.7641
12.3480
13.0853
13.1987
13.1366
13.4132
13.5004
13.0223
12.8777
13.0120
12.8269
12.7119
13.2051
13.3778
13.1566
13.4375
12.8811
12.0129
13.6142
12.5251
12.7700
12.6025
12.4834
12.7242
12.0683
12.7508
13.0699
12.0750
12.1074
12.1924
12.8861
12.6137
13.5135
13.2572
12.7312
12.0839
12.2323
12.4040
11.9769
12.0397
12.2384
12.3409
12.0766
12.8440
13.0332
12.4587
11.6316
11.9022
12.1629
12.1836
12.2503
12.1602
11.6435
12.0103
12.0174
11.8378
12.0858
12.4059
12.4506
11.9028
12.4964
12.0062
12.5584
12.1863
12.0710
11.9582
11.9245
11.6875
11.2824
12.1770
12.0923
12.3944
11.5783
12.5493
13.2054
12.5222
12.6817
12.9193
12.8518
12.4363
12.2044
12.0387
12.2665
12.4595
12.2310
12.1917
11.9087
12.1056
11.9821
11.7327
12.2963
12.1149
12.2385
12.5659
12.8066
12.7537
12.6586
13.0031
13.3575
13.5108
13.9401
13.5547
13.2375
12.3707
12.4803
12.9603
13.1748
12.7473
12.7508
13.0676
12.9358
13.1975
12.5022
12.3372
12.7286
12.6845
12.3527
12.2451
12.5886
12.7007
13.3805
13.1657
12.5667
12.9067
13.1066
13.4467
12.5676
13.5143
12.9329
13.3816
13.1398
13.0059
12.6938
13.9583
13.0125
12.6674
12.9888
12.2376
12.4217
12.6810
11.9828
12.2388
12.3023
12.4241
13.0622
12.8440
12.7867
12.4900
12.4104
12.3241
12.8810
12.4363
12.7167
12.4776
12.3479
12.5290
11.9091
12.0216
12.4850
12.5322
11.8521
12.3262
12.5849
12.6565
12.0831
11.9774
12.2389
12.5726
13.0455
12.7445
13.1124
12.4710
12.7815
12.9337
13.2813
13.5880
12.9439
13.1071
12.7925
13.2382
12.9385
12.6764
12.2347
12.6743
12.0627
12.4782
12.4287
11.8856
12.3470
12.7105
12.1589
12.4239
12.0548
11.7136
11.9211
11.6524
12.1399
12.2811
12.3473
12.2369
11.5777
12.3851
12.7152
11.9787
12.0020
12.3485
12.0878
12.8376
12.7521
12.8128
12.4187
11.9095
12.1388
13.1204
12.8022
12.5224
12.2243
11.8798
12.4506
12.0523
12.4574
12.7098
13.2058
13.1628
13.0055
12.9819
13.3467
13.1176
13.0629
13.0218
12.3538
12.6873
12.8517
13.1446
13.0620
12.7627
12.5898
12.4189
12.8074
12.5307
11.8762
11.8427
12.1629
12.2368
12.4321
12.9745
12.3986
12.6548
12.8131
13.3629
13.2338
13.6544
12.7226
12.6033
12.6458
12.6108
12.8390
12.2003
12.7036
13.0038
13.0623
12.8592
13.2477
12.8447
12.5515
13.1036
12.5269
11.9782
12.3008
11.9490
11.6296
11.9945
11.7535
12.1396
11.8612
12.2444
12.1063
11.9347
12.2708
12.1191
12.3075
12.8834
12.5456
12.3272
11.8310
12.9753
12.6206
12.6789
12.7682
13.1704
12.5275
13.2820
12.6247
12.3439
12.1867
12.3156
12.1795
12.5956
12.0557
11.7994
12.1127
12.4109
12.1266
12.8933
12.8143
11.9059
12.5720
12.1694
12.4059
12.4092
11.9474
12.0925
12.4856
11.9678
12.4000
11.8798
12.8060
12.2964
12.4783
12.1875
12.6095
12.1607
11.4668
11.7370
11.7394
12.2797
11.8689
12.5010
12.5639
11.9603
11.5919
11.8110
11.8348
11.8252
12.0002
11.8696
11.3630
11.8168
11.2673
11.6611
11.7747
12.2985
12.2991
12.4525
12.4734
12.1108
12.0769
11.7996
12.6212
11.5553
11.9106
12.6983
12.3225
12.8442
12.5001
12.3477
11.8959
12.6829
12.0480
12.3336
12.4827
12.1285
12.3928
12.4936
11.9007
12.0871
12.2856
11.9620
11.7254
12.1255
12.2480
12.5324
11.8591
12.0141
11.8627
11.7131
11.8184
12.2500
11.7143
11.2794
11.6666
11.7355
11.6857
11.9924
12.3553
11.6906
12.8016
12.6503
12.4000
12.3416
11.9042
11.9383
11.9995
12.2107
12.2606
12.3445
12.2367
11.6709
11.5992
11.7324
12.0150
12.1297
12.5733
11.9410
12.6134
12.0653
12.8570
12.5831
12.3259
12.6853
12.3691
11.9613
11.6011
11.9977
11.8593
11.9127
11.7773
12.3409
11.9787
11.4035
11.7963
11.5336
11.9122
11.9972
12.2663
11.9936
12.1541
11.6945
12.3540
11.3252
11.8815
11.2457
11.4963
11.7746
11.8978
12.3572
12.1182
12.1585
12.3846
12.0107
11.8622
11.7845
11.5430
11.6313
12.0141
11.7722
11.2267
11.6425
11.9103
11.6662
11.9200
11.5134
11.8647
11.9731
12.1668
11.6699
12.1335
12.0873
11.5918
11.5742
11.5541
12.5184
12.7345
12.4566
12.5688
12.2816
12.4051
11.9173
12.2152
12.4337
12.3249
12.6289
12.3117
12.2831
12.4492
12.0865
12.2590
12.3050
12.1911
11.8235
11.7715
11.9792
12.0011
12.2906
12.7079
13.0590
12.2036
12.1980
12.8267
12.2439
12.1516
11.9899
12.1894
11.7909
12.1786
12.0231
11.7443
11.8648
11.5841
11.3551
10.9749
11.1859
11.5292
12.0134
11.7147
11.9886
11.5432
11.6010
11.7030
11.8066
11.6495
11.6759
11.6144
11.9750
11.4282
12.2233
12.2968
12.0144
11.5588
11.8263
11.8502
11.6268
12.2477
12.0263
12.0385
12.1826
11.9088
11.9766
12.2247
11.7377
12.0927
11.1754
11.1956
11.2418
11.4136
11.2210
11.1151
11.4846
11.5974
11.5567
11.4090
11.7614
11.3153
11.5518
11.6742
11.7621
11.9555
11.9151
11.6063
12.2072
12.3941
11.5854
12.1539
11.5905
11.7399
12.3180
11.8106
11.9005
12.0081
11.9294
11.9899
11.8041
12.0232
11.3879
11.7322
11.8590
12.3009
12.0455
12.6457
12.3484
11.4126
11.6468
11.8346
12.1232
12.2156
11.7799
11.7078
11.9186
11.8416
12.2280
11.9001
12.0916
12.3305
12.5398
12.3968
12.3124
12.3468
11.9933
11.7427
12.1851
12.2600
12.1303
12.5011
12.3661
11.8094
11.6188
12.2136
12.2782
12.2076
11.9811
12.0946
12.0745
12.4055
12.4243
12.1854
11.7369
11.7973
11.7550
11.3093
11.7801
11.8201
11.7327
11.8492
11.8074
11.9320
11.5588
11.6998
11.9436
12.4315
12.2990
12.0770
11.6374
12.7760
11.9744
11.7859
12.2493
12.0689
12.0999
11.7579
11.7283
12.6166
11.9456
12.2757
12.1008
12.0011
11.6904
12.4939
13.2251
12.6923
11.6863
12.6414
12.3536
12.1725
12.7769
12.2321
12.1609
12.3894
12.8348
11.8026
12.2560
12.7891
12.2165
11.7586
12.5741
12.3852
12.3511
11.9787
12.2434
12.1940
12.1089
12.2227
12.4406
12.0539
11.9609
12.1179
12.4306
11.5345
12.0533
11.7730
12.0861
12.6678
12.4089
12.4532
12.4614
12.6736
12.3534
12.6897
12.7141
12.1848
12.0080
12.1771
12.0755
12.6235
12.9847
12.9703
11.8792
12.9462
13.0865
12.4065
11.8519
12.5767
12.7391
12.1095
11.8561
12.5546
12.3010
12.6598
12.7437
12.5659
12.3106
12.9816
12.4736
12.4289
12.4679
12.2861
11.8745
11.9544
12.3054
11.8087
11.7199
12.7754
12.7346
12.5713
12.5230
12.7800
13.0044
12.3184
12.8248
12.5576
12.7799
12.4558
12.4466
11.7799
12.4275
12.0423
13.4220
12.3042
12.0163
11.9351
12.7326
12.1525
12.6049
12.8753
12.0928
12.1596
12.2459
12.1290
12.0543
12.6993
11.8918
12.5931
12.6990
12.6674
12.7289
12.8963
12.8988
12.9088
12.7399
12.5293
11.9566
12.0253
12.1738
12.5236
12.6682
12.6615
12.6540
12.6237
12.4792
11.9890
12.4179
12.1131
12.7278
12.3896
12.5798
12.5533
12.5970
12.7184
12.9136
12.8186
12.7805
12.5570
12.2115
12.4316
12.4483
12.6577
12.4215
13.0543
12.5794
12.7158
12.8768
12.8882
12.7471
12.8117
13.1170
13.0334
12.9982
12.6379
12.9588
12.7206
12.9733
12.7767
13.0312
13.0915
13.0369
13.1015
13.1324
13.0262
12.7678
12.4197
12.4562
12.2639
12.8065
13.0023
12.8163
12.1942
12.2562
12.6238
12.7919
12.4420
12.6853
12.2400
12.3020
12.0293
11.6501
12.2032
11.5720
12.3828
11.7387
12.2949
12.5877
13.0749
12.2156
12.3145
12.3262
13.1133
12.5231
12.2335
11.9568
11.9704
12.3533
12.3733
11.7859
12.0441
12.4467
12.6908
12.2219
12.6773
12.0843
12.5527
12.4698
12.8409
12.2908
12.3163
12.4357
12.0021
12.4300
12.1109
12.0453
12.4478
13.1448
12.8613
12.4192
13.0597
12.9046
13.4658
12.5355
13.0075
12.5837
12.7509
12.9152
12.5568
12.0965
12.5403
13.1433
13.1241
12.3116
12.8563
12.6292
12.0848
12.0663
11.9282
12.2272
12.4383
12.3000
12.1673
12.5103
12.0792
11.9037
12.2921
12.4062
12.2042
12.3570
11.9939
12.2651
12.1574
12.0556
12.4086
12.6500
12.2663
11.9997
12.4595
12.0315
12.2583
12.5837
12.7453
12.7884
12.8820
12.9534
12.6329
13.2492
12.6995
12.2365
12.5540
12.6322
12.1703
12.4226
12.8728
12.6692
13.1402
12.4497
12.3734
12.1898
12.0758
12.1203
11.9072
12.2965
12.4110
11.7785
12.1631
12.4382
12.5919
12.8291
12.9096
12.7977
12.7708
12.8041
12.4924
13.2237
12.3099
12.2860
12.0392
12.6693
12.4318
11.6724
11.7730
12.2798
12.4283
12.0557
12.6250
12.1029
12.0247
12.1982
12.8666
12.5041
12.4561
12.6612
12.4182
12.8640
12.8349
12.4181
12.1878
12.4761
12.2305
11.8630
12.5537
12.3144
12.0138
11.9196
11.5029
11.5370
11.8076
11.9596
12.4563
12.5852
12.8518
12.6559
13.0520
12.8295
12.6125
13.1044
12.8713
13.0940
12.3831
12.6812
13.1954
13.2263
13.1040
12.7288
12.4008
13.2688
12.7584
12.8344
12.3522
12.2473
12.2736
12.3646
12.7058
12.7906
12.5798
13.0610
12.7871
13.7728
13.9326
13.1223
13.1730
13.8142
12.7813
13.2630
13.4125
12.6025
12.9602
13.3251
12.7296
13.4322
13.7289
13.6679
13.4812
13.0530
13.2016
13.1736
13.1244
13.2333
13.5665
12.9203
12.8235
12.6818
12.8044
13.4525
13.2952
13.1718
12.7915
13.2722
13.3564
13.4833
12.5348
13.1397
13.2562
12.8624
13.1213
12.9984
12.9398
12.2064
12.7240
12.5477
12.8754
12.3623
12.2984
12.2404
12.4655
12.6565
11.8741
12.1193
11.9804
12.4165
12.2287
11.9468
12.5210
12.3549
12.7226
12.4263
12.7109
13.0321
13.0081
12.8805
12.7395
12.5959
12.3452
12.6999
12.4880
12.9030
12.6520
12.6976
12.6485
12.5157
12.7655
12.4508
12.9016
12.7232
12.1498
12.3352
12.9652
12.4552
13.0488
12.8098
12.5854
12.8183
12.3315
12.6685
12.5942
12.1776
12.5291
12.0940
12.4295
12.5431
12.5455
12.4838
12.6352
12.7064
13.6156
13.0047
12.7419
13.1371
13.4528
13.0932
13.0649
13.0811
12.3852
13.4763
13.0002
12.9736
12.3950
12.9488
12.5650
12.8331
12.4684
13.0647
12.5527
12.5374
12.6104
12.3367
12.0651
11.9184
12.1834
12.5901
12.5509
13.0824
13.2446
13.0030
12.1250
13.2979
13.3769
13.0274
13.3734
12.2688
12.6918
12.1700
12.4918
12.8726
12.4592
12.5979
13.0602
13.3236
12.3771
12.2957
12.4644
12.2296
12.3515
12.1019
12.0188
12.3510
12.5037
12.0916
12.2444
12.1314
12.0775
12.6902
13.0444
13.1234
12.3437
12.3732
12.3484
12.8256
13.0672
13.1940
12.3902
12.8362
13.1290
12.6612
13.1945
12.9030
13.1859
13.4452
13.3204
13.5706
13.3674
13.5696
13.0716
12.9566
12.5369
12.7721
12.2223
12.0276
12.6393
12.2885
12.3462
12.4106
13.1013
12.5943
12.3200
12.5486
12.6375
12.5828
12.2721
12.5981
12.3441
12.1970
12.3559
12.2714
12.2347
12.7861
12.3390
11.7234
11.3010
12.3137
12.3444
13.3311
13.0465
12.7977
12.5020
12.4918
12.2067
12.6137
12.0440
12.2937
12.2757
12.2186
12.4411
12.8492
12.3961
11.7003
11.5831
12.1584
12.1230
12.2545
12.0680
11.6643
11.6811
12.0080
11.7979
12.1580
12.5109
12.3926
12.4656
12.1629
11.8854
11.9661
11.8050
12.0364
12.1691
12.5984
12.8645
12.4735
11.8353
12.5037
12.8469
12.0992
12.5749
13.2147
12.2725
12.2604
12.3695
12.3789
12.3595
11.9282
12.3283
12.2568
12.6072
12.9759
12.3786
12.7187
12.6492
12.3589
11.8155
11.5175
11.8850
11.6921
12.4942
11.9083
12.3064
11.5709
12.6293
12.5995
12.3398
12.5512
12.3504
12.3540
12.8127
12.1424
12.3049
12.0586
12.5302
12.1444
11.6282
12.1447
12.1390
12.5537
12.6499
12.2262
12.3726
12.3664
12.3220
12.3366
12.8599
12.2568
12.1852
11.7148
11.7918
12.1022
11.7349
12.1881
12.5958
12.2633
12.7131
12.7451
12.5315
11.8329
11.9350
12.3558
12.3454
12.0669
12.7530
12.6575
12.5180
12.2453
11.9230
11.6217
12.5350
11.9752
11.4907
12.0720
11.6624
12.0768
11.8851
12.5526
12.4803
12.4988
12.1570
11.8127
12.3024
12.0293
11.6125
12.3592
11.4549
11.9759
11.9331
11.9164
12.3091
12.1883
12.0780
12.3183
12.2032
12.2261
12.0336
12.2389
12.1884
12.2891
12.3909
12.0459
12.2600
11.9849
12.2578
12.0331
11.8782
12.0742
12.5858
11.8769
12.4662
12.5257
11.9108
11.8617
12.2716
12.3515
11.8779
12.3944
12.1638
12.3724
12.7313
12.2778
11.9850
12.2936
12.9290
12.8414
12.5507
12.5831
11.8136
12.0447
11.9846
12.1259
12.1371
11.8968
12.2340
11.9966
12.5754
12.0889
11.4973
12.7270
12.3559
12.2261
12.1152
13.0395
12.6386
11.6909
12.3054
12.1153
11.9126
12.0605
12.7513
12.2711
12.2927
12.4946
12.7328
12.3349
12.5474
12.5408
13.4293
13.0040
12.7965
12.5398
12.2712
12.6421
12.3563
12.4155
12.5476
12.2413
12.8022
12.6198
12.5180
12.8710
13.0088
12.8556
13.0456
13.5611
12.4408
12.3913
12.8901
12.6270
12.0057
12.4453
12.7320
13.0067
12.5267
12.3930
12.1014
12.7642
13.1460
12.6115
12.5952
12.6546
12.2972
13.3379
12.7415
12.4547
12.5668
12.1467
12.1639
11.9107
12.4812
12.2629
12.1791
12.0922
11.5996
12.5421
12.2265
11.7757
12.6126
12.0494
11.7777
12.3517
12.1730
11.7201
12.2095
12.2463
12.4547
12.9330
12.5661
12.4293
11.7866
12.1341
12.3016
12.2981
12.9489
13.1838
13.0029
12.8529
12.6585
13.0035
12.6864
12.2659
12.7769
12.6854
12.1439
12.2743
12.3577
