8.3482
8.4274
8.3740
8.3385
8.8285
7.7390
7.7514
7.2571
7.4117
7.7811
7.7980
7.3995
7.0162
6.4002
6.8538
6.4810
5.6195
6.6633
6.6739
6.6856
7.1195
7.2153
7.0461
7.5547
7.2774
7.5638
7.1500
7.0537
7.4583
7.2689
6.7671
7.4834
7.1530
6.9025
6.6213
6.8646
6.4056
6.2987
6.9546
7.1112
6.9722
6.9305
6.7219
6.4428
6.8510
7.0478
6.7405
6.7868
6.9456
7.1276
7.3413
7.1700
7.2031
7.1997
7.0974
7.2909
7.1738
7.5379
6.9514
6.6288
6.2888
6.5986
6.3581
6.4674
6.4338
6.3198
6.7571
6.5230
7.0468
6.7556
6.4526
6.5632
6.9520
6.8809
7.1392
7.0342
7.1479
6.8428
6.7817
7.0198
6.8939
6.8812
6.7300
6.7515
6.8473
7.1525
7.1706
6.6797
6.8318
6.9125
6.5611
6.7289
6.5026
6.8189
6.6446
6.2407
6.4014
6.8069
6.4325
6.5563
6.4824
6.7847
6.8317
7.0786
6.8021
7.2566
6.5185
7.0306
6.2614
6.2723
6.2662
6.3070
6.7232
6.6187
7.1463
7.4141
8.3403
8.4083
8.2722
8.1090
8.2469
7.7509
8.3091
8.9439
8.4572
8.0447
7.7805
7.4015
7.4610
7.9974
8.3993
8.3348
8.1070
7.6509
8.0652
7.9763
8.1659
7.8960
8.2055
8.6954
7.7794
7.8901
7.5317
7.6905
7.8771
7.4578
7.7730
7.9344
8.5750
7.8313
7.9393
7.8225
8.9159
8.7950
9.1970
8.6452
9.7003
9.7612
9.4771
9.0941
9.0442
9.1174
9.2051
9.7935
8.9652
9.0261
9.3938
9.1542
9.9341
9.7566
10.2167
9.6638
10.0733
9.9675
9.9652
9.2594
10.0567
10.3430
8.9651
8.7430
8.7333
8.6803
9.1935
9.5090
8.9615
8.8268
8.5835
8.8019
8.5877
8.2811
8.8271
9.5477
9.2049
8.4472
8.0052
9.0093
7.9167
8.7484
8.2906
9.5635
9.9639
9.3598
10.2630
11.0704
10.6904
10.6246
10.1518
10.8452
10.3298
10.1303
10.4049
10.9233
11.0977
10.2190
9.7921
9.8010
10.1469
10.7487
9.9038
9.6508
9.2127
9.5516
9.5842
10.0483
10.5396
9.6401
9.9073
10.9237
10.9440
10.2698
10.0806
10.0871
10.0972
10.3138
10.9820
10.1267
10.3132
9.6629
9.7745
10.0158
9.3833
9.6671
9.2839
9.0720
9.6603
9.9565
8.7009
9.9727
9.1351
8.4973
8.7931
8.4491
8.4059
7.9991
8.8772
9.1088
8.9183
8.4977
7.9706
8.7882
9.0273
8.7474
8.9847
8.7775
9.8270
8.5632
9.9571
9.3526
9.3456
9.3355
8.9799
8.9272
9.3579
8.9215
8.6867
8.9164
10.2962
9.5229
9.7627
9.8131
9.4380
9.8167
9.0843
9.3905
9.7307
8.5094
9.0144
9.1821
8.9510
8.6655
7.9772
7.5554
8.0429
7.8342
7.8110
7.6985
7.6747
7.6090
7.6333
8.3601
7.4440
7.4133
7.8449
7.6273
8.3934
7.7697
8.0845
8.0837
7.4516
7.7191
7.6020
7.9272
8.2469
8.1946
8.0890
7.9068
7.6384
8.2777
7.8183
7.6179
8.6257
8.2048
8.3607
7.9334
8.2490
7.9499
7.7518
7.8042
8.0676
7.4267
7.7109
8.2978
8.2254
8.3620
7.7855
8.3927
8.2947
8.0099
8.1380
7.5043
7.7779
8.4688
8.2340
8.4828
7.6008
7.8591
8.5032
8.2142
7.5779
7.5495
7.7139
7.9630
7.8169
8.1344
8.2775
7.9112
8.0043
7.7024
8.4420
8.1720
7.9939
7.8805
7.4931
8.0433
8.4166
8.4664
8.8386
10.3404
9.1079
9.5380
9.4647
9.0820
8.2552
9.1625
7.8297
8.3081
8.4294
8.7761
8.0479
8.5818
8.3049
9.1954
9.1350
9.0718
9.5240
9.6685
9.9807
10.2716
11.4524
10.9311
11.0380
10.9034
11.1066
10.4615
9.5055
9.9643
10.7414
10.8744
10.6049
10.9348
11.4221
9.9136
9.2917
9.1336
9.3920
8.6826
8.3202
9.5673
8.4114
9.0288
9.1353
9.4446
8.3177
8.3951
9.0738
8.8745
8.7185
9.2997
8.7895
8.5182
8.5869
8.4029
8.5128
8.3855
8.6614
8.8322
7.5594
8.4949
8.9508
9.5978
9.0746
8.8077
8.8044
8.3283
8.9141
9.6693
9.8204
9.7405
9.2096
8.4655
9.5919
8.9101
8.6271
8.8487
9.5891
8.8846
8.5029
8.1157
8.5762
8.4492
8.7136
8.5524
8.5739
8.2754
8.0223
8.1614
8.9124
7.5406
9.1370
9.4343
10.0766
8.9999
9.3786
9.6565
8.8880
8.5594
8.3498
8.4996
9.2636
9.0562
8.9218
8.6458
9.3844
9.4729
9.2642
9.3401
9.1101
9.2145
9.1723
8.6081
9.2221
9.6629
8.9205
9.2573
9.2530
8.4701
9.2513
8.6874
8.9264
8.6225
9.0095
8.5885
8.4422
7.8841
8.3179
8.8461
8.7454
8.8295
8.9215
8.2606
9.0136
9.7061
9.9531
8.8435
8.7650
9.4078
8.4088
9.2203
9.1571
8.4055
8.5020
8.4597
8.3785
8.2155
8.3315
8.1249
8.0609
8.9065
8.5418
8.8277
9.0727
8.3791
8.1868
9.2570
8.7752
8.2969
8.8064
8.7767
9.1494
9.5930
8.8232
8.4067
8.4653
8.3155
8.9737
8.8910
9.9265
8.7865
8.9863
8.9816
9.1465
8.6866
8.6636
8.9756
8.0869
8.0238
8.3703
8.8459
8.9409
9.2802
10.1159
9.0757
8.7186
8.7286
8.9796
9.0871
9.3127
9.1938
9.5085
9.4943
10.4443
10.5225
10.1151
8.9120
8.6258
8.9830
8.9961
9.4913
9.2646
9.2589
8.9922
8.4311
8.3963
8.4108
9.0304
8.7202
8.7752
9.0540
8.8650
8.8512
8.4051
8.3030
8.3602
8.2019
8.5642
8.6964
9.4816
8.5556
8.8226
8.1459
7.7718
8.0035
8.0520
7.8949
8.4831
8.3361
8.2722
8.0280
8.8031
8.1631
7.9607
7.8043
8.5508
8.0704
7.7735
7.4658
8.0342
7.7765
7.5756
7.7226
7.6529
7.7046
7.8378
7.3659
7.4279
7.8543
7.6584
7.1949
7.9590
7.5048
8.6502
8.1084
8.8496
8.9054
8.7523
8.9407
8.7308
8.8372
8.8337
8.5841
9.0464
9.0794
8.7401
8.9645
9.0449
8.7602
8.8335
8.3618
8.1910
8.3688
7.5271
8.0011
8.4882
8.4758
8.5089
8.6655
8.0816
7.6706
7.8228
8.0365
8.2828
8.4465
8.2875
8.1842
8.3165
8.5112
8.7739
8.1676
8.2897
8.2639
8.9843
8.6750
8.6456
9.0543
9.0787
8.2099
8.7100
8.9985
9.1566
9.7950
9.1111
9.4897
10.2910
9.4022
8.9105
8.8920
9.3810
9.3642
8.6526
8.9637
8.9655
9.6314
10.1901
9.6367
9.6018
10.1566
9.3395
10.2034
10.3157
9.7587
9.3330
10.1090
9.5138
8.8291
8.5880
9.2993
9.4233
9.4067
9.5961
8.8582
8.7772
8.9274
9.3808
8.3397
9.2035
9.2981
8.6323
9.2343
8.6620
9.7850
10.0721
10.9037
10.7049
10.5406
11.1418
10.9552
10.3952
11.1945
10.2080
9.8732
9.6760
10.0817
10.1783
10.7425
11.5041
11.0231
11.1136
11.5421
12.6869
12.1169
11.7947
11.3173
11.5594
9.9819
10.4990
11.0783
10.7311
9.7336
9.3751
9.5410
9.9413
9.2149
8.8681
9.5990
9.2785
9.4489
9.5856
9.3798
10.0295
10.1886
10.1968
9.7400
10.5422
11.2974
11.2541
10.8338
10.3768
9.8495
9.9336
9.7018
9.4462
9.2599
9.1847
9.1891
9.5362
9.6073
9.5368
9.4847
9.6388
9.5794
9.4375
9.8102
8.7471
8.7956
9.2442
8.9161
9.7735
10.0849
10.3723
10.3041
10.0838
9.6748
10.0377
9.1198
8.7249
9.6603
9.4383
9.7462
9.7430
10.2880
9.9507
9.4982
9.8236
9.6549
9.1818
9.6862
10.4764
10.0893
10.5517
10.5914
10.1214
10.5330
10.6835
10.9862
10.4640
10.8639
10.5947
10.4168
10.5500
10.5952
11.2559
11.4876
11.5247
10.7927
10.6380
11.1917
10.2534
10.7739
10.6267
10.7567
10.5739
10.9448
10.5276
10.5058
11.6072
12.1427
11.7505
11.6469
10.9865
11.3198
11.7078
10.7511
11.4437
10.7401
10.7928
10.8558
10.2326
9.8780
9.7260
10.0743
9.8310
10.4452
9.9358
9.4201
9.6027
9.7062
9.7923
10.1570
10.8371
10.5683
10.9571
11.0893
10.5863
10.9808
11.3936
11.2363
11.2946
11.0525
11.3198
11.9741
9.5186
10.7186
11.3456
9.4334
10.7981
10.0260
11.1262
10.8524
10.8111
9.0980
10.2170
10.1542
10.5777
9.5588
9.9582
10.7893
9.6484
10.1624
10.9892
9.9843
8.9855
9.2690
9.6351
9.2527
9.1058
9.4070
9.6026
10.2046
10.4692
9.4136
10.0526
10.4056
9.9815
9.9158
9.0074
9.9777
10.4282
10.3280
10.3416
10.6966
10.9914
11.2333
9.8339
10.8226
11.8842
11.2649
10.9772
10.6052
11.1713
9.8439
10.4541
10.2597
11.2724
10.2051
10.2019
11.4613
10.2042
9.6162
10.6662
11.0677
10.6909
11.0651
11.1606
10.2335
10.7160
11.6584
11.1635
11.0389
10.3927
10.9024
10.2909
10.5135
10.7570
10.7948
11.0891
11.3512
10.4520
10.5688
11.4414
10.5098
10.3190
10.0595
9.7740
9.8923
11.3266
10.6405
10.3410
10.5270
9.8381
10.0821
10.4892
10.0152
10.2829
10.2615
9.8153
9.3050
10.5238
10.7981
9.5531
9.4309
9.2535
9.4278
9.9663
9.8495
9.6487
9.9511
10.1786
10.9360
9.8689
10.9554
10.6108
11.6007
11.0129
10.1304
11.3071
11.7811
10.9206
11.3697
10.8226
11.6098
11.6621
10.7156
10.6272
10.3422
10.8811
10.9554
11.2181
10.7397
10.7786
10.5660
11.8019
11.2765
10.6404
11.2818
11.2119
11.6646
11.3989
10.5725
11.2762
10.9700
11.1063
11.7699
10.7111
11.0790
11.3717
10.4252
11.0565
10.3235
10.5799
10.7065
9.4330
8.7007
9.1080
9.9921
9.5748
8.9443
8.2282
8.4039
9.6270
9.4641
9.8167
8.8353
8.6601
9.5985
8.6965
9.3675
9.5880
9.5313
8.8149
9.2794
9.2843
8.8855
8.2583
8.4507
8.4061
8.4003
8.6433
8.5642
9.5785
9.5762
9.3236
10.1031
9.3434
9.7855
9.1214
9.7816
9.6386
9.1996
8.6329
8.4948
9.7585
9.2726
9.8084
9.8755
10.8709
10.5480
10.2920
9.0352
9.0179
9.9717
9.0722
10.7215
10.8293
11.2725
11.8389
10.8168
11.3258
10.0281
10.3310
10.5360
10.7081
11.3386
10.1306
10.8505
10.6581
10.4550
10.2047
9.9952
9.6757
10.2198
10.4274
10.3632
10.5978
11.2982
11.5882
11.0813
11.0395
10.6355
11.2444
9.6634
11.1222
10.5758
10.7609
10.4240
10.7301
11.1347
10.7113
10.0456
9.7403
9.0163
10.1226
10.0106
10.0723
10.3665
10.0021
9.6225
9.9289
10.0098
9.9869
10.4101
10.2503
10.1440
10.2444
9.8160
10.4871
10.2686
10.3771
10.3258
10.1489
10.7367
10.1985
10.6979
10.8781
10.5232
10.2571
10.3450
9.9139
10.8426
10.1769
10.9326
10.6945
10.7391
10.6429
10.7288
10.2514
9.3674
9.4848
9.4552
8.7800
8.4860
9.2606
9.4522
9.6119
9.0948
10.2020
9.9854
9.8507
9.5884
9.9489
10.0002
10.3248
10.2431
10.2540
10.3888
9.2885
9.6553
9.3665
9.5599
10.1633
10.5117
10.2760
10.7751
10.1347
10.2903
10.3675
10.0917
9.3969
9.9642
9.8345
9.7844
9.9730
9.3229
9.7826
10.5435
9.5123
9.5695
10.4977
11.5074
11.0527
10.7549
10.4717
9.7932
9.7299
9.3438
9.9958
9.5655
9.5413
9.9011
10.4948
10.5024
10.7990
9.7458
9.7415
9.3796
9.6732
9.6882
9.4071
9.2332
9.8314
10.0401
8.9014
9.7950
9.9447
9.3609
10.0995
9.5460
9.7827
9.8586
10.1308
10.2978
10.1406
9.6555
10.1273
9.4961
9.6853
9.5641
9.7106
9.7965
9.0781
9.4262
8.9787
8.7953
9.0000
8.6968
8.9788
8.8572
9.3672
8.9629
9.3403
8.6405
8.9245
10.1069
10.2847
10.1262
10.4883
9.7676
10.8602
10.5704
9.1570
9.1601
10.3677
9.8043
9.2373
8.3959
8.2994
7.7102
8.2510
9.4800
8.9402
8.8385
8.4407
8.3114
8.3047
9.2941
8.4806
8.8410
9.3938
9.9395
10.0290
10.2498
10.1318
10.1435
9.5373
9.7085
9.6024
9.6290
9.3932
10.7556
10.7394
10.1668
10.0403
9.1612
10.0497
10.6170
9.9643
9.8281
9.3043
9.8566
10.1561
10.3456
9.8167
9.6873
9.5439
10.1310
10.2238
10.4453
9.8463
10.2920
10.0347
9.3422
9.6204
9.4471
9.3892
9.2016
9.0311
9.4679
8.8706
8.2258
9.7337
10.2283
9.3617
10.0582
9.7801
11.1965
11.6519
9.9307
9.8770
9.9773
9.8972
9.2655
9.7068
9.6181
9.5391
9.9146
10.1135
9.7037
9.7759
10.2572
9.6422
8.9647
9.8423
9.8238
9.0936
9.9598
9.1713
9.6682
9.3974
8.9444
9.4644
9.7849
9.2460
9.4718
9.8302
10.6162
9.9437
8.6269
9.4612
9.6961
9.7868
10.3078
9.5277
10.1295
10.4823
9.6555
9.2383
9.7411
9.5765
9.6002
9.6817
9.3259
10.4435
9.4964
10.8127
10.5276
9.9796
10.5534
11.0597
10.6292
11.3743
10.6954
10.2040
10.5471
10.5680
10.1348
9.6984
9.8087
10.0122
9.5688
9.9920
9.5546
9.9570
9.8408
9.5623
10.7827
10.2287
9.7690
9.8435
9.2228
10.0223
10.3119
10.3354
10.3446
10.0446
9.4098
9.8871
9.4979
8.7638
9.8070
9.8789
10.0954
10.1412
9.1254
8.6452
8.3426
8.5623
8.3632
8.3148
8.4276
8.8967
8.5489
8.5423
8.4255
8.2566
8.9077
8.7052
10.3984
9.5105
9.6318
9.6290
9.9289
8.7943
9.1560
9.2519
9.5516
10.1533
9.8611
9.1018
9.7120
8.9498
9.6217
9.1735
8.7551
8.9306
8.8207
8.6998
9.5108
9.2555
8.9620
9.0823
9.3784
9.3370
9.4700
8.8734
9.1423
8.7947
8.3258
8.4244
8.0040
8.4797
8.5292
8.3984
9.2905
8.6025
8.4162
9.2825
9.1732
8.6822
8.5749
8.9489
8.6277
8.4597
8.2798
7.9009
8.9319
9.0227
8.3292
8.0285
7.9951
7.8171
7.8082
7.8774
7.8163
7.7357
7.8266
7.6853
7.8439
7.6408
7.6415
8.5178
8.5916
8.8797
8.1461
9.0739
8.1260
7.6092
7.4941
7.8124
7.7817
7.5400
7.6182
7.2723
7.2778
7.1899
7.7441
7.4458
7.5877
7.2187
7.2648
7.5589
7.7452
7.5405
7.9441
8.0551
7.1059
8.3244
7.4130
7.8446
7.8036
7.7704
7.7651
7.8429
7.8344
8.1570
7.7027
7.2422
7.3637
7.6947
7.2110
8.3277
7.9614
7.7237
7.7909
8.7106
8.6908
8.2187
8.2606
8.4561
7.8308
8.0271
8.5760
8.6089
8.4826
8.6067
8.9265
8.9832
9.9667
9.3108
9.9170
9.2641
9.1845
8.0832
8.2622
8.7948
8.4351
8.9786
8.6357
9.1487
9.4097
8.9236
9.2386
8.8891
9.0642
8.5435
8.4508
8.4502
8.2576
8.6195
8.9243
8.7104
8.8426
9.0953
8.9076
8.2915
8.8145
8.1847
8.4397
7.8637
7.8990
7.8683
7.6675
8.3878
8.2879
8.0480
8.3181
8.2162
7.7593
8.0451
8.4861
8.9589
8.7314
8.7689
9.3003
8.7057
9.0373
8.3833
8.8312
9.1226
9.3016
8.5697
8.4835
8.8259
8.0620
8.5703
7.8937
8.0095
8.1287
9.2416
9.8080
9.0901
9.2751
9.2432
9.0451
7.9989
9.3243
9.2779
9.2370
7.9732
8.8517
8.5942
9.4487
9.3080
8.3236
8.7429
8.4756
8.5547
8.1817
8.4644
8.4607
8.6453
8.3635
8.1027
8.0893
8.4292
8.3027
8.4351
8.1221
7.7376
8.1887
8.2638
8.6989
8.0966
8.1620
7.5083
7.6417
7.5233
8.2174
7.9436
7.3987
7.8630
7.4365
7.6720
7.8992
8.0781
8.4040
7.5752
8.1947
7.8404
7.6053
8.2352
8.2411
8.2276
8.6523
9.5892
9.1499
9.4153
8.9138
9.5907
8.3362
8.9648
8.7913
9.4459
9.7370
9.0132
9.2008
9.1818
8.9422
9.2962
9.4514
9.7914
9.2530
9.3657
8.8006
9.1151
9.1261
9.2402
10.4129
10.7059
9.7700
10.0132
10.3665
9.4698
10.0282
9.3382
10.1898
10.5191
10.3396
11.3375
10.7404
10.6431
10.7324
11.1344
10.5780
11.5776
10.6334
10.8854
9.9707
10.7134
10.8871
10.7911
10.2050
9.6874
9.7639
9.3547
9.8185
9.9509
9.7961
9.7418
10.1995
10.0747
9.8102
9.0469
9.7109
9.5879
9.0139
10.2293
10.6850
10.0471
10.0829
10.2401
10.5564
11.0835
10.2450
11.0187
10.5104
10.3810
9.7665
9.6190
10.1887
10.0780
9.6674
9.4097
8.8917
9.0086
9.6980
9.3642
9.7016
10.0423
9.4324
9.5175
9.7568
10.5232
10.8720
10.4049
10.0458
9.9251
9.7688
10.3238
11.0023
10.7627
10.6481
10.5369
10.9268
11.1404
11.3554
10.8758
11.0032
10.7327
11.1589
11.4646
10.6629
10.3012
10.2983
9.9700
10.6944
11.0050
10.6061
11.6111
10.3610
12.0060
11.1400
10.6546
9.5632
9.5306
9.7327
9.5727
10.5173
9.7616
9.7064
9.4746
10.6690
10.0071
10.2036
9.8194
9.5479
9.3062
9.2764
9.2658
8.5133
9.1490
9.0371
9.4658
9.0027
9.1322
8.9318
8.7761
9.3263
8.2901
9.3332
10.0422
10.2541
9.5949
9.2379
8.4410
9.5320
9.7453
9.6055
9.3536
9.5013
9.2601
9.3981
9.4534
9.6070
9.6401
9.8529
9.0130
9.2847
9.2020
8.5151
8.8197
9.1331
9.4493
8.9668
9.2884
8.9540
9.2053
8.4447
9.0592
9.4048
10.2226
9.0926
9.4895
8.9200
8.8999
9.9785
9.7531
9.9590
9.4054
10.7540
9.6871
9.8362
9.2679
9.3421
9.4860
9.5364
10.0709
9.5681
9.5735
10.2408
9.4965
9.7886
9.3690
9.2418
10.1399
8.8729
8.5672
9.2420
9.0520
8.9918
8.8324
9.2816
8.6126
8.6629
8.8651
9.3996
9.5063
8.0934
9.0211
8.4437
8.7905
8.7343
8.7871
8.2488
9.5621
9.9807
9.0089
8.3783
8.6894
8.2397
8.5759
8.5145
8.9181
8.5114
9.2940
8.7965
9.4816
9.0397
9.7519
10.1333
9.7925
9.1349
9.2778
9.4125
9.2538
8.7725
8.9152
8.8549
8.9767
8.6286
9.9762
10.2031
9.6512
9.1037
10.1966
9.1925
8.7354
9.1411
8.8655
9.3783
8.8290
9.1612
10.4338
9.9182
9.6065
8.7686
8.1005
7.8695
7.8796
8.6546
8.9822
9.5788
9.0155
8.9229
8.5834
9.1375
9.1511
8.9504
9.3733
9.0295
8.6411
8.1724
8.7734
8.6462
8.4382
8.5549
9.6737
9.2563
10.1094
9.1664
10.0720
9.1396
9.7030
10.7372
9.8577
11.4825
10.3855
9.9128
10.2849
9.2416
8.6167
9.3830
9.1828
8.9931
8.5936
8.9590
9.4340
8.7190
9.2501
9.6085
9.3920
8.3202
9.3039
9.0673
8.8294
8.8746
8.2761
8.9581
8.6939
8.1800
8.7396
8.3784
8.3556
8.2579
8.5841
8.9223
9.2380
9.4002
8.7268
8.2678
9.2491
8.9713
8.6121
9.0499
8.5934
9.0663
8.8091
8.5433
9.1595
9.4347
9.2361
9.3375
9.5153
9.1332
9.4495
9.0495
9.1682
8.8809
9.0602
9.7072
8.8538
9.6746
9.4358
9.2482
9.0696
9.3187
8.9080
9.0602
8.6139
8.9215
9.6485
9.4266
9.7915
8.9477
9.4123
9.0787
8.7860
8.5980
9.2185
8.7723
9.6636
9.6664
9.4896
9.6729
9.6328
9.4611
9.6480
8.8676
8.0877
8.2925
8.4820
9.1765
8.9031
9.1831
8.2866
8.6847
8.9007
9.4662
8.4832
8.7652
9.4549
10.7118
9.5668
9.6366
10.0850
10.3257
10.2256
9.0705
7.9124
7.7241
8.2377
8.2119
8.6126
8.9328
9.1623
9.3964
9.5865
8.9568
9.4991
9.2368
9.6685
9.9006
9.2607
9.4141
10.0430
8.9208
8.4789
8.8468
8.8044
9.3184
8.5924
8.7949
9.4207
9.1006
9.3290
9.7956
9.7185
8.7620
9.3449
9.2208
9.4353
9.4247
9.2160
8.4622
9.0943
8.8766
8.3862
8.3337
8.6082
8.1059
8.5744
8.9981
8.4349
8.8974
9.7681
9.5368
9.2320
10.1862
9.4391
9.6658
9.2163
10.1761
9.3756
10.5404
10.3153
9.7721
10.4626
10.2443
10.6888
9.9822
10.2147
10.1721
9.5241
9.5938
9.6364
10.0049
9.9006
9.7948
9.8352
10.6718
10.4656
10.2979
10.5265
9.6223
9.9849
9.8448
9.8946
9.7655
10.9094
10.1643
10.6225
10.9519
11.0849
10.7497
9.7822
9.9174
10.4860
10.0915
10.8315
10.0781
10.2714
10.2436
10.4986
9.8957
10.7929
10.0769
9.8173
10.1025
9.9977
9.7725
10.7548
10.2258
10.1347
10.7812
10.1568
10.1970
10.7413
11.5865
10.9162
10.9211
11.1764
11.6168
11.5438
10.8515
10.3218
10.2222
9.9954
10.1242
10.3711
9.6249
9.4921
9.2512
10.2128
11.0358
10.9494
10.2371
11.1247
10.4761
10.1689
10.9424
10.5324
10.0823
9.8083
9.7122
10.6767
9.8238
10.0946
9.8314
8.6529
9.4899
9.4515
10.6868
9.7788
10.4811
10.5179
11.2585
10.3441
10.0496
9.5922
9.7056
9.0840
9.3544
9.4092
8.8353
9.0383
8.8655
8.9653
9.2445
9.9631
10.2021
10.3919
9.8818
10.3505
9.9695
9.2831
9.7502
10.1505
10.2536
9.6845
9.0005
8.4531
9.3621
9.5412
8.8771
8.1402
8.0990
8.4046
8.3726
9.0585
8.7144
8.4265
8.4914
8.3225
9.0960
8.3646
8.4443
9.1472
8.7113
8.9692
8.7321
8.6258
9.1608
8.7520
8.9389
9.3024
8.9102
9.2230
8.6271
8.5463
8.8681
8.9499
9.1552
8.8955
8.5258
8.2156
8.6086
8.3340
8.8568
8.5717
8.1401
8.2847
8.0365
8.2403
8.3305
8.2670
8.3862
8.2036
8.5831
7.7150
7.7917
8.3935
8.4398
8.2789
8.8514
9.4626
8.5294
8.6434
8.8629
8.8166
9.7068
9.3675
8.9741
8.4217
8.0185
8.9419
8.8390
8.1851
8.7441
8.8591
8.4059
8.5358
8.9567
8.2592
8.5593
9.0834
8.9351
9.5621
8.2024
8.3999
8.9737
8.3967
8.4241
8.3225
8.3402
7.5297
8.4054
8.6575
8.4409
8.6670
8.3401
8.2680
8.7552
8.4289
8.3137
8.1302
8.0516
7.8327
7.9963
8.4045
8.5267
8.2210
8.8079
8.8114
8.8426
8.7955
9.2774
9.2844
9.1017
9.6987
9.5016
9.1727
9.0917
9.3796
9.1437
9.0247
9.0410
8.8300
8.2339
8.0431
7.9565
8.5653
9.0067
9.0448
8.8073
8.9078
8.7128
8.7699
8.8382
8.4462
9.0589
8.7965
8.7629
8.4457
9.0106
8.9843
8.2550
8.2273
9.0092
8.4169
8.1797
8.6564
9.3434
8.9480
9.0888
8.5151
8.6029
9.3193
8.9058
8.4906
9.0382
8.7843
8.7989
9.4224
9.1093
9.6950
9.6174
9.8193
9.4958
9.5462
10.0197
9.4521
9.7243
9.4269
9.0591
9.1385
9.1277
9.6064
9.7505
8.9788
9.7406
9.4406
9.3993
9.5373
9.1439
9.1954
9.7329
9.4970
9.5684
9.9915
9.5354
9.2922
9.4705
9.6499
9.4050
9.3910
9.2040
9.2728
8.9348
9.2614
8.9028
9.5775
8.8290
8.9198
9.4182
9.5427
10.0300
10.3948
9.7847
9.8197
9.7580
9.9946
10.1900
10.1093
9.9403
10.5760
10.3420
10.1112
10.4606
10.6161
10.9258
11.6973
10.0678
11.3527
11.9252
11.5225
11.3775
11.3322
11.5346
11.2496
10.8449
10.7286
11.1910
11.5807
11.1517
10.6396
10.5566
10.4172
11.0993
10.7940
10.7046
11.5377
11.3667
11.7718
10.8569
10.8237
10.4166
10.7957
10.7725
10.4572
11.0879
10.7911
11.1863
11.2572
11.9249
10.8579
11.1037
11.4122
11.3491
10.6262
10.3565
11.0238
10.4412
10.5247
10.6196
10.0285
10.7971
10.7227
10.8660
11.4308
10.7984
10.7004
11.7897
11.9615
11.2759
10.8595
11.7712
11.5387
10.9311
11.6082
11.1939
10.5009
10.8271
11.1606
11.3050
11.0421
11.7520
11.7161
12.4967
11.8837
12.1846
11.5949
11.2000
10.5276
9.9695
9.6814
10.3847
10.6981
10.8238
11.2076
10.9603
10.3878
11.7030
11.5948
11.7410
11.7065
11.1358
10.9054
10.6509
11.0232
11.6997
10.9315
11.4858
11.5110
11.2003
11.5444
10.7624
10.1965
12.1935
10.8526
11.3919
11.7297
12.5031
12.5229
11.9236
10.9531
11.2178
11.7281
11.1680
11.6407
11.2665
10.5564
11.5627
11.6958
12.3757
11.8115
11.5785
11.1466
10.9105
11.3931
11.6458
11.5790
10.8915
11.3013
11.0697
10.8486
10.6224
10.7726
10.9149
11.1909
10.7164
10.8922
11.0260
10.8070
10.5509
10.7129
10.5682
10.6504
10.3532
10.6724
9.7245
10.0786
10.1336
10.5221
10.7818
11.3408
11.9143
11.0152
11.2142
11.6717
10.7350
11.2185
10.9090
11.7030
11.9471
12.0482
10.4120
11.0054
10.4284
11.7763
11.5338
12.2078
11.8972
11.1439
11.1795
10.7714
11.7466
11.1351
11.1336
11.6939
11.5022
11.8745
11.1210
10.4924
11.1308
11.2085
11.3561
11.2977
11.5110
11.5142
11.0785
11.2836
11.3076
11.0989
11.1116
11.1395
11.2638
11.2387
10.7002
10.7830
10.8223
10.7422
11.1200
10.4599
10.6776
11.2915
11.5084
10.8582
10.1965
11.1774
10.9468
11.1759
10.6165
11.0470
11.3793
10.7427
10.5558
10.9920
12.3178
11.5932
11.2610
11.5118
11.3784
11.8470
11.2884
11.3734
11.2581
11.6263
11.0139
11.3429
10.9082
11.3676
11.4062
11.0875
10.9495
11.1934
11.1650
11.3692
11.4477
11.8986
11.0290
10.6444
11.0756
11.6332
10.3656
11.2526
11.5969
11.6309
11.9609
11.7929
11.5536
12.0102
12.4848
12.1714
11.8222
12.2781
11.8585
11.7045
12.0052
12.1422
12.1183
12.7675
12.7451
12.0856
12.9835
11.5225
12.5519
13.2546
11.9542
12.3747
12.1797
12.3582
12.9465
12.5734
12.1603
12.7634
11.9612
12.4632
12.5498
12.7244
12.5141
11.6115
11.9529
12.5781
13.0343
12.9615
12.7440
12.3663
11.8886
11.5386
11.0767
11.7349
11.8050
11.9035
11.1572
12.2957
12.9837
12.5023
12.7787
12.1513
13.0986
12.1321
12.7514
12.9546
12.4953
12.6678
12.4694
13.0073
12.5342
12.5445
12.7319
12.1452
13.4232
12.9966
12.3762
12.7140
12.9482
12.8487
13.1339
13.2699
13.5197
12.7509
12.9466
12.4099
12.4955
11.9878
11.5692
13.2245
12.7693
12.1322
12.4960
11.9593
12.2317
11.7214
12.6290
12.7442
12.2217
13.0520
12.7444
13.0890
13.8560
14.0054
13.1249
11.7298
11.3825
12.2395
11.5762
11.8763
11.7080
12.7030
12.4936
14.0666
13.3902
12.6082
12.8109
12.9911
13.8740
12.6679
13.3492
12.6037
12.8204
13.2790
12.4311
11.7138
11.9792
11.5440
11.7859
11.0684
11.2108
11.4949
12.3360
12.6089
12.8643
11.7023
12.7547
12.0237
12.7515
11.9148
12.8396
12.3632
12.2775
12.5294
12.2003
12.1149
12.2348
12.3683
12.5725
12.8111
13.1330
13.2337
13.1239
12.6455
12.3369
12.6025
13.5600
12.5358
12.8015
12.5446
11.8159
11.6892
11.8344
11.2464
12.6467
12.2737
12.0287
12.5998
11.3626
11.8986
11.6576
12.6521
12.4199
11.5265
11.6111
11.6245
11.9650
13.0264
12.6073
12.0874
11.7608
12.0130
12.0646
12.0641
12.2323
12.3066
11.8356
11.0786
11.7647
11.7587
11.0595
11.0211
10.2798
11.2102
10.2708
10.5958
10.6370
11.0283
10.7776
10.2420
10.5907
11.0155
10.6191
10.7295
11.3514
11.2494
10.0474
10.0726
10.2708
10.6900
10.3479
10.4081
9.7114
10.4737
10.8300
9.7987
10.1763
10.3194
11.1281
11.5866
10.8307
11.2023
11.4376
10.7525
11.2172
11.1033
11.5600
11.3703
11.2524
11.5732
12.0181
12.1488
11.2945
11.2764
11.7496
12.4432
12.2177
11.4165
11.5498
11.8094
11.6242
11.7317
11.5961
11.5081
12.0704
11.9448
12.4197
12.2439
11.5988
11.0376
11.4193
11.9132
12.1826
12.2674
11.7823
12.9470
12.0832
12.6178
12.0153
11.4702
11.8861
11.4958
11.6546
11.8180
11.8871
11.1624
10.4860
12.3495
11.4082
10.8567
10.6042
10.8220
10.9637
11.1724
11.7907
12.0885
11.5886
10.6153
11.1315
11.0446
11.1565
10.4855
11.2780
10.3660
11.0146
10.3014
10.0817
10.7660
10.9893
12.2110
10.8049
11.4936
10.5790
11.4690
11.4054
11.7060
12.2076
11.5890
10.7044
10.8261
10.6241
10.0938
11.0813
11.7044
10.7145
11.1517
10.2317
10.8763
11.0410
10.3520
10.8754
10.8341
10.4397
11.0795
11.5473
11.4979
11.5162
11.6173
10.7296
10.9057
10.8503
11.4676
11.3234
11.1068
10.1992
11.4773
11.7330
11.3356
11.4098
10.8540
10.5538
11.5117
12.0441
12.0307
11.1073
11.6285
11.9386
12.1142
11.6370
11.2377
11.2248
10.6282
11.4531
11.1563
11.0639
11.1732
11.0791
11.4168
11.9573
12.1407
12.6201
12.2015
11.5370
12.1723
10.8495
11.0941
11.0915
10.9477
11.1386
11.2969
11.2904
11.8317
11.9691
11.2753
12.3411
12.0371
11.8074
12.3820
12.6620
12.4924
11.6081
11.6973
11.9318
12.0668
12.3766
12.0309
12.1272
12.5563
13.3105
12.8323
12.2747
12.0598
11.5940
11.4367
11.2289
11.5091
11.6770
11.5429
12.6436
11.9874
12.4946
11.9031
12.6971
12.6730
12.5316
13.0501
11.5636
12.7529
12.5391
12.2240
11.3577
11.6186
11.8392
12.2176
11.1425
11.9971
10.9820
10.9201
11.0685
10.1063
10.9130
11.2193
11.0136
11.7097
11.7014
12.0121
11.6160
11.6369
11.2941
11.1697
11.0855
11.1602
11.4856
11.2053
10.4153
10.4900
10.1556
10.5889
10.7421
10.5547
10.0901
10.2555
10.9002
10.3223
11.6865
11.5982
10.4537
11.4627
10.7893
11.1442
11.0992
10.6913
10.8133
11.5570
12.1366
10.7024
11.5705
12.4562
12.3637
12.2991
12.0698
12.2971
12.8233
13.0136
12.9686
13.8331
12.6609
12.3064
12.4657
11.8497
12.4605
11.8324
12.8600
11.7398
11.9981
11.8682
11.0337
10.7444
11.3003
12.0686
11.7494
11.9929
12.1541
12.8972
11.8095
12.0292
12.8917
12.1780
11.3193
11.8543
12.2469
11.6467
12.7717
11.7387
11.9416
10.3467
10.9434
10.2661
9.8118
10.3597
9.8967
11.5465
11.9721
11.0050
11.6403
11.0929
10.4505
10.2920
10.4695
10.9109
11.6307
10.2297
9.9066
10.2833
11.2546
10.5972
10.5425
10.7942
10.6165
10.6229
10.6313
10.4676
11.8200
11.6472
11.4447
11.7517
10.7620
11.1362
10.5024
10.4470
9.9908
9.8956
9.9594
10.0070
9.6727
9.4732
10.1716
9.6777
9.5136
9.6259
9.0202
9.3521
8.5647
10.1115
9.6835
9.9979
9.6745
9.6652
10.4402
10.4887
10.7681
10.1160
9.0770
9.5969
8.9705
9.9747
10.0088
9.3077
9.6021
9.5109
9.9215
9.5899
9.1807
9.3698
10.1597
9.4580
9.6359
9.0255
9.2642
10.0567
9.4370
9.7005
10.2596
9.8470
9.4977
9.6849
9.3989
9.5288
10.0622
9.7487
9.1357
9.7281
9.5705
9.5546
10.7689
9.5076
9.7493
9.4795
9.4022
9.5516
9.7132
9.2112
9.2846
9.1942
9.4358
9.2622
9.0780
10.0714
9.3855
9.7713
9.8796
9.1772
9.0581
9.2598
9.4622
9.0739
9.2977
9.1059
9.6865
8.9631
9.0684
10.1394
9.6012
9.8864
9.5483
10.2308
10.1780
9.6520
9.5357
9.6225
9.6253
10.0485
9.4353
9.8014
10.3325
10.1692
11.1846
9.9595
9.2948
9.6726
10.4134
9.4936
9.3673
8.6622
9.5758
10.1586
8.7522
9.3783
9.2096
9.0223
8.9596
9.1615
9.3363
9.7012
9.0551
8.8984
8.9503
9.3154
8.5114
7.9539
8.6758
8.5904
7.9932
8.3575
8.5827
9.0748
8.2874
8.7132
8.8972
8.6680
8.5214
9.3472
8.8256
8.5145
8.0366
8.1687
8.5943
8.5974
8.8201
8.6824
8.6978
8.6250
7.9580
7.9690
9.0432
8.6538
8.7299
8.5682
7.9416
8.7810
9.1474
8.3939
8.2512
8.5756
8.1106
8.0154
8.0278
8.8353
8.4725
8.5172
8.2510
8.4509
8.9833
8.6996
9.2134
8.5072
9.4123
8.7878
9.3232
9.1645
10.3593
10.4504
9.4135
9.1066
8.8292
9.1132
9.1471
9.1191
8.6926
8.4481
9.2090
8.8001
9.0776
8.3255
9.4047
9.0585
8.7639
8.4884
7.8047
8.1543
8.2787
8.2548
9.0200
9.2437
8.4984
8.1558
8.8158
8.7482
8.8008
8.5464
9.1030
9.2930
9.0979
9.4302
9.1424
9.2526
8.9260
9.4052
9.5024
10.0044
9.1166
9.5824
9.4737
10.3807
9.5033
9.2065
9.0277
8.8603
9.2988
9.5344
9.9585
9.2690
8.8706
9.2133
9.9740
8.9159
9.4833
9.1823
9.4758
9.8281
9.5283
9.6170
8.5653
9.4928
8.9179
8.8038
9.5606
8.9458
9.5981
8.5406
8.0292
8.1421
8.2637
8.0502
8.0720
8.4090
8.7524
8.8100
8.9077
8.7833
8.6511
8.4320
9.0250
8.6182
8.7795
8.7667
8.6327
8.7378
8.9536
9.4920
8.9574
9.2782
9.3339
9.1806
9.8769
8.8341
8.0857
9.2609
9.1275
9.3559
8.8989
9.0505
9.2015
8.8469
8.5841
8.9496
8.6202
8.5602
8.5567
8.7780
8.3762
8.4487
8.3362
8.9458
8.6759
9.1927
8.9626
9.1343
9.2639
9.3342
8.8175
8.9988
9.0599
9.1067
9.2748
9.7839
9.8606
8.9714
9.3435
9.3023
9.1655
9.1332
9.4963
9.2799
9.3070
8.8145
9.4916
9.1920
8.9895
9.2321
9.3763
9.1788
9.1597
9.5061
9.3211
9.1788
9.5369
9.3095
9.8052
9.2774
8.7985
9.9084
9.1615
9.6016
10.1860
10.2950
10.2735
9.1693
9.4627
9.4096
9.3309
8.8426
9.2629
9.5163
9.3455
9.4136
9.4624
9.0795
9.0769
10.0694
9.4003
8.8742
8.5398
9.1215
8.4562
8.6788
8.3081
8.8765
8.4628
8.5036
8.9967
8.7896
9.1436
8.9169
9.3109
9.0979
9.2867
9.0597
9.2308
8.8820
9.7359
9.1527
9.8837
9.4233
8.6438
9.2582
9.3862
9.9394
9.5421
9.4729
9.4070
10.1651
10.2753
9.5503
9.3503
9.0779
9.0541
9.0254
9.4885
8.8060
9.4516
9.7342
9.6465
9.3508
9.0776
9.8464
9.1348
9.1234
9.1888
9.1357
8.9710
8.6716
9.0929
8.7944
8.6015
9.3610
9.1602
8.8491
9.8118
9.7657
9.0814
10.2463
9.2024
9.8117
9.7874
9.5821
9.3108
9.2126
8.8291
8.6761
8.9468
9.1024
9.0544
8.7346
8.9400
9.0012
8.4783
8.7838
9.2877
9.0762
8.7624
8.9204
7.8420
7.6317
8.1412
7.9916
9.0192
8.6503
8.1800
8.2442
8.9006
9.2747
9.1211
7.8496
9.3041
8.5979
8.4381
8.3595
8.3739
8.8462
8.4743
9.1394
8.5754
8.5041
8.6738
8.2310
8.5893
9.1526
8.1990
8.1541
8.6425
8.0792
8.4076
8.3304
8.4602
8.3936
8.3244
8.5589
8.6407
9.5155
8.6534
8.6455
8.7040
9.3661
9.0952
9.4208
8.9365
8.5491
9.0815
8.1652
8.8091
8.6958
8.5184
9.1582
7.8277
8.5010
8.5933
8.7182
8.8299
8.5890
8.4321
8.1915
8.5286
8.6679
8.7525
8.7298
9.0047
8.3770
8.5013
8.0019
8.9360
8.1887
8.5797
9.3534
9.1839
8.8321
8.4109
8.6762
8.0974
8.3970
8.5648
8.3153
8.7586
8.9798
8.8296
8.6982
9.4090
9.5478
9.4730
8.5848
8.9653
8.7428
8.2760
8.7023
8.7011
8.2919
9.0370
8.6617
8.5696
8.9056
8.8372
9.0976
8.7567
8.7791
8.6902
8.4420
9.2139
8.7473
8.1284
8.7616
9.0081
8.9447
8.9569
9.3322
9.2125
9.2730
9.1005
9.5631
9.3103
8.7612
8.6955
8.5929
8.3307
8.4965
8.1098
8.1967
8.2002
8.4334
8.3708
8.0288
8.5275
7.9454
8.4151
8.6546
7.5934
8.0188
7.6139
8.3123
8.2033
7.7103
7.6848
8.2408
8.7921
8.2693
8.6485
9.1120
8.4971
8.5666
8.7302
8.4454
7.9544
8.5008
7.9383
8.7180
7.7537
8.6987
8.3425
8.2002
8.6703
8.6562
7.7743
9.1077
8.3225
8.5905
9.0691
9.2339
9.3151
8.8816
9.6361
9.4615
9.2435
9.8934
9.5052
8.8711
9.0393
9.1294
9.1066
9.8443
9.8199
9.1557
9.2388
9.6886
8.9385
9.2643
9.6546
9.7362
9.0390
8.9203
8.7533
9.7403
9.5506
9.9106
9.2690
9.7941
9.7693
10.1071
10.1575
9.5657
9.2022
9.6874
9.4901
10.5693
9.8320
9.7971
9.6377
9.6995
9.5536
9.6009
9.2273
9.4287
9.5988
9.3159
9.0580
9.2886
8.9268
9.3142
9.5577
9.4056
9.0116
8.8374
9.3284
9.0676
9.4428
9.5785
10.1794
9.9735
9.5041
9.6710
9.9624
9.8927
10.1818
10.5514
10.9807
10.2469
10.7829
10.8124
10.7063
10.4024
10.1282
10.1632
10.0898
9.8908
10.2042
9.9196
10.4246
10.0759
9.8950
9.8868
9.8684
10.0942
10.7742
10.0294
9.6054
10.9712
10.0724
10.4805
9.8254
9.8161
9.9199
9.2974
9.8038
10.1186
10.0263
9.9040
9.9752
10.1664
10.4236
9.7901
10.3416
10.0469
9.8739
10.4262
10.2310
9.8627
9.3947
9.9463
10.1406
9.2570
9.4279
9.5471
9.5763
9.1371
9.2560
9.3535
9.6675
9.5332
10.4835
9.9858
9.4569
9.4904
9.7927
9.4598
9.5827
9.7571
9.3755
9.0656
9.7581
10.1209
10.3225
10.1356
10.3457
9.9433
10.4582
9.9046
10.4921
10.1870
10.0417
10.2503
10.1830
10.4147
10.8706
10.8697
10.1280
9.7256
9.9616
9.3083
10.2563
10.1312
10.3548
10.0330
10.6383
9.4879
9.7060
10.1159
10.3074
10.3245
9.6583
10.1999
10.2971
10.4153
9.7270
10.5283
10.2398
10.3354
10.2079
10.0002
9.7272
9.7630
9.5869
9.6470
9.8348
9.4850
9.8094
9.8860
9.9960
9.6539
9.5495
9.5441
10.0780
10.5246
10.1641
9.7416
9.0191
8.9610
8.9217
8.9447
9.9641
9.9816
10.1561
9.9474
9.1626
9.5365
9.1154
9.4755
9.0310
8.7488
8.9302
9.2820
9.8147
10.1924
10.1428
9.9436
9.7597
10.1986
9.6760
9.7643
9.7413
10.1271
10.1057
9.9358
9.5208
9.7071
10.1302
10.4863
9.1267
9.3850
9.1962
9.2974
9.7987
9.4211
9.4720
9.1916
9.2719
9.8179
10.1666
9.3771
10.1532
9.3191
9.1974
10.1792
9.9730
10.0992
9.9112
9.7969
9.2397
9.4387
9.3678
8.8983
9.6130
9.2969
9.5754
9.9221
9.8496
9.7922
10.5546
10.4350
10.4093
9.9318
10.4090
10.0948
9.8291
9.8257
10.0848
10.1319
9.8814
9.9130
10.1337
9.0796
9.3061
9.9221
10.6548
9.4985
9.6059
9.1318
9.7305
9.6220
9.8056
10.4891
10.8041
10.9630
10.6170
10.5261
9.9302
10.0576
9.5726
9.4919
9.5538
9.6412
9.5355
10.0649
9.3997
9.8533
10.0103
10.0256
10.5988
9.9596
9.5469
9.4672
9.9567
9.8919
10.1554
9.5613
9.0076
8.9178
9.3422
9.2561
8.9139
9.3655
9.2331
9.5638
9.5358
9.0228
9.5106
8.8762
9.0190
9.4352
9.3083
9.8139
9.5903
10.5443
9.6163
10.5951
10.1857
9.8443
10.0134
9.9517
9.3876
9.1458
9.6813
8.9191
9.5104
9.8231
10.0472
9.9150
9.6733
9.5086
9.5509
9.2450
8.8713
9.0916
9.4355
9.7854
8.9827
9.1939
9.5190
10.2176
10.4545
9.9195
10.1847
10.1330
10.3847
9.6938
9.5072
9.5953
9.6430
10.4970
10.2265
10.2269
9.4963
9.4340
9.8683
10.0060
9.4093
10.0190
9.8263
9.1568
10.1188
9.8074
9.7686
9.7129
9.0158
10.0317
10.3201
9.7608
10.0393
9.4557
9.3856
9.4397
10.1361
9.4751
9.4143
9.3915
9.5243
9.2121
9.8281
9.4005
10.2115
10.1081
9.8561
10.3354
10.0342
9.6366
9.4176
10.0205
9.8692
9.4635
9.0269
9.1665
9.6538
9.7832
9.9226
9.8812
9.7143
10.5152
9.9589
9.5258
9.0368
9.1211
9.9990
9.6821
9.9355
9.6288
9.3740
9.5881
9.0334
9.0726
9.7833
9.4138
9.5871
8.9980
8.9012
8.7499
9.0344
8.9407
8.9211
9.8326
9.1578
9.4781
9.1107
9.0838
9.3244
9.0223
9.8259
9.5530
8.9467
8.9608
9.1768
9.0548
8.9294
9.3809
9.6502
9.5213
9.8589
9.2700
9.5291
9.8380
9.3224
9.9696
10.0335
9.7455
10.7453
11.0183
10.0963
10.7011
10.0633
10.4378
10.6052
10.3513
10.7477
10.4832
10.4246
11.3791
10.3971
11.0326
11.1859
10.1980
9.9325
10.0817
10.4317
10.4109
11.0192
11.2868
10.5624
11.1388
11.1888
10.8906
10.9984
11.3823
10.7510
10.1339
11.1019
10.9572
10.8855
10.3361
10.1690
10.4578
10.6181
10.5411
10.6924
10.2309
10.3394
9.8270
9.7133
9.7817
10.4864
10.2759
9.5534
9.4491
10.0835
10.1338
10.5562
10.4300
9.9069
9.5317
10.0423
9.6502
9.6276
10.1793
9.6208
10.0456
9.4720
9.5576
9.6631
9.4406
10.5173
9.3803
9.7929
9.8709
9.6123
9.7167
10.5016
10.3937
10.7769
9.9492
9.5250
9.4465
9.3389
9.5621
9.1192
9.3048
9.6585
10.3183
9.6914
9.1235
8.8423
10.0462
10.6265
9.2432
9.7628
10.3845
9.7854
9.7602
9.5280
10.3020
9.8700
10.5082
9.6054
9.8926
9.7649
9.8045
9.9540
9.5482
9.9688
10.5757
9.8698
8.9536
9.2395
8.5206
8.9280
8.8058
9.1872
8.8092
9.3718
9.2256
8.8450
8.9242
8.4678
9.5242
8.7675
8.8712
7.9979
8.8418
8.8852
9.3035
9.0785
9.6255
9.6286
10.3180
9.8714
10.5914
9.8164
9.2349
9.8058
10.4685
9.9119
10.3904
10.1231
9.5758
10.2740
10.1106
10.2579
9.3704
9.1125
9.0839
9.2979
8.9647
8.7129
9.9799
8.9790
9.1170
9.0307
9.9301
9.6818
9.5435
9.0482
9.5435
9.7296
10.4551
10.2137
9.5793
10.1561
10.6668
10.8119
10.2816
10.1923
9.3531
10.7201
10.2792
10.1745
9.5316
10.2957
9.3652
9.6707
9.6503
10.3700
9.9742
9.6699
9.9157
9.9790
10.2756
10.9588
9.8139
10.1362
10.3832
9.9040
10.0943
10.0704
9.4006
9.7107
9.3767
9.4577
9.6753
9.4450
9.3192
9.9858
9.6080
9.8262
9.7899
10.5087
10.7778
9.7853
9.4838
9.4371
10.0183
9.6354
10.4003
10.1154
10.2773
10.3458
11.0582
10.6381
10.7052
10.2044
9.8656
9.9716
9.4748
9.9149
9.9208
10.0184
9.2929
9.4417
9.5243
8.7712
9.7305
9.9930
10.1520
10.4118
10.6112
10.5458
10.5189
9.7862
11.2538
10.5843
10.4489
9.7799
9.7577
10.6203
10.5735
10.3244
9.5242
10.0297
9.7747
9.4396
10.3727
9.6739
10.5814
10.2343
10.9455
10.2317
10.2841
10.2324
10.2683
10.3981
9.7568
9.8674
10.1911
10.1162
10.1915
9.8860
9.9735
9.7480
10.0946
9.8789
9.3905
10.0013
10.0418
10.2015
10.5209
10.0740
9.9023
10.2895
9.3088
9.6488
9.0906
9.4632
8.7035
9.3052
9.3393
9.5114
9.5863
9.9317
9.7294
8.9240
8.4267
8.8811
8.8806
9.0746
9.6868
9.2905
10.2140
10.0478
9.6521
9.4411
9.4679
9.5851
10.2735
9.7480
9.6019
9.6666
9.3730
9.6621
9.3931
9.1738
9.4349
8.9690
9.4619
9.5033
9.2682
9.3399
9.4387
9.4399
9.5666
9.8014
9.8778
9.3651
9.6295
9.2391
9.3386
10.2976
8.9003
9.0960
9.4800
9.3522
8.7075
8.9194
8.6197
8.9470
9.4029
8.8309
8.8969
10.2021
9.1746
9.5408
10.4881
9.4240
9.3695
9.6662
8.7694
10.1304
9.2446
11.1257
9.3825
9.1996
9.7621
10.1424
9.9174
9.7238
10.5001
9.9772
9.9319
10.4317
9.8992
9.0899
10.2068
9.5765
9.2519
9.1879
9.4989
9.1986
9.4602
9.1332
8.5988
8.8846
8.6563
8.9557
9.6487
9.3585
9.8941
9.7914
9.3552
9.3744
9.3796
9.4882
10.0874
9.2315
9.7775
9.3747
9.3170
9.3974
9.2469
9.4647
8.9385
9.9838
9.9243
9.6864
9.5668
9.9097
9.5036
9.5905
9.2568
9.3069
8.6889
9.1033
9.4442
8.4457
8.5587
8.6608
8.7821
8.3395
8.9537
9.2156
8.6579
9.0023
9.1262
8.9418
8.6470
8.3361
8.4521
8.5704
8.8718
8.1141
8.6140
8.6927
9.5100
9.2549
9.2605
8.8965
8.7220
9.0244
10.6753
10.0572
9.2711
9.9155
9.3872
9.6825
9.1177
8.9689
9.0931
9.5378
8.9221
8.7138
8.4868
8.1608
8.9104
8.7561
8.9236
8.6721
9.1054
9.5983
8.7204
9.0365
9.3897
8.7536
8.6523
8.4198
8.9433
8.4527
8.4884
9.1305
8.7887
8.7204
9.1911
8.6230
8.4666
7.7426
8.1345
8.5213
8.1065
8.0359
7.9561
7.7067
8.1806
7.6930
7.9678
8.6756
7.9751
8.0833
8.6820
8.5728
8.8200
8.9688
8.2492
8.1163
7.9632
8.2103
9.1910
8.3092
8.4554
8.9693
9.1711
9.3801
9.3625
9.3047
8.7932
9.1971
9.5498
9.5767
8.8947
9.5775
9.5562
9.4416
9.6331
9.2114
9.6632
10.0210
9.2730
10.1679
9.7676
10.0516
9.9985
10.2036
10.2411
9.6435
10.5314
9.8898
10.2792
10.1365
10.1275
9.5571
9.7726
9.3030
9.6279
11.1292
10.5122
10.0162
10.0795
9.7918
9.8388
9.9231
10.4036
10.2775
9.4852
9.5627
9.2918
10.3547
10.0153
9.5969
9.6467
10.2899
8.9730
9.2353
8.4151
8.9587
8.6550
8.9282
8.7319
9.7957
9.5713
9.2761
10.2220
10.3110
10.0834
10.1305
10.3253
10.2817
10.7602
9.6200
9.8235
10.1791
10.5412
9.9615
10.1758
9.9731
9.6978
10.0183
9.5607
11.0196
9.9919
10.2579
10.0120
9.9851
9.9514
9.9244
9.4202
9.7590
10.1337
10.1732
10.0911
10.1360
9.5748
10.6590
10.3007
10.5241
9.8813
10.8548
11.0187
9.9584
10.9107
10.1322
9.9616
9.9874
9.6721
9.8550
10.0890
10.1335
9.4866
9.8234
10.2085
9.8716
10.0956
10.2834
10.0216
10.2437
10.2258
9.7333
10.1124
10.0431
10.1455
10.3835
10.2554
10.2719
10.1892
10.1574
10.7305
10.1784
10.7921
9.6697
10.7828
10.6352
10.3804
10.9475
10.1737
10.5835
9.9341
9.2603
9.9164
9.2809
9.3675
10.3582
10.3330
10.3412
9.8496
9.9124
9.8168
9.2444
9.2106
9.1192
8.9009
8.8801
9.1844
9.2400
9.5814
9.3057
9.1970
9.3273
8.7712
9.6222
9.1944
9.8625
9.9501
9.3136
9.5005
9.2631
9.4432
9.4078
9.2693
9.4236
8.7514
8.5878
9.1252
9.6026
9.5208
9.3809
8.8223
9.0880
8.4948
8.4195
8.5324
9.0185
8.7902
9.2949
10.6283
9.9083
8.8695
8.7533
9.3785
9.7081
9.9198
9.8470
8.8579
9.8387
10.3071
10.9421
10.1265
9.9591
10.0727
9.9333
9.0390
9.6434
10.0612
9.7978
10.4653
10.5256
9.9634
10.3051
10.3487
10.8200
10.0550
10.2247
9.7710
9.7087
10.0179
9.3875
10.5261
10.2157
9.4004
9.5855
8.8354
8.9222
9.8541
9.3518
9.3156
9.5321
9.2198
8.9787
9.0798
9.3086
10.1904
10.2514
9.8940
9.9515
9.9372
10.5760
10.4431
9.8662
9.6065
10.1009
10.6276
10.5776
10.8130
10.6508
10.2853
10.0663
10.2168
10.2560
10.7362
11.2328
10.4010
10.3304
9.6347
9.8294
9.6930
9.1944
9.6367
10.6787
10.0502
9.3410
10.4183
9.7972
9.3908
10.0669
10.0556
9.6017
10.1286
9.6449
9.7894
10.6840
11.0146
10.6339
9.7850
10.1993
10.0169
9.6816
9.7961
9.5455
9.2128
9.1183
9.8000
9.6246
10.1518
9.6420
10.0487
9.8474
10.5330
9.6379
9.9703
9.7262
9.3962
10.1595
10.1316
10.5271
10.4054
9.6977
9.7634
10.4710
10.3514
9.5858
9.8163
9.7057
9.8205
9.0574
10.2516
10.0812
9.8207
10.2420
9.5900
9.6042
9.4930
9.5631
9.7800
9.3871
10.2008
9.5440
9.9009
9.4521
9.5245
9.6207
9.6616
9.7996
9.0850
9.6898
9.4582
9.1902
9.7872
9.9659
9.4967
10.3231
10.1298
10.4917
9.9584
9.4450
10.1081
10.5482
10.5023
9.5308
9.5784
10.2055
9.0909
9.5931
9.3024
9.9846
8.8004
9.2807
9.6187
10.2915
10.2065
9.5854
9.9380
9.0732
8.9393
9.3140
9.5363
10.3052
10.1924
10.9553
9.9826
9.8391
9.9748
9.6486
9.4011
9.5470
9.6084
9.9253
8.9710
10.0212
9.5915
9.8483
9.5322
9.4053
9.3456
9.4644
9.2462
8.9985
9.3232
9.0365
9.4434
8.9690
9.3526
8.9539
9.4218
9.6370
9.4605
8.9666
9.8501
10.1629
9.7625
9.8702
9.4963
9.6696
9.6504
9.4910
10.0258
9.8738
9.7246
9.6611
9.2210
10.4978
9.4258
9.4831
9.6279
9.4979
9.1668
9.6147
9.0832
9.7610
9.7702
8.6829
9.5149
9.5382
10.1979
9.8947
9.7074
9.3237
9.9494
9.5682
9.7829
9.6253
9.6309
9.8966
9.9179
9.7532
10.3420
9.8243
10.2580
9.9674
9.8172
9.1749
10.3289
8.9412
9.8838
10.0804
10.6631
9.6782
9.6780
8.9759
10.3478
10.1315
9.7500
10.0165
10.2581
11.0411
10.4959
10.3381
10.7375
10.1290
9.9993
9.8521
9.6012
9.3618
9.6619
10.1599
10.4230
10.8173
11.2372
11.0448
10.0872
10.6552
10.9591
11.2230
11.0522
11.7192
11.2533
11.3254
10.9687
10.6322
10.6095
10.5555
10.3090
10.6673
10.5028
10.1583
10.0107
9.9105
9.4255
9.0461
9.9659
9.4334
9.5574
9.1950
9.5303
9.1571
8.9521
9.0905
10.9193
10.1185
10.1598
10.3240
11.3073
9.3464
9.2777
9.4235
9.7060
10.6767
10.1547
10.3635
9.8408
9.7627
9.3797
9.7488
9.3810
10.0180
9.9531
9.9166
10.1144
9.7933
8.7087
9.1101
9.1035
8.4736
9.1437
9.2429
9.3766
9.2834
9.5417
9.7303
9.9715
9.1951
9.4951
9.4940
10.2120
9.8819
9.5907
9.4204
9.2374
9.0256
9.0519
9.6497
9.6537
10.0194
9.5243
9.2917
9.7472
9.8235
9.6898
9.6664
9.2757
9.4890
9.4694
8.8672
9.1416
9.8607
9.9457
10.5883
10.8253
10.1992
10.6827
10.6306
10.8124
10.3590
10.2641
10.6874
10.3039
10.2242
9.1703
9.9038
10.8679
10.9434
10.3960
10.6450
11.0161
10.1762
9.6098
9.7456
9.3650
10.1899
9.9833
9.4723
9.2457
9.7508
10.2593
9.7005
9.7481
9.7379
10.6882
10.4147
9.7932
9.8494
10.4095
9.3647
9.4522
9.8908
10.0015
9.7682
9.5118
9.7668
10.2461
10.6644
10.6118
10.0667
10.2794
10.5427
10.8343
9.8539
9.6412
9.8513
9.8376
10.2641
9.4299
9.9943
10.3429
10.7485
10.3084
9.8521
9.5832
9.4297
10.7572
10.5005
10.0303
9.7817
10.0070
10.1981
11.2742
11.0814
11.3378
10.4960
10.6022
11.4955
10.2026
11.0019
10.0846
9.9438
9.7836
9.9010
10.0313
9.7780
9.6302
10.4954
10.2828
10.0345
9.5475
9.7534
10.5443
10.4263
9.0648
10.3586
10.4286
9.7075
10.2844
10.3065
9.7868
9.6414
10.0204
9.6997
10.0968
9.2819
9.8401
9.5762
9.9513
9.3400
10.0685
10.3139
9.9664
9.7411
9.5832
10.0425
9.8386
9.4941
9.5597
9.1939
9.7491
10.3996
9.5943
10.0021
9.9384
10.0814
10.2326
9.9519
9.6484
9.3764
9.6034
9.1116
9.5728
9.3533
9.1934
9.5383
9.9676
9.2944
10.3093
9.8071
9.6894
10.5372
9.9992
9.9858
9.5653
9.2542
9.6932
9.4091
9.3366
9.1570
9.2393
9.5072
9.6680
9.1141
9.5752
9.6213
9.6870
10.0052
9.6759
10.0146
9.9190
9.7704
10.3432
10.0378
9.6094
9.5503
9.1566
10.1538
10.7023
10.1883
10.6989
9.7829
9.8780
10.3897
9.8409
10.6692
10.1521
9.2238
9.4607
9.8912
10.1366
10.5172
9.3245
9.4603
9.2942
9.9825
10.8194
11.2884
10.5949
10.3869
10.7875
10.3034
10.1352
10.4309
10.2083
9.2533
9.6912
10.0842
9.1591
9.6851
10.1790
10.4442
9.9683
9.8865
9.8725
9.0828
9.5972
10.3730
10.1165
10.4390
9.9047
10.3713
10.0458
10.3872
10.6064
10.3140
10.3548
9.8216
10.1359
10.5073
10.1459
10.9724
9.7644
10.4028
10.3071
10.8044
10.4494
10.5848
10.6201
10.4544
9.9157
9.6663
9.9913
9.1707
10.0668
9.4705
9.8003
8.7989
9.2092
9.6814
9.7400
10.0095
9.6324
9.6317
10.3684
9.2699
9.5035
9.7836
9.8967
9.7510
9.4635
10.3783
9.4068
10.0265
10.0409
10.3231
10.3685
10.4535
9.8497
10.0711
10.1447
9.9842
10.0686
10.2971
10.1861
10.0704
10.2470
10.7528
10.6858
10.0578
9.5909
9.9019
9.8362
9.7662
9.2230
9.7831
10.0357
10.2978
10.3571
11.4731
11.5325
10.6554
11.3220
10.9557
11.3122
10.6577
11.1253
10.6958
10.0715
10.4597
11.0866
10.9962
10.5590
10.1662
10.3712
10.2932
9.9175
9.0788
9.3917
10.7196
10.1708
10.3928
9.7006
9.8620
10.6446
10.0426
10.8257
10.7165
10.7124
10.9269
9.9683
10.4658
10.0340
10.4522
10.0938
10.6044
10.4540
9.7173
10.0386
10.8812
10.4416
10.1395
10.0403
10.5447
9.6403
10.1856
9.6896
10.4946
11.2016
11.1298
11.1538
10.4948
10.5948
10.9981
11.4264
10.0212
10.4271
10.0229
10.1377
9.8872
10.4828
11.2888
11.2996
10.4846
9.7010
10.5456
9.5050
10.6445
10.2044
10.6550
9.8984
9.5670
9.3886
9.3067
9.6364
10.4153
10.0510
10.2890
10.6839
9.4494
9.8314
10.1868
9.3542
9.3363
9.5493
9.8656
10.5873
10.1431
9.9332
9.9074
10.1009
9.6279
10.0075
9.5263
8.8884
9.6550
10.5029
10.0875
9.9278
9.7691
10.0917
9.2882
9.2650
8.9819
8.9898
9.9166
9.2589
9.0394
9.9424
9.0161
10.0675
10.1395
10.2294
10.4600
9.9232
9.3876
10.0963
10.9734
10.2230
9.8648
10.3078
10.4316
10.3441
9.9143
10.0336
10.6510
10.2371
10.5197
10.4426
10.1936
10.7251
10.7611
10.4209
10.1932
10.1748
11.3093
10.2704
10.4725
10.2237
10.7376
10.4646
11.8858
10.7550
10.7101
10.8256
10.7227
9.4897
9.7231
10.1200
10.1102
9.2805
9.4035
11.0996
9.6555
9.3677
9.3483
9.9814
10.0138
10.2700
9.9204
8.9389
10.3148
10.0758
9.3968
9.6887
10.1888
9.9522
9.9131
10.3356
10.1541
9.8987
10.0424
10.2450
10.4025
10.1159
10.4447
10.0063
9.4220
10.4275
10.2867
10.8743
10.5219
11.1553
10.1334
9.5473
9.7782
10.8744
10.0203
10.5677
10.4121
10.5991
10.8903
9.7888
9.3805
9.6246
10.3265
10.4154
9.8725
10.3958
9.8639
11.0764
10.7234
11.4653
10.6716
10.9758
10.9035
11.1302
11.3159
11.7397
11.1961
11.0522
11.3763
10.7375
12.1608
11.3181
11.1128
10.4921
11.4050
10.0458
10.6212
11.4533
11.1365
11.0003
10.6838
10.9183
10.8090
10.7305
10.0768
10.8652
11.0850
10.7054
10.7045
10.9350
10.4255
11.1778
10.1424
9.8298
9.1105
9.1900
9.1276
9.7889
9.3916
9.9975
9.0220
9.5593
9.7834
10.2649
10.2728
9.9651
10.7604
10.0558
9.6889
9.8839
9.1019
9.2121
9.7288
9.3260
9.8418
9.7043
10.5015
10.6393
10.1563
10.3002
10.6465
10.2333
10.1711
10.0248
9.5809
10.0906
10.7711
10.8281
10.4317
11.0245
9.9826
10.8591
10.8471
10.0101
10.4109
10.0046
10.3565
10.7744
11.4724
10.0426
10.7017
11.2453
11.1129
10.9576
10.5217
9.9896
11.2897
10.4679
11.1029
10.8876
11.0227
10.8913
10.5158
11.1264
11.1933
11.3981
11.0015
11.6857
10.8747
11.5259
11.3416
11.1654
11.6913
11.7396
11.2917
10.4581
11.1558
10.6952
11.2040
10.6134
10.2158
11.2394
10.7391
10.6468
11.3145
11.0597
10.5286
10.9093
11.1009
11.4902
11.4286
10.6872
11.8020
11.3579
10.6738
10.6731
10.7017
10.9507
9.3596
9.8130
10.0569
10.5492
10.4166
9.8740
10.7825
10.6510
9.9406
9.9816
10.2724
10.8796
10.0150
10.1915
10.3424
10.2130
9.9409
9.4494
9.6477
10.2988
10.2720
9.9032
9.7861
10.6270
10.1927
10.1731
10.2301
9.6811
9.8990
8.8314
9.4401
9.8128
11.1006
10.6064
10.0477
9.6845
10.0604
9.2849
10.8099
11.0522
10.1195
10.7241
10.2621
10.3065
10.6591
10.7850
9.8232
11.1154
10.4723
10.2661
10.1717
10.6047
10.8681
11.5092
11.0640
10.8139
11.2022
11.3633
10.7874
11.1983
11.2321
10.7296
10.5827
11.2706
10.9449
10.9642
11.1229
11.2823
11.3548
10.9914
11.0663
10.4093
10.7100
10.8694
11.0697
10.4489
11.5254
10.5642
11.3581
11.0561
11.0829
10.5625
10.2589
10.1349
11.3117
10.9912
10.5971
10.0944
10.5528
10.6903
11.0421
10.2614
10.4039
10.5359
10.4001
10.3064
9.7132
10.1859
9.8378
8.9293
9.3627
9.1960
10.0091
10.0795
10.2519
9.9277
10.0473
10.5627
11.3101
10.3300
10.0428
11.6012
11.0313
10.6244
10.4282
10.1978
9.3765
10.2217
10.7861
10.3430
10.3266
11.1225
11.5975
10.5380
10.8200
11.1596
10.8839
11.0114
9.8386
9.9353
9.5166
9.8373
10.9063
10.2883
9.3997
9.6761
9.5801
10.1945
9.3953
10.3292
9.5349
9.5836
9.6641
9.1354
10.1827
9.9615
9.6924
9.6458
9.4067
9.9560
9.9587
9.6431
9.9766
10.8293
9.9839
10.2008
10.1387
10.1043
9.9707
10.2440
9.6521
9.8264
9.5240
10.0992
10.3755
9.7726
9.6129
9.3457
9.4429
9.1501
9.7366
10.6170
10.6950
10.5268
9.6716
9.9555
9.7945
9.9338
10.5320
10.5151
11.0117
9.9968
10.1932
10.3626
9.9365
9.5415
9.7605
10.1625
9.5463
9.9717
9.5226
9.9289
9.9204
11.0064
10.4748
10.3716
10.3208
10.3680
10.9769
10.1432
9.7790
10.4973
10.1015
10.7239
10.0906
9.9320
10.5186
10.0115
9.2302
9.5845
9.8214
10.5290
10.2849
10.0227
10.5836
9.7894
9.8599
9.8791
9.7105
9.7796
9.7702
9.9091
10.4160
10.4562
11.0262
10.5698
9.1517
10.1259
9.7316
9.9917
9.5786
9.3506
9.8408
9.7105
9.9818
9.7676
10.6585
9.7311
10.0731
10.3971
10.0245
10.4727
11.0349
10.8699
10.2134
10.6158
10.2566
11.0104
10.0521
10.3311
11.0328
10.6490
10.2752
10.1164
9.9625
10.8997
10.9846
10.8340
10.7754
11.3614
10.0332
10.8615
10.1655
10.2206
10.2821
10.8432
10.6604
10.9756
10.9161
10.5437
11.1252
10.6286
10.4584
10.5560
9.9818
9.3581
10.4693
9.4707
9.5021
10.0580
10.2987
10.1120
10.3138
10.0919
11.1345
10.6211
9.3338
9.7017
9.3940
10.5764
9.5282
9.8966
9.8894
9.7974
10.6543
10.2040
10.4452
9.6516
9.6119
10.2331
10.5494
10.8056
11.5588
10.9745
10.8447
9.8905
10.9788
10.2286
10.8066
10.5468
10.2357
10.2535
11.2238
11.1944
11.0383
10.4325
11.6983
11.3993
10.9403
10.4487
10.8758
10.4574
10.1379
10.1214
10.6884
10.6647
10.4514
10.9125
10.6523
10.1074
10.1204
10.3823
10.7260
10.5635
10.7508
11.1572
10.9968
10.8653
10.8981
9.8711
10.4061
10.5394
10.2558
9.8743
9.9482
10.4645
10.2474
10.5681
10.2050
10.5366
10.7260
9.2280
9.5857
10.4647
9.8644
10.1589
10.0081
9.6486
10.7161
11.1243
10.2510
10.5112
10.5689
10.4118
10.5033
9.4519
9.3719
9.3659
9.9075
10.6655
10.0280
10.4099
10.7586
10.4147
10.0524
10.7107
11.3854
11.3995
10.3878
10.3030
10.6668
10.2508
10.7678
11.0047
10.7063
10.9643
10.8260
10.9701
11.1035
11.2235
11.0697
10.9114
10.6971
9.8680
10.8148
10.0628
9.9927
10.1990
10.8944
10.3801
9.4231
10.6018
10.6065
10.1559
10.8159
9.9685
10.0327
10.1666
10.4352
10.4594
10.2058
10.4099
10.5594
10.0190
10.2593
9.9840
9.5428
11.2669
10.7896
10.5448
10.0309
10.4689
11.4833
10.5564
10.6129
10.0228
10.2247
10.6204
11.1133
11.4742
10.7327
10.6199
11.0704
10.2721
10.5460
10.4497
10.7346
10.2062
10.6959
11.2310
10.5585
9.9441
10.4369
10.0314
9.9085
10.3551
9.9963
10.6437
9.9561
9.2634
10.5026
10.1092
9.5038
10.0659
9.8417
10.6086
10.4277
10.1334
10.2183
10.4533
10.7699
9.7944
9.8448
9.7690
9.3599
8.9747
9.5587
9.6550
9.7968
10.2971
9.9027
9.6308
10.8872
9.6703
10.7521
10.1303
9.7883
9.9989
9.8329
9.4677
10.0537
10.2485
9.6151
10.4452
9.5695
10.3942
9.7305
9.9214
9.9169
9.8154
9.7219
9.3690
10.0744
10.6983
10.9859
10.8417
10.2394
10.9979
10.2810
10.6212
11.0597
9.8786
10.3505
10.4701
9.5646
10.1734
10.1796
10.0739
9.5237
10.1206
9.5063
10.1573
9.7660
9.6275
10.2818
9.9003
10.1994
9.6550
9.7530
9.9152
10.3138
9.5772
9.7608
10.2158
10.5363
9.4263
10.4272
10.0666
10.4470
9.6494
10.3273
9.9143
10.2642
10.1956
10.1587
10.3376
10.2750
11.1515
10.7734
10.0199
9.7093
9.7329
9.8817
10.2443
10.3124
9.7415
8.9236
9.5239
9.8718
10.5228
9.8200
9.7644
9.2877
10.2698
9.9381
10.2331
10.0724
10.1645
10.4054
10.0310
8.8182
9.8342
9.4070
9.6931
10.1105
9.7201
10.1509
10.0573
10.2712
9.8230
10.4093
10.2828
10.4677
10.2801
10.0301
9.5033
9.2465
9.6690
10.3974
9.5794
10.0968
10.7073
9.1704
9.8366
9.5218
9.7959
9.6175
9.5577
9.6535
9.3048
9.5722
9.9698
9.6886
9.5565
9.6106
9.7480
10.7147
10.2321
10.2811
9.6361
9.6838
9.9565
10.3907
9.4727
10.0387
9.7442
9.5774
9.9667
9.4104
9.8716
9.3755
9.6534
8.8864
8.9289
9.6962
9.5982
9.4726
10.7844
9.3185
10.4913
9.7469
9.9091
10.1123
8.9330
9.3348
9.5085
9.5905
9.8349
9.8041
8.9420
8.8858
9.3119
10.3599
9.7240
9.7647
9.5439
9.8524
9.9580
9.6467
9.7940
9.5557
9.1745
8.6932
8.9444
9.5593
8.6075
8.9362
9.2676
10.2280
9.7136
9.4461
9.7801
9.5939
9.4211
9.3902
9.3156
9.4348
9.3684
9.1889
9.3153
9.3634
10.6349
9.9082
10.1733
10.3907
10.1349
10.4542
10.4902
10.6558
9.7208
9.8642
10.4729
10.0455
9.3768
9.7552
9.7398
9.7391
9.9457
9.5014
9.4915
9.6848
9.8355
9.4331
10.2892
9.8946
11.4148
10.1490
10.3103
10.0913
10.6554
9.8867
9.9227
9.1789
10.0034
10.4132
9.4775
9.6705
10.2721
9.4813
10.3604
10.1989
10.6038
10.0391
10.5440
10.3534
9.7055
9.6408
9.6075
9.3994
10.1840
10.6376
10.3578
10.8449
9.9566
10.3294
10.3847
10.6887
11.1067
10.5215
10.3531
11.4377
10.7753
10.9399
10.2732
11.0765
10.4617
10.1752
10.4985
10.5354
10.9398
10.5974
10.4046
11.0579
10.9258
11.0751
11.0701
10.5289
10.5896
11.2109
10.8138
11.4050
11.7780
10.5570
11.1864
11.0083
10.4395
11.1644
10.9770
10.5561
10.0019
10.3558
10.1757
10.6321
10.3439
9.9085
9.7580
10.4412
10.4368
10.2622
10.2096
10.6292
10.4857
9.7645
9.9928
9.9618
9.7780
9.8102
10.1639
10.7858
9.6950
10.0511
9.6409
9.9739
9.7598
9.8869
10.2871
10.1433
10.5509
10.5043
10.8932
10.2030
11.3906
10.6814
11.0120
11.1279
11.6980
11.3974
11.5182
10.4110
10.5996
11.0636
10.8027
10.3630
10.7728
10.4930
11.1127
10.8975
10.9567
10.5592
10.6298
11.5842
11.0755
11.0827
10.7287
10.2169
11.2863
10.4718
10.6197
10.0302
10.4559
10.5382
11.1752
10.7035
10.9673
10.8286
10.8853
11.5223
11.3641
10.4246
10.3462
10.0255
10.2242
10.1716
9.6154
10.7864
11.2869
10.7606
11.0282
11.0146
11.6990
10.4735
10.9635
10.5818
11.1286
10.8211
10.3101
10.8182
11.5437
11.0224
10.8949
11.1060
10.4754
10.2332
11.1863
11.1532
11.1169
11.3057
11.4848
11.4074
11.5625
10.9687
10.9385
10.5446
11.2106
10.7330
10.4599
9.7413
10.7696
11.0737
10.3244
10.4655
10.2090
10.7071
10.5186
10.5513
11.0297
10.1856
10.2770
9.8275
10.5764
10.5983
10.5258
10.2152
10.4213
10.7077
10.6986
10.3407
9.6925
9.9221
10.3913
10.3001
9.9540
9.6451
9.8038
10.6658
9.7544
9.7116
9.6217
9.3721
9.4632
9.8171
9.9998
10.6324
10.0130
10.3035
10.1842
9.8571
10.3940
10.1538
9.7860
9.8388
9.9898
9.8006
11.1237
9.4645
10.6804
10.6426
10.3967
10.1474
10.2970
10.6878
10.6492
10.3038
11.2654
10.5612
10.0561
9.4663
9.5862
9.8911
9.9292
9.9259
9.7979
9.9897
10.6104
10.3776
10.3049
8.9753
9.8475
10.4998
9.8159
9.9425
9.9653
9.6743
8.7173
9.3831
9.4875
9.8822
9.7143
10.3582
9.6403
10.7850
10.2350
9.9088
9.6844
9.3786
9.2649
8.9718
9.7493
9.5144
10.2559
9.7182
10.5596
9.3901
9.5776
10.3755
9.9973
9.9090
9.1351
9.7692
10.3662
10.1083
10.5046
11.2276
10.0759
10.3958
10.2218
9.9687
10.5273
10.0264
9.8954
10.0506
9.8762
10.5276
9.8314
9.8493
9.9587
10.4655
10.8461
10.8444
10.7553
10.8290
11.3391
11.0865
10.9996
11.0637
11.2015
10.3292
10.5686
10.8756
11.1534
11.8279
10.9944
10.0223
10.8887
10.7761
10.9268
9.9298
11.4367
10.8165
10.7689
11.1670
10.9869
9.9522
10.6054
10.9461
10.9123
10.9613
10.7576
10.8928
10.2848
10.6080
10.6482
10.6665
10.7055
10.7405
10.6639
10.3029
10.3113
10.4514
10.6636
10.7069
10.1873
10.4000
10.8031
10.8565
10.4034
10.4387
9.1848
10.5686
10.5728
10.4785
10.5340
9.8810
11.5784
10.3533
10.5750
9.9901
11.1591
11.0338
11.8790
11.2972
10.7521
11.0628
11.0605
10.6044
11.4548
10.3509
11.1949
10.7439
11.2513
12.5687
11.7910
11.0677
11.1738
11.2299
11.7824
11.3451
11.4172
10.9616
10.7407
9.9667
10.0976
10.5418
10.3965
10.1346
9.9918
10.4450
10.9210
10.7036
11.0077
11.2569
11.4616
11.4355
10.9882
10.7702
10.9632
10.2411
10.1129
9.8616
10.4612
9.8404
10.7043
10.8411
10.7221
10.4005
10.5303
10.3565
10.2401
10.9640
11.5841
11.1541
11.6441
11.2583
11.8009
11.3955
10.7190
10.3060
11.0919
10.2805
10.3367
10.8511
10.7268
10.6856
10.6327
10.9643
10.7424
11.4607
10.0865
10.1981
10.1990
10.1650
9.6049
9.5880
10.5946
9.9936
10.5048
9.5202
10.1628
10.2624
10.2016
9.1964
9.5072
9.4544
10.0374
9.5150
9.8354
9.8846
8.9407
9.7037
8.9231
9.2371
8.5810
9.1708
9.6358
9.1609
8.8705
9.4163
9.5689
9.3350
9.4761
9.9089
10.0078
9.3873
9.5090
9.6556
9.8358
10.5145
10.3786
10.9561
10.6733
10.3927
10.4941
10.4665
10.5317
11.3632
11.3095
10.7475
10.8385
11.2436
11.0601
11.6813
11.3285
9.7852
10.1578
9.9768
10.3260
9.7666
10.2735
10.0397
9.7304
9.5361
9.6835
9.1762
9.6867
10.0014
9.9107
9.7147
9.1706
8.9355
8.4885
8.8315
9.7035
8.7006
10.0582
9.7363
9.0660
9.5238
9.9919
9.8379
9.3871
9.7918
10.0690
10.7218
10.6498
10.3886
10.1094
10.5408
10.6339
10.0597
10.0481
10.6419
11.2528
9.9882
10.3110
10.3812
10.0173
10.3606
10.6080
10.5191
10.2847
9.9677
9.7850
9.6671
9.6274
8.7754
8.9720
9.2176
9.5714
9.4515
9.8889
9.7616
8.7197
9.2047
9.4207
9.2301
8.9086
8.6911
9.1202
8.5728
8.4532
8.6737
8.5239
9.4052
9.1037
8.6677
8.8429
9.4360
9.4905
8.6333
8.9418
9.6799
9.8479
9.8346
9.9078
10.0983
10.2546
10.8698
10.6144
9.9821
10.3142
9.4519
10.3925
10.8934
9.8372
9.7427
9.4146
9.8361
9.7334
9.4760
9.8454
10.3816
9.7508
9.7606
10.1499
10.2371
10.2065
10.1285
10.1893
9.5887
10.0347
9.2379
10.0931
9.5578
9.0820
10.3946
9.1822
9.3381
9.7977
9.2197
10.1059
9.9914
10.5946
9.8444
10.2818
10.1692
9.5313
9.5131
9.4638
9.8646
9.6481
9.2861
9.6885
8.5090
9.0372
9.1669
9.4784
9.0173
9.0996
9.2446
9.2080
9.9958
9.3650
9.2436
9.4998
10.4566
10.2773
10.0516
8.8814
9.9580
10.4574
9.9209
9.6686
10.2610
10.3313
9.8832
10.1571
9.7556
9.9283
10.6206
9.4911
9.3350
9.3037
9.2303
9.5922
9.5013
9.5120
9.2880
8.9636
9.6768
9.6932
10.4189
9.1605
9.3962
9.4205
10.0840
10.1309
9.8398
9.5355
9.7585
10.7370
10.3011
10.3478
10.1172
10.2677
9.3708
10.4751
10.7647
10.5381
9.9269
9.7301
9.4178
10.9924
10.8404
10.0892
9.6481
10.2784
10.1390
9.7342
10.1543
10.4709
10.9672
11.1181
9.9991
11.2168
11.2437
10.8452
10.6090
9.8140
9.6105
9.8586
10.1793
10.4466
10.2398
10.6036
11.0642
11.5565
11.4084
11.1869
11.6333
11.2259
10.6236
10.0075
10.0294
10.2081
9.4548
9.7375
9.4123
10.5170
9.6192
9.5962
10.0659
10.6824
10.2332
10.8296
10.5735
11.9532
11.4169
11.3328
11.5235
11.0996
11.0093
10.6105
10.6574
10.3128
10.3873
9.4839
9.6724
10.1681
10.3289
9.7633
10.0826
10.1687
10.0582
9.8128
9.7973
9.3364
10.1698
9.7723
10.0820
9.6735
9.1866
9.6775
9.5703
10.1005
10.3086
10.2099
10.3973
10.0816
10.2589
10.4291
10.2704
9.9412
10.8216
10.0205
10.6897
11.1120
11.1154
9.7581
10.7598
10.8237
10.3436
10.3150
9.4758
9.4668
10.4069
10.7834
10.0240
10.2975
10.7518
9.7314
10.4267
10.9709
10.3275
11.0235
10.6559
9.9316
10.2642
9.7535
9.6625
10.7924
9.5123
10.8549
11.3234
11.5629
11.3313
10.4582
11.1941
11.5702
11.5408
10.7055
10.8853
10.9299
11.1552
11.2059
11.9838
12.4824
11.3426
11.3782
12.0448
11.5055
11.9863
11.6453
11.6745
10.9398
10.5683
11.8199
10.9757
11.2372
11.7082
12.0188
11.2368
11.3271
11.0711
11.8081
10.9640
10.3413
10.9908
10.9385
11.5794
11.2419
12.4728
12.0162
11.6326
10.4034
11.8938
11.3266
11.0705
11.2885
11.7871
10.7963
11.0711
11.4733
10.8606
10.7781
10.3401
10.9356
10.2292
11.3341
10.3159
11.3352
11.0962
11.1761
10.3818
10.9228
11.2574
11.3901
10.9580
11.0212
11.3592
10.5487
11.0696
10.1651
10.7535
10.1074
10.5038
10.1479
10.4681
10.5565
11.5669
12.1254
11.3048
10.7586
11.4804
10.8988
11.4530
10.6506
10.7737
10.6242
11.4849
10.5595
10.2106
10.3887
11.0657
11.7347
10.9805
10.6720
10.7542
10.0449
10.1579
11.1200
10.9565
10.6764
10.7726
11.4109
11.2461
11.3058
11.5265
10.4021
10.1876
10.4459
10.5705
10.2860
10.8986
10.4212
9.9687
10.8651
11.6152
11.6361
10.7022
10.9542
11.0966
11.4459
10.8983
11.7518
10.6542
10.7108
10.7183
10.3461
11.1937
10.8654
10.2895
10.8923
11.1781
10.2985
9.9004
9.0619
9.5879
10.0636
10.5722
9.5698
10.6412
10.5024
9.9594
10.7702
9.6545
9.8167
9.7857
10.4286
10.4458
10.3620
10.1792
10.6810
10.0874
11.0572
10.4331
10.5666
10.5002
9.7215
9.3081
9.4852
10.2956
9.8883
9.6818
9.9755
9.2413
9.6281
9.9564
10.1858
9.6437
8.9499
10.1178
9.0275
10.2814
9.8316
9.8828
9.1979
9.6846
9.1625
9.4630
9.2506
10.1632
9.3551
9.6587
9.4450
9.8527
9.5677
9.5948
9.8505
9.3188
9.0179
9.4498
9.1818
8.9815
9.4037
8.7251
9.2180
9.8415
9.8310
9.0539
9.1581
9.3446
9.6148
9.3185
9.6455
9.5096
9.3038
8.8617
9.4734
8.7980
8.7499
8.8037
9.4741
9.9057
9.3372
9.0011
8.7983
8.6481
8.6741
8.3114
8.9135
9.1392
8.5863
8.8712
8.7452
8.8133
9.5325
9.6333
9.4366
9.4198
9.5895
8.9583
9.3271
9.8814
9.6729
9.4552
9.3963
9.9012
9.3376
10.1333
9.1916
9.7100
8.7036
8.7077
9.1723
9.1522
9.0644
9.3819
9.9173
9.4661
9.3602
8.5572
9.3165
8.9213
9.0420
9.9324
9.5196
9.3690
9.4978
9.5382
9.4231
8.9649
9.1634
9.8765
9.4106
9.8354
10.0655
10.4530
10.0636
10.2203
9.5243
9.0707
8.5601
8.9472
9.3850
8.8070
9.5309
9.5324
9.6981
9.9419
10.6953
10.5751
10.0103
10.1200
9.5862
9.3403
9.1690
9.6747
9.4727
9.6333
9.9739
10.2090
8.8216
9.6132
10.3033
10.1316
9.8426
9.9082
9.3088
9.2729
10.2579
10.1251
10.5402
10.2159
9.9369
9.6179
9.8654
9.1733
9.2281
9.1998
9.0946
8.7435
9.1070
9.3597
8.9539
8.9651
8.4583
9.1578
9.2917
9.0564
10.2979
9.3991
9.2685
9.6602
8.7839
9.0320
9.3541
9.7425
10.3384
9.2071
9.2524
8.9896
8.8636
8.8576
8.7919
8.7929
8.9237
8.6673
8.8373
8.9689
9.1647
9.1266
8.6842
8.8610
8.4614
8.5078
8.5342
8.7253
9.2668
8.6097
8.4974
8.8131
8.9578
9.1152
8.7256
7.5572
7.8564
8.3603
8.2699
8.5470
9.0002
8.5929
8.6233
9.8320
9.2761
8.8839
9.0609
8.9859
9.3956
9.2303
9.3368
9.9035
9.8297
9.3797
9.3004
9.7442
9.2341
9.3805
9.0986
9.1756
9.2573
9.2659
9.0547
8.7576
8.8787
8.4304
8.5473
9.6512
9.5019
9.1152
9.2039
9.0929
9.2004
9.0926
8.9579
10.0692
10.2560
10.2373
9.9065
9.3910
9.1329
9.3883
9.3875
9.1467
9.1813
9.1586
9.8421
9.6486
9.6003
9.0980
9.6284
10.0780
9.6658
9.3543
9.5720
8.9709
10.0056
9.1990
8.9376
9.4703
9.0199
9.9257
9.7668
9.5419
9.1557
9.3046
9.3777
9.2001
9.3901
9.1783
9.8148
9.5869
10.0059
9.4625
9.3148
9.2957
8.9251
9.2101
9.8037
9.5619
10.1390
9.3369
10.3149
9.5175
8.9732
8.6131
9.0148
9.3878
9.5188
10.0543
9.3579
9.9010
9.0618
9.6652
9.9335
10.5545
9.3664
8.8387
9.1834
9.7219
8.3245
8.5963
9.3973
8.8806
9.7751
9.1886
9.2552
9.5911
9.8702
9.0231
8.9621
8.6573
8.8599
9.1860
9.7412
9.5546
9.0892
9.1176
9.3029
9.5588
9.9254
9.5332
8.8790
9.2675
9.1894
9.1518
9.6868
9.8714
9.0373
8.6624
8.7123
8.7577
9.2926
9.2776
9.1722
8.5562
9.0793
9.5204
9.5264
9.3260
9.1703
8.6353
8.8041
9.5541
9.5818
9.3371
9.1072
8.8103
8.9921
8.7846
8.9853
9.8135
9.5847
9.4334
9.2951
9.4981
9.5151
9.3891
8.9279
9.5469
8.8709
9.3102
9.7852
9.5642
9.1384
8.7444
9.2801
8.8269
9.4745
8.9812
9.1028
8.6301
9.1161
9.1020
9.3213
9.5303
8.8963
8.6714
9.0469
8.8022
8.8304
9.4572
9.1217
9.1706
9.9509
9.4673
9.3096
9.5715
9.6535
9.7820
9.9022
9.4660
9.7968
9.6275
10.3883
9.4857
8.7829
9.5505
9.9667
10.0837
9.7814
9.8539
9.7968
9.7793
10.3808
9.9006
9.8373
9.4028
10.0253
10.8231
10.4963
10.8775
9.9173
10.7183
10.9602
10.6819
10.7949
10.7263
10.8631
10.3708
10.9659
10.2483
10.6507
9.6094
10.6198
9.5285
10.0028
10.0165
10.4490
10.2462
9.7967
10.5856
10.0588
10.0802
10.8722
9.8291
9.3521
9.3877
9.8657
9.5291
9.6261
9.4874
9.1330
8.8925
9.6179
10.2537
10.1856
10.1714
10.2553
10.4613
9.6480
9.6899
9.6091
9.5248
9.4815
9.4940
9.2384
9.2904
9.6087
9.2057
8.9448
8.9917
9.2895
9.9245
10.1627
9.8784
10.0094
9.8152
9.8550
9.7425
10.0776
9.9138
10.0761
9.5596
9.7110
10.5977
10.0539
9.9132
9.1201
8.6909
9.5466
8.8832
9.9497
9.8739
9.3847
9.8979
10.7124
10.4840
9.9455
9.8768
10.1555
10.9854
10.3767
10.8582
9.9413
10.5358
10.9744
11.6265
11.2465
11.0511
11.0737
11.3556
11.0249
10.2663
11.6094
10.9351
10.9818
10.7535
10.8648
11.3547
10.7647
11.5226
10.1244
10.1356
10.1591
9.6180
10.2188
10.9036
10.3721
10.9606
10.5397
9.6396
9.8475
10.1893
9.6412
9.8454
9.5118
10.0657
10.3537
9.9395
10.3330
10.8141
10.3425
10.1568
9.8908
10.6514
10.5413
10.8182
10.3130
11.5602
10.8756
9.9110
10.8310
10.6043
10.3250
10.6630
10.5337
9.7289
9.9939
10.2555
10.1261
9.4360
10.3678
9.4480
10.3847
10.4384
10.4913
10.5339
9.9910
10.7887
10.9048
11.2272
10.7333
10.2258
10.4339
10.2049
10.4457
11.2168
10.7355
10.2506
9.8020
10.9785
10.8540
10.9952
10.4954
10.4524
10.5415
11.2245
11.3504
11.1704
11.1837
11.4826
11.5304
10.9785
11.4684
11.8599
11.4777
10.8950
11.1244
10.7285
10.9225
10.9541
10.8802
10.9764
10.7730
10.9845
10.8901
11.7365
11.6828
11.4576
10.6830
11.0234
11.1930
11.1136
11.7337
11.4712
11.6404
11.8410
12.2057
11.1911
11.4172
10.9790
11.2205
11.6570
10.9686
10.9784
11.0145
11.5259
11.7581
11.4957
10.9060
11.2264
11.0255
10.7407
11.3637
10.9995
11.5055
11.2546
11.6649
11.9130
12.8035
11.4280
11.6335
11.2573
11.0614
11.0223
11.1077
10.1794
10.5921
10.1845
10.8193
10.6631
10.4689
10.3413
10.5536
11.2834
10.3082
11.1515
11.0215
11.4855
10.8313
10.6574
10.4280
10.5380
10.0061
10.2708
10.7176
11.0315
10.7464
10.9636
10.9198
10.8699
10.3801
10.4517
10.0531
10.3696
10.4577
10.6730
11.1088
10.7570
10.4441
10.4214
9.9863
10.3000
11.4038
11.1592
11.7569
11.1338
11.1109
10.6154
10.6253
11.2840
11.0312
10.8182
10.8403
10.5925
10.7697
10.7408
10.3032
10.3735
9.9329
10.5258
10.3911
10.8485
10.8087
10.6566
10.7345
11.3083
10.8663
11.0662
12.2048
11.9349
12.4705
12.0651
11.7423
11.9284
11.8325
12.2081
11.1549
11.1376
11.3207
11.4046
11.0252
11.2827
11.7250
11.4150
11.3130
11.6221
11.3532
11.7488
11.2731
11.2452
11.3056
11.0608
11.7180
10.2201
9.8591
10.9282
11.1773
10.5373
10.5648
10.7424
11.0517
10.9130
11.2885
10.2459
11.6321
11.4890
12.0366
11.6037
10.7916
10.6758
11.1794
10.9700
10.2794
10.0453
10.3433
10.5464
10.6600
11.3481
10.1685
10.4353
9.6853
10.0887
10.4360
10.7721
11.0552
10.4203
10.6732
10.6146
10.7016
9.9403
10.2166
10.7672
11.2212
12.0468
11.4658
10.4626
9.6960
10.6845
10.5548
9.8742
10.5990
10.3646
10.3542
9.7271
10.9228
11.0606
10.9800
10.1595
10.4581
10.6977
10.3636
10.5182
11.4846
9.9920
10.0827
10.9803
10.5864
11.4034
10.7832
10.7348
9.8051
9.8621
10.8609
10.1685
9.9994
9.6838
9.7948
9.9415
11.0301
10.7280
10.5318
11.8407
10.7429
10.3740
9.9156
10.6728
11.3495
10.7976
9.9855
10.4440
10.6086
10.4273
10.8099
10.1812
11.3609
10.4353
11.2886
10.9648
10.8385
10.9908
11.3568
10.7472
10.3738
11.2071
11.0758
10.8325
11.8566
11.3566
11.0059
12.1231
11.3201
11.1090
11.1305
11.8808
10.8552
11.5102
12.2962
11.6735
11.3089
10.3982
11.4336
11.5706
11.2833
11.7614
12.1519
11.3241
11.9583
12.2741
11.7588
10.9496
11.4316
11.4168
11.8805
12.2808
12.2999
11.7588
11.9404
11.9434
12.5138
11.9730
10.7349
11.7237
12.0840
12.3060
12.6460
11.9921
11.5930
11.1628
11.4653
11.8309
12.4944
12.1027
12.5198
12.9343
11.6818
11.7562
11.3168
11.9803
11.2701
11.6749
11.2284
11.9034
11.6887
12.0227
11.2444
11.7952
11.4602
11.7747
11.4103
11.2936
11.1503
11.2477
11.4187
11.7960
11.4132
11.3151
10.7104
11.5081
10.9537
11.1749
11.0503
11.6415
11.1303
11.7384
11.5984
11.9988
11.3894
11.0116
11.7756
11.7138
11.5078
11.1897
11.0474
11.1954
10.9910
10.8769
11.4105
10.4075
10.9834
10.7357
10.8039
10.5577
10.5161
11.1385
10.5725
10.7611
11.1024
11.3040
11.2598
11.1346
10.9967
11.1426
11.2496
11.0014
11.5957
10.8710
10.8064
10.9622
10.5072
10.8211
11.5714
11.4714
11.8914
11.9332
11.3664
10.6905
11.0830
11.6074
11.3834
10.4613
10.4277
10.2317
10.3173
11.0651
11.1681
10.8414
10.7010
11.6580
11.6169
11.2938
11.2072
10.7118
10.7963
11.2583
10.6433
10.2508
11.2896
10.7901
10.7649
10.7409
10.8934
10.1862
11.2119
10.9997
11.3521
11.0543
10.1975
10.8320
11.0236
10.3397
11.7657
11.7142
12.0225
11.4518
11.3209
10.8433
11.4244
11.7819
11.4624
10.9130
10.9383
11.0229
10.4018
10.5436
10.0469
10.2579
10.8210
11.6907
11.4285
11.0949
11.1741
10.5649
10.7637
10.5243
10.7252
10.4781
10.8327
10.7119
10.9517
10.6379
11.2455
10.9117
10.7089
10.5154
11.5242
11.4870
11.5626
11.1789
10.9237
11.4220
10.7159
11.5890
11.2560
11.0756
11.5585
10.8618
11.1906
11.4004
11.8021
11.1125
11.6903
11.4632
11.9042
11.0805
10.9299
10.8417
11.4175
10.4971
10.7426
10.3037
10.8310
11.5574
11.2123
11.5756
12.1040
11.4939
11.4073
11.1859
11.2519
11.6623
10.7352
10.5364
10.6445
10.6656
10.2074
9.9355
10.2660
10.3313
10.4116
10.4968
10.8612
9.7494
10.6627
10.1685
9.7497
10.2275
10.3300
9.9784
9.8266
9.7463
10.0599
9.9928
10.0638
10.5177
10.4833
10.5473
10.7035
10.3036
10.5738
9.5366
9.5267
9.6091
9.5042
10.0210
9.9883
10.6332
10.0122
10.2653
9.7890
10.2183
10.5707
10.7869
10.4562
10.1182
10.6889
10.7055
10.8351
10.3179
10.4579
10.2624
10.7129
10.8084
10.4591
10.4067
9.8171
10.1419
10.0896
10.9520
10.1773
10.3274
10.3952
10.1342
9.7819
9.3190
9.7440
9.8119
10.1832
10.1977
9.5892
10.0540
9.7160
10.3792
10.2019
10.1710
10.1228
9.6882
10.1567
10.4801
10.5022
10.5992
10.0736
9.8326
11.0005
10.1726
10.1288
9.4502
10.1501
10.1536
10.5796
10.3097
10.1090
10.1187
10.1494
9.9870
10.6754
9.8731
10.3707
9.7595
10.6386
10.1410
10.3386
9.4441
9.3696
9.7491
9.9246
9.7002
9.9274
9.6699
9.7718
10.2517
10.0747
10.5850
10.5041
9.6800
10.1354
10.7868
9.8981
9.5148
10.0588
10.5084
9.6988
10.1361
9.8264
10.2496
10.1601
9.7173
10.3344
10.2309
10.5267
10.3475
10.2634
10.9154
9.8093
9.8992
9.8870
10.1389
10.5984
10.1075
10.0955
10.6394
10.6444
10.4703
9.9374
10.1697
10.1850
10.4419
10.4873
10.0730
10.2036
10.5721
10.0836
9.9808
10.2141
9.7375
9.9577
10.0084
10.1819
10.2301
10.4107
10.6257
10.4775
9.9677
10.3503
10.6603
10.2355
10.2688
10.5538
10.5285
10.1479
10.4360
10.6292
10.5040
9.7260
9.4930
9.6532
9.9727
9.7821
10.1845
10.2024
9.6758
9.7606
10.3783
9.7748
9.7020
9.3605
10.1653
9.3198
10.0222
10.2225
10.4337
10.2212
10.3807
10.4101
10.7060
10.4858
10.2795
9.7565
9.9021
9.9383
10.4927
9.7988
9.8833
9.7541
10.2898
10.9743
10.7214
10.5098
10.6897
10.0769
10.4096
10.7639
10.4658
10.9187
10.6137
10.8517
11.0807
10.6421
10.1379
11.0338
10.7692
11.2181
10.7712
10.4696
10.7635
10.2646
10.4973
10.9744
10.6550
10.5947
10.4859
10.9547
11.5146
10.8619
10.7630
10.7820
10.4485
10.6307
10.6984
11.1248
10.0661
10.3721
10.2430
11.1115
9.9733
9.8564
10.5828
10.4529
10.6394
10.7420
10.6936
10.9188
10.7335
10.4483
10.3712
10.2388
10.2103
10.1756
10.4435
10.4082
9.7473
9.8368
9.8513
10.4477
10.5236
10.2076
10.1689
10.8091
10.1614
10.7370
10.6161
10.5446
10.6764
10.5346
10.5365
10.4099
9.9045
10.0073
10.5548
10.0016
9.8786
10.5148
10.1308
10.1088
10.2235
10.7000
10.5096
10.4388
10.2043
10.3644
9.5359
10.2215
10.6914
10.4908
10.7973
10.0045
9.7971
10.6331
9.8803
10.3777
10.4027
10.0712
9.9528
10.7338
10.0467
10.0937
10.5571
10.6330
10.3403
9.6252
10.4148
9.8915
10.2601
10.0695
9.7566
9.6090
9.6031
9.7700
10.4771
10.1862
10.9953
11.0020
10.2325
10.3380
9.9539
10.6925
10.7999
9.8957
9.9000
9.5640
10.2812
10.7138
10.3236
10.7439
10.5214
9.9835
10.3147
10.5854
10.5218
10.1971
9.2928
9.8085
9.4652
9.4992
8.8103
9.8713
10.1662
9.9907
9.6110
9.6212
9.8185
9.9374
9.8658
9.8538
9.7893
9.6681
9.7580
10.0892
10.2956
10.0276
10.7620
10.3651
10.4822
10.2630
9.9662
10.5112
10.3031
10.4202
10.6567
10.5358
9.6553
10.0174
9.9972
9.9321
10.0225
10.3703
9.9356
9.9551
10.3350
9.5232
9.3783
10.2915
10.3060
10.3043
9.9341
10.6069
9.8173
10.8322
10.5790
9.8142
10.4050
10.7363
10.2929
10.1138
9.8947
10.3582
9.8339
10.3957
11.1662
10.1717
10.2448
10.3735
10.1014
9.7396
10.2073
9.8880
10.4030
10.1408
10.4327
9.8654
10.2863
9.8179
9.6566
9.7846
9.9581
9.7870
9.9133
9.6777
9.7824
10.1876
9.9054
9.4975
9.4203
10.0912
10.1266
9.3902
9.2659
9.1553
9.0000
9.2762
9.9054
10.5429
10.0659
9.9558
9.6052
10.1419
10.5735
10.1134
9.8604
10.0666
10.1194
10.0121
10.5050
9.7151
9.0469
9.4827
9.7328
10.0697
9.5178
9.9900
9.9220
10.0133
10.1357
9.9070
9.9023
9.8772
9.8416
10.3562
10.0551
9.5772
10.0529
10.1234
9.9021
10.1434
9.6325
9.8397
10.0186
10.0579
9.8142
9.7313
10.0557
9.4152
9.1471
10.0163
10.2310
10.8176
10.3860
10.1532
10.0990
10.4901
9.9513
10.4416
9.8205
9.6225
9.9689
9.2291
9.1751
9.3330
9.9695
9.8062
10.0546
9.4416
10.4539
10.1123
9.5038
9.8322
10.1029
11.1167
10.4396
9.8991
9.8280
9.8479
9.9764
10.3184
9.9696
9.7796
9.7838
9.7969
9.9940
10.1075
10.0642
9.5605
9.6841
9.6373
10.0658
9.3772
9.7142
9.7879
9.9934
9.4538
9.5591
9.8643
9.8835
10.1239
9.4109
9.7813
9.2172
9.5382
9.4351
9.7899
9.6970
10.0562
9.5979
9.3136
9.3981
9.4995
9.4911
10.2535
10.1335
10.0761
10.0815
9.9442
10.1507
9.6711
10.0184
9.7122
9.2784
9.3635
9.6827
9.7445
9.8088
9.8927
9.0328
9.5342
8.9739
9.3544
9.5611
9.3014
9.8752
9.3553
9.7659
9.3984
9.4560
9.4713
9.4465
9.6144
9.3542
9.3067
9.0399
9.8763
10.0653
9.7845
9.9708
9.6920
10.1377
9.8865
9.5476
9.7381
10.2989
9.7002
10.1007
9.9015
9.5918
9.4618
9.5712
9.3324
9.4928
9.3769
9.9892
9.7181
9.5705
9.8124
8.9233
9.1311
9.1279
9.2718
9.6789
10.1498
9.8393
9.8434
9.5563
9.5420
9.3894
9.6455
9.7844
9.6367
9.9424
9.4889
10.0861
9.8802
9.9065
9.9823
9.7114
9.9560
9.6942
9.8765
9.7907
9.7564
8.9541
9.4294
9.8580
9.7412
9.8575
9.1239
8.8632
9.2022
9.1898
8.9080
9.0093
9.7528
9.4460
9.6844
10.1462
9.6052
9.8185
10.0031
9.6292
9.8419
9.4089
10.0364
9.5964
10.3263
9.6929
9.8279
10.5202
10.1442
10.4600
10.5512
9.6500
9.6962
10.6699
10.1435
10.7442
10.3919
10.3959
10.7248
10.5139
10.9652
10.9339
10.8449
10.5160
10.6189
9.7865
9.3237
9.4909
9.5192
9.2722
9.3336
9.0043
9.1983
9.0135
9.8070
10.0627
10.0821
9.5611
9.3764
9.5692
9.3797
9.6637
9.0570
9.1485
9.4958
9.6261
9.6687
9.2854
8.9816
9.2191
9.5655
10.1114
9.4065
9.2961
9.0613
9.8242
9.3718
10.3963
9.9089
9.5286
9.7874
9.8989
9.4441
10.0313
9.2849
9.5674
9.9440
10.2697
9.9086
9.2747
9.7022
9.3214
9.4824
9.8120
9.5580
9.5952
10.2471
9.8509
9.7167
9.1556
9.4044
8.7682
9.3669
9.1799
9.7049
10.0178
9.3033
9.7325
10.1183
9.5564
9.2474
9.2969
9.8004
9.7152
9.4798
9.4310
9.8996
9.3944
10.0550
9.1787
9.9027
9.6120
9.3688
9.7725
9.7673
10.2442
9.2607
10.3727
9.4608
9.6790
9.1081
9.3707
9.5384
9.9001
9.2381
9.4810
8.8094
9.2735
8.6086
9.1861
9.7225
9.6965
9.4707
9.2319
9.3031
9.1267
9.2013
9.6497
9.0299
9.7478
10.0620
9.1577
9.6972
9.3593
8.8295
9.1748
9.3549
9.3559
9.6661
8.9322
8.7105
9.5996
9.1870
8.8697
9.0646
9.6403
9.4147
9.4255
9.4351
9.5695
9.7997
9.3642
9.9006
8.9764
9.7128
9.4665
8.9942
9.6770
9.1732
9.6956
10.0680
10.1961
9.5509
9.0470
10.1689
10.4575
9.9296
9.6596
9.7679
9.1369
9.1363
9.5690
9.2104
9.6209
10.0330
9.8737
9.5877
9.6128
8.9193
9.2426
9.5196
9.3789
9.6394
8.8545
8.7988
9.7640
9.9787
9.8421
10.0621
9.5918
9.6013
9.8730
10.2793
10.0000
9.6350
8.8816
9.9467
9.3792
9.9588
10.0137
9.7976
9.8990
10.1346
9.9051
9.7474
9.9351
10.3279
9.9621
9.8867
9.4300
9.6981
9.9507
10.0600
10.1455
10.3843
10.0523
9.7980
9.7560
9.9204
9.6753
9.6987
10.2493
9.8786
9.8193
9.6840
9.5570
9.5896
9.5383
9.2391
9.9550
9.6091
9.6377
9.5881
9.8755
10.0492
9.7539
10.0575
9.7864
9.3487
9.6438
9.6837
9.9591
9.6119
9.9861
9.6849
9.3165
9.6938
9.9188
10.0087
9.9347
9.7910
9.9342
9.8518
10.1774
10.0390
9.5915
9.1601
9.8153
9.3046
9.3709
9.6125
9.7501
10.1720
9.2251
9.6603
9.7979
9.3006
9.5443
9.2023
10.0099
9.3417
9.4869
10.0191
9.4722
9.6486
8.9666
8.6379
9.5376
9.5360
9.5563
9.4440
10.0123
9.6899
9.3244
10.4361
9.6268
9.2518
9.3638
9.3381
9.7526
9.7385
9.8715
9.2146
9.0543
9.5480
8.9409
9.2657
10.1688
9.2441
9.0751
9.4668
9.6142
9.9487
9.5899
10.0912
9.6657
10.2265
9.3712
9.3741
9.5849
9.4580
9.8829
9.3116
9.9429
9.9710
10.0563
9.3576
9.5143
9.5034
9.5687
9.4872
9.8516
9.4225
9.8438
9.6461
9.5171
9.6502
9.7609
9.5776
9.2347
9.2006
9.7235
9.9503
9.1125
9.2710
9.7195
9.1594
10.1278
10.4929
9.7101
10.0609
10.2088
9.9903
10.6860
10.6504
10.6201
10.1892
10.1669
10.1755
9.6857
9.4672
9.5258
9.8124
9.4721
9.5441
9.4577
9.4850
9.4415
10.1988
9.9534
9.8004
9.8449
9.7602
9.3261
9.6449
9.9477
9.9952
9.5212
9.9227
10.0745
10.3380
10.6046
10.1222
9.7360
9.9098
9.2333
9.1653
9.1799
9.0804
9.1333
9.9599
10.2861
9.6840
9.5996
9.0129
9.1234
9.6032
9.7711
9.4349
8.9025
9.3211
9.2135
9.6159
9.4596
9.7996
9.2820
10.0171
9.5973
8.9165
9.4803
9.8760
9.5613
9.6933
9.9609
9.5666
9.5574
9.2787
9.7580
9.4656
9.1886
9.3663
10.0604
9.3471
9.2447
9.5853
10.0235
9.8887
9.6970
10.1521
10.2052
9.8269
10.3252
9.3042
9.7024
9.8003
10.1969
9.4208
9.5393
9.6039
9.9592
9.5139
9.3099
9.5383
9.6839
9.1118
9.0926
9.3301
9.1568
9.2944
9.6531
9.5308
9.5632
9.5197
9.5541
9.6358
9.2159
9.7430
10.1796
10.1632
10.0224
9.5186
10.0627
9.7853
10.3013
9.9892
9.2847
9.6895
9.7187
9.7183
8.9152
9.8000
10.1859
10.2014
10.8955
10.1932
10.5153
10.3116
9.3046
10.2395
10.3443
10.1328
9.7290
10.0208
9.8088
10.0993
10.4968
9.8597
9.2989
10.2679
9.9909
10.0605
10.7352
10.0439
10.0979
10.6446
9.6484
10.1815
9.9700
10.7052
10.5549
10.5420
10.9205
10.5053
10.2264
10.2027
9.9327
9.6573
10.9743
10.1396
10.3139
9.8626
9.6557
9.2164
9.1757
9.1259
9.5590
9.7308
10.2205
9.8059
9.2898
9.7960
9.9978
9.7369
9.7263
10.2348
9.6575
9.5894
9.1442
9.8972
9.6551
9.4513
9.5213
9.7808
9.5457
9.6152
9.3098
10.1398
9.7972
9.6361
9.8054
9.5976
10.2326
9.8744
10.6188
9.9998
10.1204
10.2866
10.2878
9.5039
9.8556
9.9446
9.9178
9.8744
10.0368
9.9338
10.5508
9.6698
9.6223
9.6081
9.8112
9.9275
9.9951
9.5606
9.5555
9.5659
9.4668
9.6635
8.9522
9.7480
9.1608
9.4360
9.6743
9.6321
9.6247
9.1995
9.5145
10.0073
9.6541
9.9924
9.9841
10.0657
9.3219
9.0985
9.5663
9.5664
9.3567
9.0009
9.5401
9.8282
9.5365
9.3311
9.3895
9.9486
9.9679
9.4814
9.0375
10.0214
9.8468
9.9059
10.0579
9.0161
9.6795
10.3249
9.8732
9.0174
9.5696
9.8763
9.1090
9.2382
9.1924
8.5048
9.1221
9.1623
9.1272
8.8355
9.2074
9.3152
9.0801
8.6491
8.5906
9.8457
8.6837
8.6111
8.7729
9.0654
8.8767
9.2570
9.1568
9.5153
9.6851
9.5402
10.4107
9.4633
8.9605
9.2169
9.5781
9.6495
9.4321
9.5109
9.6798
9.6656
9.7384
9.9017
9.0121
9.3760
9.6208
9.5563
9.5866
9.9574
9.5334
9.2028
8.8168
9.2883
9.6336
9.1824
9.4590
9.5482
8.9366
9.7311
10.0986
9.2227
9.6583
8.6231
8.9857
9.2825
9.1959
9.4011
9.3922
9.0247
8.8107
8.8910
9.3322
8.6811
9.4007
9.3351
9.1976
9.2406
9.5694
10.0715
9.5880
9.0290
9.7635
8.8612
9.9143
9.2471
9.4213
10.0695
10.0057
9.5635
9.5751
9.9573
10.0363
9.6584
10.0958
9.9588
9.7511
10.1257
9.6479
9.7411
9.5665
10.2462
9.0393
10.3039
9.8487
9.4546
9.3812
9.6521
9.7477
9.4083
9.0593
9.6535
9.2458
8.9698
9.2936
9.7988
9.7329
9.0561
9.4078
9.5373
9.3580
9.4205
9.6219
9.8165
9.7278
9.3256
9.2993
9.8789
9.2360
9.5645
9.9104
9.0918
9.2601
9.4583
10.1475
9.4235
9.3515
9.9274
10.7137
9.7246
9.8394
10.1597
10.7205
9.8102
9.9630
9.9026
9.8297
9.8376
10.2062
10.0084
10.4851
9.4085
9.5437
10.8167
10.4400
9.7510
9.5750
9.9284
10.3456
9.8739
9.4143
9.3621
9.8216
9.5587
9.4881
10.5041
10.0724
10.3144
10.0722
10.8745
10.7160
10.0277
10.1482
10.2537
10.1752
9.9018
9.7113
10.5139
9.6821
9.8945
9.6569
9.7538
9.7919
9.3421
9.2744
9.2387
9.6818
9.5198
10.0084
9.9594
10.0020
9.2070
10.0937
10.0359
9.7737
10.0647
9.4535
9.9180
9.8987
9.7017
9.9244
9.5638
9.7652
9.6253
9.7458
9.8061
10.4396
9.7434
9.6077
9.3699
9.8669
9.5880
9.1970
9.2969
9.4789
9.9686
9.8714
9.4882
9.2442
9.1940
8.7271
9.3051
9.4014
9.1883
8.8704
9.0085
8.9863
8.6629
9.1407
9.3112
9.3335
9.1508
8.5776
8.6364
8.5833
9.0540
8.5911
9.1725
8.8961
9.1640
8.3927
8.7018
8.6651
8.9474
8.8998
8.8772
9.7689
9.2086
9.3827
9.6502
9.8810
9.1046
9.3702
9.3602
9.4870
9.2811
9.4833
9.5515
9.0475
8.9919
8.5755
9.0406
8.5833
9.1621
9.0616
9.0029
9.3641
9.6683
9.4974
9.7988
9.2034
10.1836
9.4350
10.1304
9.3993
8.9285
9.6343
9.9883
9.1694
9.9187
9.3797
9.3832
9.6900
9.9519
9.3149
9.2057
9.5563
8.9063
9.9459
9.3104
9.4226
9.6333
9.9721
9.7619
10.0493
9.7575
10.4762
9.7720
9.2116
9.3645
9.6346
9.3658
9.5140
9.8678
9.7909
9.7533
9.5334
9.3408
9.8793
9.6807
9.3682
9.7911
8.8006
9.8967
9.2211
9.1148
9.4748
9.7350
9.7482
9.4249
9.2672
9.4729
9.6844
9.8438
9.3311
9.7377
9.6445
9.3301
9.2346
10.1612
9.3718
9.6628
9.6954
9.4307
9.5058
9.8750
9.7735
9.4003
9.0166
9.5970
9.7647
9.9789
9.2994
9.7273
9.9390
9.6332
9.1795
10.1468
9.6561
9.3709
9.2619
10.2026
9.8255
9.4458
9.4828
9.3852
9.2893
8.4984
9.1825
9.3998
9.2343
9.1364
8.9931
8.7645
9.1131
9.4494
9.6046
9.5923
9.6169
9.0461
9.1469
8.9273
9.3995
9.0683
9.2942
8.7699
9.5008
9.2321
9.1947
9.6199
9.7986
10.0175
9.4182
8.8933
10.2112
10.0365
9.6371
9.9353
9.7904
9.6893
9.7844
9.5021
9.6119
9.6687
9.6071
9.5612
9.1531
9.1541
9.2483
10.2916
8.9610
9.2576
9.2047
9.7038
9.6463
10.0016
9.5952
9.8051
9.3167
9.6336
9.8989
10.2454
9.7837
9.9881
9.7560
9.8551
9.7197
9.7208
9.6893
9.2623
9.4581
9.0467
8.4878
9.1085
9.5438
9.2342
9.2099
9.5775
9.0708
9.2512
10.1082
10.1476
10.0695
9.8214
8.9447
9.3627
9.7872
9.7515
9.9552
9.8241
9.5899
8.7117
9.5692
9.2866
10.3586
9.6897
9.8011
9.9757
9.7178
9.5599
10.2179
10.2527
10.2013
9.4276
9.3975
10.0282
9.8905
9.5810
9.2631
9.1005
8.8045
9.2348
8.9207
8.6309
9.1048
8.8508
8.9467
8.9798
9.4144
9.2332
9.7594
9.3199
9.8783
8.7823
9.8926
9.8154
9.7193
9.1052
9.2233
9.9262
9.7994
9.4967
9.5748
9.3448
9.7451
9.6476
9.3317
10.2351
10.2548
9.9590
9.7968
9.5407
9.3205
9.1313
9.7291
10.2083
9.7744
10.1508
9.2569
8.6924
9.2652
9.5897
9.8844
9.4383
10.1410
9.4557
9.4020
9.3538
9.4960
9.3158
9.4548
9.6124
9.3776
9.2676
9.4943
9.8754
9.1677
9.1796
9.0637
9.6552
9.2201
9.2510
9.1424
9.2478
9.5814
9.6724
9.3067
9.7116
9.9958
9.4357
9.7784
9.9587
9.5342
10.3295
9.9740
9.7001
9.5846
9.3206
9.6316
10.2339
9.8094
9.5494
9.9457
9.5874
9.7374
9.2695
9.2711
8.9086
9.3332
9.2993
9.1737
10.2394
9.5780
9.7894
9.8129
9.1099
9.4991
9.4993
9.8675
10.2155
9.6627
10.0668
10.4057
10.0173
10.0096
10.0513
9.8677
10.1267
9.4057
9.4314
9.7992
9.3966
9.4985
9.2378
9.4690
9.1211
9.6198
9.2398
9.5767
9.7573
9.6136
10.0058
9.6710
9.6500
9.3396
9.2382
9.7421
9.6626
10.1040
9.4935
10.0250
9.8599
10.0871
10.7658
11.2280
10.3081
10.0836
9.8971
9.5595
10.3172
10.1775
8.9308
9.3838
9.4035
8.9556
9.0533
9.8121
9.6978
9.6260
9.2307
9.5101
9.4990
9.3380
9.5458
9.5781
9.2762
9.7965
9.9672
9.5895
9.8373
9.6885
9.4159
9.7608
9.7512
9.7857
10.2109
9.7624
9.3800
10.5598
10.6174
11.0651
10.3022
9.9458
11.1806
10.7514
10.6590
10.4128
10.3652
10.0431
9.6792
10.0529
9.2548
9.6294
9.3656
9.0758
10.0558
9.4978
9.7592
9.5807
8.6544
9.1372
9.1722
9.4980
9.1081
9.1821
9.0205
9.6198
9.3393
9.8832
9.0638
9.7347
9.0052
9.5526
9.8295
9.9834
10.2800
10.1110
9.6866
9.3633
9.5029
9.2837
9.0651
9.7088
10.0666
9.8192
9.7004
10.0086
9.5533
9.4238
9.8212
9.7299
9.8284
10.3446
9.6103
10.1507
10.4857
9.9274
10.7084
9.7851
10.1180
9.7097
9.7069
9.7438
9.6392
10.2003
9.6613
9.7288
10.1588
9.8825
9.3812
9.4977
9.6210
9.9811
10.1025
10.4142
9.7155
9.5147
9.5210
9.5782
9.4079
9.2322
9.6139
9.1629
9.5696
9.2095
9.8239
10.1798
9.6841
9.4836
9.3831
9.2957
9.0899
8.6823
9.5329
9.5497
9.2819
9.3710
8.9808
9.3213
9.5877
9.1244
8.9625
9.8190
9.8574
8.9247
9.5608
9.8425
9.7503
9.5999
9.8856
9.1382
8.9813
9.4332
9.8747
9.0497
9.1251
8.7453
9.0413
9.4952
9.3084
8.7853
9.2882
9.3472
9.4713
9.6493
9.6467
8.9399
8.7229
9.5057
8.9019
9.2593
9.3726
8.5610
9.4857
8.6708
8.9754
9.1082
9.1892
10.0679
9.4196
9.7091
10.1083
9.2762
9.8215
9.1205
9.0987
9.4439
9.6280
9.3989
9.3677
9.4568
9.8143
9.7512
9.7845
9.4036
9.1936
10.2867
9.6060
9.7113
8.6557
10.3622
9.9275
9.9780
9.3529
9.6718
9.5512
9.5305
9.5054
9.5923
9.7978
9.5838
9.2479
9.4329
9.0988
9.0299
9.1808
9.5261
9.3045
9.4171
8.6941
9.4990
9.0733
8.9749
9.4035
9.7222
9.3602
9.5212
9.3158
9.7537
9.9266
9.7251
9.0710
9.4388
9.5705
9.8584
9.6565
9.3528
10.2440
9.8014
10.2001
9.8263
10.2583
10.0124
9.3265
9.6585
9.6741
9.5570
9.6455
9.4054
10.0727
9.9987
9.6183
9.7400
9.4873
9.0098
9.5612
9.6311
9.8820
9.7165
9.8658
9.8195
9.8873
9.6164
10.2487
9.5857
9.4453
9.8561
9.5109
9.7192
9.5792
9.9819
9.8885
9.6574
9.6789
9.5964
10.0818
10.1762
9.6655
10.0153
9.7124
9.9742
9.8952
10.3145
10.2058
10.1910
9.7703
10.0175
9.4526
9.8890
10.0775
9.8828
9.8854
10.3939
9.6872
9.9089
10.3130
9.9726
9.9957
9.7876
10.1875
9.7823
10.7282
10.5298
10.3585
10.3963
10.0834
10.0084
9.3945
9.7515
9.3570
9.9522
10.4487
10.8652
10.0426
9.8842
10.2384
9.9505
9.9280
9.7474
9.9097
9.6012
9.7047
9.8257
9.6410
9.8143
8.9815
9.3858
9.3528
9.3085
9.3647
9.6148
9.3187
9.5724
9.3992
9.5357
9.4759
9.3859
9.9065
9.2880
9.6386
9.7481
9.9216
9.6960
9.9359
10.1484
9.9666
9.3476
10.0873
10.0274
9.7715
9.9764
10.5006
10.0641
9.7240
10.0649
9.6699
9.8459
9.7388
9.8166
10.0334
9.4506
9.7120
9.7702
9.4590
9.6689
10.1315
9.6422
9.5842
9.8008
9.7080
9.0332
9.7049
9.1979
10.3426
9.8616
9.7744
9.7440
9.3921
9.7135
10.0125
9.1740
9.4568
9.7738
9.9456
9.9058
9.3037
9.7500
9.5379
8.6878
9.1018
9.4465
9.7708
9.6601
9.5199
9.3155
9.4435
9.1511
9.2856
9.3666
9.1903
9.9674
9.2958
10.0531
9.0556
9.9318
9.2205
10.0802
9.3723
9.6412
9.5605
9.6528
9.9002
9.0915
9.7708
9.4063
9.3840
9.9558
9.7322
10.1520
9.7246
9.7692
9.2481
9.4999
8.8923
9.6466
9.6354
9.2515
9.5411
9.9437
9.7585
9.7586
9.4052
9.2892
9.5405
9.8673
9.7408
9.7740
10.0226
9.5227
9.9807
9.6068
9.5036
9.8398
9.5645
9.2926
9.8173
10.2883
9.4970
9.4615
9.4877
10.0463
9.9704
10.4005
10.3592
10.1045
10.1661
9.8786
9.2921
9.5665
9.5283
9.1375
9.8271
9.8190
9.7604
9.3634
9.6418
10.2388
9.6544
9.9624
10.5129
9.9510
9.7012
9.7025
9.3092
9.7585
9.6028
9.7802
9.5946
9.9342
10.0895
10.6642
10.5639
10.2042
11.1071
9.7906
9.3866
9.6058
9.6720
9.1764
9.4222
9.4307
9.6572
9.9557
9.2228
10.0134
9.6512
9.5466
10.1280
9.8148
9.1905
9.6046
9.3699
9.5542
9.4894
9.9452
10.3159
10.0064
10.0716
10.3019
9.9601
9.2185
10.0443
9.7424
10.2535
10.1502
10.0919
10.1701
10.0024
9.2405
10.6946
10.6930
9.6699
9.6008
9.9876
9.8191
10.1638
9.4506
10.3666
10.4063
9.6879
9.8050
9.8604
10.3125
10.5199
9.8485
10.1617
10.5382
9.3839
10.1393
9.9605
9.5699
9.8638
9.4124
9.3686
9.5543
10.1814
9.5522
9.9249
10.4872
9.6794
9.1846
9.1092
10.0992
9.9017
9.3996
9.9341
9.0329
9.2860
9.6266
8.9454
9.5767
9.5280
9.8656
10.0286
9.7133
10.4034
10.2242
10.1533
9.7446
9.8696
9.2685
9.2185
8.8967
10.7353
10.1571
9.7333
10.1723
11.0109
10.0252
9.6816
10.0469
9.7960
9.9253
9.6807
9.6471
9.6193
9.9974
10.0544
9.7372
10.1344
9.7243
9.8141
9.4773
10.3850
10.2494
9.8474
9.3021
10.6844
9.7864
10.2147
10.2030
9.3866
9.3733
9.4302
9.2628
9.2787
9.3070
9.5701
9.6444
9.5614
9.3732
8.9263
9.2931
10.0093
10.0973
9.5558
9.8562
9.9004
10.0122
9.8890
9.5093
9.7799
10.2461
9.9218
10.6875
11.0303
10.2398
10.1902
9.6229
10.5503
9.5023
9.8295
9.9286
9.7139
9.2148
10.0196
10.7303
10.1718
9.9812
9.8620
9.9124
9.8238
10.3655
10.1585
10.9087
11.0843
10.9612
11.1442
10.2170
10.7965
10.7917
11.6591
11.3587
11.1307
10.2761
10.3714
10.2120
10.1309
9.3759
9.9765
9.9957
10.1644
10.4317
10.0825
10.2371
10.4925
10.5126
9.8320
9.9318
9.7931
10.2684
9.8986
10.0811
10.8325
10.3278
10.5255
10.3884
9.7188
10.2471
9.3909
9.9277
9.5327
9.9963
9.7896
9.2936
9.3442
9.7051
9.6090
9.4627
9.3518
