# RMSF / nm
0.388214
0.344346
0.255751
0.280061
0.220825
0.276833
0.369050
0.423960
0.360305
0.382392
0.465367
0.345411
0.300580
0.262642
0.281629
0.179553
0.172185
0.164380
0.141259
0.123855
0.141266
0.136484
0.109858
0.104066
0.094431
0.096243
0.092491
0.095683
0.106001
0.110371
0.103470
0.110196
0.122060
0.112647
0.107744
0.098736
0.096214
0.090549
0.092577
0.098232
0.089455
0.090368
0.095733
0.095313
0.091703
0.116655
0.103728
0.101040
0.098892
0.095369
0.097209
0.095856
0.093527
0.094902
0.096773
0.098549
0.098698
0.105178
0.096843
0.093980
0.098525
0.097756
0.106623
0.101357
0.101394
0.106136
0.099795
0.106843
0.106586
0.109978
0.105334
0.114210
0.110420
0.113708
0.112630
0.107642
0.108345
0.113400
0.110108
0.110810
0.109596
0.107182
0.119952
0.125758
0.149161
0.131223
0.124191
0.130600
0.125255
0.126483
0.130915
0.132538
0.131592
0.129704
0.122049
0.122842
0.119393
0.115859
0.116140
0.116159
0.118693
0.121908
0.131822
0.133987
0.146309
0.139071
0.140364
0.150420
0.139813
0.137115
0.137710
0.128177
0.125499
0.116951
0.114156
0.121149
0.117500
0.106071
0.102772
0.100755
0.104887
0.102653
0.125457
0.117745
0.119587
0.130635
0.137764
0.153076
0.148094
0.126365
0.124128
0.115403
0.108156
0.103221
0.100425
0.110378
0.110782
0.099708
0.102496
0.091378
0.091860
0.089419
0.115117
0.108437
0.116127
0.124936
0.130914
0.147825
0.139349
0.118654
0.119464
0.111956
0.108228
0.105015
0.099411
0.102186
0.102312
0.099150
0.104072
0.096248
0.096387
0.097950
0.109032
0.108987
0.123458
0.116088
0.120277
0.134875
0.127667
0.112848
0.115952
0.112602
0.110092
0.108959
0.104682
0.106800
0.104175
0.099705
0.098161
0.100290
0.097511
0.098451
0.100661
0.100074
0.100357
0.112967
0.119933
0.154502
0.141953
0.185480
0.232309
0.218276
0.176460
0.173335
0.169746
0.201296
0.205118
0.250259
0.271150
0.323207
0.358433
0.410771
0.337448
0.286116
0.285804
0.152912
0.183203
0.195951
0.143441
0.131222
0.139691
0.136661
0.123493
0.119682
0.116721
0.118323
0.114981
0.109256
0.108532
0.106044
0.104624
0.104089
0.104695
0.106461
0.109458
0.114051
0.110096
0.107198
0.114325
0.116503
0.126796
0.120190
0.120952
0.132702
0.122182
0.118494
0.121903
0.121909
0.121742
0.122148
0.117891
0.113493
0.110533
0.112623
0.112543
0.111014
0.118159
0.123858
0.131002
0.124337
0.118034
0.123053
0.125744
0.134081
0.128592
0.135826
0.148096
0.139485
0.136753
0.142071
0.139862
0.134287
0.131778
0.124802
0.125447
0.121746
0.118176
0.116379
0.118344
0.117216
0.120396
0.122716
0.120556
0.140496
0.139249
0.149248
0.151707
0.156818
0.176465
0.156364
0.157750
0.175604
0.178265
0.167505
0.169222
0.156026
0.147826
0.148543
0.156907
0.169443
0.176151
0.183455
0.185485
0.206289
0.175981
0.161022
0.182294
0.185835
0.209482
0.203506
0.212565
0.241183
0.214958
0.202369
0.214203
0.208961
0.193456
0.193579
0.183420
0.178607
0.180042
0.187718
0.201473
0.193843
0.191016
0.205611
0.214590
0.212980
0.233379
0.236410
0.252144
0.282012
0.251818
0.242059
0.252719
0.255981
0.235558
0.236985
0.218376
0.212798
0.202754
0.201331
0.204854
0.206438
0.213777
0.223539
0.266710
0.261068
0.283810
0.296040
0.313382
0.316306
0.307729
0.346508
0.377159
0.381862
0.402933
0.399115
0.417926
0.425503
0.458318
0.478623
0.518239
0.471200
0.443090
0.453082
0.361563
0.375617
0.392454
0.364248
0.370288
0.411321
0.387724
0.343936
0.329472
0.319713
0.298934
0.294764
0.274735
0.266654
0.257614
0.257924
0.260694
0.268504
0.276529
0.294012
0.325858
0.320198
0.338499
0.344053
0.366117
0.397134
0.376003
0.358694
0.378268
0.377958
0.383864
0.372084
0.378539
0.380739
0.397077
0.417546
0.445669
0.417014
0.397177
0.409131
0.364535
0.352567
0.357519
0.381290
0.397709
0.424917
0.404807
0.382041
0.384212
0.374942
0.350033
0.343736
0.326025
0.333104
0.326966
0.312113
0.314916
0.304128
0.311082
0.311416
0.390759
0.372602
0.383143
0.401216
0.418242
0.437272
0.435681
0.413052
0.394440
0.411125
0.440638
0.460471
0.481622
0.511233
0.540865
0.536996
0.586238
0.625454
0.616519
0.600375
0.669050
0.541536
0.509856
0.414261
0.453347
0.479167
0.408047
0.409485
0.445910
0.405091
0.387608
0.403197
0.390916
0.385327
0.364196
0.342731
0.338565
0.321696
0.313819
0.302506
0.296532
0.307357
0.320740
0.331366
0.331340
0.327273
0.367823
0.360588
0.381526
0.378366
0.364469
0.386665
0.354315
0.342860
0.351550
0.333278
0.324612
0.302212
0.283596
0.287942
0.270188
0.252705
0.234125
0.226174
0.229946
0.242239
0.257720
0.262262
0.310798
0.298258
0.314221
0.318789
0.301651
0.320654
0.298173
0.276204
0.282443
0.265203
0.256495
0.237189
0.218301
0.230043
0.217690
0.194653
0.179898
0.184149
0.169351
0.174555
0.179807
0.186883
0.195557
0.244509
0.234429
0.258257
0.255913
0.242332
0.259417
0.246670
0.219629
0.223708
0.208309
0.203234
0.192950
0.186435
0.199230
0.207939
0.204288
0.221186
0.191064
0.181558
0.181610
0.191347
0.188221
0.207693
0.197011
0.182925
0.194893
0.180087
0.171488
0.183242
0.176067
0.165374
0.151857
0.135125
0.137179
0.132141
0.123922
0.128316
0.121130
0.126470
0.131681
0.166727
0.157212
0.176286
0.187374
0.168261
0.156441
0.222690
0.148878
0.182765
0.163765
0.154345
0.139070
0.156416
0.181492
0.200257
0.194260
0.223041
0.254948
0.232488
0.208531
0.173199
0.168635
0.145363
0.135810
0.135303
0.143044
0.129908
0.167845
0.178550
0.104970
0.150431
0.138250
0.149768
0.137175
0.145691
0.163621
0.179001
0.176686
0.198472
0.162947
0.147004
0.145104
0.125181
0.126014
0.129823
0.122018
0.118626
0.128773
0.126946
0.118512
0.124811
0.128690
0.132443
0.133678
0.131800
0.132381
0.129670
0.125462
0.122217
0.127567
0.131804
0.138873
0.126204
0.135684
0.148472
0.130133
0.130650
0.140933
0.133802
0.128905
0.134649
0.132948
0.131756
0.127160
0.119940
0.119913
0.116350
0.112627
0.111713
0.113639
0.117296
0.121301
0.127359
0.128255
0.139622
0.134674
0.132735
0.148780
0.130550
0.124651
0.129158
0.119278
0.117373
0.108546
0.107288
0.111732
0.110380
0.104086
0.105336
0.100658
0.102314
0.102361
0.112952
0.105710
0.107894
0.117323
0.119679
0.133828
0.128954
0.105542
0.099477
0.092564
0.091342
0.089375
0.089805
0.092534
0.092604
0.089742
0.090812
0.094820
0.090325
0.089826
0.092815
0.089237
0.088767
0.091227
0.089468
0.093520
0.093947
0.099344
0.106953
0.105773
0.098831
0.104535
0.094649
0.093145
0.089791
0.087057
0.086965
0.086481
0.085105
0.085781
0.088895
0.085991
0.087172
0.089984
0.087646
0.085942
0.089593
0.089439
0.095418
0.090275
0.089783
0.093361
0.090563
0.091613
0.093267
0.090885
0.086977
0.082439
0.079195
0.081473
0.081291
0.078700
0.081090
0.086223
0.081853
0.080220
0.084776
0.078905
0.077572
0.087939
0.084179
0.088518
0.098065
0.105503
0.146666
0.095233
0.108156
0.111515
0.100063
0.101384
0.101901
0.103622
0.111463
0.112881
0.105827
0.106591
0.110559
0.103967
0.096374
0.094815
0.094236
0.099732
0.098328
0.101432
0.104022
0.095761
0.120215
0.132197
0.121526
0.134157
0.178531
0.145127
0.175081
0.188260
0.242131
0.296484
0.336713
0.325790
0.384478
0.431944
0.425669
0.403916
0.327127
0.284849
0.153169
0.217316
0.267631
0.151568
0.157998
0.184884
0.200859
0.140151
0.146037
0.145345
0.156819
0.169024
0.181126
0.184819
0.213630
0.244127
0.280251
0.239178
0.206992
0.213297
0.135179
0.176349
0.232924
0.130691
0.105583
0.151738
0.119022
0.109419
0.124059
0.122357
0.112747
0.108475
0.103884
0.097008
0.096505
0.105398
0.114475
0.112971
0.128492
0.130818
0.122634
0.110368
0.123973
0.120505
0.136009
0.145637
0.165069
0.181363
0.188204
0.155909
0.145319
0.145940
0.163756
0.154610
0.147708
0.170779
0.165356
0.133311
0.115246
0.121486
0.101494
0.104539
0.116086
0.127552
0.150146
0.152708
0.163030
0.158239
0.170175
0.189441
0.175597
0.171804
0.174556
0.154172
0.158664
0.135562
0.124172
0.146463
0.145685
0.122220
0.133374
0.112176
0.112575
0.124677
0.129257
0.121564
0.134406
0.129173
0.136323
0.152964
0.144108
0.144245
0.152028
0.152386
0.151552
0.146524
0.137040
0.130213
0.125799
0.128864
0.131518
0.130592
0.142047
0.150009
0.148715
0.137070
0.145488
0.147315
0.159800
0.153256
0.151308
0.168205
0.146410
0.145300
0.155369
0.151899
0.145999
0.138989
0.129007
0.127334
0.122426
0.119109
0.115884
0.116480
0.116538
0.121109
0.124682
0.125382
0.123500
0.143530
0.141067
0.155010
0.152157
0.149159
0.163570
0.148658
0.140636
0.145436
0.139221
0.133418
0.127634
0.124084
0.124499
0.124398
0.123147
0.125663
0.130759
0.125911
0.124837
0.128205
0.123868
0.122573
0.136779
0.131678
0.138942
0.146879
0.155676
0.172401
0.158849
0.151878
0.155030
0.153124
0.145686
0.147273
0.144734
0.141494
0.141908
0.146406
0.150713
0.149993
0.148716
0.154927
0.159130
0.157677
0.165327
0.171549
0.185177
0.201344
0.187374
0.185309
0.190529
0.192077
0.182307
0.186632
0.181208
0.175373
0.173219
0.177329
0.179477
0.183679
0.185931
0.195158
0.201814
0.200937
0.211345
0.216320
0.230110
0.245676
0.228956
0.233613
0.240702
0.243292
0.230937
0.232739
0.220413
0.215174
0.207448
0.207383
0.204093
0.200593
0.210290
0.218884
0.228666
0.221752
0.215547
0.254868
0.246568
0.257410
0.265886
0.278917
0.280751
0.292070
0.281442
0.292517
0.295193
0.288369
0.284736
0.273161
0.266952
0.258070
0.258425
0.253692
0.245966
0.259668
0.269188
0.274087
0.268124
0.297807
0.295299
0.307710
0.312798
0.320195
0.337911
0.320202
0.314888
0.322060
0.318858
0.303455
0.298877
0.286167
0.284609
0.276208
0.268237
0.263479
0.270843
0.279648
0.284472
0.323634
0.315285
0.326209
0.343217
0.355983
0.378211
0.356949
0.346412
0.349977
0.341291
0.324021
0.318780
0.311875
0.314809
0.311345
0.304218
0.303705
0.301395
0.305256
0.305863
0.348552
0.335583
0.340282
0.367028
0.384361
0.404238
0.390760
0.375523
0.376245
0.368804
0.350842
0.350832
0.346334
0.351270
0.350786
0.345112
0.347036
0.341502
0.342036
0.342924
0.382039
0.371683
0.376296
0.400787
0.422269
0.441261
0.427931
0.419611
0.423155
0.421184
0.402290
0.405683
0.398913
0.398745
0.395508
0.392066
0.391463
0.393228
0.396574
0.400652
0.437845
0.430294
0.437897
0.460138
0.483364
0.505743
0.483875
0.483744
0.491721
0.491348
0.468267
0.472520
0.462070
0.461107
0.456413
0.452391
0.452170
0.452958
0.457844
0.461744
0.509832
0.501598
0.512615
0.535792
0.561324
0.584369
0.556734
0.570341
0.597330
0.608777
0.614629
0.602351
0.596094
0.583754
0.583598
0.597730
0.605325
0.610995
0.610468
0.629046
0.591262
0.578354
0.578101
0.611105
0.625767
0.651505
0.635797
0.601772
0.593033
0.574194
0.550709
0.550064
0.541559
0.550916
0.547259
0.533039
0.531929
0.524384
0.528488
0.523983
0.590119
0.580630
0.586713
0.583989
0.604373
0.641424
0.600023
0.589860
0.558851
0.555354
0.567604
0.550749
0.538583
0.551186
0.541677
0.520268
0.505508
0.509194
0.489270
0.489432
0.479306
0.503637
0.518136
0.522377
0.526434
0.544707
0.520488
0.492287
0.503503
0.511341
0.462945
0.458243
0.449249
0.456846
0.439988
0.428258
0.426545
0.416387
0.410854
0.402359
0.398147
0.402131
0.410372
0.411820
0.418980
0.418387
0.422045
0.422525
0.434907
0.415923
0.390518
0.395486
0.381968
0.378603
0.385869
0.378809
0.386193
0.372100
0.361929
0.361874
0.355205
0.350154
0.345464
0.345156
0.344800
0.348792
0.353895
0.354111
0.353447
0.355362
0.367392
0.347986
0.322101
0.328441
0.312309
0.310059
0.318883
0.310340
0.315427
0.301411
0.294203
0.294621
0.291887
0.289340
0.289423
0.292394
0.289511
0.290459
0.293726
0.291377
0.290355
0.286976
0.286669
0.297024
0.285176
0.266448
0.276419
0.267377
0.245353
0.245511
0.231591
0.236545
0.224513
0.229100
0.234249
0.240063
0.238167
0.245517
0.254304
0.246519
0.242152
0.249624
0.234983
0.232633
0.215149
0.215525
0.212678
0.212044
0.215153
0.228665
0.218673
0.217790
0.231760
0.240184
0.251938
0.258462
0.265239
0.252501
0.274713
0.319053
0.355236
0.331327
0.303459
0.325397
0.232837
0.250077
0.270036
0.240289
0.239413
0.264316
0.249252
0.229009
0.240453
0.252051
0.263214
0.286060
0.300272
0.285493
0.319174
0.367133
0.408294
0.377143
0.348175
0.377782
0.246743
0.276663
0.305206
0.249658
0.240271
0.256198
0.232096
0.237171
0.248545
0.250444
0.251204
0.252760
0.249131
0.237776
0.240627
0.259307
0.271188
0.272656
0.267004
0.285283
0.244083
0.255056
0.275005
0.251926
0.247254
0.262770
0.236303
0.248473
0.262971
0.263225
0.260975
0.254524
0.238414
0.229968
0.218006
0.218697
0.211396
0.202391
0.218541
0.231605
0.240221
0.238720
0.231490
0.251829
0.254617
0.272612
0.258793
0.246667
0.262460
0.235510
0.237020
0.248541
0.238978
0.236126
0.220919
0.208251
0.210646
0.200151
0.189014
0.176943
0.174399
0.170442
0.176654
0.172767
0.189000
0.194145
0.221068
0.214790
0.226051
0.225169
0.212354
0.225936
0.212008
0.192226
0.192710
0.173340
0.170605
0.153639
0.150805
0.162988
0.164080
0.151468
0.155418
0.140278
0.140176
0.135277
0.155890
0.143355
0.144760
0.156385
0.153590
0.158790
0.171230
0.135667
0.122909
0.113453
0.114590
0.122039
0.131260
0.147112
0.162434
0.154180
0.166465
0.191804
0.158527
0.142245
0.131089
0.135636
0.120985
0.131617
0.147769
0.119044
0.120444
0.121487
0.124061
0.121132
0.126414
0.126981
0.127888
0.127775
0.122866
0.122002
0.119500
0.117162
0.116509
0.118826
0.122348
0.127620
0.126469
0.129599
0.137015
0.130345
0.131587
0.138376
0.125738
0.134817
0.140567
0.140130
0.140261
0.136810
0.130340
0.132671
0.129641
0.124417
0.124302
0.124147
0.127194
0.130617
0.134933
0.136663
0.146832
0.139868
0.136585
0.148779
0.132078
0.132509
0.139568
0.130152
0.132778
0.117376
0.106958
0.117215
0.117084
0.106111
0.112653
0.097425
0.096814
0.097313
0.119011
0.115008
0.120220
0.117297
0.117330
0.122357
0.125315
0.109479
0.111610
0.104316
0.101171
0.098700
0.097351
0.093461
0.088380
0.087344
0.083565
0.093252
0.099396
0.110330
0.107463
0.103132
0.106411
0.112132
0.101579
0.102377
0.107376
0.099671
0.113590
0.094751
0.099717
0.103650
0.127445
0.158972
0.203823
0.202747
0.252944
0.300672
0.259558
0.228891
0.264808
0.180236
0.162479
0.096957
0.125050
0.194236
0.105553
0.100869
0.127322
0.130212
0.090409
0.085750
0.077995
0.075458
0.076958
0.087765
0.094651
0.110507
0.113861
0.134841
0.154919
0.143745
0.132504
0.112020
0.102039
0.083127
0.085392
0.089335
0.084539
0.081029
0.113463
0.081832
0.084138
0.086750
0.091990
0.104785
0.101821
0.100706
0.097122
0.099991
0.103703
0.106636
0.107067
0.107184
0.117220
0.080174
0.090570
0.104332
0.079655
0.068945
0.079091
0.065069
0.073263
0.073609
0.079533
0.083950
0.090523
0.088195
0.090407
0.090876
0.088565
0.091974
0.097093
0.094311
0.093046
0.099812
0.089781
0.087271
0.083787
0.094960
0.110319
0.089604
0.094070
0.105281
0.106852
0.100797
0.130544
0.125920
0.112807
0.113629
0.103298
0.118029
0.168985
0.209160
0.272664
0.182486
0.129734
0.136678
0.131082
0.148184
0.227189
0.152997
0.118119
0.117640
0.127577
0.124972
0.122978
0.127239
0.132212
0.138478
0.143872
0.145827
0.156581
0.163483
0.175089
0.161331
0.152756
0.157088
0.128173
0.138837
0.148374
0.130697
0.134523
0.142670
0.136296
0.135654
0.138420
0.132387
0.129836
0.125130
0.122793
0.132069
0.128625
0.115580
0.108382
0.110123
0.102925
0.103750
0.103866
0.108944
0.114123
0.131075
0.126259
0.129738
0.136343
0.143929
0.155032
0.152217
0.137842
0.137760
0.131035
0.124769
0.120312
0.117290
0.123331
0.120927
0.112343
0.108107
0.111237
0.103030
0.103508
0.102701
0.107519
0.111090
0.131488
0.125092
0.129118
0.139392
0.145988
0.157824
0.151259
0.140092
0.140673
0.133129
0.128666
0.123138
0.120958
0.125807
0.126473
0.121964
0.124329
0.117929
0.117207
0.116314
0.130419
0.125091
0.128787
0.135436
0.139188
0.147838
0.149124
0.131563
0.128279
0.123593
0.122148
0.120525
0.121865
0.126913
0.130711
0.129382
0.135106
0.124747
0.121522
0.121786
0.126525
0.124492
0.127056
0.130826
0.138389
0.146320
0.146572
0.137825
0.138848
0.139735
0.134555
0.137288
0.135752
0.137713
0.139999
0.139760
0.144995
0.138234
0.136233
0.138287
0.147153
0.146803
0.153221
0.157009
0.170276
0.182550
0.175183
0.173169
0.183696
0.186634
0.177469
0.180733
0.174017
0.170167
0.168454
0.170174
0.171878
0.172885
0.176667
0.181442
0.189989
0.181110
0.174308
0.196501
0.196765
0.208313
0.212483
0.228000
0.247342
0.226763
0.230396
0.240039
0.240805
0.225828
0.227515
0.218827
0.215308
0.211356
0.211348
0.212295
0.214747
0.218515
0.224670
0.251260
0.246929
0.257731
0.270548
0.286764
0.308321
0.284312
0.286690
0.297004
0.294963
0.277646
0.279016
0.269204
0.265579
0.261133
0.261559
0.262785
0.265265
0.268688
0.275218
0.305428
0.299731
0.311594
0.326212
0.343542
0.365327
0.340205
0.344568
0.355809
0.355207
0.335862
0.337186
0.325635
0.319757
0.310755
0.311401
0.306970
0.300373
0.314153
0.323496
0.332369
0.327347
0.321005
0.367727
0.360648
0.372043
0.390932
0.410185
0.434910
0.406270
0.409643
0.420218
0.417644
0.394912
0.394818
0.380895
0.376288
0.365604
0.359774
0.351671
0.365254
0.375639
0.383143
0.430173
0.420431
0.432830
0.456115
0.475124
0.502653
0.470426
0.470675
0.481132
0.475186
0.450009
0.447388
0.431641
0.430780
0.420248
0.409585
0.403420
0.411052
0.421852
0.425608
0.486890
0.474326
0.486796
0.513600
0.533275
0.559669
0.523294
0.538990
0.561641
0.571987
0.583180
0.572364
0.572510
0.563461
0.568492
0.584540
0.595773
0.594308
0.588849
0.604586
0.552005
0.545059
0.541979
0.567219
0.574295
0.597884
0.582535
0.547681
0.539199
0.517203
0.497024
0.491514
0.486247
0.500377
0.500461
0.484882
0.487916
0.471262
0.472001
0.463634
0.525299
0.515573
0.515233
0.516314
0.533950
0.568618
0.527266
0.523774
0.493651
0.493973
0.510970
0.497500
0.489811
0.506724
0.501346
0.477780
0.465716
0.474629
0.445377
0.439795
0.425502
0.452361
0.470436
0.464402
0.472564
0.490938
0.461907
0.435330
0.443263
0.461219
0.409862
0.403147
0.401208
0.407563
0.396059
0.380773
0.372941
0.361927
0.363020
0.357678
0.350587
0.365040
0.376754
0.385428
0.382065
0.374627
0.378519
0.384079
0.402234
0.377285
0.355546
0.364801
0.342144
0.347941
0.360291
0.355181
0.358296
0.345980
0.331932
0.326188
0.315271
0.310139
0.301755
0.316787
0.327444
0.335391
0.333156
0.334483
0.349194
0.332311
0.312363
0.321978
0.303659
0.300530
0.308276
0.300623
0.305884
0.293382
0.283301
0.279423
0.270227
0.267332
0.259275
0.251786
0.262974
0.272838
0.278410
0.279464
0.276140
0.279125
0.279682
0.290421
0.275475
0.255739
0.262959
0.249329
0.246236
0.251883
0.246677
0.252810
0.243703
0.234835
0.231406
0.225822
0.225448
0.223007
0.220262
0.227237
0.233804
0.241154
0.235930
0.231271
0.225867
0.230827
0.243904
0.222048
0.203273
0.208900
0.197492
0.194765
0.201067
0.198195
0.203664
0.196231
0.189371
0.187053
0.183818
0.181401
0.179388
0.183663
0.188386
0.194331
0.182585
0.186368
0.198882
0.182576
0.171381
0.172436
0.180233
0.159336
0.159676
0.150125
0.152000
0.147318
0.148758
0.167052
0.167282
0.152132
0.157821
0.167818
0.167960
0.168257
0.153948
0.145503
0.142996
0.142214
0.138928
0.140815
0.123045
0.121125
0.120245
0.140692
0.144457
0.154186
0.174184
0.184760
0.222918
0.257135
0.320438
0.340479
0.406516
0.314422
0.261500
0.274528
0.140591
0.160157
0.183318
0.148812
0.137969
0.127383
0.145751
0.146419
0.148686
0.151436
0.161816
0.156806
0.152227
0.154735
0.152953
0.148174
0.145987
0.148398
0.143629
0.145207
0.146125
0.148026
0.148485
0.140616
0.148309
0.157663
0.137105
0.123583
0.127016
0.117809
0.121801
0.128329
0.126920
0.130497
0.125078
0.122650
0.123632
0.125975
0.126963
0.134507
0.125459
0.123158
0.125739
0.118223
0.119047
0.124192
0.117990
0.111859
0.116086
0.112525
0.106450
0.107136
0.104215
0.098913
0.099441
0.096338
0.095817
0.094315
0.091884
0.090831
0.093274
0.091275
0.096262
0.100789
0.098722
0.094712
0.108181
0.106610
0.113247
0.116196
0.123089
0.123339
0.127701
0.132134
0.143790
0.147931
0.147826
0.153767
0.152298
0.159948
0.158425
0.148480
0.144128
0.148661
0.138116
0.136438
0.139842
0.145337
0.148748
0.155771
0.167081
0.153671
0.157218
0.167262
0.164776
0.147184
0.139803
0.132168
0.131204
0.123645
0.120950
0.125439
0.123443
0.116913
0.114499
0.117587
0.111331
0.110306
0.109908
0.112702
0.115712
0.123946
0.121181
0.127568
0.127165
0.122711
0.132650
0.122300
0.114524
0.115147
0.107431
0.106151
0.100080
0.097582
0.099777
0.100064
0.097781
0.100093
0.096576
0.096258
0.098432
0.102348
0.098404
0.103041
0.106324
0.106981
0.116952
0.111391
0.099868
0.100983
0.096599
0.095352
0.091513
0.089240
0.088379
0.088438
0.089762
0.093520
0.091579
0.091322
0.096754
0.093819
0.092579
0.102619
0.098645
0.099075
0.109039
0.102054
0.094619
0.097180
0.092913
0.088815
0.086389
0.085585
0.088193
0.088866
0.085583
0.088079
0.093181
0.090158
0.089748
0.097912
0.087946
0.084996
0.093314
0.090157
0.097378
0.098501
0.109698
0.121830
0.121873
0.107830
0.123944
0.122592
0.124111
0.115556
0.107251
0.107097
0.106433
0.107657
0.114787
0.120938
0.120345
0.118155
0.125886
0.112132
0.107588
0.109395
0.108771
0.126976
0.124485
0.128197
0.152903
0.133773
0.112164
0.108462
0.101876
0.101159
0.113465
0.117076
0.120311
0.130816
0.134972
0.151836
0.164895
0.158919
0.150037
0.161490
0.135116
0.127352
0.115079
0.123770
0.134279
0.126083
0.145475
0.174068
0.139794
0.155256
0.184004
0.195251
0.199643
0.204849
0.200812
0.239564
0.256480
0.238771
0.266543
0.194716
0.171266
0.139530
0.175474
0.189215
0.218773
0.186595
0.178662
0.193712
0.198576
0.150785
0.138952
0.127964
0.126869
0.133654
0.151437
0.164325
0.189332
0.205401
0.235496
0.193944
0.167932
0.171227
0.132988
0.138633
0.149986
0.136354
0.148415
0.164873
0.163430
0.140370
0.171374
0.145649
0.134530
0.146755
0.153195
0.170240
0.190421
0.194735
0.224639
0.195082
0.174711
0.199830
0.163227
0.174944
0.201747
0.152776
0.150666
0.147240
0.159473
0.157602
0.161280
0.162941
0.169876
0.168432
0.161555
0.156074
0.158028
0.163619
0.174416
0.180492
0.187215
0.190109
0.181820
0.167235
0.151927
0.160486
0.176189
0.153037
0.142424
0.153294
0.137599
0.136844
0.140828
0.136239
0.139298
0.135586
0.133798
0.134349
0.134837
0.135751
0.141113
0.145093
0.146302
0.145136
0.152863
0.139805
0.135464
0.129801
0.131791
0.138521
0.133517
0.138030
0.148678
0.144330
0.137921
0.142362
0.148559
0.148509
0.153623
0.149360
0.142867
0.142997
0.150482
0.157968
0.158129
0.169446
0.173064
0.166715
0.155098
0.155043
0.161763
0.173837
0.165182
0.173823
0.190435
0.172647
0.177804
0.189560
0.195432
0.190980
0.194694
0.185756
0.176532
0.172305
0.179486
0.182716
0.178214
0.194116
0.201600
0.199560
0.188103
0.197720
0.204077
0.220802
0.207870
0.209335
0.224582
0.201442
0.211264
0.224475
0.225666
0.219613
0.217993
0.207785
0.202099
0.193519
0.191783
0.186281
0.199560
0.206887
0.215684
0.222305
0.223641
0.237204
0.230376
0.229991
0.240102
0.228125
0.226423
0.231316
0.229132
0.225012
0.221924
0.216985
0.215705
0.213113
0.211936
0.210845
0.210551
0.213311
0.218203
0.225081
0.219060
0.215197
0.226519
0.224286
0.231841
0.233837
0.233119
0.243634
0.240145
0.220741
0.217354
0.210792
0.210179
0.209419
0.214191
0.217325
0.225281
0.230687
0.241179
0.228015
0.220495
0.224806
0.210493
0.209165
0.209780
0.211891
0.213507
0.223080
0.216348
0.207882
0.209213
0.202962
0.200294
0.194728
0.193070
0.199260
0.201174
0.197071
0.202693
0.190750
0.188438
0.186026
0.201101
0.196809
0.199925
0.206528
0.208430
0.220796
0.211244
0.201229
0.203650
0.196060
0.188179
0.183674
0.183466
0.192305
0.196737
0.189447
0.194452
0.207155
0.188340
0.178391
0.177586
0.174948
0.180493
0.197992
0.191223
0.195801
0.208621
0.216803
0.229121
0.220526
0.215819
0.227005
0.228583
0.228390
0.217552
0.214303
0.210629
0.214108
0.221302
0.230096
0.224647
0.222385
0.233474
0.219922
0.207202
0.199413
0.231780
0.234566
0.254759
0.231910
0.222570
0.229658
0.215306
0.205572
0.193666
0.181723
0.176502
0.172474
0.174387
0.178254
0.181780
0.186011
0.189686
0.202547
0.187501
0.179535
0.203722
0.192045
0.198320
0.214835
0.209996
0.230927
0.200419
0.199318
0.211589
0.200282
0.188562
0.172508
0.162116
0.163355
0.157214
0.151109
0.149043
0.150760
0.153282
0.157666
0.158460
0.154896
0.191496
0.175545
0.180310
0.206385
0.215228
0.228056
0.229965
0.203233
0.198185
0.178942
0.170666
0.165064
0.177834
0.192973
0.201317
0.189493
0.191633
0.204051
0.180911
0.169852
0.166415
0.167123
0.176518
0.188590
0.174080
0.162448
0.197737
0.215024
0.242248
0.235212
0.201567
0.208791
0.198002
0.189239
0.183772
0.180354
0.186154
0.190213
0.185433
0.192693
0.206349
0.193810
0.188091
0.181930
0.179763
0.194141
0.187254
0.199192
0.207084
0.213635
0.231520
0.220116
0.205341
0.205933
0.201143
0.195791
0.199135
0.199337
0.198676
0.203388
0.210646
0.220832
0.213183
0.206769
0.212545
0.204827
0.205064
0.210363
0.213172
0.221247
0.233211
0.224267
0.218806
0.221306
0.221122
0.222316
0.226842
0.230891
0.224431
0.236680
0.255453
0.284499
0.297523
0.309117
0.302620
0.275328
0.252560
0.220897
0.225040
0.231491
0.225041
0.231483
0.243713
0.235342
0.230702
0.234801
0.236669
0.234212
0.234542
0.222437
0.215268
0.205942
0.207237
0.201973
0.194689
0.208331
0.219364
0.226277
0.224750
0.217889
0.238883
0.242757
0.255970
0.246692
0.249022
0.265043
0.244308
0.246257
0.257638
0.255044
0.246653
0.240062
0.224546
0.220324
0.208651
0.200341
0.192403
0.206020
0.217733
0.224340
0.250478
0.246995
0.261416
0.263030
0.262113
0.282063
0.256239
0.251647
0.261094
0.250375
0.239328
0.226812
0.212238
0.212131
0.200626
0.187877
0.179604
0.189694
0.201686
0.205585
0.242233
0.231115
0.239673
0.254025
0.252572
0.271791
0.249436
0.238198
0.243130
0.225374
0.215480
0.199358
0.190619
0.197003
0.189756
0.175161
0.168849
0.169696
0.177295
0.174494
0.215030
0.198989
0.200951
0.222379
0.224039
0.235764
0.236843
0.203834
0.193999
0.175956
0.167993
0.159281
0.164942
0.178801
0.183325
0.171152
0.172463
0.184690
0.162062
0.152538
0.148753
0.151616
0.160516
0.176990
0.162780
0.157519
0.183652
0.195056
0.209221
0.206858
0.184484
0.182428
0.177533
0.169509
0.168530
0.167012
0.171726
0.175558
0.171848
0.178026
0.188328
0.177603
0.172878
0.179528
0.168304
0.166976
0.183902
0.178636
0.185572
0.197876
0.204131
0.232942
0.211023
0.180253
0.182742
0.162746
0.147473
0.134631
0.128126
0.138732
0.146258
0.145434
0.164497
0.133433
0.124462
0.126475
0.156518
0.138418
0.143572
0.172587
0.175986
0.208856
0.182922
0.151210
0.160271
0.145472
0.129330
0.115307
0.102264
0.111550
0.110054
0.101827
0.113010
0.095305
0.092663
0.094173
0.141717
0.126431
0.149368
0.170689
0.995091
0.926383
0.927599
0.885148
0.865482
0.849902
0.853277
0.862380
0.875857
0.891966
0.883540
0.909397
0.839918
0.814227
0.843258
0.832884
0.768234
0.787267
0.732455
0.707997
0.631620
0.597582
0.619776
0.561090
0.602071
0.624280
0.669395
0.715216
0.761719
0.776443
0.823832
0.471342
0.470319
0.413001
0.331233
0.305881
0.245662
0.245298
0.236235
0.274363
0.316935
0.346322
0.292149
0.297947
0.329181
0.358021
0.389021
0.450773
0.271818
0.292801
0.246053
0.242867
0.253926
0.274046
0.323923
0.386301
0.383145
0.463036
0.494914
0.463354
0.378738
0.324005
0.237210
0.238301
0.265489
0.313721
0.352110
0.329984
0.278184
0.317703
0.346540
0.346789
0.416576
0.473771
0.533051
0.570641
0.536853
0.670653
0.402897
0.428977
0.373946
0.360571
0.361974
0.287081
0.300885
0.281826
0.295638
0.366261
0.364062
0.386835
0.401291
0.433580
0.436524
0.413987
0.441780
0.493045
0.494931
0.383316
0.394736
0.365240
0.356409
0.358224
0.386329
0.340486
0.337974
0.343972
0.329839
0.326795
0.296963
0.302970
0.274081
0.248823
0.244796
0.249593
0.261865
0.277724
0.310365
0.353703
0.346168
0.221745
0.213631
0.215668
0.197866
0.215268
0.174544
0.180749
0.158623
0.149681
0.141219
0.120928
0.111194
0.100709
0.092673
0.098156
0.092167
0.164801
0.178138
0.179476
0.203355
0.230401
0.256452
0.293781
0.354416
0.355647
0.305824
0.224732
0.263371
0.252068
0.290422
0.328302
0.343342
0.388601
0.456895
0.555091
0.590029
0.617622
0.626967
0.477485
0.528816
0.474664
0.533908
0.586002
0.604959
0.650437
0.720561
0.545423
0.586499
0.547376
0.597059
0.625464
0.656433
0.650213
0.711735
0.779205
0.713154
0.686234
0.770479
0.834009
0.902586
0.880889
0.802160
0.834017
0.862652
0.856200
0.907696
0.934435
0.980699
0.973313
0.993153
0.984338
1.020371
1.029710
1.118706
1.164363
1.128120
1.129878
1.121715
1.112533
1.110837
1.118466
1.168918
1.231550
1.160903
1.225020
1.218052
1.288604
1.202506
1.273081
1.295673
1.305705
