# RMSF / nm
0.283937
0.232640
0.185394
0.216275
0.230192
0.292906
0.308887
0.381024
0.418714
0.507220
0.568572
0.548915
0.505960
0.418625
0.373446
0.167142
0.217675
0.231364
0.111049
0.101581
0.114831
0.113702
0.086046
0.080919
0.071661
0.077319
0.078218
0.097145
0.131739
0.148826
0.129999
0.149770
0.176508
0.161178
0.153759
0.123953
0.107397
0.067925
0.074716
0.082140
0.062263
0.055771
0.061462
0.056645
0.054769
0.053631
0.051913
0.054979
0.051809
0.049767
0.051134
0.050829
0.049018
0.050923
0.052338
0.055191
0.056298
0.064662
0.053328
0.049508
0.049650
0.051866
0.057821
0.050565
0.048539
0.052294
0.049762
0.049733
0.053284
0.054544
0.057734
0.058664
0.056910
0.061676
0.064991
0.064102
0.077635
0.092882
0.084842
0.077741
0.065528
0.058746
0.053892
0.060181
0.070822
0.055901
0.055220
0.061242
0.056090
0.057722
0.060961
0.063735
0.065540
0.067533
0.064526
0.059826
0.059401
0.063309
0.066824
0.069700
0.070883
0.082294
0.064077
0.070518
0.082540
0.067923
0.065656
0.073207
0.068529
0.063275
0.065328
0.063845
0.063737
0.061430
0.058884
0.061366
0.061338
0.058050
0.060539
0.057416
0.057937
0.061965
0.066151
0.065808
0.077243
0.078315
0.091263
0.113698
0.098890
0.083317
0.086875
0.079217
0.072190
0.067742
0.062607
0.064129
0.063101
0.058955
0.061996
0.057504
0.059612
0.063016
0.077004
0.073575
0.085367
0.084941
0.089409
0.102508
0.096116
0.082480
0.084709
0.079937
0.075603
0.072556
0.066000
0.067015
0.064660
0.060738
0.062390
0.060683
0.063359
0.067756
0.080487
0.080088
0.092921
0.088768
0.093516
0.109749
0.101338
0.086472
0.090931
0.087613
0.081383
0.076940
0.071601
0.072669
0.069511
0.065487
0.063473
0.064925
0.063711
0.066376
0.070223
0.068545
0.067461
0.092307
0.089774
0.125181
0.123951
0.177160
0.229787
0.223752
0.154558
0.133501
0.125334
0.148754
0.149198
0.186912
0.199351
0.239744
0.273059
0.314950
0.264727
0.223999
0.233428
0.105402
0.128837
0.144979
0.104687
0.095458
0.101900
0.106302
0.089510
0.087470
0.084357
0.090594
0.084970
0.080355
0.082498
0.079491
0.074347
0.071415
0.072951
0.070490
0.073175
0.075354
0.076362
0.075973
0.079386
0.081758
0.092726
0.084154
0.085060
0.099768
0.087606
0.082166
0.086453
0.080446
0.080641
0.075629
0.071519
0.072115
0.070417
0.067849
0.067590
0.070246
0.068194
0.069461
0.072871
0.070328
0.068945
0.075478
0.075141
0.083912
0.081093
0.084738
0.099119
0.089977
0.079877
0.082683
0.079070
0.076000
0.072555
0.067718
0.069272
0.067484
0.063898
0.063867
0.067472
0.065134
0.067092
0.067323
0.064823
0.078584
0.076824
0.085966
0.087652
0.093597
0.109648
0.099890
0.088359
0.092571
0.089643
0.086728
0.087394
0.085182
0.084700
0.091171
0.095280
0.109173
0.120873
0.117130
0.113500
0.128611
0.101931
0.092014
0.089110
0.092179
0.103688
0.096355
0.099991
0.112595
0.105279
0.095929
0.098663
0.094717
0.088724
0.086397
0.084953
0.088305
0.089672
0.088277
0.093673
0.087133
0.084864
0.087513
0.097112
0.093104
0.097298
0.106032
0.114435
0.125149
0.119916
0.110559
0.112003
0.114206
0.110089
0.113270
0.110720
0.108107
0.108704
0.112726
0.117470
0.115761
0.115107
0.122215
0.120480
0.121424
0.129652
0.131311
0.138924
0.141202
0.140633
0.153223
0.177676
0.173394
0.207620
0.226078
0.310984
0.341635
0.439772
0.507226
0.611654
0.479715
0.382220
0.373716
0.182772
0.211682
0.228296
0.210004
0.245450
0.285137
0.256922
0.253258
0.282178
0.289735
0.261188
0.260154
0.221210
0.202108
0.179129
0.169992
0.163763
0.187844
0.216008
0.244058
0.302842
0.295917
0.340568
0.347244
0.369825
0.420269
0.354893
0.362859
0.385995
0.381935
0.414638
0.399336
0.432464
0.445426
0.482370
0.515040
0.557951
0.507417
0.466227
0.474099
0.335401
0.346902
0.337833
0.333831
0.326057
0.344067
0.359356
0.282743
0.258053
0.229386
0.217207
0.219315
0.228342
0.251209
0.270052
0.264126
0.289245
0.248414
0.230971
0.231914
0.243340
0.237511
0.252276
0.243700
0.269760
0.308310
0.288496
0.248182
0.235463
0.221493
0.224825
0.215609
0.207833
0.225001
0.218715
0.195392
0.185632
0.193198
0.174991
0.173748
0.176966
0.179488
0.190129
0.201451
0.202931
0.220236
0.209128
0.202228
0.227086
0.194095
0.199764
0.215027
0.231812
0.267452
0.275694
0.308416
0.318169
0.366609
0.387932
0.446706
0.490333
0.464851
0.433993
0.471018
0.379474
0.355564
0.206723
0.235045
0.237381
0.201305
0.182147
0.196551
0.177128
0.166023
0.174368
0.167643
0.169804
0.158684
0.148339
0.148836
0.141178
0.134087
0.126628
0.123302
0.127214
0.134479
0.140856
0.139810
0.150560
0.150762
0.164870
0.152809
0.144255
0.155910
0.145463
0.132611
0.134987
0.125990
0.126171
0.116519
0.110468
0.113859
0.108636
0.100942
0.095046
0.095993
0.091068
0.093012
0.091448
0.098969
0.102317
0.114652
0.111286
0.118123
0.116231
0.112328
0.119772
0.122582
0.100056
0.095834
0.088225
0.091886
0.089397
0.094468
0.101908
0.112553
0.116696
0.130650
0.109992
0.099066
0.100887
0.082453
0.086033
0.092022
0.079488
0.076267
0.082664
0.085378
0.066002
0.060828
0.053704
0.056597
0.052685
0.054121
0.058957
0.063973
0.064551
0.074180
0.059651
0.055382
0.059372
0.052216
0.051612
0.054113
0.053617
0.058384
0.066657
0.064436
0.056762
0.055270
0.051261
0.051940
0.050498
0.052806
0.056841
0.061690
0.059358
0.065461
0.075158
0.067440
0.065577
0.060507
0.055616
0.050162
0.050995
0.056128
0.051388
0.053754
0.058404
0.059311
0.056527
0.062284
0.059160
0.061748
0.069519
0.084361
0.081900
0.111545
0.148398
0.188394
0.154609
0.121739
0.136848
0.063930
0.080177
0.099410
0.070009
0.073801
0.091238
0.086405
0.070081
0.080460
0.074842
0.079210
0.076102
0.074250
0.076542
0.076084
0.072815
0.074364
0.073215
0.074086
0.079028
0.070830
0.074839
0.082886
0.071555
0.070305
0.077346
0.076072
0.069098
0.071313
0.069768
0.073140
0.070492
0.068018
0.070075
0.070631
0.068471
0.072112
0.068561
0.068429
0.073100
0.065930
0.068645
0.076479
0.068064
0.066917
0.074417
0.069059
0.065036
0.067620
0.065786
0.067663
0.064999
0.062878
0.062871
0.062435
0.061535
0.064110
0.062490
0.063214
0.067883
0.062825
0.064181
0.071275
0.066224
0.066317
0.076791
0.068596
0.064257
0.067500
0.064689
0.063674
0.060665
0.057835
0.058024
0.056468
0.054633
0.054481
0.056813
0.055788
0.057669
0.062023
0.058309
0.056167
0.061888
0.061508
0.068598
0.066173
0.066362
0.076094
0.068711
0.063628
0.065903
0.063793
0.062220
0.059792
0.056912
0.057266
0.056342
0.054425
0.054701
0.057856
0.055347
0.056972
0.060750
0.057532
0.055488
0.062219
0.061872
0.068303
0.066512
0.067201
0.075876
0.069968
0.063214
0.064918
0.062472
0.062318
0.059653
0.056632
0.057534
0.055165
0.052349
0.052581
0.056902
0.053166
0.054795
0.058274
0.056181
0.053917
0.060382
0.059722
0.065210
0.064819
0.068369
0.078963
0.072055
0.073571
0.076449
0.066806
0.069109
0.060508
0.056115
0.056766
0.054360
0.050956
0.049560
0.050687
0.051693
0.054513
0.060472
0.055552
0.053003
0.064392
0.061147
0.065347
0.068834
0.071901
0.074868
0.078149
0.077730
0.099168
0.084703
0.087373
0.085210
0.090225
0.086793
0.094740
0.120866
0.163927
0.173011
0.209564
0.209334
0.167816
0.123988
0.078892
0.079895
0.082637
0.082835
0.086503
0.097362
0.093407
0.079983
0.083666
0.078683
0.077533
0.070450
0.068652
0.073292
0.073670
0.070466
0.075690
0.067846
0.066545
0.069532
0.074469
0.069513
0.074606
0.081326
0.082971
0.096572
0.096148
0.082544
0.086683
0.086210
0.085199
0.081602
0.071811
0.068939
0.064748
0.064064
0.064902
0.065006
0.070989
0.075665
0.075994
0.069268
0.084275
0.084795
0.097632
0.095229
0.095354
0.114569
0.097309
0.082985
0.087695
0.078526
0.073985
0.067672
0.060772
0.061502
0.057459
0.053951
0.053545
0.054754
0.058420
0.062604
0.062095
0.057123
0.073392
0.070196
0.080409
0.079412
0.086582
0.106681
0.102144
0.080240
0.081335
0.073900
0.070363
0.064745
0.060244
0.064332
0.065077
0.062507
0.070561
0.063438
0.061243
0.069294
0.071464
0.067410
0.076668
0.080346
0.078303
0.101172
0.086243
0.075989
0.082762
0.084558
0.088405
0.083826
0.084123
0.092871
0.099734
0.092900
0.105036
0.118271
0.120756
0.126094
0.112124
0.091418
0.079319
0.082041
0.089882
0.084002
0.081858
0.092356
0.083398
0.077137
0.081606
0.080372
0.079591
0.075836
0.071509
0.072133
0.072289
0.070997
0.073363
0.077750
0.074188
0.073294
0.076730
0.072239
0.070509
0.076706
0.076321
0.087810
0.087597
0.096606
0.118592
0.100372
0.090336
0.093070
0.086639
0.081100
0.081212
0.079253
0.077556
0.079763
0.082278
0.088140
0.092795
0.092733
0.092609
0.100414
0.088151
0.082424
0.088882
0.087772
0.095090
0.098225
0.108396
0.123631
0.111259
0.110719
0.117473
0.120882
0.115509
0.118290
0.111303
0.104923
0.101392
0.104875
0.105624
0.111978
0.115059
0.124846
0.126358
0.128463
0.140168
0.138781
0.148532
0.164719
0.147981
0.148317
0.156039
0.156070
0.147074
0.147066
0.137151
0.131667
0.125187
0.124383
0.122750
0.131205
0.137486
0.146479
0.160490
0.158370
0.170416
0.174106
0.182929
0.199856
0.180688
0.180579
0.186482
0.181526
0.169585
0.163345
0.153509
0.155043
0.147000
0.139126
0.131340
0.130395
0.129353
0.134716
0.136507
0.141841
0.143408
0.185204
0.173640
0.174436
0.190644
0.205541
0.214564
0.212741
0.208564
0.222429
0.224537
0.221502
0.213543
0.198694
0.194214
0.182114
0.178161
0.168826
0.159506
0.171940
0.183127
0.192023
0.188989
0.218947
0.217667
0.232374
0.230246
0.228288
0.243826
0.226163
0.217248
0.221563
0.211440
0.200895
0.189748
0.180857
0.185544
0.180367
0.168725
0.165928
0.164417
0.170686
0.170264
0.207535
0.196043
0.202138
0.219520
0.225916
0.241853
0.232502
0.213057
0.211108
0.201574
0.189825
0.185183
0.183905
0.190414
0.193133
0.188658
0.194911
0.182440
0.180013
0.178637
0.206850
0.196598
0.198981
0.219955
0.234450
0.249914
0.241439
0.230128
0.231536
0.230089
0.218567
0.221238
0.218764
0.219552
0.221382
0.223027
0.228830
0.222474
0.220531
0.224629
0.241657
0.238273
0.246288
0.257702
0.275525
0.293148
0.278177
0.276742
0.283329
0.284757
0.269223
0.273992
0.267430
0.263943
0.261944
0.263764
0.265806
0.267918
0.269500
0.276695
0.298434
0.295157
0.305757
0.318665
0.337118
0.359309
0.334448
0.338712
0.349516
0.350507
0.330973
0.335499
0.324189
0.319277
0.313799
0.313764
0.313998
0.318917
0.323958
0.332028
0.364630
0.360585
0.374861
0.388040
0.408910
0.430714
0.402715
0.420028
0.444389
0.460071
0.468208
0.462191
0.459901
0.447570
0.452396
0.471753
0.484671
0.484849
0.479684
0.500123
0.448387
0.440599
0.445151
0.470013
0.483105
0.511462
0.486728
0.463557
0.462095
0.446780
0.422031
0.417719
0.403113
0.408012
0.399988
0.385541
0.381627
0.381002
0.389987
0.390907
0.460563
0.444843
0.450894
0.461831
0.489216
0.522465
0.492285
0.478672
0.452934
0.450997
0.457620
0.441739
0.424952
0.434986
0.422579
0.400772
0.383283
0.385027
0.367443
0.371701
0.362846
0.389347
0.402251
0.421984
0.424265
0.448662
0.428732
0.409046
0.432709
0.433284
0.374502
0.365994
0.353191
0.352947
0.334614
0.321512
0.322304
0.310075
0.300263
0.287691
0.282136
0.284790
0.293959
0.293673
0.305573
0.307803
0.330823
0.324451
0.335312
0.331281
0.313317
0.323609
0.308667
0.296658
0.300809
0.288386
0.289629
0.272921
0.263264
0.267402
0.259365
0.248356
0.238873
0.237866
0.233895
0.238392
0.247049
0.251217
0.266722
0.261201
0.269990
0.265243
0.245807
0.255008
0.243131
0.227668
0.231073
0.217927
0.219581
0.204969
0.199228
0.204870
0.201867
0.192854
0.188762
0.192625
0.182949
0.182744
0.181206
0.187204
0.191426
0.197010
0.193488
0.200987
0.195981
0.181545
0.191806
0.184244
0.162785
0.161544
0.145508
0.147135
0.138376
0.144720
0.155184
0.161662
0.154722
0.160551
0.172625
0.155735
0.147094
0.148604
0.141521
0.145108
0.133294
0.133479
0.133275
0.129189
0.133551
0.144981
0.131255
0.143620
0.159266
0.165607
0.175396
0.182692
0.183039
0.180586
0.189429
0.201947
0.217695
0.205029
0.196519
0.210047
0.162544
0.185942
0.221824
0.168709
0.157802
0.178936
0.156523
0.154260
0.166943
0.168216
0.166670
0.166862
0.158111
0.150433
0.146900
0.151023
0.153681
0.159466
0.163908
0.177932
0.163385
0.169648
0.188308
0.172801
0.173270
0.190140
0.168260
0.173438
0.186539
0.186662
0.184232
0.180978
0.169957
0.162195
0.154101
0.155297
0.153988
0.165838
0.172725
0.185801
0.179592
0.182727
0.197656
0.186634
0.181434
0.195892
0.174007
0.177554
0.188205
0.185993
0.183265
0.178067
0.166165
0.159471
0.150294
0.151283
0.146937
0.140694
0.154748
0.165318
0.175580
0.169007
0.161590
0.177786
0.179255
0.193783
0.184484
0.179465
0.194275
0.174937
0.172925
0.182808
0.178433
0.172218
0.163401
0.151201
0.149276
0.139932
0.134191
0.124981
0.120285
0.125182
0.134790
0.137890
0.143505
0.141977
0.170540
0.165922
0.179182
0.181190
0.178032
0.197030
0.174924
0.163696
0.169195
0.155899
0.146729
0.134874
0.125513
0.128384
0.122239
0.111882
0.108968
0.109060
0.116313
0.117782
0.145689
0.134458
0.141254
0.153541
0.152940
0.163806
0.163387
0.134498
0.125663
0.109468
0.106018
0.104777
0.110489
0.123584
0.127835
0.116753
0.117657
0.129450
0.110947
0.103316
0.100225
0.106840
0.108438
0.112924
0.115524
0.098314
0.093777
0.104432
0.087579
0.092432
0.096152
0.092406
0.095140
0.089887
0.086795
0.090099
0.089050
0.084114
0.085438
0.081664
0.083364
0.084821
0.084753
0.085690
0.092007
0.083685
0.077668
0.080224
0.078677
0.076250
0.079371
0.078991
0.081618
0.080045
0.078600
0.079914
0.082718
0.084412
0.091783
0.084679
0.081736
0.087281
0.075106
0.079439
0.090349
0.078581
0.075509
0.085493
0.074337
0.074452
0.079938
0.077054
0.078598
0.075133
0.070619
0.066894
0.066047
0.069671
0.075168
0.073781
0.074287
0.082926
0.070555
0.071356
0.079718
0.073495
0.069176
0.075910
0.071812
0.065602
0.066446
0.055936
0.055476
0.050660
0.048978
0.052588
0.054573
0.052571
0.058941
0.050824
0.048718
0.053375
0.053775
0.053344
0.061597
0.055275
0.054712
0.061644
0.055824
0.056697
0.058489
0.060177
0.065314
0.070176
0.076142
0.086863
0.093310
0.086221
0.093549
0.108109
0.089077
0.080049
0.084012
0.074185
0.076310
0.062655
0.068824
0.077051
0.065952
0.067509
0.073885
0.075787
0.062414
0.058958
0.054204
0.055266
0.057753
0.072764
0.093499
0.113281
0.109165
0.135390
0.167339
0.140156
0.119736
0.091824
0.085649
0.055683
0.057550
0.061717
0.055824
0.056989
0.059348
0.064065
0.057434
0.060924
0.061826
0.064558
0.062756
0.059105
0.058952
0.057381
0.055679
0.056109
0.057558
0.059288
0.065149
0.059608
0.063375
0.073737
0.063369
0.060823
0.066954
0.060414
0.062491
0.062853
0.063332
0.069608
0.069965
0.070611
0.077745
0.078095
0.071748
0.075114
0.080982
0.078125
0.075993
0.085435
0.070795
0.068701
0.063989
0.070530
0.078728
0.066417
0.071742
0.079676
0.073011
0.079412
0.089221
0.096712
0.102602
0.109565
0.112356
0.104868
0.118743
0.141557
0.161945
0.147401
0.134489
0.150309
0.091467
0.105380
0.125779
0.098176
0.092637
0.116035
0.089013
0.098967
0.121685
0.137249
0.144841
0.160303
0.158366
0.139476
0.150995
0.179903
0.200774
0.195362
0.185574
0.208104
0.132589
0.160080
0.188301
0.137598
0.135719
0.146633
0.138361
0.132500
0.135594
0.135863
0.137984
0.138598
0.135359
0.132089
0.131677
0.134924
0.138792
0.139327
0.145304
0.147855
0.157448
0.144480
0.137743
0.133284
0.138522
0.148080
0.137123
0.136881
0.148318
0.135391
0.137721
0.146656
0.149460
0.148858
0.147817
0.137929
0.131652
0.126283
0.128656
0.128001
0.125789
0.134903
0.142770
0.151944
0.144194
0.136328
0.146044
0.150582
0.165343
0.154147
0.153898
0.170867
0.148847
0.151398
0.163245
0.161172
0.155922
0.149471
0.135712
0.130865
0.122362
0.118639
0.115525
0.123946
0.132357
0.140820
0.153095
0.152205
0.169348
0.164645
0.160709
0.183195
0.156242
0.147526
0.157373
0.148402
0.142372
0.134838
0.123731
0.119728
0.121099
0.128009
0.141318
0.131511
0.129640
0.143511
0.137403
0.134552
0.152334
0.147005
0.147147
0.162256
0.157728
0.134475
0.134325
0.128473
0.124629
0.123357
0.123408
0.126682
0.136144
0.144055
0.164602
0.142235
0.131416
0.139244
0.128345
0.128225
0.137324
0.137303
0.140106
0.164217
0.145737
0.123838
0.130899
0.123552
0.115800
0.114229
0.108966
0.109981
0.117791
0.120365
0.136775
0.151573
0.144902
0.141062
0.158854
0.128064
0.116071
0.120867
0.122176
0.141733
0.136137
0.142764
0.165595
0.143586
0.136969
0.147284
0.144316
0.134531
0.133838
0.125067
0.121211
0.121360
0.126271
0.134983
0.129781
0.129464
0.139737
0.145272
0.145493
0.164184
0.161346
0.170472
0.193083
0.171161
0.166895
0.178768
0.178719
0.168585
0.174018
0.164554
0.154274
0.158486
0.174459
0.191558
0.184723
0.179291
0.197948
0.181789
0.186853
0.211427
0.197563
0.211506
0.227057
0.218614
0.208401
0.211787
0.211172
0.199789
0.203221
0.201157
0.202041
0.205362
0.205856
0.212692
0.220978
0.214370
0.211129
0.217607
0.206569
0.203255
0.223878
0.220806
0.228542
0.241032
0.263245
0.281248
0.266755
0.268614
0.276730
0.281253
0.262771
0.271780
0.267336
0.262593
0.264441
0.272105
0.280218
0.276385
0.273573
0.281479
0.301301
0.299165
0.310779
0.326114
0.352365
0.377918
0.348102
0.360218
0.374077
0.380264
0.356475
0.367307
0.355664
0.346982
0.342079
0.347672
0.350030
0.356310
0.359977
0.371270
0.403106
0.400912
0.418074
0.432973
0.462955
0.486038
0.455216
0.481921
0.516498
0.535890
0.540310
0.529360
0.518084
0.499447
0.495670
0.512844
0.519120
0.532036
0.534986
0.558884
0.521503
0.504719
0.507087
0.550811
0.572481
0.607431
0.578806
0.548840
0.544555
0.526252
0.493615
0.491906
0.472045
0.475622
0.462557
0.443970
0.434087
0.441166
0.455499
0.457808
0.548150
0.529767
0.539484
0.549977
0.581816
0.623556
0.585913
0.562640
0.531602
0.521782
0.527720
0.502594
0.483875
0.493941
0.478880
0.455149
0.433908
0.432783
0.417887
0.425702
0.417709
0.446030
0.458829
0.482026
0.476619
0.496579
0.486843
0.463669
0.468339
0.503323
0.426723
0.404253
0.384627
0.392027
0.364972
0.351692
0.357848
0.345457
0.328852
0.312797
0.309818
0.303305
0.311337
0.306654
0.326415
0.333592
0.347032
0.340592
0.351870
0.337778
0.306507
0.309993
0.305317
0.284714
0.285198
0.269978
0.277734
0.256719
0.250277
0.258991
0.258027
0.245341
0.247143
0.236123
0.239341
0.235921
0.240399
0.235741
0.243240
0.233104
0.211216
0.219691
0.213243
0.191902
0.184868
0.172990
0.176097
0.165032
0.163932
0.172265
0.173936
0.163586
0.163045
0.173069
0.155880
0.152426
0.152878
0.154458
0.158499
0.158764
0.155305
0.161355
0.158183
0.151476
0.160866
0.157409
0.139918
0.138899
0.130615
0.132336
0.126329
0.125450
0.130219
0.134009
0.131145
0.138027
0.147443
0.139067
0.134927
0.143482
0.128727
0.126443
0.120285
0.121784
0.131020
0.122245
0.119066
0.133318
0.123229
0.106041
0.107362
0.099985
0.100736
0.095034
0.092172
0.095093
0.097092
0.094999
0.100696
0.093210
0.092170
0.097021
0.091097
0.091928
0.100654
0.092551
0.085471
0.091936
0.092726
0.077834
0.077239
0.073090
0.071423
0.072988
0.079274
0.099675
0.107643
0.092809
0.101448
0.121765
0.101806
0.093757
0.080016
0.078075
0.078637
0.079746
0.089135
0.084034
0.081555
0.084755
0.083310
0.091179
0.105217
0.095596
0.106823
0.111004
0.146543
0.174589
0.219226
0.238283
0.289325
0.221275
0.175722
0.179487
0.092173
0.107760
0.129422
0.094110
0.091118
0.088237
0.102318
0.090706
0.086527
0.084841
0.090371
0.094560
0.102665
0.107519
0.118909
0.121082
0.134738
0.147427
0.137650
0.129863
0.140210
0.117193
0.112254
0.085250
0.091326
0.094165
0.082696
0.080478
0.080182
0.082142
0.086476
0.089946
0.095731
0.099458
0.105478
0.106599
0.101546
0.107292
0.120541
0.134156
0.127104
0.119379
0.129979
0.099146
0.108551
0.118857
0.103041
0.092222
0.097301
0.097356
0.088260
0.087170
0.085758
0.091772
0.086239
0.090418
0.112176
0.121351
0.100098
0.101463
0.120662
0.089634
0.087864
0.105182
0.084653
0.085353
0.084419
0.084352
0.089775
0.092195
0.105603
0.102512
0.148787
0.109928
0.141651
0.165312
0.205469
0.233983
0.254539
0.258951
0.294111
0.315230
0.364808
0.399037
0.391906
0.371353
0.323730
0.294795
0.155868
0.213008
0.239670
0.148614
0.160564
0.205366
0.173296
0.165571
0.170528
0.166461
0.160567
0.155145
0.146241
0.148444
0.140295
0.132561
0.125810
0.123409
0.127509
0.134937
0.141322
0.139964
0.137984
0.165562
0.162518
0.172493
0.176897
0.183003
0.200019
0.185202
0.175753
0.180869
0.175676
0.165762
0.161474
0.152367
0.151956
0.145586
0.138488
0.134619
0.140249
0.147631
0.153600
0.177102
0.171075
0.180460
0.190338
0.196817
0.214780
0.197074
0.188249
0.193008
0.185399
0.174468
0.167743
0.159536
0.161455
0.156644
0.148986
0.148432
0.147437
0.152867
0.155288
0.185126
0.176176
0.183598
0.196581
0.203297
0.216883
0.208946
0.192952
0.189368
0.178599
0.167879
0.167548
0.163652
0.157652
0.159178
0.165744
0.173624
0.176816
0.183164
0.185195
0.198280
0.178998
0.168815
0.184494
0.183528
0.189199
0.178419
0.181791
0.198534
0.182856
0.171583
0.179866
0.171629
0.167036
0.154528
0.143785
0.144336
0.139151
0.133971
0.131389
0.133959
0.130707
0.132216
0.135862
0.135853
0.136236
0.159588
0.153209
0.165326
0.167506
0.165589
0.178705
0.170715
0.150471
0.147759
0.141070
0.139920
0.137269
0.136470
0.140012
0.143485
0.141795
0.148451
0.157397
0.149643
0.145560
0.152297
0.140171
0.137868
0.138684
0.138441
0.145520
0.142906
0.143949
0.155260
0.149801
0.137848
0.142829
0.143795
0.147703
0.152038
0.153666
0.148932
0.159626
0.175625
0.192411
0.179283
0.169704
0.182736
0.136390
0.147097
0.162213
0.138722
0.133048
0.146214
0.130287
0.137128
0.144390
0.147815
0.206128
0.216588
0.286646
0.299482
0.373114
0.438614
0.508470
0.422567
0.350878
0.354149
0.117197
0.170024
0.159813
0.094239
0.091803
0.097006
0.124973
0.083808
0.071722
0.066767
0.075504
0.071785
0.073686
0.081055
0.082406
0.077918
0.084197
0.078110
0.075557
0.083325
0.063964
0.066108
0.066261
0.060178
0.066041
0.065562
0.081500
0.069869
0.064887
0.068699
0.080574
0.086694
0.092759
0.096561
0.105603
0.109101
0.124987
0.137245
0.136178
0.131635
0.116127
0.104040
0.068024
0.080134
0.086631
0.064729
0.064468
0.067341
0.065981
0.072977
0.077990
0.086383
0.090566
0.094822
0.090734
0.089763
0.088368
0.087415
0.087691
0.088932
0.090940
0.095624
0.103287
0.096023
0.090638
0.090045
0.098296
0.109329
0.097101
0.104672
0.117046
0.106074
0.108601
0.116687
0.117582
0.114173
0.112131
0.103962
0.102331
0.098241
0.097011
0.096947
0.097222
0.101126
0.105234
0.105847
0.101085
0.118132
0.118459
0.129987
0.128871
0.132930
0.149770
0.138656
0.127081
0.133455
0.131226
0.128583
0.128023
0.122191
0.119136
0.117078
0.118980
0.122669
0.124193
0.130054
0.133320
0.130423
0.122779
0.129885
0.132931
0.144907
0.137053
0.140173
0.153891
0.139885
0.138197
0.144672
0.142587
0.138326
0.135258
0.128389
0.126237
0.120832
0.117726
0.114957
0.121479
0.126629
0.132947
0.139918
0.139243
0.148496
0.146716
0.147286
0.159421
0.145913
0.143222
0.148282
0.143964
0.137764
0.132837
0.124956
0.125156
0.118949
0.114348
0.109093
0.107030
0.109654
0.115141
0.119275
0.119448
0.118527
0.143215
0.139014
0.148001
0.153302
0.157362
0.173033
0.160175
0.148104
0.150794
0.142970
0.135075
0.129216
0.123528
0.127453
0.127105
0.122422
0.126439
0.119590
0.120397
0.124560
0.141620
0.134631
0.141860
0.151705
0.157523
0.170930
0.159022
0.152851
0.156905
0.151078
0.143200
0.137179
0.130413
0.133039
0.128815
0.121142
0.119111
0.119171
0.123906
0.125336
0.150590
0.143883
0.150360
0.160547
0.165738
0.180158
0.169991
0.157262
0.158944
0.152139
0.142458
0.136479
0.130998
0.136072
0.133399
0.125170
0.121584
0.126181
0.115457
0.113535
0.109823
0.117987
0.123284
0.154828
0.146335
0.152640
0.168760
0.183419
0.200967
0.200888
0.185927
0.172311
0.167619
0.176438
0.172317
0.165603
0.159035
0.155460
0.161707
0.168436
0.173828
0.175596
0.194249
0.156125
0.164453
0.174705
0.153016
0.145181
0.155499
0.142266
0.135512
0.136472
0.130215
0.134062
0.125892
0.126243
0.128178
0.131278
0.131086
0.137177
0.144360
0.138933
0.135274
0.141165
0.130155
0.127966
0.119545
0.117287
0.118130
0.117906
0.109764
0.115864
0.110467
0.101777
0.099887
0.094395
0.098661
0.094327
0.096410
0.097256
0.100561
0.102521
0.109847
0.116361
0.114687
0.111524
0.104178
0.100082
0.087733
0.087945
0.089289
0.086452
0.079057
0.082298
0.092552
0.078226
0.077141
0.077569
0.084979
0.087089
0.089810
0.090282
0.094312
0.096224
0.102083
0.106651
0.105522
0.104111
0.110812
0.098913
0.094461
0.074511
0.081179
0.085045
0.069676
0.069134
0.066698
0.073458
0.078785
0.085080
0.100042
0.110797
0.127207
0.130457
0.121661
0.138982
0.157010
0.183622
0.198506
0.202051
0.197223
0.175452
0.153567
0.098686
0.124387
0.146475
0.099511
0.093312
0.105978
0.090637
0.096035
0.105922
0.108542
0.108297
0.106721
0.102469
0.099734
0.099154
0.101029
0.105782
0.105233
0.106038
0.115165
0.107754
0.106491
0.121545
0.128288
0.172569
0.240239
0.220826
0.175552
0.208921
0.272916
0.317642
0.370790
0.374686
0.390136
0.440574
0.448686
0.513276
0.573158
0.548658
0.532155
0.472894
0.420748
0.299736
0.392571
0.486202
0.330697
0.349897
0.409730
0.432329
0.263291
0.193856
0.158424
0.151604
0.140970
0.131810
0.131867
0.124504
0.119841
0.115805
0.114101
0.118563
0.124133
0.130196
0.127063
0.124856
0.154273
0.148818
0.166734
0.170145
0.191841
0.229448
0.216131
0.171626
0.163185
0.155220
0.154057
0.146605
0.139317
0.139060
0.134656
0.130370
0.130320
0.132469
0.137261
0.144394
0.147493
0.146842
0.158606
0.153481
0.150632
0.166079
0.153358
0.137073
0.139125
0.128631
0.124986
0.116847
0.111099
0.112222
0.109223
0.104293
0.104881
0.104771
0.108852
0.115756
0.120627
0.116201
0.124366
0.125003
0.121634
0.132349
0.122824
0.113736
0.115853
0.107988
0.105235
0.097976
0.094620
0.095992
0.095120
0.092517
0.094649
0.092793
0.093813
0.099288
0.102809
0.098312
0.104632
0.108363
0.109821
0.120907
0.116502
0.100930
0.099630
0.093393
0.089915
0.086624
0.086283
0.092103
0.096105
0.093365
0.101804
0.113595
0.101431
0.093368
0.097221
0.086321
0.086575
0.095422
0.094697
0.104577
0.103060
0.110583
0.125254
0.114399
0.105409
0.107452
0.101474
0.098664
0.108339
0.094662
0.102998
0.099649
0.091203
0.099232
0.112693
0.100719
0.091768
0.101855
0.083151
0.085049
0.101257
0.135555
0.188760
0.094633
0.084001
0.089437
0.092560
0.076617
0.077045
0.069378
0.068782
0.066285
0.067642
0.074920
0.082211
0.083533
0.097156
0.079228
0.072793
0.083894
0.067378
0.068275
0.086437
0.076367
0.084562
0.098974
0.092047
0.085927
0.096907
0.103641
0.096387
0.095956
0.086278
0.086667
0.085068
0.083702
0.090141
0.085781
0.085993
0.091880
0.114653
0.111822
0.155377
0.155583
0.912381
0.842695
0.854954
0.796676
0.801459
0.767984
0.732065
0.724566
0.732299
0.763060
0.764984
0.752851
0.733843
0.679861
0.742474
0.784910
0.603608
0.558864
0.607509
0.556710
0.538310
0.585454
0.490999
0.492649
0.516134
0.563916
0.625162
0.677768
0.737100
0.758711
0.808133
0.433632
0.389005
0.457654
0.432936
0.496609
0.505037
0.565034
0.598695
0.641738
0.414576
0.449432
0.377568
0.369128
0.353270
0.374139
0.366409
0.393031
0.381113
0.388880
0.399416
0.423626
0.471248
0.512332
0.553459
0.617833
0.624627
0.706292
0.733378
0.684808
0.597606
0.561567
0.398695
0.377875
0.410704
0.447549
0.462270
0.423101
0.397710
0.415740
0.451992
0.399514
0.423855
0.405214
0.379518
0.379693
0.404410
0.398885
0.462631
0.464636
0.501637
0.546873
0.586425
0.631244
0.670405
0.721349
0.765123
0.556689
0.585199
0.541172
0.555735
0.563741
0.532063
0.517140
0.507022
0.515030
0.531243
0.529700
0.554040
0.488832
0.464810
0.423606
0.431474
0.389015
0.462553
0.466309
0.465213
0.470636
0.427266
0.438762
0.385694
0.346805
0.339778
0.347171
0.364540
0.398876
0.447646
0.477184
0.511035
0.321604
0.333228
0.297715
0.284252
0.279229
0.272649
0.269451
0.278491
0.281920
0.308782
0.334054
0.372740
0.414113
0.467055
0.499833
0.529730
0.269353
0.270581
0.270856
0.270551
0.266779
0.221750
0.219926
0.240882
0.226744
0.243422
0.296777
0.318457
0.305534
0.338318
0.343371
0.375847
0.349785
0.360940
0.403318
0.454643
0.493787
0.498247
0.354113
0.367149
0.346636
0.347817
0.383904
0.412359
0.430619
0.481444
0.305314
0.315115
0.284802
0.251414
0.220690
0.230948
0.194198
0.171296
0.169531
0.151277
0.150075
0.142820
0.155127
0.155353
0.136394
0.128995
0.112190
0.112306
0.105403
0.095648
0.100009
0.184802
0.141493
0.184084
0.091694
0.088168
0.098104
0.099335
0.109032
0.138720
0.177955
0.229540
0.245884
0.222057
0.170730
0.101229
0.109378
0.101512
0.105552
0.119695
0.178466
0.165995
0.100102
0.148642
0.137270
