# RMSF / nm
0.504933
0.451408
0.346831
0.373464
0.297553
0.347787
0.391186
0.447544
0.450982
0.524917
0.588325
0.562975
0.527188
0.444026
0.402927
0.262161
0.248433
0.232858
0.225530
0.206791
0.242370
0.218359
0.153837
0.118056
0.093011
0.104056
0.109256
0.140706
0.169378
0.196178
0.187117
0.210181
0.244995
0.205750
0.178156
0.150082
0.155247
0.090806
0.105102
0.107475
0.079468
0.082249
0.098257
0.074448
0.092655
0.088167
0.077840
0.077087
0.073357
0.069277
0.070237
0.068519
0.064878
0.063327
0.064916
0.063566
0.065015
0.068829
0.067249
0.066167
0.068232
0.071065
0.079992
0.068560
0.066103
0.070200
0.067037
0.069878
0.074874
0.080372
0.083838
0.087426
0.088402
0.094758
0.100089
0.096906
0.105997
0.117946
0.112691
0.110488
0.100901
0.092775
0.080852
0.088807
0.098111
0.085339
0.085393
0.093523
0.088342
0.084346
0.090874
0.091050
0.088427
0.083665
0.076290
0.074722
0.071649
0.070275
0.071726
0.073317
0.076245
0.084431
0.087740
0.085593
0.094611
0.101551
0.103508
0.124616
0.106989
0.093798
0.092609
0.087409
0.080697
0.079324
0.073785
0.073489
0.070721
0.067906
0.068031
0.069416
0.072362
0.078032
0.094589
0.090951
0.099135
0.107818
0.117430
0.133540
0.121900
0.111323
0.115056
0.110015
0.102305
0.097292
0.092046
0.093725
0.091851
0.087240
0.088662
0.085715
0.088318
0.090811
0.111274
0.103949
0.117438
0.126042
0.136547
0.159606
0.144303
0.123033
0.124257
0.112786
0.105750
0.100117
0.095863
0.098331
0.097105
0.092562
0.093830
0.091108
0.093065
0.096047
0.110124
0.103808
0.112563
0.119422
0.127289
0.143676
0.137813
0.115839
0.113081
0.106381
0.104912
0.102118
0.101018
0.104846
0.104800
0.100659
0.101375
0.105545
0.100412
0.098938
0.101267
0.098141
0.098749
0.108138
0.107335
0.133919
0.127672
0.157067
0.189844
0.178176
0.149312
0.137988
0.135637
0.152122
0.155310
0.178942
0.196515
0.223618
0.233749
0.261412
0.215057
0.189500
0.184300
0.133399
0.150440
0.161705
0.132220
0.128481
0.138697
0.136441
0.119010
0.118405
0.119878
0.125322
0.122961
0.116508
0.115554
0.112540
0.110908
0.109528
0.109407
0.111484
0.115368
0.119490
0.117064
0.114048
0.115023
0.121355
0.134882
0.120277
0.122529
0.134472
0.123045
0.122108
0.126296
0.124352
0.123870
0.123247
0.120725
0.119187
0.120771
0.122623
0.127835
0.132349
0.132499
0.133061
0.141831
0.128810
0.123097
0.124133
0.124694
0.133196
0.130781
0.132932
0.147991
0.136083
0.125378
0.129674
0.121420
0.114622
0.105730
0.099336
0.103032
0.100061
0.093107
0.091224
0.095820
0.089954
0.090324
0.092299
0.093036
0.117225
0.109994
0.119336
0.128639
0.134055
0.151343
0.136606
0.126293
0.129859
0.122273
0.115711
0.109058
0.102571
0.104904
0.102452
0.098072
0.099395
0.104992
0.100718
0.101012
0.108332
0.100202
0.098307
0.120597
0.115080
0.123189
0.130878
0.136279
0.151897
0.140441
0.128575
0.130604
0.122550
0.113162
0.107752
0.104030
0.108010
0.106631
0.101229
0.103804
0.099078
0.100128
0.101898
0.123744
0.115721
0.119390
0.134275
0.141072
0.153715
0.145576
0.133676
0.134637
0.134712
0.127751
0.129345
0.123698
0.122276
0.120309
0.119936
0.122067
0.122027
0.124232
0.130433
0.141290
0.140433
0.149860
0.153071
0.162779
0.165878
0.164514
0.179051
0.203877
0.217600
0.246779
0.267608
0.311812
0.315673
0.380058
0.438244
0.511829
0.433681
0.371844
0.385108
0.216400
0.249380
0.268585
0.229072
0.240244
0.268512
0.248897
0.236209
0.253178
0.251990
0.234237
0.228452
0.204418
0.196907
0.186447
0.179186
0.181067
0.184289
0.199723
0.217220
0.255724
0.248820
0.286589
0.286941
0.302262
0.338755
0.295588
0.292552
0.310191
0.302457
0.319022
0.300468
0.317708
0.331493
0.354112
0.369788
0.399770
0.363720
0.337300
0.347075
0.267947
0.265367
0.250707
0.267538
0.271138
0.283123
0.294415
0.243038
0.224454
0.210472
0.200644
0.210476
0.214777
0.224897
0.239564
0.242692
0.263809
0.237102
0.223718
0.231300
0.228617
0.233003
0.254870
0.227066
0.246503
0.278534
0.262741
0.226496
0.212592
0.195645
0.194950
0.180785
0.173646
0.179655
0.176554
0.167903
0.166426
0.171703
0.164428
0.163849
0.169085
0.164355
0.166304
0.173589
0.168050
0.178365
0.174969
0.162945
0.172414
0.159471
0.157604
0.154023
0.160532
0.173908
0.185443
0.203009
0.227696
0.243732
0.229105
0.241083
0.265632
0.228322
0.206299
0.205157
0.192973
0.204852
0.160919
0.177302
0.191622
0.165371
0.155790
0.169290
0.148280
0.152580
0.164368
0.162155
0.162866
0.154640
0.143740
0.142692
0.135461
0.130573
0.125151
0.122942
0.126489
0.132742
0.138276
0.136444
0.150231
0.151401
0.165559
0.155225
0.147319
0.159858
0.144229
0.137023
0.142289
0.134120
0.130992
0.121963
0.114431
0.115511
0.110004
0.104500
0.100123
0.100744
0.098959
0.102126
0.103544
0.106761
0.107400
0.125580
0.120699
0.128979
0.131610
0.130119
0.142349
0.135143
0.118234
0.117211
0.108425
0.107950
0.101646
0.100432
0.105151
0.107010
0.104046
0.109422
0.099988
0.098414
0.100092
0.101856
0.100461
0.105644
0.100427
0.095583
0.097355
0.100359
0.090412
0.088951
0.087849
0.091493
0.089096
0.087299
0.090949
0.091824
0.089690
0.095255
0.086243
0.084981
0.087211
0.085745
0.090065
0.097980
0.083558
0.082306
0.087463
0.086381
0.080802
0.076465
0.073695
0.076310
0.078296
0.083374
0.098514
0.101623
0.093314
0.106027
0.119798
0.118279
0.113411
0.095382
0.085591
0.081082
0.083671
0.093014
0.085845
0.097482
0.106175
0.109263
0.096773
0.100753
0.137232
0.232818
0.264305
0.352265
0.391434
0.499014
0.559096
0.669424
0.530854
0.434213
0.447961
0.121561
0.185956
0.232543
0.146243
0.230332
0.329536
0.309117
0.184384
0.209016
0.180271
0.173217
0.166374
0.152283
0.130137
0.143848
0.178099
0.209223
0.196499
0.183947
0.215480
0.149089
0.159628
0.199738
0.161473
0.149746
0.174907
0.145518
0.132200
0.143147
0.127220
0.131776
0.128856
0.119909
0.118625
0.115132
0.112205
0.112487
0.113868
0.117466
0.122261
0.107459
0.143778
0.223605
0.135156
0.136926
0.184099
0.143403
0.111617
0.124528
0.114487
0.114778
0.108861
0.108412
0.113533
0.113792
0.108362
0.110690
0.104509
0.104542
0.104117
0.098163
0.103940
0.126978
0.108651
0.109614
0.127825
0.111992
0.101742
0.103562
0.095417
0.097574
0.093732
0.093002
0.095268
0.095115
0.092252
0.092473
0.095602
0.092249
0.092341
0.095679
0.092157
0.091618
0.090503
0.089812
0.096768
0.095368
0.103163
0.130808
0.126823
0.101085
0.100832
0.091175
0.091329
0.085625
0.082446
0.083779
0.084312
0.081627
0.082915
0.087521
0.082822
0.083060
0.086952
0.082714
0.081122
0.082125
0.083212
0.092882
0.083062
0.079849
0.087246
0.081826
0.076504
0.079783
0.077184
0.076896
0.074322
0.070593
0.074249
0.071104
0.065887
0.065494
0.068510
0.066668
0.068722
0.073371
0.069262
0.066910
0.074754
0.075106
0.085039
0.082184
0.084205
0.094133
0.085330
0.081525
0.084153
0.082151
0.078331
0.075640
0.070197
0.069846
0.066230
0.063079
0.060819
0.061270
0.063367
0.067829
0.075787
0.069329
0.066456
0.085559
0.080176
0.083150
0.089377
0.096300
0.101458
0.098329
0.100738
0.110540
0.105681
0.114766
0.107853
0.118750
0.164450
0.167611
0.150540
0.203070
0.210492
0.285953
0.305535
0.240257
0.155508
0.098494
0.102830
0.121034
0.108681
0.118846
0.138354
0.127444
0.110420
0.113643
0.108355
0.105476
0.096976
0.094331
0.098427
0.098568
0.094786
0.098648
0.093800
0.093362
0.097881
0.102658
0.095548
0.096641
0.107221
0.101071
0.104902
0.108997
0.100934
0.102742
0.096607
0.099193
0.090257
0.081972
0.083613
0.076613
0.069306
0.064747
0.065252
0.066691
0.070814
0.074899
0.073754
0.086765
0.087518
0.101483
0.088359
0.087615
0.098787
0.092676
0.081275
0.083554
0.080524
0.082676
0.079914
0.076908
0.091971
0.094493
0.078248
0.081011
0.094943
0.084334
0.085868
0.078761
0.071831
0.079300
0.082511
0.093430
0.085141
0.085301
0.095820
0.090736
0.083383
0.088824
0.087256
0.086329
0.084695
0.079744
0.078429
0.078407
0.079886
0.087448
0.083290
0.083453
0.094199
0.084808
0.085879
0.093997
0.088262
0.087366
0.093065
0.091745
0.083266
0.086679
0.083047
0.083740
0.080627
0.076829
0.077557
0.076483
0.074973
0.078060
0.081652
0.083424
0.085453
0.082226
0.076293
0.078563
0.079234
0.086287
0.081118
0.079879
0.088842
0.082218
0.078366
0.083884
0.082365
0.083077
0.081345
0.077892
0.076828
0.076380
0.076773
0.079121
0.081531
0.082582
0.084119
0.090177
0.082473
0.078231
0.080704
0.082459
0.091941
0.087610
0.095771
0.110194
0.101342
0.094487
0.099161
0.099075
0.096032
0.095562
0.091498
0.089666
0.088736
0.089783
0.092074
0.094100
0.095926
0.097271
0.103320
0.095695
0.091663
0.101215
0.101837
0.110430
0.109805
0.116628
0.130783
0.116052
0.118227
0.124847
0.126014
0.119264
0.120516
0.115063
0.111203
0.108271
0.109544
0.109689
0.114693
0.117135
0.124611
0.131455
0.131048
0.140743
0.144282
0.156154
0.173333
0.158389
0.155079
0.160514
0.159988
0.149418
0.151385
0.145224
0.143051
0.140318
0.139802
0.141157
0.143244
0.146166
0.153175
0.168355
0.165410
0.174976
0.182958
0.194622
0.211886
0.197132
0.194858
0.203136
0.199845
0.186594
0.186089
0.176053
0.176621
0.169605
0.163218
0.156963
0.156089
0.155614
0.160521
0.162993
0.166530
0.167215
0.209329
0.201116
0.208204
0.216541
0.230786
0.235112
0.245369
0.230736
0.248642
0.246820
0.235688
0.227561
0.211515
0.206185
0.194061
0.190858
0.182575
0.174224
0.186177
0.196809
0.205139
0.201621
0.246748
0.239424
0.254570
0.265473
0.272007
0.293071
0.273699
0.258549
0.259998
0.248832
0.232210
0.224001
0.216406
0.219383
0.214496
0.205728
0.203581
0.203319
0.208472
0.208959
0.253233
0.238152
0.242563
0.271395
0.288179
0.308875
0.295483
0.277601
0.277095
0.269369
0.252166
0.249317
0.244200
0.246971
0.245097
0.239315
0.240503
0.236630
0.239478
0.241714
0.280321
0.267508
0.270627
0.299268
0.319075
0.339825
0.325829
0.311910
0.313684
0.306380
0.287568
0.288070
0.284348
0.288824
0.289406
0.286263
0.290502
0.283006
0.281787
0.283187
0.319822
0.309231
0.313630
0.339922
0.361760
0.382286
0.366015
0.358826
0.362825
0.358696
0.338787
0.341678
0.336316
0.335470
0.333051
0.331638
0.331898
0.333664
0.335686
0.340135
0.375845
0.366235
0.371741
0.398540
0.422553
0.447544
0.424628
0.419030
0.426716
0.423110
0.399357
0.400129
0.387707
0.385731
0.380123
0.376363
0.375861
0.378407
0.383875
0.389036
0.438146
0.426681
0.439933
0.466104
0.486629
0.523386
0.482361
0.480930
0.495916
0.503052
0.532461
0.527647
0.550479
0.555172
0.584938
0.612330
0.645871
0.605781
0.576118
0.581105
0.473399
0.485308
0.485805
0.481288
0.468407
0.496503
0.464170
0.443587
0.436549
0.415905
0.402248
0.409678
0.423626
0.447009
0.477235
0.480577
0.520337
0.459819
0.432174
0.431124
0.437341
0.441507
0.458132
0.442656
0.467574
0.499673
0.463587
0.470666
0.485070
0.490925
0.510000
0.510969
0.513642
0.551404
0.555043
0.513587
0.502831
0.529861
0.463618
0.441314
0.414308
0.454435
0.488502
0.459774
0.480556
0.501413
0.454830
0.424257
0.440039
0.419907
0.403321
0.410153
0.401406
0.407921
0.391199
0.378022
0.377221
0.365505
0.358095
0.347312
0.341995
0.345761
0.354651
0.354949
0.365294
0.366112
0.374217
0.374418
0.387687
0.369987
0.344330
0.353336
0.333916
0.330574
0.340076
0.329990
0.333919
0.317675
0.306053
0.307541
0.299825
0.292764
0.287135
0.287413
0.285710
0.289360
0.294897
0.296355
0.304563
0.302966
0.315250
0.301970
0.279841
0.287883
0.274119
0.263457
0.268202
0.255632
0.259787
0.244044
0.239006
0.242628
0.239768
0.233829
0.231797
0.234617
0.229350
0.229479
0.230677
0.231355
0.233293
0.232418
0.228443
0.235261
0.230873
0.214738
0.224828
0.219167
0.191801
0.187105
0.170884
0.179513
0.175452
0.179558
0.187509
0.193090
0.187717
0.192856
0.202918
0.189826
0.183487
0.186339
0.178618
0.180296
0.154485
0.172465
0.192815
0.146084
0.140547
0.146689
0.151734
0.156871
0.178950
0.201213
0.251313
0.252900
0.308236
0.321434
0.399166
0.468055
0.547798
0.444415
0.368412
0.368601
0.163016
0.191619
0.193627
0.169295
0.175872
0.213202
0.186504
0.162391
0.164254
0.169630
0.177059
0.193354
0.202524
0.196290
0.219784
0.248190
0.277670
0.251648
0.232429
0.251806
0.170310
0.192472
0.213179
0.173470
0.172424
0.184946
0.166580
0.176390
0.187351
0.189961
0.189465
0.188732
0.181149
0.172595
0.168668
0.175019
0.177438
0.185346
0.188278
0.201956
0.185005
0.189936
0.203786
0.191269
0.187139
0.201084
0.179837
0.186091
0.196877
0.196008
0.193948
0.189100
0.177924
0.171446
0.163003
0.163874
0.159205
0.153547
0.165280
0.175009
0.183159
0.179480
0.173375
0.187407
0.189476
0.202999
0.192460
0.185018
0.196600
0.179867
0.178481
0.185437
0.179301
0.177227
0.167181
0.157170
0.157357
0.147975
0.140604
0.131012
0.127190
0.129303
0.136819
0.137402
0.145831
0.146905
0.168444
0.164862
0.173426
0.171976
0.163965
0.174179
0.163679
0.151984
0.154620
0.143707
0.139670
0.129085
0.122678
0.128204
0.125170
0.115042
0.114003
0.110802
0.114952
0.115523
0.134062
0.126967
0.131905
0.138065
0.137047
0.144982
0.144752
0.125461
0.120665
0.111004
0.107978
0.107697
0.111835
0.122016
0.128588
0.121406
0.126721
0.142572
0.120847
0.111967
0.107118
0.111117
0.111520
0.113814
0.117360
0.107833
0.108759
0.114985
0.106542
0.110669
0.116121
0.113747
0.114748
0.108779
0.103138
0.105321
0.102057
0.095608
0.094362
0.093909
0.098123
0.100182
0.106331
0.106829
0.114233
0.107385
0.101081
0.104885
0.096454
0.099864
0.105347
0.102804
0.101352
0.097564
0.093106
0.093257
0.090976
0.087811
0.088059
0.089835
0.092682
0.099243
0.097625
0.097232
0.105499
0.101129
0.097374
0.103619
0.098734
0.089686
0.090566
0.084924
0.083892
0.078187
0.073725
0.075327
0.073418
0.069833
0.073425
0.068914
0.071298
0.076487
0.079481
0.077220
0.083035
0.083861
0.084665
0.095441
0.087825
0.078936
0.079040
0.073327
0.069759
0.066552
0.064090
0.066174
0.066180
0.064782
0.069110
0.064012
0.063266
0.067360
0.073791
0.070928
0.073636
0.075156
0.075815
0.088324
0.071287
0.082407
0.090168
0.081440
0.096192
0.123531
0.147312
0.161434
0.187593
0.191926
0.221371
0.246247
0.227447
0.208768
0.227928
0.178775
0.170174
0.097081
0.129043
0.163153
0.106060
0.104138
0.115286
0.121390
0.092590
0.086326
0.077197
0.075207
0.072279
0.080886
0.089466
0.106744
0.112542
0.142015
0.168538
0.154655
0.137833
0.109940
0.097187
0.078772
0.077610
0.079737
0.076728
0.081849
0.082525
0.093082
0.081184
0.085141
0.084199
0.085347
0.084888
0.077669
0.076250
0.071888
0.067883
0.067420
0.075597
0.080930
0.095105
0.083756
0.087893
0.100666
0.092588
0.078328
0.101123
0.081168
0.072519
0.073181
0.073054
0.080812
0.082341
0.085402
0.093666
0.097178
0.093362
0.102951
0.110807
0.111562
0.110317
0.127442
0.098165
0.089303
0.076537
0.082320
0.104446
0.084824
0.086105
0.090032
0.097023
0.084888
0.085926
0.083270
0.088895
0.084138
0.086296
0.090746
0.096384
0.098521
0.108740
0.095763
0.089992
0.095820
0.080429
0.080812
0.084586
0.081772
0.080582
0.091091
0.084469
0.082752
0.091912
0.089957
0.090317
0.090001
0.086013
0.084867
0.085026
0.085221
0.089359
0.087182
0.088223
0.095419
0.086517
0.090466
0.102308
0.093439
0.097038
0.113952
0.101140
0.092440
0.099037
0.097306
0.097357
0.096304
0.091269
0.089246
0.087666
0.088599
0.091143
0.093416
0.095951
0.098022
0.105289
0.096586
0.091416
0.094407
0.097526
0.108127
0.100493
0.102614
0.115704
0.102884
0.101101
0.107157
0.106003
0.105373
0.102462
0.095893
0.093389
0.089872
0.090459
0.091506
0.091957
0.096952
0.101007
0.108782
0.100027
0.094595
0.103330
0.104496
0.114596
0.110731
0.114055
0.128927
0.114899
0.110969
0.116943
0.115773
0.114408
0.112885
0.106050
0.101804
0.098301
0.098775
0.098902
0.104581
0.108215
0.117439
0.113003
0.116174
0.129350
0.120224
0.122114
0.136254
0.122200
0.118121
0.124417
0.121722
0.118889
0.116884
0.110913
0.107763
0.104160
0.103386
0.103900
0.107507
0.111712
0.120032
0.119653
0.120115
0.131921
0.126913
0.139423
0.166925
0.159143
0.128727
0.129788
0.122196
0.116086
0.112434
0.109845
0.114359
0.120778
0.123161
0.139647
0.119039
0.111989
0.117409
0.121615
0.118927
0.129344
0.130697
0.136742
0.153066
0.139793
0.131095
0.136642
0.134874
0.127929
0.125129
0.115256
0.113902
0.107839
0.104072
0.100724
0.101109
0.102652
0.108690
0.114775
0.113031
0.109607
0.137086
0.135479
0.148519
0.150618
0.159453
0.177730
0.159470
0.156294
0.163437
0.158428
0.145173
0.140985
0.131415
0.132760
0.128560
0.123360
0.125091
0.122860
0.126643
0.130529
0.163654
0.156371
0.166722
0.181358
0.195452
0.217920
0.196251
0.190673
0.199434
0.193545
0.176718
0.175054
0.165419
0.164830
0.162505
0.161819
0.167203
0.162926
0.164124
0.170053
0.201325
0.193826
0.205798
0.221876
0.238437
0.261132
0.237479
0.236185
0.245987
0.243028
0.224620
0.223817
0.212979
0.209905
0.202096
0.200225
0.196123
0.192751
0.200281
0.207066
0.213410
0.211113
0.207280
0.253859
0.245665
0.256066
0.276266
0.295443
0.319596
0.294500
0.293143
0.301603
0.297870
0.276452
0.275936
0.264597
0.262547
0.254994
0.249836
0.245885
0.252766
0.259852
0.265377
0.310189
0.300305
0.310808
0.334627
0.354652
0.380562
0.353029
0.350683
0.359444
0.354859
0.331323
0.331071
0.318304
0.318014
0.311236
0.304609
0.303138
0.305400
0.311939
0.316226
0.368512
0.357906
0.369910
0.394417
0.416037
0.441578
0.409037
0.422650
0.447177
0.457320
0.465649
0.454542
0.452627
0.443501
0.448478
0.464343
0.476906
0.474828
0.469764
0.488418
0.439183
0.429307
0.427933
0.457006
0.468845
0.494539
0.477555
0.444815
0.438008
0.419577
0.397324
0.395222
0.387171
0.396477
0.394294
0.381398
0.383054
0.372602
0.375588
0.372385
0.432557
0.422267
0.427761
0.428590
0.450576
0.486571
0.449477
0.436583
0.406487
0.403022
0.415713
0.399463
0.386983
0.400454
0.392201
0.369891
0.356389
0.363004
0.338742
0.337318
0.326643
0.351499
0.366470
0.371948
0.376658
0.399098
0.374157
0.348148
0.357754
0.382430
0.317463
0.308103
0.299395
0.304450
0.289198
0.276212
0.273709
0.263372
0.259098
0.252055
0.247517
0.254744
0.263705
0.268884
0.270295
0.267383
0.275660
0.275690
0.289635
0.274117
0.254644
0.264844
0.248445
0.241499
0.248693
0.239371
0.241565
0.227938
0.217181
0.216483
0.209134
0.201891
0.197285
0.203903
0.211440
0.216363
0.218938
0.216651
0.227978
0.219105
0.203169
0.215576
0.200482
0.187558
0.191644
0.181337
0.184571
0.172260
0.165505
0.165234
0.159582
0.155209
0.150182
0.147552
0.152185
0.158378
0.163983
0.162240
0.159907
0.162271
0.160294
0.169406
0.161513
0.147275
0.157703
0.145752
0.135484
0.136538
0.132417
0.136658
0.131418
0.125704
0.124109
0.121516
0.120991
0.121534
0.121926
0.125949
0.130404
0.139617
0.129730
0.124437
0.120656
0.124793
0.135606
0.119959
0.112078
0.119561
0.108711
0.108836
0.115715
0.114985
0.116330
0.111895
0.104663
0.101603
0.098989
0.097836
0.098201
0.101009
0.104998
0.112853
0.107077
0.109641
0.121602
0.111423
0.105744
0.108621
0.117310
0.095749
0.096930
0.092318
0.098301
0.095757
0.103112
0.121916
0.130483
0.122623
0.143297
0.158640
0.166341
0.166600
0.139359
0.114595
0.086148
0.089037
0.092180
0.087582
0.082849
0.082335
0.087182
0.083393
0.085047
0.084637
0.088285
0.089004
0.090506
0.091513
0.098866
0.103064
0.115471
0.106924
0.101616
0.115519
0.081843
0.090039
0.114168
0.083542
0.077872
0.078016
0.083668
0.081137
0.083439
0.084498
0.087847
0.089362
0.088237
0.087811
0.092978
0.096387
0.107217
0.115137
0.114905
0.113446
0.127976
0.103811
0.094582
0.082426
0.088708
0.098337
0.084960
0.080772
0.088409
0.078343
0.082908
0.091271
0.095010
0.094923
0.098084
0.093058
0.087270
0.089195
0.097713
0.107260
0.104525
0.101959
0.114450
0.095435
0.102607
0.118603
0.104360
0.106266
0.117535
0.108936
0.108594
0.116014
0.130772
0.136318
0.153187
0.162668
0.184869
0.192847
0.175692
0.181553
0.201310
0.170055
0.153156
0.154394
0.145282
0.157419
0.138861
0.154225
0.181668
0.151807
0.151368
0.141851
0.172835
0.150160
0.157762
0.147029
0.142952
0.135171
0.126784
0.130912
0.125881
0.116565
0.113013
0.113309
0.118542
0.127015
0.127890
0.121108
0.140479
0.137013
0.151523
0.151401
0.153760
0.171371
0.155078
0.147100
0.152233
0.148101
0.145031
0.139116
0.130263
0.128319
0.120478
0.116741
0.110401
0.106556
0.112372
0.120038
0.124091
0.125955
0.123553
0.143486
0.141075
0.150158
0.150666
0.149646
0.163247
0.149016
0.141994
0.146285
0.140596
0.135664
0.128941
0.120015
0.119768
0.112885
0.105790
0.101446
0.107203
0.114372
0.118781
0.135589
0.131924
0.140969
0.142405
0.141940
0.154028
0.143240
0.133696
0.136901
0.129420
0.122555
0.115642
0.108949
0.112711
0.109547
0.102443
0.103488
0.099350
0.102675
0.103944
0.126514
0.120142
0.127185
0.134440
0.137350
0.148093
0.140388
0.130485
0.130367
0.123278
0.116315
0.115038
0.111954
0.110357
0.109903
0.111484
0.116108
0.119398
0.121870
0.122864
0.132412
0.119295
0.113230
0.127305
0.122887
0.126664
0.128057
0.134746
0.144274
0.138769
0.130790
0.128151
0.120862
0.114207
0.109511
0.103790
0.103229
0.098814
0.095763
0.092672
0.093383
0.093261
0.097411
0.100288
0.100980
0.099413
0.123531
0.117404
0.123058
0.134210
0.138399
0.152032
0.139212
0.130908
0.134734
0.128677
0.129042
0.120486
0.115766
0.119755
0.116684
0.109319
0.106258
0.110007
0.103533
0.104529
0.105859
0.108194
0.109569
0.119344
0.117137
0.123683
0.120607
0.113639
0.122633
0.109952
0.115128
0.126849
0.130044
0.133006
0.132773
0.126893
0.139662
0.137070
0.122744
0.125000
0.112330
0.112695
0.106479
0.121649
0.127843
0.145476
0.128059
0.127676
0.134016
0.141312
0.118271
0.121447
0.105021
0.104586
0.098830
0.101413
0.102798
0.109093
0.114749
0.126425
0.117696
0.112783
0.128667
0.097117
0.094520
0.097869
0.100041
0.110273
0.119956
0.117758
0.115075
0.176753
0.161838
0.208644
0.190281
0.261006
0.320711
0.406908
0.426568
0.513192
0.364405
0.284308
0.246438
0.124202
0.166879
0.182960
0.103931
0.090659
0.092962
0.099161
0.097477
0.098155
0.109188
0.125877
0.135332
0.140634
0.145366
0.153519
0.160705
0.185688
0.197906
0.210726
0.208300
0.181493
0.157799
0.109557
0.128955
0.138618
0.107256
0.104895
0.114012
0.098163
0.116830
0.130556
0.138272
0.135476
0.135864
0.123053
0.116468
0.108104
0.108114
0.104549
0.101703
0.110629
0.121133
0.130250
0.126473
0.118360
0.140572
0.144937
0.162201
0.154629
0.162438
0.181044
0.157153
0.163842
0.175893
0.172377
0.160581
0.155318
0.142875
0.139731
0.130213
0.127789
0.124315
0.121484
0.129060
0.135413
0.139383
0.135509
0.173375
0.167710
0.179838
0.189626
0.197669
0.219439
0.195660
0.191377
0.199615
0.194349
0.181035
0.176668
0.165703
0.161942
0.153526
0.152694
0.150666
0.146789
0.157395
0.164212
0.166328
0.160468
0.196876
0.189986
0.200270
0.213639
0.221995
0.244172
0.217878
0.216620
0.225668
0.221268
0.208332
0.204531
0.192054
0.186735
0.175711
0.170629
0.162126
0.177584
0.188009
0.196844
0.222554
0.217192
0.228570
0.237550
0.243781
0.262351
0.240155
0.238287
0.245854
0.240992
0.228726
0.222466
0.210042
0.208232
0.197541
0.191647
0.181494
0.174919
0.182475
0.193011
0.196787
0.201881
0.200282
0.241191
0.233522
0.244415
0.256129
0.258942
0.276496
0.261283
0.246079
0.247487
0.236793
0.227125
0.221194
0.217858
0.223247
0.224974
0.220960
0.226129
0.215984
0.214576
0.215731
0.234941
0.226779
0.229824
0.242665
0.243410
0.258640
0.242963
0.231255
0.234040
0.222185
0.212518
0.201369
0.193661
0.199923
0.194766
0.182480
0.179376
0.177085
0.182558
0.180248
0.216882
0.205424
0.209608
0.225268
0.226175
0.238326
0.229517
0.212949
0.211649
0.197831
0.188159
0.177869
0.176430
0.186387
0.184736
0.172720
0.168444
0.174825
0.158686
0.153402
0.145828
0.157731
0.167362
0.195463
0.181799
0.180454
0.203545
0.212077
0.220537
0.220842
0.204823
0.211442
0.204087
0.200316
0.187196
0.183412
0.184552
0.183444
0.181315
0.183412
0.181564
0.182850
0.187329
0.193502
0.183085
0.172718
0.194736
0.188592
0.197479
0.188582
0.176184
0.175323
0.164248
0.163592
0.153698
0.151877
0.155011
0.155712
0.151785
0.153087
0.158996
0.150808
0.148248
0.149949
0.148142
0.149356
0.154519
0.147750
0.146545
0.154121
0.146626
0.153369
0.147230
0.136819
0.137510
0.128943
0.127574
0.119100
0.120165
0.124124
0.126320
0.123106
0.126089
0.133351
0.125961
0.122339
0.119009
0.119443
0.122036
0.114714
0.113409
0.125227
0.129914
0.135798
0.142745
0.123957
0.117841
0.114329
0.117547
0.122580
0.130884
0.134251
0.141779
0.143534
0.152333
0.160038
0.154905
0.149893
0.156656
0.141036
0.137885
0.121313
0.123933
0.121243
0.121995
0.126759
0.134733
0.133843
0.132467
0.135360
0.132480
0.134145
0.136001
0.131790
0.131427
0.133162
0.134779
0.142484
0.148866
0.150619
0.150926
0.143929
0.135170
0.133072
0.140475
0.155948
0.141364
0.148727
0.163178
0.146470
0.155639
0.166047
0.174298
0.168293
0.172607
0.164855
0.156261
0.152106
0.157081
0.157426
0.166858
0.170649
0.183618
0.185190
0.180164
0.190067
0.196091
0.225066
0.243998
0.260031
0.218950
0.236382
0.236756
0.260560
0.256159
0.280884
0.314040
0.358382
0.362688
0.429209
0.485857
0.465474
0.435733
0.364141
0.324648
0.211618
0.235151
0.278117
0.241485
0.269428
0.328873
0.331763
0.242612
0.237730
0.232698
0.232206
0.222079
0.203670
0.196463
0.181786
0.180591
0.172426
0.163267
0.180296
0.193543
0.201854
0.200981
0.194342
0.216007
0.218876
0.240195
0.224318
0.213853
0.232897
0.207199
0.201870
0.212200
0.203819
0.201706
0.190549
0.178034
0.175089
0.165815
0.158957
0.153877
0.164344
0.173542
0.181248
0.188265
0.185969
0.200337
0.193402
0.185122
0.199655
0.184051
0.171493
0.176327
0.167074
0.165301
0.155617
0.146626
0.146090
0.139418
0.131972
0.128279
0.134298
0.141893
0.148027
0.154811
0.152229
0.163037
0.157438
0.150491
0.160838
0.151836
0.140991
0.144703
0.138109
0.136752
0.128464
0.121285
0.121599
0.116830
0.110375
0.107752
0.111538
0.117348
0.123144
0.129017
0.126734
0.135001
0.132432
0.129227
0.139551
0.133232
0.119980
0.121220
0.115040
0.113557
0.108330
0.103508
0.112532
0.110870
0.100227
0.100946
0.110129
0.099088
0.096717
0.104994
0.094053
0.096041
0.114626
0.116707
0.128751
0.121385
0.128711
0.147967
0.131468
0.123905
0.133622
0.134520
0.124087
0.123053
0.109899
0.118094
0.110536
0.098690
0.101397
0.108129
0.111383
0.117237
0.144038
0.109252
0.100435
0.139283
0.137413
0.155228
0.157264
0.164616
0.197483
0.171936
0.146129
0.167104
0.163857
0.170279
0.181416
0.194971
0.180229
0.216277
0.268557
0.313633
0.280100
0.247393
0.280072
0.140645
0.165358
0.210491
0.176135
0.205907
0.296962
0.223145
0.176737
0.169218
0.147957
0.134219
0.119313
0.110834
0.114227
0.112989
0.108378
0.114733
0.105467
0.106272
0.109702
0.146368
0.128940
0.137085
0.185041
0.374336
0.315566
0.331152
0.303603
0.326677
0.341144
0.331297
0.376717
0.309796
0.296948
0.265863
0.275785
0.261107
0.270010
0.313146
0.333851
0.257139
0.279937
0.248958
0.253277
0.235964
0.237442
0.237470
0.228672
0.245679
0.308024
0.328672
0.385196
0.440722
0.464038
0.516188
0.239739
0.270926
0.222987
0.240599
0.225548
0.203257
0.205426
0.210848
0.202876
0.277689
0.319329
0.304559
0.341573
0.384682
0.456937
0.413269
0.451340
0.432944
0.463766
0.497270
0.609483
0.690954
0.765193
0.803735
0.878356
0.896751
0.979281
1.000239
0.937347
0.848046
0.826342
0.636241
0.587256
0.729842
0.795671
0.895661
0.894163
0.789771
0.832222
0.874832
0.840890
0.878209
0.873331
0.864949
0.816774
0.785707
0.832903
0.999299
1.029221
1.076143
1.195919
1.262892
1.355665
1.428578
1.509571
1.575303
1.227786
1.314832
1.170779
1.214306
1.244837
1.270353
1.284980
1.321772
1.333314
1.303909
1.158319
1.208829
1.067518
1.021409
1.007881
1.008817
1.037567
0.973315
0.975223
0.940038
0.899160
0.859026
0.908085
0.784340
0.748998
0.786593
0.846320
0.909948
0.984228
1.048164
1.057479
1.125162
0.628702
0.564925
0.604922
0.502814
0.525302
0.424157
0.475409
0.326479
0.269935
0.235818
0.189139
0.163715
0.152231
0.155306
0.216256
0.197302
0.227227
0.240066
0.215154
0.237012
0.275902
0.343476
0.412815
0.500945
0.496697
0.404096
0.246194
0.252017
0.287444
0.325914
0.346648
0.364850
0.373968
0.418631
0.454510
0.468158
0.496701
0.497301
0.443826
0.486951
0.443435
0.491187
0.509488
0.537000
0.549535
0.579699
0.530559
0.546083
0.564583
0.620041
0.631828
0.649041
0.644215
0.671432
0.716172
0.671895
0.662737
0.695844
0.717755
0.750472
0.750540
0.715340
0.751859
0.778198
0.764364
0.807452
0.810888
0.836943
0.843492
0.843169
0.873772
0.911796
0.896586
0.964921
0.997554
0.972736
0.988849
0.977093
0.948827
0.932085
0.944375
0.984319
1.021481
0.967155
0.989302
0.975200
1.006142
0.972708
1.002898
1.029208
1.001196
