2.9625
3.2193
3.5248
3.1099
3.3137
3.3162
2.9673
3.3225
3.4115
3.3699
3.1084
3.0143
3.0419
3.0670
3.0000
3.3375
3.3387
3.2049
2.7236
2.9655
2.9171
2.6992
3.1331
2.5616
2.4599
2.7189
2.6270
2.6168
2.5538
2.5300
2.7196
2.8820
2.9341
2.6443
2.8050
2.8553
2.7782
2.5733
2.6666
2.8246
2.8742
2.5826
2.8912
2.8651
2.9506
3.0680
2.8035
2.8081
2.7222
2.6122
2.5720
2.9403
2.5334
2.7726
2.6542
2.7274
2.8722
2.6375
2.7854
3.3125
3.3485
3.5027
2.8413
2.8549
3.0499
2.7109
3.1563
3.0200
2.9520
2.9663
3.1660
2.8939
2.8666
3.1074
3.0003
3.0214
2.8295
3.0540
3.0621
3.5432
3.7148
3.1573
3.1855
3.6004
3.1341
2.9079
3.2020
3.1997
3.1533
2.8086
2.9867
3.3320
3.7041
3.1097
3.1359
2.9525
2.8787
2.9328
2.9541
2.8594
2.8656
2.9065
3.1081
2.9960
2.9337
2.9173
2.8780
2.9559
3.1446
2.9503
2.9233
3.1222
3.0127
2.8374
3.0368
3.4548
2.9278
3.0502
3.1867
2.8965
3.3883
3.1546
3.2174
3.1450
3.1148
3.1481
2.8304
2.8251
2.7592
2.9676
3.1746
2.9647
3.0291
3.0067
2.9646
3.2499
3.2704
2.9032
3.1305
3.1913
2.8893
3.1658
3.1095
3.0157
3.0232
2.7036
2.7038
2.6707
2.5940
2.6332
3.0020
2.8583
3.2377
2.8210
2.9877
2.8409
2.6502
2.9754
2.7036
2.9637
2.5273
3.0207
2.8339
2.6904
2.7936
2.6409
2.4399
2.6190
2.5465
2.5688
2.7311
2.7341
3.0869
3.1753
3.0306
2.6609
2.5844
2.5289
2.8820
2.4183
2.8116
2.6064
2.5695
3.0002
2.3614
2.6438
2.3998
2.5777
2.4966
2.5307
2.8695
2.7573
2.6637
2.7509
2.6491
2.5974
2.6402
2.5256
2.7717
2.7968
3.1279
3.0868
2.5710
2.9166
2.9003
2.8897
2.9542
2.7119
2.9203
2.8765
2.8474
2.9123
2.9581
2.5962
2.7946
2.5047
2.7354
2.7763
2.9369
3.0325
2.8846
2.8470
3.0576
2.9702
2.7908
2.9410
2.6846
2.7844
2.8415
2.9126
2.8643
2.7570
2.8106
2.9059
3.0991
2.7472
2.6766
2.8710
2.7319
2.8286
2.8016
2.6101
2.5777
2.7334
2.6436
2.8709
2.6964
3.1668
2.7735
2.7925
2.6026
2.8297
3.0663
2.7818
2.7618
2.6450
2.6509
2.7122
3.0898
2.7819
2.8259
2.6346
2.9179
2.8373
2.9164
2.7185
2.8308
2.7730
2.5298
2.9941
2.7599
2.8019
2.8788
3.0885
2.7285
2.6222
2.4612
2.6474
2.5926
2.5302
2.6330
2.5755
2.9441
3.0280
2.7562
3.0750
2.9264
3.0051
3.1583
3.2772
3.0657
3.0873
2.6641
2.7146
3.1203
2.8413
2.9653
3.0158
2.7747
3.0249
2.9696
2.8185
2.8172
2.9485
3.0291
2.9990
3.0473
3.1425
3.1718
3.0003
3.1269
2.7189
2.4938
3.1321
2.9595
2.6389
2.7481
2.5485
2.4545
2.4942
2.6138
2.3964
2.3028
2.2786
2.4995
2.7258
2.6933
2.7771
2.7376
2.7920
2.7647
2.8755
2.6217
2.6120
2.4128
2.3214
2.7055
2.8244
2.5052
2.7298
2.8420
3.2169
2.9421
2.6842
2.9269
2.9871
2.7928
2.7854
2.5152
2.7583
2.8624
3.4192
3.5259
3.3071
3.0228
3.4262
3.4793
3.3955
3.3822
3.2766
3.4737
3.4634
3.3956
3.6625
3.2113
3.0980
3.1365
3.5881
3.2970
3.4159
3.5846
4.0151
3.1688
3.5498
3.6342
3.7782
3.3494
3.1920
3.3651
3.3026
3.3128
3.5054
3.4152
3.0578
3.3651
3.2939
3.6418
3.5551
3.3682
3.5887
3.4676
3.2871
3.4973
3.6232
3.4974
3.3306
3.5073
3.6591
3.5210
3.8819
3.6378
3.8707
3.3816
3.4336
3.4504
3.7243
3.4465
3.6600
3.6022
3.3799
3.4817
3.4154
3.4722
3.2664
3.3526
3.4315
3.0544
3.0452
3.1258
3.0176
3.2904
3.0501
3.3401
3.3485
3.2567
3.2884
3.1861
3.1672
3.1438
3.1178
3.1124
3.1453
3.3086
3.0538
3.0323
2.9728
3.1667
3.0551
3.0009
3.1679
3.2324
3.3434
3.2217
3.5742
3.3559
3.2534
3.2715
3.2767
3.2349
3.5330
3.1660
3.6356
3.4666
3.6261
3.5147
3.2474
3.7431
3.2698
3.0926
3.0060
2.9444
3.3283
3.0360
3.2076
3.4607
3.5181
3.3149
3.2652
3.2373
2.9338
2.8901
2.9928
3.0470
3.1821
3.1307
3.1455
3.2371
3.1585
3.3113
3.1152
2.9961
3.1704
2.9790
3.2236
3.1558
2.9326
3.0278
3.3710
3.3515
3.5614
3.2592
3.1669
3.2720
3.2534
3.2755
3.0478
3.3936
3.3197
3.5432
3.2481
3.2748
3.2667
3.2482
3.4021
3.2706
3.4054
3.4006
3.1866
3.1589
2.9794
3.3917
3.2396
2.9979
3.1512
3.2343
2.8564
2.9692
2.9599
3.2214
3.0995
2.9746
2.7804
2.8338
2.8481
2.9115
3.2665
3.0180
3.1601
2.8524
3.1043
2.9958
3.1589
3.3887
2.9028
3.0293
3.0183
2.9601
3.2285
3.3227
3.1463
2.6434
2.9863
2.6968
2.6783
2.8450
2.7314
2.9654
3.0168
3.0117
2.7933
2.9493
3.0266
2.8707
2.8487
2.9728
2.7614
2.7494
2.9616
2.9454
3.0289
3.2177
3.0522
3.0071
2.9765
3.1057
3.1744
3.3142
3.2560
3.2531
3.1585
3.1509
3.1838
2.9257
3.2199
3.0364
2.9875
3.2485
3.0855
3.1524
3.0889
3.2783
3.2441
3.2105
3.1125
3.0033
3.2048
3.1167
3.1836
3.2252
3.0647
3.2919
3.2080
3.2518
3.2868
3.3483
3.0748
3.1553
3.1121
3.3106
3.4641
3.5349
3.3129
3.3248
3.2541
3.0075
3.1227
3.3698
2.7549
2.8567
3.1226
3.1727
3.3477
3.3019
3.1521
3.3359
3.1540
2.9505
3.1352
2.7300
3.3799
3.3387
3.2067
3.3017
3.2956
3.2617
3.3368
3.2345
3.4922
3.4499
3.1582
3.2421
3.2664
3.7270
3.3781
3.3164
3.4994
3.6356
3.4680
3.3787
3.1950
3.1658
3.1725
3.3373
3.0961
3.2741
3.5107
3.3822
3.1553
3.1298
3.4806
3.2473
3.1930
3.6227
3.5064
3.5739
3.6753
3.2221
3.3104
3.5052
3.5695
3.4358
3.3695
3.1985
3.2011
3.3389
3.1329
3.3250
3.2239
2.9145
3.1617
2.9370
2.9013
3.0314
3.2760
3.1715
3.2681
3.2039
3.4300
3.0061
3.1426
3.0713
3.4441
3.2469
3.2821
3.1441
3.2439
3.1398
3.1252
3.2518
3.5193
3.3444
3.5142
3.5843
3.5500
2.9923
3.1640
2.9731
3.0623
3.2486
2.9171
3.0458
2.9627
3.0459
2.7821
2.9796
3.0218
3.1051
3.1236
3.1088
2.9629
3.0565
2.9636
3.3593
3.0848
3.3335
3.2847
3.3336
3.3655
3.2272
3.1553
2.8530
2.8781
3.0766
2.8810
2.9919
3.0975
3.1489
3.3693
3.3728
3.6284
3.4032
3.2986
3.3816
3.2447
3.2066
3.4115
3.3759
3.1397
3.0009
3.7296
3.4705
3.1702
3.2505
3.0561
3.0467
3.1049
3.4030
3.0974
3.1224
3.7414
3.6164
3.5508
3.2888
3.2599
3.4767
3.3208
3.3339
3.3539
3.4931
3.2761
2.9634
3.0462
3.0990
2.9256
2.9926
3.1452
3.5052
3.5902
3.2357
3.2934
3.2977
3.3125
3.3880
3.0173
3.2928
3.2348
3.4045
3.4544
3.3803
3.0606
3.0684
3.2099
3.0289
3.1660
3.4960
3.0275
3.0773
3.1204
3.2406
3.0762
3.3918
3.4692
3.5597
3.6438
3.3706
3.4892
3.3960
3.3782
3.2513
3.2067
3.2870
3.1861
3.0649
3.3073
3.1285
3.2676
3.2813
3.4231
3.2965
3.1027
3.3921
3.2853
3.5949
3.1567
3.0825
3.2251
3.2083
3.5263
3.1882
3.1792
2.9700
2.9026
3.0384
2.9744
2.9616
3.0537
2.9696
2.7631
3.0201
3.0608
3.0803
3.1364
3.0767
3.1607
3.2566
3.3111
2.8965
3.1433
2.6703
3.0896
2.9724
3.0634
2.8901
2.8448
3.2573
2.9855
3.0921
3.2092
3.5985
3.4887
3.1937
3.2441
2.8693
2.9567
3.0665
3.0633
3.0308
3.0830
2.8756
2.9123
2.8643
2.8757
2.8118
3.1459
3.1818
3.6149
3.0820
3.6455
2.9834
3.2527
3.1666
3.2029
3.3980
3.1894
3.0789
3.2257
3.4418
3.4353
3.5483
3.4266
3.2269
2.9784
3.0533
2.7671
2.8356
2.9044
3.0286
3.1320
3.0851
3.2898
3.4678
3.3890
3.1950
3.1526
3.1257
3.3029
3.1955
3.1065
3.1103
3.0789
3.4247
3.0753
3.2195
2.9972
3.0425
3.1485
3.1232
3.0519
3.0203
3.0319
2.7963
3.0769
3.1177
2.9790
2.8303
2.8923
2.6255
2.7255
2.8504
3.0460
3.1563
3.1080
3.3301
3.2103
3.1616
3.0439
3.2699
3.1157
3.1500
2.8610
3.0217
3.0169
3.3039
3.3301
3.3367
3.2989
3.4707
3.1912
3.1380
3.2374
3.2610
3.3965
3.4303
3.3889
3.3260
3.3217
3.3283
3.2621
3.6638
3.3991
3.4137
3.4847
2.9788
3.3004
3.2562
3.3991
3.0468
3.1949
3.0891
3.2780
3.2323
3.2366
3.0478
2.9908
3.3090
3.2196
3.1479
2.8184
3.0022
2.9851
2.8392
2.9188
3.2055
2.9545
2.9149
3.0206
2.8038
3.1226
2.9491
3.0438
3.0663
2.8073
3.0024
2.6615
3.1174
2.8226
3.0165
3.0092
3.0211
2.9733
2.9888
3.0521
3.1537
3.1026
2.8611
3.2891
3.2380
3.3281
3.5090
3.1381
3.2264
3.1604
3.0584
3.1693
2.9848
2.8140
2.8638
3.1783
3.1875
2.7193
3.1456
3.0952
3.0012
2.9079
3.0224
2.8428
3.0343
2.8663
2.7348
2.6255
2.5380
2.6151
2.7331
2.8517
3.0016
2.6957
3.2160
2.9460
2.9362
2.8672
2.8922
3.2736
3.0366
3.2102
2.8113
2.9934
2.9468
3.0213
2.9959
3.0000
3.1921
3.2073
3.1978
3.4383
3.2324
3.1927
3.2810
3.0876
3.1932
3.2892
3.0409
3.1913
3.1913
3.0525
2.6893
3.0204
3.0807
2.9868
3.0862
2.8914
2.8796
3.0036
2.9301
3.0460
3.1355
3.2244
3.2396
3.0526
3.0216
3.0659
2.8999
2.8880
2.8132
3.0431
3.0805
2.8303
3.1734
3.0373
3.1938
3.2027
2.9924
3.1627
3.4079
3.0470
3.2205
3.2131
3.1438
3.0837
3.2211
3.1713
3.1306
3.1654
2.9855
3.2039
3.1425
3.1355
3.1958
3.4422
3.5019
3.4294
3.7675
3.6183
3.4231
3.3584
3.2159
3.2347
2.8825
2.8478
2.9817
3.1540
3.1244
3.2795
3.4419
3.2647
3.3545
3.5723
3.5643
3.1238
3.3983
3.7490
3.6956
3.7286
3.3319
3.0210
3.0330
3.2792
3.4846
3.4170
3.1463
3.3725
3.7322
3.4847
3.3581
3.1008
3.2339
3.1273
3.3842
3.4819
3.4927
3.3354
3.2487
3.2280
3.1174
3.2377
3.1327
3.6027
3.3982
3.1837
3.4096
3.5887
3.6425
3.6265
3.4816
3.5081
3.4836
3.2183
3.2492
3.5218
3.6000
3.5737
3.5957
3.5785
3.6844
3.3984
3.6872
3.2830
3.5308
3.6071
3.3195
3.5156
3.1956
3.3695
3.3066
3.2702
3.2982
3.5533
3.2747
3.4502
3.5653
3.4841
3.2631
3.5250
3.4228
3.5087
3.3849
3.5974
3.5857
3.6626
3.5542
3.5150
3.5813
3.4528
3.6828
3.4948
3.8025
3.4993
3.5507
3.6559
3.2305
3.3092
3.5705
3.4115
3.1825
3.0508
3.3639
3.5147
3.6265
3.2502
3.3690
3.2949
3.2777
3.2013
3.1248
3.0712
3.1079
3.2378
3.3304
3.0311
3.0722
3.2008
3.1203
2.9737
3.0660
3.0567
3.4827
3.7587
3.3580
3.4170
3.3882
3.1489
3.4113
3.5242
3.4239
3.5097
3.1409
3.5471
3.0149
3.3704
3.4303
3.2851
3.2700
3.3625
3.4082
3.5098
3.5612
3.4160
3.4203
3.3375
3.6021
3.7810
3.3423
3.2671
3.3753
3.1645
3.2187
3.5541
3.5014
3.6434
3.4299
3.1744
3.2476
3.2109
3.3040
3.1926
3.2202
3.2680
3.5126
3.1800
3.1082
3.3048
3.2993
3.2291
3.4498
3.3643
3.4023
3.4122
3.1356
3.2169
3.2458
3.5611
3.1590
3.2444
3.3628
3.4414
3.7025
3.4028
3.3605
3.6304
3.5632
3.5899
3.5435
3.6402
3.6888
3.4060
3.3737
3.4390
3.5328
3.4527
3.3184
3.3119
3.4446
3.1456
3.2291
3.4006
3.4104
3.2715
3.1932
3.0842
3.0834
3.3587
3.4119
3.4650
3.5209
3.3716
3.0341
3.0244
3.1869
3.2279
3.1560
3.0522
3.1376
2.9585
3.1235
3.2719
2.7806
2.9321
2.9858
3.0838
3.2640
3.2056
3.1489
3.2043
3.1485
3.2465
2.9232
2.9331
2.8236
2.9332
2.6481
2.8475
2.8617
2.6865
2.8317
2.8985
2.7877
2.6574
2.7853
3.0609
3.1306
3.2549
3.1279
2.9480
2.9504
3.0069
2.9367
3.2776
3.3162
3.5400
3.2095
3.3998
3.1767
3.0222
3.1937
3.2762
3.0640
3.0955
3.0618
2.8159
2.9004
3.0104
3.2022
3.1185
3.1343
3.0139
2.9799
2.9400
2.9913
3.1365
3.1530
3.1103
3.0669
3.1960
3.1230
3.2309
2.9047
2.9618
2.9966
3.1633
3.1497
3.0244
3.2010
2.8371
3.0937
3.1713
3.2083
2.8184
2.9390
2.8902
3.0296
3.1733
3.1306
3.1598
2.9672
2.9471
2.9453
3.0037
2.9521
3.0685
2.8129
3.0261
2.8955
2.8482
2.6923
2.9760
2.9062
3.0159
3.0206
3.0388
3.1584
3.1954
3.4067
2.8861
3.1140
2.9425
2.9785
2.9667
2.8665
2.8758
2.8840
2.8465
2.9079
2.8468
2.7503
2.8922
2.9227
2.5902
2.7303
2.6072
2.6887
2.8973
2.8677
2.7240
3.0165
2.9477
2.8097
2.7411
2.8288
2.9105
2.6701
2.5911
2.8371
2.7844
2.5201
2.9466
2.8012
2.7611
2.9369
2.9545
3.0598
3.0964
3.1915
3.0611
3.0240
3.1059
2.9154
2.9643
3.0648
3.1131
2.9634
2.9532
2.5937
3.0439
2.7080
3.0289
2.8214
3.0374
2.8012
3.1973
2.9751
2.9119
2.7123
2.7296
2.8907
2.7771
2.4592
2.4666
2.4267
2.5219
2.6301
2.4037
2.5617
2.4962
2.4371
2.4530
2.5671
2.5753
2.7158
2.5701
2.4210
2.5505
2.8155
2.2903
2.5637
2.3751
2.5767
2.5773
2.6231
2.4837
2.9863
2.8507
2.7260
2.6753
2.5032
2.6348
2.5374
2.6684
2.7300
2.5364
2.7157
2.8441
2.6539
2.4820
2.5066
2.4020
2.4474
2.6424
2.5836
2.6995
2.5186
2.6116
2.5476
2.6723
2.4949
2.7300
2.7920
2.8062
3.0775
3.0026
2.7203
2.6083
2.7354
2.6603
2.7326
2.5827
2.5775
2.6171
2.6643
2.4833
2.4769
2.4482
2.7217
2.6994
2.7352
2.5811
2.6424
2.8277
2.8541
2.9835
2.7442
2.6971
2.7153
2.7313
2.6725
2.6843
2.8744
2.6247
2.4425
2.7078
2.9225
3.0298
3.0421
3.1170
3.1463
3.0219
3.0772
2.9520
2.8946
3.1143
2.9026
3.1417
2.9565
2.9649
2.9224
2.5430
2.8666
2.7991
2.9275
2.9326
2.8416
2.7976
2.8242
2.9176
2.6437
2.5741
2.8931
2.7002
2.6068
2.5929
2.6487
2.7779
2.5642
3.0486
2.5137
2.8764
2.7078
2.7949
2.9273
2.9304
2.8272
3.0027
2.8804
2.6061
2.5550
2.7575
2.6727
2.9318
2.5738
2.8891
2.9685
2.7440
2.7239
2.6604
2.7525
2.7888
2.9413
2.7131
2.5815
2.4747
2.4266
2.5723
2.7129
2.9817
2.9815
2.8617
2.7388
2.8928
2.9887
2.8096
2.6873
3.0897
2.6935
2.9050
2.9497
3.2000
3.2981
3.0175
2.9672
2.8164
2.9041
2.9716
2.7803
2.6854
2.8036
2.9394
2.6252
2.8460
2.8219
2.6175
2.6118
2.8052
2.6267
2.7861
2.5483
2.5899
2.4697
2.6517
2.8032
2.7759
2.7394
2.7755
2.7409
2.8853
3.0537
2.8455
2.8961
2.9155
2.6778
2.6973
2.8033
2.5359
2.6448
2.7694
2.6850
2.6332
2.5996
2.9242
2.6551
2.9389
2.6828
2.6389
2.7540
2.7396
2.9710
2.7884
2.7434
2.6600
2.7214
2.5035
2.8490
2.6565
2.5517
2.5165
2.4686
2.3696
2.6243
2.6701
2.5872
2.6324
2.7349
2.6234
2.4869
2.4774
2.6489
2.4961
2.5417
2.3664
2.3688
2.5079
2.6811
2.4465
2.4964
2.7242
2.4805
2.6402
2.5445
2.5919
2.7741
2.6790
2.6877
2.5886
2.7831
2.4454
2.4275
2.5929
2.6754
2.7851
2.6749
2.7923
2.7539
3.1533
3.3421
3.1392
3.2308
3.2638
2.7902
2.7311
3.1719
2.9883
2.9813
2.7530
2.8072
3.1734
3.1685
2.9785
2.8722
3.0499
2.8405
3.0909
2.7660
2.9944
2.9254
3.2711
2.9404
2.9370
2.8507
2.8498
2.6109
3.1880
3.0470
2.8847
2.8370
2.7752
2.8739
2.8720
2.7216
2.7988
3.0218
2.7740
2.8400
2.5147
2.9131
2.4655
2.5486
2.5974
2.6903
2.6529
2.4987
2.5440
2.6305
2.7182
2.6760
2.9239
2.6651
2.8266
2.6360
2.7634
2.8558
2.8206
2.9670
2.9812
2.9684
2.6308
2.9029
2.9681
2.8600
2.9346
2.7544
3.0107
3.3200
2.9497
2.7494
2.9231
3.0432
3.0544
3.4789
3.0216
2.7101
3.0383
3.0894
3.1313
3.1624
2.9247
3.0019
2.8965
3.1188
2.7723
3.2041
3.1275
3.2884
3.2631
3.2808
3.3190
3.2604
3.3498
3.8382
3.7096
3.6621
2.9319
2.9376
2.6651
2.6803
2.7940
3.0096
2.9288
3.0924
2.9005
3.0583
3.1525
2.9998
3.0045
2.8529
3.1168
3.0549
3.1099
3.0874
2.9187
2.9181
3.0347
2.9161
2.8151
2.9191
3.0019
3.1252
2.9293
2.7717
2.9462
2.8445
3.2019
3.1056
2.9241
2.7671
3.0010
2.8866
2.9379
2.9075
3.1836
3.4060
3.1138
2.9055
2.9108
2.9970
3.3049
3.1726
2.8995
2.8793
2.9864
2.7111
2.9726
2.9433
2.8995
3.0752
2.6211
2.9546
3.0597
3.0432
3.0654
2.9361
3.0230
2.9239
2.8856
2.9793
2.9877
2.8213
3.1117
2.7427
2.8297
3.0583
2.9265
3.2894
2.9106
2.8656
3.0484
3.0220
2.9506
2.9642
3.0614
3.0383
2.7608
2.8740
2.9897
3.0909
3.1539
3.3023
3.5049
3.1507
2.9686
2.8712
2.9372
3.1183
3.0237
3.1142
3.0628
3.0978
2.8158
2.9574
3.0427
2.8874
2.9591
3.1089
3.2223
3.3436
3.1277
2.8872
3.3155
3.4491
3.1219
3.2894
3.3508
2.9280
2.9605
3.1331
3.2370
3.3026
2.8970
3.1417
3.0492
3.0392
3.1322
2.9535
2.8671
3.1376
3.0819
2.8831
3.1428
3.1015
2.9314
3.2197
3.1988
2.9826
2.8833
2.9479
2.9390
3.2467
3.0091
3.0586
2.7603
2.7950
3.0884
3.2345
2.9995
3.0736
3.1360
3.2130
3.1528
3.2190
2.7986
2.7574
2.5583
2.7185
2.8356
3.0189
2.7056
3.2014
2.8468
3.3761
3.2383
3.2110
3.4240
2.9869
3.1014
3.0957
3.0814
3.2053
3.2189
3.1615
3.2639
3.0941
3.2426
2.9463
3.0554
3.0067
3.0282
2.8273
2.9355
2.8424
2.5297
2.7609
2.6474
2.6128
2.7092
3.0398
3.0601
3.3118
3.1047
3.1167
3.0089
3.1358
3.0148
3.1614
3.0705
3.0938
2.9930
2.8620
2.9854
2.9459
2.8440
2.9884
3.2183
2.7966
3.2181
2.9673
2.9889
3.1675
3.0444
2.9134
3.1840
3.1911
2.8697
3.0339
3.0283
3.1679
3.2801
3.2318
3.0492
3.2123
3.1788
3.3418
3.3702
3.4140
3.3098
3.1652
3.1812
3.4896
3.1725
3.4677
3.3375
3.3838
3.3068
3.4398
3.6787
3.9447
3.5762
3.5784
3.7019
3.4128
3.4270
3.3869
3.4585
3.1571
3.3608
3.2467
3.3478
3.2554
3.2337
3.2123
3.4201
3.4148
3.2510
3.3899
3.2317
3.0137
3.2190
3.3225
3.3239
3.5486
3.3069
3.3690
3.5603
3.3788
3.3245
3.6119
3.4848
3.2893
3.3744
3.3609
3.4075
3.4109
3.3168
3.0955
3.1744
3.2411
3.4528
3.2251
3.3099
3.1289
3.1715
3.2114
3.4109
3.0766
3.3215
3.3065
3.5765
3.5706
3.3804
3.4042
3.0536
3.3267
3.0374
3.1128
3.3716
3.1927
3.1419
3.1269
3.0896
3.2733
3.3322
3.2297
3.0430
3.1665
3.2459
3.4296
3.1513
3.1552
3.2276
3.2750
3.4437
3.5134
3.3968
3.2302
3.3797
3.1957
3.1848
3.1171
3.0639
3.2351
3.0484
3.3125
3.2663
3.2824
3.3894
3.2827
3.3862
3.4543
3.2509
3.4030
3.4156
3.2019
3.1207
3.1447
3.3243
3.3368
3.0835
3.2922
3.0002
3.2769
3.2459
3.5264
3.5661
3.6728
3.3606
3.3767
3.3037
3.3068
3.2069
3.2303
3.2099
3.3164
3.2851
3.3047
3.1582
3.0921
3.1711
2.9862
3.0587
2.9649
3.2103
3.0414
3.1485
3.1156
2.8064
3.1136
3.2172
2.8796
2.8106
3.0275
2.8705
3.0840
2.8417
2.8384
2.8661
2.8499
3.0256
3.0496
3.1481
3.3835
3.1784
3.0941
3.4891
3.4413
3.5909
3.1478
3.2851
3.2690
3.3171
3.2088
3.2928
3.0572
3.3466
3.3447
3.3357
3.3477
3.0526
3.1757
3.2703
2.9925
3.0357
3.3898
3.1390
3.3712
3.0753
3.0926
3.0511
3.0268
3.2333
3.1551
3.1162
3.3040
3.2178
3.1193
3.2669
3.2884
3.2065
3.1021
3.1238
3.2386
3.2439
3.3404
3.1132
3.1495
3.0462
3.3010
3.2384
3.0614
3.1156
2.7184
2.7997
2.7177
2.8777
2.8341
2.7791
2.9551
3.1531
2.8460
2.7810
2.9331
3.0391
3.0859
3.1736
3.0162
2.9361
3.2572
3.4340
3.0860
3.1559
3.1787
3.2563
3.0741
3.1186
3.1866
3.3512
3.2606
3.2918
3.3469
3.2996
3.2226
2.9022
3.1513
3.1153
3.2922
2.8344
3.3580
3.1619
3.0298
2.9074
2.9520
3.1810
3.2054
3.0713
3.1179
3.1745
3.2872
3.2049
3.0744
3.1506
3.1511
3.2376
3.2932
3.2408
3.0087
3.2006
3.0947
3.1897
3.4032
3.5378
3.3800
3.6795
3.3216
3.5164
3.1745
3.3588
3.5767
3.6613
3.9698
3.6987
3.8177
3.4450
3.9383
3.5398
3.7346
3.5987
3.5679
3.3819
3.0561
3.0951
3.5791
3.4640
3.3239
3.4563
3.6900
3.5460
3.6015
3.1068
3.4031
3.7680
3.7901
3.7484
3.5337
3.3011
3.0189
3.1045
3.0480
3.2229
3.1660
3.0428
3.1132
3.0320
3.1040
3.0000
3.0236
3.1490
2.9484
3.0415
3.0930
2.9462
3.0744
3.3549
3.1013
3.3018
3.2148
3.2177
2.9734
3.0359
2.9115
2.8041
2.8254
3.0059
2.8425
2.9507
3.0984
3.0724
2.9912
3.1863
3.1009
3.0696
3.2469
3.1401
3.0417
3.1084
3.1941
3.1675
3.1050
3.1303
2.9909
3.3350
3.1067
3.2234
3.0959
2.9867
3.0281
3.1010
2.9539
3.0742
3.1604
2.8263
3.0758
3.1476
3.0398
3.0023
3.0384
3.0059
2.9932
2.7940
3.0486
3.0689
2.9773
2.7824
3.2443
2.9811
3.1650
2.9549
3.1594
3.1763
3.4193
3.0986
2.8801
2.9515
3.1254
3.0124
2.8658
2.7687
3.0212
2.8865
2.7937
2.8575
2.6448
2.6377
2.6315
2.7834
3.0983
2.9414
2.8958
3.1179
2.8179
2.7858
2.8081
2.9360
3.1975
3.1096
3.0092
3.2951
3.0878
2.8122
3.1048
3.0306
3.0529
3.1976
2.9370
3.0671
2.9461
2.9021
3.0837
3.1935
2.9679
3.0430
3.0276
2.9288
2.9616
3.0039
3.0626
3.0987
2.8571
2.8464
3.0151
3.0010
3.0065
2.7700
2.9700
3.0717
3.1446
3.0325
2.9315
2.8055
2.8885
2.8441
2.7364
2.6148
3.1304
3.0321
3.0707
3.0539
2.9130
2.9046
2.8082
2.8538
3.0334
2.9268
3.2202
3.0788
2.8977
2.9936
3.0180
2.9586
3.0260
3.2117
2.9534
3.0458
2.8995
2.8677
2.7376
2.8182
2.9618
2.8739
2.9647
3.1147
2.9471
2.9887
3.0457
3.0491
2.7174
2.9615
2.6505
2.7365
2.9156
2.8059
2.7136
2.6405
2.5524
2.9361
2.8940
2.7492
2.7564
2.6262
2.8357
2.7343
2.7852
2.7191
2.6957
2.6826
2.7260
2.7009
2.6719
2.5863
2.6357
2.7173
2.7342
2.7731
2.6899
2.8117
2.7878
2.6650
2.6614
2.6760
2.7278
2.7897
2.6040
2.8908
2.6569
2.6780
2.6340
2.6426
2.7154
2.6187
2.6886
2.8768
2.7450
2.5382
2.5667
2.7793
3.0679
3.0170
2.6930
2.8022
2.6723
2.7015
2.6145
2.6396
2.6802
2.5886
2.6549
2.6731
2.7072
2.7795
2.7394
2.7308
2.7449
2.8194
2.7479
3.0091
2.8266
2.8801
2.7444
2.7452
2.6545
2.9246
2.7741
2.9746
2.9505
2.8812
3.0179
2.9834
2.9876
2.9581
2.8643
3.0062
2.8602
3.0297
3.1481
3.1170
3.0901
3.1775
3.1943
3.1705
3.3377
2.7712
2.8110
2.8480
2.8161
2.7763
2.8979
2.9458
2.8362
2.7660
2.8474
2.9463
3.0044
2.8557
2.8362
2.6157
2.8521
2.7148
2.8879
2.7742
3.0223
2.9307
2.9447
2.8898
2.7831
2.9583
2.9556
2.8985
2.6950
2.9163
2.8068
2.8930
3.0152
2.8622
2.8446
2.7770
2.8575
2.8412
2.8468
2.9717
2.6724
2.9084
2.7979
2.8300
2.8343
2.7581
2.7821
3.0327
2.9442
2.9403
2.9996
3.1094
3.0168
2.9680
2.9072
2.9691
2.9133
2.8498
3.1002
2.9624
2.8124
3.0496
3.2826
2.9567
3.2788
3.0656
2.9356
3.3107
3.0817
2.9975
2.9014
2.8410
2.8514
2.9464
2.7809
2.9168
2.8656
2.9589
2.8205
2.7486
2.8167
2.5616
2.9707
2.8525
3.1320
2.8733
2.8288
2.9769
2.9959
2.9996
3.0259
3.1904
3.1143
3.0580
3.0673
3.3484
3.0567
3.0497
2.9785
3.1801
3.2553
3.2877
3.2782
3.0512
3.0794
2.9413
3.1130
3.2455
3.1546
3.0393
2.8766
2.9820
3.1372
2.9990
2.8993
2.8822
2.9470
3.0589
3.1877
3.3830
3.2292
3.1863
3.0791
2.7816
3.1526
2.9364
2.8112
3.0836
3.0761
3.0911
3.1918
3.4244
3.2030
3.0292
3.1795
3.0335
2.9967
2.9410
3.0800
3.1610
3.1736
3.1183
3.0207
2.9220
3.3815
3.2958
2.9954
2.9387
2.8041
2.9611
2.9384
2.8643
2.9260
2.8050
3.0730
2.8203
2.7440
3.0836
3.3159
3.2605
3.1105
3.0833
3.1768
3.2324
3.2489
3.5149
3.1666
3.4563
3.2417
3.0697
3.1777
3.3674
3.3685
3.2112
3.3280
3.1778
3.3175
3.4890
3.3560
3.1407
3.1599
3.2535
3.1650
3.3368
3.2819
3.1441
3.1947
3.0960
3.0241
3.2203
2.9034
2.8833
2.9598
2.7207
2.8773
2.9367
2.9583
3.1787
2.9890
3.0067
2.9372
3.1596
3.0536
3.2152
2.9362
2.9662
3.0415
2.7960
2.9006
2.9376
2.9685
3.0706
3.1179
3.0132
3.1964
3.2538
3.1293
3.0043
3.1682
2.7921
3.1809
3.2289
2.9732
3.1850
2.9402
2.9400
3.0135
2.9181
2.7107
2.9116
2.9294
2.9048
3.1363
2.8500
2.8220
2.8054
3.0811
2.8244
2.8515
2.9166
3.0691
3.0438
3.0191
2.8546
2.8301
2.8638
2.9165
2.9025
2.7927
2.6772
2.6735
2.7372
2.7528
2.8838
2.8567
2.7011
2.8785
2.8165
3.0438
2.9818
3.0838
2.9254
2.8269
2.8441
2.7487
2.8688
3.0413
2.8278
2.9465
2.8816
2.7826
2.9482
2.9499
2.8591
2.9308
3.0184
2.9294
2.9176
3.0414
3.0635
2.8021
2.7777
2.9065
2.8599
2.8203
2.7513
2.8848
2.8022
2.7384
2.7768
2.7676
2.9892
2.8804
2.8166
2.8784
2.8152
2.9732
2.9294
2.9568
2.8335
2.8573
2.8245
2.8238
2.8800
2.9416
2.9705
2.9993
3.0845
2.9884
2.9005
2.9672
3.0114
2.9730
2.7079
3.0247
3.0230
2.8520
2.7886
2.8983
2.8564
2.7827
2.8932
2.9692
3.0086
2.8947
2.9107
3.1131
3.1673
3.0375
3.0601
3.0372
3.0158
3.1662
2.9990
3.2713
3.1789
3.0856
3.2363
3.2438
3.1551
3.2124
3.2939
3.2942
3.2514
3.2812
3.2616
3.2382
3.1828
3.3213
3.1983
3.0646
3.0861
2.9521
3.1955
2.9918
3.2020
3.2470
3.1152
3.2494
3.1024
2.9772
2.9916
3.3618
3.1810
3.2902
3.3814
3.1235
3.3162
3.4165
3.1178
3.0824
2.8956
2.9954
3.0418
2.9621
2.9776
3.1248
3.0345
3.1998
3.2203
3.1208
3.2128
3.1621
2.9786
2.8117
2.9720
3.0018
3.0509
2.9962
2.6880
3.0673
2.9759
2.9461
2.9904
2.9307
2.9657
2.9467
3.1310
3.2637
3.0430
3.2182
2.9064
3.0377
3.0050
3.0647
3.0992
2.9937
3.3005
3.3216
3.1468
3.2684
2.9891
3.2913
3.3358
3.2008
3.2619
3.0756
3.1293
3.0759
3.3957
3.2463
3.1932
3.3598
3.2887
3.0892
3.2884
3.2185
3.2348
3.1839
3.1221
3.0288
3.0797
3.3179
3.1859
3.2501
3.2952
3.3029
3.2320
3.5816
3.3185
3.3268
3.4631
3.6491
3.3454
3.3134
3.1355
3.2235
3.1220
3.3672
3.2277
3.2366
3.4980
3.6215
3.5372
3.4699
3.4013
3.3072
3.3172
3.2541
3.2310
3.2979
3.3416
3.2657
3.2483
3.1889
3.4188
3.3015
3.3496
3.1609
3.1927
3.0807
3.4865
3.5186
3.1947
3.2355
3.3048
3.4397
3.2907
3.5011
3.8368
3.8395
3.4877
3.5274
3.7923
3.6802
3.6835
3.4133
3.3695
3.4493
3.3057
3.7398
3.5786
3.4845
3.6664
3.5678
3.2830
3.5174
3.4388
3.3183
3.2606
3.2917
3.4179
3.4728
3.7400
3.7376
3.5084
3.2814
3.7211
3.7882
3.5081
3.7133
3.3503
3.3556
3.3239
3.4604
3.4258
3.4571
3.7126
4.0799
4.0634
3.6202
3.7323
3.7964
3.9683
4.1847
3.6964
3.9632
3.6953
3.7419
3.8659
3.9409
4.2265
3.6901
3.8251
4.0844
4.0183
3.8697
3.8303
4.0142
3.8529
3.9941
3.5565
4.0575
3.9042
3.8994
4.1379
4.0149
4.4865
4.3558
4.2392
3.8949
4.0846
3.8852
3.7374
3.9014
4.0446
3.7034
3.7334
3.8743
4.1259
3.9349
3.9118
3.8314
3.8611
3.9623
4.0243
3.9407
3.6799
3.6276
3.6888
3.5933
3.7363
3.7653
3.5818
3.6325
4.0101
3.6310
3.8557
3.9446
3.7542
3.6729
3.4652
3.6257
3.3440
3.4827
3.5139
3.6320
3.6964
3.6652
3.4634
3.7972
3.6616
3.5999
3.6819
3.9832
3.8916
3.4973
3.4782
3.5134
3.2499
3.6274
3.4109
3.3324
3.5963
3.5358
3.3425
3.6020
3.1508
3.5595
3.9473
3.3918
3.4815
3.6723
3.7289
3.8577
3.5461
3.5009
3.8042
3.5664
3.4882
3.6753
3.9540
3.6529
3.6163
3.5409
3.4753
3.5655
3.8281
3.5069
3.5378
3.3467
3.4471
3.8072
3.4914
3.7419
3.8206
3.5866
3.4623
3.3485
3.6800
3.7691
3.7025
3.5559
3.7355
3.9550
3.7780
3.6871
3.3707
3.5859
3.6309
3.6583
3.5714
3.7213
3.6250
3.6895
3.5888
4.0611
3.8136
3.7995
3.7484
3.4296
3.4836
3.2973
3.7169
3.3747
3.4538
3.6897
3.8516
3.7180
3.7120
3.6517
3.6475
3.6388
3.7085
3.6581
3.5765
3.7086
3.5793
3.7575
4.0582
3.7689
3.7440
3.9926
3.8392
3.8625
3.7577
3.7956
3.8700
3.7330
3.9078
3.7567
3.6187
3.8165
3.4494
3.5867
3.4780
3.7318
3.6659
3.5718
3.8045
3.8759
3.9513
3.6330
3.5876
3.5635
3.6922
3.6972
3.3919
3.6612
3.7757
3.7115
4.0351
3.9267
3.7705
4.0638
3.8700
3.4590
3.6711
3.6225
3.9240
3.7664
3.7270
3.8316
3.7068
3.7017
3.7041
3.6383
3.6358
3.5454
3.7441
3.5857
3.9982
3.5489
3.7151
3.7757
3.7572
3.6150
3.7439
3.7558
3.5724
3.5889
3.5690
3.7950
3.5906
3.5613
3.6993
3.8636
3.8923
4.1135
3.8273
3.6299
3.7720
3.8679
3.8513
3.8235
3.7374
3.8961
3.6809
3.8032
3.6080
3.8038
3.8117
3.6629
3.6974
3.4105
3.6489
3.7251
3.4891
3.3854
3.6014
3.5957
3.5014
3.5046
3.6447
3.6701
3.6239
3.6443
3.7072
3.8034
3.4897
3.6385
3.7054
3.5707
3.5612
3.7032
3.9104
3.4530
3.8244
3.6015
3.6434
3.7307
3.8016
4.0111
3.8615
3.9396
3.8260
4.1381
3.5941
3.8938
3.2921
3.4676
3.3727
3.5047
3.2594
3.5623
3.2300
3.3930
3.1263
3.2202
3.2006
3.1878
3.2753
3.3741
3.4934
3.4881
3.2014
3.3624
3.1543
3.2667
3.3663
3.5400
3.7482
3.6631
4.0053
3.8680
3.6052
3.5001
3.6350
3.6909
3.6599
3.5991
3.5634
3.5290
3.7596
3.6975
3.6576
3.5274
3.7134
3.5476
3.5193
3.5869
3.5243
3.6504
3.9049
3.6737
3.5752
3.4222
3.5950
3.6284
3.3476
3.4358
3.5635
3.7190
3.5799
3.5397
3.6016
3.6079
3.5624
3.4630
3.3225
3.5959
3.4372
3.3486
3.4750
3.5148
3.6839
3.6860
3.4496
3.4456
3.4744
3.7798
3.7777
3.7256
3.8763
3.8574
3.5393
3.6319
3.8665
3.6603
3.9077
3.8650
3.8525
3.7994
3.6991
3.5430
3.6902
3.7240
3.5283
3.3276
3.6485
3.5735
3.6269
3.7107
3.5781
3.6568
3.8132
3.8131
3.5245
3.6154
3.6409
3.4375
3.3945
3.3286
3.4959
3.7384
3.7278
3.5345
3.5293
3.8278
3.7500
3.8281
3.6447
3.7888
3.8684
3.7921
3.6420
3.8025
3.8178
3.8491
3.7481
3.9103
3.7393
4.0146
3.7475
3.7637
4.0214
4.1217
3.7539
4.1296
4.0278
4.3264
3.7362
3.5731
3.8898
3.7091
3.6445
3.8132
3.7171
3.5426
3.6058
3.3825
4.0109
3.7861
3.7092
3.8937
3.5685
3.7395
3.6653
3.6684
3.4030
3.8413
3.6839
3.6299
3.6293
3.6024
3.4325
3.7687
3.8976
3.4744
3.8337
4.0031
3.4843
3.6612
3.8171
3.6048
3.5750
3.6058
3.5673
4.0809
3.7772
3.5017
3.5810
3.7087
3.6944
3.6267
3.8199
4.0102
3.6927
3.7380
3.7151
3.7856
3.7360
3.6872
3.4843
3.7072
3.8453
4.2204
3.9214
3.8121
3.6973
3.8874
3.9608
3.7047
3.7745
3.9526
3.4923
4.0112
3.6463
3.7089
3.7485
3.7246
3.7344
3.8148
3.7076
3.6568
3.7400
3.2940
3.5883
3.4601
3.3613
3.4091
3.5383
3.4556
3.6107
3.4551
3.3345
3.2581
3.3317
3.5801
3.5220
3.4767
3.4447
3.5938
3.5512
3.5548
3.3781
3.5121
3.7556
3.5959
3.7823
3.5186
3.5949
3.6848
3.3450
3.6542
3.7228
3.6513
3.4884
3.6750
3.4836
3.4340
3.4743
3.5146
3.3133
3.3587
3.4875
3.4539
3.2849
3.5737
3.2896
3.5498
3.3605
3.4812
3.5810
3.5521
3.4507
3.5835
3.7281
3.5373
3.3633
3.4625
3.4271
3.1482
3.3980
3.3056
3.5142
3.5953
3.6251
3.6654
3.4168
3.3288
3.4828
3.3568
3.6398
3.6182
3.9985
3.6167
3.5617
3.2986
3.5304
3.4762
3.4078
3.6441
3.7526
3.4633
3.8751
3.3840
3.3662
3.1785
3.3044
3.2873
3.5036
3.2421
3.0466
3.7795
3.4325
3.5781
3.4984
3.5412
3.2649
3.4523
3.4107
3.4021
3.5422
3.3309
3.4486
3.1964
3.1659
3.2292
3.2948
3.3606
3.4784
3.3873
3.2951
3.4202
3.3060
3.7275
3.5207
3.2307
3.5103
3.8391
3.4726
3.6001
3.4949
3.5992
3.5878
3.4910
3.4113
3.1861
3.3329
3.5271
3.6266
3.5953
3.3016
3.3593
3.6820
3.4063
3.2549
3.4867
3.3059
3.3030
3.4082
3.4040
3.4130
3.2709
3.3961
3.6206
3.5059
3.4977
3.3559
3.5875
3.4779
3.3191
3.3799
3.4756
3.3255
3.3664
3.4978
3.4133
3.5088
3.5752
3.4065
3.3234
3.1726
3.1570
3.4816
3.4912
3.6405
3.4875
3.0381
3.2522
3.1821
3.2473
3.1422
3.2888
3.1079
3.2466
3.2224
3.2716
3.3933
3.3256
3.3902
3.3591
3.5091
3.7001
3.8851
3.8029
3.7581
3.9891
4.0014
3.6567
3.8478
3.6622
3.6128
3.7883
3.7142
3.7710
3.9452
3.6686
3.6376
3.5698
3.8699
3.8400
3.5062
3.5867
3.6408
3.4225
3.4910
3.7192
3.5209
3.4133
3.4619
3.5755
3.5148
3.5790
3.4415
3.3641
3.3886
3.2760
3.2547
3.2559
3.2552
3.4333
3.0881
3.2855
3.2524
3.2676
3.2624
3.3332
3.0731
3.1971
3.3291
3.2951
3.3131
3.0794
3.4083
3.1505
3.2165
3.3150
3.4512
3.3805
3.4593
3.2062
3.6372
3.3220
3.4661
3.5220
3.2779
3.1335
3.1488
3.3443
3.0797
3.1467
3.4697
3.5169
3.5520
3.6673
3.6599
3.6921
3.5759
3.5875
3.4947
3.4826
3.5672
3.3726
3.5089
3.5869
3.5071
3.6283
3.7564
3.5274
3.6815
3.7117
3.8672
3.5037
3.6093
3.2521
3.4774
3.6329
3.5685
3.5600
3.6431
3.2493
3.3303
3.4950
3.7121
3.5065
3.4930
3.5421
3.4779
3.6319
3.4259
3.4616
3.4718
3.4924
3.5936
3.5799
3.6476
3.4746
3.3707
3.3481
3.5209
3.4446
3.3412
3.3237
3.2274
3.4742
3.4107
3.4394
3.4453
3.6445
3.4223
3.3090
3.5369
3.3002
3.3639
3.7038
3.7359
3.7516
3.6562
3.5104
3.3476
3.4346
3.3469
3.3205
3.2913
3.3970
3.2810
3.3195
3.2464
3.3278
3.4226
3.2558
3.3686
3.7218
3.4131
3.8447
3.6550
3.4003
3.7013
3.4049
3.5074
3.3104
3.4366
3.4930
3.4253
3.5102
3.4989
3.7445
3.4705
3.5089
3.5010
3.6431
3.4625
3.6349
3.7849
3.6953
3.4896
3.6199
3.6598
3.5417
3.6526
3.5064
3.4870
3.6690
3.5890
3.4038
3.4848
3.7433
3.6314
3.4985
3.3114
3.5029
3.4054
3.5021
3.4443
3.4830
3.6182
3.5902
3.8442
3.6772
3.7372
3.6511
3.6104
3.5916
3.5278
3.7949
3.8285
3.4218
3.5962
3.4643
3.4538
3.4541
3.5169
3.5140
3.4979
3.4650
3.3931
3.5203
3.1217
3.4486
3.3499
3.2205
3.4944
3.7261
3.5670
3.6730
4.0204
4.1792
4.0115
3.7896
4.1073
3.9749
4.0938
3.8739
3.8584
3.5147
3.5788
3.8895
3.9593
3.5576
3.8123
3.7873
3.6819
3.9958
3.7664
3.5702
3.5942
3.8030
3.7603
3.4911
3.5783
3.4643
3.7178
3.7888
3.7290
3.5702
3.9107
3.6515
3.7535
3.6514
3.4862
3.7171
3.4729
3.6397
3.3854
3.5599
3.5825
3.4743
3.7164
3.3563
3.5706
3.6162
3.8054
3.6124
3.6223
3.8867
3.8861
3.4250
3.7342
3.6785
3.5506
3.8535
3.7214
3.6194
3.6840
3.7307
3.8996
4.0417
3.8863
3.7268
3.5329
3.8198
3.8472
3.7084
3.7149
3.7663
3.8438
3.6874
3.8114
3.5875
3.6706
3.8139
3.7608
3.6625
3.9195
3.7917
3.8682
3.7398
3.8674
3.6015
3.7092
3.8009
3.9967
3.8737
3.8900
3.9179
3.9124
4.1499
4.1216
3.7978
3.5799
3.5324
3.6961
3.6988
3.8063
3.8579
3.7387
3.6950
3.8433
3.8026
3.8180
3.7429
3.6773
3.5266
3.2426
3.2938
3.4658
3.4950
3.2423
3.5977
3.6422
3.9850
3.6414
3.9571
3.7612
3.4988
3.5369
3.7060
3.7058
3.5904
3.7616
3.5647
3.6498
3.5847
3.9076
3.8572
3.8363
3.6497
3.8707
3.8305
3.8327
3.8294
3.6885
3.9233
3.8259
3.6162
3.7273
3.6435
3.6058
3.6635
3.8490
3.7478
3.5792
3.3860
3.8014
3.8004
3.9529
3.4843
3.7603
3.6806
3.5464
3.8762
3.7682
3.6792
4.0115
3.8947
4.0377
3.8800
3.9765
3.6941
3.5112
3.3704
3.7073
3.6931
3.8061
3.6226
3.5692
3.3690
3.5781
3.7424
3.5316
3.6583
3.7385
3.7447
3.3266
3.6587
3.5986
3.7093
3.5261
3.6383
3.5341
3.3098
3.5195
3.4723
3.6148
4.0005
3.7607
3.8774
3.7412
3.4438
3.5456
3.9640
3.5477
3.8183
3.9654
3.6248
3.5480
3.4300
3.5939
3.6042
3.4346
3.5843
3.4879
3.5994
3.6416
3.4856
3.5394
3.7297
3.7136
3.5633
3.6432
3.6514
3.8814
3.7494
3.7942
3.4849
3.9601
3.4310
3.6983
3.8525
3.8077
3.8543
3.6613
3.6847
3.9795
3.9104
3.9521
3.9052
4.2058
3.8602
3.7442
4.0406
3.5282
3.6712
3.8106
3.7226
3.8988
3.7752
3.6413
3.5111
3.7144
3.5796
3.9729
3.7275
3.6609
3.9032
3.9908
4.1533
4.0080
4.2226
3.7957
3.8727
4.0133
4.0555
3.6983
3.9168
3.8185
3.8067
3.6886
3.9413
3.8912
3.7597
3.9587
3.7302
3.8868
3.7828
3.8111
3.9101
3.5014
3.6643
3.7049
3.6001
3.9167
3.9869
3.9397
3.6402
3.9049
3.8248
3.8480
3.8739
3.6928
3.8073
3.4532
3.5985
3.3442
3.7183
3.4818
3.5813
3.8524
3.7210
3.6025
3.8582
3.7199
3.9265
3.8469
3.8276
3.6643
3.6014
3.8032
3.5907
3.8947
3.6933
3.5744
3.9490
3.8596
4.0948
3.9883
3.8227
4.0101
3.8676
3.5468
3.7223
3.4455
3.6269
3.4418
3.8799
3.4204
3.5000
3.5378
3.7394
3.3108
3.5177
3.3286
3.4510
3.5097
3.5949
3.5088
3.5980
3.4974
3.6090
3.6802
3.6349
3.6108
3.6673
3.7031
3.5254
3.4505
3.5691
3.5294
3.6493
3.7353
3.4729
3.4338
3.4231
3.5260
3.5062
3.3637
3.3017
3.6705
3.6887
3.5514
3.7598
3.8180
3.9275
3.8699
3.8643
3.8815
3.8217
3.7731
4.0349
3.9374
3.9016
4.1510
3.9194
3.7413
3.8517
3.5695
3.8504
4.0884
3.8714
3.8495
3.9278
3.9492
3.8789
3.8323
4.0688
3.7075
3.6994
3.9157
3.6165
3.6133
3.5435
3.7596
3.6175
3.5676
3.5630
3.8472
3.5007
3.7036
3.6282
3.7096
3.7418
3.7004
3.3407
3.5129
3.7978
3.8465
3.9722
3.9737
3.8672
3.7257
3.6823
4.0394
3.8517
3.7342
3.7715
3.7591
3.5810
4.0661
4.0858
3.6244
3.7725
4.0542
3.7768
3.9078
4.0229
3.9409
4.0460
3.8722
3.7291
3.7083
3.8465
3.6464
3.7264
3.7689
3.7748
4.1062
4.2563
3.9078
3.7544
3.9827
3.6443
3.7685
3.7692
4.0712
3.9029
4.1166
4.0068
3.8424
4.0387
4.3273
3.9287
4.2007
3.9281
4.0657
3.9828
3.9940
4.0399
3.8909
3.9091
3.9946
3.9760
4.1538
3.9952
3.9757
4.0456
3.7475
3.6925
3.9775
3.8797
3.8159
3.9185
3.9286
3.7750
3.6005
3.8028
3.6754
3.7118
3.6660
3.7775
3.6908
3.9243
3.7089
3.6244
3.6971
3.8062
3.6601
3.7570
3.7178
3.6305
3.9592
3.5455
3.5800
3.4930
3.5889
3.7699
3.6107
3.7257
3.7251
3.7091
3.7395
3.7220
3.5646
3.7576
3.8559
3.6171
3.8550
3.8717
3.7107
3.6214
3.6221
3.7673
3.6310
3.9303
3.8947
3.8273
3.8906
3.8083
3.9808
3.7762
3.8219
3.6562
3.5720
3.7054
3.9191
3.8260
3.7256
3.8289
3.9310
3.8911
3.7435
3.7863
3.6688
3.8349
3.5528
3.6405
3.4474
3.6438
3.6906
3.8088
3.9881
3.7361
3.3531
3.5384
3.5685
3.5841
4.0291
3.9371
3.9038
3.9188
3.7329
3.7829
3.6441
3.9757
4.0435
3.8974
3.5989
3.5964
3.8939
3.7547
3.6827
3.5049
3.8960
4.0695
4.1554
3.8272
3.8725
3.7937
3.9321
3.9306
3.8051
3.8048
3.6521
3.7250
3.9168
3.9559
3.6393
3.7929
3.7632
3.5964
3.7797
3.5767
3.5925
3.5812
3.7506
3.6265
3.6192
3.7327
3.6701
3.7336
3.9018
3.7561
3.6373
3.8968
3.8784
3.8224
3.8411
3.4968
3.6197
3.3847
3.7575
3.3811
3.5990
3.6160
3.7039
3.5372
3.5261
3.3469
3.4885
3.4888
3.9060
3.6932
3.6927
3.6735
3.6592
3.4136
3.5134
3.5387
3.6446
3.4814
3.5569
3.4933
3.4846
3.6220
3.7557
3.9813
3.7583
3.6548
3.8545
3.6617
3.8446
3.5401
3.9156
3.8054
3.6894
4.0293
3.9125
3.6127
3.7212
3.4879
3.6345
3.5272
3.4930
3.5332
3.3804
3.4954
3.3986
3.3558
3.5747
3.5192
3.6981
3.7746
3.4554
3.7469
3.4681
3.5098
3.3467
3.5529
3.3001
3.4555
3.3709
3.5015
3.4470
3.4669
3.4189
3.5680
3.4067
3.4809
3.3433
3.4056
3.7520
3.3665
3.3672
3.7402
3.1758
3.4488
3.6726
3.4110
3.6703
3.5050
3.4623
3.5021
3.6127
3.4263
3.2674
3.2745
3.3874
3.3658
3.5722
3.3823
3.5362
3.4402
3.1578
3.2473
3.3812
3.3660
3.5236
3.3392
3.3738
3.2449
3.5987
3.5372
3.6041
3.9324
3.8539
3.7862
3.7698
3.6965
3.5919
3.5655
3.7452
3.5236
3.4994
3.4898
3.2826
3.3250
3.4626
3.4890
3.4475
3.4144
3.2316
3.3239
3.6766
3.3047
3.5847
3.8112
3.8397
3.5670
3.7020
4.0194
3.7193
3.5870
3.5038
3.4434
3.7540
3.7463
3.8138
3.7251
3.9092
3.6945
3.6788
3.7378
3.6156
3.5285
3.6275
3.8287
3.6685
3.6715
3.7025
3.5295
3.6887
3.9190
3.7211
3.8707
3.7471
3.8560
3.7249
3.7596
3.6777
3.7705
3.5885
3.5257
3.6672
3.7904
3.5584
3.4060
3.4298
3.5881
3.6736
3.6860
3.6835
3.5956
3.4176
3.7598
3.4717
3.5728
3.5671
3.3241
3.2760
3.5061
3.5640
3.4432
3.6011
3.5959
3.2504
3.2583
3.4047
3.4575
3.6487
3.4860
3.1860
3.4918
3.9000
3.5081
3.7141
3.6173
3.7777
3.5148
3.5741
3.6641
3.6294
3.9057
3.7407
3.7523
3.6327
3.9301
3.4992
3.5920
3.7263
3.6830
3.7932
3.7833
3.9680
3.5628
3.8970
3.6080
3.6251
3.8694
3.6248
3.8552
3.7451
3.7699
3.7296
3.5558
3.4505
3.4710
3.5349
3.5924
3.4132
3.4605
3.2996
3.2391
3.5390
3.6545
3.6100
3.6672
3.7150
3.8078
3.6748
3.7454
3.8029
3.7502
3.8506
3.4658
3.7359
3.6244
3.9087
3.8117
3.7256
3.6550
3.7800
3.8520
4.3427
3.7972
3.5852
3.7282
3.5614
4.0656
3.5908
3.6431
3.6918
3.6872
3.6327
3.6137
3.7981
3.8093
3.5572
3.8451
3.5799
3.7876
3.8361
3.9691
3.4713
3.7874
3.8647
3.8376
4.0675
3.8883
4.2932
3.9244
3.6895
3.6799
3.7308
3.7954
3.6323
3.5355
3.6859
3.8765
3.4787
4.0309
3.9187
3.8463
4.0587
3.7887
3.5266
3.5246
3.7825
3.5899
3.6352
3.6445
3.5983
3.6403
3.7663
3.5302
3.7770
3.7925
3.8391
3.8260
3.6166
3.7026
3.7239
3.6691
3.5887
3.5594
3.6170
3.7669
3.5689
3.7009
3.7270
3.6904
3.6896
3.7808
3.6372
3.8270
3.5939
3.7465
3.8572
3.6651
3.9005
3.8253
3.8000
3.5255
3.4314
3.4278
3.7846
3.7242
3.7927
3.5818
3.7346
3.6661
3.6628
3.7448
3.5852
3.7422
3.6022
3.5692
3.8165
3.6846
3.5832
3.6968
3.7692
3.4812
3.4519
3.6995
3.5802
3.5739
3.8899
3.6923
4.0557
4.0254
3.7137
3.8626
3.8839
3.7799
3.7599
3.5678
3.7931
3.5619
3.6740
3.8055
3.5537
3.5555
3.3332
3.5473
3.6257
3.5109
3.4511
3.7122
3.6699
3.7954
3.5990
3.5547
3.6304
3.7367
3.8316
3.7531
3.8861
3.4106
3.4669
3.7296
3.8526
3.8279
3.6417
3.6832
3.5466
3.5651
3.7741
3.7894
3.6561
3.4860
3.5428
3.3808
3.3936
3.4611
3.2993
3.3823
3.7584
3.6876
3.6886
3.4814
3.6650
3.4498
3.9297
3.6604
3.6991
3.4436
3.4350
3.8645
3.9262
4.1195
4.2194
3.9041
3.7498
3.7989
3.8182
3.7969
3.8690
4.0032
3.9985
3.6790
3.8475
3.7068
4.0052
3.8467
3.8750
4.0374
4.2395
3.9504
4.0885
3.8785
4.2111
4.1012
4.2001
3.7796
3.9800
3.9319
3.7143
4.2155
3.8188
3.8987
3.4684
3.6255
3.5583
3.5280
3.8500
3.5054
3.5816
3.5514
3.4556
3.4388
3.2937
3.4538
3.6152
3.7546
3.5554
3.7801
3.5137
3.4470
3.7394
3.4770
3.9654
3.5283
3.4742
3.4509
3.2244
3.4769
3.5977
3.5879
3.5691
3.5063
3.5978
3.4506
3.6655
3.6852
3.5295
3.2793
3.7343
3.5193
3.5810
3.6871
3.5215
3.6942
3.8654
3.7686
3.7973
3.6335
3.6454
3.6923
3.9590
3.7037
3.6155
3.7025
3.5768
3.6593
3.7556
3.7386
4.0944
3.9150
3.9178
4.1784
3.8293
4.1710
3.7363
3.8796
4.0212
3.9759
4.0422
4.1247
3.6853
3.8995
3.5661
3.7150
3.4358
3.8824
3.7293
3.7606
3.7192
3.7478
3.7161
3.7307
3.7918
3.6591
3.8484
3.5663
3.5985
3.8581
4.0079
3.6199
3.9393
3.8041
3.5761
3.5355
3.7979
3.9134
3.7625
3.3749
3.8375
3.6646
3.9393
3.5799
3.5864
3.8996
3.8433
3.5798
3.7059
3.4144
3.5551
3.5335
3.6523
3.4322
3.5562
3.5823
3.3843
3.4614
3.5112
3.8653
3.5509
3.5800
3.8774
3.5649
3.6752
3.4101
4.0222
3.9162
3.7769
3.3606
3.6520
3.6961
3.5738
3.6832
3.5052
3.9573
3.7068
3.7882
3.5113
3.4633
3.8146
3.4331
3.7360
3.4268
3.5676
3.6644
3.4093
3.3672
3.3239
3.5156
3.5185
3.6191
3.2951
3.2955
3.5729
3.8479
3.6469
3.5847
3.5665
3.5321
3.8148
3.6017
3.6210
3.7065
3.7169
3.8037
3.9126
3.6861
3.5998
3.4132
3.5251
3.5584
3.8325
3.7313
3.6867
3.5211
3.9713
3.5030
3.5793
3.6591
3.6365
3.7139
3.5962
3.9175
3.6388
3.8956
3.6284
3.5947
3.6532
3.5798
3.7568
3.7239
3.5895
3.6092
3.8619
3.4881
3.7957
3.5955
3.8344
3.5325
3.7105
3.4517
3.3675
3.5322
3.6331
3.6944
3.8060
3.7597
3.8411
3.4909
3.6059
3.7159
3.5196
3.6603
3.6058
3.7374
3.5038
3.3813
3.5038
3.8291
3.7609
3.6238
3.6848
3.6491
3.8561
3.4295
3.8074
3.5295
3.4116
3.7307
3.4174
3.7572
3.5108
3.7241
3.6636
3.7127
4.0037
3.6745
3.3306
3.6189
3.6988
3.9360
3.5750
3.7739
3.9450
3.6661
3.8629
3.9293
3.6398
3.8791
3.6401
3.4660
3.6051
3.6765
3.7660
3.8006
4.1041
4.0307
4.1540
4.0093
3.8801
4.1261
3.7982
3.9385
3.9645
3.7877
3.6304
3.6182
3.5141
3.2383
3.4895
3.4938
3.6248
3.5511
3.7446
3.6553
3.4837
3.4696
3.5996
3.5241
3.5149
3.5721
3.8877
3.7209
3.7362
3.6936
3.7573
3.6037
3.8031
3.7839
4.0839
3.7711
3.7618
3.9221
3.7929
3.5895
3.9663
3.7708
3.6497
3.4967
3.8076
3.7077
3.6520
3.4869
3.3787
3.3843
3.1181
3.2562
3.4750
3.6333
3.3548
3.4234
3.4226
3.4190
3.7908
3.6691
3.4943
3.5888
3.4318
3.5272
3.6449
3.5951
3.7356
3.4420
3.8911
3.5356
3.5125
3.5094
3.8666
3.9151
3.6986
3.7350
4.0299
3.7776
3.8197
3.7717
3.7582
4.1470
4.0274
3.9371
3.7632
3.7629
3.9949
3.7128
3.5131
3.5137
3.6289
4.0096
3.5010
3.4506
3.7403
3.5935
3.5110
3.6646
3.5892
3.5050
3.4998
3.6820
3.4555
3.7065
3.8840
3.6739
3.4742
3.5427
3.7154
3.6322
3.6843
3.8972
3.6976
3.8648
3.7172
3.6349
3.7375
3.7011
3.4910
3.5008
3.5048
3.8076
3.6357
3.5168
3.8627
3.7843
3.5739
3.6870
3.7126
4.0632
3.8049
3.7781
4.1055
4.0574
3.9736
3.8351
3.8144
3.6820
3.8469
3.7793
3.9274
3.9979
3.8589
4.1979
3.9318
4.1134
4.0038
4.1352
3.9533
3.9378
3.9155
3.8038
3.7457
3.4601
3.8944
3.9668
4.2365
3.6645
3.5585
3.4099
3.3906
3.5360
3.4865
3.5571
3.6549
3.5907
3.5314
3.3146
3.5296
3.3710
3.6291
3.6738
3.6081
3.8523
3.3971
3.3958
3.5441
3.8144
3.4347
3.6735
3.6471
3.7875
3.8164
3.6531
3.7789
3.5782
3.6722
3.3560
3.5974
3.6999
3.5815
3.4887
3.5228
3.5075
3.5643
3.7397
3.4922
3.6184
3.7604
3.7184
3.4150
3.3768
3.5427
3.4529
3.4593
3.4468
3.5615
3.5589
3.7533
3.7904
3.8916
3.7250
3.7740
3.7156
3.5136
3.5640
3.6673
3.7025
3.7334
3.6431
3.6291
3.8170
3.7798
3.6526
3.8526
3.6248
3.5197
3.6062
3.7671
3.3495
3.5332
3.4238
3.7978
3.7719
3.5407
3.6563
3.7897
3.6025
3.7296
3.4524
3.6774
3.5425
3.6909
3.7443
3.5709
3.7432
3.4845
3.8020
3.6238
3.9189
3.9943
3.8531
3.9715
4.1839
3.8733
3.9542
3.8819
3.9128
3.5542
3.7386
4.0263
3.6820
3.7921
3.5167
3.8521
3.7678
3.6988
3.4317
3.5905
3.8106
3.6541
3.6010
3.5609
3.9693
3.4128
3.4136
3.5386
3.7691
3.4748
3.3975
3.5577
3.6599
3.7022
3.2826
3.4095
3.4932
3.4550
3.4181
3.4708
3.3793
3.5545
3.6722
3.6068
3.6984
3.6102
3.6866
3.3882
3.4702
3.4714
3.6254
3.4385
3.6076
3.5301
3.7309
3.9103
3.5989
3.4663
3.6368
3.5317
3.7090
3.6215
3.8096
3.7939
3.7201
3.9626
3.8572
3.6533
3.9216
3.8950
3.5742
3.5641
3.5976
3.5746
3.8342
3.7228
3.6617
3.7404
3.6126
3.6842
4.0507
3.9489
3.8901
3.5986
3.8698
3.8688
3.8454
3.9245
3.7297
3.9657
3.8000
3.6530
3.7483
4.0290
3.7323
3.7901
3.5458
3.5180
4.0802
3.7643
3.7610
3.8326
3.8142
3.9770
4.0002
4.0322
3.8698
3.8761
3.8806
3.8291
3.9899
3.6945
3.6446
3.8294
3.9309
3.8116
3.7478
3.8347
3.9152
3.6589
3.9004
3.5107
3.8757
3.9277
3.7242
3.5893
3.7193
3.7357
3.5594
3.7225
3.7726
3.7702
3.7894
3.5876
3.6091
3.6347
3.5310
3.8276
3.8110
3.7503
3.6156
4.0376
4.0873
3.7154
3.9590
3.5913
3.8997
3.4816
3.5261
3.5114
3.5636
3.4978
3.4811
3.4406
3.3784
3.3893
3.4138
3.3983
3.5039
3.6126
3.5375
3.6172
3.5698
3.6048
3.8856
3.5364
3.4581
3.6744
3.4638
3.5069
3.4525
3.6553
3.5759
3.7134
3.8143
3.6410
3.7232
3.4240
3.5786
3.7930
3.9427
4.0020
3.6625
4.0208
3.9917
3.9088
3.8215
3.8701
3.6628
3.8331
3.9122
3.7535
3.8835
4.0046
3.5646
3.8737
3.9827
3.9374
3.7931
3.8693
3.9748
4.0708
3.9341
3.8397
3.9386
3.9308
4.1212
3.6893
3.9332
3.5523
3.7330
3.7404
3.8426
3.9128
4.0835
4.0253
3.9841
3.6982
3.6054
3.7430
3.8417
3.9494
3.7019
3.7194
3.5663
3.5766
3.5604
3.4153
3.6955
3.6278
3.8881
3.7021
3.5928
3.7029
3.5499
3.5378
3.5228
3.5053
3.6292
3.7103
3.5366
3.4668
3.4069
3.3862
3.3255
3.2383
3.1543
3.5995
3.4124
3.5107
3.6389
3.4371
3.2388
3.4989
3.5144
3.7162
3.5566
3.9043
3.7999
3.8007
3.7297
3.7525
3.8170
3.8056
3.9154
3.7887
3.8760
3.4813
3.6089
3.9393
3.6939
3.8735
3.9043
3.9241
4.3081
3.7567
4.1033
4.1105
3.8757
3.6846
4.2644
4.3195
3.9674
3.9677
3.9170
4.0450
4.2681
4.1625
3.6812
3.5959
3.6889
4.1572
4.1471
3.9555
4.0286
3.9138
3.8966
3.6693
3.5145
3.9889
3.9327
4.1083
3.7754
3.9213
3.8492
3.9346
3.9641
3.9478
3.7947
3.8334
3.8039
3.7167
3.6725
3.6541
3.5069
3.7764
3.7238
3.6880
3.6440
3.7837
3.7158
3.6637
3.6625
3.8271
3.9358
3.6942
3.8371
3.6923
3.6394
3.7599
3.5631
3.7712
3.6654
3.7322
3.5996
3.6753
3.6340
3.6829
3.6559
3.4369
3.7646
3.7713
3.7075
3.6439
3.8196
3.8237
3.4881
3.6164
3.3181
3.5628
3.5260
3.5577
3.3149
3.5767
3.4715
3.7709
3.7421
3.9414
3.6123
3.4039
3.4083
3.6558
3.5599
3.6964
3.5806
3.4191
3.7393
3.6767
3.6125
3.5424
3.5917
3.6734
3.8447
4.1351
4.0564
3.8542
3.8260
3.6884
3.7531
3.6928
3.8325
3.9434
3.8427
3.9804
3.9725
3.6469
3.9257
3.9391
3.9187
3.8534
3.9982
4.0046
3.8982
3.6724
3.4389
3.6366
3.7913
4.2238
3.7638
4.0375
4.0098
3.8853
3.9648
4.3009
4.3339
4.0893
4.1216
3.9341
3.9585
4.0762
4.1702
3.9849
3.8400
4.0009
4.0775
3.9852
3.9211
3.9340
3.7494
3.5800
3.3562
3.8107
3.9917
3.7232
4.1167
3.8689
4.1454
3.6135
3.4337
3.6214
3.4914
3.5645
3.7445
3.7985
3.5053
3.7574
3.7054
4.0296
3.9937
3.5925
3.7031
3.4901
3.7500
3.7420
3.5452
3.7435
3.6126
3.8202
3.9444
3.5747
3.9477
3.5423
3.8591
3.8244
3.5205
3.4647
3.5751
3.6826
3.7775
3.7283
3.8855
3.4580
3.9476
3.7454
3.6012
3.6494
3.7522
3.9106
3.8215
3.5984
3.6275
3.6692
3.6931
3.5112
3.6792
3.8808
3.7100
3.5807
3.8493
3.7712
3.7406
3.6177
3.4912
3.5583
4.0821
3.6558
3.6188
3.5789
3.6267
3.4483
3.5970
3.5614
3.7474
3.6144
3.5380
3.7611
3.5629
3.7976
3.8615
3.6762
3.7319
3.7503
3.5124
3.7545
3.8087
3.7643
3.5820
3.6574
3.6549
3.6284
3.7456
3.9274
3.6079
3.6276
3.8574
3.9075
3.8027
3.4572
3.8533
3.7863
3.8840
3.7614
4.0212
4.0799
3.7938
4.1184
4.0946
4.2553
3.6705
3.6923
3.7774
3.9064
3.6610
3.5930
3.8161
3.7015
3.8892
3.7833
3.6574
3.5968
3.4198
3.5772
3.5949
3.5626
3.8338
3.6882
3.8404
3.8361
3.5808
3.6911
3.9577
4.0729
3.9504
4.0054
4.0481
3.7750
3.8185
3.6454
4.0170
3.7265
3.6919
3.8021
3.9202
4.0270
3.7580
3.3446
3.7985
3.4109
3.9258
3.3978
3.5737
3.5169
3.6187
3.6064
3.4637
3.6573
3.4069
3.5860
3.4790
3.6161
3.5909
3.4143
3.6676
3.6814
3.6160
3.6393
3.6742
3.4027
3.7203
3.0884
3.1500
3.3993
3.4944
3.5062
3.5324
3.6149
3.4032
3.4809
3.6300
3.8429
3.7948
3.8097
3.5120
3.4172
3.4275
3.3679
3.6604
3.5907
3.9741
3.8988
3.6516
3.9822
3.5731
4.0652
3.6125
3.6692
3.5547
3.5679
3.7358
3.7160
3.6083
4.0014
3.7549
3.4818
3.5054
3.3512
3.3821
3.2901
3.6008
3.6700
3.7136
3.4818
3.4755
3.3889
3.4580
3.5309
3.8426
3.6003
3.6663
3.5103
3.6178
3.3874
3.6376
3.2236
3.7014
3.3882
3.3795
3.3014
3.7278
3.8301
3.6437
3.7272
3.6077
4.0105
3.5570
3.6977
3.7979
3.4633
3.8258
3.5676
3.7873
3.6036
3.6756
3.5463
3.7859
3.6734
3.3107
3.5606
3.7621
3.5709
3.8103
3.7115
3.8088
3.6951
3.8587
3.6030
3.5660
3.8485
3.9187
3.6363
3.7801
3.8612
3.6027
3.6918
3.5280
3.6638
3.7174
3.9983
3.8475
3.8339
3.6331
3.3353
3.5388
3.7093
3.8154
3.7118
3.6058
3.4871
3.3547
3.5970
3.4521
3.7285
3.4882
3.6698
3.6638
3.5389
3.6442
3.5525
3.5897
3.4202
3.6189
3.4527
3.6616
3.4913
3.4686
3.5821
3.7545
3.5482
3.5407
3.3530
3.2450
3.5978
3.6495
3.5670
3.6599
3.6252
3.7626
3.5292
3.3649
3.3536
3.3726
3.3172
3.4089
3.2372
3.3139
3.3324
3.3017
3.3709
3.3736
3.4995
3.2870
3.2801
3.2347
3.1219
2.7861
3.2757
3.4064
3.2001
3.2908
3.1074
3.1168
3.3088
3.2374
3.3791
3.2962
3.0809
3.1483
2.9793
3.5625
3.6113
3.5767
3.6489
3.5847
3.8144
3.7098
3.4843
3.6746
3.4739
3.5075
3.6015
3.4461
3.6145
3.8452
3.7331
3.8425
4.0108
3.5860
3.5661
3.6426
3.7161
3.6716
3.7905
3.7405
3.5203
3.3452
3.4990
3.5136
3.4637
3.7168
3.3839
3.4879
3.4585
3.5539
3.5858
3.4660
3.5093
3.4762
3.3803
3.5226
3.7383
3.6115
3.4134
3.5968
3.4569
3.4951
3.6180
3.5538
3.8199
3.6433
3.8956
3.6350
3.6350
3.4997
3.8039
3.7064
3.8711
3.8744
3.9084
3.7491
3.4958
3.6792
3.7153
3.6296
3.6551
3.5499
3.6925
3.5469
3.9225
3.9011
3.6725
3.8761
3.8524
4.1860
4.0508
4.0963
3.9455
3.9295
4.1549
3.9149
3.7114
4.1084
3.9426
3.9085
3.9163
4.0761
4.0145
3.5314
3.9450
3.9850
3.8491
4.0680
4.2849
3.9969
3.8265
3.7090
3.6183
4.1687
3.6608
3.9266
3.7644
3.6036
3.7655
3.6757
3.6883
3.6940
3.6850
3.7543
3.6203
3.7318
3.7230
3.8704
3.7468
3.8986
3.9313
3.8289
3.6800
3.6133
3.7364
3.8510
3.6561
3.7890
3.7697
3.7716
3.9544
3.8063
3.9606
3.9677
3.7801
3.8548
3.9318
3.9204
4.2335
4.0372
4.1148
3.9604
3.9922
4.0361
4.1355
4.0467
3.9777
3.7170
4.0127
4.0821
3.9027
3.9204
3.9264
3.9927
3.7842
3.7850
3.7898
3.7832
3.8649
3.7067
3.9250
3.8805
3.9460
4.1032
4.4515
4.4138
3.9739
4.4191
3.9284
3.8006
3.9803
3.8418
3.8540
3.4725
3.8419
3.7320
3.5433
3.8572
4.0036
3.9889
3.7908
3.7732
3.8719
4.0303
4.0468
3.9177
3.6424
3.8727
3.6782
3.6326
3.6978
3.6051
3.7000
3.7158
3.9599
3.8946
3.5732
3.8518
3.9712
3.7813
3.8196
3.5703
3.7718
3.7637
4.2007
4.0849
4.0650
3.8890
4.0466
3.8718
3.6198
3.5183
3.6883
3.7435
3.9946
4.2704
3.7901
3.8457
3.7486
3.7399
3.6937
3.6666
3.7457
3.7905
3.8226
4.1182
3.7542
4.0253
3.9268
3.9605
3.8948
3.9806
3.6881
3.8157
3.9213
3.6164
3.8549
3.9087
4.1093
3.9997
3.9585
3.8773
3.6754
3.6212
3.6829
3.8534
3.9580
4.0044
3.5529
3.7473
3.8682
3.9327
3.9157
4.0998
4.0809
3.9014
4.2230
3.9943
4.5060
4.4491
4.0459
3.8679
4.2057
3.8162
4.0096
4.0344
3.9779
3.8996
3.7725
3.8011
3.7429
3.5911
3.7547
3.9579
3.6118
3.8526
3.5449
3.2646
3.5818
3.3971
3.5717
3.8904
3.8174
3.9354
3.7927
3.6130
3.4021
3.3435
3.6580
3.8160
3.6332
3.5830
3.7777
4.1630
3.9047
3.8824
3.8901
3.6925
3.6083
3.9127
3.8339
3.9046
3.5300
3.5148
3.6399
3.6759
3.4601
3.6339
3.5031
3.8954
4.0789
3.8667
3.7841
3.7861
3.5311
4.1886
3.8825
3.8039
3.7158
3.5655
3.5508
3.7116
3.5505
3.7663
3.4986
3.5741
3.8850
3.7283
3.5582
3.6245
3.5181
3.5888
3.6931
3.6003
3.6751
3.7673
3.9728
4.0177
3.8377
3.6531
3.7901
3.9656
3.7366
3.4394
3.7277
3.5284
3.4391
3.7728
3.6561
3.6647
3.4238
3.4700
3.5607
3.7850
3.3746
3.6531
3.5910
3.3480
3.3393
3.3180
3.3336
3.4561
3.5068
3.6605
3.3902
3.5634
3.6423
3.4000
3.5343
3.5793
3.7698
4.0396
3.5717
3.9058
3.7346
3.5065
3.5069
3.7397
3.7202
3.7025
3.3753
3.4373
3.4777
3.6350
3.6499
3.4314
3.8174
3.7904
3.7224
3.8694
3.8141
3.6548
3.6471
3.7342
3.6794
3.6764
3.5224
3.5654
3.8011
3.7362
3.6631
3.5180
3.3007
3.4668
3.6310
3.7497
3.5146
3.5027
3.5087
3.6632
3.5570
3.4629
3.5543
3.5773
3.6102
3.6755
3.8283
3.8029
3.7963
3.8866
4.0337
3.9999
3.9970
4.1073
4.0255
4.0832
4.0937
4.0172
3.7166
3.6680
4.0927
3.6766
3.8152
3.5480
3.7366
3.8396
3.7927
3.8927
3.7161
3.5650
3.7666
3.4573
3.5759
3.4822
3.7020
3.5364
3.6000
3.8033
3.7262
3.5302
3.4821
3.5409
3.8355
3.8444
4.1375
4.2921
4.0121
3.7791
4.4678
3.9914
4.1762
4.0623
3.9723
3.8284
4.1553
4.2575
4.2311
4.3527
4.2384
3.9788
4.0021
3.9764
4.0093
4.1578
4.3364
4.4613
4.4183
4.4890
4.3978
4.2938
4.2154
4.4773
4.4725
4.3712
4.3699
4.2716
4.3304
4.5380
4.5534
4.3352
4.3882
4.1959
4.5736
4.4972
4.4878
4.4240
4.8321
4.5311
4.6767
4.6581
4.6765
4.6113
4.8980
4.9012
4.7268
4.5641
4.7135
4.5484
4.6748
4.3754
4.3132
4.3338
4.5200
4.3392
4.4973
4.5252
4.2777
4.5110
4.4335
4.5803
4.7472
4.6386
4.4489
4.7197
4.6769
4.8248
4.5937
4.6617
4.7862
4.4088
4.4233
4.0117
4.3321
4.4007
4.5214
4.7497
3.8781
4.3833
4.1658
4.1155
4.3827
4.4692
4.6318
4.3194
4.2397
4.0141
3.8743
4.0065
3.8416
3.4356
3.5245
3.2195
3.4564
3.4587
3.7239
3.4698
3.3589
3.3978
3.4971
3.6836
3.6542
3.6799
3.6539
3.8322
3.7973
3.9329
3.8464
3.6995
3.7284
3.7965
3.8869
3.7693
3.8930
3.6457
3.9771
4.0659
3.9993
3.9286
3.8543
3.4958
3.7885
3.6354
3.9127
3.6611
3.7006
4.0033
3.8611
3.7784
3.9835
3.8800
3.7552
3.7090
3.7311
3.6618
3.6973
3.5664
3.7652
3.6076
3.6228
3.4267
3.9441
3.5428
3.7262
3.4822
3.7737
3.6709
3.8234
3.6798
3.6207
3.6522
3.9217
3.8653
4.0706
4.0100
3.8556
3.9718
3.8199
3.8278
3.7582
3.7006
3.9302
3.7874
3.6984
3.7257
3.9173
3.7516
3.5316
3.7164
3.5343
3.5589
3.5042
3.6360
3.7617
3.4672
3.5258
3.7550
3.7512
3.6883
3.9366
3.5704
3.7588
3.6555
3.6851
3.6453
3.6183
3.5377
3.4502
3.4665
3.6738
3.6296
3.5638
3.6828
3.7228
3.7323
3.4243
3.6113
3.7167
3.6167
3.7293
3.8681
3.7887
3.7725
3.6736
3.6564
3.8637
3.6450
3.6210
3.6390
3.5641
3.7104
3.6320
3.6536
3.7191
3.5083
3.7127
3.5541
3.6746
3.6019
3.7759
3.7520
3.6929
3.7303
3.6639
3.7902
3.6072
3.8253
3.8711
4.0462
4.1755
3.8244
3.8635
3.8947
3.6217
3.6981
3.8917
3.7464
3.8721
3.8469
3.7592
3.8521
3.6878
3.8120
3.7275
3.8971
3.8740
3.4707
3.7315
3.7983
3.9378
3.8810
3.6518
3.9792
4.0480
3.9860
3.9024
3.8408
4.0510
3.7913
3.9172
3.6918
4.0149
3.8261
3.9293
3.7628
3.9460
3.8229
3.7619
3.5735
3.5990
3.9071
3.7190
3.7190
3.7641
3.9468
4.0142
3.7508
3.6700
3.6439
3.9046
3.6044
3.7612
3.6182
3.9481
3.7236
3.7451
3.7430
3.7627
3.5963
3.4806
3.9681
3.9343
3.8672
3.7941
3.7545
3.7407
3.8328
3.8014
3.6049
3.6864
3.4778
3.4309
3.7616
3.4813
3.4345
3.5472
3.6408
3.7187
3.7200
3.5735
3.3159
3.6887
3.7235
3.7074
3.6245
3.6214
3.5907
3.7917
4.2332
4.1923
4.0268
4.4095
4.4208
4.5368
4.6448
4.6267
4.5231
4.1766
4.2079
4.0893
3.7941
3.9844
3.7870
3.7809
3.8843
3.8896
3.8413
3.9641
3.7874
3.8390
3.9591
4.0132
4.0300
4.0169
3.5825
3.6779
3.8672
3.9124
4.2701
3.9785
4.0872
4.2572
4.2248
4.2968
3.8862
4.0825
4.1403
4.1327
3.7893
3.8819
3.8237
3.8488
3.7832
3.9727
3.7026
3.8978
3.6465
3.6428
3.7424
3.5940
3.3913
3.6174
3.5263
3.6655
3.7579
3.7159
3.8780
4.0947
3.6620
3.8264
4.1920
4.2227
4.2108
4.1127
3.9930
4.0899
4.2946
4.1606
4.1342
4.4286
4.3725
4.2037
4.2906
4.1079
4.0770
4.3574
4.0858
3.8970
4.2210
4.1326
4.1789
3.8263
4.2853
4.2915
4.0429
4.2410
4.3651
4.1101
4.4401
4.0362
4.1922
4.0215
3.9678
4.0494
4.2532
3.9264
4.0503
4.2728
3.9834
4.4588
3.9653
4.2038
4.2462
4.1367
4.2788
3.8893
4.2428
4.0506
4.2537
4.2234
4.4280
4.0958
4.1814
4.1805
3.8220
4.2367
4.0142
4.0133
4.1524
3.9902
3.9919
4.0386
3.7555
3.8721
3.9567
3.9045
3.9336
3.8093
3.9798
3.9555
3.9521
3.7955
3.5732
3.9639
4.1567
4.0870
4.2022
4.0752
4.5372
4.2385
4.2122
3.8810
4.1194
4.0003
4.3354
4.2158
4.1641
4.3132
4.0139
4.0543
3.7497
4.0637
3.8103
4.0503
4.1935
3.9974
3.7846
3.8900
4.1191
4.0786
3.9169
4.1975
3.9240
3.9611
4.0043
3.7310
3.7169
3.4782
4.0058
3.8678
3.8990
3.9966
3.9387
4.0782
3.8148
4.1210
3.9519
3.8195
3.9843
3.8997
3.8807
3.7135
3.8119
3.9464
3.8258
3.8258
3.5938
4.1396
3.8674
4.2386
4.0264
4.0784
3.9676
3.9665
4.1720
3.7700
4.0070
3.7486
3.8283
3.6034
4.2134
3.7153
3.9642
3.9344
3.7932
3.8996
3.9734
3.9629
4.0029
4.0394
4.0579
4.2743
4.2042
3.9519
3.9101
3.8218
4.1074
3.8937
4.2327
4.1412
3.8630
3.8375
4.1455
4.2451
3.7659
3.8215
3.8963
3.7687
3.9491
3.6984
4.0655
3.7817
3.6477
3.8087
3.9336
3.8854
4.0302
3.6744
3.9089
4.1117
3.8558
3.9667
3.8853
3.9785
4.0537
3.7880
4.2353
3.9441
3.8703
3.9536
3.7880
3.9529
3.9118
4.0967
4.2636
4.1496
4.1973
4.1476
4.0182
4.0585
3.8425
4.0081
3.7381
3.9007
3.7905
3.7847
3.7794
3.9815
3.9252
3.8308
3.8320
4.0706
3.9980
3.8305
3.9166
3.9402
3.9236
4.0570
3.8706
4.0143
4.0565
4.0368
3.9939
3.9220
4.1228
4.1639
4.0340
3.9161
4.0610
3.8987
4.0083
3.8995
3.7906
3.8421
3.9255
3.6911
3.7413
3.9913
4.1643
3.8009
3.7415
3.9711
3.8540
3.7902
3.8452
3.8665
3.7237
3.6052
3.9290
3.6657
3.8373
3.7395
3.7312
3.7649
3.5216
4.0616
3.7452
3.5229
3.5081
3.5002
3.5696
3.6416
3.4102
3.5391
3.4910
3.8319
3.8133
3.6746
3.5656
3.6728
3.6995
3.8747
3.8875
3.5512
3.6304
3.8178
3.6812
3.6645
3.6850
3.9054
3.6770
3.5342
3.6507
3.8297
3.6766
3.6286
3.5971
3.7446
3.8263
4.0308
3.8153
3.8083
3.7746
3.6564
3.5505
3.7554
3.7265
3.6831
3.6313
3.8515
3.9012
3.7923
3.6328
3.6271
3.8137
3.5718
3.6187
3.7153
3.6628
4.0734
3.9016
3.6788
3.6938
3.8927
4.0392
3.8205
3.6501
3.9663
3.9335
4.0755
3.6964
4.0617
4.0123
4.0571
4.0072
3.9706
3.9748
3.8226
3.8566
4.0537
4.0652
4.0342
3.9782
4.1187
4.0073
4.1739
4.2539
4.2977
3.9498
3.9365
3.8519
4.1565
3.8810
3.9110
4.1762
4.1194
3.9188
4.4632
4.1392
3.9440
4.2116
4.0552
4.1827
3.9693
3.8563
3.8495
3.7532
3.9467
3.8446
3.9849
3.9083
4.0061
3.9373
3.6597
3.9165
3.9807
4.1654
4.4452
4.2004
4.1653
3.9425
3.8330
3.8365
3.8351
3.9553
3.9609
3.8139
4.0214
3.7976
4.0276
3.9399
4.0993
3.5206
3.6344
3.6755
3.2678
3.3760
3.2540
3.6607
3.7291
3.8038
3.5844
3.8178
3.8689
3.7436
3.7364
3.9091
3.7421
3.5261
3.8185
3.4398
3.6223
3.7868
3.7653
3.7540
3.5899
3.6996
3.6788
3.7898
3.6608
3.7303
3.6096
4.0041
3.9398
3.7080
3.6638
3.7051
3.7192
3.6776
3.7289
3.6452
3.7022
3.5301
3.7525
3.6815
3.7526
3.6158
3.6258
3.5454
3.7802
3.6730
3.5631
3.7311
3.4335
3.5944
3.5355
3.6274
3.5366
3.7286
3.6274
3.8503
3.7754
3.7995
3.8096
3.7883
4.0022
3.5044
4.0197
3.9661
3.8722
3.9188
4.2429
4.2863
4.0022
3.7987
3.9772
3.8852
3.9373
3.8743
4.0066
3.9588
4.0182
4.2682
4.0824
4.0592
3.8647
4.1759
4.1001
3.9349
4.1276
4.0529
4.0487
4.0568
3.8057
4.1076
3.9773
3.8962
3.9138
4.0396
3.9267
4.1881
3.9798
4.0956
3.8236
4.0103
3.8614
3.9167
3.8791
3.6370
3.8184
3.8513
3.6859
3.9190
3.8195
3.9052
3.7372
3.7395
4.0007
3.6972
3.7541
3.6364
3.8034
3.9507
4.0285
3.8393
3.7551
3.5969
3.9275
3.8737
4.0717
4.0417
4.0209
3.9340
3.7467
3.7444
3.7566
3.8577
3.6232
3.4537
3.4539
3.8661
4.0004
3.9914
3.8474
3.9837
3.8632
3.7670
4.1446
3.8882
4.0516
3.8473
3.8988
3.8404
3.7461
3.7614
4.0498
3.7072
3.7141
3.7135
3.7547
3.5236
3.7213
3.7470
3.9588
3.8788
3.6831
3.7886
4.0529
3.3589
3.3651
3.3879
3.3277
3.4023
3.3174
3.8331
3.6830
3.5321
3.5458
3.6753
3.4581
3.3880
3.2667
3.7440
3.8511
3.6341
3.6743
3.6288
3.7323
3.7174
3.6528
3.6388
3.6633
3.5338
3.4903
3.5843
3.4408
3.4285
3.4598
3.5150
3.7242
3.4450
3.8879
3.8232
3.6713
3.6413
3.5676
3.8393
3.8052
3.8890
4.0034
3.9545
3.8397
3.5804
3.5101
3.8052
3.6961
3.4982
3.8472
3.5206
3.4895
3.6909
3.4740
3.4315
3.5752
3.3156
3.5149
3.6331
3.4333
3.6795
3.7072
3.5015
3.7674
3.8437
3.8215
3.8859
4.0851
3.9069
4.1852
4.1026
3.6705
3.8535
3.9111
3.6428
4.1039
3.7924
3.9077
3.9787
3.7331
4.1268
4.0636
4.1117
3.8652
4.1562
3.8316
4.0679
4.1553
3.8350
3.8247
3.7272
3.8448
3.7658
3.8967
3.8738
3.7618
3.6421
3.8682
3.6961
3.9521
3.5971
3.8144
3.9380
3.9304
3.7407
3.7994
4.1027
3.5886
3.8220
3.8979
3.8902
3.8322
3.9620
4.0387
3.6951
3.6932
3.7226
3.6654
4.0352
4.1190
3.8337
3.9819
4.2965
4.0515
3.8487
4.0692
3.9487
3.6283
3.8065
3.8193
4.1499
4.1295
4.5099
4.5010
4.3684
4.2548
4.3298
4.2613
4.0266
4.1800
4.2196
4.0128
3.9809
4.1199
4.0970
3.8103
4.1624
4.0380
3.9123
3.7828
4.1529
4.0405
4.0074
4.3403
3.9476
4.2373
4.4191
4.0214
4.4638
4.3169
4.4718
4.0998
3.9125
4.2516
3.9951
4.0074
3.9962
3.9223
3.8310
3.8220
3.8256
4.1484
3.9437
3.9304
3.6779
3.7714
3.5409
3.7143
3.7327
3.9175
3.6568
3.6303
3.6567
3.5295
3.6198
3.7449
3.2697
3.6236
3.5173
3.7240
3.8490
3.4973
3.5969
3.7014
3.7698
3.5007
3.3790
3.7073
3.5845
3.6793
3.8098
3.5291
3.5475
3.5315
3.2295
3.3887
3.3342
3.5048
3.4410
3.2993
3.3066
3.6595
3.4194
3.5509
3.2143
3.2211
3.2816
3.3887
3.3447
3.3822
3.3028
3.6910
3.5250
3.6788
3.5705
3.5608
3.6934
3.5897
3.5132
3.4542
3.4025
3.5053
3.3480
3.1589
3.2123
3.4055
3.1928
3.3337
3.2047
3.3757
3.4279
3.6401
3.5884
3.5064
3.5961
3.3980
3.5135
3.5258
3.4206
3.4083
3.4368
3.3138
3.3026
3.6528
3.5821
3.7571
3.7552
3.8606
3.6320
3.6780
3.7131
3.9653
3.8372
4.1287
4.3370
4.0007
3.8989
3.8003
3.7555
3.5858
3.7170
3.6837
4.0682
3.7308
3.7493
3.7563
3.8190
3.6112
3.9258
3.7541
3.7084
3.6315
3.5405
3.4781
3.3495
3.4492
3.4628
3.4373
3.4408
3.4070
3.3631
3.7079
3.4535
3.7554
3.5216
3.6373
3.6077
3.5066
3.5527
3.4421
3.6680
3.5878
3.6166
3.7256
3.6225
3.7090
3.7064
3.7231
3.6028
3.8448
3.5624
3.5718
3.6256
3.7445
3.6849
3.6569
3.7315
3.7732
3.8105
3.8136
3.9216
3.8445
3.9947
4.0098
3.9353
3.7973
3.6972
3.8275
3.9493
3.8440
3.7683
3.8232
3.7199
3.7986
3.7446
3.6640
3.6254
3.6429
3.8340
3.7364
3.7214
3.7705
3.7200
3.6489
3.7908
3.6972
3.9484
3.9727
3.9446
3.7562
4.0912
4.0572
3.9931
3.5925
3.8281
3.8310
3.8613
3.8170
3.7562
3.8439
3.7136
3.7161
3.7727
3.3403
3.7444
3.6340
3.6148
3.6812
4.0503
3.5156
3.8660
3.9598
4.0828
3.9196
3.7733
3.8239
3.8747
3.9176
3.9021
3.8826
3.5860
3.7207
3.7181
3.8072
3.5785
3.7658
3.9899
3.8026
3.5904
3.7077
3.7012
3.7245
3.8027
3.8975
3.7767
4.0913
4.0069
4.1771
4.1167
3.9903
4.0169
4.1344
4.0354
4.2295
4.1807
4.1892
4.1986
4.3018
4.1790
4.1672
4.0750
4.0142
4.0162
4.1865
4.0444
4.0653
4.0405
4.5413
4.4237
4.3993
4.1967
4.3318
4.4837
4.2500
3.9155
4.0374
4.0888
4.1854
4.1165
3.9961
3.8726
4.0414
4.0305
3.8538
3.9788
3.8990
4.2206
3.9778
3.7518
4.1209
3.9917
4.1490
4.1795
4.3610
4.2944
4.5371
4.2160
4.2724
4.2869
4.3644
4.3159
4.2334
4.1746
3.9868
4.0395
4.4005
4.2214
4.0981
4.4128
4.3487
4.1040
4.2489
4.1094
4.2390
4.1890
4.4184
4.1265
4.0913
4.1292
4.3616
4.4727
4.3633
3.9656
4.3250
4.4190
4.3503
4.2018
4.0440
4.1877
3.9671
4.3740
4.2676
4.1676
4.1055
4.1029
3.9665
3.9409
4.1684
4.0664
4.2339
4.2080
4.1209
4.0587
4.1147
4.0764
4.1241
3.9891
4.4188
4.1783
4.1771
3.8525
3.8354
4.0938
3.8261
4.0950
3.9553
4.0926
4.0321
3.9450
3.9142
4.1966
4.0619
3.8994
3.7394
3.7933
3.9096
3.7280
3.7725
3.6942
3.6326
3.8241
3.7330
3.6915
3.7704
3.8014
3.6766
3.8661
4.2295
4.1815
4.0232
3.7433
3.8297
3.9643
4.1266
3.6724
3.8600
3.5533
3.5925
3.8604
3.8777
3.9396
3.7930
3.7761
3.7962
3.8851
4.0156
3.8544
3.8873
3.7957
3.8112
4.0857
3.7073
4.1072
3.9061
3.8231
3.8818
3.9012
3.7154
3.8027
3.7637
3.7456
3.7707
3.8244
3.7703
3.8769
4.1042
3.8707
4.0196
3.9207
3.7148
3.8950
4.1654
3.8769
3.8598
3.9931
3.8929
3.8146
3.6742
3.8069
3.7241
3.6602
3.7583
3.9498
4.0139
3.7772
3.9776
3.8402
3.7317
3.6786
3.7994
3.6129
3.7867
3.8820
4.0181
3.8767
3.9242
3.8794
3.6812
3.6873
3.7495
3.7769
4.0141
3.9290
3.8073
3.6388
3.8519
3.5419
3.5217
3.4569
3.7162
3.6259
3.4473
3.6383
3.6400
3.5443
3.6482
3.9046
4.0056
3.9239
3.8882
3.7900
3.7825
4.0466
4.0949
3.8148
3.7319
3.9007
3.9249
4.0687
3.8295
3.9298
3.5620
3.5403
3.6984
3.9073
3.8113
3.6096
3.8802
3.9042
3.7890
3.8844
3.9071
3.8728
3.8308
3.8741
4.0195
3.8376
4.1058
3.9363
3.9306
4.0192
3.9400
3.7597
3.7387
3.5591
3.7014
3.4099
3.6458
3.6448
3.4239
3.8044
3.7279
3.8572
3.6930
3.6284
3.4746
3.7714
3.6606
3.8033
3.5346
3.8316
3.5600
3.5183
3.4835
3.7820
3.6651
3.9751
4.1174
4.0824
4.1644
4.0265
3.8704
4.0495
3.7112
3.7422
3.9296
3.6747
3.9209
3.7609
3.8486
3.8290
3.6800
3.9131
3.6290
3.8771
3.6556
3.9060
3.7481
3.9104
3.7955
4.1844
3.8494
3.7781
3.6310
3.6824
3.9328
4.0180
3.9177
4.0152
4.2557
4.0533
4.1594
4.1142
4.3013
4.0206
4.3094
4.1534
4.1247
4.0700
3.9453
4.1455
4.2168
4.2807
4.2738
4.1276
4.1709
4.3199
4.1011
4.0332
4.1007
4.1879
4.0554
3.9734
3.8608
4.0560
4.1905
4.3138
4.2451
4.1131
4.1873
4.4001
4.3266
4.2759
4.2151
4.4418
4.6338
4.3759
4.3651
4.3002
4.1942
4.2774
4.0869
4.1385
4.1749
4.4401
4.2503
4.1503
4.4577
4.2670
4.1709
4.1208
4.0759
4.2479
4.0010
4.1200
4.1971
4.3500
4.2534
4.2766
4.1468
4.3227
4.3496
4.1327
4.1908
4.1025
4.0848
4.1086
4.2235
4.1332
4.2244
4.0639
4.2914
4.0100
4.0417
4.1075
3.9918
4.1122
4.3547
4.3150
4.3989
4.1440
4.1555
4.3144
4.0038
4.0957
4.0035
4.0731
3.9777
3.7952
3.7555
3.9231
4.0760
4.0595
4.4117
4.2100
3.9887
4.1122
4.2426
4.1709
4.0225
4.0156
3.9344
3.7951
4.2465
4.1182
3.9650
3.8225
4.0229
4.0062
4.0500
3.9867
3.8501
3.9341
4.1343
3.9718
3.8130
3.9423
3.6938
4.1548
4.1022
4.3851
4.3562
3.9649
4.0573
4.1484
4.3563
4.0994
4.0339
3.7537
3.8821
3.9421
3.9465
4.0455
4.1315
4.1714
3.9878
4.0865
3.8418
3.7982
3.8324
4.0642
3.8253
3.7925
3.6452
3.8670
3.7186
3.9139
3.8063
4.1770
3.9491
3.9483
3.8836
3.8416
4.0627
4.0185
3.8404
3.8921
4.0347
3.8825
4.1930
4.3446
4.4416
4.3089
4.1888
4.2283
4.0974
4.1220
4.2307
3.8878
4.1343
3.9188
3.6971
3.8182
3.8159
3.7082
3.8353
3.3791
3.6383
3.5114
3.7557
3.9458
3.7235
3.9787
4.1792
4.2265
4.2731
4.6069
4.3272
4.4840
4.2261
4.4082
4.1795
4.3023
4.1902
4.1875
4.1586
3.9882
4.0165
3.8363
4.2962
4.4313
4.0475
4.2285
4.3045
4.3981
4.1710
4.2555
4.5555
4.5586
4.3746
4.0646
4.1291
3.9492
4.1992
4.5781
4.3117
4.2846
4.6402
4.6608
4.1707
4.3051
4.3107
4.3792
4.0019
4.3300
3.9946
4.2070
4.0843
3.9182
4.0690
3.9009
4.0742
4.0108
3.9934
3.8649
3.8345
3.8066
3.9003
3.7065
3.9917
4.2167
3.9518
4.3125
3.8131
3.8838
4.0680
3.8286
3.8395
3.9605
3.8951
3.9652
4.0169
4.2242
4.2440
4.2016
4.3240
4.0722
3.9072
4.2835
3.9516
3.9539
4.0468
4.0969
3.8465
3.9019
4.2566
4.0998
4.2470
3.9145
3.7769
4.1297
4.1019
4.2674
4.1337
4.2154
4.3831
4.2113
3.9975
4.2422
4.0202
4.0422
4.3096
4.1692
4.2037
4.3663
4.3684
3.9414
3.9566
4.0276
4.1229
4.0257
4.0972
4.1829
3.9898
3.9155
3.8988
4.1647
4.3084
4.2631
4.0106
4.0916
3.8585
4.0741
4.1830
3.9218
4.1608
3.8442
4.0994
3.8624
3.8202
4.1526
4.0158
4.1838
4.1578
4.2732
4.1077
4.1234
4.2154
4.0169
4.1355
4.1658
4.2128
4.3457
4.4798
4.0744
4.4044
4.2567
4.3119
4.2082
3.9481
4.0502
4.1378
4.0805
4.3101
4.3924
3.9578
4.1780
4.0425
4.1583
4.1766
4.0332
4.0845
3.9753
4.0710
4.0578
4.1564
4.1559
4.1974
4.3007
4.4956
3.9726
4.0504
3.9443
4.3224
4.4038
4.0125
4.1386
4.3736
4.2756
4.3572
4.0490
4.2477
3.9409
4.0093
4.2103
4.0428
4.2378
4.0696
4.0895
4.0503
4.1370
4.2970
4.3877
4.1502
4.1231
4.2603
4.4690
4.0961
4.0957
4.1278
4.1443
4.0167
4.0811
4.3175
4.0871
4.3514
4.1628
4.1284
4.3127
4.2546
4.2990
4.3804
4.1982
3.9305
4.0531
4.1256
4.1681
3.9793
4.1250
4.2282
4.1540
4.2900
4.4187
4.2028
4.4178
4.2530
4.5214
4.5378
4.3481
4.2062
4.2089
4.1928
4.1449
4.3895
4.1042
3.9330
3.9919
4.1511
4.2095
4.2894
4.3301
3.7895
4.2089
3.9923
4.3854
4.1734
3.9550
4.3945
4.1619
4.1239
4.1868
4.2314
4.3165
4.3066
4.2545
4.3113
3.9825
4.4417
4.4751
4.3558
4.5842
4.3445
4.0041
4.2638
4.3390
4.0371
4.2082
4.0390
4.1172
4.1165
3.8259
3.8616
3.9167
4.3170
4.3930
4.3042
4.1934
4.0463
4.2834
4.0502
4.2862
3.9892
4.2559
4.3021
4.2750
4.2982
4.0768
3.9395
4.1292
4.0066
3.9415
3.9148
3.9654
3.7622
3.9048
4.1095
4.0023
4.5088
4.4904
4.1867
4.2136
4.2878
4.2924
4.1139
4.0992
3.9589
3.9303
3.8932
3.6323
3.6894
3.9381
3.5867
3.7430
4.1112
3.9786
4.1234
3.9306
4.0822
3.7730
3.9744
3.9507
3.7949
3.8793
3.9569
3.9163
3.8360
3.9772
3.6451
4.1252
4.0215
3.8423
4.4164
4.2689
3.9142
4.4148
4.1087
4.3242
4.3952
4.4981
4.2064
4.0619
4.1458
3.9561
4.0991
4.1589
4.2933
4.3395
4.2586
4.2967
4.2909
4.1503
4.2685
3.7674
4.0734
3.8014
4.2397
3.8925
4.1607
3.9551
3.9592
3.6993
4.0588
3.9211
3.9771
4.1178
4.0696
4.0648
3.7346
3.8815
3.7898
3.9387
3.6588
3.8241
3.9313
3.9715
4.3695
4.4227
4.0537
3.9958
4.0610
4.1983
4.2627
4.3922
4.2628
4.3385
4.4772
4.3521
4.1431
4.0772
4.0354
4.1045
4.1000
4.0249
4.2762
4.4905
4.6748
4.3306
4.1653
4.1995
4.2770
4.3803
4.3577
4.6326
4.2353
4.5356
4.5027
4.4464
4.1593
4.1145
4.2579
4.1513
4.2744
4.3397
4.3879
4.3851
3.9564
4.3964
4.3491
4.2840
4.2699
4.1900
4.2608
3.7597
3.8853
4.2983
4.3865
4.1020
3.9827
3.9892
3.9590
3.9156
4.1649
4.0185
4.0741
3.9496
4.1743
4.1276
4.1112
4.3616
4.2768
4.1521
4.1799
4.0565
4.0620
4.0614
4.3708
4.2063
4.0543
4.3658
4.3544
4.2538
4.1963
4.0557
4.0598
4.2492
4.3324
3.8716
3.9712
4.0285
4.0060
3.8913
4.1118
4.0645
4.1318
3.8119
4.0227
3.7557
3.9046
3.6490
3.9144
3.7733
3.6545
3.8617
3.7055
3.6266
4.0901
4.0157
3.8809
4.1176
3.8666
3.9201
3.8420
3.5291
3.6071
3.4323
3.4890
3.7811
4.0366
3.8828
4.0734
3.9153
3.8361
3.8627
3.8824
3.7441
3.6029
3.5142
3.5865
3.7438
3.3376
3.7056
3.6487
3.6173
3.6936
3.9463
3.8507
3.9327
3.9443
4.2115
4.0997
4.1983
4.1402
3.9229
3.6890
3.9287
4.0294
4.1074
4.1742
4.0462
3.9365
3.9215
4.0463
4.2755
4.2571
3.7693
3.8963
3.7546
3.8200
4.0848
3.8826
3.9569
3.7188
3.9884
4.0230
3.9086
3.8712
3.8739
3.9219
3.8587
3.7428
3.7440
3.7435
3.7598
3.6130
3.7559
3.9352
3.9210
4.0752
3.8839
4.0382
3.8731
3.8282
3.8842
4.1379
3.9207
3.9227
3.9782
3.8217
4.1570
3.9464
3.8616
4.0132
3.9805
3.9100
3.9668
4.1567
4.1183
3.9357
3.9631
3.9176
3.8456
3.9842
3.9678
3.6552
3.9377
3.8487
3.9847
4.5036
4.1951
4.0171
4.2291
4.1484
4.3710
4.3781
4.1064
4.0670
4.3382
4.2557
4.3258
4.1232
4.1910
4.0594
4.2414
4.0978
4.2493
4.1504
4.1288
4.3024
4.1708
4.3302
4.2579
4.0078
4.0098
4.4423
4.2419
4.2695
4.2274
4.3310
4.4456
3.7078
3.9623
4.2266
4.6885
4.3305
4.1435
4.2223
4.0932
4.2088
4.1161
4.0035
3.8160
3.7294
3.9195
4.0997
4.1811
4.2360
4.0558
3.9358
4.0522
4.0632
3.9225
3.9042
4.0179
4.2324
4.0344
3.9763
3.9589
3.9500
3.8426
3.8446
4.2495
4.1703
4.1553
4.0567
3.8043
3.9670
4.0641
4.0333
3.7705
3.9058
3.8810
4.1899
4.2019
3.9484
4.1065
4.0448
3.9869
3.9560
3.8757
3.9118
3.7884
4.0727
4.1146
4.1591
4.1754
3.9168
4.0582
3.8958
4.1263
3.9255
4.0505
3.8962
3.8566
3.8148
3.8468
3.8750
4.1319
4.1278
4.1570
4.4847
4.5071
4.3260
4.0138
4.2872
4.3415
4.3112
4.0048
4.2033
4.3661
4.3531
3.9281
3.9741
3.9739
4.0284
3.9738
4.1536
4.0449
4.3996
4.4108
4.0688
3.9964
4.3487
3.8882
4.2668
4.1793
3.8614
3.9441
3.9395
3.5315
4.0532
3.4211
3.7440
4.0744
3.9192
4.3302
4.1164
4.1798
4.1329
4.1606
4.2566
3.9106
3.8408
3.8963
3.9309
4.1377
4.0279
3.9325
3.9756
4.0773
4.0263
4.0254
4.0087
4.1236
3.9967
4.0872
3.9521
4.0012
4.1469
3.9550
3.8780
4.0455
4.1206
4.1972
4.3064
4.3941
4.3756
4.3978
4.0586
4.0414
4.3339
4.3178
4.1951
4.1187
4.1594
3.7129
3.9341
4.0704
4.1923
3.9547
4.1427
4.0174
4.1642
4.0818
4.1860
4.5348
3.9562
4.0066
4.3882
4.3312
4.2398
4.6306
4.2434
4.1482
4.0068
4.1072
3.8985
3.8875
4.2576
4.0408
3.7314
4.0535
3.8375
3.7098
4.0530
3.7695
4.1642
3.7860
4.0082
3.9223
4.1529
4.2850
4.2575
4.0593
4.2713
4.2267
4.2449
4.0451
4.2571
4.3734
3.8812
3.8964
4.0135
4.0531
4.3194
3.8675
4.2479
4.1974
4.0761
3.9236
3.9788
4.0762
4.2397
4.0566
3.7432
3.9986
3.9827
3.5719
3.5864
3.7849
3.5867
3.8512
3.8409
3.9843
4.1722
4.0569
4.0884
4.0428
3.8627
4.0199
4.0998
4.1806
4.1306
4.0570
4.0499
3.9300
3.9987
3.9921
4.0022
3.8915
4.1273
4.1462
3.9702
4.0820
4.2561
4.1035
4.4028
4.1627
4.4070
4.2637
4.1774
4.1374
4.0262
4.0282
3.9701
3.9767
4.2157
4.2782
4.3200
4.3275
4.2235
3.8089
4.0017
4.0733
3.9854
3.9181
4.0705
3.8370
3.9890
3.8646
3.6388
4.1647
4.1462
4.2945
4.4339
3.9542
3.9369
3.9152
3.9967
4.1408
3.8939
4.0156
4.2602
4.0439
4.2746
4.0610
3.8150
3.8481
4.0795
3.9519
4.1219
3.7928
3.9723
3.8555
3.9107
3.9735
3.9671
3.9382
3.9187
4.2019
4.0442
4.1447
4.0643
4.0210
4.0710
4.0878
3.8665
4.0658
4.0420
3.7522
3.8931
3.9611
4.0598
4.0534
3.8664
4.0517
4.1295
4.2720
4.0186
4.0137
4.0179
3.9452
4.0812
4.0456
4.1911
4.2390
4.1612
4.1504
3.9785
4.0599
4.0033
4.0277
4.1612
4.2393
4.0847
3.9751
4.0457
4.0283
4.1242
3.8376
4.0933
3.8586
4.1034
4.0684
3.9800
3.8506
4.1856
3.8289
3.9160
4.2135
4.2515
4.0592
3.9121
3.8413
3.9535
3.7693
3.4140
3.9777
3.8045
3.9023
4.2241
4.0482
3.7693
4.1072
4.0459
4.0309
3.9843
4.4516
4.1781
4.2200
3.9274
3.8733
3.6660
3.8605
3.9093
3.7864
3.8914
3.9350
4.2643
3.8365
4.2619
4.1197
4.1788
4.0552
4.2314
4.2882
4.1519
3.9885
4.1164
4.0482
4.1038
4.2591
4.1831
4.0924
4.1338
4.2861
4.3941
3.9799
3.6933
3.8133
3.8453
4.0179
4.1520
3.7576
4.1672
4.0005
4.3698
4.0991
4.0675
3.9708
4.2939
4.4597
4.4300
4.3895
4.2154
3.8628
3.7871
4.0429
4.0664
4.4382
4.3631
4.5096
4.4111
4.3649
4.0290
4.1814
3.9225
4.1852
4.1638
4.4381
4.3010
4.0142
3.9173
4.1426
4.0243
3.9031
4.1497
4.6802
4.1387
4.4744
4.9338
4.7068
4.7240
4.4927
3.9738
4.2725
4.0999
4.1438
4.2739
4.1800
4.0325
4.1698
4.4925
4.4459
4.4746
4.2769
4.2370
4.3276
4.3380
4.4368
4.0990
4.0222
4.1010
4.0699
4.2630
4.1314
4.1160
4.2862
4.1681
4.4189
4.1335
4.3161
4.1989
4.1459
4.4468
4.2625
4.1305
4.0234
3.8404
4.1588
4.2169
4.1142
4.0106
3.9242
4.2148
4.0183
3.9821
3.8878
3.8854
4.2259
3.9988
4.0376
3.8926
3.9610
3.8744
3.9705
4.0239
4.0408
3.9876
3.9761
4.0134
4.1865
3.9769
3.9521
3.9218
3.9231
4.2632
4.1873
4.0326
3.9318
4.3291
4.0720
4.0865
3.9584
4.1074
3.9175
3.9212
4.0348
3.8424
3.8073
4.1226
3.9306
3.9867
3.9330
3.8823
3.7839
3.9052
3.7482
3.8887
4.6114
4.2396
3.9091
3.9126
4.0325
3.9995
4.0160
3.8409
3.9980
4.0594
3.8542
4.1070
3.9908
3.9875
3.8549
3.9481
4.2034
4.0387
3.7341
3.9001
3.7994
4.0082
3.8183
3.5440
3.6670
3.6647
3.8632
3.6253
3.9832
4.0603
4.1994
4.2367
4.3674
4.1855
4.3330
4.2585
4.3687
4.0377
4.1431
3.8645
4.1157
3.6645
3.6393
3.7622
3.8573
3.6908
3.8042
3.7344
3.7884
3.5492
3.8048
3.9733
3.7224
3.6203
3.9791
3.9075
3.8929
3.7792
3.9579
4.0735
4.2454
4.0064
3.8179
4.0527
3.9707
4.0786
3.8447
4.0112
3.9196
3.8868
4.2462
4.2059
4.1688
4.0250
3.8084
3.8566
4.0139
3.9331
4.0259
4.0764
3.8799
3.6787
3.9157
3.8527
3.5824
3.4528
3.6781
3.8541
3.8889
3.7874
3.5786
3.7071
3.8281
3.8747
3.8968
3.8759
3.8241
3.6844
3.7228
3.9792
3.8774
3.6671
3.9617
3.8359
3.8354
3.7283
3.7264
3.8148
3.7328
3.6966
3.7377
3.7903
3.8344
3.8599
3.7805
3.7048
3.7244
3.9898
4.0340
4.0718
4.2674
4.1472
3.9889
4.0458
4.4219
4.1910
4.0003
4.0941
4.1410
4.4903
4.2571
4.6209
4.4492
4.0750
3.8354
4.0931
3.7822
4.0440
3.7906
4.4755
4.3449
4.4365
4.3171
4.2066
4.4092
4.4059
3.9061
4.1378
4.3534
4.1196
3.9128
4.3948
3.9514
3.9229
3.9593
3.7023
4.0503
4.0323
3.7969
3.8555
3.8167
3.8812
4.0387
3.9390
3.9161
3.8333
3.8537
3.8252
3.9431
3.8994
3.7259
3.8424
3.8764
3.9974
3.9029
3.8331
3.7117
3.6560
3.7646
3.8167
3.7407
3.5173
3.7558
3.6730
3.5739
3.5566
3.9050
3.7102
3.9453
3.8284
3.6349
3.7201
3.7084
3.7621
3.8094
4.0222
3.7881
3.6655
3.9520
3.6110
3.7393
3.6072
3.7189
3.4665
3.5299
3.6439
3.5744
3.6961
3.8061
3.5048
3.4669
3.6130
3.3841
3.5186
3.5916
3.7363
3.7700
3.7664
3.8513
3.6902
3.7061
3.8158
3.8005
3.7127
3.7769
3.7544
3.7698
3.8570
3.8375
3.6802
3.6770
3.8382
3.8007
3.9067
3.9053
3.8892
3.8708
3.9036
4.0006
3.8236
4.0229
4.0059
4.2584
4.0383
4.2290
3.8614
4.1244
3.8485
4.1888
4.1453
3.9808
3.8488
4.0765
3.9470
4.0762
3.9959
4.5265
3.9780
4.0123
4.2129
4.3046
4.3311
4.3432
4.0705
4.1171
4.2747
4.5435
4.2589
4.4934
4.2829
4.0102
4.0992
4.0239
4.1888
3.9438
4.1418
4.2540
4.2297
4.3060
4.4316
4.2831
4.3140
4.3405
4.2231
4.0924
4.0711
4.3134
4.0282
4.0723
3.8688
4.0383
3.8714
4.0623
4.0619
3.9711
4.1913
3.9587
4.1350
4.1592
3.8514
4.1405
4.3021
4.3168
4.0526
3.9269
4.1465
4.0286
4.1093
3.8830
4.0046
3.7945
3.7795
3.5870
3.5783
3.6437
3.8383
4.1592
4.0519
3.7713
3.6839
3.7696
3.7274
3.7307
3.7963
3.8548
3.7829
3.9896
3.8276
3.9580
3.8964
3.8147
4.0465
3.8098
3.8331
4.0690
3.8396
3.7795
3.8895
3.8347
4.0386
3.8152
3.8291
3.8522
3.7821
4.1963
4.1778
3.9772
4.1569
4.1734
4.3807
4.2200
4.5396
4.5571
4.6303
4.5206
4.6061
4.4906
4.0794
3.9842
4.1011
4.0271
3.9082
3.8730
3.8667
3.9393
3.6374
3.7897
4.0940
3.8735
3.7559
3.8267
3.7310
3.8649
3.9509
3.9936
3.8632
3.8864
3.8673
3.8585
4.0343
3.9714
4.1115
4.4423
4.2474
3.9988
3.8297
4.2625
3.9904
4.0176
4.0124
4.1762
3.7957
3.9394
3.9303
4.3005
4.0955
4.0632
3.9476
3.7896
3.9833
4.1911
3.8812
3.9828
4.2401
4.2845
4.4604
4.4273
4.4325
4.3145
4.3578
4.6882
4.4348
4.2606
3.9367
4.1413
3.8412
3.8852
3.9348
4.0462
3.9516
4.0277
4.0633
4.0663
3.9816
3.7412
3.8252
3.8429
4.1731
4.2524
4.0540
3.8978
3.9946
3.6847
3.8350
3.7545
4.0467
3.4378
3.7699
3.8124
3.8998
4.0564
3.9515
3.8511
3.9104
3.8403
3.9788
4.1635
4.1254
4.0758
3.9404
4.0784
3.9463
3.9998
4.1676
3.7989
3.7264
3.9105
3.9388
3.7384
3.9950
4.1565
3.8639
3.8653
3.6574
3.4916
3.5925
3.6711
3.6350
3.7959
3.7248
4.1776
4.4302
4.1077
4.1721
4.1605
4.2827
3.7512
4.2683
4.7482
4.7144
4.3119
4.4827
4.4861
4.7419
4.3611
4.4414
4.2174
4.3678
4.2757
4.3565
3.8260
4.1597
4.1102
3.8986
4.0307
3.8607
3.7488
4.0413
4.0345
4.1615
4.3331
4.0868
3.6578
3.4216
3.6930
3.6228
3.7345
3.8276
3.7423
3.8078
3.8597
3.7974
3.7776
3.7987
3.8681
3.7347
3.8004
3.9001
3.9387
3.7877
3.4982
3.6014
3.5045
3.6316
3.6179
3.8683
3.7360
3.8392
3.6012
4.0343
3.9633
4.1185
3.7900
4.0461
3.9000
3.8877
3.9222
3.9496
3.9325
3.7154
3.6296
3.8833
3.6628
3.8184
3.8156
3.7170
3.9862
3.7865
3.9633
3.9635
3.5954
3.7014
3.6767
3.8250
3.9033
3.7153
3.7955
3.7144
3.8100
3.6173
4.0056
3.7071
3.5967
3.7611
4.0828
3.9835
3.9660
4.0492
3.8608
3.8612
4.0969
3.9462
3.8584
3.9652
3.8779
3.9078
4.0906
4.1207
4.0184
3.9493
3.8416
3.7886
3.8565
4.0491
3.9520
3.7837
3.9453
3.9153
3.7514
3.8684
3.9200
3.7624
3.7175
3.6055
3.9778
3.9920
3.9049
4.2265
3.8090
3.7031
3.8289
3.9285
4.3595
4.2870
4.4566
4.1299
4.0956
4.1158
4.0656
4.0353
4.1076
4.1346
3.8577
4.1852
4.3806
4.0498
4.0921
3.9946
4.2356
4.1414
4.1875
4.1989
4.2805
4.2794
4.2774
4.1171
4.0425
3.8078
3.5948
3.7080
3.7427
3.7365
3.6677
3.8534
3.7750
4.0517
3.7188
3.8537
3.8472
3.8299
3.7923
3.6556
3.7958
3.7495
3.7973
4.0132
4.0316
3.8942
3.7263
3.5878
3.6634
3.6203
3.9038
3.6403
3.6343
3.6708
4.2400
4.1086
4.1694
4.0978
3.9300
3.8397
3.9141
3.9269
3.7855
3.9659
3.9402
4.1115
3.8887
3.8138
3.8974
3.7268
3.8603
3.6644
3.7833
3.7326
3.7029
3.6650
3.6390
3.8473
3.9348
3.7712
3.6558
3.8662
4.0730
4.0217
3.8877
4.3580
4.3046
4.0604
3.8309
3.5574
3.9150
3.8016
3.9323
3.5987
3.8962
3.8338
3.7541
3.7530
4.0016
3.7782
3.7483
3.9911
3.9628
3.8703
3.6776
3.7788
3.9834
3.4952
3.8747
3.8341
3.9422
3.9949
3.9013
3.7708
3.5529
3.8506
3.9077
3.8182
3.9966
3.8076
4.0243
3.9013
3.7012
4.0301
4.0923
3.7348
4.1930
3.5499
3.6781
3.9585
3.8884
3.8798
3.8557
3.9479
4.0687
3.7667
4.0111
3.7476
4.0361
3.8346
3.6955
3.9484
3.8547
3.7562
3.6215
3.6298
3.6661
3.7557
3.6373
3.7029
3.6946
3.6851
3.6990
3.7089
3.7769
3.9404
3.8048
4.0043
3.9290
3.9659
4.0222
4.0591
3.9386
3.9651
3.9685
3.8525
3.8035
3.5737
3.9141
3.7816
3.8938
3.9268
3.9334
3.8488
3.7526
3.8658
3.7598
3.6944
3.9398
4.0592
3.7560
3.9399
3.9569
3.8797
3.8289
4.0688
4.0860
4.0055
3.8929
3.8803
3.9735
4.1027
3.9678
3.8650
3.9496
3.8348
3.7819
3.9057
3.9603
4.1247
3.9555
4.3528
4.1047
3.8989
4.0803
4.1642
4.0027
3.9924
3.9703
4.0423
3.8422
3.9339
3.9472
3.8887
4.1328
4.1771
3.8754
4.1845
4.1785
4.2423
3.8007
4.1048
3.9593
4.2063
4.1591
4.0363
3.8879
3.8767
3.9303
4.0145
4.4526
4.0375
3.9172
3.8916
3.7735
3.8082
3.7700
3.8214
3.7245
3.6276
3.6403
3.8850
3.8847
3.7875
3.7590
3.7985
3.6501
3.7824
3.6415
3.9107
3.7369
3.7223
3.6875
3.9086
3.8431
3.6943
3.7376
3.8393
3.8455
3.9036
3.9720
3.8709
3.7338
3.6278
3.6585
3.9943
3.9600
4.0259
4.1145
4.0250
3.9038
4.0197
4.0103
4.0033
4.0557
4.3898
4.2275
4.1720
4.1317
4.1437
4.2313
4.4570
4.1394
4.0787
4.2902
4.0991
4.1041
4.2221
4.2085
4.2407
4.1130
4.1563
4.0921
4.1017
4.0466
4.0234
4.0785
3.8321
3.8650
3.7555
3.6856
4.1076
3.8788
4.0122
3.8483
3.9028
3.8686
4.0679
4.0420
4.1168
3.7962
4.2525
4.1700
4.0873
3.9282
4.0385
3.8059
3.8520
4.4228
4.0683
3.9519
3.8105
3.8459
3.8678
4.0248
4.1658
4.1022
3.8350
3.9860
3.7848
4.0036
4.1533
4.0391
4.1213
4.0175
4.1822
4.2222
4.2591
4.0897
4.1867
4.1726
3.9366
3.8448
3.8714
3.9201
3.9506
3.7348
3.6462
3.5300
3.6882
3.9078
3.7270
3.8432
4.1044
4.3038
3.9080
3.8918
3.9062
3.8722
3.8008
3.6070
3.7815
3.9011
3.7154
3.7632
3.7013
3.7477
3.8041
3.5894
3.7512
3.8501
3.7581
3.8968
3.7976
3.7508
3.7903
3.7174
3.6638
3.6411
3.6272
3.9056
3.6697
3.8788
4.0923
3.7001
3.6076
3.9142
3.7747
3.9831
3.8062
3.8367
3.7986
3.8110
3.7916
3.7938
3.7355
3.8480
3.5835
3.8339
3.8501
3.7496
3.6948
3.8492
3.7451
3.7873
3.6435
3.5265
3.5498
3.7618
3.6532
3.5539
4.0236
3.9849
4.1049
3.9787
4.0727
3.7840
4.0296
3.9249
3.7403
3.8589
3.6710
3.5895
3.7242
3.4072
3.7160
3.8072
3.7175
3.8011
3.7079
3.7165
4.0331
4.0824
3.8053
3.9329
3.9457
3.8513
3.7777
3.9803
3.8101
4.1250
3.9314
4.0627
4.0179
3.9251
3.6975
3.7196
3.7031
3.4772
3.6684
3.6170
3.8032
3.5959
3.7639
3.9832
3.6781
3.8099
3.6823
3.6699
3.7023
3.7898
3.6838
3.7899
3.7725
3.8355
3.7151
3.9073
4.0602
3.8383
3.8725
3.9953
3.7954
3.8148
3.7261
3.9998
3.8397
3.5685
3.8716
3.8368
4.0169
3.9191
3.9412
3.8423
3.9384
3.9420
3.9607
4.0392
3.7455
4.0319
4.3235
4.1058
4.0165
4.0460
3.5084
3.8726
3.9164
3.8410
3.7633
3.8989
4.0401
4.0236
4.0593
4.0963
4.1062
3.8456
3.9360
3.5871
3.9084
3.9218
3.7415
3.6098
3.7543
3.8124
3.9614
3.7012
3.7656
3.5588
3.8451
3.8572
3.6440
3.9896
4.1021
3.6198
3.8188
3.9163
3.8869
3.8107
3.8588
3.8881
3.9576
3.9574
3.8400
4.0545
3.9987
3.7209
3.7458
3.8091
3.8025
3.8068
4.1786
3.9597
4.0149
4.2036
4.1654
4.1659
3.8644
4.0451
3.9996
4.0443
3.9529
3.8684
3.8134
3.4009
3.7394
3.7925
4.4510
4.0951
3.9783
4.1453
4.1313
4.4099
3.8657
4.1503
4.0352
3.9680
3.8473
4.0496
3.9031
3.9732
3.9037
3.9768
4.1680
3.8267
3.8766
3.6996
3.8701
3.7148
3.7941
3.6655
3.8365
3.9655
3.7890
3.7787
3.7045
3.8774
3.8574
4.0976
3.6868
3.7873
3.9600
4.0737
3.9270
4.0891
4.3422
3.7782
4.2602
4.1018
4.0374
3.9617
3.7209
4.0786
4.1405
4.1157
3.9840
4.2901
4.0722
4.2082
4.2488
4.3121
4.1576
4.1784
4.1194
3.9427
3.8687
4.1844
4.2533
3.9658
3.8175
3.8435
4.1480
4.1884
4.2917
4.0322
3.9932
4.3357
4.0496
4.1985
4.0580
4.2125
4.1498
4.1267
4.0683
3.8625
3.8444
3.7550
4.0500
4.2815
4.0464
4.1053
4.1397
4.1957
3.9656
3.7847
4.1862
4.1421
3.9678
4.1437
4.2035
4.2425
4.3685
4.1552
4.2454
4.0803
4.0174
3.7651
3.9574
3.9156
4.1107
4.2607
4.0625
4.0199
3.9887
3.7958
3.9052
3.9231
4.2696
4.1405
