2.0111
1.8415
2.0485
2.0145
2.0428
2.1687
1.9536
1.9966
2.0387
2.0842
2.0216
2.0264
1.8474
2.0532
2.0976
1.8362
2.1115
2.2456
2.1379
2.1658
2.1594
2.2891
1.9946
1.9882
1.9457
1.9668
2.2611
1.9400
1.9779
2.2635
1.9469
2.0273
2.1382
2.0353
1.9270
2.0331
1.8166
1.8217
1.7564
1.8235
2.1631
1.9592
2.4911
2.1448
2.3185
2.1358
2.3767
2.2175
2.1476
2.1493
1.9637
2.0617
2.0698
1.8816
1.9968
2.3285
2.2917
2.2026
2.5264
2.4941
2.5217
2.2787
2.1534
2.2696
2.2552
2.3845
2.5584
2.4248
2.2975
2.1127
2.2889
2.0551
2.1704
2.0005
2.0912
2.0027
2.2101
2.1811
2.2821
2.2995
2.4373
2.3342
2.3503
2.3543
2.1926
2.0545
1.9315
2.0424
1.9170
2.1445
2.2993
2.0227
2.1575
2.2500
2.0230
1.9983
1.9545
2.0030
2.2207
2.1793
2.0321
2.0148
2.2155
2.2958
2.1247
1.9408
2.0699
2.0748
2.2287
2.2230
2.2761
2.3228
2.5411
2.3782
2.5115
2.2304
2.3362
2.5294
2.6150
2.4757
2.2193
2.1690
2.2838
2.1523
2.2265
2.1466
2.0691
2.0103
2.1623
1.9787
2.0352
2.1010
2.1128
2.1198
2.1842
2.2017
2.0444
2.0415
2.1215
2.1296
2.1886
2.1416
1.9736
1.9864
2.2280
2.1958
2.4371
2.2826
2.2459
2.2162
2.0991
2.1497
2.0098
2.0986
2.1627
2.0868
2.1777
2.2175
2.2931
2.4281
2.2354
2.0787
2.1173
2.2801
2.3430
2.3118
2.2150
2.2266
2.3003
2.3172
2.3618
2.0550
2.1186
2.3544
2.5921
2.1750
2.5384
2.2092
2.6003
2.3876
2.3556
2.2281
2.2608
2.2358
2.4617
2.2784
2.3700
2.3776
2.3271
2.1525
2.0759
2.4275
2.3505
2.4292
2.3265
2.4727
2.3570
2.3588
2.3107
2.7744
2.6733
2.4649
2.4739
2.4170
2.2806
2.4849
2.4422
2.4249
2.3374
2.3086
2.4744
2.3367
2.6232
2.3183
2.4413
2.2802
2.2170
2.3713
2.1568
2.2889
2.2974
2.3163
2.6100
2.8589
2.1511
2.0482
2.0558
2.2279
2.1940
2.3935
2.1889
2.1501
2.3043
2.3799
2.2450
2.1664
2.2646
2.2911
2.2600
2.4060
2.3110
2.4807
2.4485
2.7072
2.1977
2.5292
2.5514
2.2578
2.3052
2.4998
2.5011
2.3435
2.1699
2.1554
2.3855
2.4457
2.3103
2.0923
2.5129
2.2599
2.2844
2.0920
2.3573
2.2741
2.4191
2.2026
2.3963
2.2314
2.3004
2.2885
2.6158
2.5344
2.3851
2.5680
2.3117
2.4266
2.5091
2.4467
2.4866
2.4866
2.4160
2.2162
2.5022
2.3532
2.2733
2.4919
2.3679
2.3713
2.4752
2.5294
2.1636
2.3880
2.1138
2.2319
2.1263
2.2053
2.3420
2.2381
2.2989
2.2567
2.2738
2.2662
2.3908
2.4268
2.1491
2.3593
2.5990
2.6023
2.3405
2.4718
2.3615
2.7621
2.4158
2.2028
2.4862
2.5645
2.2817
2.3771
2.6191
2.2496
2.3883
2.3661
2.7210
2.4204
2.5988
2.5255
2.4535
2.4244
2.2367
2.2550
2.2758
2.3234
2.5334
2.6049
2.2745
2.5684
2.5220
2.3514
2.4263
2.4883
2.5223
2.3389
2.1126
2.1598
2.2255
2.2195
2.3209
2.1455
2.1443
2.2418
2.2492
2.1763
2.0408
2.2455
2.2190
2.3279
2.1993
2.2158
2.2674
2.0441
2.0174
2.2771
2.2517
2.2365
2.1647
2.3215
2.2177
2.2290
2.2562
2.3030
2.4274
2.4180
2.1613
2.2996
2.1580
2.2321
2.1949
2.0384
1.9487
2.2901
2.2477
2.3092
2.1106
2.3454
2.1125
2.3018
2.4306
2.3553
2.3318
2.2294
2.3659
2.3654
2.3724
2.6557
2.5377
2.3869
2.2320
2.3401
2.5098
2.5326
2.2346
2.2852
2.2518
2.1982
2.3112
2.2704
2.2301
2.2131
2.3626
2.0629
2.1056
2.3241
2.3341
2.2840
2.0924
2.3266
2.1824
2.2637
2.2600
1.9738
1.9373
1.9354
1.9375
2.1640
2.0040
2.0610
2.0198
2.0639
2.1077
2.0806
2.0749
2.0001
1.9456
1.9249
1.8498
1.9515
2.1249
2.0466
2.1544
2.0065
2.3156
2.0692
2.2731
1.9879
2.0953
2.2460
2.1689
2.3391
2.0365
2.3319
2.1993
1.9491
2.0440
2.2232
1.9449
2.0096
1.9426
2.1605
2.2654
2.2038
2.2509
2.4501
2.3962
2.5581
2.5627
2.6489
2.4194
2.2455
2.5341
2.3779
2.2211
2.6753
2.3476
2.3983
2.5385
2.6513
2.5927
2.7759
2.7336
2.7969
2.7820
2.4740
2.6090
2.7276
2.6391
2.4898
2.5149
2.5958
2.3611
2.6632
2.6592
2.4703
2.4150
2.4805
2.4787
2.7406
2.7298
2.7520
2.6392
2.5548
2.5234
2.5843
2.5899
2.6839
2.5985
2.6470
2.5386
2.5204
2.4048
2.8259
2.7340
2.8079
2.8574
3.0866
3.0525
2.7603
2.8581
2.9858
2.9245
2.7575
3.0545
3.1353
2.9495
2.8437
2.7156
2.8480
3.1340
3.2144
2.9220
3.0652
2.7179
2.8887
2.8051
3.0137
2.6175
2.8337
2.7034
2.7239
2.8978
2.5332
2.5818
2.5132
2.5230
2.5441
2.7719
2.7486
2.6627
2.8949
2.7997
3.0285
2.8600
2.6898
2.8033
3.0177
2.6596
2.8771
2.6430
2.8648
2.9783
2.6312
2.5834
2.6131
2.6829
2.8559
2.5337
3.0462
2.9811
2.9553
2.9192
2.7587
2.8655
2.9980
3.0046
2.9360
2.9799
3.1928
3.1509
2.8430
3.0491
2.8625
3.0026
3.0593
2.8952
3.1580
2.9442
3.0576
3.2386
3.3355
2.9702
3.0594
3.5381
2.9902
3.1547
2.6672
2.7747
2.7755
2.6145
2.7677
2.7070
2.8495
2.7497
3.1525
2.9473
2.8937
2.7618
3.0009
2.7912
2.8201
2.8919
2.8866
2.7765
2.9263
2.6399
2.5613
2.5676
2.4268
2.8248
3.1522
3.0955
3.0779
2.9382
2.9206
2.8936
2.9464
2.8184
2.8347
3.1438
2.9734
2.6168
2.7807
2.7355
2.9570
2.7037
2.8336
2.9853
2.9882
2.9931
3.1817
3.0866
2.7522
3.2525
3.0738
2.9208
2.7372
2.6694
2.9579
2.9753
2.7875
2.8894
2.9641
2.8946
2.8949
2.8530
2.9346
2.7498
3.1372
2.5493
2.7793
2.8782
2.8097
2.9320
2.9616
2.9989
2.9585
3.0462
2.9905
2.8236
2.8677
3.2178
2.9948
3.2698
3.1764
3.3933
3.0909
3.1161
2.9721
3.0505
2.9108
2.9447
2.9665
2.9572
2.6429
2.5492
2.7999
2.8000
2.9684
3.3416
2.9145
2.8167
2.6807
2.9959
2.7764
2.8254
2.7506
2.8576
2.7300
3.1681
2.9168
3.0347
2.9074
2.7827
2.8871
2.6901
2.4969
2.7133
2.8932
2.8857
2.7535
3.1140
2.8527
2.6744
2.9444
2.8680
2.8972
3.2215
2.7389
2.7087
2.8214
3.1886
2.8128
3.0306
2.7545
2.7507
2.9597
2.7869
2.8717
3.1129
3.0447
2.9360
2.9562
3.1415
3.0572
3.0999
3.2953
3.3129
2.9603
2.8557
2.8032
2.7801
2.9404
3.0213
2.7983
3.0394
2.6704
2.7312
3.1019
2.8667
2.7206
2.9571
2.8757
2.8995
3.0650
3.0810
3.2441
2.9717
2.7416
2.6990
2.7733
2.9683
2.9844
3.0542
3.1256
2.7122
2.9662
3.0271
2.9217
3.0459
2.9809
3.2213
3.2018
3.1655
2.7491
2.7688
3.2862
2.8801
2.8891
2.8700
2.9938
3.1275
3.0789
3.0912
2.9755
3.1189
2.8929
2.8605
3.0944
3.1317
3.1594
2.9660
2.5113
2.6570
2.6258
2.6161
2.6700
3.0015
2.6998
2.6823
2.7185
2.5354
2.6665
2.7443
2.5401
2.5165
2.7684
2.6783
2.8612
2.7427
2.6637
2.5566
2.8188
2.6684
2.6803
2.4445
2.4802
2.4604
2.5179
2.1989
2.5658
2.3835
2.3931
2.2367
2.2525
2.1274
2.3275
2.4129
2.3331
2.1408
2.6920
2.0938
2.4499
2.2193
2.2949
2.3197
2.5218
2.4772
2.6213
2.5351
2.6691
2.6564
2.6467
2.4870
2.6672
2.7445
2.6610
2.3755
2.6151
2.5802
2.0301
2.2475
2.5311
2.5718
2.7067
2.7734
2.7941
2.6939
2.6352
2.1403
2.4540
2.6573
2.7890
2.5763
2.9169
2.8919
2.5164
2.7791
2.4866
2.4946
2.6314
2.2595
2.3250
2.6533
2.7162
2.6703
2.5750
2.5096
2.9749
2.7316
2.8893
2.8746
2.4482
3.0304
2.3920
2.2620
2.2513
2.7640
2.7485
2.6102
2.3691
2.6684
2.7437
2.7167
2.1877
2.3668
2.6254
2.0645
2.2393
2.4800
2.2558
2.5832
2.4999
2.8522
2.6223
2.4891
2.7806
2.6975
2.6465
2.2241
2.3924
2.3614
2.0815
2.4415
2.2001
2.1923
2.2865
2.3213
2.3847
2.4170
2.5313
2.5219
2.3866
2.2953
2.5090
2.3533
2.4488
2.6041
2.9448
2.6756
2.7507
2.4794
2.7606
2.6632
2.3320
2.5744
2.6206
2.4495
2.5902
2.4400
2.8129
2.4416
2.7892
2.5914
2.7785
2.4447
2.3564
2.6192
2.9721
2.7348
2.8155
2.5265
2.5249
2.5602
2.2784
2.6602
2.5190
2.7330
2.6421
2.5742
2.2889
2.2267
2.5617
2.3674
2.8379
2.7354
3.1058
3.4437
2.9529
2.8336
2.8752
3.0193
2.8474
2.8156
2.6569
2.4082
2.4049
2.3150
2.5833
2.6698
2.4724
2.6689
2.7019
2.6922
2.5129
2.5234
2.3228
2.5307
2.4949
2.3942
2.3117
2.4454
2.7192
2.5100
2.5493
2.5376
2.6814
2.6399
2.5657
2.7572
2.7407
2.4101
2.4771
2.3467
2.3960
2.2783
2.3872
2.3375
2.6040
2.4710
2.4250
2.2600
2.6582
2.7057
2.3195
2.6596
2.3924
2.4162
2.6382
2.6507
2.7217
2.5856
2.3336
2.5195
2.7311
2.6406
2.7656
2.6297
2.9055
2.7462
2.9423
2.8523
2.9815
2.7476
2.7935
2.8053
2.6494
2.4306
2.5540
2.5340
2.3826
2.3077
2.3803
2.3053
2.5345
2.3528
2.4741
2.4167
2.6815
2.9746
2.6742
2.5212
2.8995
2.5143
2.9054
2.3858
2.7479
3.0524
2.6706
2.9021
2.9511
2.5495
2.5060
2.5512
2.4368
2.6812
2.9163
2.8402
3.0598
2.9383
2.5087
2.6192
2.5488
2.5959
2.7589
2.9246
2.6359
2.6401
2.9502
2.7290
2.7205
2.8233
2.4552
2.5716
2.5250
2.3154
2.6068
2.4267
2.5103
2.2531
2.6085
2.5861
2.5218
2.3267
2.6539
2.5491
2.7813
2.7405
2.5019
2.4787
2.8998
2.5319
2.6343
2.6229
2.6629
2.5489
2.6121
2.3589
2.7516
2.6311
2.7941
2.7366
2.4942
2.7415
2.5476
2.5440
2.8104
2.6994
2.8819
2.6978
2.4181
2.4509
2.4866
2.4038
2.4729
2.6543
2.2455
2.3048
2.5312
2.4897
2.4886
2.6625
2.5452
2.5245
2.7384
2.6003
2.7079
2.7382
2.6236
2.6141
2.5659
2.5365
2.4764
2.8249
2.8248
3.0309
2.8234
2.8814
2.7421
3.1214
3.1197
2.9795
3.0860
2.8007
3.0024
2.8853
3.0748
2.9207
2.9907
2.8625
3.0111
2.8947
3.1482
2.8846
2.7970
2.8240
2.8068
2.7584
3.1042
3.0530
2.8374
2.9115
3.0266
2.8202
2.8021
2.5984
2.9362
2.6059
2.4521
2.7085
2.9552
2.7766
2.9026
3.0353
3.1239
2.8590
2.7349
2.5635
2.4712
2.8329
2.7915
2.9130
2.4639
2.4092
2.4074
2.3751
2.6111
2.6911
2.7098
2.4865
2.3971
2.6650
2.6274
2.7927
2.7725
2.8831
3.0908
2.9904
3.0029
2.7238
2.7999
2.8892
3.1905
2.8586
2.8977
2.9694
3.0250
3.0846
2.8962
2.9644
2.8071
2.7868
3.0161
2.7107
2.7662
2.8852
2.8215
2.7978
2.7424
2.7787
3.0716
2.7174
3.1907
3.0668
2.7520
3.2707
3.3223
3.0267
3.1359
2.9788
2.8770
3.0159
3.1444
3.2020
2.9254
2.9932
3.3411
2.8322
2.7438
2.8547
3.0450
2.9273
2.9856
2.8382
2.7412
3.0152
3.1568
2.9089
2.8214
3.1046
2.8519
3.0761
2.6830
2.8140
2.9403
2.9131
2.9686
2.8562
2.8547
2.8945
2.6395
2.7411
2.7426
2.7088
3.0771
2.9627
2.8807
3.1260
3.4382
3.6050
3.0071
3.0864
2.9550
3.0679
3.2346
3.0135
3.1243
3.0026
2.9237
2.8726
2.8456
2.6596
2.7693
3.0880
2.8090
2.9293
3.2248
2.8798
2.6350
2.7700
2.4132
2.6945
2.8527
2.9287
3.0963
3.4827
2.8689
3.2311
3.1237
3.0535
3.2357
3.0835
2.7114
3.0082
3.1091
3.0788
3.0983
2.8806
2.7515
2.7125
2.9512
2.8144
2.7876
2.8256
3.0856
2.8219
2.6262
2.8398
3.0839
3.5306
2.9380
3.3815
3.0503
3.1417
2.8881
2.8514
3.2526
3.1721
3.1905
3.2538
2.7649
2.8105
2.9459
3.1480
2.9525
2.9078
3.1868
3.1417
2.9290
2.9822
3.2628
3.0121
2.6547
2.6547
2.8441
3.1309
3.1565
3.2218
3.6275
3.2842
3.2763
3.2151
3.1859
3.1665
3.1509
3.2139
3.0181
2.8913
2.9354
2.5902
2.9492
2.7425
2.9907
2.9753
3.0522
3.0683
2.7978
3.1260
2.8467
3.0215
3.2041
3.2059
3.2102
2.9901
2.8736
2.8546
2.8986
3.4550
2.7075
2.8069
2.5388
2.6099
2.6007
2.7541
2.8310
2.9142
2.7566
2.6685
2.7596
2.9909
2.6329
3.0045
2.5683
2.8111
2.8729
2.8198
2.7521
2.9629
2.9654
2.7239
2.8304
2.7422
2.9891
2.9159
2.4671
2.3625
2.5914
2.5313
2.5814
2.6491
3.0852
3.0725
2.5627
3.1667
2.9348
2.5637
2.9659
2.8501
2.9105
2.9097
2.9872
3.2002
2.7370
2.7124
2.5904
2.8178
2.4693
2.7358
2.6744
2.6110
2.7123
2.9059
2.4389
2.5806
2.9067
2.9836
2.6058
2.7551
2.5974
2.7445
2.7105
2.8790
2.9209
2.7027
2.8591
2.7364
2.7892
2.9596
2.8253
2.6881
2.6921
2.6823
3.0134
3.0172
2.7449
2.6043
2.7028
2.9302
2.7521
3.2028
3.0501
2.8991
3.2547
3.0920
2.9920
3.1054
2.8692
2.7940
2.8774
2.6795
3.1493
2.9511
2.6233
2.6069
2.6485
2.4643
2.4456
2.3111
2.5351
2.5750
2.4737
2.7798
2.4946
2.6352
2.6612
2.5705
3.0536
2.5485
2.4956
2.7765
2.7321
2.5641
2.8952
2.7425
2.6626
2.8783
2.9733
2.9685
2.7471
2.9949
2.7986
3.2611
3.0494
2.9345
2.7711
2.7089
2.6390
3.2235
2.6882
3.0794
2.8933
2.8549
2.8368
2.4966
2.6262
2.6766
2.5515
2.2725
2.5445
2.6959
3.1684
2.8614
2.7771
2.8104
2.7202
2.7704
2.4611
2.9541
2.5780
2.6651
3.0980
3.0526
3.0208
2.7014
2.6210
2.9480
2.8520
2.7876
2.5882
2.7368
2.4769
2.6667
2.7429
2.7329
2.8122
2.4817
2.4741
2.3841
2.5250
2.6178
2.4166
2.7906
2.6657
2.6409
2.3038
2.3940
2.9159
2.5893
2.6309
2.6609
2.6797
2.4756
2.6586
2.4723
2.4824
2.5442
2.3433
2.4279
2.5515
2.7154
2.4611
2.4965
2.7555
2.9407
2.8473
2.3279
2.2411
2.3036
2.4971
2.3585
2.4244
2.4720
2.6455
2.4290
2.5551
2.4378
2.8468
2.6385
2.5613
2.3545
2.2791
2.1633
2.4015
2.4796
2.4002
2.2792
2.1463
2.3227
2.4046
2.3965
2.3202
2.7489
3.2467
2.8860
2.7573
3.2025
2.7317
3.1262
2.8795
2.7554
2.8762
2.9544
2.9320
3.0961
2.9966
2.9784
3.4482
3.4212
3.1284
3.0480
2.8953
2.7436
2.5215
2.6742
2.7094
2.5829
2.7669
2.7370
3.1713
3.1466
3.2940
3.8549
3.3982
3.2145
3.7213
3.4183
2.7245
2.4428
2.4448
2.4429
2.1820
2.5956
3.2153
2.8438
2.7611
2.8250
3.1904
2.6542
2.9411
2.5711
2.7705
2.7225
2.8166
2.7122
2.5631
2.8390
2.7322
2.8097
2.5762
2.7747
2.7772
2.5375
2.2999
2.7364
2.3954
2.4983
2.6755
2.5886
2.6336
2.3094
2.6526
2.8582
2.8074
2.5153
2.8173
3.1320
3.0130
2.8034
2.8691
2.8869
2.8794
2.9213
2.9963
2.6855
2.4358
2.9148
2.7992
2.8111
2.6346
2.7240
2.5697
2.7346
2.9020
2.6701
2.8408
2.8815
2.7815
2.6618
2.8500
2.8824
2.8558
2.9544
2.9310
2.9906
2.5592
3.1381
2.6820
2.8305
3.1163
2.7338
3.1011
2.7025
2.6260
2.9706
2.7391
2.7142
2.9543
2.8784
2.4629
2.4694
2.7099
2.3712
2.4823
2.4841
2.5048
2.7407
2.5437
2.6528
2.6130
2.7289
2.7332
2.5600
2.5269
2.7951
2.8133
2.3869
2.4427
2.6623
2.5087
2.8517
3.0788
2.5749
2.7034
3.0166
2.9879
3.0661
2.9465
2.8837
2.9136
2.8107
3.0280
3.2544
3.0688
3.1762
3.0164
2.6389
2.8746
3.0157
3.1209
2.8566
2.8276
2.8335
2.8444
2.9605
2.6821
2.6422
3.0012
2.7618
2.8898
2.6422
2.7852
2.8183
3.0888
2.8541
3.0062
3.3156
2.9686
3.0536
2.7800
2.6082
2.4749
2.8605
3.1437
3.1343
3.0299
3.0688
2.5569
2.9177
2.9294
2.9597
2.8435
2.2671
2.5876
2.8648
3.0716
2.8644
2.3510
2.4513
2.8655
2.6430
2.7492
2.5020
2.8060
3.0283
3.0657
3.0584
2.7060
2.6902
3.1238
2.8974
3.4408
3.1326
2.7879
2.9753
2.8935
2.9754
2.8077
2.6057
2.7011
2.6952
2.6034
2.7723
3.1774
3.1159
2.8464
2.9800
3.0799
2.9884
3.0233
3.1357
2.6274
2.7760
2.8900
2.9037
2.8647
2.7987
2.9142
2.9733
2.8948
3.0449
2.8567
3.1600
3.1539
3.2033
3.0591
2.8993
3.1189
2.7311
3.1423
2.8665
3.1581
3.0648
2.9941
2.8048
2.7593
2.8644
2.9081
3.0518
2.6807
3.0484
2.7627
2.8359
2.6791
2.7913
2.4821
2.7917
2.2247
2.5300
2.5987
2.8302
2.8917
2.9199
2.4931
2.7537
2.5714
2.5843
2.9381
2.9692
3.0345
2.8772
3.0113
3.2440
3.0636
3.1702
2.8351
2.5938
2.6956
2.6205
2.8343
2.6977
2.7027
3.0191
2.9542
3.1252
2.9600
2.8978
2.6823
3.3763
3.4722
3.2839
2.9784
2.8434
2.6593
2.7724
2.6799
2.5636
2.6135
2.9011
3.3661
2.8571
2.7577
2.7319
2.7488
3.1940
2.8072
2.7246
2.8089
2.7111
2.8949
2.5952
2.6734
2.9556
2.3728
2.4339
2.4202
2.4938
2.5578
2.4849
2.6908
2.6038
2.5237
2.5679
2.5706
2.8444
2.4656
2.6053
2.4825
2.7023
2.6143
2.2198
2.2894
2.6341
2.3600
2.3542
2.6289
2.4957
2.8761
2.3330
2.2272
2.3341
2.3037
2.4905
2.5793
2.5781
2.5459
2.5748
2.5216
2.4377
2.4035
2.5716
2.5326
2.4140
2.3335
2.4313
2.2640
2.3468
2.4026
2.5938
2.5783
2.4199
2.5163
2.4774
2.7467
2.3066
2.3891
2.7961
2.8659
2.6566
2.9577
2.2233
2.4608
2.9614
2.5712
2.4616
2.2135
2.7418
2.3265
2.4239
2.4935
2.5993
2.2488
2.6768
2.4047
2.2109
2.2769
2.2169
2.3533
2.3875
2.5479
2.4506
2.5583
2.4850
2.3062
2.6432
2.7363
2.3252
2.3006
2.5952
2.6045
2.2802
2.2869
2.6213
2.4769
2.3175
2.3688
2.4149
2.5254
2.4352
2.4457
2.1488
2.2544
2.5261
2.6315
2.6512
2.5418
2.3102
2.3382
2.2666
2.6240
2.7424
2.4699
2.6093
2.6106
2.7852
2.5750
2.5025
2.7294
3.0855
2.8766
2.8062
2.5983
2.8321
2.6169
3.2071
2.8170
2.9163
2.3910
2.9208
2.9534
3.0922
3.1729
2.8690
2.7837
2.6536
2.6927
2.5648
2.5610
2.7610
2.3472
2.4585
2.4575
2.4192
2.1476
2.2552
2.3087
2.4626
2.4459
2.1633
2.1777
2.4603
2.3358
2.3812
2.4534
2.5219
2.8262
2.4257
2.4457
2.1384
2.3577
2.3043
2.4023
2.3147
2.2311
2.3747
2.4822
2.7733
2.7705
2.7811
2.8963
2.7528
2.9279
2.3080
2.5339
2.4772
2.5494
3.0330
3.0829
3.0248
3.3107
3.4386
2.5911
3.2114
3.1924
2.8145
3.2271
3.0344
3.0572
2.9073
2.6265
2.7798
2.7306
2.4972
2.5581
2.5252
2.6938
2.8121
2.3517
2.7428
2.6636
2.5044
2.4290
2.9281
2.8091
2.8837
2.6488
2.6805
3.1692
2.6867
2.6799
2.7724
2.8478
2.7779
2.8635
2.8984
3.0740
2.7151
2.7574
2.9957
2.8117
2.6418
2.7196
2.3635
2.3385
2.6557
2.5138
2.5737
3.3900
3.2677
2.6689
2.7501
2.7858
2.9363
3.0902
3.2750
3.0374
2.7616
2.7444
3.1997
3.1761
3.0711
2.9632
2.5723
2.5076
3.0935
3.0584
2.8734
3.0404
2.9607
2.9183
2.5324
2.7411
2.1972
2.3371
2.6497
2.4172
2.5683
2.7834
2.8628
2.6853
3.0392
3.0159
2.4142
2.9723
2.9788
2.6861
2.9235
2.6247
2.8124
2.6728
3.1038
2.6452
2.2520
2.2879
2.4898
2.5879
2.5921
2.3858
2.5014
2.3354
2.5318
2.6205
2.5619
2.5561
2.5232
2.6308
2.5827
2.3794
2.4438
2.3206
2.4535
2.3927
2.0389
2.1105
2.0276
2.0526
2.2590
1.9297
2.1380
2.2324
2.1280
2.3057
2.8020
2.4083
2.4204
2.5665
2.5874
2.5469
2.6740
2.4888
2.4461
2.6882
2.7005
2.3265
2.5768
2.5655
2.2664
2.5149
2.5996
2.6381
2.5514
2.5911
2.8517
2.9338
2.7985
2.6763
2.5096
2.7294
2.4596
2.3801
2.6575
2.1977
2.5909
2.6274
2.4277
2.6852
2.8247
2.6457
2.6645
2.7749
2.7644
2.5477
2.9063
2.6432
2.4519
2.3581
2.4394
2.5549
2.4405
2.4543
2.5958
2.4696
2.4546
2.5480
2.4798
2.3169
2.4206
2.4186
2.7093
2.4028
2.6815
2.8996
2.3578
2.2077
2.5815
2.3153
2.4823
2.5939
2.3030
2.2642
2.2135
2.4293
2.3471
2.4353
2.3694
2.6412
2.1671
2.4401
2.6138
2.3231
2.3689
2.5888
2.8638
2.2509
2.5750
2.5746
2.5470
2.5764
2.3582
2.3844
2.8509
2.5856
2.7300
2.7122
2.5044
2.6790
2.4087
2.5797
2.5381
2.4094
2.6091
2.3453
2.4514
2.5762
2.4207
2.3591
2.2597
2.4881
2.3553
2.4804
2.4240
2.3706
2.6223
2.2085
2.4075
2.4207
2.3597
2.5424
2.7553
2.5518
2.2177
2.5647
2.5567
2.0574
2.1701
2.2839
2.1628
2.0453
2.2541
2.2880
2.1967
2.3254
2.2716
2.3256
2.3797
2.3957
2.3677
2.4712
2.4321
2.3810
2.3699
2.3102
2.5211
2.3585
2.4812
2.5279
2.2896
2.3310
2.5179
2.7107
2.4744
2.6427
2.5610
2.5593
2.4060
2.4672
2.7981
2.6420
2.4806
2.5736
2.6209
2.5001
2.4749
2.3782
2.3994
2.5062
2.4578
2.3190
2.4726
2.3560
2.4176
2.3270
2.3044
2.3974
2.4556
2.3549
2.4576
2.2593
2.3892
2.2734
2.2515
2.7427
2.6121
2.8866
2.5680
2.7715
2.6498
2.7207
2.4325
2.8804
2.9564
2.9105
2.7692
2.6273
2.7698
2.6806
2.8402
2.5649
3.0619
2.5877
2.8062
2.6069
2.6621
2.4590
2.6577
2.4023
2.4297
2.7808
2.5867
2.9350
2.6448
2.6652
2.8698
2.8020
2.7287
2.6997
2.7398
2.9917
3.0369
2.9059
2.7045
2.5410
2.4193
2.4015
2.5928
2.5118
2.7036
2.7200
2.5515
2.8360
2.8299
2.7509
2.4705
2.7299
2.8159
2.4621
2.4534
2.8989
2.9420
2.5202
2.7555
3.0564
3.0715
2.8388
3.0844
2.6376
2.9274
3.0838
2.9170
2.9947
3.0776
2.6621
2.7722
2.6643
2.8690
2.5030
2.5531
2.6696
2.7264
2.5971
2.5592
2.3885
2.6000
2.8733
2.5566
2.6493
2.7707
2.8902
2.7758
2.6197
2.6962
2.5456
2.4503
2.7936
2.5602
2.3721
2.6727
2.8468
2.9647
2.4977
2.4772
2.4684
2.2971
2.3568
2.5639
2.9074
2.7773
2.4228
2.8495
2.3912
2.3122
2.5072
2.5002
2.5750
2.7047
2.5632
2.4075
2.2500
2.3929
2.8626
2.6967
2.6070
2.7054
2.3685
2.2672
2.4641
2.2873
2.3818
2.2284
2.0958
2.6169
2.2736
2.5208
2.4525
2.3954
2.2898
2.7562
2.3238
2.5434
2.3186
2.4988
2.6476
2.6334
2.5868
2.5252
2.7515
2.4451
2.5947
2.7947
2.4750
2.8227
2.3224
2.5973
2.5455
2.3428
2.4925
2.4707
2.6480
2.6188
3.0132
2.4866
2.5516
2.7570
2.9250
2.7220
2.3718
2.7385
2.4915
2.5920
2.4818
2.5382
2.5319
2.7983
2.9008
2.6565
2.7018
2.5546
2.7717
2.8941
2.5131
2.4966
2.4482
2.4239
2.4627
2.3411
2.7132
2.4454
2.6378
2.7293
2.4632
2.7620
2.5231
2.2934
2.3677
2.3456
2.4958
2.4201
2.5837
2.4596
2.5625
2.5129
2.4179
2.3644
2.4698
2.4136
2.3091
2.3034
2.7483
2.4640
2.3675
2.3142
2.3459
2.0692
2.3127
2.3836
2.3064
2.1095
2.1994
2.1481
2.2029
2.3262
2.2343
2.3991
2.3404
2.2479
2.1622
2.0685
2.1081
2.1245
2.1408
2.3084
2.0657
2.1696
2.1243
2.2102
2.0657
2.1041
2.0922
2.1786
2.0763
2.1399
2.2911
2.3898
2.2217
2.0637
1.8959
2.2182
2.4587
2.2483
2.1553
2.4643
2.4510
2.3202
2.3948
2.5148
2.0635
2.1566
2.4904
2.5655
2.8216
2.4041
2.1097
2.1190
2.0262
2.5451
2.0749
2.6812
2.2746
2.4804
2.9316
2.6416
2.3149
2.3116
2.6449
2.4010
2.5583
2.2775
2.2651
2.7163
2.4978
2.4676
2.8266
2.6686
2.5529
2.6590
2.7537
2.8188
2.7557
2.5719
2.4717
2.5821
2.6193
2.6037
2.5514
2.3240
2.3015
2.3867
2.6854
2.9909
2.5567
2.5062
2.3592
2.7379
2.5442
2.5211
2.5616
2.3396
2.5570
2.5497
2.5239
2.5103
2.9418
2.5037
2.6765
2.5775
2.4657
2.4670
2.4893
2.2934
2.3938
2.2193
2.2309
2.1080
2.2992
2.3925
2.3277
2.6938
2.4876
2.2984
2.2566
2.5818
2.8681
2.3293
2.4773
2.6940
2.6064
2.6977
2.5995
2.8349
2.5570
2.5607
2.3870
2.7485
2.4649
2.3901
2.5797
2.6785
2.7643
2.7435
2.5877
3.1684
2.6552
2.5972
2.6399
2.5791
2.5005
2.6719
2.6054
2.5265
2.6836
2.6398
2.8473
2.6136
2.6348
2.5237
2.7288
2.9399
2.8910
2.7155
3.0241
2.6787
2.8329
2.9502
2.6224
2.8679
2.6768
2.5558
2.6299
2.7822
2.6788
2.5779
2.6804
2.5668
2.6062
2.8586
2.7486
2.6801
2.9669
2.7162
2.6978
2.8393
2.8051
3.1838
2.5978
2.6915
2.7164
2.5133
2.6750
2.5622
2.6202
2.4798
2.5456
2.6102
2.4597
2.9104
3.1130
2.7424
2.7944
2.6530
2.6047
2.8866
2.7367
2.8046
3.0432
2.9985
2.9770
2.8284
2.6768
2.6405
2.8421
2.6650
2.9824
2.7327
2.5297
2.9579
2.6488
2.6628
2.8345
2.5425
2.6111
2.8540
2.6809
2.7280
2.4489
2.6870
2.6086
2.8525
2.5727
2.6198
2.8393
3.0384
2.7981
2.9608
3.1369
2.6204
2.9361
2.8798
3.3490
2.5104
2.6612
2.8082
2.6367
2.9568
2.8529
2.7744
2.7289
2.5936
2.8924
3.3021
3.1700
3.2498
3.3769
3.1560
3.1535
2.8424
3.0059
2.9561
3.1421
2.9724
2.8126
2.6630
2.7855
2.5053
2.9501
3.1417
2.9756
2.7045
3.2935
2.8824
3.2904
3.2568
2.9035
3.1898
3.2014
2.7449
3.1803
2.9213
3.4571
2.8332
3.2368
2.6908
2.9465
2.7862
2.6992
2.9029
2.5556
2.7988
2.9570
3.0005
2.6745
2.6503
2.9738
2.8828
2.7240
2.6904
2.9695
2.8484
2.9488
2.8488
3.1912
2.8178
2.6210
2.8313
3.1034
2.9036
2.7267
2.7857
2.8670
2.6878
2.9434
2.8360
2.8709
3.2561
2.8818
3.0636
2.9578
3.0939
2.6364
3.1044
2.9054
2.9218
2.7624
2.6761
2.6752
3.0048
2.9613
2.8694
2.8515
2.7098
3.0183
2.8854
3.0307
2.6476
3.1757
2.9382
2.9034
3.2238
2.8536
3.2857
2.9744
2.9248
2.8542
2.9876
3.2110
2.6364
2.6031
2.7111
2.8215
2.6894
3.1756
2.8713
3.0049
2.8523
2.5517
2.9975
3.3681
3.2762
3.0474
3.1181
3.2567
3.1690
3.6420
3.3856
3.2825
3.0046
3.1156
2.8543
2.7685
3.0379
3.0425
3.0450
2.8717
2.8677
3.0098
2.9035
2.9777
2.5271
2.9308
2.7344
2.9928
3.0616
2.7693
2.9703
2.7181
3.0345
3.1112
3.1101
3.0888
2.8759
3.0282
2.9176
2.9985
2.8978
2.8673
2.8117
2.6979
3.2420
2.9565
3.1679
3.3045
2.8300
2.9957
2.9779
3.0450
2.8526
2.7268
2.7117
2.7868
2.8481
2.9457
2.8951
2.8654
3.2945
2.8493
3.3850
3.5525
2.9663
3.1572
3.0296
2.9906
2.8037
3.0382
3.3202
2.9030
3.4036
3.2317
3.1918
2.9176
3.1586
2.9797
2.8912
3.0950
2.7905
2.8261
2.8242
2.8452
2.7830
2.9288
3.0807
2.6583
3.0627
3.0804
3.1098
3.3246
3.0086
3.1507
3.0931
2.9417
2.7440
3.2462
3.0053
3.1308
3.0689
3.0773
2.7318
2.5165
3.0725
2.8644
3.2317
3.6844
2.7902
3.0028
3.0325
3.0758
3.0223
3.0831
3.0776
3.2510
2.9801
2.9203
3.3891
3.2580
3.4448
3.3867
3.4428
3.0818
2.9256
2.9197
3.1743
3.1108
2.9746
2.9482
2.9178
3.2905
2.9472
2.7508
2.7824
2.7038
3.0040
2.8843
2.7291
3.2335
3.0370
3.0959
3.2291
2.7677
2.8528
2.6738
2.9051
3.0619
2.5425
2.6743
2.7570
2.8695
3.3322
3.0055
3.1007
3.0507
2.9048
2.7582
3.1385
2.7303
2.9453
3.4020
2.8979
2.9848
3.0414
3.0519
3.0744
3.3689
3.7219
2.9889
3.2095
3.0521
3.4523
3.3228
3.1643
3.1958
3.5919
3.0134
3.1356
2.9963
2.9491
3.1461
3.1967
3.1333
3.1472
3.1432
2.9153
2.8885
2.6735
2.6334
2.9908
3.1157
3.3285
3.1108
2.6921
2.5877
2.9397
2.5786
2.7603
2.7108
2.6993
2.4825
2.5760
2.8749
2.6762
2.9084
2.8064
2.7482
2.6574
2.5934
2.8450
2.8385
2.7306
2.6583
2.6717
2.8574
2.9260
2.9043
2.7264
2.7978
2.9600
2.6657
2.7562
3.0393
2.8446
2.7890
2.9944
2.9272
2.8705
2.8400
2.9470
3.3334
3.3031
2.8033
2.8786
2.9621
3.0957
3.0824
3.1600
3.0760
2.9864
3.2146
3.2397
3.0996
3.1126
3.0223
3.3007
3.3914
3.2299
3.4316
2.9324
3.0641
3.1697
3.0077
3.0592
3.2441
3.2633
3.3130
3.1566
3.4260
3.0022
3.1346
3.2603
3.1978
2.9303
3.0923
3.0819
2.9163
2.7960
2.6801
2.7464
2.8748
2.9536
2.9621
3.1705
2.8056
3.2534
3.3470
3.2964
3.3840
3.1255
3.1587
3.1640
3.5269
3.2015
3.7191
3.3876
2.9209
2.8172
3.1464
2.9628
3.5640
3.3154
3.2779
3.1859
3.3574
3.2032
2.9241
2.8192
3.0492
2.9940
2.8803
3.0793
3.1260
3.2034
3.3200
2.9060
3.3278
3.0480
2.8169
2.9983
2.8757
3.1734
2.9639
2.7961
2.7924
2.9201
2.8458
2.8578
3.0867
3.1347
2.9493
3.3062
3.1044
3.3844
3.1829
3.1830
3.1257
3.0197
2.6048
2.8571
2.5494
2.6019
2.5880
2.6678
2.8128
2.5812
2.3000
2.5745
2.3842
2.5901
2.5993
2.6432
2.4814
2.6122
2.5334
2.5956
2.8354
2.8670
2.5709
2.5818
2.5286
3.0237
2.9475
3.2258
2.9595
3.0707
3.2012
3.3597
2.9068
3.1279
3.2314
3.3407
2.9224
2.8116
3.2173
2.8817
3.0703
2.8675
2.7893
3.1235
3.0222
2.8757
3.3328
3.2856
3.2905
2.8878
3.0412
3.2479
2.9429
2.7886
3.1187
2.6918
2.9597
3.2105
3.1356
2.7897
2.9004
3.0490
3.0536
3.3025
3.1002
3.0359
2.8348
3.1182
2.9278
3.1412
2.8864
3.0689
3.0281
3.0908
3.2165
3.1661
3.1556
3.1242
3.1244
3.3404
3.0299
3.0830
3.1899
2.9934
3.2540
3.0940
3.3547
3.1966
3.0630
3.2840
3.3374
3.3092
2.9788
3.0083
3.4527
3.1356
3.0908
2.6737
2.8770
2.7842
2.9241
2.7515
2.8932
3.0612
2.7657
2.7000
2.6746
3.0921
3.2448
3.0147
2.8802
2.7381
3.0259
3.2200
3.1071
3.1681
3.0585
3.1912
3.0896
3.2587
3.0368
2.9545
3.1496
2.8261
3.0766
3.0772
3.2174
2.9239
2.9847
3.0089
3.2377
2.9561
3.2921
3.2188
2.9300
3.2170
3.2631
3.1371
3.3785
2.9370
2.9581
2.9521
3.1091
2.8027
2.7624
3.1370
3.1710
3.0581
2.8131
3.2715
3.1804
3.1491
3.4735
3.2327
3.1906
2.9923
2.9006
2.9094
3.0068
3.1811
3.0293
3.1377
3.3879
3.1638
2.8861
3.0654
3.2170
2.9329
2.9890
2.7120
2.9146
2.9315
3.3400
2.8664
2.9980
3.1266
3.1823
3.2845
3.1594
3.2269
3.2233
2.9466
2.8294
3.0165
2.7352
3.2499
2.8141
2.9474
2.8745
2.5802
3.1007
2.9519
2.9802
3.3842
3.0783
3.0586
2.8337
3.0733
2.6960
2.8029
2.9324
2.7395
2.7455
2.7156
2.8129
2.7456
3.1013
2.8447
2.7841
2.7544
2.7608
2.7136
3.0599
3.0416
2.7564
2.8499
2.6664
2.8690
2.9097
3.2091
2.7852
2.8186
3.0736
2.6848
2.7219
2.7077
2.4388
2.5322
2.6655
2.5187
2.3265
2.3286
2.3724
2.5808
2.7967
2.7016
2.6883
2.5667
2.9301
2.7250
2.7862
3.0144
2.8551
2.9686
3.1652
2.6962
2.7146
3.0877
3.0146
2.6072
2.5644
2.4688
2.7850
2.3032
2.5518
3.1126
2.7201
2.9898
2.7007
2.6224
3.0749
2.8487
2.7060
2.7096
2.7709
2.9981
2.8502
2.6579
2.9401
2.4706
2.8244
2.8069
2.9333
2.9068
2.9184
2.7746
2.7324
2.6124
2.6792
3.0060
2.6243
2.5906
2.8450
2.5383
2.6467
2.4965
2.7614
2.5388
2.6313
2.9420
2.7408
2.9216
2.7973
2.4344
2.6030
2.7138
2.4984
2.6668
2.3874
2.8322
2.4696
2.6773
2.6685
2.7388
2.6596
2.7290
2.6057
2.9717
2.8757
2.7514
2.6934
2.9364
3.0362
3.2156
3.1223
2.8967
2.9757
3.0109
3.0809
2.8162
2.7533
2.6658
2.8226
2.4924
2.4980
2.5663
2.6274
2.7586
2.8790
2.4979
2.5833
2.5503
2.9068
2.6973
2.8095
2.6357
2.5282
2.5551
2.6213
2.7918
2.7069
2.7566
2.9458
3.1411
2.7546
2.9860
2.6840
2.5084
2.8100
2.7457
2.7772
2.5807
2.5509
2.8210
2.6730
2.6490
2.4929
2.5910
2.5384
2.7142
2.6391
2.5632
2.7513
2.7135
2.4732
2.9580
2.9617
2.8703
2.5815
2.8351
2.6041
2.7252
2.4514
2.7294
2.5007
2.6221
2.5870
2.2384
2.6814
2.7540
2.5202
2.7471
2.4213
2.4200
2.2053
2.4641
2.5457
2.5457
2.3354
2.4037
2.3615
2.5893
2.6125
2.4079
2.6389
2.4001
2.6999
2.5247
2.5287
2.2708
2.1901
2.2849
2.3962
2.3665
2.5591
2.2895
2.3906
2.4918
2.2982
2.4313
2.5373
2.6438
2.4323
2.4403
2.5467
2.6735
2.5447
2.5829
2.6914
2.5999
2.4622
2.5180
2.4910
2.6866
2.7513
2.4965
2.6427
2.5261
2.5146
2.4534
2.7434
2.9929
2.7738
2.6826
2.8300
2.6410
2.8178
2.4099
2.6377
3.1057
2.6424
2.6001
2.9431
3.1103
2.8357
2.7995
2.8125
2.9110
2.6974
2.8482
2.6698
2.7316
2.8344
2.7601
2.8861
2.9601
2.6466
2.9101
2.8808
2.3032
2.4243
2.6860
2.1577
2.6055
2.5505
3.0155
2.5862
2.2915
2.4045
2.7062
2.3689
2.6692
2.7380
2.5253
2.3867
2.4166
2.5156
2.7318
2.6638
2.7252
2.5662
2.8252
2.4460
2.3813
2.5513
2.3872
2.4881
2.2728
2.2744
2.4399
2.3085
2.6115
2.5370
2.6159
2.6901
2.7705
2.4110
2.3206
2.1283
2.3318
2.3769
2.4200
2.3840
2.1966
2.2115
2.3921
2.5098
2.5460
2.5819
2.1171
2.1092
2.1908
2.2205
2.4984
2.3521
2.3815
2.3894
2.3570
2.2959
2.3783
2.2498
2.3030
2.1722
2.3143
2.4000
2.4069
2.3824
2.3096
2.3449
2.4015
2.5098
2.2902
2.5474
2.3587
2.4559
2.4666
2.4339
2.5606
2.5648
2.6342
2.4019
2.5041
2.1453
2.1224
2.2046
2.1861
2.3376
2.3252
2.2947
2.5403
2.4258
2.5199
2.3510
2.6818
2.4783
2.4811
2.4188
2.3966
2.3063
2.2822
2.1920
2.2101
2.2160
2.3991
2.1714
2.0561
2.0768
2.0585
1.9983
2.1529
2.0568
2.0756
1.9248
2.1353
2.1403
2.2014
2.2770
2.2943
2.2059
2.1247
2.2998
2.3092
2.3481
2.4271
2.6784
2.6295
2.5703
2.6139
2.6415
2.7060
2.5598
2.4949
2.6437
2.4680
2.3835
2.3917
2.7538
2.6756
2.7768
2.8472
2.8097
2.5391
2.3608
2.4208
2.5715
2.7635
2.5924
2.3877
2.6461
2.4403
2.4956
2.5388
2.6875
2.6170
2.9619
2.7120
2.5547
2.5870
2.6741
2.6996
2.8487
2.8110
3.0716
2.7270
2.8679
2.7334
2.6533
2.6118
2.4759
2.5364
2.3626
2.5721
2.6136
2.4270
2.5818
2.5415
2.6535
2.5255
2.7513
2.6429
2.5768
2.8429
2.7009
2.6892
2.6620
2.6231
2.4809
2.4677
2.4158
2.3584
2.5584
2.8830
2.8377
3.0268
2.6753
3.0519
2.9401
2.5577
2.7833
2.4330
2.6516
2.4290
2.6975
2.8612
2.7517
2.8129
2.5872
2.6587
2.9215
2.5534
2.7459
2.5168
2.8063
2.8433
2.4939
2.6263
2.7525
2.6463
2.7705
2.5510
2.7337
2.8528
2.4970
2.5125
2.5490
2.5609
2.3070
2.4436
2.6955
2.9934
2.7075
2.8246
2.9456
2.8022
2.7015
2.7158
2.9997
2.9271
2.8937
3.1480
3.0837
3.1106
3.0365
3.0726
2.9875
3.1464
3.2157
3.0192
3.1654
3.0627
2.9560
3.1318
3.0813
2.7496
2.9835
2.8971
2.9242
2.6897
2.6750
2.9477
2.9942
3.1603
3.1861
3.1038
3.0111
2.9100
2.9633
2.9870
3.1125
2.9603
2.9198
2.8556
2.7806
2.9495
2.7208
2.8987
2.7242
2.7135
2.8329
3.1004
2.9156
3.1687
2.7076
3.0226
2.8148
2.5469
2.5320
2.7247
3.1279
2.7300
3.1022
3.0175
2.9659
2.8980
2.8593
2.9187
3.0160
3.0515
3.0065
3.1263
3.0769
3.2465
3.1465
3.0024
3.0280
2.9559
2.8568
2.9520
2.9969
2.9581
2.9462
3.3320
3.0477
2.8769
2.7601
3.0643
3.2037
2.9254
2.9012
2.6515
2.9161
2.8961
2.9779
2.7142
3.0619
2.7360
2.7350
2.7275
2.8357
2.8234
2.8776
2.5409
2.9150
2.8206
2.8342
2.5589
2.5122
2.4746
2.3648
2.5243
2.7320
2.7456
2.8817
3.0101
2.7967
2.9121
2.8674
3.3083
2.9671
2.6453
3.1765
2.9122
2.7930
2.6515
3.0110
2.5068
2.4924
2.5559
2.5908
2.5317
2.5065
2.9003
2.8911
2.7105
2.6593
2.5449
2.9305
2.7726
3.0340
3.2366
3.2546
2.9380
2.9563
2.6506
2.6005
2.7922
2.7732
2.9061
2.6023
2.7790
2.6781
2.5188
2.8314
2.6643
2.8493
2.7445
2.8235
2.8093
2.8955
3.2766
3.1091
2.7779
2.7743
3.1423
2.8489
2.9963
3.3982
2.8820
2.9849
3.1577
3.0738
2.8591
2.7893
2.7596
2.8406
2.9338
2.9560
3.2480
2.9813
3.1910
3.0013
3.1494
3.0298
2.9114
2.7570
3.0070
3.3236
3.2443
3.1899
3.2681
3.3509
2.9686
3.0251
3.0597
2.7089
2.7360
2.8475
2.7607
3.0514
3.5882
3.2722
3.2822
2.9345
2.9544
2.7325
2.9184
2.8136
3.0657
2.9218
3.0425
3.1328
3.2214
3.2949
3.4152
3.1262
3.2995
2.7175
3.0975
3.0387
3.1139
3.0069
3.2201
3.3452
2.8004
2.9877
3.2509
2.7289
2.8983
2.8410
3.0633
3.1879
2.8903
3.4505
3.3412
3.4041
3.0447
3.3860
3.4805
3.1761
3.4191
3.0664
3.3941
3.3822
3.1777
3.6393
3.7459
3.8787
3.4270
3.0358
3.3211
3.2881
3.3893
3.4029
3.2109
3.2297
3.3478
3.4850
3.3908
3.6874
3.4887
3.4699
3.6565
3.2585
3.2624
3.4904
3.5258
3.2320
3.3429
2.9243
3.4734
3.2008
2.9857
3.5663
3.0538
3.0304
2.7787
3.0574
3.2435
3.0041
3.5379
3.0141
3.3224
3.5797
3.5586
3.5620
3.3677
3.6720
3.5571
3.5203
3.9296
3.2922
3.1085
3.3523
3.7230
3.2656
3.2106
3.6755
3.6771
4.0441
3.3585
4.0890
4.9175
4.1113
4.3212
4.5443
4.4765
4.2869
4.3939
4.1692
4.8068
4.6232
4.8799
4.4154
4.4194
4.3523
4.3808
4.2751
4.2480
4.1607
4.2852
3.9520
3.4095
3.8950
4.0230
4.3220
4.3362
4.4124
4.6220
4.3130
3.6139
4.4316
4.4336
4.1267
4.1957
4.6059
4.1568
3.9110
4.1493
4.5046
4.2737
4.5311
4.6956
4.2689
4.0547
4.0746
4.0551
3.7974
4.0538
4.3639
4.9710
4.4443
4.5165
4.5738
4.2263
4.1700
4.4296
4.2923
4.7001
4.5461
4.5366
4.4828
4.7204
5.1148
4.5590
4.4833
4.5745
4.5309
4.7503
5.0736
4.0826
4.5495
4.2329
4.0292
4.5999
4.9106
4.5146
4.9756
4.7620
4.2950
3.6460
3.8132
3.5038
3.4475
3.3339
3.4827
3.3883
3.8789
3.4484
3.2335
3.0059
3.1227
2.9982
3.0280
3.0475
3.0630
3.3015
3.1903
3.6767
3.2262
3.2770
3.3878
3.4609
3.5197
3.9466
3.6126
4.3007
3.4390
3.8574
3.4315
3.3243
2.9400
2.8656
3.0058
3.6103
2.6879
3.3072
3.4596
3.0497
3.1355
2.9378
3.0963
3.3098
3.6598
3.8816
3.0959
3.1925
3.1293
3.3886
2.9514
2.7609
3.1946
3.2837
3.2722
3.0864
3.1529
3.4553
3.5677
3.4611
3.6162
3.7488
3.7154
3.2803
3.3456
3.5442
3.6773
3.8032
3.0011
3.3044
3.6792
3.6898
3.7092
3.7596
3.4470
3.6117
3.8942
3.6544
3.8863
3.6668
3.7299
3.6492
3.5751
3.4560
3.4490
3.5643
3.6072
3.3921
3.1444
3.4324
3.2103
3.3161
3.5734
3.2501
3.0271
3.2757
3.3949
3.4901
2.9159
3.3030
3.1249
3.4716
3.4170
3.7544
3.1908
3.5583
3.6239
3.5468
3.7539
3.5789
3.0644
3.6135
3.4981
3.3689
3.6889
3.2330
3.6447
3.1024
3.3559
3.3381
3.6877
3.1694
3.6653
3.8522
4.0170
3.7956
3.4654
3.5056
3.4120
3.1024
3.7358
3.4825
3.3040
3.3550
3.4743
3.7340
3.0802
3.3055
3.4257
3.2088
3.2086
3.3238
3.3205
3.1733
3.2246
3.3480
3.2451
3.2662
3.5388
3.1837
3.4638
3.3343
3.2557
3.2165
3.3983
3.2339
3.0073
3.2996
2.9532
3.2946
3.3133
3.1333
3.0845
3.2150
3.2445
3.3354
3.0053
2.7710
2.9544
3.1736
2.6686
3.4434
2.8728
3.0448
2.7587
2.7536
2.9508
2.8908
3.0949
2.9784
2.4266
3.0414
2.6796
2.6306
2.3855
2.5409
2.5188
2.7673
2.4955
3.1651
2.7631
2.8596
2.9852
2.7763
2.9258
2.7563
2.9208
3.1263
2.9608
2.7689
2.7812
3.1367
2.9972
3.2606
3.1690
3.0222
2.9906
3.3356
3.5996
3.2607
3.5132
3.1830
2.9628
2.8651
2.9301
3.0395
2.9926
3.1428
3.0984
3.0204
3.1027
3.0115
3.0031
3.0547
3.0099
2.7824
2.8872
3.1507
2.8351
3.1850
2.8728
2.8957
3.1768
3.0506
3.0509
3.4068
3.4477
3.6795
3.6161
3.6990
3.7474
3.4407
3.5809
4.0861
3.5210
3.6579
3.4319
3.2079
3.2357
3.5302
3.0928
3.1266
3.2326
3.0258
3.4371
3.3126
3.5232
3.3502
3.7105
3.3723
3.5028
3.2037
3.1765
3.2915
3.0822
3.3175
2.9892
3.0851
3.3135
3.2745
3.4095
3.2785
3.2289
3.2655
3.1135
3.3331
3.2047
3.2018
3.2265
3.3355
3.1802
3.2623
2.9408
2.8063
3.2418
3.1344
3.1167
3.3104
3.5004
3.0278
2.8904
3.3340
3.3929
3.2697
3.2278
3.3959
3.7217
3.1931
3.3507
3.4693
3.7067
3.0242
3.8077
2.9988
3.3501
3.3237
3.5740
3.1618
2.9847
3.0213
2.9418
2.9346
2.7476
2.7504
3.3450
3.0678
3.1667
3.3514
3.6294
3.2848
3.2342
3.1341
3.5799
3.3996
3.3271
3.3768
3.1232
2.9810
3.2892
3.1598
3.3092
3.1524
3.2967
3.3998
3.1224
3.4764
3.3768
3.4462
3.3530
3.0374
3.0831
3.6578
3.0666
3.3137
2.6798
3.4146
3.1629
3.0616
3.1202
3.2928
3.5161
3.6672
3.2173
3.2313
3.2068
3.3755
3.4993
3.5453
3.9550
3.3127
3.1096
3.2154
3.6569
3.4173
3.6508
3.5100
3.3498
3.4232
3.5459
3.6199
3.2043
3.2747
3.1956
3.2063
3.4394
3.3669
3.3269
4.0485
3.4389
3.4152
3.3151
3.6308
3.5810
3.2099
3.7087
3.6352
3.8237
3.9491
3.6556
3.7366
3.8112
4.1234
3.8915
4.0261
3.7443
4.3247
4.0621
4.2352
4.0063
3.5102
3.7871
4.1090
3.6207
4.3517
4.1034
4.2823
4.1576
3.7361
3.7488
3.5610
3.9266
3.8705
3.5731
4.0954
3.8674
3.5862
3.9895
3.8169
3.7742
3.3027
3.3174
3.5290
3.6772
3.3313
2.8017
2.9178
2.8611
3.2262
3.1422
3.1220
3.1708
3.3353
2.6583
2.7077
2.8895
3.5166
3.0207
3.2686
3.0880
2.7242
3.2947
3.1527
2.6753
3.0042
3.0860
2.9032
2.8249
2.9331
2.9231
2.9632
2.8689
2.9855
2.8555
2.9826
2.9652
2.6801
2.9951
3.1388
3.2093
3.3893
3.1774
3.1492
3.3934
3.2320
3.2279
3.3847
2.9628
3.0452
2.9135
3.1818
3.4210
2.9230
2.7050
3.0842
2.8536
3.1389
2.9182
2.7891
3.0157
3.1846
3.2427
2.8449
3.2119
3.3297
3.1091
3.4413
3.5402
2.9244
2.9614
3.3234
3.0912
2.7414
2.9857
3.2990
3.3946
3.2571
3.1093
2.9652
3.0969
3.0040
2.5176
2.8169
2.8268
2.9563
3.0671
2.8522
3.0803
3.1674
3.3997
3.1309
2.9555
2.7384
2.9817
3.0338
2.8252
2.8564
2.8469
3.0692
2.7877
2.9517
2.9888
2.7453
2.8915
3.0413
2.7848
2.8573
2.9957
2.7693
2.8694
3.2066
2.8362
2.7075
2.8893
3.4286
3.2022
3.5401
3.1592
3.3063
3.2361
3.3975
3.2956
3.3031
3.6534
3.4891
3.1873
3.1331
3.3446
3.2145
2.9882
3.2757
3.0865
2.9560
3.1404
3.3807
3.4594
3.5135
3.1592
2.9913
3.1490
3.0985
2.7395
3.2331
3.0389
3.3012
3.7004
3.4037
3.3384
3.0160
3.3835
3.2021
2.8815
3.1334
3.0733
3.0033
2.9615
3.0839
2.8576
3.2477
3.0339
3.3966
3.2038
3.5070
3.1905
3.1862
3.3259
3.1329
3.2180
3.4269
3.3459
3.0190
3.1702
3.0974
3.2927
3.3612
3.1378
3.0277
2.9472
3.1751
3.0691
3.5337
3.4159
3.1057
2.9901
3.2975
3.1944
3.3501
3.3036
3.3800
3.2787
3.2498
3.0092
3.0504
3.1344
3.1036
3.1065
3.2697
3.1276
2.7890
2.6926
2.6672
2.8617
2.4623
2.8129
3.1655
3.1871
2.9090
2.7647
2.9765
2.9343
3.0092
2.8406
3.1231
2.9024
2.9589
2.9735
2.8295
3.1254
3.1956
2.8645
2.9744
3.2639
3.3453
3.7462
3.6405
3.1184
3.4386
3.7258
3.6287
3.4598
3.2507
3.2388
3.1156
3.3112
3.0572
3.0079
2.9853
2.9675
2.7889
3.0948
2.9967
2.8629
3.1521
3.2590
3.0218
2.8883
2.7981
3.2447
3.1126
3.1064
3.4700
3.2955
2.9370
3.4823
3.3676
3.4406
3.3235
3.3237
3.1921
3.3077
3.2432
3.2983
3.3061
3.2701
3.6747
3.1289
3.4553
3.3303
3.3003
3.0358
3.3700
3.3586
3.9573
3.8533
3.9127
3.4710
3.5489
3.0641
3.2667
3.3444
3.3895
3.1095
2.8588
2.8167
3.0980
2.9264
3.3845
3.1164
3.4652
3.8139
3.7710
3.3250
3.4100
3.5352
4.0086
3.7628
3.5402
3.4786
3.1310
3.2392
3.5078
3.5541
3.3465
3.5036
3.5559
3.4817
3.2525
3.8500
3.5838
3.9244
3.9186
3.3888
3.2608
3.6611
3.3800
3.2243
3.2652
3.1321
3.5015
3.3707
3.6573
3.1811
3.2079
3.4286
3.3592
2.7557
3.7351
3.2659
3.0355
3.2763
3.0664
2.8112
3.2446
3.2462
2.9624
2.9313
3.0117
3.2149
3.1077
3.3796
3.2714
3.5859
3.3794
3.5227
3.7061
3.3480
3.2630
3.6284
3.2439
3.1715
3.5534
3.0588
3.2149
3.6451
3.7570
3.3973
3.4864
3.3185
3.7407
3.5560
3.4850
3.1727
3.2717
3.5523
3.2304
3.3751
3.3591
3.5274
3.3325
3.5199
3.2345
3.4029
3.3473
2.8366
2.9098
3.1211
3.0527
2.8296
2.9858
3.1470
3.1816
3.2132
2.9139
3.3784
3.2671
3.3147
3.0355
3.1823
3.2849
3.2945
3.0728
3.3395
3.1879
2.8823
3.0789
3.0905
3.4029
3.5191
3.0543
3.2314
3.2411
3.1700
3.4029
2.8842
2.7677
3.0603
2.8503
3.0985
3.4496
2.8888
3.4094
3.2573
3.2172
3.5737
3.1917
3.3140
3.1056
3.0478
3.3883
3.7485
3.7818
3.6203
3.4286
3.4648
3.4815
3.3291
3.4953
3.3951
3.2525
3.3993
3.2292
3.7680
3.4609
3.5996
3.1577
2.7689
3.3869
3.1474
3.2289
2.9394
3.1460
3.6048
3.8744
3.6230
3.8028
3.7440
3.8903
3.6441
3.6887
3.5715
3.9546
3.7554
3.8327
3.5407
3.5259
3.6978
3.2181
3.1831
3.0591
3.2567
3.9031
3.4410
3.4842
3.4418
3.4501
3.3757
3.2271
3.5234
3.3545
2.8280
2.9227
3.1328
3.4539
3.6002
3.6772
3.7388
3.2084
3.3572
3.3016
3.4017
3.6653
3.4966
3.3998
3.6602
3.9509
4.1433
4.2106
4.0794
3.4410
3.6410
3.9760
3.9400
3.7733
3.7764
3.5226
3.8139
3.9194
4.0184
3.5300
3.6628
3.7494
3.5515
3.9699
3.8776
4.0583
4.0260
3.9508
3.7818
3.5333
3.4533
3.5112
3.5110
3.5878
3.9926
3.9592
4.0645
3.7063
3.9434
3.2850
3.3133
3.6040
3.5878
3.8296
3.6347
3.8811
3.8456
3.3660
3.2083
3.1532
3.2117
3.2708
3.1564
3.1154
3.2906
3.1217
2.5549
2.5586
2.6921
3.0508
2.9485
2.9195
3.0176
3.1637
3.0744
2.9347
3.1250
3.1598
3.2087
3.2079
3.2567
3.3017
3.4595
3.4434
3.2902
3.0446
2.9410
3.1365
2.9910
3.1407
2.8392
3.4475
2.9979
3.1044
3.4212
3.0217
3.6937
3.5062
3.6574
3.4272
3.7032
3.3545
3.1574
3.4539
3.5420
4.1701
3.7674
3.8565
3.6233
3.6512
3.5300
3.5350
3.5628
3.3574
3.0685
3.1735
3.7657
3.2026
3.3264
3.7351
3.3391
3.5142
3.5897
3.5941
3.1170
2.9785
3.2274
3.0148
2.7345
2.8028
2.8579
3.4490
3.3193
3.4751
3.1488
3.2544
3.5730
3.2944
3.6742
3.4093
3.5588
3.2366
3.1333
3.9021
3.5528
3.9600
3.5631
3.5845
3.2441
3.3858
3.1639
3.1649
3.6937
3.4326
3.4636
4.0373
3.8605
3.9336
3.6860
3.7065
3.6325
3.8892
3.9681
3.6926
3.7812
3.6848
3.9490
3.6373
3.9694
3.5886
3.5016
3.8087
3.8268
4.3768
4.2771
4.2579
3.5553
3.7895
3.5337
3.9214
3.9269
3.9543
3.4717
3.3226
3.7166
3.7864
3.8847
3.2447
3.3607
3.8925
3.4151
3.3130
3.5693
3.9378
4.0849
3.8819
3.4535
4.0009
3.9120
3.4403
3.4053
3.3466
3.3700
3.5191
3.6455
3.7668
3.5882
3.4382
3.6835
3.4369
3.0425
3.4060
3.6287
3.3226
3.7598
3.6692
3.8097
3.7366
3.8208
3.7949
3.4055
3.4655
3.4319
3.5713
3.2447
3.2243
3.4751
3.5429
3.0816
3.4835
3.5343
3.6151
3.4234
3.2688
2.9437
3.3681
3.4504
3.0626
3.3990
3.6034
3.4118
3.1979
3.2284
3.3614
3.2344
3.3517
3.3683
3.2352
3.2938
3.4151
3.4498
3.3710
3.0708
3.0836
3.0500
3.3251
3.3726
3.1462
3.5052
3.3671
3.2992
3.1389
3.5209
3.9757
3.4464
3.2381
3.7269
3.3426
3.5350
3.6254
3.6623
3.8787
3.6840
3.7340
3.6794
3.4806
3.4365
3.7784
3.3928
3.4355
3.6186
3.9359
3.2194
3.5515
3.2000
3.5184
3.4125
3.3205
3.4100
3.2940
3.3446
3.2426
3.1441
3.2577
3.0071
3.3353
3.5302
3.2876
3.2780
3.4297
3.0941
3.2975
3.1377
3.3961
3.5652
3.6412
3.3257
3.5108
3.7453
3.1102
3.1593
3.5598
3.7541
3.5811
3.4054
3.4888
3.3303
3.6034
3.6813
3.4193
3.6173
3.5619
3.2474
3.1850
3.4548
3.6676
3.5433
3.3137
3.4404
3.7308
3.8275
3.6843
3.1918
3.5149
3.2356
3.4260
3.3742
3.5240
3.3212
3.4736
3.9847
3.9736
3.7918
3.7392
3.5456
3.4325
3.3312
3.3299
3.4033
3.4077
3.4081
3.5413
3.6225
3.9872
4.0185
3.9103
3.6623
4.0757
4.1372
3.9563
3.7411
3.6381
3.3426
3.2058
3.5296
3.3786
3.6083
3.5258
3.7788
3.9253
3.7996
4.6996
4.3233
4.2012
3.5738
4.2134
4.0151
3.7883
3.6578
3.7106
3.8733
3.8534
3.6106
3.8970
3.4603
3.5391
3.3377
3.3423
3.1445
3.1149
3.1247
3.4991
3.3673
3.0355
3.1592
3.2703
3.3111
3.1786
3.5385
3.2892
3.6784
3.7115
3.2724
3.6108
3.4724
3.5390
3.4250
2.9090
3.1715
3.4855
3.4355
3.3587
3.1361
3.3597
3.7921
3.8664
3.8212
3.5013
3.9407
3.3908
3.1786
3.0666
3.1585
3.6207
3.8135
3.4823
3.4990
3.4651
3.4558
3.4837
3.5984
3.3888
3.3574
3.5155
3.4208
3.7609
3.7664
3.9632
3.6844
3.3699
3.7901
3.6848
3.7594
3.7759
3.7027
3.2112
3.3354
3.6959
3.3201
3.2170
3.1696
3.5362
3.4177
3.6126
3.3972
3.3331
3.4575
3.6589
3.6510
3.5772
3.3195
3.3055
3.5717
3.8177
3.8875
3.8651
3.8660
3.5293
3.4578
3.7225
3.5012
3.9209
3.7986
3.7220
3.5164
3.3400
3.4235
3.5703
4.0040
4.0717
3.4494
3.5050
3.5413
3.7913
3.8248
3.5512
2.9819
3.5397
3.6304
3.3683
3.5289
3.1667
3.2387
3.2588
3.1071
2.6297
2.9659
2.6745
2.8665
3.1093
3.0235
3.0726
3.0090
2.8273
2.7397
2.7707
3.0669
3.1953
3.0065
3.1562
3.2075
3.5293
3.2054
3.6222
3.0870
3.0756
2.9076
3.4884
3.5857
3.3196
3.4716
3.3268
3.3516
3.0531
3.1984
3.2291
3.0644
2.9804
3.2619
3.1617
3.3941
2.9032
2.8771
3.1545
3.0957
2.8230
2.5732
3.0744
2.8945
3.2852
3.3380
2.6712
3.0112
3.0821
2.8588
2.9441
2.8609
3.2098
3.3326
3.1541
3.1787
2.9170
3.1778
3.2635
3.1706
3.0747
3.2750
3.1304
2.9668
2.9699
3.0761
2.6239
2.9132
3.2885
2.9139
2.9411
2.8917
3.0916
3.1328
3.0223
2.9512
3.3478
3.0741
2.9979
2.9595
3.0715
3.0535
3.1321
3.1620
2.7446
2.9996
2.8664
2.9621
2.9861
3.0231
3.1597
3.2162
3.1506
3.3010
3.0536
3.0365
2.9246
2.8156
2.6905
2.8034
3.1649
3.0112
3.1225
2.9414
3.1651
3.2487
2.9490
3.1275
3.1391
3.3871
3.1994
3.1590
2.8957
3.0039
3.1356
3.1114
3.0178
3.2847
2.7007
2.9735
2.7742
2.6399
2.9119
3.0908
2.7660
3.0051
2.9196
2.9024
3.3987
3.6998
3.1993
2.7661
2.9967
3.2539
3.4796
3.0626
3.7950
3.3245
2.8553
2.9134
3.4361
3.0740
3.0552
3.2383
3.0015
3.0400
3.3602
3.3602
3.2219
3.0305
3.3619
3.6156
3.4409
3.3569
3.3453
3.2683
3.1694
3.3109
3.3288
3.1674
3.2061
3.1223
3.4184
3.4007
3.1975
3.0673
3.1646
3.0783
2.8710
3.0690
3.2396
3.3359
3.0218
2.9243
3.2831
2.8481
2.9090
2.9385
3.0981
2.8821
2.9998
3.1675
3.1666
2.9826
3.3473
3.0336
3.1135
3.2288
3.3479
3.1349
3.1217
3.3374
2.9546
2.9169
3.1945
2.9893
3.0179
2.9770
3.3749
3.0803
2.9991
3.2117
3.1805
3.1948
3.1322
3.2646
3.2104
3.7210
3.2502
3.0254
3.1701
2.9480
3.2148
3.1814
3.0850
3.3529
3.1482
3.3081
3.2330
3.3845
3.1466
3.2741
3.1333
3.2075
3.1797
2.9619
3.2780
3.0584
3.1104
3.3480
3.3001
3.1495
3.5120
3.0798
3.4134
2.9428
2.8573
3.2176
2.8494
2.9929
2.9383
3.0227
3.0215
2.8734
2.9758
2.7733
3.0133
3.1413
3.0535
2.8248
3.0876
2.9582
3.2984
3.1783
2.8957
2.7351
2.8155
2.7231
2.9187
2.8391
2.9422
2.7980
2.6475
2.5828
2.6568
2.6522
2.6761
2.4277
2.7057
2.9268
2.8794
2.5535
3.0401
2.8568
2.5997
2.5655
2.8526
2.7380
2.4442
2.8250
2.7325
2.8596
2.8218
2.6233
2.6848
2.6406
2.8214
2.7139
2.8616
2.9838
2.7951
2.6448
2.5091
2.9359
2.8219
2.9307
2.7300
2.7782
3.0448
3.2599
3.0448
2.8131
2.9582
2.6789
3.0290
2.8141
2.7981
3.0526
2.6880
2.7020
2.7018
2.8379
2.7520
3.3346
2.8451
2.9250
2.7853
2.8299
2.9835
2.9566
3.2405
3.0380
2.9472
2.8931
2.8630
3.0094
2.8406
2.6983
2.9537
2.4880
2.7502
2.6986
2.6135
2.9311
3.0792
2.8367
3.0815
2.8940
3.0223
3.1252
3.1142
3.2166
2.8413
3.0022
2.8958
3.1868
3.0813
3.0976
2.7561
3.1300
3.0119
3.1874
2.9676
2.6769
3.0358
3.2512
3.0522
2.8701
3.0233
2.6374
2.8310
2.9438
2.5379
2.6970
2.6592
2.7307
2.7355
2.7690
3.0885
2.9311
2.8201
3.1082
2.7855
2.8994
2.5791
3.1545
2.6389
2.5644
2.8686
2.4578
2.7615
2.7947
2.6102
2.5982
2.9326
2.6100
2.8631
2.6612
2.8027
2.9828
2.9597
2.7883
2.9893
3.0557
2.8759
2.9551
2.7452
2.9035
2.8410
3.0838
2.9131
2.6529
3.0125
2.9249
2.8028
2.5260
2.6702
2.9119
2.4828
2.6336
2.4985
2.7117
2.6694
2.6523
2.8213
2.5881
2.5983
2.2919
2.3695
2.5663
2.6361
2.8258
3.1904
3.1681
2.8882
3.0887
2.8784
3.0216
3.0137
2.7365
2.6470
2.8418
2.7138
3.0368
2.9528
2.7247
2.9361
3.1383
2.7995
2.9592
2.8537
3.0040
3.0542
3.0281
3.1560
3.0463
2.9807
3.0508
3.0347
2.7931
2.5340
2.9058
2.8630
2.6646
2.8244
2.9406
2.7607
2.7298
2.7395
2.7146
2.7331
3.0293
3.1477
2.8648
2.8536
3.0372
2.6281
2.9564
2.5916
2.3851
2.8058
2.8918
2.7183
2.9251
2.7995
2.5794
2.5799
3.0193
2.7233
2.7701
2.5743
2.9493
2.7180
2.9556
2.6933
2.7698
2.7224
2.6895
2.7344
2.8920
2.8087
2.6990
2.8049
2.9685
2.8729
2.8761
2.8515
2.8050
2.7842
2.8736
2.7239
2.8015
2.6262
2.8590
2.9178
2.6259
2.8878
2.9223
2.7655
2.7804
2.7532
2.8186
2.7903
2.8687
2.7931
2.8847
2.8495
3.0466
3.0251
2.9140
2.7302
2.9455
2.5132
2.6035
2.7069
3.1240
2.8046
2.7600
2.8403
2.9567
3.0671
2.8039
2.8084
3.1802
2.8880
3.0250
3.1838
2.8662
2.9090
2.7146
2.6353
2.6027
2.7303
2.8292
2.6835
3.0322
3.2527
3.1911
2.8381
3.0461
3.0659
3.1115
2.8630
3.0352
2.8680
2.7770
2.7795
2.8766
2.8465
2.9776
2.7289
2.5057
2.7521
2.6944
2.7818
2.7409
2.9863
3.3904
3.0977
2.9696
3.1291
3.0875
3.2514
3.0535
2.9989
3.0117
2.7955
2.8461
2.7395
2.9379
2.9980
2.9318
2.7012
2.7675
3.0163
3.0647
3.1121
3.3872
3.3552
2.7094
3.0045
2.8556
2.6476
2.9791
2.8361
2.9214
3.0050
2.7988
2.8261
2.8699
3.0715
3.0424
2.8906
2.9788
3.4171
3.2687
2.8373
3.0613
2.7385
2.7887
2.5967
2.8051
2.9983
2.6269
2.6611
2.7548
2.8674
2.5167
2.7241
2.7718
2.5742
2.7993
2.6242
2.5600
2.6466
2.4829
2.7433
2.8782
2.7807
3.1123
2.7725
2.7422
2.8033
2.6671
2.7555
3.1930
2.6612
2.8040
2.8667
3.0688
2.6909
2.7712
2.8534
2.7390
2.8960
2.4574
2.8355
2.6478
2.6290
2.7859
2.5305
2.5994
2.6592
2.7998
2.6959
3.0276
2.8387
2.8484
2.8522
2.7286
2.9336
2.6314
2.8539
2.9446
2.7209
2.8990
2.7131
2.8298
3.0096
2.9701
2.7883
2.3528
2.7031
2.7865
2.4992
2.7221
2.6774
2.4132
2.5876
2.4895
2.7754
2.5721
2.7050
2.6928
2.4503
2.6397
2.7035
2.5742
2.4185
2.7708
2.4845
2.7134
2.6749
2.5761
2.7353
2.7522
2.5833
2.6732
2.4755
2.4996
2.4501
2.5032
2.5637
2.8388
2.9399
2.9339
2.7364
2.8432
2.8868
2.9419
2.4373
2.3800
2.5870
2.6027
2.4616
2.6908
2.6594
2.5910
2.5679
2.8084
2.7330
2.6394
3.1499
2.6631
2.5823
2.4807
2.7389
2.7802
2.6702
2.7248
3.1157
3.0590
3.0126
2.8604
2.7222
2.5402
2.7477
2.6698
2.7437
3.2337
2.7883
2.9572
3.0666
3.0591
3.0610
2.9384
3.3834
3.0366
2.7235
2.9636
3.0130
2.7871
2.6971
2.6017
2.7199
2.9508
2.8860
3.1305
2.6888
3.1725
2.7161
2.6491
3.2143
2.9277
2.6595
2.8100
2.7799
2.7396
3.0423
2.9672
2.5986
2.7467
2.5806
2.6514
2.6523
2.8189
3.0443
2.3681
2.7295
2.7500
2.9025
3.2432
3.1247
3.1099
3.1788
3.0255
3.1698
3.0491
3.1713
3.2657
3.2041
3.2982
2.9993
3.1227
3.3448
2.9831
3.0375
2.7456
2.6545
3.2533
2.9432
2.7136
2.7247
2.9883
2.9528
3.0979
2.9588
2.8342
2.7522
2.8945
2.9831
2.9356
2.9090
2.9120
2.7853
2.8649
3.2346
3.1372
3.0648
2.9174
3.2483
3.3717
3.0701
3.4230
3.1211
2.8773
3.0195
2.5429
3.1287
3.1772
2.7725
3.2707
2.8031
3.0747
3.0722
2.9985
3.2117
2.8417
2.9667
2.7899
2.7203
2.8747
2.8932
2.6258
3.2296
2.8300
2.4900
2.6174
2.7354
2.7335
2.5232
2.7526
2.5642
2.4211
2.5555
2.4271
2.3242
2.7066
2.4375
2.5869
2.4129
2.6539
2.8388
2.6999
2.8848
2.6518
2.7281
2.8465
2.8613
2.7330
3.0699
3.2699
3.1606
2.9547
3.3224
2.7468
2.8580
3.0505
3.0201
2.6990
2.8252
3.0651
3.2934
3.3862
3.0466
2.7529
3.1331
3.0047
2.8793
3.2478
2.8542
2.8496
3.0819
2.9951
2.9369
2.9655
3.0814
2.9090
2.7711
2.6746
3.0186
2.7875
2.9230
2.8134
2.8240
2.8275
2.9704
3.0256
2.9223
3.0882
3.1882
2.9636
2.9117
3.1867
3.3427
3.2591
3.0094
2.9138
2.7207
2.7211
2.8803
2.8997
2.6456
2.8221
2.7861
2.8763
2.8969
2.8383
2.8312
3.1145
3.3160
2.8418
3.1026
2.9243
2.6065
2.6533
2.9040
3.1302
2.8551
2.9284
3.2278
2.8173
2.9606
2.7130
2.5902
2.6265
2.7546
2.8471
3.0218
2.8415
3.1558
2.6218
2.5500
2.6959
2.9405
2.8180
2.9959
2.9340
2.9978
2.8070
2.9874
2.8019
3.0407
2.8363
2.9137
2.9264
2.8064
3.1074
3.0238
3.1892
3.0629
3.0616
3.0998
2.8861
3.0262
3.2980
2.9347
3.0457
2.8533
2.9595
2.9377
2.9996
3.2209
2.6954
2.8604
2.8516
2.6716
2.8628
2.8886
3.0357
3.2090
2.9708
3.0383
3.1769
2.7396
2.9471
3.0216
3.0032
2.9295
2.9936
2.9058
3.0799
3.4216
3.0522
2.8797
2.7692
2.8984
2.8940
2.6894
2.8640
2.7075
2.4855
2.7394
2.5959
2.8925
2.6698
2.8705
2.9408
2.9916
2.8306
2.8167
3.2101
2.8798
2.8688
3.2343
3.1933
3.0612
3.0910
2.9683
3.1627
3.3541
3.1166
2.9549
2.8445
3.0628
3.0939
2.9106
3.0540
2.9228
2.9555
3.2580
3.3217
3.6020
3.3590
3.2767
3.4639
3.3265
3.2934
3.0713
3.1127
2.9081
2.8658
3.1082
3.0902
2.9251
3.1362
3.2317
2.8729
2.8737
2.8843
2.7690
3.2794
3.1515
2.9266
2.9244
3.0619
3.0210
3.1050
3.1409
3.0468
2.9829
2.7087
2.9127
2.7218
3.0547
2.7818
3.1190
3.2052
3.5284
3.2503
3.3201
3.1084
2.7907
3.0710
3.1965
3.0481
2.9724
3.1509
3.0544
2.9621
3.0316
2.9940
2.8782
2.9687
2.9131
3.1007
3.1314
3.0917
3.1794
2.9642
3.0644
3.0268
3.4426
3.5795
3.4856
3.5762
3.4256
3.5387
3.2141
3.1910
3.2512
3.2543
3.2157
3.3737
3.2120
2.8536
2.6174
2.5081
3.1241
3.0156
3.2948
2.7905
3.0385
3.1759
3.1812
3.1111
2.9723
2.8434
2.9647
3.3571
3.1719
3.1482
3.1574
3.2408
2.8135
3.0563
3.3183
2.9122
3.1191
2.9434
3.0288
2.8297
2.7843
2.9027
2.8783
2.8707
2.6813
3.0033
3.0810
2.6823
2.9616
2.6807
2.7565
2.9933
3.0129
2.7287
2.7483
2.7431
2.9680
2.4626
2.9120
3.0810
3.0594
2.5323
2.8192
2.6436
2.6284
3.0444
2.8301
3.1321
2.9999
3.0823
3.3154
2.8981
2.7571
2.7972
2.8866
3.0867
3.0941
3.0963
2.8359
3.2203
2.9483
3.0206
3.1719
2.9744
3.1069
2.8776
2.8637
2.9731
2.8582
2.9774
3.0762
3.3631
2.7318
2.6551
2.9393
2.6741
2.8400
2.4792
2.9390
2.6801
3.1214
2.8576
2.6903
2.9301
3.0206
2.8782
2.6347
2.6476
2.8608
2.5662
2.9289
3.1159
2.9319
3.1352
3.1841
3.1020
2.9030
2.7595
2.8358
3.1691
3.3237
3.0253
3.3257
3.2871
3.5541
3.2421
3.0104
3.0900
3.1270
3.2666
2.8813
2.9061
2.8249
3.1810
3.5062
3.2851
2.9994
3.0372
3.2385
3.1697
3.1598
2.8458
2.8288
3.2241
2.9501
2.8054
2.9862
2.9278
3.5979
3.4527
2.8904
2.9978
2.9679
2.8678
3.0394
3.3998
3.0020
3.0150
3.0137
2.8782
3.5145
3.0199
3.1506
3.3140
3.0082
3.0036
3.3578
3.6504
2.9470
2.7311
3.2090
3.1201
3.1264
3.0421
3.2244
2.9275
2.8929
3.0089
2.6856
2.5217
2.5238
2.3320
2.4324
2.4994
2.7564
2.9491
3.0350
3.0867
3.0550
3.1327
3.1463
2.7418
3.0323
3.3518
3.1557
2.7649
2.6517
2.7107
2.6141
2.6266
2.4623
2.7401
2.8521
2.4799
2.4258
2.3876
2.4229
2.6008
2.6603
2.6174
2.8455
2.5990
2.4870
2.2640
2.2735
2.7818
2.3606
2.7037
2.7608
2.3423
2.3782
2.4657
2.4586
2.4628
2.4871
2.2675
2.2644
2.5186
2.5055
2.4153
2.5876
2.5106
2.4927
2.5062
2.4101
2.5828
2.9975
2.4982
2.5811
2.4851
2.3817
2.6289
2.5505
2.4519
3.1139
2.9504
3.4100
3.0490
3.3629
2.5705
2.8414
2.4676
2.3930
2.4960
2.4383
2.2805
2.4130
2.3401
2.4105
2.5372
2.4886
2.4734
2.5805
2.3201
2.2954
2.2910
2.3533
2.5556
2.4301
2.2856
2.2402
2.3546
2.2662
2.3508
2.5538
2.3999
2.3286
2.2677
2.0310
2.1350
2.2787
2.2065
2.1450
2.3474
2.2668
2.2387
2.4498
2.1844
2.2970
2.3215
2.4776
2.4545
2.4433
2.2535
2.2521
2.4923
2.4087
2.7007
2.5360
2.4622
2.6402
2.1581
2.2719
2.5808
2.2840
2.3061
2.3642
2.2450
2.1802
2.3892
2.3696
2.3791
2.2828
2.4765
2.4266
2.3752
2.2746
2.4921
2.2898
2.4643
2.4513
2.3106
2.4171
2.5102
2.5897
2.3325
2.5805
2.3970
2.7830
2.6271
2.7367
2.5110
2.5163
2.3359
2.4172
2.2546
2.4276
2.2563
2.3339
2.5113
2.6900
2.4490
2.3671
2.7774
2.7036
2.6521
2.5122
2.5132
2.7466
2.5573
2.3828
2.6057
2.7058
2.3704
2.6284
2.5458
2.3257
2.6772
2.6549
2.5836
2.3972
2.2486
2.3545
2.3238
2.3675
2.2857
2.2817
2.6144
2.3352
2.5666
2.5276
2.4157
2.7593
2.7852
2.7191
2.5659
2.5907
2.3212
2.4093
2.4176
2.4417
2.7451
2.4673
2.4454
2.3810
2.4322
2.4584
2.2124
2.4927
2.1059
2.2904
2.4482
2.5480
2.2601
2.0903
2.4156
2.4437
2.2625
2.4184
2.4734
2.1847
2.1453
2.2795
2.1338
2.2967
2.6404
2.6481
2.3913
2.2924
2.3397
2.2367
2.1636
2.2898
2.1701
2.2998
2.2277
2.1123
2.2647
2.2143
2.2776
2.0435
2.3359
2.6875
2.2520
2.3284
2.2757
2.5173
2.4571
2.7072
2.5712
2.3503
2.3805
2.3440
2.5046
2.2059
2.3032
2.3093
2.1647
2.3804
2.3380
2.1944
2.3916
2.3579
2.3604
2.3652
2.3257
2.3348
2.1797
2.0651
2.2303
1.9323
2.2033
1.9928
2.0910
2.0025
2.1067
2.1668
2.1580
2.2205
2.3573
2.1351
2.3717
2.0869
2.2074
2.0342
2.2396
2.3978
2.2685
2.4474
2.2296
2.4852
2.3323
2.4964
2.6408
2.3693
2.3021
2.2374
2.4173
2.4507
2.6271
2.5782
2.5569
2.3622
2.1638
2.3126
2.3503
2.3113
2.2996
2.2922
2.3664
2.1298
2.2431
2.6202
2.5765
2.2875
2.4717
2.5097
2.3591
2.4258
2.4050
2.6013
2.4364
2.4450
2.3051
2.5729
2.3290
2.3138
2.4558
2.4551
2.4437
2.3647
2.4117
2.4617
2.3902
2.3162
2.4802
2.3959
2.4661
2.2441
2.3382
2.2849
2.3590
2.2290
2.2952
2.3740
2.3680
2.5146
2.2464
2.3138
2.2879
2.2683
2.2047
2.3129
2.1806
2.3387
2.3543
2.5166
2.3829
2.3150
2.2958
2.4415
2.7873
2.3131
2.5723
2.4948
2.4221
2.4689
2.6389
2.7086
2.4120
2.2017
2.3768
2.5636
2.5277
2.3215
2.2428
2.2929
2.3486
2.6510
2.4502
2.6265
2.4975
2.3626
2.6608
2.5549
2.5719
2.6009
2.5740
2.8038
2.8430
2.8262
2.7600
2.6914
2.7579
2.5509
2.6045
2.6700
2.9448
2.6039
2.6235
2.3064
2.3586
2.3459
2.4065
2.4309
2.3607
2.2467
2.2841
2.3586
2.3412
2.5585
2.4117
2.4738
2.5068
2.3512
2.1792
2.2997
2.3201
2.5981
2.5275
2.2558
2.3571
2.6289
2.6331
2.2429
2.4707
2.6786
2.8409
2.6413
2.7017
2.6725
2.6531
2.3513
2.5205
2.6085
2.4494
2.4768
2.4402
2.3765
2.4597
2.4395
2.5608
2.8667
2.3729
2.3095
2.4155
2.4024
2.4054
2.6303
2.7242
3.2403
3.3539
3.2202
2.9515
2.7053
2.8233
2.9201
3.0980
2.7980
2.8613
2.9428
3.0456
2.9131
2.8865
2.9682
3.0708
2.5151
2.9382
2.8923
2.7088
3.0453
2.9283
2.7483
3.1538
2.8354
2.9153
2.9733
2.8139
2.7536
2.8374
2.6837
2.7152
2.9054
2.6846
2.8047
2.7459
2.8452
2.7666
3.1125
3.2083
2.9733
2.8479
2.7451
3.1134
2.9661
2.9451
2.9448
3.1247
3.0343
2.9183
2.9861
2.6059
2.7419
2.9527
2.5820
2.7165
2.7517
2.9368
2.8018
2.7193
3.2175
2.8452
2.8233
2.9555
2.9648
2.9026
2.7799
3.0437
2.8233
2.9994
3.0457
3.5568
3.3989
3.1678
2.9844
2.8637
2.9204
3.0977
2.7937
3.2296
2.8499
2.8908
2.9248
3.0457
3.1793
3.0891
3.0339
2.9383
2.8973
2.8204
3.0001
2.5181
2.6183
2.7796
3.0016
3.0587
3.0531
2.9872
3.1800
2.8548
2.8231
3.0878
3.2700
3.4129
3.0249
3.5947
3.4048
3.2197
3.1031
3.2490
3.2901
2.9389
2.7314
3.2148
3.2348
3.4656
3.0613
3.0788
3.2364
3.0923
3.3700
3.2966
3.2758
2.7794
2.8114
2.7526
3.3740
3.4966
3.0081
3.0746
3.1090
2.9915
3.0293
3.3100
3.0860
3.1076
3.0749
3.3196
3.0734
3.4067
2.9341
3.1547
3.0090
3.1483
2.8785
3.0810
2.7228
2.4966
2.7189
3.1212
3.0949
3.2165
2.4014
2.2317
2.5039
2.7619
2.7725
2.9198
2.9313
2.9378
2.9903
2.8781
3.1009
3.0995
3.1538
3.0287
2.8996
2.7911
2.6532
2.9098
2.7198
2.7573
2.7752
2.7759
2.7350
2.5679
2.8985
3.1957
2.8047
2.9647
2.9577
3.2187
3.1349
3.4451
3.6196
3.3683
3.1132
2.9211
2.7717
2.9996
2.7710
2.7505
2.7111
2.9186
2.7969
2.9294
2.8484
2.6384
2.5480
3.0450
2.7448
2.7967
2.8603
2.9340
2.7125
2.8337
2.8075
2.8247
2.8971
3.3402
2.8516
2.8198
2.9153
2.8633
2.7481
2.9476
3.0945
2.8971
2.9371
3.1843
3.2109
2.6549
2.8688
3.0070
2.9177
3.1127
3.0327
3.0571
2.8097
2.8718
2.9999
3.1763
3.2202
2.8593
2.9756
2.8884
2.8280
2.8938
3.0569
3.3968
2.9800
3.2474
3.1407
2.7448
2.7996
2.9811
3.0391
2.8067
2.8463
2.7660
2.9859
2.7032
2.6603
2.7614
2.8485
3.2755
3.1432
2.9321
3.0554
2.7656
2.6540
2.7198
2.8981
3.1492
3.1031
3.2511
3.0759
2.9675
2.7711
2.9773
2.8501
2.6883
2.7504
3.0404
2.8104
3.1859
3.2700
3.2180
3.0334
3.1292
2.8019
2.9217
3.0901
2.9637
2.7551
2.7472
2.9176
2.5352
2.5991
2.6849
2.8486
2.3902
2.2608
2.6636
2.7020
3.1065
2.8619
2.6183
3.2742
2.9213
2.9272
3.2234
2.9087
3.0188
3.0535
3.1057
3.3273
2.7041
3.1910
2.7667
3.0481
2.6376
2.6040
2.9976
2.6126
2.6039
2.9060
2.5852
2.6939
2.8391
2.5949
3.2410
3.2118
3.1185
3.3282
3.0944
3.1517
2.7774
3.2521
3.1211
3.4086
3.1947
3.3645
3.3036
2.5623
2.7667
3.4498
3.6150
3.0756
3.3136
2.6523
2.9451
3.2761
3.1808
3.0144
2.8700
2.9200
3.2348
2.8415
2.8792
3.0928
3.3820
2.8286
2.9345
3.1525
2.8602
3.0182
2.7406
2.7911
2.6805
2.6824
3.2960
3.2286
3.1390
3.1172
3.2527
3.1611
3.1047
3.2306
2.8130
2.7984
3.1127
3.2849
2.9219
2.7734
2.7634
2.6348
2.6964
2.6915
2.9728
2.9627
2.8859
3.0614
2.8539
2.6439
2.9781
3.0187
2.8892
2.8358
2.7389
2.6453
2.7861
2.8874
2.7836
2.9473
2.9862
2.9936
3.2364
3.0946
2.7819
2.8906
2.9575
3.0431
3.1329
2.7288
3.3126
2.9825
3.0537
2.7681
2.7307
2.6457
2.9516
2.6333
2.6515
2.6242
2.5129
2.7607
2.9144
2.8501
2.6803
2.7278
2.9844
2.9722
2.7009
2.4423
2.5704
2.6048
2.6975
2.5588
2.4124
2.4844
2.5323
2.2430
2.3659
2.3859
2.5206
2.4187
2.5626
2.2581
2.6882
2.9724
2.9814
2.3441
2.5891
2.6875
2.6743
2.4159
2.4774
2.3264
2.2660
2.5376
2.5560
2.6742
2.5258
2.4242
2.4994
2.4656
2.5504
2.6179
2.7561
2.3768
2.4452
2.6600
2.5258
2.5172
2.4627
2.5262
2.5369
2.5247
2.5051
2.3984
2.4130
2.4231
2.4540
2.3526
2.6296
2.4941
2.7207
2.5832
2.8058
2.7964
2.9462
2.6500
2.8732
2.7588
2.6915
2.7865
2.4800
2.6598
2.7890
2.7376
2.9589
2.9354
2.8689
2.3499
2.6650
2.2802
2.2885
2.7451
2.6829
2.6612
2.7372
2.5972
2.7119
2.6702
2.5546
2.5170
2.4399
2.2033
2.4014
2.3299
2.3900
2.5096
2.5689
2.6815
2.3937
2.5389
2.3510
2.3283
2.2741
2.3510
2.7596
2.4324
2.3625
2.5198
2.6563
2.3543
2.5971
2.7324
2.8084
2.5451
2.8591
2.8819
3.3425
2.7781
2.5324
2.7197
3.1624
2.8113
2.7221
2.7489
2.8465
2.5384
2.8384
2.6670
2.5042
2.7048
2.5352
2.5608
2.5092
2.4994
2.3371
2.6105
2.7964
2.4110
2.3848
2.6792
2.5996
2.7160
2.7282
2.7421
2.7318
2.3165
2.5738
2.5942
2.8128
2.3336
2.6400
2.7271
2.5100
2.7629
2.6315
2.7305
2.6827
2.6207
2.6871
2.4024
2.8275
2.9354
2.6353
2.3728
2.6949
2.4719
2.3705
2.4751
2.4122
2.5377
2.5378
2.5600
2.6677
2.5646
2.7361
2.4665
2.5595
2.7530
2.5196
2.5835
2.6701
2.6501
2.6879
2.5669
2.4724
2.4993
2.3032
2.3761
2.6250
2.5434
2.4420
2.6001
2.5207
2.4096
2.3078
2.1613
2.2312
2.2196
2.2939
2.4846
2.3598
2.2616
2.5653
2.6205
2.3358
2.4211
2.6632
2.3321
2.1770
2.2967
2.6229
2.4497
2.1383
2.2993
2.4157
2.4032
2.8559
3.0919
2.9709
3.0078
2.6823
3.0046
3.3649
3.0701
3.4258
3.1369
3.0022
2.9969
3.0238
3.1780
3.3183
2.9515
3.3043
3.0304
3.3329
3.3691
3.1832
3.0619
3.3170
3.2556
3.2996
3.0932
2.9442
3.0269
3.6227
3.9201
3.9226
3.4024
3.3930
3.5235
3.5073
3.3864
3.1704
3.0434
2.8840
3.2899
3.0851
2.9698
2.9936
3.1753
2.9760
2.7638
2.7729
3.2918
3.0470
3.0641
3.1271
3.0989
2.9595
3.1577
2.8115
2.9248
3.5026
3.0661
3.0513
2.9926
2.9191
3.2188
3.0160
2.9945
2.8203
2.5961
2.9210
2.9156
3.1436
3.0104
3.2393
2.7103
2.5393
2.9661
2.9814
2.8159
2.4506
2.6637
2.7751
2.8542
3.0035
2.7656
2.4131
3.0948
2.8240
2.5358
2.8211
2.8713
2.9007
2.7166
2.6305
3.0038
2.9292
2.5279
2.7213
2.6006
2.5496
2.6363
2.7121
2.6632
2.5948
2.8920
2.6313
2.6593
2.8006
2.9921
2.6849
2.6843
2.5229
2.6211
2.6799
2.7290
2.9709
2.8249
2.9293
3.1818
3.0070
2.9144
2.7383
2.5836
2.7445
2.6367
2.7561
2.4723
2.7808
2.5876
2.7410
2.7569
2.5957
2.6456
2.6219
2.6555
2.5851
2.5124
2.7895
2.6158
2.7585
3.0086
3.0311
2.6546
2.8537
2.9052
2.9247
3.0048
2.9915
2.9087
3.1383
2.7587
2.9242
2.8374
2.5687
2.7433
2.6614
2.6817
2.6829
2.8271
2.4260
2.7235
2.6017
2.4398
2.6560
2.5148
2.3627
2.3870
2.7185
2.6293
2.6679
2.6262
2.4065
2.5090
2.6043
2.6845
2.2744
2.4094
2.2807
2.5985
2.5249
2.8534
2.7143
2.3365
2.4764
2.5685
2.4383
2.5861
2.5382
2.2036
2.3633
2.3641
2.4476
2.4494
2.5489
2.1695
2.5834
2.3829
2.3251
2.3975
2.6707
2.5477
2.2454
2.5553
2.2011
2.4409
2.3497
2.4257
2.6083
2.6797
2.8169
2.5331
2.9278
2.8009
2.8033
2.5308
2.3657
2.7012
2.9240
2.6363
2.3775
2.3826
2.4793
2.5818
2.4221
2.5060
2.3932
2.6175
2.4857
2.9050
2.5506
2.4151
2.5042
2.3348
2.3313
2.2183
2.7008
2.7495
2.8235
3.1552
2.8766
2.5349
2.7393
2.4319
2.5706
2.5474
2.5601
2.5343
2.4354
2.8946
2.6555
2.9464
2.7227
2.6403
2.7510
2.7546
2.6171
2.8719
2.7983
2.7114
2.6335
2.8625
2.5937
2.5164
2.4201
2.5161
2.4628
2.5433
2.5655
2.6591
2.4405
2.6775
2.6485
2.9242
2.6420
2.9890
2.6934
2.9807
2.9080
2.9632
2.7475
2.8240
2.8948
2.8782
2.6100
2.8956
2.7517
2.8306
2.6449
2.7121
2.5977
2.7842
2.7687
2.5584
2.8589
2.9057
2.8650
2.7139
2.4523
2.6306
2.9269
2.8953
2.6478
2.8632
2.6557
2.7897
2.9415
2.6899
2.7906
2.5374
2.8398
2.8179
2.5705
2.5127
2.5492
2.5595
2.7618
2.6911
2.4272
2.7959
2.7807
2.7282
2.4511
2.3106
2.5302
2.7036
2.7746
3.0288
2.6271
2.5086
2.6281
2.4260
2.6803
2.6193
2.6741
2.6715
2.5688
3.4149
2.7118
3.0489
2.8064
2.7757
2.7736
2.5964
2.8508
2.6744
2.7816
2.8378
3.0418
2.9875
2.7800
2.9222
3.0125
2.7029
2.8665
2.9489
2.5140
2.4238
2.8186
2.6953
2.6330
2.6973
2.6402
2.8018
2.4320
2.6598
2.4877
2.6382
2.6476
2.6504
2.4682
2.6682
2.4862
2.6369
2.4777
2.7724
2.5698
2.4355
2.5928
2.4805
2.6614
2.4023
2.6746
2.5524
2.5684
2.8205
2.4184
2.6528
2.8130
2.8722
2.6280
2.8858
2.7251
2.6387
2.7567
2.7335
2.7650
2.8345
2.8422
2.4749
2.7308
2.7595
2.5464
2.6525
2.5466
2.7817
2.5719
2.7045
2.8137
2.6770
2.7603
2.7847
3.0911
2.4630
2.7293
2.7617
2.7250
2.5789
2.7658
2.7794
2.6832
3.2843
3.0886
2.9043
2.8647
3.0210
2.5757
3.0356
2.8440
2.9210
2.6313
2.7443
2.8475
3.1397
2.9565
3.2038
3.0597
2.9328
2.8058
3.1446
3.0841
3.1411
3.1831
2.9301
2.9928
2.9185
2.9929
2.8151
2.7847
2.5347
2.9940
2.8398
2.6301
2.6197
3.1440
3.0373
2.9788
2.7557
3.1195
2.9614
2.9083
3.1455
2.8782
2.4275
2.3802
2.7936
2.3264
2.5643
2.7213
2.7918
3.1243
2.6690
2.9389
2.9634
2.5585
3.0513
3.0482
3.0256
3.0471
3.3013
2.8990
3.0372
2.8600
2.8438
2.9112
2.7772
2.9128
2.6627
2.8047
2.7826
2.7854
2.8935
2.5962
2.6877
2.5924
2.5162
2.5746
2.5948
2.4562
2.7260
2.5246
2.7694
2.7812
2.7898
2.4429
2.7871
2.7683
2.8175
2.8659
2.6851
2.6213
2.4668
2.3565
2.3313
2.3438
2.5107
2.2254
2.5901
2.8125
2.6423
2.8206
2.5584
2.9054
2.7214
2.6954
2.9396
2.3482
2.6519
2.6821
2.7448
2.9899
2.7777
2.9750
3.1165
3.0697
2.6862
2.6781
2.5092
2.8770
2.9685
2.9690
3.2732
2.9210
3.2934
3.2173
2.6074
2.8707
2.7979
3.0537
3.2801
3.0995
2.9151
2.7624
2.9682
3.2868
2.8562
3.3892
2.8498
2.8142
2.9765
2.7161
3.0181
3.0646
2.9325
3.0021
2.5891
2.7809
2.6498
2.7203
2.6454
2.9059
2.6135
2.7056
2.7971
2.8341
2.8418
2.6589
2.6333
2.7185
2.5548
2.6001
2.7467
2.8400
2.7550
2.5268
2.6634
2.7186
3.1577
2.6422
2.6781
2.6773
2.7527
2.4341
2.5457
2.6946
2.6737
2.8519
2.8574
2.8203
2.5516
2.4085
2.4683
2.4514
2.3687
2.2638
2.3846
2.4872
2.4556
2.2648
2.2505
2.3228
2.1857
2.3889
2.3195
2.2215
2.2903
2.6173
2.4377
2.3650
2.3348
2.4489
2.3474
2.3745
2.5621
2.7181
2.9206
2.7930
2.7270
2.7103
2.7664
2.6709
2.8591
2.8363
2.6644
2.6977
2.7179
2.7782
2.7130
2.7967
2.8068
2.6006
2.7456
2.7708
2.9477
2.8953
2.6465
2.8281
2.7055
2.9381
2.7912
2.8964
2.7956
2.7013
2.7046
2.8343
2.7041
2.5667
3.0003
2.6703
2.5706
2.7025
2.5759
2.5572
2.5144
2.8933
2.7032
2.5925
2.5275
2.4944
2.4415
2.5992
2.3872
2.7132
2.6129
2.5359
2.3771
2.5028
2.5038
2.6125
2.6093
2.4575
2.5359
2.5914
2.4339
2.5839
2.3606
2.8250
2.7108
2.6392
2.7731
2.5365
2.5940
2.1922
2.4568
2.3700
2.6050
2.6556
2.4967
2.4794
2.6745
2.5780
2.3706
2.5716
2.3888
2.6844
2.7317
2.7039
2.9117
3.1060
2.8683
2.8365
2.8567
3.0607
3.0468
2.8252
2.7914
3.0977
2.8571
2.8253
2.6424
2.9844
2.9617
2.6938
2.8725
2.9623
2.7476
2.7234
2.9355
2.8445
3.1218
2.9388
2.8026
2.8186
2.7260
3.1140
2.9551
3.2157
3.1700
3.2845
3.0544
2.5822
3.1291
3.2696
3.2401
2.9166
2.9918
2.8149
2.6854
2.8878
3.1449
3.1553
2.8631
3.1028
3.0015
2.7828
2.7124
2.6746
2.8220
2.5910
2.6189
2.3106
2.2690
2.4124
2.4488
2.2868
2.3915
2.3699
2.4495
2.2960
2.4213
2.6560
3.0844
2.7797
2.6521
2.6689
2.8430
2.7995
2.6522
2.4983
2.6167
2.4674
2.6543
2.7297
2.6541
2.3892
2.6376
2.7361
3.0134
2.7883
2.6903
2.9829
2.7450
2.8823
2.9263
2.2105
2.4375
2.5172
2.5639
2.3807
2.4164
2.6692
2.5857
2.3946
2.5276
2.3305
2.3177
2.4096
2.6223
2.4368
2.3965
2.1480
2.4632
2.3766
2.4472
2.4963
2.4545
2.3936
2.4215
2.4319
2.2409
2.4496
2.4446
2.3072
2.5428
2.3217
2.5601
2.8403
2.6585
2.6894
2.7425
2.8457
3.0206
2.7756
2.8783
3.1455
2.7493
2.7724
2.9880
2.6231
2.9796
2.6379
2.8410
2.6444
2.3738
2.3882
2.3911
2.7084
2.8867
2.5679
2.6416
2.8533
2.8172
2.6917
2.6470
2.5829
2.5461
2.5304
2.5695
2.7517
2.7509
2.5876
2.7316
2.9092
2.9307
2.5248
2.9301
2.6398
2.7573
2.8373
2.6108
2.3626
2.4863
2.3131
2.3636
2.3561
2.3609
2.3751
2.4434
2.4251
2.2438
2.3038
2.3778
2.5007
2.4606
2.3671
2.6858
2.4798
2.5075
2.3565
2.4107
2.2255
2.2610
2.3619
2.3854
2.4597
2.3075
2.3173
2.3784
2.3534
2.3878
2.4587
2.3953
2.2921
2.3965
2.3437
2.4750
2.6454
2.4233
2.3554
2.5775
2.3905
2.4062
2.5054
2.4847
2.5655
2.7397
2.3913
2.4061
2.3234
2.3803
2.3816
2.3496
2.8753
2.4740
2.6184
2.7078
2.6317
2.3806
2.3882
2.5936
2.3703
2.4963
2.3625
2.1876
2.2347
2.2376
2.3877
2.6131
2.7797
2.8039
3.1680
2.6908
2.7700
2.7186
2.5474
2.9026
2.5198
2.7168
2.7985
2.8994
2.9064
2.9245
3.0080
2.9923
2.7587
2.7774
2.6887
2.8832
2.5966
2.5914
2.7719
2.5772
2.8166
2.8325
2.7857
2.7704
2.6188
2.7545
2.7698
2.6277
2.8026
2.3541
2.5333
2.6237
2.3889
2.3616
2.3252
2.6733
2.5996
2.6846
2.6534
2.8048
2.7347
2.8557
3.0309
2.6569
2.6163
2.6908
2.8640
2.4963
2.4297
2.4771
2.5829
2.6516
2.8648
2.5437
2.6039
2.6374
2.2940
2.4998
2.7346
2.6360
2.6021
2.6289
2.7396
2.4484
2.7385
2.4428
2.6995
2.5591
2.5386
2.4284
2.4977
2.3905
2.4192
2.3943
2.5752
2.7575
2.5911
2.4110
2.5956
2.5585
2.5397
2.5179
2.5069
2.5716
2.5774
2.4506
2.5461
2.5539
2.5045
2.3650
2.4714
2.6678
2.5794
2.8371
2.7531
2.5115
2.9885
2.4852
2.6701
2.7529
2.8077
2.4044
2.7314
2.5625
2.5364
2.6284
2.7289
2.8425
2.4813
2.7399
2.7511
2.7637
2.6090
2.6048
2.5576
2.7087
2.8061
2.5653
2.6054
2.8464
2.9830
2.6387
2.8896
3.0491
3.1870
2.9277
2.9656
3.0793
2.9061
2.6710
2.6098
3.0609
3.0098
2.6790
2.5470
2.3947
2.5603
2.5147
3.0106
2.8688
2.7254
2.5742
2.6654
2.8824
2.7746
2.6012
2.8679
3.0160
2.8690
2.8043
2.7335
2.6628
2.8171
2.8084
2.8344
2.7899
2.5397
2.8022
2.7422
2.5967
2.7504
2.4646
2.7603
2.5742
2.2487
2.3530
2.5918
2.6558
2.6536
2.8900
2.6991
2.7797
2.8049
2.7649
2.7687
2.6365
2.8869
2.4645
2.9107
3.0527
2.9416
2.5594
2.9072
3.0316
3.2085
2.8776
2.8767
3.3276
2.6872
2.6965
2.2042
2.3304
3.0407
2.8143
2.4254
2.5983
2.6932
2.4057
2.3391
2.4175
2.4265
2.8756
2.3377
2.5879
2.4745
2.3705
2.5726
2.3275
2.3851
2.6091
2.5188
2.3381
2.4357
2.3772
2.4373
2.5832
2.6278
2.6881
2.4523
2.5696
2.7326
2.4911
2.8956
2.8315
2.8413
2.4299
2.5227
2.8409
2.6060
2.7283
2.8398
2.5414
2.5901
2.4073
2.3692
2.3366
2.4690
2.2861
2.6000
2.5881
2.4290
2.5076
2.5459
2.4939
2.6040
2.5968
2.5375
2.3350
2.4376
2.5100
2.4917
2.5582
2.6023
2.5770
2.6117
2.5154
2.2890
2.3827
2.5002
2.4196
2.4029
2.3575
2.6147
2.5921
2.4921
2.4805
2.6314
2.6158
2.6661
2.5934
2.4435
2.6258
2.4749
2.5550
2.4775
2.5906
2.4249
2.5481
2.5639
2.4672
2.5566
2.6054
2.4745
2.7125
2.4544
2.3459
2.4380
2.3204
2.5231
2.2620
2.6861
2.7464
2.6335
2.6323
2.5946
2.5458
2.5507
2.5476
2.4262
2.6745
2.7038
2.7523
2.2580
2.4227
2.3540
2.5349
2.6487
2.5541
2.3270
2.4486
2.4024
2.6331
2.6801
2.5698
2.6455
3.0154
3.0424
2.7553
2.6412
2.5081
2.5666
2.4627
2.5099
2.5236
2.4458
2.4092
2.6658
2.6665
2.7174
2.4920
2.6612
2.6529
2.7222
2.7445
2.4999
2.6656
2.7119
2.4206
2.6936
2.6682
2.4976
2.8086
2.8015
2.9068
2.8814
2.7515
2.7688
2.5204
2.9064
3.0874
3.1934
2.9269
2.5433
2.9151
2.7248
2.7117
2.5794
2.7231
2.6673
2.6444
2.6883
2.5347
2.7942
2.6604
2.5563
2.6973
2.8756
2.8569
2.7521
2.7583
2.5543
2.8454
2.7143
2.5256
2.7160
2.6275
2.6255
2.9299
2.6785
2.4737
2.4918
2.6150
2.8060
2.7392
2.8850
2.6081
2.7369
2.9517
2.3433
2.6103
2.5684
2.6061
2.6121
2.7782
2.5362
2.7324
2.7087
2.4645
2.5545
2.4363
2.7472
2.6857
2.7551
2.6511
2.6278
2.5817
2.6244
2.5785
2.3916
2.3745
2.3836
2.8238
2.5309
2.5020
2.4929
2.4839
2.3882
2.3430
2.3183
2.3800
2.3762
2.3697
2.4123
2.4270
2.2506
2.1889
2.3743
2.3897
2.4516
2.5374
2.7365
2.6466
2.6941
2.6306
2.3429
2.6576
2.6286
3.0285
2.6815
2.7366
2.3592
2.4305
2.8085
2.6685
3.0154
2.7100
2.7058
3.1044
2.9098
2.9231
3.0725
2.7591
2.6554
3.0058
2.8219
2.8470
3.0252
3.1189
3.4369
2.8974
3.1931
2.9392
2.9262
2.7591
2.2999
2.8679
2.8764
2.9553
2.8487
3.0222
2.8241
3.1238
2.8476
3.2021
2.8174
3.0346
2.6035
2.5773
2.5830
2.6701
2.8409
2.7972
2.5374
2.5585
2.4630
2.6016
2.4552
2.5443
2.6395
2.5392
2.3443
2.4409
2.2708
2.3636
2.3519
2.5724
2.2318
2.4019
2.6889
2.5908
2.6262
2.4558
2.7619
2.5477
2.4087
2.5971
2.6599
2.4407
2.3988
2.5939
2.9357
2.4776
2.7121
2.6757
2.4639
2.3907
2.3240
2.4963
2.3119
2.4778
2.8844
2.5704
2.9244
3.1404
2.6822
2.6138
2.7067
2.5931
2.8482
2.9733
3.0213
3.1428
3.0857
3.1420
3.0000
3.1067
2.7872
3.0137
2.9581
3.0222
2.9625
2.7273
2.9917
2.6102
3.1449
2.7317
2.9246
3.1353
2.9749
3.2060
2.9926
2.9530
3.0193
3.0586
2.9264
2.6215
2.7124
2.7873
2.7380
3.1545
2.7268
3.1174
2.9420
2.9341
3.0246
2.9098
3.2396
3.4791
3.3409
3.0054
2.9161
3.0104
3.3703
3.2333
3.1978
3.1860
3.0470
3.3191
3.6232
3.8962
3.6905
3.5856
3.8137
3.2458
3.3980
3.4182
3.3988
3.2928
3.4512
3.5437
3.5558
3.2012
3.1732
3.3016
2.8511
2.9149
3.1518
3.0818
2.9324
2.7049
2.8265
2.7113
2.5226
2.9566
2.6554
2.7161
3.0075
2.7418
2.8977
3.0717
2.9573
3.0560
2.9245
2.6104
2.9992
2.8751
2.9851
3.1332
2.7612
2.8915
2.6937
2.9634
3.1489
2.8271
2.8552
2.9057
2.6702
2.6430
3.0700
3.0616
2.7548
3.0640
2.8336
2.6602
3.1378
3.2036
3.1839
3.1656
3.4276
3.4786
2.9298
3.0615
3.2855
3.1987
3.4393
3.3187
3.0728
3.0509
3.0754
3.0110
2.6732
2.7376
2.6015
2.7343
2.8851
2.9802
3.3041
3.3892
3.3166
3.2551
2.9482
2.9308
2.7747
2.6663
2.5016
2.3790
2.9186
2.8455
2.8265
2.6443
2.5905
2.9312
2.9794
2.9186
2.6974
2.6911
2.5198
2.8418
2.5655
2.8079
2.7654
2.5810
3.0722
2.6282
2.6225
2.7299
3.1388
3.1233
3.0712
2.8918
2.6609
2.7187
2.7624
3.1998
3.1111
2.4828
2.5004
2.4941
2.5718
2.9706
3.0825
2.7649
2.7214
2.9499
2.8625
2.6180
2.7967
2.7467
2.7649
2.8915
2.7442
2.9602
3.1361
2.9300
2.7083
2.9496
3.1641
3.3374
3.1048
3.0783
2.8611
2.6143
2.7784
2.7787
2.8433
2.8024
3.0675
3.0693
2.7944
3.0588
2.8440
2.8545
2.8999
2.8662
2.6272
2.6172
2.5450
2.8231
2.9176
2.7594
3.2011
3.0010
3.0866
3.0560
2.8372
3.0716
2.9226
2.6906
3.1831
2.6993
2.8365
2.9486
3.1220
2.7563
2.8635
3.1425
3.1704
3.3603
3.1638
3.0397
3.1534
2.9849
3.1471
3.1135
3.0983
2.8468
3.1408
3.0486
2.9969
2.8387
2.9199
3.2353
3.5628
2.9985
3.0647
2.8342
2.6420
2.7110
3.0793
3.1386
3.1474
2.9911
3.2244
3.3681
3.1981
3.2839
3.0348
2.8789
2.9119
2.7431
2.4430
2.6477
2.5792
2.8426
3.0005
2.7243
2.8966
3.2084
3.1935
2.9518
3.3213
3.1806
3.3010
3.3462
3.0619
3.0989
2.9452
2.9579
2.9972
2.7431
3.1492
3.1314
2.7591
3.1941
2.5159
2.7856
2.8415
2.8919
2.7552
3.1754
3.2442
2.9831
2.9568
2.7146
2.6117
2.4217
2.9694
3.2854
2.9988
3.2008
3.0714
3.1438
3.1727
2.8292
2.7804
3.1543
2.9410
2.7672
2.7223
2.8618
3.1018
2.9475
2.8848
2.7625
2.9711
3.2424
3.3154
3.0624
3.0593
3.2401
2.9663
2.7603
2.9449
2.7275
2.8717
3.3945
3.6472
3.7251
4.1086
4.1356
4.6000
4.3874
4.2541
4.6353
3.9103
4.1359
4.7721
4.3581
4.7360
4.4265
4.5721
4.1571
4.3651
4.9614
4.5315
4.5876
4.4987
4.7183
4.9198
4.7587
4.3030
4.3011
3.9019
4.2075
4.0892
4.1591
4.0350
3.6614
3.6726
3.4278
3.1791
3.0802
2.9781
3.2485
2.9435
2.9262
2.9529
3.0669
3.1959
3.0580
3.2924
3.3793
3.3581
3.4245
3.3412
3.0559
3.4883
2.9838
3.2984
3.2555
3.5001
3.4369
3.3705
3.3800
3.6516
3.3492
3.5018
3.3502
3.7075
3.1988
3.4505
3.4783
3.1058
3.3814
3.5625
3.3415
3.5269
3.4077
3.0899
3.4758
3.2629
3.2068
3.3182
3.6179
3.4477
3.5767
3.8438
3.3509
3.3664
3.2857
3.4392
3.7457
3.7022
3.5279
3.1191
3.2079
3.0948
3.0374
3.3972
3.1182
3.2178
2.9744
2.9582
3.3448
3.5577
2.8927
2.8738
3.1072
3.0862
3.3641
2.9005
3.2011
3.2328
3.2762
3.1902
3.5869
3.3978
3.9840
3.8512
4.1486
3.5020
3.5132
3.2306
3.2524
3.3983
3.5843
3.6695
3.8349
3.9423
3.8114
3.6352
3.8367
3.9030
3.7161
3.6872
3.4500
3.7007
3.7058
3.7255
3.2528
3.6473
3.9446
4.0323
3.4735
3.2904
3.3372
3.5665
3.4930
3.6187
3.5295
3.7645
3.6247
3.8245
3.6797
4.2045
3.8027
3.4379
3.3638
3.3413
3.3684
3.2736
3.1791
3.2894
3.2562
3.1928
3.6076
3.4222
3.8462
3.3987
3.4930
3.4495
3.5901
3.3266
3.4739
3.5147
3.4600
3.3326
3.6137
3.7436
3.4757
3.5940
3.3690
3.5179
3.4823
3.4815
3.5218
3.2469
3.1859
3.2198
3.5272
3.3051
3.3860
3.0762
3.2052
3.1239
3.1454
3.2959
3.5598
3.6339
3.2343
3.7854
3.2458
3.0697
3.2124
3.0989
3.2076
3.5173
3.4168
3.3834
3.5247
3.6838
3.6787
3.3794
3.4057
3.5504
3.5477
3.4543
3.6044
3.4946
3.5930
3.4926
3.8881
3.3836
3.8676
3.8396
3.7803
3.4533
3.6649
3.5500
3.4063
3.7392
3.5615
3.6947
3.7572
3.8004
3.5589
3.3723
3.6705
3.7776
3.8505
3.5679
3.4995
3.3990
3.7740
3.6679
3.3005
3.4232
3.5254
3.3736
3.1912
3.3822
3.3906
3.1747
3.2202
3.6067
3.6902
3.6622
3.3513
3.6169
3.6278
3.7810
3.6245
3.4249
3.5049
3.5703
3.6836
3.9690
3.7265
3.5811
3.3612
3.4872
3.4084
3.2878
3.2223
3.2775
3.5579
3.3814
3.3968
3.6206
3.2182
3.3815
3.2057
3.5097
3.1784
3.6391
3.3121
3.6790
3.3909
3.0960
3.1572
3.1923
3.3061
2.9973
3.2496
3.4724
3.3948
3.2031
3.1044
3.1880
3.3501
3.2669
3.5046
3.5375
3.5698
3.6646
3.1912
3.3629
3.0137
3.1620
3.1519
3.4511
3.2644
3.3884
3.3913
3.6377
3.2920
3.1637
3.2807
3.5231
3.4360
3.2710
3.3759
3.4626
3.2886
3.4025
3.4425
3.3273
3.2217
3.2927
3.3294
3.3574
3.4324
3.3093
3.4874
3.4621
3.4557
3.2986
3.4234
3.4378
3.2287
3.3395
3.5256
3.2457
3.3235
3.3796
3.2286
3.4595
3.0481
3.4962
3.4172
3.0171
3.2820
3.3346
3.4744
3.5584
3.6817
3.4301
3.4124
3.4176
3.2683
3.1195
3.1806
3.2052
3.3584
3.1664
3.3872
3.3721
3.6852
3.2953
3.6362
3.3724
3.4945
3.4696
3.3972
3.6636
3.4979
3.5394
3.5443
3.6990
4.1163
3.8874
3.7894
3.8887
3.8509
3.5704
3.5779
3.6149
3.6809
4.1150
3.6880
3.8543
3.7104
3.4718
3.3650
3.5957
3.5490
3.5849
3.9587
3.9235
3.9647
3.9451
3.9787
3.8671
4.0310
4.3766
3.8971
3.9678
3.5819
3.8608
4.0355
3.8166
3.8650
4.1029
4.0577
3.7567
3.6935
3.6983
3.6082
3.7817
3.6300
3.5389
3.6257
3.4303
3.2442
3.5513
3.3586
3.6556
3.5788
3.4055
3.4990
3.4780
3.5212
3.5143
3.5725
3.7028
3.4561
3.8711
3.8460
3.3281
3.5652
3.6735
3.7053
3.5877
3.5770
3.3305
3.5358
3.6365
3.8292
3.8780
3.6394
3.6630
3.8265
3.7070
3.8629
3.4502
3.5070
3.4606
3.6312
3.5376
3.4068
3.7638
3.6502
3.4673
3.4721
3.5389
3.7352
3.4701
3.7270
3.3079
3.5362
3.5239
3.6914
3.6078
3.0266
3.5561
3.3637
3.6754
3.3807
3.7677
3.6318
3.8164
3.6494
3.6645
3.8553
3.3598
3.7213
3.5688
3.8607
3.2428
3.2890
3.1952
3.0762
3.4801
3.1705
3.4300
3.3398
3.2790
3.0437
3.2145
3.1837
3.1246
3.0319
3.0404
2.8548
2.6521
2.4967
3.0947
3.0694
2.9443
2.9516
3.0100
3.3794
3.1884
3.5860
3.2163
3.4327
3.1755
3.6351
3.5819
3.2071
3.2647
3.4404
3.4596
3.5556
3.2151
3.4658
3.3732
3.2447
3.5988
3.2172
3.3402
3.1964
2.9444
2.7456
3.0296
3.1291
3.0616
3.2295
3.5565
3.5000
3.4156
3.5551
3.4197
3.1608
3.0107
2.9852
3.1475
3.1489
3.1815
3.3303
3.2007
3.3926
3.0199
3.2350
3.0297
3.3262
3.4502
3.2075
2.8679
3.0950
3.0289
3.1361
3.3148
3.1554
3.0018
3.1905
3.4472
3.1905
2.8741
2.9658
3.3403
3.4403
3.5284
3.5441
3.7341
3.7703
3.9461
3.7808
3.4440
3.4014
3.4902
3.6379
3.7522
3.5976
3.6437
3.2553
3.3176
3.3793
4.0209
3.7721
4.1181
3.5396
3.8030
3.3410
3.2654
3.4423
3.1157
3.5793
3.5648
3.6452
4.2667
3.7367
3.5744
3.4076
3.9349
3.9278
3.9859
4.2721
4.1255
3.6911
3.2351
3.3783
3.6851
3.8656
3.5159
3.7754
3.8757
3.4911
3.7393
3.6842
3.5320
3.7246
3.8400
4.5511
3.6768
3.7024
4.0531
3.8384
4.0771
3.6634
3.4568
3.9505
3.6852
3.3843
3.6447
3.5258
3.6248
4.0146
3.8892
3.6788
3.7521
3.8652
3.2702
3.3118
3.5759
3.3749
3.2489
3.7017
3.5292
3.3543
3.0424
3.3600
3.1201
3.3991
3.4924
3.2842
3.4294
3.1804
3.1689
3.1736
3.2676
3.5079
3.6713
3.5864
3.9382
3.9183
3.9527
4.2024
4.1114
3.9451
4.2410
4.1672
4.0865
3.9068
3.9974
3.8050
3.5829
3.8527
3.8184
3.3905
3.5455
3.4414
3.4388
3.4956
3.3823
3.5397
3.4537
3.5208
3.7792
3.6230
3.5583
3.7614
3.9008
3.6879
3.6528
4.1265
3.8092
3.8835
3.7905
3.9062
3.5893
3.4108
3.1591
3.8945
3.5695
3.5689
4.0309
3.5155
3.1812
3.2258
3.8062
3.9792
3.9995
3.7356
3.5083
3.6949
4.1229
3.6564
4.0121
3.8562
3.7216
3.5304
3.6387
3.3816
3.4101
3.8626
4.0676
4.0863
4.1934
4.0467
3.7970
3.6810
3.2607
3.4391
3.5989
3.6100
3.4107
3.5936
3.7902
4.0662
3.9544
3.6025
3.6499
3.5156
3.9581
3.7028
3.5965
3.7060
3.5955
3.9643
3.7084
3.5883
3.8867
3.8605
3.2737
3.5657
2.9620
3.2271
3.3708
3.1605
3.3053
3.3199
3.3132
3.3750
3.6320
3.1102
3.1260
3.0531
3.0510
2.9444
3.0364
3.3023
3.3038
2.7875
3.1654
3.3406
3.3427
3.1711
3.1936
3.3569
3.4869
3.1068
3.7941
3.5225
3.2700
3.3768
3.2341
3.4301
3.0328
3.6368
3.5452
3.6356
3.3082
3.6174
3.5781
3.5393
4.0898
3.9554
3.6809
3.8149
3.9401
3.8198
3.8930
3.8397
3.4127
3.2857
3.3553
3.5386
3.4590
3.4326
3.6419
3.4054
3.4877
3.5891
3.5527
3.6641
3.3642
3.4120
3.5385
3.1611
3.4695
3.2036
3.1966
3.4247
3.1109
3.7505
3.3801
3.2000
2.9453
2.9926
3.0369
3.4547
3.2304
3.1753
3.4352
3.0896
3.2825
3.3841
3.6465
3.7326
3.6314
3.4473
3.7379
3.7397
3.4104
3.4588
3.1986
3.4575
3.4101
3.2913
3.3232
3.2957
3.1844
3.2256
3.4435
3.3754
3.2302
3.5058
3.3024
3.0518
3.1084
2.9538
3.6060
2.8569
3.2472
3.3787
3.9029
3.7263
3.6563
3.5956
3.6057
3.0544
3.4109
3.5576
3.4086
3.3040
3.0254
3.2119
3.1240
3.4803
3.2439
3.1521
3.0943
3.0095
3.3955
3.4280
3.3094
3.7274
3.4748
3.2481
3.3656
3.2468
3.0538
3.0905
3.3036
3.1115
3.2961
3.4055
3.3144
3.4904
3.2554
3.3513
3.2077
3.3200
3.0714
3.0958
3.1612
3.0089
3.1482
3.3511
3.7155
3.5391
3.7136
3.1602
3.3780
3.1686
3.4141
3.2322
3.4341
3.6575
3.0348
3.1572
3.4611
3.2614
3.1489
3.2242
3.3972
3.4520
3.3153
3.3929
3.3516
3.4819
3.2630
3.1763
3.5152
3.2432
3.0478
3.2626
2.9156
3.0599
3.0791
3.0249
3.0702
3.0290
3.0234
3.2622
3.2903
3.0153
3.0597
2.9716
3.2468
3.3407
3.1491
3.1424
3.3445
3.3141
2.9814
3.3784
3.2383
3.5640
3.3832
3.4580
3.2500
3.3171
2.9877
3.1635
3.5729
3.6199
3.3848
3.5401
3.3872
3.2773
3.6501
3.8912
3.6658
3.4593
3.2389
3.2383
3.7629
3.6053
3.7043
3.3848
3.2325
3.5400
3.5108
3.5849
3.5400
3.7041
3.3781
3.3070
3.8128
3.7344
4.1995
3.9486
3.8239
3.9809
3.9679
3.6058
3.7827
3.6176
3.5101
3.3423
3.2257
3.4231
3.4137
3.4082
3.4014
3.2289
3.3823
3.2066
3.3658
3.3846
3.5123
3.2327
3.7259
3.6542
3.1398
3.1937
3.4392
3.0855
3.2079
3.5013
3.1870
3.5087
3.4695
3.1600
3.2015
3.2957
3.4124
3.3455
3.2625
3.3754
3.4357
3.1790
3.3750
3.3179
2.9480
3.2159
2.7673
2.7927
3.1521
3.8341
3.4978
3.3813
3.5226
3.3579
3.0967
3.0072
3.3411
3.2106
2.9169
3.2628
3.0586
3.2546
3.1798
2.9161
3.1916
3.2869
3.5582
3.3037
3.2294
3.4333
3.0600
2.7974
3.1199
3.2632
3.2919
3.5276
3.4188
3.6168
3.4817
3.3912
3.6060
3.2628
3.4670
3.7001
3.4060
3.4456
3.5928
3.4079
3.1563
3.1703
3.4421
3.3101
3.3338
3.5550
3.5223
3.0417
3.3199
3.2722
3.2578
3.5440
3.3914
3.4028
3.2269
3.2199
3.1768
3.2824
3.2714
3.1907
3.3525
3.3729
3.3140
3.0502
3.2828
3.6657
3.4076
3.6258
2.9993
3.4871
3.5188
3.3483
3.1730
3.5554
3.2491
3.3104
3.6346
3.5639
