3.3167
3.1283
3.2762
3.2480
2.9790
3.0116
3.3623
3.7645
3.2799
3.1239
3.1866
3.3126
3.5019
3.3337
3.3061
3.1456
3.1013
3.0669
2.9542
2.9577
3.3606
3.6044
3.7105
3.2162
3.6010
3.4683
3.1737
3.2082
3.2318
3.0502
3.0525
3.1883
3.6081
3.4415
3.6432
3.4047
3.5283
4.0246
3.8820
3.5535
3.7163
3.3253
3.3524
3.4694
3.8580
3.4320
3.3939
3.2730
3.0168
3.0070
3.4188
3.3451
3.4173
3.5755
3.2894
3.0942
3.3807
3.4524
3.5038
3.3625
3.6545
3.3101
3.3792
2.9888
2.9325
3.1185
3.4229
3.2462
3.3639
3.4557
3.1287
2.6100
3.4065
3.0162
2.8966
2.7965
3.1884
3.1005
3.2038
2.9385
3.0446
3.3207
3.4563
3.2770
2.9500
3.5111
2.9750
3.0934
3.0159
2.9372
3.2320
3.3048
3.2625
3.0616
2.9417
3.1434
3.1007
3.1712
3.2523
3.4055
3.2910
3.5614
3.6508
3.7143
3.6364
3.5690
3.7437
3.6863
3.5545
3.4245
3.2858
3.0682
3.1681
3.4043
3.3801
3.0707
3.1943
3.4588
2.9063
2.8226
2.6252
2.6471
2.8981
2.8475
2.9635
3.4317
3.4226
3.3082
3.2484
3.4140
3.5104
3.1737
3.1925
3.3256
3.4742
3.4597
3.3222
3.1825
3.1954
2.7705
3.0454
2.8692
2.9604
3.1327
3.4304
3.4525
3.0684
3.2726
3.1119
2.9411
2.9653
2.7822
2.8218
2.7662
3.0491
3.3358
3.3618
3.3755
2.8145
3.2330
3.2726
3.4945
3.3990
3.5119
3.6172
3.3110
3.1762
3.3268
3.4498
3.6755
3.7347
3.4360
4.0006
3.5568
3.3419
3.9773
4.0750
4.1753
4.1444
4.0629
3.7938
3.9212
3.2874
3.3344
3.6923
3.8123
3.6275
3.7512
3.9209
3.7122
3.8190
3.3651
3.3665
3.4245
3.5561
3.3905
3.2535
3.4106
3.1444
3.6324
3.5827
3.4403
3.0893
3.3706
3.1387
3.2730
3.0220
3.2260
3.3208
3.4093
3.0827
2.9185
2.9031
2.8712
2.5793
2.4959
2.7445
2.8842
2.9301
3.0013
2.7926
2.7059
2.7954
2.7455
2.6433
2.6164
2.5645
3.0819
2.9271
2.7168
2.6918
2.7141
3.0078
3.0137
2.8630
2.7857
2.7787
3.0413
2.5691
2.7027
2.5672
2.7346
2.6814
2.9740
3.0383
2.9268
2.8260
2.9355
2.6897
2.7048
2.9799
2.9613
3.1454
2.8406
3.1346
3.2577
3.2317
3.4372
3.4213
3.2483
3.3352
3.1773
2.9210
3.2196
3.0462
3.1698
2.6567
3.0259
2.7788
3.1044
3.0504
3.4189
3.6913
3.1238
3.1983
2.9900
2.9298
3.1394
2.9739
3.4921
3.6957
3.3951
3.5488
3.4763
3.4350
3.5287
3.2209
3.3179
3.2569
3.1861
3.3781
3.3338
3.4004
3.6860
3.4344
3.5272
3.2916
3.4877
3.6041
3.5474
3.4762
3.5543
3.3529
3.3923
3.4174
3.7470
3.6568
3.6527
3.6441
3.3463
3.5615
3.1200
3.2946
3.6911
3.5408
3.6343
3.6399
3.1249
3.2237
3.2252
3.2819
3.1560
2.9491
3.3172
3.2733
3.2760
3.3052
3.0307
3.3904
3.3023
3.0581
3.0320
3.2008
2.9001
3.0334
3.2173
2.9324
3.2504
3.1680
3.5454
3.2615
3.3788
3.2496
3.4388
3.3539
3.4304
3.2187
3.3592
3.2449
3.2321
2.9689
3.4154
3.0777
3.3534
3.2291
3.4348
3.5837
3.4128
3.7285
3.9715
3.3862
3.6342
3.3873
3.4936
2.9066
3.1699
3.1955
3.5727
3.2509
3.3300
3.4056
3.2115
3.3847
3.4270
3.4886
3.5510
3.4633
3.3735
3.2433
3.2605
3.5304
3.5721
3.5099
3.7461
4.1618
4.1131
3.9994
4.1649
3.9877
3.9950
3.8000
4.2986
3.9619
3.7434
3.8004
3.6140
3.7592
3.6988
3.4234
3.5768
4.2249
3.8011
3.7586
3.4165
3.7718
3.6574
3.6622
3.4929
3.3066
3.1575
3.1511
3.0815
3.2854
3.0371
3.2441
3.4710
3.4256
3.0732
3.0718
3.0470
3.0493
2.8976
3.3705
3.7088
3.5710
3.2188
3.1290
3.1149
3.0040
3.2466
3.7204
3.4351
3.8846
3.6942
3.5074
3.4709
3.4994
3.4290
3.2609
2.8999
3.0405
3.0559
3.3891
3.3088
3.1069
3.1403
2.9292
2.7998
3.0557
3.0406
3.2447
3.2569
3.3709
3.2901
3.2420
2.9040
2.8915
3.1586
3.2543
3.2487
3.0626
3.2540
3.4476
3.5072
3.6763
4.0076
3.7891
3.1415
3.4623
3.1316
3.2404
3.5971
3.3952
3.7473
3.9595
3.5145
3.1991
3.4236
3.4784
3.8070
3.6958
3.6230
3.4874
3.3819
3.4429
3.6349
3.7164
3.4899
3.5922
3.6857
3.2967
3.9259
3.6367
3.6441
3.6366
3.6361
3.5229
3.2367
3.5267
3.3715
3.4267
3.5461
3.7261
3.2475
3.4202
3.9014
3.4943
3.4519
3.7140
3.3599
3.8133
3.4759
3.4897
3.5197
3.2103
3.6566
3.4931
3.5201
3.5198
3.6394
3.6658
3.6584
3.3716
3.1926
3.7524
3.6300
4.0657
3.5022
3.6377
3.6337
3.5414
3.8765
3.8196
3.2925
3.2910
3.6010
3.8120
3.6848
3.4197
3.4207
3.5746
3.9028
3.4196
3.4123
3.2391
3.3283
3.4320
3.3507
3.4746
3.8957
3.7437
3.7056
3.1833
3.3904
3.8174
4.0003
3.7788
3.5832
3.4956
3.6215
3.4553
3.6516
3.5915
4.0843
3.7473
3.3465
3.4331
3.4322
3.9374
3.9410
3.4982
3.4630
3.3530
3.6709
3.3313
3.3301
3.2484
3.0361
3.2594
2.9646
3.3202
3.0374
3.3102
3.2009
3.3635
3.6346
3.5499
3.3597
3.5033
3.2576
3.3619
3.6543
3.4718
3.4191
3.6166
3.5848
3.3061
3.5329
3.1585
3.1871
2.8715
2.9054
3.3527
3.3696
3.0227
3.0363
3.4106
3.1841
3.2338
3.5414
3.5348
3.2764
3.2628
3.2751
3.3296
3.7003
3.7479
3.2486
3.3752
3.1191
3.4897
3.3400
3.6904
3.6610
3.4265
3.7777
3.6490
3.5693
3.4297
3.3966
3.6278
3.8328
3.5471
3.4311
3.5929
3.4783
3.7158
3.6701
3.4270
3.5887
3.7722
3.7566
3.9983
3.7973
3.8808
3.5008
3.7928
3.7270
3.8081
3.3377
3.2770
3.6415
3.8373
3.5696
3.4553
3.2854
3.6568
3.6580
3.5847
3.3744
3.9725
3.6322
2.9816
3.4025
3.4176
2.9749
3.2964
2.9988
3.4622
3.4654
3.9445
3.7613
4.1691
3.7505
3.5997
3.7533
3.5079
3.5691
3.4512
3.8186
3.2738
3.8109
3.7545
3.6177
3.9357
3.5152
3.8520
3.6057
3.4745
3.7954
3.9779
3.6542
3.5906
3.5635
3.5941
3.5685
3.9666
3.5066
3.8622
3.4021
3.8138
3.7104
3.8754
3.5305
3.7316
3.7069
3.4026
3.6336
3.7891
3.4269
3.5823
3.5302
3.8289
3.6370
3.7398
3.7836
3.8349
3.8282
3.9708
3.7203
3.6424
3.4069
3.4428
3.6781
3.7048
3.7800
3.2853
3.5921
3.2941
3.4155
3.3322
3.5233
3.5242
3.4035
3.4187
3.9445
3.3556
3.4449
3.3148
3.6924
3.5265
3.3748
3.4757
3.4950
3.5416
3.4986
3.2682
3.4671
3.3699
3.2889
3.5024
3.2617
3.2144
3.1727
3.3310
3.2149
3.3356
3.4023
3.1323
3.3950
3.7308
3.4729
3.2973
3.2901
3.1752
3.6025
3.4011
3.0715
2.9601
3.4105
3.3265
3.1557
3.0718
3.3619
3.4788
3.1844
3.2568
3.1222
3.3829
3.4337
3.3893
3.3664
3.1725
3.3543
3.5013
4.0071
3.6749
3.4050
3.6678
3.4537
3.7930
3.5239
3.5295
3.3531
3.6207
3.8600
3.6866
3.3327
3.5189
3.7688
3.6897
3.7800
3.8393
3.8632
3.6978
3.5913
3.4603
3.3649
3.2887
3.8854
3.5916
3.9133
3.6815
3.5667
3.4980
3.1893
3.2181
2.9042
3.2561
3.2062
3.2274
3.4321
3.2918
3.0843
3.1994
3.0618
3.1619
2.9756
2.9077
3.0600
3.2339
3.1771
2.8131
2.9026
3.1660
3.2680
2.8943
2.8949
3.0351
3.2658
3.1140
2.9393
3.1146
3.1772
3.0666
3.1804
2.9232
2.7924
2.9098
2.8146
3.0944
3.2721
2.9832
3.0578
2.8039
3.3927
3.1154
3.0666
3.2666
2.9270
2.9859
3.2379
3.7359
3.0673
3.0360
3.0223
2.9893
3.2254
3.3545
3.4937
3.3605
3.6783
3.4319
3.0521
3.0494
3.4596
3.3018
3.4329
3.0921
3.3095
3.3372
3.6504
3.6414
3.4534
3.4998
3.3132
3.5208
3.1373
3.2494
3.1147
2.9207
2.9354
2.9313
3.3677
3.4060
3.5000
3.5586
3.2992
3.6089
3.7882
3.7086
3.2926
3.5001
3.3699
3.2701
3.2391
3.5682
3.1093
3.3816
3.7943
3.5637
3.8121
3.7405
3.4755
3.8319
4.0555
3.7874
3.7124
3.8173
3.7001
3.3832
3.3986
3.4101
3.4478
3.2335
3.5459
3.5491
3.0178
3.0883
3.4384
2.8730
3.1270
3.2807
3.2780
3.2451
3.1602
3.5392
3.6594
3.8087
3.6891
3.4975
3.6726
3.5766
3.5093
3.4023
3.5877
3.3693
3.1908
3.2487
3.2512
3.0829
2.9921
3.3633
3.4201
3.3063
3.1732
3.0754
2.9166
3.0989
3.3577
3.5254
3.2812
3.0025
2.9537
2.9933
2.9403
3.0344
2.7056
2.9722
3.1398
2.8718
3.0063
2.9437
2.8262
3.0645
3.1463
3.3525
3.1408
3.2357
2.9818
3.0248
2.9669
3.0339
2.9236
2.9429
3.1283
3.0834
3.5541
3.2620
3.1922
3.2516
3.3581
3.6995
3.5032
3.4105
3.1463
3.3347
3.0199
2.8762
2.7962
2.9259
2.7658
3.1848
3.0486
2.9177
3.0929
3.0434
2.8214
2.9762
3.1914
3.7152
3.7701
3.6018
3.5073
3.5677
3.5351
2.9716
3.1974
3.2715
3.4397
3.1963
3.0068
3.1521
3.5015
3.2058
3.1110
3.5731
3.4834
3.1108
3.1546
3.4400
3.3866
3.1761
3.2465
3.3491
3.7408
3.6371
3.3446
3.5350
3.4316
3.6130
3.6838
3.5069
3.4262
3.2980
3.2421
3.2690
3.3288
3.3361
3.0638
3.3522
3.2822
3.4106
3.1249
3.0315
3.2929
3.0794
3.0916
3.0899
3.0723
3.1026
2.9495
3.0709
3.1665
3.2909
3.1527
3.1127
3.1306
3.3129
3.0831
3.2796
3.1929
3.5005
3.3556
3.2601
3.5154
3.3411
3.2713
3.5436
3.4792
3.2874
3.1853
2.9142
3.0889
3.4420
3.6217
3.2774
3.6838
3.7396
3.6959
3.6517
3.6500
3.8463
3.5080
3.8901
3.4776
3.5847
3.7782
3.8055
3.6314
3.2925
3.4816
3.5272
3.3912
3.4440
3.3040
3.7878
3.5674
3.2777
3.3477
3.7383
3.3582
3.2713
3.0031
3.0440
3.3194
3.2829
3.2193
3.2639
3.4082
3.6890
3.4307
3.1723
3.2648
3.6310
3.2651
3.4376
3.3105
3.5157
3.2258
3.3041
3.1399
2.9263
3.4747
2.9293
3.0241
3.3951
3.5757
3.1605
3.4826
3.3666
3.3387
3.2252
3.2570
3.0282
3.3075
3.4325
3.1554
2.9417
3.1606
3.3971
3.3588
3.3902
3.5313
3.3799
3.2175
3.3521
3.2541
3.4036
3.2988
3.2649
3.4503
3.5790
3.4852
3.3775
3.4337
3.0317
3.1870
3.4187
3.2696
3.1600
3.1546
3.2553
3.1739
3.1102
3.2351
2.9722
2.8991
3.0376
3.0125
3.0742
3.1657
3.0001
2.9573
3.1472
3.1506
3.1893
3.2031
3.0084
2.8781
3.0604
3.1176
3.3500
3.2175
2.8952
3.0448
2.8550
3.0589
3.0032
2.9740
2.8285
2.9133
2.9240
2.9315
3.4693
3.4773
3.3439
3.3215
3.3260
3.0082
2.7787
3.0342
3.0519
3.2985
3.1546
3.3758
3.3556
3.4386
3.7067
3.4257
3.4369
3.2287
2.8963
3.0711
2.8203
3.0365
3.6173
3.6875
3.5131
3.2777
3.1328
3.1618
3.2591
3.0874
3.2724
2.9891
2.7916
2.8225
3.1081
3.2437
3.1182
3.3708
3.4175
3.2629
3.2634
3.4327
3.1748
3.0999
3.1688
3.3266
2.8850
2.9531
3.1130
3.1451
3.1638
3.0626
3.3069
3.1618
3.2245
3.0810
3.3061
3.1405
3.1621
3.0881
2.8577
2.8805
2.7453
2.9057
3.0737
3.1116
3.1024
2.8110
2.7891
2.7169
2.8830
2.6709
2.4050
2.5491
2.4768
2.6382
2.7584
2.7882
3.0500
2.8678
3.1139
2.9769
2.8832
2.5916
2.6765
2.6240
2.6445
2.7429
2.8298
2.6075
2.6752
2.6870
2.5774
3.0016
2.8213
3.0092
2.4870
2.4589
2.7119
2.8592
2.9716
2.7703
2.7967
2.8538
2.6467
2.9620
2.7809
2.9084
2.8634
2.9686
2.8674
3.0197
2.9749
2.8855
2.7889
2.8698
2.6750
2.7555
2.6171
2.8422
2.8967
2.8485
2.9455
2.8749
3.0838
3.0687
3.1759
3.1535
2.7767
2.8422
2.9806
2.9333
2.7520
3.0901
3.1660
3.0452
2.9218
2.8402
2.7651
2.9417
3.1756
3.3228
2.9246
2.9008
2.9662
2.9871
3.0804
3.0845
3.1150
3.0303
2.8759
2.8676
2.9840
3.0340
2.9592
2.9954
2.9939
2.7375
2.7199
2.9307
3.0850
3.1468
3.2364
3.1354
3.0468
2.9818
3.2655
2.9799
3.2444
3.1140
3.0695
2.9632
2.9649
3.1015
2.9969
2.8661
2.7916
2.9252
3.1313
2.6831
2.6674
2.9577
2.8073
2.9563
3.1345
3.0536
3.0765
3.1313
2.8467
3.0554
2.9252
3.0170
3.0264
3.1928
3.0277
2.8288
2.9562
3.1140
3.1316
3.0050
3.0099
2.9357
2.9168
2.7619
2.8525
2.6717
3.0808
3.1121
3.0772
3.1539
2.9046
2.9957
3.0159
3.1421
2.9789
2.8986
2.9138
2.8960
2.7794
2.8227
2.7332
3.0532
2.9932
3.3565
3.3213
2.9821
2.9946
3.1460
3.0297
3.4027
3.0827
2.9628
3.2250
3.2351
3.4425
3.3206
3.1466
3.1370
3.4642
3.1346
3.2247
3.2737
3.4307
3.6261
3.0824
3.2225
3.2264
3.2457
3.3560
3.3713
3.4501
3.3375
3.1380
3.3476
3.2046
3.0135
2.9453
3.5857
3.4030
3.3849
3.4493
3.4409
3.7309
3.3397
3.4572
3.5154
3.5522
3.2842
3.6430
3.2779
3.0842
3.0586
3.1873
3.1679
3.0654
3.0350
3.1917
3.2767
3.1622
3.4164
3.1492
3.1831
2.8594
2.9077
2.8380
2.6624
2.7412
2.7007
2.6460
2.6112
2.6534
2.6398
2.4435
2.4996
2.3968
2.5310
2.5082
2.5481
2.6066
2.5920
2.6184
2.8929
2.9358
3.0965
2.7475
2.9115
2.8354
3.0098
3.2474
3.0282
2.9736
3.1030
3.2232
2.9294
2.9473
2.9854
3.0610
3.1940
3.3062
3.0142
3.0147
3.3988
3.3494
3.1308
3.0884
3.2195
2.9640
2.9828
3.0092
3.1259
2.7696
3.0277
2.9563
3.1704
2.9480
2.9850
2.6375
2.8048
2.5441
2.9166
2.7141
2.8011
2.9577
3.0610
2.5978
2.7288
2.9992
3.2920
3.0381
2.8619
2.8734
2.9853
2.8853
2.7661
3.2395
3.1261
3.1922
3.0695
2.8465
2.7152
2.8719
2.6908
2.7953
2.8325
2.7255
2.6198
2.8889
2.9999
2.8722
3.0789
2.8295
2.6023
2.7446
2.6559
2.5836
2.8272
2.6662
2.7844
3.0277
2.8795
2.9303
2.8182
3.1071
3.0139
2.8827
2.7996
2.7471
3.0510
3.1187
2.8431
2.9201
2.6988
2.6775
2.6684
2.8346
2.8222
2.6932
3.0463
2.5476
2.6705
2.8509
2.7139
2.7777
2.9211
2.8451
2.8780
2.6625
2.8473
2.8732
2.8431
2.8185
2.8564
2.8298
2.8880
2.7895
3.1627
2.6643
2.7731
2.6866
2.7863
2.7349
2.8155
2.6727
2.6685
3.3250
2.9540
2.8437
2.7174
3.0653
2.8619
2.5669
2.5803
2.6530
2.6188
2.7042
2.6781
2.7998
2.6425
2.6863
2.6353
2.4541
2.6485
2.7678
2.7504
2.9084
3.1514
2.9405
2.9182
3.1631
3.0536
2.7990
2.8752
2.7138
2.5304
2.7091
2.9361
2.7300
2.8103
2.7427
2.9283
2.9231
2.6748
3.0285
2.8641
2.9212
3.0661
3.1307
3.0897
2.9489
2.7005
2.5714
3.0460
2.6909
2.5947
2.5792
2.5753
2.4906
2.3943
2.2862
2.3920
2.4555
2.4978
2.6950
2.5277
2.5603
2.6235
2.4937
2.5271
2.4002
2.8512
2.6917
3.1739
2.9067
3.0695
2.9691
3.0279
2.9461
2.8414
2.8276
2.6648
3.0361
2.7466
3.1048
3.3523
2.8995
3.1663
3.2576
3.2818
3.2115
3.0122
3.0435
3.3689
3.1915
3.4790
2.9354
3.0900
3.0085
3.0384
2.9272
3.2332
3.0273
2.7433
3.1476
2.9188
2.8291
2.6933
2.8375
2.5465
2.6128
2.9914
2.7464
2.7480
2.7019
2.6272
2.8446
2.6484
2.7025
2.5679
2.4702
2.4440
2.4055
2.6165
2.7865
2.5309
2.5259
2.9163
2.8861
3.1317
2.7404
2.8354
2.5341
2.5331
2.2633
2.4858
2.5125
2.4850
2.4573
2.4205
2.4589
2.3466
2.2189
2.2998
2.2930
2.1676
2.1797
2.6414
2.4335
2.7020
2.7854
2.6519
2.2984
2.3744
2.5282
2.4582
2.3991
2.5280
2.4584
2.3070
2.4574
2.3656
2.3990
2.4582
2.5288
2.4457
2.3932
2.7081
2.5994
2.5287
2.5319
2.5117
2.4946
2.5906
2.4012
2.8213
2.5247
2.7176
2.4955
2.4737
2.1786
2.5265
2.6362
2.8160
2.7663
2.7039
2.6415
2.5926
2.8485
2.7165
2.5724
2.7425
2.7175
2.8532
2.7930
2.6970
2.6651
2.7352
2.6992
3.0750
3.2920
3.2229
3.0636
2.7783
2.9042
2.7655
2.7434
2.8360
2.9998
3.0027
3.0442
2.7152
2.8604
2.7310
2.5688
2.7433
2.6203
2.5575
2.8053
2.7108
2.7159
2.5976
2.9524
2.8350
2.6761
2.6027
2.4764
2.4460
2.3859
2.4525
2.2024
2.3594
2.5312
2.4395
2.6854
2.6017
2.6858
2.4811
2.4890
2.3081
2.4076
2.5274
2.6216
2.5658
2.5880
2.7764
2.7260
2.8051
2.7758
2.9265
2.7855
2.8193
2.8407
2.7615
2.7269
2.7584
2.6561
2.6603
2.6635
2.8380
2.9460
2.9141
3.2110
2.9956
3.0266
2.8390
2.7262
2.5616
2.7765
2.7599
3.0027
2.8864
3.0116
2.8479
3.0254
3.0733
2.8998
2.9922
2.6694
2.6956
2.9325
3.1340
3.0213
2.5544
2.9230
2.9892
2.8286
3.0458
2.8597
2.8735
2.7068
2.7537
2.8336
3.0437
2.7151
2.6434
2.6896
2.8156
3.0299
2.9634
2.9042
3.0035
2.7510
2.7570
2.6367
2.9788
2.8473
2.8901
3.0301
2.8154
2.9357
2.5501
2.8600
2.7753
2.7266
2.9893
2.9969
3.0526
2.6250
2.9341
2.9623
2.9254
2.8946
3.1114
2.8520
2.8982
2.6687
2.8591
3.0335
2.8633
2.8273
2.7618
2.7267
2.8228
2.8631
2.9717
2.8719
2.8477
3.0098
2.9434
3.1925
3.2282
3.1872
2.8078
2.8650
2.8439
2.8845
2.8510
3.0199
2.9140
2.7096
2.6743
2.6629
2.9579
3.1037
2.8962
2.8442
2.8314
2.7416
3.0358
2.7260
2.6921
2.8550
2.9150
3.1835
3.0332
3.2566
2.6274
2.4740
2.6736
2.7672
2.6745
2.8436
2.8207
2.7023
2.7235
2.9955
2.6888
2.8101
2.7370
2.7648
3.1025
2.9050
3.0882
2.9507
3.0949
2.9115
2.7598
2.9740
2.8980
3.0651
2.9743
3.2380
3.2329
3.1662
2.8138
3.2155
2.9765
2.9294
3.0735
3.0304
3.2895
3.1486
3.0538
3.2305
3.1107
2.9947
3.1014
3.2553
3.1123
3.2517
2.7825
3.0759
3.4926
3.1284
2.8701
2.9373
3.2665
3.5518
3.5809
3.4370
3.1416
3.1713
3.1594
2.9987
3.3027
3.6154
3.1316
3.1304
3.3558
3.3781
3.2078
3.2668
3.2067
3.4512
3.7463
3.4038
3.0454
3.0615
2.9924
3.0877
3.0548
3.2210
3.0440
2.9661
3.1189
3.1896
3.0682
3.2555
3.3182
3.5552
3.0780
3.1268
3.3475
3.3891
3.3568
3.0484
3.2262
3.0669
2.9959
3.0317
3.1059
3.3514
3.4139
3.2146
3.1865
3.1260
3.2956
2.9366
3.3695
3.3016
2.9185
3.0590
2.9774
3.0674
3.1831
3.2067
3.4109
3.2673
3.1163
3.2260
3.5311
3.3150
3.1371
3.3153
3.4599
3.2688
3.4924
3.0007
3.2410
3.4652
3.3187
3.3043
3.4412
3.4275
3.4169
3.6099
3.3745
3.3333
3.0403
3.2783
3.0943
3.2400
3.4492
3.5405
3.2235
3.3566
2.8457
2.8935
3.1348
2.8469
3.1048
2.9126
3.1196
3.3698
3.3279
3.3211
3.0560
3.7677
3.3579
3.3929
3.2277
3.0700
3.1748
3.4858
3.2874
3.5471
3.4168
3.1297
3.7121
3.2309
3.2983
3.9278
3.5637
3.3654
3.4021
3.1170
3.2795
3.1793
3.1689
3.3680
3.2673
3.2151
3.0318
3.2738
3.0680
3.2589
3.4840
3.4335
3.2110
3.3930
3.4136
3.4065
3.1452
3.3205
3.3891
3.0534
3.6149
3.4920
3.7389
3.6284
3.7234
3.7674
3.8289
3.7573
3.6232
3.7189
3.6692
3.6389
3.5647
3.5144
3.5343
3.4298
3.5073
3.7059
3.8330
3.4276
3.4948
3.3887
3.1190
3.2731
3.2476
3.1453
2.9328
3.1926
3.2376
3.3145
3.2556
3.1627
3.3192
3.1341
2.9318
3.0782
3.6743
3.2259
3.3464
3.3156
3.0843
3.2301
2.7466
3.0209
3.0685
3.2642
3.1686
3.4762
3.1380
3.0714
3.1637
2.8897
2.9187
3.3405
3.4408
3.5414
3.3458
3.3522
3.2310
3.2332
2.8440
2.8253
3.1355
3.5097
3.4847
3.2252
3.2001
3.3365
3.2113
3.1941
3.3053
3.1152
3.2687
3.2347
3.2271
3.1574
3.0408
3.0996
3.2003
3.6744
3.3239
3.5862
3.1035
3.3593
3.3262
3.1865
3.4953
3.1226
2.9122
3.0830
3.1480
3.5279
3.6263
3.5557
3.8549
3.1554
3.2386
3.5134
3.1284
2.9709
3.0490
3.0660
3.1059
3.3080
3.2485
3.0452
3.0465
2.9693
3.0146
3.1192
3.2160
3.1677
3.0795
3.5068
3.2792
3.5849
3.2436
3.2393
3.3621
3.3259
3.1905
3.1838
3.5328
3.3029
3.1766
3.1924
3.0448
3.0674
3.0938
2.8739
2.7631
3.0915
3.1438
2.9609
2.9764
3.2143
3.2460
3.3176
3.3928
3.8618
3.5740
3.5881
3.0206
3.1153
3.1918
3.6371
3.3425
3.4264
3.1980
3.2786
3.1126
3.0005
3.2014
3.6625
3.7046
3.3143
2.9959
3.1426
3.1248
2.8782
2.9897
2.9075
2.9450
3.1108
3.3952
2.8856
3.2337
3.0882
3.0835
3.3882
3.2793
3.3287
3.1815
3.2016
2.9002
3.0993
2.9983
2.8647
3.0006
2.8980
2.9285
2.8319
2.9394
3.1276
3.0986
2.9734
3.0635
2.8999
2.9941
3.0342
3.1875
3.1960
3.1038
3.1009
2.9907
2.9918
2.9525
3.1376
3.0365
3.0924
3.2131
3.1605
3.1383
3.2463
2.9429
2.8560
2.7605
2.9395
2.9471
2.9718
2.7352
3.0844
3.0903
3.1317
3.2618
3.6009
3.1337
3.1558
3.2018
3.1727
3.1782
3.4020
3.3689
3.2615
3.1190
3.4938
3.3853
3.3124
3.3318
3.3352
3.3142
3.2134
3.0401
3.3911
3.1438
3.1934
3.1988
2.9544
2.7664
2.7614
2.7617
3.1694
3.3055
3.3172
3.0068
2.9648
3.1435
3.2700
2.8940
2.8336
2.8850
3.0187
2.7976
2.6995
2.9867
2.8632
2.8890
2.9532
2.8951
3.0875
3.1761
3.1879
3.0530
2.9466
3.0835
3.0252
2.8196
2.7499
2.9260
2.9134
3.1998
2.7902
2.8782
2.6926
3.0470
2.8726
2.9675
3.1972
2.7955
2.6783
2.6761
2.7927
2.8691
2.7715
2.7998
2.6048
2.6964
2.7264
2.6389
2.7151
2.8969
2.7503
2.5050
2.8180
2.8726
2.7152
2.8320
2.8758
2.9496
2.7736
2.7771
2.9708
3.0101
2.8919
2.9083
2.7932
2.6367
2.8458
2.9526
2.8600
2.9346
2.8749
2.6826
2.5864
2.8742
3.2326
3.1583
2.8579
2.8790
3.1702
3.3314
3.3829
3.2462
2.7061
2.4635
2.5245
2.7910
2.7231
2.8914
2.9617
2.7770
2.8675
2.8102
2.7604
3.0661
3.2115
2.6508
2.7809
2.7287
2.4290
2.5720
2.5027
2.6057
2.7154
2.7735
2.7687
2.8010
2.5959
2.8110
2.8154
2.6417
2.5758
2.7515
2.9019
2.7328
2.7745
2.6382
2.5558
2.6899
2.7672
2.8728
2.6096
2.6871
2.6582
2.9424
2.9062
2.7292
2.7357
2.6114
2.7416
2.6765
2.8557
2.7476
2.7090
2.6869
2.7574
2.9157
3.0965
2.8154
2.9858
3.0350
2.8738
2.7839
2.7753
2.8901
2.7302
3.0308
3.1750
3.1118
3.1288
3.2564
3.2445
3.0227
2.7612
3.0100
2.9913
2.8469
2.9169
2.6926
2.7824
2.7550
2.7407
2.9350
2.8727
2.9223
3.1444
2.9622
3.1253
2.8477
2.7317
2.8826
2.7381
2.8161
2.6897
2.7444
2.8418
2.5849
2.6414
2.7087
2.4639
2.4816
2.7289
2.5074
2.7494
2.7441
2.5477
2.6907
2.7178
2.9385
2.7143
2.8567
2.6382
2.6533
2.5366
2.7088
2.5800
2.5643
2.6940
2.8624
2.9121
3.0959
3.0417
3.0302
2.8541
2.8659
2.8878
2.8245
2.7157
2.5894
2.7880
2.8970
2.9465
2.8297
2.7190
2.6057
2.6224
2.6911
2.7954
2.8123
3.0095
2.8769
2.8815
2.8887
2.9467
2.8098
3.0162
3.0535
2.8013
2.7422
2.7574
3.0786
3.0363
2.7788
2.7848
2.7090
2.7345
2.8175
2.6357
2.6128
2.9111
3.0343
3.0616
2.9432
2.9532
2.8574
2.8163
2.9231
2.8091
2.9034
2.8634
2.6558
2.6521
2.6985
2.5347
2.6739
2.5452
2.7847
2.9239
2.7783
2.9591
2.7742
2.6749
2.7650
2.5189
2.7100
2.6393
2.6500
2.7363
2.8185
2.8941
2.6084
2.5849
2.6925
2.7526
2.9074
3.1018
2.9094
2.9550
2.8878
3.0405
2.9445
3.3301
2.9223
2.7998
2.7831
2.9064
2.8765
2.8792
2.8656
3.1040
3.0476
2.9945
3.1514
3.0414
3.0684
2.9693
2.8274
2.9532
2.6742
3.0512
2.8552
2.6163
2.7496
2.6811
2.8047
3.2442
2.6041
2.7482
2.7458
2.7416
2.7289
2.6865
2.5155
2.5960
2.5227
2.6776
2.7489
2.7047
2.7690
2.8748
2.9186
2.7596
2.6625
2.6957
2.7401
2.5290
2.6031
2.6989
2.6173
2.7196
2.5295
2.5876
2.7014
2.5953
2.6532
2.5919
2.7675
2.4219
2.7183
2.6363
2.5940
2.6760
2.7026
2.7115
2.6111
2.8713
2.5639
2.7418
2.6828
2.7881
2.8518
2.7611
2.8584
2.5698
2.5669
2.5335
2.7654
2.9941
2.9516
2.7445
2.7510
2.8821
2.6878
2.8616
2.7729
2.7545
2.7648
2.7213
2.7809
2.9050
2.5227
2.6967
2.5820
2.4121
2.4352
2.9425
2.9063
2.6298
2.9931
2.7169
2.7581
2.7208
2.6142
2.7045
2.7312
2.4948
2.9137
2.9175
2.8897
2.9968
2.9093
2.9908
2.8786
3.0613
2.9892
2.9937
3.0607
3.2394
2.9486
2.8419
3.1584
2.9757
2.8584
2.8731
2.7808
2.9771
2.6954
2.8630
2.8061
2.8142
3.0072
3.1027
3.2088
3.3595
2.9779
3.4097
3.1933
2.9879
2.6709
2.6242
2.8008
2.8922
2.7094
2.7995
3.1167
2.8406
2.7195
2.7290
2.9615
2.8873
3.2130
3.0585
3.0011
2.8664
2.9041
3.0041
3.3658
3.0039
2.9697
2.9679
3.3236
3.3394
3.4247
3.3913
3.0182
3.3189
3.1883
3.0687
3.2463
3.1776
3.1398
3.0843
3.2175
2.8194
2.8527
2.9324
2.7101
2.8907
3.0484
2.9149
2.8445
2.9532
2.6974
2.9578
2.8220
2.7429
2.8820
2.9288
3.2851
2.8840
2.9387
2.7840
2.9995
3.0421
3.0061
2.9342
2.9898
3.0317
2.9766
2.8121
2.8905
2.9185
2.8481
2.8532
2.7870
2.9168
3.0529
2.9903
2.8628
2.7142
2.7495
2.9171
2.9084
2.5867
2.7822
2.7715
2.7443
2.7322
2.9971
3.0312
3.1863
2.9869
3.1168
3.3405
3.1748
3.1042
2.7932
2.7301
2.9043
2.8769
2.9026
3.0324
2.9061
2.9133
3.1531
3.0412
2.9184
3.1836
3.0907
3.2522
2.9083
2.8793
2.9599
3.2521
2.9449
2.8724
2.9075
2.9214
3.0836
3.1410
3.0923
3.0504
2.9476
3.0246
2.9835
3.2197
3.1168
3.0469
3.2592
2.9032
3.1183
3.0371
2.8869
2.8684
2.8947
2.8713
3.0682
3.2068
3.1592
3.3266
3.2486
3.3475
3.2694
3.3165
3.4339
3.3427
3.2097
3.1426
3.2285
3.1690
2.8186
3.0719
2.9769
2.8989
3.3250
3.3820
3.3465
3.0955
3.3326
3.1503
3.3197
3.2764
3.2303
3.2666
3.1790
3.2704
3.2244
3.2405
3.4571
3.2055
3.2025
3.2432
3.1404
3.1216
2.9468
2.8366
2.9144
3.0986
3.0957
3.0449
3.4148
3.1353
3.2056
3.1963
3.2904
3.1243
3.2007
3.2136
3.1305
3.3944
3.0749
2.9416
2.8247
3.0816
3.1221
3.0524
3.2717
2.9865
3.0913
2.9871
2.9369
2.9455
3.2284
3.1575
3.2305
3.0104
2.8694
3.2794
3.4327
3.2782
3.2964
3.4502
3.3713
3.4573
3.2491
3.2601
3.2252
3.2332
3.2676
3.3342
3.5782
3.6389
3.9249
3.5766
3.2373
3.2469
3.3229
3.2335
3.3388
3.0173
3.2366
3.0992
2.9486
2.9105
2.8450
2.6499
2.8164
2.9121
2.9665
2.7635
3.1581
2.9271
2.9922
2.7495
2.8984
3.1880
3.0127
3.2423
3.1147
3.1023
3.0150
2.8056
3.0171
3.1902
3.2239
3.0945
3.3703
3.2358
3.3443
3.1031
2.9401
2.9648
3.3894
3.2189
2.9564
3.2721
2.9751
3.1687
3.2017
3.3602
3.3306
3.5459
3.2207
3.1051
3.2636
3.4074
3.2692
3.3340
3.2161
3.1461
3.1179
3.2559
3.1884
2.8701
3.1649
2.9974
2.8933
2.9413
2.8036
3.1343
2.9256
2.9059
3.0492
2.7622
2.8304
3.1126
3.0816
2.9806
2.8688
2.7606
2.8944
2.9409
3.0193
3.1144
3.1523
3.1294
3.1894
3.1294
3.2657
3.0567
2.8719
2.9915
2.7845
2.7480
2.7536
2.7606
2.7453
2.8350
2.9391
2.9454
2.8380
2.9760
3.0743
2.8561
2.7916
3.0876
2.9747
3.0546
2.9324
2.8352
3.0048
2.7813
3.2008
3.1655
3.0259
2.9399
3.0160
2.9367
2.9399
2.8029
3.0021
2.9546
2.6973
2.8712
2.7305
2.6145
2.9684
2.7687
2.8774
2.5912
2.8647
2.7717
2.5877
2.6512
2.6043
2.6629
2.8145
2.6263
2.7729
2.6834
2.6976
2.5643
2.6908
2.6549
2.9626
2.9258
2.7088
2.7650
2.6587
2.8419
2.8190
2.8318
3.0907
2.9292
3.0190
2.9408
2.9016
2.8094
2.9993
2.9654
2.9321
2.9210
3.0405
2.8560
2.8069
2.7735
3.0166
3.0646
2.9398
3.0543
2.9688
2.9933
2.7841
2.8627
2.8111
2.8332
2.9670
2.8441
3.1065
2.9756
3.1063
2.8309
3.0817
3.0224
2.9354
2.8195
2.8704
3.1146
2.7363
2.7288
2.8488
3.1072
2.8697
2.9050
3.0955
3.1651
3.0040
3.0060
2.8929
2.9300
2.8196
2.7325
2.9283
2.9709
2.9314
3.2674
3.0713
2.7532
2.9071
2.7425
2.9390
2.9406
3.0635
2.9213
2.8442
3.1867
2.8389
2.7771
2.9170
2.9607
2.9779
2.8663
3.0978
2.8466
2.9394
2.7087
2.8570
2.5921
2.9194
2.8098
2.8913
3.0570
2.9096
2.9288
2.9645
2.8646
2.9120
2.7540
2.8300
2.8859
2.8120
2.8497
2.7616
2.7310
2.6904
2.6797
2.7705
2.7186
2.5708
2.5179
2.6470
2.7346
2.9076
2.8818
2.9826
3.3372
3.1246
3.2059
2.8615
2.8213
2.9058
2.8948
2.7834
2.7882
2.6917
2.9588
2.8803
2.7554
2.8005
2.8143
2.8750
2.7774
2.6217
2.6372
2.8779
2.6933
2.6934
2.4850
2.6334
2.7196
2.8275
2.8706
2.7905
3.1379
2.7730
2.7346
2.5820
2.6714
2.5304
2.8667
2.7725
2.9896
2.9576
3.0313
3.0739
3.0438
3.1012
2.9925
3.0526
3.0465
3.1265
3.0841
2.9751
2.8130
2.7963
2.9377
2.7407
2.6372
2.8463
2.8441
2.8494
2.6487
2.6926
2.7224
2.6552
2.4802
2.7781
2.9739
2.8504
2.7195
2.7977
3.0249
2.7654
2.6985
2.7749
2.9509
2.7643
2.8550
2.8050
2.8771
2.9339
2.9890
2.7942
2.7292
2.8897
2.6379
2.7805
2.9872
2.8866
2.6999
2.9301
2.9046
2.9078
2.7952
2.9192
2.8315
2.8152
2.7847
2.8467
3.0191
3.0235
2.9164
2.9767
3.0198
2.8454
2.9436
2.9560
2.8917
2.9413
3.0702
3.0544
3.0476
3.2216
2.7848
2.8727
2.9476
2.7406
2.8602
2.9543
2.9852
3.1670
2.9989
2.9124
2.7207
3.0476
2.8577
2.7930
2.7493
2.8563
2.7236
2.8456
2.6539
2.9715
3.0212
3.1035
2.9010
2.6753
2.8370
2.6773
3.0579
2.9405
3.0354
2.7221
2.9004
2.6903
2.6490
2.7926
2.8474
2.8075
2.7194
2.7806
2.8187
2.9863
3.0124
3.0659
2.9077
3.0133
2.8736
2.7730
2.9962
2.8653
2.9872
3.1344
3.2708
2.8427
2.9483
3.1682
2.9974
2.9369
2.9928
2.7783
2.9481
2.8728
3.0902
3.0019
2.9782
2.9695
3.1763
2.8925
2.8826
2.9256
2.6906
2.8920
2.8665
2.9545
2.8783
3.0806
2.8853
2.7637
2.8318
2.9734
3.2277
3.0795
2.9877
2.9106
3.0900
2.8983
3.1089
3.1313
3.4143
3.2241
3.2594
3.2578
3.3454
3.2444
3.3048
3.0235
3.1065
3.0879
3.3514
3.5755
3.4855
3.4816
3.2889
3.4519
3.1703
3.3354
3.1301
3.3051
2.9572
3.1613
3.0737
3.3642
3.1266
3.0631
3.2217
2.7467
2.8674
2.6331
2.7861
2.7185
2.8310
2.7128
2.9215
2.8251
2.7540
2.5672
2.8787
2.9101
2.7935
2.6825
2.7223
2.8264
2.9742
2.8919
2.7980
3.0016
2.9956
2.9340
2.8608
2.7873
2.8945
3.1201
3.0887
3.0099
2.9706
3.0298
3.1186
3.2402
3.2432
2.9119
3.0399
3.0212
3.3273
3.0052
3.1134
2.7371
2.6945
2.5264
2.5428
2.6586
2.7283
2.9983
3.0083
2.8190
2.8194
2.8011
3.0050
2.9988
2.8981
3.1530
3.1126
2.9523
3.1051
3.1469
3.1755
3.2879
3.0184
2.8553
2.9296
2.7512
3.1996
2.8496
2.9189
2.8539
2.8789
2.9712
2.7725
2.7941
2.7386
2.9221
2.7145
2.9463
2.9173
2.7341
2.7309
2.8532
2.7943
2.7475
2.8042
2.9623
3.0065
2.7604
2.7516
2.8240
2.8657
3.1205
2.9835
3.0092
2.8067
2.8089
2.5526
2.5025
2.6296
2.6098
2.6785
2.5645
2.5591
2.6418
2.6396
2.6932
2.8629
2.8769
2.7626
2.8453
2.6112
2.4752
3.2138
2.8262
2.9766
3.0101
2.8861
2.8678
2.7836
2.9236
2.9053
3.0377
2.8972
2.8187
2.6791
2.6705
2.6844
2.7403
2.5034
2.5078
2.4987
2.6235
2.8472
2.8699
2.7740
2.6665
3.0020
2.8298
3.0240
3.1694
2.8861
2.9916
2.9412
2.7957
2.6334
2.7905
2.7413
2.7083
2.7023
2.7911
2.8580
2.8786
3.0438
2.9798
2.9161
2.9208
2.8237
2.8350
2.8510
2.7132
2.9021
2.9952
2.6746
2.7258
2.7018
3.0708
3.0413
3.0445
2.9966
2.9314
2.9388
2.9747
2.8747
2.8354
3.1054
3.0019
3.1152
3.1554
2.9519
2.8312
3.0196
2.9671
3.1870
2.9888
2.7490
2.9577
3.1783
2.9950
2.6927
3.0585
2.8819
2.7092
2.7545
2.8423
2.8001
2.8191
2.8900
2.8492
3.0018
3.1585
2.8041
2.9539
3.0423
2.9934
3.1255
2.8749
2.6221
2.7947
2.7170
2.3938
2.5195
2.6923
2.9592
2.8805
2.8427
2.8620
2.7945
2.9765
2.9145
2.8274
2.9296
2.9399
2.9895
3.0262
2.9419
2.8205
2.9499
2.9197
2.6632
2.6412
2.6862
2.7427
2.7725
2.8094
2.7588
2.6571
2.7662
2.7160
2.6999
2.8079
2.9145
2.7172
2.8025
2.8995
2.7936
2.6986
2.7517
2.8412
2.7834
2.8513
3.0375
2.9241
2.5950
2.9928
3.2043
3.0388
3.0647
2.8458
2.7193
2.6822
2.8025
3.0978
2.7299
3.0258
2.8172
2.8491
2.8089
2.6994
2.8002
2.8854
2.9348
2.9500
3.0834
2.8786
2.8563
2.9997
2.9522
2.9008
2.8724
3.1844
3.1350
3.0062
2.8330
2.6636
2.6426
2.6522
2.6632
3.0392
2.7667
3.0209
2.9616
2.6978
3.1646
2.8426
2.7173
2.7600
2.9186
2.7387
2.7337
2.8763
2.7891
2.8287
2.7935
2.6961
3.0458
2.9357
2.8771
2.9102
2.8373
2.8394
2.7481
2.7593
2.8533
3.1020
2.9441
2.9121
2.8871
2.8753
2.6592
2.9126
2.8769
2.8671
2.9319
2.6773
2.7535
2.7460
2.7120
2.9411
2.7376
2.8823
2.7354
2.9211
2.8847
3.0043
2.8266
2.6737
2.8669
2.8117
2.7805
2.7782
2.8327
2.7773
2.6818
2.8195
2.9227
2.5834
2.6415
2.6165
2.6176
2.5165
2.6170
2.7401
2.7720
2.6912
2.6392
2.4555
2.5703
2.6343
2.6474
2.6272
2.5132
2.6937
2.5142
2.6281
2.7221
2.6277
2.7328
2.7908
2.9143
2.6108
2.6751
2.5391
2.3938
2.6090
2.5625
2.6134
2.9329
3.0752
2.7515
2.9461
2.9912
2.6751
2.8801
2.6394
2.7878
2.7298
2.8197
3.0889
2.9450
2.7556
2.8140
2.9282
2.9054
2.8076
2.7804
2.7646
2.8687
2.8274
3.0566
3.2349
2.9206
2.7394
2.7817
2.8181
2.7667
2.8868
2.7815
2.5774
2.7840
2.6798
2.7017
2.5909
2.7535
2.8702
2.7640
2.9497
2.7975
2.9447
2.9684
2.8787
2.9957
2.8771
2.8375
2.9995
2.8723
2.8253
2.8675
2.9628
2.9465
2.9763
3.0679
3.1624
2.8778
3.1077
2.8758
3.2926
3.1866
3.2369
3.1885
3.3104
3.1843
3.2048
3.3971
3.1154
3.1799
3.1773
3.2836
2.9837
3.1635
3.3622
3.1169
3.0883
3.1690
3.0255
2.9212
2.9342
3.1047
3.1287
2.8611
3.3327
3.2458
2.9717
2.9036
3.0806
2.9468
3.0919
3.0033
3.2413
3.4721
3.4579
3.6588
3.1091
3.3470
3.1732
3.3214
3.1276
2.9421
3.2806
3.1788
3.3928
3.1414
3.0621
3.2282
3.4629
3.1263
3.1774
3.1297
3.2187
3.0214
3.0584
3.1209
3.0365
3.2713
3.3419
3.3953
3.4413
3.3618
3.4830
3.3012
3.2849
3.1683
3.2635
3.3970
3.5686
3.3913
3.3899
3.4551
3.3435
3.4614
3.3245
3.2192
3.1987
3.2966
3.3066
3.5333
3.5336
3.4587
3.3171
3.3088
3.4962
3.6826
3.3319
3.4327
3.5492
3.4301
3.4050
3.4417
3.1301
3.2589
3.1212
3.2776
3.0263
2.9176
2.9584
3.0316
2.7124
2.7800
2.9645
2.8042
2.8741
2.8801
3.0142
3.1197
3.1068
2.8614
3.0609
3.0094
3.1180
2.9803
3.2201
3.1720
3.2027
2.9777
2.9461
3.1098
3.0499
3.1263
3.0450
3.3801
3.1242
3.1946
3.0567
2.8661
2.9034
3.0475
3.0389
2.9708
3.1110
3.0787
3.1488
3.1555
3.1614
3.0853
3.2340
3.0492
2.9766
2.9362
2.7709
3.0497
3.1746
2.9665
2.9723
3.1008
2.8730
2.9664
2.8367
2.9162
3.0641
3.0363
3.2693
3.0894
2.8911
2.9757
2.8823
2.8925
2.7662
2.9794
2.9442
2.9449
2.9868
2.9480
2.9847
2.8716
3.0063
2.9730
2.9094
2.7100
2.8339
2.8290
2.9163
2.9627
3.0071
3.0511
3.1547
3.0287
3.4104
3.0196
3.0877
3.0147
3.2770
3.0491
2.9413
2.8956
3.0472
2.9425
2.9901
2.6399
2.9196
2.9478
3.0233
3.1219
3.1027
2.9622
2.9348
2.9045
2.9462
2.8058
2.9146
3.1813
2.8948
3.1691
3.1128
3.0280
2.9839
3.0431
2.8340
3.0438
3.0315
3.0749
3.3148
3.2969
3.1902
3.2163
3.0911
2.9109
3.0346
3.1397
3.0067
3.1908
2.9660
3.0542
2.9528
2.9836
2.9847
2.8674
2.7275
2.8039
2.7315
2.6988
2.7560
2.6990
2.6906
3.0615
3.0257
2.9460
2.9852
3.0352
2.9793
3.0336
2.7479
2.9609
2.9021
2.9937
2.7822
2.8805
2.7580
2.8496
2.7945
2.6452
2.7987
2.9463
2.9401
2.8884
2.9308
2.8840
2.8823
3.1241
3.0389
2.9063
3.0290
2.9505
3.0244
3.1202
3.0997
2.9310
2.8675
2.7235
3.0239
2.8256
2.7363
2.8326
2.8438
2.7605
2.8698
2.9611
2.8979
2.7812
2.9781
2.9548
2.7618
2.9396
2.9860
2.8332
2.9280
2.8174
3.0735
2.9703
3.1297
3.2514
2.9431
3.0092
2.8877
2.8935
2.8931
2.7835
2.9500
2.8593
2.9498
2.7437
2.9640
2.6693
3.0665
3.1437
3.0855
3.0411
3.1805
3.1757
3.2595
2.9762
3.0420
3.1147
3.1775
3.0373
3.0934
3.1598
2.9853
2.8658
2.8913
3.1080
3.0105
3.0508
3.1047
2.8579
2.9201
2.9361
3.0833
2.9051
2.8662
2.9836
2.8135
2.8916
2.6983
2.8175
2.7250
2.9504
2.9295
3.0328
2.7830
2.9217
3.0193
3.0551
3.1708
3.0188
3.0435
3.0902
2.9635
2.9399
2.8720
2.9138
2.8834
2.8448
2.7973
2.6268
2.7787
2.9077
2.8145
2.8733
2.8728
2.8497
2.8262
2.8119
2.7406
2.7448
2.8563
2.7094
2.9199
2.8515
2.7750
2.9353
3.0148
2.9181
2.9809
2.8878
2.8659
2.9159
3.0124
2.9742
3.0081
3.0372
3.0538
2.8715
2.8215
2.6930
2.7016
2.8220
2.7180
2.7422
2.7751
3.0392
2.8939
2.7115
2.8882
2.8773
2.7274
2.9954
2.9122
2.8206
2.8247
2.7791
2.8599
2.8252
2.7874
2.8525
3.0340
3.0068
2.8599
2.7344
3.0057
2.8684
2.8543
2.8407
2.7201
2.7009
2.9727
2.8452
2.9050
2.8336
2.6145
2.8386
2.7079
2.7647
2.6389
2.6474
2.7014
2.6959
2.9364
2.9362
2.7331
2.6947
2.6243
2.8027
2.7693
2.8349
2.9134
2.8906
2.8072
2.8121
2.8583
2.8357
2.8839
2.9273
2.9720
2.7572
2.7324
2.6358
2.8352
2.9038
2.9299
2.8276
2.6881
2.7905
2.7459
2.8177
2.7390
2.6547
2.8153
2.7872
2.6450
2.6576
2.8403
2.9649
2.6009
2.6814
2.5330
2.5826
2.4807
2.5076
2.6433
2.6206
2.7335
2.9307
2.6143
2.6758
2.6482
2.6371
2.6624
2.8402
2.7296
2.6859
2.6143
2.8177
2.8138
2.6645
2.7466
2.7882
2.8264
2.6988
2.7173
2.7830
2.7373
2.9351
2.9291
2.8749
3.0215
3.0205
2.9853
2.9722
3.0252
2.9605
2.7798
2.8164
2.6553
2.8739
2.9017
2.7287
3.0258
2.9460
2.8847
3.0205
3.2134
3.0908
2.8793
2.9000
2.7131
2.8208
3.0940
2.8240
2.7985
2.7454
2.8574
2.7623
2.8277
2.9159
2.9216
2.8730
2.8176
2.8914
2.9807
3.0427
3.0571
2.8754
2.8737
2.9939
2.9732
3.1826
2.9943
3.1339
3.2581
2.9890
2.8683
3.0309
2.8516
2.9147
3.0619
2.9432
2.9375
3.0455
3.0583
3.1325
2.9552
2.8848
2.7817
2.9519
2.9175
2.8334
2.8999
2.8349
2.9560
3.0096
3.0986
2.9097
2.9011
2.9167
2.9997
3.0834
3.1308
3.1530
3.0503
3.0704
2.8593
2.8130
2.8403
2.9821
3.1143
3.2644
3.0553
3.2370
3.1169
3.2585
3.3972
3.4643
3.0236
3.0330
3.1328
3.1237
3.1325
3.1033
2.9675
3.0879
3.1337
3.0608
3.2416
3.1476
3.0486
3.0193
2.9057
3.0991
2.9566
3.0645
2.9724
2.9669
2.8657
2.9595
2.8556
2.9651
2.8193
2.8553
2.7623
2.8957
2.9831
3.0904
3.0885
2.9840
2.8894
3.0488
3.0131
3.1311
2.8900
2.9958
3.1210
3.0662
3.1322
2.9319
3.1128
3.0231
3.0524
3.0669
3.0797
3.0342
2.9660
3.1288
3.0669
2.9049
2.9043
3.2504
3.2189
3.2243
3.0765
3.0150
3.0696
3.1157
2.9769
3.1450
2.9602
2.8929
3.1004
2.9895
3.2500
3.2887
2.9725
3.1596
3.0726
3.0755
3.2433
3.2916
3.0546
2.8921
2.8072
2.8699
2.7357
3.0114
2.8201
2.9188
2.9504
3.0699
3.0523
3.0580
2.9214
2.7687
2.8858
3.0576
3.1287
3.0601
2.9977
3.0374
3.1275
3.0225
2.8269
2.8666
2.9918
2.9986
2.9896
2.9607
3.0671
2.8670
3.0467
2.9055
3.0160
2.9433
2.9107
3.0123
3.0240
3.2065
3.0300
3.0578
3.0275
3.0911
2.9839
3.0588
3.0799
2.8212
3.1141
2.9373
2.9957
2.9771
2.7263
2.8302
2.6723
2.8312
2.8112
2.8695
2.8668
2.9388
2.9000
2.8515
2.7709
2.7471
2.7493
2.8568
2.9725
2.7862
2.6786
2.7215
2.9200
2.7098
2.8774
2.8258
2.9598
2.8423
2.8597
2.9218
2.8985
2.9059
2.7335
2.8555
2.6231
2.6840
2.8557
3.0282
2.8667
2.8099
2.8276
2.8535
2.8408
2.8328
2.7298
2.7868
2.7960
2.7042
2.7217
2.7819
2.7277
2.8091
2.8080
2.7714
2.8072
2.9900
2.7825
2.8653
2.9496
2.9172
2.8603
2.7978
2.8782
2.9027
2.8037
2.8362
2.7400
2.7820
2.5453
2.6415
2.6993
2.7882
2.7441
2.6763
2.6831
2.7723
2.7555
2.8280
2.6904
2.8493
2.7045
3.1294
3.0419
2.9990
2.9289
2.7251
2.7924
2.8547
2.9183
2.8983
2.8874
2.7822
2.7255
2.7672
2.9307
2.7021
2.6889
2.7121
2.8162
2.7759
2.7734
2.7517
2.8566
2.9540
2.9379
2.9300
3.0016
2.8815
3.0676
2.8845
2.5824
2.8073
2.7520
2.6736
2.7248
2.5655
2.7431
2.6075
2.8617
2.9073
2.8653
2.7041
2.6808
2.6121
2.5556
2.6923
2.7353
2.7136
2.5588
2.5519
2.6323
2.7045
2.5654
2.7695
2.7609
2.6513
2.7761
2.8437
2.6333
2.6750
2.7989
2.8229
2.7003
2.7458
2.9440
2.8971
2.7217
2.8421
2.8043
2.7799
2.8811
2.7486
2.8323
2.7285
2.6298
2.7352
2.7185
2.7194
2.8230
2.7449
2.6281
2.7983
2.6573
2.7117
2.8897
2.8223
2.8583
2.8857
2.8191
2.7353
2.9411
3.0935
2.9401
2.9851
2.8062
2.7138
2.8828
2.7787
2.9226
2.9377
2.8592
2.8108
2.9171
2.8342
2.7851
2.9214
2.7817
2.9004
2.8952
2.9660
2.9671
3.1616
2.9237
2.9921
3.0236
2.8364
2.9752
2.7776
2.7981
2.8205
2.9068
3.0757
2.8061
2.6635
2.7217
2.8514
2.9523
2.8336
2.8349
2.6605
2.8515
2.8485
2.6690
2.8881
2.8779
2.9073
2.9110
2.8376
2.8062
2.9806
2.8698
2.7679
2.6315
2.8479
2.9452
2.7749
3.1207
2.8334
3.0300
2.8773
2.7816
2.7730
2.9691
2.9653
2.9811
2.7691
2.8673
2.9591
2.9853
2.8187
3.0550
3.0014
2.9196
2.8940
3.0441
3.0853
2.9016
2.8546
3.0146
2.8954
2.8494
2.8667
2.8164
2.6535
2.6225
2.8134
2.8441
2.7956
2.8539
2.7812
2.8388
2.9740
2.7154
2.5914
2.8487
2.6393
2.5650
2.6576
2.8222
2.6619
2.7111
2.6387
2.5566
2.6124
2.6817
2.7556
2.7697
2.7211
2.7188
2.8670
2.8434
3.0038
2.7181
2.7731
2.8525
2.7604
2.7534
2.8817
2.8816
3.0112
2.8844
2.8659
2.6111
2.7430
2.8760
2.8842
2.7407
2.7679
2.8262
2.8204
2.7810
2.9033
2.8419
2.9326
2.9682
2.7739
3.0515
2.8330
2.9097
2.8030
3.0809
3.0233
2.7258
2.8128
2.7984
2.9437
3.0010
2.8400
2.7840
2.8616
2.8656
2.9699
2.7561
2.8080
2.6694
2.7165
2.6526
2.7562
2.7311
2.7076
2.8600
2.6658
2.8157
2.8545
2.9688
2.9861
2.9756
2.8920
3.0371
2.9426
3.1471
2.8986
2.9892
2.9224
2.8386
2.9145
3.1435
2.8996
2.9536
2.8426
2.7282
2.7740
2.7354
2.8475
2.7678
2.9350
2.8859
2.7124
2.7834
2.7189
2.6230
2.7728
2.7869
2.6293
2.7715
2.8356
2.7788
2.6692
2.9450
2.7439
2.8495
2.9076
2.8065
2.9646
2.9677
2.9252
3.0255
3.0168
3.0175
2.8792
2.8373
2.7665
2.6366
2.7737
2.9058
2.8874
2.7872
2.7088
2.9374
2.8243
2.6520
2.6945
2.8367
2.9378
2.9753
3.0736
2.9658
2.9059
2.8759
2.7892
2.8332
2.7793
2.8502
2.7978
2.6724
2.8641
2.8027
2.6743
2.7454
2.7523
2.9524
2.9209
2.9110
3.0233
2.8938
2.9410
2.9016
2.9351
2.9088
3.1425
3.0026
2.8858
2.9890
2.9561
2.8525
2.7410
2.8374
2.9915
2.8810
2.8699
2.9604
2.8590
2.8302
2.7768
2.6588
2.7765
2.7953
2.9134
2.8345
2.7281
2.8244
2.8681
2.8014
2.8292
2.8907
2.9690
2.9566
2.8495
2.9997
2.9336
2.9229
2.9455
2.7953
2.7581
2.7928
2.9914
2.9788
2.8570
2.9269
2.8599
2.9691
3.0387
3.0603
3.0038
3.1218
2.7716
2.9040
3.2241
3.3057
3.1727
3.3160
2.9958
3.1461
3.2057
3.4931
3.1440
3.0824
3.0921
2.9691
3.1418
2.8499
2.8329
3.0212
2.9402
2.9368
2.8729
2.9980
3.0045
3.0924
3.3187
3.1006
3.2062
3.1173
3.0465
3.0268
3.0353
3.0311
2.9862
3.0934
3.1500
3.0870
2.9772
2.9301
2.7924
2.8620
2.9886
2.8645
2.7719
2.6073
2.7821
2.6595
2.7535
2.8252
2.9865
3.0408
2.8625
2.9075
2.7737
2.7713
2.7673
2.7995
2.8887
2.9070
2.8656
2.9247
3.0431
2.8728
3.0687
2.8663
2.7801
2.9511
2.9035
2.8124
2.9638
2.7029
3.1192
2.8282
2.7799
2.7590
2.8655
2.8786
2.6884
2.7254
2.7420
2.8208
3.0502
2.8788
2.7874
2.9121
2.7634
2.8571
2.8579
2.7558
2.8732
2.9089
2.7994
2.6891
2.8576
2.9578
2.7928
3.0078
2.8782
2.9163
2.9775
2.9263
2.9224
2.8900
2.9293
2.9621
2.8961
2.8788
2.8370
2.7077
2.7630
2.8696
2.7328
2.6964
2.7907
2.7550
2.8641
2.6881
2.8640
2.8245
2.6704
2.7634
2.6953
2.6829
2.8357
2.7149
2.6627
2.8500
2.7911
2.6872
2.8568
2.9685
2.8960
2.8812
2.9028
2.8041
2.7814
2.8024
2.7724
2.9200
2.7500
2.7399
2.8527
2.9278
2.9855
2.8727
2.9861
2.8421
2.8016
2.8009
2.8223
3.0017
2.8303
2.9267
2.9050
2.9235
2.8067
2.8959
2.8961
2.6876
2.8676
2.8797
2.9197
2.9120
2.8777
2.9090
3.0182
3.0604
3.1523
2.9588
3.0096
2.9570
3.0508
2.9300
2.8920
3.1464
2.9423
2.9096
2.9684
2.8657
2.8901
2.9793
3.2413
3.0949
3.1758
3.1291
3.2620
3.3697
2.8080
3.0577
3.3900
3.4368
2.9224
3.3001
3.2002
2.8522
2.7318
3.0701
2.9426
3.1942
3.1814
3.1742
3.2258
3.3828
3.4937
3.4798
3.3437
3.2858
3.0988
3.2842
3.2048
3.1000
3.0593
3.0966
3.0483
3.3821
3.1965
3.2459
3.0316
3.2279
3.0437
3.0337
3.0273
2.9641
3.0619
3.0978
2.9114
3.1918
3.1277
3.2588
3.3002
3.3907
3.1400
3.1252
3.2732
3.1674
2.9840
2.9218
2.9758
3.1216
3.1853
3.1943
3.0045
3.1112
3.0794
3.0830
3.0419
3.1924
3.0586
2.9776
3.2361
3.2324
3.1025
3.2192
2.8718
2.8760
3.1491
3.0538
3.0489
2.9783
2.8936
2.9875
2.8853
3.2075
3.0874
3.2005
2.9634
2.8952
3.2487
3.2262
3.3349
3.6496
3.4240
3.3433
3.2092
3.3498
3.0079
3.3470
3.4945
3.2666
3.1455
3.2388
3.1893
3.3142
3.1473
3.4413
3.4800
3.4821
3.4830
3.5431
3.5374
3.4782
3.4775
3.2556
3.1747
3.6454
3.4533
3.2700
3.3563
3.2883
3.2451
3.1600
3.3612
3.1791
3.1966
3.3929
3.5023
3.3889
3.3013
3.2598
3.2765
3.2114
3.3167
3.3409
3.3702
3.2756
3.3504
3.2796
3.3664
3.1604
3.5933
3.5462
3.4097
3.7321
3.8427
3.7227
3.5092
3.6630
3.5980
3.5584
3.8344
3.8294
3.5949
3.7577
3.6258
3.5463
3.7872
3.7357
3.7418
3.6974
3.3848
3.5429
3.3316
3.1699
3.3666
3.2689
3.4612
3.5426
3.6488
3.5424
3.4296
3.4811
3.7268
3.6397
3.3236
3.4160
3.4332
3.4441
3.5447
3.2396
3.2619
3.2848
3.2608
3.5288
3.1527
3.1741
3.1875
3.5622
3.4539
3.3795
3.3506
3.4554
3.4087
3.6110
3.6036
3.6760
3.6643
3.7383
3.5016
3.5143
3.6253
3.5292
3.4133
3.3842
3.4186
3.4491
3.3059
3.3697
3.6221
3.4652
3.2128
3.3392
3.3392
3.4167
3.4418
3.4220
3.3062
3.5571
3.5460
3.7247
3.4392
3.4872
3.6557
3.2866
3.2186
3.4062
3.6482
3.6095
3.4034
3.3497
3.1596
3.2717
3.3434
3.3534
3.1399
2.9761
3.1900
3.1475
3.2433
3.5655
3.7247
3.5469
3.1259
3.3173
3.2180
3.2577
3.4909
3.1990
3.1349
3.2091
3.1361
3.0994
3.1263
3.0328
3.3070
3.2378
3.0529
3.0479
2.9160
3.2820
3.4233
3.4400
3.2806
3.4786
3.1978
2.9957
3.2387
3.4453
3.2237
3.0239
3.0566
2.9434
3.0110
3.1753
3.2531
3.2149
3.2430
3.1562
3.3903
3.3665
3.3153
3.4669
3.1383
3.0594
3.2813
3.2499
3.6214
3.4003
3.3024
3.4334
3.4505
3.4901
3.4526
3.3543
3.4140
3.1524
3.1478
3.4179
3.0774
3.4475
3.4445
3.3002
3.2628
3.1866
3.2500
3.2834
3.5986
3.4891
3.1502
3.3507
3.1787
3.1419
2.9994
2.9809
2.9736
3.2378
3.2184
3.3212
3.1474
3.0894
3.1570
3.0918
3.0518
3.2737
3.1662
3.2729
3.2577
3.3569
3.4475
3.5519
3.4495
3.4563
3.4404
3.2456
3.2610
3.3832
3.6150
3.3343
3.6038
3.6716
3.2371
3.3873
3.1901
3.1081
3.1277
3.1802
3.3917
3.1843
3.2648
3.3644
3.3417
3.4479
3.0894
3.4834
3.6301
3.8576
3.7112
3.5025
3.2409
3.1260
3.0164
3.4260
3.2104
3.3603
3.2082
3.2535
3.0893
3.2301
3.1117
2.8508
2.8675
2.8174
2.9072
3.0209
2.9774
3.1593
3.1850
3.2612
3.2154
3.1544
2.8204
3.0174
3.2948
3.0643
3.0283
3.0126
3.0779
3.1506
3.3424
3.0603
3.1975
3.3066
3.0907
2.9780
2.8202
2.9038
2.7849
2.9922
2.9571
2.9229
2.9668
3.1165
2.7839
2.8614
2.8812
3.0831
3.0924
2.8658
2.8364
2.8769
3.0214
3.0031
3.1444
3.2957
3.1328
3.1141
3.2034
3.1658
3.0107
2.8979
2.8262
2.8799
3.1608
2.9293
3.0243
3.1847
3.0667
2.9901
2.9911
2.8941
3.1036
3.1010
2.8891
2.8759
2.9717
2.8819
2.9707
3.1483
3.1762
2.9217
2.8506
2.7922
2.8291
2.8146
2.9544
2.8092
2.9032
2.9988
2.8253
3.0728
2.8789
2.8659
2.9696
2.9265
2.8927
2.9116
2.8814
3.1311
2.9979
3.0916
3.0553
2.8312
2.8556
2.8454
2.8360
2.9768
3.1702
2.9622
2.8310
2.9319
2.7489
2.9153
2.8710
2.8591
2.9209
2.8662
2.8583
2.9048
2.8727
2.8173
2.7561
2.9897
3.0373
3.0408
3.0031
3.1123
3.0342
2.9953
2.9791
2.8057
3.0322
3.1627
3.0536
2.9809
2.9521
2.9171
2.9286
2.9375
2.8361
3.0317
2.8148
2.7827
2.7600
2.8883
2.9694
2.9973
3.2816
3.3174
3.2386
2.9207
3.1396
3.1104
3.1858
3.0307
2.9096
3.0743
3.1179
3.2137
2.9390
2.9426
3.0750
3.1165
3.0932
2.9608
2.8444
2.9069
3.2075
2.9352
2.9278
2.9186
2.9839
3.0766
2.8907
3.0575
2.9945
2.9508
2.9616
2.9278
2.9827
2.7869
2.8751
2.9634
2.7532
2.6617
2.6749
2.7849
2.8873
2.9003
3.1466
3.0343
2.9470
2.8345
2.9887
3.1697
3.0005
2.8565
3.0848
3.0076
2.9167
2.8288
2.9607
2.7914
2.7604
3.0666
2.8735
2.9881
3.0797
2.9098
2.9363
2.8163
2.9070
2.9055
2.9486
3.2063
3.0652
3.1116
2.7507
3.0077
3.1038
2.9060
3.0173
3.0471
2.9318
2.9345
2.8471
2.7195
2.7334
2.6973
2.5829
2.5428
2.7157
2.6513
2.6882
2.6376
2.6855
2.6926
2.5895
2.7339
2.7027
2.7298
2.9004
2.8685
2.8733
2.8194
2.9457
2.9952
2.9001
2.9222
2.9676
3.0363
3.0621
2.9653
3.0235
2.8259
2.9569
3.0453
2.6764
2.6637
2.8475
3.0643
2.7609
2.8121
2.9633
2.8191
2.9861
3.0643
2.9946
2.9617
3.0209
2.8991
3.1540
2.9861
2.8948
2.9771
3.0320
3.0167
2.9256
2.8607
3.2505
3.0085
3.0042
3.4169
3.0904
3.2281
3.0748
2.8121
2.9376
2.7633
2.9457
2.9114
2.7809
2.9020
2.8411
2.5474
2.7940
2.8398
2.8612
2.9009
2.9141
2.8453
2.9250
2.9232
2.8032
2.8498
2.9538
2.9643
2.8333
2.8162
2.7485
2.7273
2.6675
2.7041
2.6981
2.6590
2.7768
2.6870
2.8251
2.8842
2.7869
2.8162
3.0310
2.8977
3.0906
3.0424
2.8180
2.7456
2.8063
2.6683
2.7135
2.7891
2.8868
2.9138
2.7483
2.7552
2.8116
2.8977
2.8646
3.0196
2.8443
3.0432
2.9400
2.8392
2.8287
2.8292
2.9223
2.8489
2.7729
2.8580
2.8316
2.9072
3.0320
2.9734
2.9663
2.9469
2.8495
2.8545
2.9505
3.1211
3.0797
3.3799
3.3721
3.4035
3.4797
3.1955
3.2313
3.0667
3.0960
3.2365
3.1187
3.2086
2.9102
2.9181
3.0524
3.0214
3.0770
3.0495
3.1245
2.9040
2.8445
2.9331
2.8246
2.8638
3.0548
2.8270
2.7335
2.6655
2.8723
2.8847
2.9535
2.8527
2.9415
2.9476
3.1506
3.0953
3.1357
3.0349
3.0565
3.1147
2.8806
2.9057
2.8309
3.1767
3.0498
2.8935
3.2142
3.1513
3.2475
3.2068
3.2329
3.1061
3.0891
3.0947
2.8732
2.9834
3.0492
3.1614
3.0210
3.2451
3.0646
3.0612
3.0678
3.1541
3.1577
3.0402
3.1600
3.0776
3.3110
3.1360
3.0367
2.9847
2.9730
3.1142
3.1051
2.9955
2.9391
2.9459
3.0926
3.0160
2.8790
2.7822
2.8384
2.9770
2.7803
2.7374
2.7991
2.8491
3.1247
3.0620
3.1424
3.1671
2.9759
3.1755
3.1329
3.0744
3.0419
3.2824
3.1952
3.0254
2.8754
3.0168
3.2418
3.0257
2.9780
3.1611
2.9487
3.1933
3.0824
3.4031
3.2570
3.1960
3.2667
3.2726
3.1182
2.9893
3.1260
3.0667
3.0150
3.1996
3.0813
2.9816
2.9356
3.0276
2.9933
2.9701
3.3894
3.2798
3.1507
3.3415
3.1108
3.2159
3.3888
3.1172
2.9780
3.2522
3.2581
3.4191
3.0234
3.1581
2.9599
3.1557
3.0520
3.1795
3.2735
2.9853
2.9153
3.0358
3.1039
3.1902
3.2404
3.1217
3.0790
3.0531
3.2343
3.1230
3.0142
3.2148
3.0615
3.1746
3.1255
3.0264
2.9753
3.0562
2.8827
3.0712
3.0621
3.2228
3.1989
3.0289
2.7918
2.9484
3.0391
2.9167
3.1056
2.9275
2.7587
2.6396
2.5860
2.6724
2.7386
2.6790
2.8671
2.6970
2.8905
2.8730
2.9726
2.7405
2.9315
2.7509
2.6690
2.6284
2.8808
2.8305
2.8195
2.7644
2.7975
2.8242
2.7704
2.9693
2.7466
2.9162
2.8221
2.8369
2.8370
2.8053
2.7946
3.0437
3.1074
3.1135
2.6537
2.9467
2.9897
2.9773
3.0452
2.9791
2.8248
2.8723
2.9486
2.8846
2.9835
2.8981
2.9483
2.9257
2.9462
2.8698
2.9991
2.7170
2.9203
2.9395
3.1371
2.9902
2.8693
2.9032
3.0097
3.0080
3.0427
2.9279
3.0247
3.0142
3.0661
2.9410
2.7757
2.8949
2.8788
3.0363
3.0559
2.8700
2.8840
2.7421
2.9671
2.8355
2.6697
2.9438
3.2220
3.0445
3.1273
2.9847
2.8651
2.8340
2.9140
2.7869
2.9014
2.7196
2.7531
2.7426
2.7918
2.8201
2.8182
2.9277
2.8604
2.9833
2.9670
2.8887
2.8864
2.8349
2.9234
2.8076
2.8617
2.8137
2.8705
2.9978
2.9801
2.9110
2.9418
3.0905
2.9237
2.8665
2.8974
2.9572
3.0163
3.1747
3.0075
3.0806
3.0229
2.9138
2.8781
2.9448
2.6338
2.6516
2.7591
2.7642
2.8152
2.6255
2.8800
2.8181
2.9725
3.2033
3.1538
2.9780
3.0608
3.0175
2.7434
3.0939
3.0782
3.1149
2.9588
3.1672
2.9495
3.0129
3.0741
3.0291
3.0737
2.9306
2.9969
3.0285
3.0911
3.0170
3.1995
3.1975
3.1954
3.2476
3.1822
2.9543
3.3076
3.1540
3.0880
3.2936
3.0268
3.0803
3.5259
3.2167
3.3583
3.2599
3.1454
3.1030
3.0005
2.9018
2.8968
2.8866
3.0136
3.1096
3.0346
3.1985
3.0876
3.1433
3.2593
3.0183
3.1596
2.9133
2.9593
2.9943
2.7675
2.8244
2.8633
3.1309
3.3198
3.1619
3.1153
3.0993
3.5414
3.3093
3.2215
3.0694
3.1799
2.9522
2.9794
3.1680
3.1305
3.0418
3.1693
3.1934
3.2447
2.9813
2.9170
3.2825
3.0538
3.1677
3.1471
3.1070
3.1307
3.0374
3.2242
3.2302
3.0309
2.9615
3.2664
3.0384
3.2295
3.0338
2.9981
2.9836
3.3790
3.1099
3.0246
3.2836
3.1893
2.9402
3.1560
3.2163
3.0745
3.0128
3.0324
2.9991
3.1919
3.0308
3.1474
3.2304
3.3954
3.1420
3.3153
3.2522
3.2910
3.1146
3.1249
3.4140
3.3989
3.3462
3.1742
3.1959
3.2829
3.4328
3.1118
3.2252
3.1210
3.0763
2.9812
2.9676
3.1072
3.4339
3.2364
2.9653
3.0616
3.2426
3.2781
3.4299
3.2561
3.4497
3.5474
3.3996
3.2150
3.0644
2.9442
2.9502
2.8635
3.0398
2.7376
2.6097
2.7934
2.8560
2.8053
3.0815
2.9907
2.8990
2.7955
2.9337
3.0165
2.7308
2.8470
2.9653
3.1088
3.0679
3.1732
3.0719
3.1218
2.8791
3.0964
2.9836
3.1666
2.8087
2.9412
2.8112
2.7019
2.7505
2.9087
2.8123
2.9346
2.7936
2.7964
2.7968
2.6639
2.8375
2.7725
2.7353
2.8759
2.7672
2.8584
2.8592
2.8776
2.7982
2.8769
2.8780
2.5613
2.9666
2.8675
2.8153
2.8761
2.8166
3.0135
2.7088
2.9575
2.8604
2.7977
2.9639
3.2030
3.1681
2.9360
3.0866
2.9166
3.1113
2.9133
3.0312
2.9731
2.9505
2.8101
2.9747
3.0792
3.1264
3.1894
2.9896
2.9864
3.1550
2.9591
3.1217
2.8882
3.0153
2.9397
2.7902
2.9003
2.9321
2.9752
3.0712
3.0716
3.1174
3.0114
3.3978
3.4851
3.1427
3.0864
3.2059
3.2100
3.1369
3.2935
3.0100
2.9364
3.1031
3.0341
3.1449
3.1242
3.1403
3.1605
2.9214
3.0037
3.1730
2.9208
3.1006
3.0123
3.0754
3.0921
3.2114
3.2720
3.2369
3.0756
3.2612
3.3167
3.3317
3.4422
3.4333
3.3222
3.1656
3.1646
3.4272
3.6031
3.5383
3.4145
3.3760
3.2633
3.2342
3.1387
3.2278
3.4379
3.2151
3.3291
3.1145
3.0886
2.9750
3.0712
3.0219
3.2116
3.0671
2.9116
2.9728
2.8278
2.9723
3.0154
3.0724
3.1029
3.2786
3.0797
2.9206
2.7787
2.9958
2.8647
2.7976
2.7853
2.7697
2.9799
2.9699
3.0739
3.1052
3.0280
3.4310
3.4389
3.0878
3.0743
3.2706
3.1004
3.1868
2.9144
3.1898
2.9352
3.0218
2.8793
2.7805
2.8812
3.0175
2.7632
2.8639
3.1551
3.1832
3.1529
3.0919
3.2606
3.1113
3.3052
3.1049
3.2296
3.4136
3.0749
3.0046
3.2576
3.0141
2.9692
3.1158
3.2408
3.0166
3.0655
3.1936
2.9418
3.0490
3.0004
2.9538
3.2529
3.0571
3.2024
3.2177
3.1531
3.1477
3.0009
3.2537
3.1383
3.1310
3.1335
3.0820
3.1342
3.3415
3.2749
3.5263
3.3972
3.4941
3.3910
3.6586
3.3591
3.4116
3.5087
3.3325
3.3808
3.3464
3.3170
3.4088
3.3693
3.3991
3.5727
3.6460
3.5692
3.2681
3.3457
3.4980
3.3283
3.5258
3.3108
3.2207
3.2237
3.4736
3.0046
3.1214
2.9889
2.9836
3.2358
3.0292
3.1849
2.9575
2.8791
2.9860
3.0708
3.0445
3.2949
3.1326
3.5224
3.6580
3.5637
3.2148
3.2154
3.6381
3.2580
3.5299
3.0359
3.1405
3.0856
3.3154
2.9745
2.7873
2.8570
2.9296
3.1522
3.4004
3.2846
3.4460
3.5741
3.3724
3.4224
3.5940
3.3749
3.1037
3.1694
3.2434
3.1675
3.0842
3.1807
3.2012
3.1319
3.0677
2.9698
3.0763
3.0451
3.2164
3.2042
3.2605
2.9387
3.2467
3.0533
3.0847
3.4476
3.4458
3.4971
3.2423
3.3015
3.1089
3.3670
3.2760
3.2590
3.2208
3.1425
3.0878
2.9945
2.8649
3.0320
2.9418
3.1084
3.3644
3.1947
3.1234
3.3310
3.1750
3.3311
3.2020
3.1995
3.2212
3.2719
3.1738
3.3247
3.2342
3.0335
3.4390
3.1414
3.2241
3.1927
3.1101
2.9713
3.0289
3.1707
3.2661
3.1691
3.3898
3.4959
3.5810
3.6445
3.7496
3.5743
3.3718
3.3607
3.0940
3.2939
3.0969
3.0668
3.2057
2.9895
3.0030
3.0965
3.0279
3.1143
3.0149
3.0964
3.0409
3.1062
3.4408
3.1469
3.3199
3.0723
3.2993
3.4000
3.4297
3.4687
3.5182
3.4149
3.3506
3.1309
3.1503
3.2033
3.2690
3.0645
3.3757
3.5205
3.4700
3.6335
3.5938
3.2757
3.3085
3.2380
3.2640
3.0864
3.1463
3.2932
3.1175
2.9370
3.0308
3.0447
3.1621
3.0576
3.1014
3.3060
3.2034
3.0757
2.9527
2.8926
2.9923
2.8820
3.0030
3.1680
3.1992
2.8937
2.8213
2.8634
2.9595
2.8563
2.9326
2.9478
3.1046
3.1055
2.9831
2.9142
3.0741
2.9099
3.0266
3.0560
3.0105
3.0354
3.1078
3.0095
2.8239
3.0638
3.2547
3.1120
2.9308
2.8463
3.0170
3.1812
3.0970
2.9973
2.8172
3.1063
2.8732
2.9722
3.1825
3.1074
3.1811
3.1686
3.0786
2.8869
3.1341
3.0382
3.1154
3.1408
2.8969
2.9232
2.9426
2.9341
3.0215
3.1107
2.9371
2.8261
2.9040
3.0026
3.0290
2.8504
2.8031
2.7708
2.8962
2.8731
3.0349
3.1020
3.0527
3.3319
3.1530
3.0003
3.3022
3.1276
3.0787
3.1184
3.0456
2.9461
3.0526
3.1880
3.4035
3.4061
3.1774
3.1712
3.2906
3.1257
2.9753
2.9284
2.9859
3.0821
3.1393
2.9047
3.0633
3.0747
3.1024
2.9398
2.9469
3.0806
2.8897
2.8446
2.8365
2.7372
3.1081
3.0098
2.9207
3.0271
3.0482
2.8906
3.0818
3.1155
2.9778
3.1548
2.9246
2.9964
2.9617
2.9952
3.0026
2.7812
2.8791
3.0403
2.9184
2.9611
3.0202
3.0236
3.1894
3.0809
3.1202
2.9376
2.9446
3.0937
3.2178
3.1561
2.9214
2.9057
3.0821
2.8442
2.9579
3.0036
2.9495
2.9318
3.0373
3.0361
3.0636
2.9504
2.9780
2.8121
3.0318
3.1589
3.1949
3.0350
3.1738
3.0737
2.8754
2.8444
2.8792
3.0504
3.0933
3.1052
3.0799
3.0211
2.8544
3.0687
3.2052
3.2545
3.0741
3.1764
3.0249
3.0224
2.9155
2.9917
2.9600
2.9153
3.0715
3.1938
3.0105
3.0795
3.0700
2.9431
3.0254
2.9861
3.0313
2.8936
2.9739
3.0305
3.2282
2.9251
2.9527
3.0279
2.9329
3.0276
3.1336
3.2848
3.1609
3.0469
3.1995
3.1011
2.9419
3.1828
3.0613
3.0368
3.1816
2.8846
3.1046
3.1629
3.1102
3.0495
3.2714
3.0109
2.9017
3.0474
2.9942
3.0668
2.9340
3.0412
2.9737
2.7628
2.9123
3.0360
3.0183
2.9791
2.8895
3.0155
2.7803
2.9591
3.0799
3.0393
2.9631
3.1801
2.9151
3.0580
3.0899
3.1762
3.1866
3.2196
2.9918
3.1131
3.0534
3.0458
3.1326
3.0726
3.2758
3.1330
3.1223
3.1261
3.2415
3.3229
3.2558
3.3590
3.3420
3.3260
3.2537
3.2279
3.1945
3.2306
3.1331
3.1245
3.2857
3.2570
3.0813
3.0688
3.1073
3.0516
3.3679
3.0978
3.1157
3.1152
3.1498
3.0884
3.1175
3.0671
2.8157
3.0112
2.7399
2.7818
2.7960
3.0911
2.8818
2.8668
2.7551
2.8888
2.8787
2.8715
2.9541
2.9191
2.9399
2.8367
2.7018
2.6596
3.0062
2.8205
2.9478
2.6406
2.8147
2.8504
2.7557
2.7298
2.8073
2.6692
2.9053
2.7269
2.6910
2.8003
2.7353
2.7470
2.8416
2.7863
2.7220
2.9058
2.8420
2.7335
2.7519
2.8381
2.8181
2.9379
2.9389
3.1151
2.8575
3.0564
2.8154
2.8729
2.9794
2.9066
2.9902
2.9414
2.8642
2.7800
2.7054
2.6318
2.8558
2.8614
3.0014
2.8934
2.9562
2.9645
3.0350
3.0349
3.0815
3.1911
3.0969
3.1590
3.1212
3.2701
3.1037
3.1395
2.9788
3.0741
3.0972
3.0682
2.9232
2.9528
2.9317
3.0103
3.0468
3.0286
3.0596
3.0318
3.1839
3.0448
3.2080
3.0312
3.3474
3.2413
3.1627
3.1895
3.1025
3.3277
3.2412
2.9854
2.9482
3.0549
3.2297
3.1079
2.9696
2.8630
3.1222
3.0223
3.0735
2.8355
2.8849
2.8184
2.8656
2.9091
3.0308
2.9441
3.0190
2.8396
2.8750
2.7000
2.9798
2.9569
3.0997
3.1136
3.3069
3.4382
3.5470
3.3387
3.3356
3.1943
3.1665
3.0883
3.4473
3.4548
3.4005
3.3201
3.2882
3.2921
3.3338
3.3256
3.4960
3.4872
3.9145
3.3654
2.9884
2.9644
3.0487
2.9101
3.0155
2.9042
2.8769
3.1278
2.9056
2.8044
3.0513
2.8986
3.1026
2.9954
2.8146
2.9532
3.0321
3.0233
2.9900
3.1128
3.0141
3.2868
3.0993
3.1146
3.4985
3.2971
3.1305
3.1245
3.0116
3.1096
2.9931
3.1424
3.0767
3.1799
3.3814
3.1383
3.3282
3.0029
3.2181
3.2327
3.3919
3.4719
3.3095
3.2291
3.0611
3.2332
3.1872
3.1401
2.9277
3.2556
3.1692
3.2461
3.1125
3.2047
3.0230
3.2439
3.1734
3.0991
2.9433
3.1285
3.3003
3.2632
3.1980
3.0293
3.1773
3.2011
3.1623
2.9730
3.3980
2.8811
3.0340
3.1539
2.9432
3.0168
3.1079
3.3200
3.0633
3.2544
3.1315
3.2404
3.4536
3.1513
3.0438
3.0626
2.9517
2.7308
3.0542
3.0166
3.1349
3.0956
3.2681
3.0423
3.0439
3.1468
3.0506
3.0477
3.1002
3.1050
2.9818
3.0673
3.0013
3.1035
3.0875
3.0533
3.1350
3.0853
3.1439
3.0498
3.1204
3.0684
3.1080
3.0051
2.9901
3.2127
3.0936
2.8377
2.9913
3.1077
3.1290
3.0496
3.1024
2.9705
3.0048
2.9752
3.0423
3.1550
3.0580
3.1310
2.9915
3.0144
2.9893
2.9564
3.0357
3.1226
2.9786
2.9578
3.0790
3.3007
2.9964
3.2694
3.0283
3.1355
2.9884
3.0578
3.2885
3.1576
3.0871
2.9926
3.0675
3.1032
3.0512
2.9439
2.9078
3.0666
2.9664
2.9752
2.9638
2.8667
3.1846
2.8123
2.9924
2.8193
2.7903
2.9692
2.9282
2.7725
2.9659
2.9599
2.9254
2.8335
2.7341
2.7290
2.8826
2.7990
2.7562
2.7295
2.8254
2.8045
2.9801
2.8449
2.7379
2.8785
2.9876
2.9941
3.0490
2.9477
3.0001
2.7526
2.9719
3.0347
2.8978
2.9810
3.0674
2.8917
3.1239
2.9580
3.2188
3.2837
3.2491
3.0553
3.1441
3.1243
2.8045
2.8787
2.9820
3.0349
3.1661
3.2760
3.2122
2.9581
3.1339
3.0193
2.9852
3.0020
3.2567
3.1681
3.1614
3.0682
3.1370
3.0099
3.0065
3.1341
2.9238
3.1219
3.2140
3.1694
2.9672
3.1026
3.0738
2.9241
3.0353
3.1377
3.0074
3.0123
3.0476
3.0231
2.9195
3.0147
3.0362
3.0412
3.0039
3.0289
2.9978
3.2148
2.9375
3.0983
2.8696
3.0152
2.8300
2.8601
3.1444
2.8969
2.8121
2.7322
2.8416
3.0503
2.9960
3.1578
3.0414
3.2364
3.0320
2.8377
3.0426
3.1096
2.9707
2.9435
2.8183
3.0427
2.9927
2.7224
2.7911
2.9666
3.0800
3.1782
2.9952
2.8374
2.7177
2.8367
3.0634
3.0877
2.8916
2.8668
2.9248
2.9216
2.9278
3.0567
2.7895
3.0100
3.0458
3.0493
3.1690
3.0264
3.1816
2.9573
3.0446
2.9491
2.9398
2.9035
2.8920
2.7743
2.8911
3.1577
3.1349
3.0970
3.1028
3.1393
3.1754
3.0970
3.0724
3.1697
2.8975
2.9178
2.9918
2.9315
3.0315
3.1580
3.2643
3.1129
2.9228
2.7422
3.1299
3.3698
3.3282
3.2569
3.1114
3.0654
2.9511
2.7877
2.8512
2.8288
3.0874
2.8199
2.8225
2.9458
2.8320
2.8883
2.9693
2.7055
2.9783
2.8991
3.0525
2.7703
2.9198
3.0132
3.1123
3.1385
3.2271
3.0811
3.2602
3.1853
3.1419
3.3523
3.1443
3.0531
3.0525
2.9880
2.9676
3.0726
2.8727
3.1736
3.1541
3.0468
3.0917
2.9613
3.0226
3.1927
2.9582
3.0304
2.8108
2.9328
2.9567
3.0796
2.8273
3.1125
2.9919
3.1588
2.9758
2.9491
2.8793
3.1296
3.0723
3.0935
3.0186
3.2599
2.9986
2.8372
3.0125
2.9316
3.1390
3.1972
3.0137
2.9386
2.8296
2.9613
3.1401
3.0505
2.8873
2.8761
2.8281
2.8905
2.9138
2.7613
2.5969
2.7630
2.8485
2.7489
2.8598
2.9201
2.8095
2.7595
2.7890
3.0876
2.9591
2.8704
2.7872
3.1662
3.0094
2.9550
3.1205
3.1594
3.0355
2.8788
3.0007
2.9537
3.0988
3.2105
3.0916
3.1451
3.1845
3.3026
3.3883
3.3465
3.3031
3.0297
3.1319
3.0803
3.1610
3.2423
3.1579
3.1744
2.8988
2.8600
2.8568
2.9433
3.0193
2.8327
3.0421
2.9758
3.0579
2.9513
2.8838
2.9207
2.8492
2.7610
2.8278
2.8762
2.7633
2.7953
2.8146
2.7724
2.7778
2.8286
2.9318
2.9020
2.7912
2.8385
2.7805
2.7979
2.7675
2.6944
2.8746
2.7351
2.7329
2.8102
2.7149
2.6341
2.8962
2.7745
2.7947
2.7872
2.8715
2.9065
2.7023
2.7948
2.8252
2.8368
2.7998
2.7226
2.6915
2.9267
2.8814
2.9542
2.8248
2.8372
3.0447
3.1450
3.0392
3.0100
2.9691
2.9532
2.9585
2.8475
2.8438
2.9486
3.0056
3.1656
2.9996
2.9700
2.9777
3.0366
2.9643
3.0005
3.0307
2.9689
3.1152
2.9773
3.0264
2.9021
2.9303
2.9683
3.1479
3.0794
3.1051
2.7501
2.9650
2.9013
2.8317
3.0275
3.0042
3.0518
3.0580
2.8920
2.8586
2.8261
2.7856
2.6699
2.6043
2.7689
2.6831
2.7156
2.9005
2.9301
2.8714
2.7496
2.7898
2.7028
2.7003
2.6733
2.9114
2.7985
2.7429
2.6851
2.8052
2.7966
2.8586
2.7504
2.8619
2.7943
2.7267
2.9604
2.7807
2.7729
2.8804
3.0699
3.0618
3.0025
2.9528
2.9283
3.0453
3.0978
2.8405
2.8454
3.0321
3.0896
2.9625
3.0692
3.0219
3.1197
3.0510
3.0699
3.0799
3.1471
3.1749
2.9200
2.8931
2.8460
3.1294
3.0231
3.1240
2.9853
3.1746
3.0048
2.7033
2.8066
2.7642
2.9019
2.7517
2.8859
2.8033
2.9251
2.9363
2.8198
2.7952
2.7988
2.7259
2.7403
3.0051
2.8846
3.0352
2.9349
3.0716
2.8353
2.8561
2.7826
2.7858
2.7050
2.5689
2.7385
2.7347
2.7212
2.6883
2.7168
2.8527
2.8405
2.8342
2.8848
2.9290
2.9136
2.8992
2.8799
2.8872
2.8469
2.9224
2.8768
2.7740
2.8691
2.9658
3.1916
3.1556
3.0690
3.1177
2.9773
3.0292
3.0072
2.9650
2.8766
3.0599
2.8651
2.8441
2.8175
2.8590
3.0038
2.9051
2.9342
2.9447
2.9619
2.9840
2.9728
2.9866
2.8071
2.7067
2.7852
2.8275
2.7294
2.7055
2.8288
2.7871
2.9753
2.6863
2.8521
2.8157
2.8126
2.8150
2.7981
2.8821
2.7434
2.6888
2.6939
2.7833
2.7720
2.9508
2.9518
2.8041
3.0113
2.8860
2.9984
3.0716
2.9327
2.8370
2.7114
2.7418
2.8695
2.8786
3.1030
2.9518
2.8630
2.8749
3.1480
3.0957
2.9183
2.8748
2.9220
2.9462
2.9685
3.0082
2.8081
2.8981
2.9059
2.8917
2.8339
3.0716
3.0074
2.8479
3.0049
2.9396
2.8442
2.7485
2.7750
2.9745
2.8169
2.8595
2.9122
2.7852
2.9545
2.9913
3.0036
3.1654
2.9299
3.0219
2.9531
2.9973
3.0246
3.0246
2.9394
2.9526
3.0118
2.8776
2.8314
3.0851
2.8991
2.8504
2.8560
2.7771
2.8902
3.0339
2.8664
2.9300
2.8670
2.9690
2.9251
3.1374
3.1126
3.0130
2.9904
3.0783
3.2230
3.1894
2.9251
2.7037
2.8371
2.9859
2.9804
2.9312
2.9840
2.7915
2.9008
2.7654
2.7986
3.0500
3.1453
3.0932
3.0799
2.9697
3.0549
3.0335
3.1978
3.5642
3.4408
3.5825
3.3813
3.3987
3.2889
3.3408
3.4610
3.1693
3.3309
3.0853
3.0707
2.8975
3.0207
3.0045
2.8900
2.9023
2.8628
3.1037
3.1596
3.0955
2.9360
2.8473
2.9164
2.9178
2.8772
2.7208
2.7743
2.8614
2.9070
2.9292
2.9206
2.9673
3.2582
3.4833
3.3495
3.2521
3.0211
3.0365
3.0543
3.5003
3.3673
3.1954
3.1318
3.1416
3.1088
3.1391
3.0187
2.9723
3.0486
3.0335
3.0851
3.0578
3.1532
3.1318
3.0852
3.2473
3.1315
3.2091
3.5995
3.4283
3.4541
3.3382
3.1759
3.0617
3.1019
2.9171
2.9825
2.9718
2.9791
2.7671
2.8121
2.9039
2.9465
2.9092
2.8090
2.8448
2.9012
2.9221
2.9003
2.8450
2.8602
2.8868
2.8490
2.6052
2.9224
2.7275
2.7086
2.7923
2.8963
2.9856
2.8532
2.7150
2.6030
2.7701
2.6239
2.6154
2.6165
2.7441
2.8801
2.8887
2.8734
3.0139
2.9714
2.7192
2.7325
2.7328
2.8452
2.7155
2.7402
2.8605
2.9111
2.8053
2.8520
2.9205
2.9570
2.8934
2.8981
2.8808
2.9811
2.9681
2.9335
2.8625
3.0053
2.8679
2.7135
2.7028
2.8162
2.9377
2.7704
2.8724
2.9183
2.9519
2.8729
3.0825
2.9949
2.8863
2.8025
2.8871
2.8955
3.0304
2.8898
2.9574
2.8594
2.9002
2.8677
3.0447
3.0521
3.0119
3.0519
2.9965
3.0413
2.8392
2.9519
3.0717
2.8892
3.2880
2.8461
3.0308
2.9888
3.0038
2.9767
2.8530
2.9980
3.0797
3.0120
3.2423
2.9975
2.9341
2.9883
3.1844
2.9505
2.9676
2.9084
2.9087
2.6844
2.8495
2.9559
2.7048
2.8441
2.7239
2.9794
2.8477
2.7983
2.8469
2.8389
2.8306
2.7709
2.8946
3.0774
2.9916
3.1438
2.9944
2.9952
3.0858
2.9621
3.0380
3.1062
3.2000
3.1669
2.9689
2.9142
3.1319
3.1224
3.1061
3.0204
3.0196
3.0592
3.1888
3.0241
2.9705
3.2552
2.9399
3.0689
2.9405
2.9920
3.0117
2.9488
3.0198
3.0634
3.0183
2.9341
3.0431
2.8889
3.0158
2.9193
2.9044
2.9705
2.9142
2.8649
2.9485
2.9853
3.0827
3.0450
2.8924
2.9112
2.9850
3.0807
3.0998
3.0591
3.2333
3.1082
3.1387
3.3322
3.3257
3.2461
3.2038
3.2631
2.9544
3.1711
3.2700
3.0706
3.0597
2.9475
3.1152
3.1783
3.2461
3.3065
3.3205
3.2416
3.1336
3.2392
3.2426
3.4083
3.2792
3.2570
3.1512
3.0787
3.2899
3.2353
3.1372
3.1018
3.0719
3.1604
3.1505
3.0554
3.0211
3.0858
3.2079
3.1498
3.3627
3.2921
3.3838
3.4003
3.3738
3.4168
3.3970
3.3229
3.4942
3.3357
3.2569
3.4226
3.2242
3.0243
3.1782
3.0641
3.0040
2.9480
3.0477
3.0907
3.1971
3.0352
3.2037
3.2624
3.0528
3.1514
3.0557
2.9244
2.8757
3.0192
3.0397
2.9495
2.9047
2.9688
3.0165
3.1765
3.0872
3.0988
3.3283
3.1279
3.2042
3.2096
3.4115
3.2631
3.1387
3.1482
3.2352
3.3767
3.2400
3.3168
3.2584
3.0707
3.2308
3.1490
3.3886
3.2800
3.2465
3.0930
2.9362
3.0398
3.0780
3.1439
3.0949
3.1499
3.0867
2.9026
3.1050
3.2110
3.1004
3.0331
2.9306
2.8215
2.7615
2.8085
2.7926
2.9708
2.9436
3.0431
3.0804
3.1831
3.0313
3.1594
3.1698
2.9772
3.1245
3.0991
3.1628
3.1517
3.0599
3.1980
3.1367
3.1202
3.2158
3.1343
3.1569
3.0688
3.0021
3.1419
3.1091
3.0790
3.0957
3.1303
3.1533
3.2918
3.1653
3.1223
3.2503
3.3859
3.6069
3.4229
3.3765
3.4578
3.3385
3.4823
3.3089
3.2182
3.2653
3.1687
3.1138
3.1304
3.2558
3.1718
3.2262
2.8992
2.8930
2.8332
2.8938
2.8049
2.7974
2.7442
2.8455
3.0017
3.0013
2.7364
2.9784
2.8987
2.7213
2.8818
2.9740
3.0883
2.9979
2.9489
3.1484
3.1537
3.1226
3.0165
2.7863
3.0608
2.8699
2.9902
3.2891
3.0768
2.8758
3.1600
3.1157
3.1758
3.0673
3.1256
3.1170
3.1369
3.0223
3.1107
3.1307
3.1157
3.1482
2.9648
2.9866
3.0022
2.7651
2.9168
2.9065
2.9956
3.1150
2.9528
3.1068
3.1977
3.1931
3.1210
3.1458
3.2201
3.3367
2.9774
3.0391
3.0444
3.0983
3.0276
2.8901
2.9006
3.0172
3.1422
2.9447
2.9498
2.7317
2.8906
2.9850
2.9119
3.0940
3.0019
3.1588
3.0360
3.0920
3.1662
3.1191
3.0821
3.0088
3.0339
2.9542
3.0681
3.1153
3.0695
3.0919
3.0876
3.0612
3.0236
2.9204
2.9520
2.8508
2.8044
2.8237
2.9632
2.6630
2.8566
2.9159
2.9177
3.0127
2.8784
2.9456
2.9095
3.0839
2.9532
2.9194
3.0153
2.9903
2.8438
2.9589
2.9608
2.9110
2.9180
3.0230
2.9061
2.7553
2.8531
2.7613
2.8606
2.8905
2.8398
2.8976
2.8638
2.8329
2.8463
2.7773
2.9343
2.7752
2.7692
2.7431
2.7105
2.6489
2.8220
3.0246
2.8368
2.9285
2.7292
2.8888
2.9162
2.8932
2.8411
3.0364
2.9747
2.8914
2.8552
2.8394
2.9052
2.9336
2.9063
2.8814
2.7671
2.8685
2.8325
2.8133
2.7661
2.7663
2.8843
2.8533
2.7110
2.8475
2.9326
2.8712
2.7682
2.7918
2.8087
2.7535
2.8654
2.8549
2.7729
2.7571
2.8773
2.7883
2.8150
3.0668
2.9010
2.7272
2.9764
2.7831
2.8559
2.7545
2.8223
2.8154
2.8567
2.7722
2.8869
2.8860
2.7366
2.7906
2.8454
2.8307
2.8158
2.9572
2.7284
3.0039
2.8020
2.8376
2.8454
2.8903
2.8518
2.8132
2.9227
2.8983
2.7867
2.9411
2.8445
2.8364
2.9046
2.8472
2.9259
2.7852
2.9654
2.9261
2.7888
2.7405
2.7995
2.7683
2.8150
2.8189
2.8108
2.7241
2.8225
2.8260
2.7280
2.9051
2.8643
2.9055
2.7677
2.9161
2.8834
2.8658
2.7534
2.6614
2.6784
2.8258
2.7377
2.9145
2.9683
2.8247
2.7724
2.6953
2.7832
2.8579
2.9258
2.9511
2.9956
2.7657
2.9275
2.7611
2.8529
2.8681
2.8257
2.9033
2.9068
2.8530
2.9817
2.8645
3.0555
2.9301
3.0686
2.8023
2.8238
2.8655
2.8506
2.8227
2.8663
2.9631
2.8281
2.8277
2.9081
2.8806
2.7326
2.6795
2.7286
2.8822
2.7741
2.7464
2.7838
2.7990
2.6780
2.7487
2.7525
2.8211
2.6902
2.8395
2.8280
2.8907
2.9402
2.8642
2.7287
2.8868
2.8009
2.7779
2.7723
2.7592
2.8597
2.7993
2.8857
2.8351
2.9474
2.8856
2.7851
2.7815
2.7859
2.7817
2.7365
2.6501
2.6195
2.8014
2.7669
2.7182
2.8769
2.9496
2.7868
2.7640
3.0290
2.7736
3.0610
2.8233
2.9110
2.9506
2.9133
2.7707
2.8023
2.8093
2.8828
2.7888
2.8931
2.8160
2.8775
2.7912
2.9689
2.8533
2.8432
2.7593
2.7731
2.8925
2.7397
2.8425
2.7162
2.7767
2.8388
2.8274
2.8437
2.7684
2.7319
2.7598
2.5603
2.8042
2.7872
2.8649
2.9065
2.6806
2.9000
2.9578
2.7962
2.9470
2.7352
2.9258
2.8658
2.8120
2.7666
2.9445
3.0410
2.8175
2.8560
2.9233
2.7692
2.7472
2.8668
2.8283
2.7247
3.0224
2.7845
2.7706
2.9227
2.8024
2.9903
2.9890
2.8800
2.9058
2.8422
2.7241
2.7986
2.8310
2.9527
2.7771
2.8487
2.7856
2.9243
2.8282
2.6805
2.8269
2.7739
2.8694
3.0069
2.9974
2.9383
2.9241
3.0979
3.0069
2.9502
2.8545
3.0387
2.8336
2.9154
3.0485
3.1236
3.0712
2.8182
3.0029
3.0078
3.0053
2.8683
3.0132
2.8970
2.9024
3.0080
2.8915
2.8586
2.9669
2.8368
2.9008
2.8710
2.8896
2.8251
2.8774
3.0172
2.9962
2.9447
3.0178
3.0414
2.9210
2.8887
2.8979
3.0071
2.8973
3.0722
2.9446
3.1105
3.0426
3.0886
2.9339
2.9202
3.1334
3.1206
2.9975
2.9982
3.0316
3.1598
2.9759
3.0638
3.0898
3.1725
3.2580
3.0680
2.9947
2.9579
2.9957
3.0867
2.9077
3.0101
3.0558
3.3030
3.2760
3.1192
3.1281
3.1269
3.1170
3.1643
3.2392
3.0485
2.9832
2.9283
3.1726
3.1680
3.0309
3.0975
2.9690
3.1393
3.1327
3.3946
3.2326
3.0981
3.0942
2.9983
3.2111
3.1752
3.0937
3.0302
3.0052
2.9932
3.1564
3.0860
3.1691
3.2049
3.1206
3.0140
2.9313
3.1346
3.0109
3.0227
3.0555
3.0223
2.9703
3.0406
3.1172
2.9383
3.1195
3.0038
3.0875
3.0590
3.1997
3.2025
3.0452
2.9639
3.1510
3.2603
3.0773
3.1175
3.1618
3.1925
3.0512
3.1693
3.1852
3.3071
3.0658
3.2112
3.1771
3.1516
3.0315
3.0191
3.2316
3.0684
3.0286
3.1855
3.2450
3.3906
3.1658
3.1606
3.2344
3.2827
3.1799
3.2826
3.0500
3.2185
3.1967
3.1418
3.1602
3.2223
3.2256
3.1176
3.2141
3.1110
3.0373
3.2181
3.0825
3.1690
2.9797
2.9964
3.1694
3.1457
3.1399
3.0739
3.1050
3.1706
3.2170
3.1515
3.1282
3.1703
3.2900
3.3330
3.0587
3.1570
3.2583
3.1599
3.1142
3.2677
3.2678
3.1027
3.2745
3.1145
3.2984
3.3111
3.1839
3.2104
3.3144
3.2601
3.2041
3.1935
3.2819
3.2936
3.2864
3.2473
3.2766
3.0970
3.2317
3.1639
3.1989
3.2049
3.1802
3.2803
3.1763
3.1521
3.0639
3.0937
3.1919
3.1364
3.2684
3.3287
3.3389
3.0997
2.9981
3.1589
3.1237
3.0887
3.1018
3.0186
3.0750
3.2329
3.1014
3.4118
3.1553
3.1068
3.0934
3.2223
3.2110
3.3000
3.0820
3.2783
3.2412
3.2187
3.3616
3.2029
3.1786
3.1297
3.1998
3.0529
3.0390
3.2329
3.3102
3.0830
3.0969
2.8779
3.1115
2.9226
2.9270
2.8378
2.8775
3.0910
2.9730
2.9025
3.0854
2.9811
3.1435
2.8135
2.8076
3.0288
3.1591
3.0915
3.2708
3.0201
3.1764
3.0169
3.0101
3.0145
3.0183
3.0510
3.1549
3.0423
3.0888
3.1405
3.0815
2.9817
2.9642
2.9785
3.0312
3.0345
3.1770
2.8577
3.0671
2.8734
2.9952
3.0812
3.0700
3.0634
3.1554
3.0388
2.9519
2.8091
2.9654
3.0000
3.0483
3.0454
3.0617
2.9092
2.9332
2.9399
2.9468
3.2177
2.8219
3.0025
3.0618
3.0238
2.9568
3.0704
2.9283
3.0216
3.1651
3.0725
2.9673
3.1729
3.0310
2.9963
2.9475
2.9235
3.1382
3.0929
2.9401
2.9926
2.9687
2.9017
2.9193
3.0860
3.0405
2.8397
3.1231
2.9796
2.9169
2.8986
3.0141
3.0326
3.0366
3.1914
3.1183
3.0515
3.0653
3.1324
2.9804
3.0447
3.0560
3.0393
2.9001
3.0403
3.2880
3.1932
3.3826
3.1119
3.1144
3.0055
3.0284
3.0711
3.1354
2.9051
3.0129
3.0815
3.2487
3.0934
3.1220
3.0192
3.2342
3.1650
3.2292
3.1006
3.2105
3.1375
3.2269
3.4742
3.3209
3.3482
3.2653
3.2332
3.2605
3.3168
3.2695
3.3420
3.2043
3.2221
3.2789
3.1213
3.2087
3.1351
3.3345
3.3121
3.3475
3.3714
3.4323
3.3752
3.2688
3.2065
3.2722
3.3642
3.1212
3.3032
3.3343
3.1748
3.1461
3.2755
3.1566
3.2212
3.0899
3.1475
3.0251
3.2269
3.2929
2.9533
3.1471
2.9994
3.1159
3.0986
2.9880
3.1564
3.1529
3.2609
3.1840
3.1719
3.1779
3.1862
3.2642
3.2202
3.4467
3.3089
3.2549
3.1116
3.3255
3.4045
3.2033
2.9689
3.2306
3.1848
3.1076
3.2342
3.1763
3.1473
3.2042
3.1505
3.1769
3.0192
3.0673
3.2813
3.1907
3.4290
3.2660
3.2383
3.2504
3.2596
3.2482
3.2985
3.1035
3.2059
3.3092
3.3114
3.3168
3.3039
3.2970
3.1800
3.1893
3.2372
3.4015
3.2180
3.2421
3.1059
3.0838
3.3511
3.1343
3.3445
3.2507
3.3179
3.3890
3.3634
3.3560
3.3933
3.4353
3.4098
3.5411
3.4213
3.4925
3.2257
3.3369
3.4651
3.5496
3.1938
3.5357
3.4120
3.4755
3.3710
3.3388
3.3397
3.5291
3.3742
3.1792
3.2756
3.3733
3.2689
3.1675
3.2718
3.4874
3.2615
3.1637
3.2502
3.1620
3.2533
3.2688
3.3206
3.4456
3.3939
3.2828
3.3690
3.2303
3.3187
3.1916
3.0821
3.2849
3.2130
3.1703
3.1803
3.1631
3.1571
3.2470
3.2526
3.2232
3.1790
3.3121
3.3234
3.3912
3.3990
3.2667
3.2559
3.3051
3.1531
3.3364
3.3292
3.2528
3.2127
3.3240
3.1754
3.2520
3.2021
3.2530
3.2839
3.2302
3.1512
3.4562
3.4755
3.4814
3.5314
3.6351
3.4669
3.4217
3.6019
3.6007
3.2792
3.3589
3.3148
3.5109
3.5374
3.4505
3.2192
3.3141
3.2554
3.1432
3.2609
3.1267
3.1495
3.2832
3.1796
3.2220
3.2701
3.2777
3.1952
3.3046
3.2580
3.0776
3.1519
3.1857
3.3009
3.2821
3.2929
3.1527
3.1385
3.1960
3.2909
3.2270
3.2959
3.4690
3.3610
3.1635
3.0455
3.0563
3.0844
3.1191
3.0682
2.9080
3.1092
2.9268
3.0835
2.9774
2.8237
2.8561
2.8931
2.9708
3.0770
3.0791
3.1346
2.9202
2.9364
2.9603
2.9161
2.9245
2.8751
2.8851
2.9560
3.1358
3.1636
3.0737
3.2446
3.1941
3.0754
3.0437
2.9252
3.0173
3.0696
3.1150
3.0728
3.1365
2.9726
3.0182
3.1933
3.0855
3.0067
2.9562
2.9420
2.9337
3.0945
3.1884
3.0592
2.9450
3.0245
2.9444
3.0448
3.2431
3.1381
3.1416
3.0967
3.2292
3.2611
3.1053
3.1292
3.0624
3.1337
3.1316
2.9463
3.0408
3.1219
3.3049
3.1706
3.2415
3.0710
3.2552
3.0632
3.2418
3.1366
3.3027
3.1937
3.1593
3.1683
3.1683
3.0047
3.0626
3.1614
3.0620
2.8888
3.0872
2.9911
3.0154
2.8816
2.9756
3.2313
3.0791
3.1413
3.0856
3.0616
3.1939
3.3188
3.1270
3.1520
2.9079
3.0058
2.9852
3.0012
3.0333
3.0502
3.2365
3.0438
3.1480
3.1385
3.1407
3.0334
2.8794
2.9902
3.1101
3.0292
3.0370
3.0808
3.1924
3.0244
2.9465
3.0863
3.0443
3.1448
3.0442
2.8984
2.9956
2.9501
2.9703
3.0861
3.0388
3.0123
3.0318
3.1776
3.2092
3.0070
3.2811
3.0755
3.0172
3.1092
3.0862
3.1201
3.1307
3.0753
3.2278
3.1195
3.2500
3.2123
3.1118
3.2404
3.1602
3.0997
3.2043
3.3183
3.3540
3.2795
3.1203
3.2942
3.2421
3.2163
3.1178
3.0766
3.1837
3.2782
3.1645
3.1282
3.3391
3.1828
3.3515
3.2587
3.2590
3.1869
3.2732
3.1161
3.2090
3.2490
3.1137
3.2446
3.1812
3.3007
3.1186
3.3583
3.1310
3.0347
3.0577
3.2337
3.0729
3.1162
3.0296
3.1096
3.1606
3.0894
3.0417
2.9238
2.9918
3.0507
3.0490
3.1431
3.1015
3.1710
3.2422
3.0891
3.3185
3.4866
3.5113
3.4189
3.5075
3.2261
3.2786
3.2407
3.3144
3.1666
3.2986
3.1796
3.1534
3.0653
3.2872
3.1983
3.0271
3.0855
3.0922
3.1418
3.2191
3.0502
2.9504
3.0235
3.0318
2.9438
3.0015
3.0537
3.0583
3.1176
3.0546
3.0941
3.0844
3.1196
3.2461
3.2297
3.2361
3.4254
3.1734
3.1714
3.0105
3.0342
3.1336
3.1603
3.2646
3.3910
3.2826
3.4580
3.1710
3.2506
3.2087
3.2906
3.3148
3.1864
3.3769
3.2900
3.1959
3.1950
3.2104
3.1270
3.0569
3.1834
3.0326
3.1640
3.3285
3.2823
3.1683
3.3984
3.4532
3.4640
3.4388
3.1931
2.9905
3.0974
3.1647
3.1635
3.1044
3.1511
3.2456
3.2448
3.2924
3.3442
3.1681
3.1580
3.2252
3.2418
3.3109
3.2428
3.3721
3.1520
3.0798
3.3087
3.2886
3.2449
3.1914
3.2445
3.2690
3.1352
3.5221
3.2020
3.1093
3.1875
3.2262
3.3047
3.2624
3.4217
3.2711
3.1691
3.4180
3.3902
3.1991
3.3710
3.3785
3.3301
3.1734
3.2588
3.2941
3.2750
3.3397
3.1638
3.2921
3.2578
3.3124
3.3705
3.2096
3.1454
3.1359
3.1690
3.2904
3.1280
3.3014
3.1382
3.1630
3.2562
3.0090
3.2472
3.2508
3.1625
2.9614
3.1499
3.2140
2.9911
3.1449
3.1173
3.2092
3.0203
3.0525
3.1704
3.2904
3.3307
3.1122
3.0446
3.0339
3.0092
3.0768
3.0667
3.1726
3.1591
3.2412
3.2795
3.2450
3.2182
3.1421
2.9829
3.1102
3.0400
3.0175
3.3106
3.2151
3.3340
3.1877
2.9471
2.9640
3.0522
2.9869
3.1009
3.2227
3.1643
2.9113
2.9967
3.1453
3.2250
3.0272
3.2241
3.2229
2.9596
3.0434
3.1382
3.0344
2.9537
3.0626
3.0922
3.2106
3.1166
3.2011
3.1567
2.9363
2.9813
3.0309
3.1298
3.0741
3.1375
3.0677
2.9495
3.1237
2.8512
2.8158
2.8728
2.9365
2.8858
2.8961
3.0391
3.1266
3.1797
3.2143
3.1256
3.0919
3.1209
3.2883
3.0447
3.1078
2.9974
3.1333
3.0291
3.0417
2.9960
2.9882
3.0230
3.1079
3.1541
3.3019
3.0191
3.0676
3.1495
3.1453
3.1682
3.0511
3.0682
3.2061
3.2258
3.1898
3.2365
3.2212
3.3420
3.2457
3.2125
3.0084
3.0708
2.9839
3.1042
3.1734
3.2467
2.9977
3.0974
3.1912
2.9874
3.0579
3.1273
3.0206
3.2224
3.2386
3.0997
3.1989
3.1524
3.0047
3.0571
3.1162
3.0116
3.1715
3.2632
3.0819
3.0033
2.9649
2.9182
3.1431
3.1569
3.1275
3.1832
3.1549
2.9969
3.1367
3.2360
3.1765
3.1890
3.1150
3.1713
3.0756
3.1286
3.2893
3.2452
3.2796
3.0249
3.1007
3.1223
3.1898
3.0995
3.1743
3.2025
2.9948
2.9132
3.0755
2.9375
3.1757
3.1771
3.0677
3.1720
3.2005
3.2185
3.1722
3.0338
3.2234
3.1397
3.3484
3.3047
3.3719
3.4575
3.3174
3.1103
3.1851
3.3082
3.2091
3.2130
3.2740
3.0699
3.0950
3.1436
3.0519
2.9193
2.9644
2.8472
3.1139
3.1846
3.1323
3.0251
3.3067
3.0965
3.2405
3.0743
3.3463
2.9511
3.0273
3.1165
3.0672
3.1731
3.1140
3.1582
3.1285
3.2712
3.1441
3.0216
3.0997
3.1622
3.0906
3.0398
2.9686
3.0780
3.2466
3.0830
2.9645
3.0368
3.2666
3.2164
3.2846
3.1624
3.0909
2.9966
3.1723
3.1950
2.9538
3.0136
3.1719
3.1416
3.2360
3.1778
3.1747
3.0454
2.8774
3.0010
3.0137
3.0468
3.0533
3.0049
3.1413
2.9622
3.0574
2.9854
3.0527
3.2240
3.0972
3.0628
3.1798
3.1060
3.0489
3.1050
3.0220
3.2786
3.4154
3.2665
3.1367
3.0651
3.0361
3.0165
3.0141
3.0915
3.2151
2.9890
3.1710
3.2027
3.0027
3.3115
3.4175
3.1740
3.1990
3.1080
3.1399
3.2233
3.1504
3.1771
3.2331
3.0447
3.0939
3.0927
3.2101
2.9962
3.0108
3.1119
3.0195
3.0331
3.1156
3.0635
2.9852
3.2520
3.0817
3.2253
3.0332
3.1211
3.2311
3.1463
3.1835
2.9802
2.9145
2.9016
3.0202
3.0325
2.9660
2.9420
3.0545
2.9676
3.2320
3.1904
3.1432
3.0060
3.0495
3.0646
3.0696
3.0688
3.0036
3.2013
3.0782
3.0915
2.8938
3.0498
2.9770
3.0049
3.0273
3.0453
3.1969
3.0638
2.9063
2.8971
2.9614
3.0935
2.8997
2.9540
2.9994
2.9701
3.0016
3.0395
2.9417
2.9853
3.0835
3.0685
2.8872
2.8303
2.7276
2.9951
3.0901
2.9618
2.8665
3.0168
3.0033
3.1137
2.9708
2.9804
3.1472
2.9898
2.8925
2.9140
3.0776
3.1629
3.1806
2.9903
3.0495
2.9067
2.8510
3.1059
2.9933
3.0174
3.1578
3.3208
3.0149
3.2327
3.1423
3.1641
2.9059
3.0042
3.0329
3.0445
3.0421
3.1888
3.1118
2.9776
3.1650
3.0134
3.1712
3.1266
3.1833
3.0617
3.1203
3.1062
3.0845
2.9738
3.0190
2.9110
3.0591
3.0915
3.2108
3.0160
3.2063
3.0102
3.0025
3.0821
2.9931
3.0568
3.0094
3.0948
3.1192
3.0632
3.0918
2.9586
3.0068
3.0330
3.1466
3.0895
3.0885
3.1049
2.9443
3.0113
3.0474
3.1068
3.0820
3.1491
3.0009
3.1682
3.1491
2.9992
3.0608
3.0518
3.0839
3.0381
3.1481
3.1210
3.1607
3.0457
3.0478
3.0233
3.1509
3.3792
3.2901
3.1877
3.1132
3.1954
2.9862
3.0109
3.0057
3.0990
3.0685
3.1592
3.1612
3.0015
3.2062
2.9577
3.0460
2.9675
2.9630
3.0177
2.8857
2.9330
2.8920
2.9428
3.0957
3.1289
3.2527
2.9710
3.0828
2.9913
2.9299
3.0761
2.9637
2.9705
3.0968
3.0274
3.2420
3.0861
2.8801
3.0239
3.0577
3.0589
2.8270
2.9082
2.7662
2.9244
3.0774
3.1273
2.9714
2.8164
2.8543
2.9147
3.0184
2.9882
3.0117
2.9743
3.1036
3.0401
3.1284
3.1039
3.1074
3.0795
3.1338
3.0746
3.2340
3.1297
3.2383
3.2946
3.4474
3.1972
3.2758
3.0106
3.1501
2.9738
2.9458
2.8215
2.9635
2.9468
2.9769
3.0256
2.9284
2.9393
2.8972
3.0899
3.2904
3.3312
3.0339
2.9205
3.0304
2.8873
2.9359
2.9378
2.9977
2.9903
3.0945
3.0207
2.9939
2.9279
3.1895
3.0793
2.8465
2.9739
3.1772
3.0999
3.1005
2.9788
2.9512
2.9438
2.7878
2.9912
2.9108
2.9522
3.0624
3.1011
3.1065
3.1121
2.9843
3.0177
3.1986
3.0538
3.1349
3.1813
3.2703
3.3117
3.3344
3.3298
3.4313
3.1173
3.0795
3.0993
3.1302
3.1248
3.2147
3.1344
3.3150
3.3833
3.2859
3.4978
3.2473
3.1104
3.1220
3.1231
3.4429
3.0366
2.9356
3.0259
2.9340
3.1282
3.2674
3.3437
3.2564
3.3577
3.2512
3.2205
3.3340
3.2133
3.3809
3.5313
3.5203
3.6228
3.4541
3.5913
3.4187
3.5671
3.4317
3.2617
3.2450
3.2135
3.3193
3.3952
3.2512
3.0917
2.9835
2.9923
2.8935
2.9038
3.0107
2.9787
2.9835
3.0607
3.2448
3.0648
2.9854
3.0753
3.1038
3.1328
3.1041
3.1571
3.1654
3.2071
3.2485
3.2150
3.2950
3.2472
3.1578
3.2482
3.2547
3.2034
3.2289
3.2439
3.3010
3.3454
3.3809
3.1839
3.3792
3.2684
3.3672
3.2130
3.1833
3.1373
3.1015
3.2384
3.2349
3.1056
3.2421
3.1561
3.2583
3.3615
3.1852
3.2891
3.2880
3.2018
3.2820
3.2853
3.2176
3.1243
3.2107
3.2575
3.4145
3.3034
3.1250
3.3253
3.1292
3.2937
3.2243
3.1938
3.2351
3.1434
3.1728
3.4003
3.2395
3.2319
3.3371
3.1919
3.2891
3.2389
3.3564
3.1702
3.5731
3.4823
3.5911
3.3666
3.3015
3.1065
3.2434
3.3340
3.0775
3.0650
3.1774
3.0944
3.0511
3.1822
2.9841
2.9048
3.1593
2.9828
2.9917
2.9957
2.9376
2.7745
3.0524
2.8378
3.0150
2.9511
2.9327
2.8861
3.0523
2.8925
3.0793
3.1154
3.1132
2.9832
2.9529
3.0503
2.9936
2.9657
2.9859
2.9607
2.9667
2.9301
3.0281
2.8282
2.8897
2.9107
3.0277
2.8587
2.9559
3.0302
3.0662
3.0681
2.8687
3.1321
2.9735
2.9453
3.0657
2.9810
3.1730
3.0297
3.0723
3.1077
3.0058
2.8765
3.1556
3.0818
3.0136
3.0458
3.2346
3.1065
2.9382
3.0201
2.9776
3.0597
3.1043
3.1062
2.9599
3.0358
2.9619
2.9962
3.1102
3.0293
3.1029
3.2092
3.1730
3.1426
3.0854
3.0981
3.1087
3.1130
2.9540
2.9467
3.0473
2.9904
2.9713
2.9635
3.0098
2.9015
2.9523
3.0490
2.8988
2.9964
2.9040
3.0321
3.0042
3.0825
3.0224
2.9744
2.9302
3.0926
2.8895
2.9919
2.9090
2.9582
2.9268
2.9002
2.9041
2.8856
2.9831
2.9945
2.9545
2.8432
2.9546
3.0243
2.7631
2.7693
2.9526
2.9758
2.9618
3.1015
2.8584
2.9278
2.9808
2.9761
3.0528
3.0808
2.8349
2.9904
3.0145
2.9861
3.0473
2.9704
2.9339
3.1470
2.9550
3.0513
3.0763
3.1113
2.8472
2.9607
2.8985
2.7956
2.8450
2.9656
2.8034
2.8702
2.9664
2.9846
3.0375
3.0408
3.0078
3.0617
3.0926
2.8785
3.0092
2.9365
3.1227
3.0837
2.9658
2.9331
3.1101
2.9986
3.1355
2.9892
2.9375
2.9927
2.8731
2.9932
2.9577
3.0593
3.1137
2.9213
2.8753
2.8959
2.9841
2.8086
3.0707
3.1164
2.9264
2.9113
2.9073
3.0693
3.1541
3.0341
2.8987
3.0707
3.0824
2.9532
2.7912
2.8270
3.0174
2.9308
2.9645
2.8503
2.7574
3.0003
2.9368
3.1522
2.9782
2.9567
2.9358
2.9315
3.1084
2.9136
3.0021
2.9561
3.0996
2.8810
2.9259
2.9213
2.9461
2.9825
3.0231
3.0049
2.9526
2.9942
3.0647
3.0192
3.0425
2.9385
2.9218
3.0342
2.8508
2.8545
3.1051
2.9898
2.9009
2.8371
2.8728
2.8454
2.9562
2.8668
2.9302
2.9202
3.0697
2.9887
2.9129
2.8519
2.8941
2.9066
3.0299
2.8931
2.7168
3.0056
2.8750
2.9682
2.8391
3.0270
2.9231
2.8826
2.9359
3.0214
2.7339
2.9610
2.9043
3.0019
3.0576
3.1547
3.1338
2.7729
3.0298
2.9746
2.9530
2.9497
2.8214
2.8142
2.9688
2.9794
2.8559
3.0280
2.9735
2.9393
3.0322
2.8877
2.8731
3.0906
2.9984
2.9273
2.9086
2.9663
2.8395
2.8318
2.9480
3.0656
2.9217
2.9648
2.9304
2.8776
2.8594
2.9147
2.9733
2.9568
2.8094
3.1364
2.9578
2.8905
2.8675
2.8943
2.8381
2.8606
2.8661
2.8067
3.0211
2.9843
2.9903
3.0045
2.9716
3.1169
3.1098
2.9632
2.9301
3.0669
3.0727
3.1646
2.9267
2.9956
2.8712
3.0210
3.0148
3.0610
3.0862
3.0925
2.9851
3.0455
2.9413
3.0699
3.0512
3.0410
2.9654
3.1511
2.9119
3.0900
2.9653
2.8287
2.9834
2.9545
2.9511
3.0371
3.1719
2.9226
3.0152
2.8890
3.0522
2.9541
3.0929
3.1115
3.0870
3.0251
3.0217
2.9457
3.0288
3.0127
2.8589
2.9976
3.1132
3.0376
2.9269
2.9442
2.7886
3.0486
2.9296
3.0018
2.9482
3.1035
2.9641
2.9189
3.0260
3.0495
3.0707
3.2868
3.2067
3.1630
3.2536
3.1554
3.0799
3.1304
3.0922
3.1662
2.9931
3.0517
3.0055
3.0189
3.1396
2.9082
3.0257
2.9598
3.0951
3.1839
3.2299
3.2389
3.2470
3.1468
3.2700
3.2293
3.1609
3.0867
3.0771
3.1552
3.1501
3.0793
3.1712
3.0729
3.0981
2.9925
3.0718
3.0151
3.1367
3.0613
3.2402
3.0647
3.0089
3.1354
3.1582
3.1293
3.2248
3.1257
3.0986
2.9872
3.0425
3.0697
3.0883
3.1385
3.4696
3.1741
3.1060
3.2456
3.1974
3.3850
3.2833
3.3564
3.4689
3.2864
3.1336
3.2320
3.2050
2.9080
3.0472
3.0555
3.1092
3.0841
3.0150
2.9352
3.0943
3.1678
3.1675
3.1568
3.0739
3.1359
3.2097
3.0700
3.2325
3.0570
3.2337
2.8540
2.8762
3.0030
3.0918
3.0447
3.1340
3.0315
2.9898
3.0940
2.9930
3.1991
3.1529
3.1501
3.2563
3.2576
3.2516
3.0188
3.1379
3.1974
3.2086
3.1401
3.1325
3.0393
3.2271
3.0310
3.0904
3.1627
3.0524
3.0030
3.0871
3.1851
3.1691
2.9287
3.0644
2.9842
3.1414
3.0854
3.2810
3.0848
3.0961
2.9776
3.0949
3.1145
3.0605
3.0495
