3.0630
3.0739
2.9119
2.8401
2.7728
3.0917
3.0550
3.4282
3.0148
3.0318
2.9195
2.7405
2.7764
2.6201
2.7335
2.9501
2.8976
2.8247
2.9075
2.8979
2.8522
2.9394
3.0380
2.9394
3.0216
3.1265
3.0092
3.1285
3.0026
2.9753
3.1888
3.1110
3.2953
3.2319
3.1959
3.1498
3.3864
3.4217
3.7017
3.4538
3.5578
3.1773
3.0250
3.2953
3.3469
3.4282
3.5111
3.4213
3.4551
3.5142
3.4746
3.5758
3.4392
3.1784
3.2284
3.1234
3.3260
3.5286
3.4344
3.4039
3.3385
3.2436
3.2690
3.0944
3.1303
3.3411
3.2092
3.1326
3.3717
3.3542
2.9572
2.9475
3.2400
3.2216
3.1917
3.0888
3.2177
3.0030
3.0124
3.2543
3.0781
3.2139
3.1240
3.2755
3.0144
3.0037
3.1429
3.1127
3.0151
3.0748
3.2348
2.8866
3.0254
3.0923
3.1820
3.0769
3.1502
2.9849
3.0740
3.1167
3.1233
2.9262
3.1744
3.1022
2.9408
2.9116
3.0569
3.3264
3.0756
3.1101
3.2385
3.1448
3.0790
3.2437
3.2355
3.0422
3.0878
3.3185
3.4352
3.0729
3.1632
3.2136
3.1801
3.5138
3.4468
3.4714
3.2965
3.3796
3.3772
3.5225
3.4497
3.6396
3.5457
3.6388
3.5671
3.7887
3.8101
3.8926
3.7894
3.9600
3.8733
3.7558
3.8754
3.9405
3.8988
3.8990
3.6442
3.5762
3.4395
3.5427
3.7620
3.5816
3.8422
3.6111
3.4623
3.9020
3.9930
4.0286
3.9421
4.0233
3.9554
3.9812
3.9168
3.8591
3.5815
3.6724
3.6763
3.6199
3.4655
3.4924
3.5601
3.5335
3.5110
3.8216
3.6793
4.1328
4.4157
4.2263
4.2229
4.2469
4.1957
4.0283
4.2865
4.3342
4.0459
4.2735
4.0105
4.2187
4.3042
4.0543
4.4568
4.0866
4.0712
4.0260
3.7990
3.7809
3.6934
3.6945
3.6282
3.8827
3.7730
3.8712
4.1146
3.9866
4.1142
3.9818
4.0962
4.1994
4.0591
3.7950
4.0149
3.8909
3.8703
3.9898
3.8128
4.1301
4.2190
4.0886
3.8811
4.2285
4.2365
3.9464
4.0141
4.1277
3.8476
3.7935
3.7660
3.9870
3.7507
3.9856
3.9045
3.7966
3.9936
3.9483
3.7439
3.6853
3.5855
3.9347
3.9447
4.2997
4.2016
4.2154
4.1424
4.1526
3.9935
3.7699
3.9276
3.8121
4.0084
4.0382
3.8279
3.7794
3.7749
3.6972
3.6812
3.7822
3.6130
3.6436
3.5665
3.4770
3.8106
3.8984
3.9217
3.7821
4.0168
4.2038
4.1866
4.1213
4.1141
4.2298
4.0740
3.9247
4.0097
3.9148
3.7309
3.8815
3.6238
3.9577
4.2488
4.0764
3.9668
3.9964
4.1168
3.9923
3.7289
3.6575
3.5188
3.8968
3.7392
3.7974
4.0524
3.9054
3.9617
4.1171
3.8931
3.7803
4.0045
3.9580
3.7861
4.0061
3.8595
3.7615
4.0903
3.8098
3.8777
3.8952
3.8610
3.7657
3.6595
4.1268
3.9264
3.6450
3.5818
3.7295
3.7559
3.8234
3.7989
3.8401
3.9323
4.1116
4.0541
4.2751
3.9534
3.8048
3.7806
3.9341
3.7492
3.6774
3.8523
3.8433
4.1552
3.9805
3.9862
3.8002
3.8349
3.6936
3.8856
3.8467
3.9467
4.0229
3.8362
4.2126
4.1943
4.0312
4.4038
4.5289
4.3029
4.3129
3.9332
4.3014
4.2374
4.2718
4.2275
4.0621
4.2458
4.4359
4.1387
4.2049
4.1111
4.2763
4.1292
4.0870
4.1835
4.2443
4.4428
4.4274
4.1741
4.3162
4.2056
4.1305
4.5152
4.1951
4.1094
4.2261
4.2692
3.8251
3.8927
3.8246
4.0505
3.7833
3.9699
4.2225
3.7856
3.7418
3.7780
3.9369
3.8769
4.0428
3.8814
4.1886
3.9967
4.0313
4.2754
4.0560
4.0952
3.9426
3.7845
3.7587
3.9685
4.2418
3.9827
3.8214
3.9056
3.6631
3.9489
3.8637
3.8117
3.8612
4.1494
4.2563
3.9674
3.9739
4.1547
4.6307
4.3312
3.9105
3.9612
4.0771
4.1188
3.9673
4.2971
4.0417
3.9213
3.8646
4.1496
4.0871
4.3149
4.2704
4.4354
4.1640
4.0573
4.2600
4.1863
4.1006
3.8470
3.8515
4.1360
3.9724
3.8916
3.9979
3.8515
3.8778
3.7581
4.0497
4.0951
4.0607
3.8299
3.8760
3.9119
3.9830
3.8844
3.8388
3.8092
3.7113
3.7854
3.7134
3.7748
3.7869
3.7432
3.9749
4.1858
4.2401
4.4202
4.2093
3.9178
3.9372
4.2093
4.0147
4.0897
4.0444
4.2900
4.0148
4.2905
4.4686
4.3714
4.5017
4.2045
4.2755
4.0278
4.2720
4.5694
4.1920
4.0605
4.0302
4.1494
3.9607
4.0788
4.2387
4.1877
4.0242
3.9083
3.9255
3.7878
3.8810
3.7392
3.9287
3.9409
3.8811
4.0317
3.8378
4.0064
3.6960
3.9379
4.2833
4.0146
3.9114
3.8783
3.7262
3.6770
3.7984
3.8891
3.8425
3.9589
3.9100
3.8534
4.2045
4.2925
4.5180
4.5588
4.3998
4.3007
4.5241
4.3082
4.1709
4.3485
4.1756
4.1558
4.0844
3.7909
3.5712
4.1569
4.2101
4.0687
4.2669
4.0571
4.1014
4.1709
4.0227
4.1594
4.0682
3.8733
3.8631
4.0282
3.7546
3.9386
3.9123
3.9118
3.7135
3.9303
3.9985
4.1781
4.2440
3.7814
4.0219
3.8329
3.7384
3.8977
4.0617
3.8814
4.0718
4.1834
4.1461
3.8174
3.9134
3.9580
4.2368
3.8227
3.8203
3.9152
4.2997
4.3214
4.4037
4.4788
4.3137
4.2206
4.3474
4.1977
4.3134
4.2215
4.3180
4.2772
3.9828
4.2030
4.0473
4.2232
3.8378
4.0160
3.7844
4.1320
4.0401
4.0951
4.2547
4.0780
4.4102
4.3503
4.5593
4.4737
4.7370
4.5956
4.4400
4.5476
4.4779
4.3479
4.0984
4.0808
3.8157
4.1563
4.0701
3.8502
4.1350
4.2319
4.2177
4.0655
3.8811
3.9309
4.0190
4.0361
4.1728
4.1623
4.5225
4.4465
4.6129
4.6261
4.8404
4.9111
4.8296
5.0239
5.1277
4.7472
4.7067
4.4795
4.1737
4.2181
4.2118
4.5920
4.3687
4.2981
4.2236
4.4877
4.4193
4.5077
4.4942
4.4947
4.7836
4.7606
4.6789
4.7242
4.7910
4.7751
4.5357
4.4939
4.6770
4.3636
4.3545
4.3555
4.3440
4.1932
4.3812
4.4181
4.3759
4.3596
4.4088
4.2405
4.4523
4.3837
4.3023
4.6453
4.4840
4.4169
4.6212
4.4652
4.7028
4.4339
4.4379
4.3949
4.5361
4.5983
4.4642
4.3761
4.2005
4.3031
4.2975
4.3196
4.7224
4.6022
4.5182
4.5411
4.5472
4.4213
4.3263
4.5560
4.7514
4.7534
4.6200
4.2519
4.3005
4.5779
4.8163
4.6677
4.6316
4.4858
4.5068
4.6016
4.4927
4.3022
4.1994
4.0938
4.3179
4.2963
4.5253
4.2981
4.5227
4.1765
4.1950
4.2931
4.0288
3.9664
4.5219
4.3078
4.6181
4.3403
4.1559
4.1172
4.3219
4.1518
4.0681
4.2090
3.7738
3.9588
4.1355
4.0881
4.0920
3.8247
4.2131
4.2839
4.4991
4.4577
4.5453
4.5464
4.9294
4.3722
4.1707
4.1537
4.2797
4.4957
4.4324
4.5485
4.5005
4.3670
4.1722
4.6936
4.8223
4.8629
4.4516
4.5025
4.1569
4.8465
4.5637
4.8254
4.6298
4.3393
4.6467
4.5711
4.2666
4.3360
4.1155
4.4679
4.6507
4.3062
4.7239
4.4185
4.4431
4.5927
4.5639
4.6107
4.5134
4.5257
4.6287
4.8417
4.8048
4.3809
4.5534
4.9390
4.8663
5.1593
4.9875
5.2397
4.8916
5.2197
4.9703
4.7422
4.7553
5.1652
4.9062
4.8306
4.8603
5.0262
4.7197
4.5648
4.4003
4.6642
4.7524
5.1297
4.9530
5.2277
5.2660
5.0378
4.8716
5.0351
5.0574
5.1231
5.2708
4.8702
4.9711
5.0571
4.7639
4.7059
4.8057
4.8811
4.7950
5.0023
4.6307
4.8115
4.5195
4.2971
4.4049
4.1380
4.1503
4.2745
4.2306
4.2308
4.3752
4.3308
4.2262
4.4371
4.3915
4.1610
4.1724
4.5952
4.6316
4.5041
4.9049
4.6591
4.3825
4.3322
4.5928
4.5564
4.3239
4.7960
4.6795
4.6906
4.2641
4.6093
4.6230
5.0103
4.8554
4.5680
4.5634
4.6138
4.4034
4.5742
4.7392
4.7909
4.9125
4.5153
4.2000
4.1685
4.8259
4.7410
4.8494
4.8843
5.1142
4.9126
4.7826
4.8258
4.6270
4.5090
4.6558
5.2502
5.1552
4.8598
4.9986
4.7082
4.9521
4.7441
4.6307
4.3065
4.4421
4.3479
4.5272
4.8146
4.8120
4.9029
4.6197
4.8872
4.5568
4.6265
4.4241
4.4921
4.8269
4.7757
5.0499
4.9219
4.9084
4.4808
4.7703
4.6196
4.6811
4.7874
4.9909
4.9947
4.8193
5.1657
5.3805
5.0369
4.8850
4.7642
4.8055
4.6125
4.8168
5.0118
4.8666
4.7456
4.9177
4.8024
4.8372
4.7610
4.6651
4.6191
5.0691
5.0140
5.0817
5.1084
4.6744
4.5596
4.5930
4.9539
5.0990
5.2233
4.8505
4.9592
4.8516
5.2865
5.4583
5.2570
4.9511
4.7899
4.4997
4.9991
4.8846
5.0860
4.7747
4.4468
4.4975
4.5666
4.1736
4.4318
4.4639
4.4502
4.5629
4.7109
4.6752
4.7835
5.0085
4.8766
4.6562
4.7965
4.4694
4.6004
4.6415
4.8346
4.8341
4.7844
4.7520
4.6675
5.2246
4.7756
4.8331
4.8121
4.8243
4.9644
5.1429
5.0996
4.9743
4.7354
4.6551
4.7070
4.8115
5.0121
5.1344
4.9918
5.2456
5.1556
4.9496
5.0001
5.3849
5.1579
5.1773
5.2724
5.0961
5.0278
4.8610
4.9032
5.0247
5.0597
4.9430
4.8565
4.7304
5.0165
4.9335
4.9093
5.0147
4.7754
4.5084
4.7776
4.7228
4.7353
4.5984
4.4963
4.3277
4.4195
4.4555
4.6238
4.5908
4.5074
4.5704
4.5610
4.9718
5.0364
5.4286
5.3155
5.2424
5.0194
5.3967
5.0207
4.9291
4.7867
4.6754
4.8214
4.9558
4.9859
4.7276
4.5942
5.0350
4.9307
4.9731
4.8089
4.8612
5.1637
5.2774
4.7334
5.2552
5.0357
5.1067
5.1544
4.9813
4.9082
4.8296
4.8854
4.8276
4.9794
5.0924
5.1367
5.3248
5.2535
4.8046
4.7750
5.0512
5.3465
5.2681
4.7712
5.4427
5.1771
4.9632
5.0023
5.0958
4.8358
4.5946
5.0456
5.1054
4.9578
4.7109
4.9469
4.5962
4.9449
5.3121
4.8135
4.5717
4.7167
4.6822
4.9950
4.6510
4.5560
4.4673
4.5776
4.3200
4.6768
4.8640
5.1822
5.0396
4.7853
4.9265
4.9568
4.9762
4.7146
4.6624
4.9905
4.8536
4.6955
4.6502
4.7474
4.9066
4.7344
5.0612
5.0105
4.6329
4.3984
4.5835
4.9057
4.5759
4.7315
4.6630
4.6174
4.4320
4.6693
4.3647
4.4334
4.5557
4.6407
5.0229
4.6450
4.5937
4.6605
4.6788
4.9214
4.8653
4.8760
4.9524
4.6216
4.8626
4.5984
4.4129
4.5325
4.6995
4.5811
4.5042
4.7707
4.8629
4.8386
4.3301
4.5424
4.5716
4.3699
4.7280
4.8228
4.6251
4.7511
4.9057
4.8600
5.0776
4.8657
5.0249
4.6463
4.6487
4.6189
4.6275
4.6516
4.5976
4.9518
4.9486
4.7282
4.5786
4.7765
5.0087
4.7605
4.7328
4.4320
4.4729
4.6415
4.5662
4.8473
4.7835
4.7795
4.8000
4.6805
5.1698
4.6665
4.7743
4.5831
4.6296
4.5490
4.6516
4.5005
4.5083
4.6773
4.7043
4.8582
4.8029
4.9920
4.9457
4.8456
4.8664
4.6666
4.6965
4.8771
4.7744
4.7327
4.4787
4.6548
4.7784
4.5873
4.7583
4.9682
4.8747
5.0398
5.1130
4.9285
4.7870
4.8250
4.9168
4.9392
4.8448
4.8768
4.7210
4.5396
4.5575
4.3937
4.7077
4.6047
4.4193
4.8780
4.8188
4.8788
4.4835
4.8408
4.5103
4.3941
4.3854
4.6642
4.5424
4.8424
4.6413
4.6824
4.8661
4.6246
4.7132
4.8782
4.7214
4.6086
4.5753
4.5827
4.3520
4.0855
4.6086
4.4746
4.5227
4.5151
4.7657
4.7863
4.8087
4.7367
4.7726
4.6999
4.8579
4.5061
4.4664
4.4569
4.3794
4.3987
4.3899
4.4935
4.5433
4.6672
4.2563
4.3346
4.3404
4.4651
4.6501
4.1349
4.4437
4.5105
4.5626
4.4088
4.5022
4.1219
4.6382
4.5107
4.3089
4.6219
4.5711
4.3115
4.2246
4.1230
4.2784
4.5156
4.4791
4.3382
4.6255
4.2982
4.4150
4.7179
4.9942
4.8551
4.8477
4.6231
4.4913
4.8661
4.7819
4.5201
4.2962
4.6667
4.4423
4.4051
4.2399
4.2541
4.7370
4.2562
4.5064
4.3200
4.6609
4.3055
4.4006
4.4513
4.0567
4.2471
4.1751
4.2802
4.3540
4.3832
4.5104
4.3783
4.7410
4.9387
4.5882
4.3091
4.2634
4.5958
4.3274
4.2815
4.3506
4.4638
4.3653
4.6516
4.4843
4.4771
4.5630
4.3193
4.3302
4.3970
4.3500
4.3954
4.2189
4.3897
4.3707
4.3899
4.3989
4.2354
4.1481
4.1013
4.1509
4.1318
4.2446
4.2922
4.3714
4.3657
3.8268
3.9805
4.1195
4.2715
4.1517
4.0667
4.6193
4.4047
4.4750
4.4852
4.3682
4.4485
4.3771
4.6151
4.3677
4.2653
3.9459
3.7695
3.7661
3.8372
3.6716
3.7502
3.9129
4.1421
4.1042
4.1431
3.8723
4.0230
3.7745
4.1733
4.1137
3.7682
4.2025
4.0679
4.2291
4.2261
4.6578
4.5032
4.6037
4.5736
4.5594
4.9571
4.5399
4.2298
4.2635
4.1194
4.0685
3.9648
3.9626
3.8793
4.0815
4.1406
4.1262
3.8928
4.0825
3.8734
4.0998
4.1032
3.9329
3.9982
4.1477
4.0913
4.1713
4.1005
4.1485
4.0397
4.3136
4.3466
4.2077
4.0558
4.2076
4.2657
4.3875
4.2264
4.2532
4.2863
4.4562
4.2590
4.4179
4.5521
4.3084
4.2092
4.3049
4.0545
4.0950
4.2180
4.3461
4.1474
4.2266
4.2289
4.3841
4.2708
3.8153
3.8242
3.7343
4.0680
4.2631
4.2383
4.3231
4.4466
4.5906
4.4476
4.5577
4.4422
4.2141
4.0413
4.1324
4.3877
4.3189
4.3824
4.6743
4.4815
4.1377
4.2344
3.8660
3.8373
3.7190
3.9151
4.1969
4.0561
4.1281
4.2846
4.4705
4.1806
4.0649
4.3798
4.0838
4.1036
3.9400
3.9247
3.8300
4.3051
4.1981
4.0733
4.1944
3.9441
4.0226
4.0087
3.9145
3.8559
4.0817
4.4260
4.2312
4.0555
4.0702
3.9548
4.1343
4.0665
4.1192
4.2859
3.9882
4.0280
4.0967
4.2070
4.1776
4.0481
4.4055
3.9641
4.1072
3.9654
4.1159
4.1144
3.9609
3.9026
4.0738
4.1688
4.1147
4.2604
4.4093
4.3972
4.2515
3.8944
4.2216
4.1883
4.0680
4.2989
4.1986
4.4495
4.4463
4.1873
4.2717
4.2789
4.3790
4.3538
4.4412
4.3031
4.4585
4.5149
4.5132
4.2873
3.8805
4.2200
4.3085
4.4611
4.5754
4.1447
4.4185
4.4793
4.6074
4.5842
3.9604
4.2219
4.1471
4.2583
4.6106
4.4364
4.7041
4.5743
4.5315
4.4830
4.2439
4.2590
4.3339
4.3143
4.4329
4.0749
4.1971
4.1844
4.4122
4.6132
4.6518
4.4915
4.6089
4.4913
4.2854
4.2601
4.4516
4.4490
4.2875
4.1968
4.1179
4.5225
4.3971
4.2423
4.5555
4.6544
4.6401
4.4708
4.3404
4.2013
4.3193
4.6507
4.3817
4.3094
4.4645
4.1717
4.1970
4.5895
4.4176
4.1080
4.0844
4.2808
4.4255
4.4352
4.3855
4.2042
4.4677
4.5123
4.4175
4.5499
4.2824
4.3528
4.2078
4.5398
4.5049
4.6117
4.3290
4.2915
4.6234
4.2769
4.1515
4.0933
4.0344
3.7814
3.8350
3.9391
4.1929
4.0991
4.2067
4.3053
4.3605
4.0421
4.2336
4.2378
4.4295
4.5228
4.1403
4.3426
3.8736
4.0125
4.2894
4.0514
4.1252
3.8106
4.0341
4.2680
4.3706
4.3374
3.9870
4.2773
4.0964
4.4468
4.5153
4.1619
4.1911
4.3708
3.9910
4.1887
4.0867
4.1373
3.9867
3.9764
4.2224
3.9858
4.1410
4.1004
4.0066
4.0363
4.0414
4.2287
4.0425
4.1538
4.0588
4.5059
4.4557
4.3154
3.8598
4.1450
3.9143
3.9760
4.0138
4.2286
4.0966
4.0806
4.1019
4.1696
4.4193
4.6811
4.4141
4.5904
4.2932
4.0550
4.3111
4.4905
4.2505
4.5898
4.3946
4.4313
4.4893
4.3758
4.1653
4.2329
4.1928
4.4889
4.7126
4.4618
4.7018
4.6890
4.4911
4.5428
4.2905
4.1869
3.9581
4.3072
4.6855
4.5398
4.5273
4.5796
4.0824
4.4377
4.6186
4.8263
4.7829
4.5270
4.4087
4.5080
4.4547
4.6016
4.4188
4.5241
4.2482
4.1490
4.4202
4.9110
4.2751
4.0620
3.8976
3.8522
4.4284
4.1942
4.0469
4.2135
4.0453
4.2554
4.2239
4.1600
4.0175
4.0135
3.9132
3.8441
3.6885
4.1266
4.0948
3.9069
4.0233
4.1362
4.1366
4.2843
4.4197
4.5303
4.3432
4.1955
4.0343
4.1719
4.1873
4.2631
4.2835
4.4001
4.2943
3.9479
4.2360
4.4541
4.0962
3.9575
4.2002
4.0104
3.7698
3.9531
3.8322
3.8293
3.8632
3.7385
3.6479
3.9866
3.7392
4.2195
4.1599
4.2266
4.0744
3.9082
4.3309
4.2502
4.0783
3.9098
4.1986
4.0266
4.0072
3.9721
3.9438
4.0274
3.9667
4.1204
4.0802
3.9346
3.8957
4.1419
4.1247
4.3854
4.0629
3.9829
3.9170
3.7369
3.7482
3.8805
3.9746
4.0784
4.0408
3.9373
4.0382
4.1603
4.3244
4.1043
4.1063
3.6310
3.7549
4.1957
4.0172
3.9996
3.9051
4.0657
4.1278
3.9955
3.7026
3.6075
3.8082
3.7920
3.6830
3.6876
3.6827
4.1704
3.7057
3.7736
3.6839
3.8617
3.9758
4.0680
4.2615
4.1372
4.1703
3.9847
3.9459
3.9463
4.1429
3.9661
4.1244
3.9772
4.1106
3.7409
3.9137
4.2737
4.0579
4.1224
4.5187
4.2419
4.1834
4.0545
4.1530
3.9314
4.1112
3.7888
4.0489
4.0927
3.9348
3.9334
3.9506
3.8000
3.9706
3.9750
3.9270
4.2353
4.1102
4.3352
4.2149
4.3087
4.5016
4.5090
4.2241
4.3827
4.3524
4.3608
4.2620
4.3184
4.0752
3.9388
4.1679
3.9608
4.2236
4.1686
4.0272
4.2765
4.3647
4.0758
4.3987
4.2197
4.2139
4.1862
4.3162
4.1321
4.0822
4.1939
4.1174
4.0317
4.3499
4.3003
4.0690
4.4642
3.9857
4.2070
4.2785
4.5259
4.2259
4.3925
4.3719
4.3066
4.1444
3.8273
3.9588
3.9043
3.9296
4.0984
3.8629
3.7399
3.9313
4.0364
4.1221
3.8246
4.2190
4.1536
4.0368
4.0436
3.7675
3.8138
3.8204
3.7945
3.5796
3.7966
3.8312
3.8935
3.9980
3.7393
3.8719
4.0063
3.8588
3.9342
3.8864
3.7374
3.7231
3.7022
3.7654
3.6638
3.6407
3.7694
3.8309
3.9212
4.0830
3.9731
3.7082
3.8032
3.6860
3.4239
3.7506
3.5520
3.6417
3.8633
3.7568
3.6030
3.7303
3.8643
3.8488
3.9471
3.9788
3.9153
3.9408
4.1007
3.7833
3.8839
3.9879
3.9341
4.0114
4.2340
4.0645
3.8647
4.0872
3.9314
4.0487
4.0262
4.2135
4.1342
4.0679
4.0260
4.4270
4.0388
3.9313
3.9298
3.9833
3.8426
3.9481
4.0964
4.2729
3.9308
4.0738
3.7601
3.9065
4.1562
3.9259
4.0138
4.1555
3.9770
4.0196
4.1555
3.9012
3.8406
4.0370
3.7048
3.7928
4.0346
3.7590
3.9695
3.9438
3.9207
3.9351
3.9697
4.0184
3.9964
4.1322
3.9146
3.9715
3.7118
4.1513
4.1586
4.3642
4.2989
3.9408
4.2824
4.0404
4.1063
3.7870
4.0457
4.0735
4.1437
3.9514
3.9456
3.7667
3.8246
3.9723
4.1596
4.1532
4.0950
4.1522
3.9716
4.0084
3.8944
3.9572
3.9042
4.1165
4.0020
4.0186
4.0303
4.2618
3.9638
4.1234
4.0132
4.0779
4.1229
3.9794
4.0632
3.8700
4.0268
4.2640
3.9565
4.0004
4.3070
4.1148
4.4112
4.1377
3.9018
3.9873
4.2679
4.3685
4.2798
4.4229
4.0352
4.0281
3.9312
3.9970
3.7876
3.9505
3.9000
4.0521
4.0572
4.1305
3.9465
4.0683
3.9896
3.9785
3.8936
3.9532
4.1187
3.9865
4.1116
4.0161
3.7761
4.1605
4.3954
4.6137
4.3384
4.2513
4.1708
4.2158
4.2978
4.2129
3.9470
4.4741
4.0830
4.2171
4.1562
4.3009
4.1434
4.2923
4.1869
4.0864
4.1442
4.3644
4.1772
4.2222
4.3093
4.1047
4.1636
4.4643
4.2526
4.3230
4.1265
4.0266
4.3244
4.0778
4.2450
4.3867
4.3904
4.3521
4.3942
4.4920
4.3539
4.9206
4.4874
4.6132
4.8614
4.5901
4.2310
4.2555
4.2645
4.4011
4.1426
3.9202
4.2330
4.5070
4.2048
4.4005
4.1782
4.2238
4.3017
4.1590
4.1487
3.7951
4.1377
4.0521
4.1092
4.3100
4.3807
4.1197
4.1463
4.1876
4.4959
4.0084
4.4611
4.2571
4.1586
4.2095
4.2099
4.1586
4.1987
4.2909
4.3158
4.2358
3.9374
3.8385
4.0634
3.8584
3.9515
3.7161
4.0461
4.0778
4.1530
3.8570
3.9206
4.0894
3.9447
3.9876
4.0617
3.7838
3.7583
3.5631
3.9144
3.7789
4.0487
3.9427
4.0541
3.9048
3.7359
3.7170
3.6703
3.8751
3.9607
4.0666
3.7426
3.6567
3.8523
3.8406
4.0008
4.1598
4.2369
4.2521
4.2970
4.1339
4.2617
4.0933
3.9768
4.0912
3.7710
4.0094
4.1004
3.7307
3.7312
3.8003
3.9990
3.7886
3.9127
3.9366
3.9106
4.2264
4.0720
4.2358
4.1595
3.9908
4.3789
4.5229
4.2740
4.0270
3.9710
4.1032
3.7238
3.7388
3.8816
3.8878
3.8640
3.9197
3.8954
3.8392
3.9768
4.0335
4.0716
4.0067
4.0219
4.0197
4.0255
3.7778
3.9187
3.9120
3.8541
3.8780
3.9837
3.9255
4.0501
4.1537
4.1739
3.9890
3.9934
4.0318
4.0196
4.1248
3.9753
3.9666
4.1351
4.1062
4.2592
4.0335
4.0712
4.0083
4.1907
3.9545
4.0439
3.8516
3.7675
3.7828
3.8978
3.9817
3.7351
3.8733
4.0275
3.7854
3.9387
4.1824
4.1586
4.0285
3.8498
3.9994
4.2139
3.9343
3.8825
3.9604
4.0221
3.9984
4.3129
4.0693
3.7669
3.9473
3.9106
3.9417
3.7678
3.9280
4.0422
3.8916
3.9383
3.9851
3.8072
3.9007
3.8979
3.9277
3.9299
3.6881
3.8150
3.6459
3.7957
3.8064
3.9576
3.8287
3.7053
3.8409
3.8485
4.2317
3.8020
3.9909
3.9255
3.7997
3.8214
3.9089
4.0576
4.1218
3.8925
3.7198
3.9258
4.1903
4.0810
4.1105
3.9248
3.9184
4.0131
3.9002
3.9981
4.1780
3.9666
4.0458
4.2529
4.0879
4.0804
4.0729
3.8296
4.1514
4.1654
4.3054
4.1057
4.0222
4.1390
4.0637
4.1364
4.2057
4.3166
3.9399
3.8504
3.8428
4.0337
3.6754
3.8342
3.8339
3.6930
3.7474
3.7943
4.0105
4.0499
3.9911
4.0154
3.9370
4.0584
4.0456
4.0133
4.1467
3.8801
3.8326
3.7864
4.0411
4.0885
3.9976
4.1577
3.9437
4.1341
3.7523
4.1471
4.1697
4.3253
3.9380
3.9008
3.9202
4.0865
4.0329
4.0383
3.9871
3.8308
4.0774
3.9674
3.8173
3.9287
3.9493
4.0800
4.0304
4.0927
4.1227
4.2583
4.1255
3.9586
4.1351
3.9995
3.9473
3.8841
3.7594
3.8484
4.2190
4.0208
4.1354
4.4326
4.0381
4.2566
3.9931
4.0200
4.5404
4.4223
4.2572
4.3155
3.9718
4.1361
3.9942
4.1548
4.1247
4.1485
4.1804
4.0156
3.8544
3.7817
4.1189
4.2465
4.1449
4.0725
4.1615
3.7910
3.8914
3.7899
4.0308
3.7323
3.9486
4.0656
3.9971
4.0028
3.9586
3.8258
4.0903
4.0433
4.3639
3.9480
4.2523
3.9019
4.1815
4.3002
4.0675
3.9456
4.2029
4.0251
4.0810
3.8178
3.6673
3.6680
3.6592
3.7974
3.8866
4.0043
3.9886
4.0798
3.8400
3.7169
3.8114
4.0281
3.8024
3.7986
3.7375
3.8699
4.1560
4.0662
4.0902
4.0622
4.0066
3.8859
4.0268
4.0171
4.0617
3.7565
4.0709
3.9189
4.1930
4.0197
3.8190
3.6660
3.9649
4.0801
3.7652
3.9090
3.9446
3.8729
3.8673
3.9200
4.2370
4.4328
4.0357
4.0215
4.0038
4.0861
4.0028
4.0161
3.9985
4.0488
4.0054
3.9796
4.2114
3.9076
4.1595
3.9431
3.9466
3.9822
4.0349
4.0093
4.0332
3.9104
3.8736
4.2315
4.1937
4.0370
4.0982
4.2096
4.1749
4.1042
4.1639
4.2026
4.3963
4.2572
4.2801
4.1697
4.1724
4.1399
4.1810
4.3150
4.0557
4.0721
4.2549
4.2391
4.1045
4.4345
4.5139
4.2911
4.2631
4.5531
4.2345
4.2611
3.9643
4.1335
4.0446
4.0625
4.0482
3.8474
4.1941
4.2739
4.0180
3.9304
3.9185
3.9959
4.0383
4.2267
4.2398
4.0373
3.9827
4.3507
4.0055
4.0757
4.3316
4.0753
4.2213
3.9642
4.3734
4.1760
4.1548
4.1988
3.8864
4.0200
4.0327
4.0275
3.9366
4.0676
4.0288
3.9822
3.9171
4.1084
4.0368
4.0269
4.3472
3.9048
4.3537
4.2059
3.9397
4.1696
3.9756
4.0356
3.9389
3.9835
3.6963
4.0316
3.7821
3.9790
3.9213
3.6558
3.6753
3.7551
3.9350
3.8902
4.0527
4.1154
4.0551
4.3943
4.0997
4.2056
3.9091
3.8993
4.0874
4.3305
4.0940
3.8676
4.0267
3.9608
4.0297
4.0171
4.0199
3.8970
4.0816
4.2779
4.0766
3.9854
3.9398
4.0429
3.9821
4.1160
4.1278
4.0917
4.2444
4.0023
4.1442
4.0565
4.2172
4.2394
4.0059
4.1446
4.3259
3.9748
4.1232
4.2349
3.9244
3.9626
3.6641
3.6412
3.6308
3.7743
3.6889
3.6595
3.5722
3.7746
3.8602
3.9877
3.8371
3.7451
3.4642
3.8033
3.8144
3.9402
3.9510
4.0420
3.9526
4.0261
3.9320
4.0412
4.0376
4.1805
3.9973
3.7668
4.1151
3.9931
3.9339
3.8870
3.5583
3.6533
3.6006
3.8709
4.0738
4.0416
4.1716
4.0960
4.0204
3.9220
3.7094
4.1082
4.0231
3.9130
3.7170
3.8622
3.9242
3.9509
3.8865
3.8548
4.0450
4.0907
3.9132
3.7853
3.8205
4.1310
4.3581
3.8936
3.6272
3.9021
4.0337
3.8471
3.8188
3.8744
3.9942
4.1052
3.9043
4.0517
3.9112
4.2382
3.9270
4.0721
4.2059
4.1455
4.0204
4.2225
4.1728
4.1039
3.8877
3.7832
3.9295
4.0330
3.9519
3.8950
4.0250
3.9413
4.1368
4.0723
3.9676
4.1256
4.0787
4.0377
4.0902
3.9828
3.9480
3.7800
3.8922
3.9978
4.0540
4.0957
4.2208
4.0324
4.1314
3.9455
4.2115
3.9832
4.1685
3.9331
4.1107
3.9044
3.9698
4.0556
4.0526
4.2550
3.9574
4.1375
4.0988
4.1750
4.0962
4.3942
3.9146
3.9229
3.9744
4.0498
3.8757
3.7267
3.7888
3.7723
3.6700
3.7410
3.8923
3.7555
3.7290
3.9321
3.8481
3.7665
3.5446
3.6356
3.6637
3.8571
3.8158
3.8095
4.0640
4.1452
4.2884
3.8856
3.8706
3.6026
3.5704
3.8878
3.7186
3.8395
3.8903
3.5950
3.9408
3.6674
3.8375
3.8006
4.0013
4.0227
3.9713
4.0838
3.8004
3.7499
3.7453
3.9959
4.1197
3.7016
4.1279
3.9405
3.6842
3.7733
3.8296
3.8002
3.8294
3.8568
3.7508
3.9005
3.8373
3.8630
3.7988
3.8840
3.9753
3.7798
3.6574
3.5676
3.7484
3.7819
3.7893
3.8938
4.0944
4.0771
3.7704
3.8410
3.9229
3.8117
3.7157
3.3930
3.7733
3.6955
3.8110
3.4965
3.6922
3.7603
3.8443
3.9875
4.0151
3.8243
3.6789
3.6888
3.6674
3.6306
3.6957
3.6751
3.6416
3.6060
3.5958
3.7099
3.7665
3.7237
3.7806
3.8306
3.8470
3.6608
3.7204
3.8737
3.8044
3.8333
3.9054
3.8852
4.0181
4.0152
3.8319
3.8254
3.7916
3.7056
3.6643
3.6432
3.6061
3.6551
3.6908
3.6812
3.6614
3.6346
3.4595
3.5992
3.3122
3.2141
3.4179
3.2685
3.7957
3.7933
3.9437
3.5280
3.5881
3.6057
3.6547
3.4701
3.5654
3.4662
3.4531
3.5207
3.4749
3.4680
3.3750
3.5720
3.3629
3.6621
3.5315
3.4990
3.3391
3.5625
3.8653
3.9728
3.9457
3.9256
4.0248
4.1447
4.0605
3.7852
4.0501
3.8045
3.8492
3.9432
3.6661
3.7904
3.7744
3.6203
3.6428
3.7665
4.0523
3.8741
4.1618
4.1999
3.9084
3.8777
3.8450
3.7621
3.6823
3.7088
3.7010
3.6884
3.8099
3.8095
3.5856
3.6847
3.7498
3.7828
4.0805
4.0601
3.9633
3.9793
3.4325
3.5864
3.6412
3.6928
3.6939
3.6799
3.7982
3.8752
4.1120
4.1032
4.0569
4.0282
3.9174
3.9487
3.7952
3.6527
3.6984
3.9707
3.6546
3.5311
3.8356
3.7365
4.0421
3.8930
4.0040
3.7320
3.7968
3.9732
3.5463
3.5953
3.9305
3.7358
4.0222
3.7516
3.5760
3.5455
3.7492
3.5476
3.6335
3.7468
3.8455
3.7428
3.6733
3.9159
4.0388
3.7030
3.8197
3.7749
3.5387
3.6459
3.8856
3.6567
3.7829
3.9232
3.5781
3.6447
3.7646
3.6393
3.7887
3.8945
3.7458
3.9219
3.8477
3.7749
3.9134
4.0781
3.9598
3.6745
3.7418
3.7123
3.8540
3.8150
3.9927
3.9901
3.9971
3.8391
3.8729
3.8211
3.8758
3.7679
3.6810
3.6762
3.7563
3.8389
3.4878
3.4478
3.5523
3.5289
3.6973
3.5294
3.6277
3.7550
3.9155
3.8167
3.7636
3.8919
3.9044
3.7685
3.8977
3.6826
3.5721
3.6963
3.4959
3.5061
3.4119
3.7743
3.7330
3.5877
3.6205
3.8805
3.7080
3.5955
3.6622
3.7579
3.4837
3.7473
3.7740
3.7016
3.7378
3.6852
3.7327
3.2817
3.3686
3.3892
3.3655
3.3666
3.6211
3.9671
3.7786
3.5489
3.6999
3.7382
3.7548
3.8076
3.8730
3.8137
3.7228
3.6402
3.6563
3.5997
3.8273
3.7097
4.0250
3.8099
4.0858
4.0222
3.9299
4.1958
4.1516
3.7687
3.7587
3.9787
3.9685
4.1433
3.9869
4.1047
3.6170
3.8911
3.8143
3.8851
3.9674
3.7686
3.8488
3.9897
3.8663
3.8204
3.8617
3.8240
3.8640
3.7812
3.8301
3.9800
3.9204
3.9334
3.7958
4.0225
4.0010
3.8598
3.8598
4.0118
4.0493
3.9853
3.9601
3.6874
3.9263
3.7974
4.0191
3.9226
3.9794
3.7253
3.6827
3.8330
3.8064
3.8523
4.0841
3.9045
3.7765
3.6280
3.9040
3.5875
3.6835
3.5405
3.5661
3.8456
3.8184
3.5200
3.9052
3.7178
3.7214
3.6885
3.9894
3.9115
3.9483
3.7825
3.9030
3.7122
3.7895
3.9316
3.7905
4.0107
3.8025
3.9127
3.7929
3.7847
3.9745
3.8256
3.7987
4.1500
4.2439
3.8914
4.0179
4.0980
3.9832
4.0006
3.9971
4.0440
3.9520
4.0965
4.0080
3.8217
3.9384
4.0740
3.9333
4.1831
4.0078
4.1436
3.8947
3.9959
4.1121
4.0522
4.0017
3.7146
3.6669
3.5731
3.9120
3.8984
3.6652
3.7689
3.7797
3.5807
3.4709
3.5036
3.5909
3.4795
3.3671
3.2804
3.4271
3.4368
3.4036
3.4350
3.5615
3.6677
3.5027
3.5303
3.4363
3.6094
3.6802
3.6760
3.7905
3.8557
3.8175
3.5103
3.7002
3.6348
3.5676
3.5737
3.5758
3.7152
3.5603
3.4438
3.6413
3.5151
3.6838
3.7274
3.8325
3.6725
3.7838
3.8107
3.5497
3.8536
3.7251
3.7995
3.9706
3.6358
3.5844
3.7603
3.7627
3.5111
3.6565
3.7476
3.7475
3.7435
3.4696
3.5065
3.3314
3.3768
3.5349
3.9702
3.9618
3.8949
3.8798
3.7973
3.6715
3.4981
3.6081
3.4828
3.6552
3.5880
3.7215
3.7497
3.4485
3.4832
3.5443
3.6603
3.5203
3.5757
3.4298
3.6980
3.6912
3.3981
3.4754
3.4484
3.3618
3.5621
3.4145
3.5797
3.5218
3.6470
3.6109
3.6950
3.6969
3.7120
3.7717
3.7350
3.9321
3.8796
3.8371
3.9248
3.8052
4.0563
4.0190
3.8488
3.7528
3.8028
3.7634
3.7997
3.7286
3.7046
3.5277
3.4568
3.7066
3.3986
3.7684
3.6691
3.5096
3.4538
3.6417
3.6925
3.4923
3.6757
3.6310
3.6489
3.7619
3.6108
3.4628
3.7201
3.4698
3.6214
3.5159
3.3933
3.5029
3.7364
3.6059
3.5944
3.5500
3.7165
3.5064
3.3098
3.3969
3.4901
3.4867
3.2679
3.3708
3.4330
3.6734
3.5258
3.4821
3.4816
3.7347
3.7357
3.4452
3.4421
3.5883
3.6191
3.5468
3.7766
3.6035
3.8695
3.7080
3.5032
3.7790
3.7041
3.6439
3.6278
3.5888
3.5570
3.7295
3.5773
3.7605
3.7407
3.6446
3.3572
3.3838
3.4321
3.6525
3.6083
3.6702
3.9838
3.8385
4.0338
3.8766
3.7334
3.5521
3.4103
3.2875
3.3720
3.4875
3.5597
3.6831
3.3717
3.3442
3.6485
3.4089
3.2603
3.1919
3.2905
3.3536
3.4559
3.5094
3.2682
3.3489
3.2940
3.2303
3.1861
3.2466
3.2370
3.2631
3.2127
3.1086
3.3308
3.5073
3.1940
3.3700
3.0912
3.2678
3.3259
3.2986
3.5049
3.3795
3.1657
3.4204
3.3388
3.3136
3.3903
3.4824
3.3997
3.2554
3.3334
3.6436
3.5238
3.5028
3.4376
3.6269
3.7738
3.6732
3.4485
3.6400
3.5670
3.6267
3.5412
3.6166
3.5847
3.5813
3.4756
3.4788
3.5702
3.4179
3.4607
3.3390
3.3451
3.4942
3.3942
3.3170
3.4647
3.3154
3.6784
3.5200
3.2671
3.2026
3.2951
3.4032
3.4493
3.6585
3.3539
3.4750
3.8172
3.6153
3.4757
3.4390
3.7352
3.6219
3.8528
3.7802
3.5085
3.3517
3.2812
3.2997
3.2023
3.5567
3.6033
3.2605
3.3863
3.3156
3.2704
3.3621
3.3164
3.5328
3.3952
3.3111
3.3657
3.4040
3.2807
3.5971
3.7848
3.7974
3.5870
3.5963
3.6322
3.7159
3.6261
3.7236
3.6685
3.5068
3.5952
3.5438
3.4218
3.5274
3.5298
3.3697
3.5439
3.8583
3.8022
3.7427
3.7731
3.7662
3.7502
3.6922
3.7379
3.4893
3.5136
3.7640
3.6961
3.7591
3.7936
3.6530
3.6834
3.7222
3.8010
3.8907
3.9130
3.7669
3.7128
3.4136
3.6673
3.8055
3.5986
3.7584
3.9183
3.7742
3.4579
3.5810
3.5261
3.4727
3.5528
3.7304
3.6155
3.6969
3.6356
3.6058
3.7568
3.5378
3.5517
3.4447
3.5361
3.6322
3.6393
3.4299
3.6392
3.5128
3.4250
3.4197
3.4507
3.5003
3.5725
3.8429
3.6811
4.0436
3.9902
3.7702
3.6102
3.9511
3.5395
3.5163
3.5558
3.4643
3.5597
3.8439
3.6934
3.4669
3.4760
3.7958
3.6046
3.7260
3.6432
3.6875
3.5385
3.6347
3.7201
3.5195
3.7150
3.6417
3.7937
3.8327
3.7463
3.7289
3.7677
3.7625
3.8450
3.7502
3.6776
3.6532
3.7817
3.6045
3.5454
3.2789
3.7560
3.9511
3.7035
3.6251
4.0132
3.8754
3.3592
3.7332
3.6615
3.7224
3.7285
3.7265
3.5630
3.5024
3.6642
3.7911
3.6658
3.4258
3.6500
3.7174
3.6933
3.6844
3.6265
3.7087
3.6627
3.7097
3.7625
3.8847
3.6765
3.8450
3.6982
3.6340
3.8852
3.8619
3.8402
3.9209
4.1131
3.9106
4.0052
4.1467
3.8720
4.1360
3.9162
4.0287
4.1359
3.8519
3.8385
3.9077
4.1197
3.9543
3.8166
3.6869
3.4874
3.6382
3.5341
3.9755
4.0046
3.8467
3.7106
3.7497
3.8321
3.7244
3.7574
3.6364
3.9859
3.7224
3.6364
3.8875
3.8630
3.5358
3.6449
3.7934
3.7157
3.6540
3.7512
3.6770
3.6467
3.7215
3.7139
3.9079
3.8824
3.6596
3.9971
3.9391
3.9244
3.8854
4.0380
3.8318
4.1225
3.8833
3.8242
4.0740
3.8751
3.7737
4.1192
4.1757
4.2148
4.0609
3.8973
3.8320
4.0401
3.7856
3.8702
3.8039
3.8327
3.9664
3.7190
3.8142
3.7381
3.4117
3.5301
3.5342
3.6603
3.7667
3.6918
3.5416
3.5357
3.5950
3.7931
3.8650
3.5361
3.7443
3.6020
3.6672
3.5958
3.7144
3.8566
3.6822
3.6160
3.4827
3.6714
3.6428
3.9267
3.8511
3.7483
3.7054
3.7026
3.7159
3.7058
3.6244
3.8452
3.6477
3.7092
3.6261
3.4854
3.4535
3.4912
3.5446
3.6071
3.7387
3.8146
3.4761
3.4322
3.5717
3.4469
3.5180
3.5007
3.6269
3.7499
3.5113
3.5310
3.5087
3.6681
3.6561
3.8082
3.7137
3.7627
3.5612
3.6189
3.6578
3.8500
4.0588
3.8054
3.5782
3.6779
3.6946
3.7606
3.6833
3.6885
3.7574
3.7583
3.8153
3.6574
4.0476
4.1919
3.9725
3.8730
3.8461
3.7075
3.9246
4.1524
4.1565
4.0442
4.1097
3.8177
3.8592
4.1684
3.9099
3.9153
4.1362
4.0180
4.0991
4.1574
4.2083
3.9413
4.3155
4.1467
4.1992
4.0101
3.7526
4.0688
4.2831
4.1681
3.9152
3.8657
4.0341
3.9801
4.2162
4.0980
4.1557
4.1647
4.0304
3.9876
4.0506
4.2099
4.2442
4.3193
4.1173
4.0001
4.4244
4.2912
4.3061
4.0147
3.9110
3.9285
3.9723
4.1796
4.2254
4.1425
3.9825
3.9933
3.8148
3.8107
3.7076
3.7308
3.8444
3.7552
3.6206
4.0385
4.0993
4.1120
3.7911
3.8611
3.5131
3.7045
3.8007
3.8396
3.7381
3.7083
3.6467
3.8411
4.0123
3.9326
3.8797
3.6129
3.5249
3.6098
3.6688
3.6698
3.8421
3.6379
3.5675
3.5812
3.5402
3.6535
3.6336
3.8496
3.8507
3.8667
3.9630
3.9217
4.1551
4.0819
4.0566
3.7118
4.1197
3.8961
3.7470
3.7614
3.9417
3.9336
3.8433
3.9921
3.9503
3.7389
3.8865
3.7926
3.9387
3.9686
4.1472
4.2290
4.0507
3.9955
4.3078
4.3833
4.0924
3.7227
3.7500
3.8790
4.0248
3.8514
3.8444
4.0730
3.9406
3.9068
3.8191
3.9019
3.6406
3.6820
3.7990
3.8621
3.7892
3.7140
3.6020
3.6335
3.8619
4.0745
3.7795
3.9248
3.7824
3.6744
3.8764
3.9832
3.7271
3.9842
4.0936
3.9730
3.8191
3.8836
3.7137
3.7528
3.9376
3.9512
3.8297
3.8864
4.0484
3.8370
3.8776
3.6101
3.5982
3.7353
3.7422
3.8662
4.0165
3.9890
4.2406
4.3531
4.2677
4.1893
4.4400
4.3495
3.9115
3.8240
3.8591
4.0351
4.2235
4.1682
4.2505
3.9103
4.0763
3.7305
3.6488
3.8559
3.7577
3.5656
3.7669
3.5818
3.7438
3.6783
3.8424
3.8260
4.0561
3.8298
3.9370
3.7473
3.7666
3.6293
3.4328
3.6802
3.5529
3.7257
3.4204
3.4871
3.4839
3.7335
3.5989
3.9199
3.5270
3.4610
3.3267
3.7118
3.5035
3.7955
4.0300
3.7398
3.7625
3.6709
3.8160
3.5028
3.5155
3.7908
3.7129
3.5193
3.8058
3.7307
3.7413
3.6283
3.8386
3.7451
3.7007
3.4780
3.9218
3.4934
3.5987
3.7916
3.8112
3.7813
3.6132
3.4748
3.3984
3.3701
3.6108
3.6622
3.8125
3.5780
3.7512
3.7068
3.7454
3.8590
3.5775
3.6858
3.6509
3.4618
3.3357
3.3910
3.4995
3.6086
3.5806
3.5252
3.5598
3.6477
3.5714
3.7413
3.5417
3.8675
3.6572
3.6663
3.5897
3.8676
3.6923
3.7979
3.3916
3.3769
3.1655
3.5266
3.4527
3.5538
3.3830
3.5102
3.6571
3.5914
3.8152
3.5528
3.5098
3.7048
3.5679
3.4568
3.3785
3.1739
3.3260
3.3162
3.2545
3.4897
3.3476
3.3086
3.4567
3.5354
3.5436
3.5594
3.5006
3.4031
3.6786
3.7050
3.7486
3.3782
3.3136
3.4308
3.5207
3.6755
3.5479
3.5427
3.4180
3.5562
3.6825
3.6338
3.6027
3.6472
3.7764
3.6571
3.5183
3.3322
3.5514
3.4638
3.5992
3.8449
3.8393
3.5722
3.5646
3.7860
3.7231
3.6115
3.6185
3.7871
3.5287
3.5886
3.5429
3.5872
3.6293
3.3877
3.6497
3.6004
3.8406
3.4307
3.4805
3.7516
3.5662
3.6832
3.7203
3.5244
3.4569
3.5098
3.6734
3.7225
3.5136
3.4828
3.5612
3.6097
3.4949
3.4033
3.5482
3.4970
3.3398
3.3822
3.6556
3.5325
3.7410
3.7351
3.8461
3.5644
3.6640
3.6440
3.8985
3.8687
3.8976
3.8148
3.9026
3.8774
3.7576
3.5252
3.7666
3.3676
3.8437
3.8922
3.7181
3.7137
3.4317
4.0020
3.8666
3.8344
3.7342
3.5875
3.5982
3.6341
3.6169
3.7649
3.8418
3.9736
3.6341
3.5365
3.4830
3.4326
3.6780
3.6488
3.6439
3.6742
3.4118
3.4469
3.2200
3.4977
3.6094
3.5877
3.4401
3.4037
3.3219
3.4174
3.2273
3.3960
3.6071
3.5889
3.4702
3.7045
4.2664
3.8430
3.5887
3.7694
3.3685
3.4469
3.5428
3.4791
3.2334
3.3639
3.3146
3.4661
3.3595
3.1779
3.1600
3.2623
3.2916
3.7107
3.3233
3.2601
3.2220
3.3039
3.0429
3.3903
3.1148
3.2667
3.3685
3.1672
3.3978
3.5020
3.4875
3.7822
3.7133
3.7598
3.8897
3.5868
3.6896
3.3452
3.6211
3.5806
3.8300
3.8346
3.8100
3.5717
3.6078
3.7927
3.2514
3.6418
3.5817
3.3556
3.5979
3.4233
3.3250
3.5890
3.5781
3.5405
3.6327
3.5878
3.4167
3.5115
3.3798
3.4361
3.4422
3.3621
3.5026
3.3012
3.5075
3.2695
3.6816
3.9212
3.7326
3.6119
3.7614
3.7009
3.6418
3.6685
3.4906
3.5515
3.6037
3.6157
3.6501
3.5998
3.7954
3.5047
3.6414
3.6033
3.7805
3.7765
3.5374
3.8536
3.9613
3.7411
3.5327
3.6180
3.8277
3.7745
3.7114
3.8458
3.9240
3.5825
3.5107
3.6522
3.7410
3.3882
3.6014
3.7245
3.6155
3.7787
3.7454
3.6363
3.5687
3.5163
3.5212
3.5076
3.4166
3.6554
3.6951
3.9268
3.8125
3.9774
3.8679
3.8148
3.6688
3.8808
3.9805
3.8851
3.5184
3.6219
3.7068
3.8757
3.8691
3.8700
3.7976
3.5892
3.8991
3.7968
3.6254
3.5465
3.7354
3.4113
3.6214
3.9790
3.6320
3.3836
3.3040
3.5689
3.6352
3.4934
3.5113
3.4709
3.7107
3.7606
3.6473
3.7524
3.4916
3.5659
3.6170
3.5874
3.6731
3.5538
3.3432
3.6130
3.5949
3.8870
3.7966
3.9529
3.7108
4.0244
3.7509
3.8865
3.8999
4.1388
4.2099
3.7947
3.8561
4.0547
4.0040
4.0225
3.9270
3.9646
4.0228
3.7973
3.8183
3.9684
3.6203
3.8392
3.7355
3.6971
3.6351
3.8407
3.7723
3.7206
3.8068
3.8518
3.7650
3.8406
3.6312
3.8642
3.8967
3.7967
3.9706
3.9626
3.8992
3.9593
3.8297
3.7748
3.6256
3.7855
3.5919
3.9210
3.7993
3.7545
3.6761
3.8019
3.5903
3.8880
3.7177
3.6623
4.0651
4.0732
4.1412
3.8217
4.0002
4.1168
4.0955
4.1095
3.9893
4.0954
3.9568
3.9843
4.2875
4.2201
4.4221
4.0484
4.2246
4.0500
3.8898
4.4407
4.3147
4.2571
4.2640
4.1224
4.2051
4.1963
3.9698
4.3606
4.0011
4.0028
3.9003
3.6281
3.8307
3.8394
3.9277
3.9901
4.2941
4.0620
3.7649
3.9859
4.2791
4.0452
3.7968
3.9408
3.7814
3.8261
4.1154
3.8964
4.0734
4.0063
3.7368
3.8420
3.8834
3.7638
3.7936
3.9618
3.8096
3.6555
3.9901
4.1263
4.0952
4.1489
3.8699
4.0872
3.9267
3.9924
3.8478
4.0222
3.6828
3.8069
3.8519
3.8872
4.1143
4.1957
3.9985
4.0781
4.0876
4.0332
4.0281
4.2547
3.9989
3.9614
3.7294
3.9026
3.6944
3.8787
4.0060
4.0403
3.9650
3.9515
4.2179
3.7132
3.8975
3.8606
3.9218
3.4936
3.7360
3.5574
3.8250
4.0739
4.1275
3.7417
3.8983
4.0642
4.1874
4.0004
3.8643
3.8930
3.8778
3.8142
3.7004
3.7490
3.7820
3.5662
3.6333
3.7800
3.8681
3.7796
3.7491
3.6947
3.7404
3.6667
3.7093
3.8069
3.9025
4.0677
3.9938
3.7675
3.8722
3.6089
3.5954
3.8370
3.9701
4.0610
3.8837
4.1698
4.2107
4.4350
4.4965
4.4727
4.2171
4.0525
4.2803
4.1562
4.3360
4.3014
4.1163
4.6528
4.7280
4.5408
4.3683
4.3290
4.3465
3.9838
3.9080
4.0445
3.9740
3.8858
3.8941
4.0719
3.9964
3.9280
3.8151
3.9505
3.9228
3.9744
4.0820
4.0730
4.2936
4.2993
4.0875
4.2194
3.8738
3.5438
3.5487
3.7056
3.6361
3.8512
3.7531
3.9204
4.0836
4.0068
4.4381
4.6341
4.4359
4.5250
4.3719
4.0018
4.3580
4.4987
4.3900
4.0113
4.2361
4.2913
4.4672
4.2980
4.2829
4.2568
4.3169
4.0132
3.9505
3.8019
3.9009
3.8907
3.9195
3.7532
3.8431
3.7824
3.6718
3.7166
3.5234
3.6603
3.7711
3.9083
3.6418
3.4907
3.2381
3.6228
3.6685
3.7394
3.6853
3.7540
3.7263
3.6091
3.6616
4.1022
3.7864
3.8459
3.7513
4.0024
3.9708
4.0874
4.2389
4.1014
4.0345
4.3304
4.1326
4.1301
3.8699
3.9170
3.9684
3.9247
4.0412
3.9987
3.8724
3.9388
4.0290
4.1162
4.1483
3.8764
3.7426
3.9616
3.8559
3.6301
3.6658
3.9003
3.9295
4.0148
3.8748
3.7683
3.9128
3.8797
3.7946
3.6833
3.5798
3.5712
3.9333
3.9276
3.9109
3.7921
3.7732
4.0248
3.6893
3.9613
3.9783
4.0020
4.1166
3.6590
3.9546
3.9920
4.1899
3.9354
4.0144
3.9394
3.6976
4.0466
3.9869
3.9214
3.7925
4.1510
3.9860
4.0486
4.1416
3.9708
3.8972
3.9734
4.0756
4.0422
4.1060
4.1397
4.1199
4.2238
4.0688
4.1967
4.1170
4.3761
4.1280
4.0057
4.0806
3.9719
4.1645
4.0858
4.0952
4.2107
4.2026
4.3578
4.1360
4.1887
4.0732
4.4573
4.3706
3.9832
4.1429
3.8929
3.8477
4.0112
4.0296
3.6703
3.9246
4.0365
3.6808
3.8789
3.7886
3.9272
4.2933
4.0075
3.9335
3.9202
3.8209
3.8090
3.7545
3.7489
3.9404
3.7628
3.7480
3.8708
3.8026
3.8998
3.9963
3.9520
4.0556
4.2399
4.1687
3.9963
3.9277
3.9026
3.9807
4.1121
3.9814
3.9365
3.8714
3.8243
4.0153
3.8291
3.7559
3.7213
3.7030
3.7628
3.8298
3.9144
3.9685
3.8736
4.0478
4.3993
4.1525
4.1938
3.9103
3.9752
3.9179
3.9575
4.2410
4.0097
4.0928
4.1736
4.0737
4.0169
4.0688
4.1696
3.9986
3.8276
3.8899
4.0046
3.9121
3.8159
3.7480
3.9432
4.1002
3.7679
3.8734
4.1118
4.2531
3.9707
3.9862
4.2312
4.1226
4.0354
3.8791
4.1063
4.1458
4.1354
4.0023
3.9817
3.7523
4.0671
3.9682
4.0708
4.1113
4.0732
3.8667
3.5414
3.5834
3.6470
3.7870
3.6069
4.0529
3.8196
4.0599
3.8376
3.8828
4.2348
4.0898
4.0798
4.0649
4.0900
3.9367
3.9219
4.0583
4.2671
4.0386
3.9469
3.9690
3.9421
3.9745
4.1951
3.8107
3.9062
3.9360
3.8574
3.8758
4.2133
4.1678
4.4141
4.3998
4.0197
3.9954
3.9547
3.7431
3.8419
3.6752
4.0452
3.9433
3.9117
3.7169
3.8225
3.7033
4.1255
3.7607
3.8403
3.7432
3.8582
4.1560
3.9300
4.0148
3.9008
4.0716
4.1143
4.0787
4.1231
3.9075
4.1928
4.1622
3.8953
3.9818
3.8176
3.7738
3.7652
3.6528
3.6141
3.6473
3.7258
3.9411
4.0556
3.9955
3.7693
3.8283
3.8637
3.8003
3.6799
3.6109
3.6691
3.7774
3.6541
3.7348
3.9973
3.6859
3.9457
3.5889
3.8320
3.8981
4.0996
4.1914
4.0602
4.2781
3.9296
3.7833
3.8992
3.8762
3.8802
3.8262
3.8057
3.9377
3.9590
3.7488
3.8856
3.8666
3.7739
3.8203
3.7360
3.9486
3.8790
3.6889
3.5841
3.7449
3.7695
3.8553
3.6790
3.7885
3.9205
4.0161
3.8799
3.9223
4.0674
4.3945
3.9980
3.8371
3.8396
3.6658
3.8671
3.7976
3.6572
3.6818
3.6914
3.7568
3.8502
3.9635
3.6629
3.9162
3.9204
3.6802
3.7769
3.8666
3.8429
3.9818
3.6406
3.7510
3.7894
3.7690
3.8869
3.6406
3.7814
3.6454
3.6164
3.6751
3.7748
3.7291
3.5576
3.7014
3.7914
3.8849
3.6677
3.6503
3.8744
3.7254
3.8001
3.7241
3.8290
3.6313
3.8307
3.8536
3.7242
3.7924
3.9823
3.9197
3.5901
3.9951
3.8914
3.8605
3.9248
4.0097
3.7489
3.8016
3.5746
3.5079
3.7905
3.8689
3.8054
3.6341
3.7138
4.0615
3.8906
4.0094
4.0221
3.8787
4.1568
3.7502
3.8036
3.9585
3.9077
3.9697
3.9988
3.9411
3.8879
3.6806
3.7625
3.8014
3.7221
3.8864
3.8927
4.1072
3.8875
3.8663
3.9038
3.9675
3.9479
3.8878
3.7785
3.7762
3.7822
3.8302
3.8899
3.9596
3.8838
3.9053
3.8619
3.9515
4.0276
3.6905
3.7894
4.0465
4.1596
4.0985
3.8953
3.7685
3.6767
3.7582
3.7028
3.6710
3.7281
3.9086
3.7299
3.7150
3.7710
3.8000
3.9357
3.8807
3.8214
3.8136
3.7381
3.7521
3.6951
3.7053
3.6757
3.6945
3.8339
3.5050
3.5152
3.6044
3.6864
3.6801
3.5707
3.5687
3.5941
3.4009
3.6344
3.7166
3.7168
3.8127
3.9960
3.7671
3.7176
3.8182
3.8505
3.6763
3.8140
3.7905
3.6971
3.8148
3.7194
3.5098
3.5404
3.6122
3.4615
3.5694
3.5257
3.2131
3.2831
3.2399
3.3660
3.4158
3.3239
3.3348
3.5278
3.4916
3.4793
3.3838
3.5988
3.4650
3.5252
3.6905
3.6981
3.7475
3.5817
3.6004
3.6406
3.6893
3.6251
3.7205
3.7118
3.6605
3.8210
3.6869
3.7008
3.7762
3.6953
3.7718
3.6443
3.5992
3.6618
3.7346
3.7548
3.6298
3.6064
3.6049
3.4923
3.6193
3.6940
3.5112
3.5374
3.7765
3.8023
3.8454
3.7972
3.8717
3.9550
3.8219
3.7821
3.7090
3.8012
3.9906
3.8259
3.8221
3.7165
3.7069
3.7469
3.5826
3.3636
3.2748
3.3907
3.5060
3.2240
3.5575
3.5183
3.3262
3.2648
3.2710
3.4076
3.2162
3.4237
3.6326
3.4747
3.4480
3.7291
3.6570
3.6140
3.7005
3.5784
4.1512
3.7123
3.7169
3.7999
3.9932
3.8326
3.8082
3.8942
3.9532
3.8281
3.7476
4.0562
4.0934
3.7252
3.8551
3.9426
3.9271
4.1194
3.9856
4.0365
3.8323
3.9921
3.9719
4.1322
4.2666
3.9566
4.0393
4.0420
3.8467
3.8056
3.8340
3.9096
3.9646
4.1457
3.8445
3.7405
3.8706
3.7421
3.6340
3.6139
3.8706
3.6094
3.5262
3.7756
3.5180
3.7014
3.8222
3.9839
3.8810
3.8167
3.8944
3.8149
3.7320
3.7858
3.8047
3.8629
3.6202
3.8067
3.7241
3.8147
3.6674
3.5691
3.5288
3.4819
3.8314
3.9190
3.8409
3.9917
3.8057
3.7581
3.9064
3.9967
4.1302
4.1885
3.9832
3.8805
3.8346
3.9584
4.0873
3.8469
3.7673
4.1947
4.2031
4.2917
4.1536
4.0753
3.9191
3.9981
3.9742
3.9875
3.8280
3.8516
4.1250
4.0121
4.1193
3.7435
3.8832
3.8907
3.9233
3.8929
3.7440
3.7221
3.9178
3.7298
4.0855
3.8957
3.8614
3.9473
3.7014
3.9075
3.5632
3.7914
3.6457
3.6937
3.6419
3.9764
3.8864
3.9093
3.7090
3.8887
3.8946
3.6995
3.7382
3.7728
3.7888
3.7377
3.5199
3.4635
3.7214
3.7351
3.7993
3.6733
3.9254
3.8720
3.8854
3.9435
4.2269
3.8816
4.0525
3.7666
3.8312
3.8559
4.0514
4.2498
3.9663
3.7104
3.8607
3.7113
3.7001
3.7138
4.0121
4.0292
3.7643
4.0032
3.9565
3.7550
3.6153
3.6481
3.8194
3.9224
3.9525
3.9356
3.9009
4.0002
4.4331
4.0618
3.9288
3.8310
3.6962
4.1317
4.5013
4.2466
3.9300
4.0942
4.2227
4.2620
4.2774
4.3299
4.2221
4.0670
4.1170
4.0381
4.0147
3.9464
3.7732
3.6912
3.6793
3.7698
3.6551
3.8213
3.9604
3.8282
3.7923
3.8469
3.8654
3.6417
3.4322
3.5065
3.4811
3.8406
3.5956
3.6134
3.7947
3.9047
3.9266
3.6508
3.4420
3.3326
3.4781
3.3085
3.2276
3.3266
3.5018
3.3185
3.4202
3.3698
3.4894
3.7144
3.5697
3.5321
3.5385
3.4007
3.5815
3.6534
3.5090
3.6337
3.7737
3.7174
3.5497
3.5653
3.9545
3.5893
3.7972
3.9299
4.0621
4.1001
3.9858
3.8847
3.9107
3.8154
3.7489
3.9441
3.7309
3.5950
3.5756
3.4392
3.2906
3.5398
3.8583
3.6241
3.7195
3.7555
3.5180
3.7321
3.8763
3.8823
3.8508
4.0422
3.8955
3.8985
3.8977
4.1766
3.8718
3.9713
3.4664
3.6562
3.6240
3.9250
3.9714
3.9318
3.7444
3.9145
3.4779
3.6330
3.9027
3.6375
3.9330
3.8507
3.7976
3.7209
3.7728
3.8135
3.8286
3.8185
3.7489
3.9075
4.0115
3.5914
4.0116
3.9318
3.8364
3.6521
3.8782
3.6868
3.9859
3.6968
3.8692
3.7544
3.6488
3.6070
3.7547
3.7974
4.0542
3.9114
3.9533
4.0222
4.0292
3.9818
3.9193
4.0162
3.7912
3.8321
3.6589
3.7949
3.7227
3.7719
3.9768
3.9682
3.8756
3.8125
3.9450
3.9709
3.9601
3.8530
3.7565
3.7538
3.8751
3.9447
3.8993
3.9966
3.7983
3.8210
3.8157
3.8546
3.9359
3.7698
3.8147
3.5969
3.7935
3.9667
3.8272
3.7540
3.8416
4.0643
3.8363
3.7588
3.8580
3.8286
3.8724
4.1689
4.2540
4.2494
3.9007
4.1343
4.1044
4.4771
4.3014
4.2463
3.9288
4.0050
4.2918
4.0197
4.1177
4.2950
4.0345
4.2670
4.1158
3.9233
3.7082
4.0288
4.0921
4.1228
3.7816
3.8814
4.1139
3.8076
3.8293
3.8481
3.7725
3.8557
3.9463
3.9627
3.9388
3.6182
3.9602
3.8104
3.7173
3.6001
3.8964
4.1949
3.6378
3.9700
3.8091
4.1072
3.8280
4.1183
3.9164
3.6903
3.7113
4.1789
3.8808
3.9159
3.8317
3.8218
4.0499
4.0330
3.8599
3.8157
3.7113
3.7868
3.6881
3.5339
3.5841
3.5791
3.8789
3.7830
3.7491
3.7171
3.6513
3.6292
3.6268
3.5750
4.1434
3.9829
4.0200
3.5361
3.6559
3.5927
3.5244
3.4642
3.5160
3.5904
3.5880
3.7747
3.8422
3.7752
3.5633
3.3889
3.4689
3.4827
3.5942
3.4366
3.4304
3.4998
3.6495
3.3488
3.4629
3.7990
3.4199
3.7612
3.8638
3.7190
3.8614
3.9197
3.9134
4.1429
3.9404
4.0826
3.9684
3.7894
3.5291
3.5162
3.7100
3.8428
3.8226
4.2484
3.7974
3.7602
3.8212
3.7105
3.7236
3.7582
3.4654
3.7252
3.8490
3.7539
3.6659
3.7878
4.0532
3.9732
3.8581
4.0232
3.7265
3.7970
3.7315
3.5517
3.8625
3.8572
3.9163
3.9668
4.1497
3.8794
3.8855
3.5018
3.6284
3.9962
3.7678
3.8973
3.7677
3.7102
3.8065
3.7536
3.7354
3.7903
3.4760
3.4100
3.4202
3.6712
3.5878
3.3603
3.6578
3.1748
3.6447
3.8463
3.7356
3.5722
3.2574
3.4760
3.3399
3.3430
3.4593
3.4270
3.4105
3.2956
3.2279
3.3807
3.3971
3.5964
3.6030
3.6073
3.6893
3.7170
3.7247
3.7395
3.7933
3.4946
3.7726
3.8005
3.9222
3.6700
3.6523
3.6604
3.7864
3.6504
3.7748
3.6985
3.7302
3.7322
3.5891
3.8120
3.9603
3.7370
3.5928
3.7107
3.4877
3.3696
3.6117
3.5294
3.4748
3.4931
3.2757
3.4526
3.3346
3.4399
3.3045
3.2683
3.2961
3.4869
3.4187
3.5475
3.5863
3.6793
3.6345
3.4363
3.4574
3.5327
3.4463
3.4945
3.3496
3.2577
3.4701
3.4489
3.3346
3.3929
3.2381
3.3314
3.3963
3.5892
3.4984
3.7914
3.6009
3.6324
3.8977
3.9008
3.8109
4.1024
3.9921
3.9907
4.0638
4.1441
3.8401
4.1946
4.1776
3.8377
3.8760
3.8979
4.3919
3.9192
3.9752
3.7641
3.9281
4.0985
3.7538
4.1055
3.8265
3.8402
3.8764
3.8647
3.9759
4.4364
3.9640
4.1010
4.2512
4.2465
4.2673
4.2208
4.0102
4.2598
4.0628
4.1821
4.3201
4.2984
3.8326
4.1324
4.0216
4.1638
3.7983
3.8238
3.8639
3.8858
4.0420
4.2225
4.1817
4.1503
3.9787
3.7783
4.1393
4.3623
4.0004
3.9145
3.9080
4.0494
4.0955
3.7883
3.7320
3.7909
3.9847
4.0063
4.0202
3.8944
3.7707
3.7700
3.8567
3.9105
3.9223
3.7712
3.8559
3.8273
4.0770
4.1247
4.1319
4.0203
3.7807
3.8796
3.8187
3.5668
3.7553
3.6603
3.6367
3.6880
3.9334
3.9196
4.1622
4.2413
4.2728
3.9997
4.0616
4.2682
4.1893
4.2121
4.0330
4.3455
4.3368
3.9183
4.0281
4.0604
3.9696
3.8975
3.9770
4.2082
4.2204
4.1172
3.9152
3.9012
3.9116
3.7500
3.6870
3.8149
3.6974
3.6937
3.8006
3.9412
3.8228
3.7287
3.8683
3.9869
3.7019
3.8240
3.7929
3.8302
3.6549
4.0354
3.8749
3.6115
3.7654
3.9979
3.7947
4.0746
4.3133
4.1832
4.2001
4.2985
4.2242
4.3233
4.3338
4.2926
4.2320
4.0892
4.0261
3.7235
3.8446
3.9137
3.7973
3.6755
3.8972
3.7628
3.8444
4.1740
4.0434
3.9899
3.6773
3.8944
3.9692
4.1915
4.1295
4.3136
4.0532
3.6072
3.7939
3.8223
3.6385
3.7891
3.8094
4.0413
4.1246
4.1464
4.0447
4.1610
3.7451
4.0569
3.8642
3.8300
4.0401
3.7331
3.6752
3.7747
3.5501
3.8576
3.6403
3.6887
3.5824
3.7162
3.7120
3.7358
3.9017
3.7393
3.7453
4.0119
4.4102
4.2319
3.7042
3.8390
4.1004
3.9999
3.9407
3.8085
3.9247
3.8030
3.9904
3.8376
3.6980
3.7818
3.5429
3.8158
3.6107
3.8317
3.5962
3.8192
3.8963
3.5787
3.7005
3.7694
3.7225
3.8006
3.5728
3.7261
3.6553
3.5390
3.5588
3.9420
3.7520
3.9513
3.7221
3.8622
3.7365
3.9438
3.9232
3.9305
3.5800
3.6024
3.9834
3.9178
3.7348
3.9656
3.9242
3.7854
3.7500
3.6737
3.5864
3.5363
3.6318
3.7732
3.7314
3.7413
3.8152
3.7617
3.8942
3.6319
3.5467
3.6284
3.4411
3.5091
3.5958
3.8102
3.3877
3.4608
3.6472
3.6959
3.7228
3.7369
3.7782
3.7226
4.2023
3.8666
3.9530
3.9184
3.7478
3.6638
3.7955
3.9596
3.8172
3.8688
3.6946
4.0088
3.9121
3.6965
3.6201
3.6955
3.7430
3.7173
3.5986
3.3132
3.5811
3.5804
3.7382
3.6406
3.6130
3.6583
3.6588
3.6411
3.6185
3.7316
3.9087
3.6741
3.3809
3.5149
3.7626
3.4829
3.5004
3.6929
3.6368
3.6732
3.6093
3.5201
3.6755
3.5999
3.4374
3.6428
3.5825
3.4509
3.4465
3.3579
3.5669
3.4284
3.6358
3.5222
3.7269
3.5984
3.5238
3.8305
3.7716
3.7048
3.6360
3.5715
3.6665
3.5688
3.7039
3.6611
3.6999
3.5310
3.6649
4.0371
3.9924
3.7376
3.7071
3.6059
3.6906
3.7781
3.6038
3.6903
3.5683
3.5865
3.3276
3.6455
3.5244
3.5903
3.7604
3.8285
3.4899
3.3023
3.5613
3.5070
3.5568
3.4500
3.6861
3.5373
3.6550
3.5926
3.5774
3.5528
3.3707
3.4081
3.4527
3.4624
3.6493
3.5975
3.5250
3.4807
3.5839
3.5903
3.5215
3.6133
3.4993
3.4375
3.4388
3.5661
3.5976
3.5321
3.3229
3.5420
3.4607
3.4788
3.5887
3.5090
3.8695
3.6801
3.5500
3.7224
3.5766
3.2353
3.4928
3.4958
3.4218
3.5394
3.7794
3.7768
3.7192
3.3696
3.6185
3.4733
3.5265
3.5979
3.5070
3.5958
3.5901
3.7483
3.6202
3.6071
3.6714
3.3719
3.4995
3.6519
3.5872
3.6074
3.5913
3.8344
3.7028
3.5157
3.6261
3.3560
3.4677
3.7620
3.5828
3.5668
3.6286
3.5008
3.7413
3.6085
3.7960
3.7694
4.0653
3.7698
4.1899
3.9545
3.9122
3.7381
3.6261
3.9248
3.7780
3.8121
3.4820
3.8020
3.6337
3.4692
3.7758
3.6786
3.8785
3.7243
3.7994
4.0435
4.2410
3.9443
3.9117
3.8284
3.7120
3.6559
3.6135
3.4212
3.6639
3.7380
3.7650
4.0058
4.0481
4.1746
4.1602
3.9821
3.8290
4.1623
4.2312
4.3604
4.3307
4.3912
4.7819
4.5285
4.2646
4.1916
4.4506
4.3243
4.4738
4.6359
4.1585
4.3355
4.2019
4.0643
4.2707
4.2485
4.1483
3.8541
3.7027
3.8920
4.0103
3.7358
3.8993
3.6059
3.7224
3.6864
3.6805
4.1524
3.8565
4.2548
4.1440
3.8751
3.5984
3.8363
3.5802
3.9157
3.7835
3.5281
3.7167
3.5697
3.5871
3.4840
3.7984
3.6842
3.7502
3.7170
3.9101
3.8578
3.9366
3.9786
3.8390
4.0362
3.9149
3.9753
3.8338
3.9589
3.8762
3.9394
3.8434
3.8175
3.8255
3.6953
3.5876
3.6321
3.4559
3.5434
3.3718
3.6145
3.5752
3.4792
3.4414
3.6320
3.6339
3.7329
3.7166
3.6857
3.5934
3.7517
3.5056
3.5566
3.5100
3.6107
3.5947
3.5978
3.5850
3.6749
3.5040
3.4040
3.6451
3.4376
3.4425
3.3186
3.4605
3.4101
3.3274
3.4922
3.3940
3.5564
3.6835
3.8258
3.5393
3.3175
3.6479
3.3976
3.4811
3.4107
3.3656
3.4331
3.4777
3.5029
3.6193
3.6520
3.4603
3.4998
3.5008
3.5187
3.4530
3.6109
3.6632
3.6947
3.6335
3.6526
3.4419
3.5222
3.6757
3.3562
3.7240
3.9330
3.8667
3.8210
3.7707
3.5148
3.7995
3.8236
3.7232
3.6678
3.8393
4.0260
4.0005
3.8060
3.8702
3.9169
3.9268
3.7019
3.8612
3.7923
3.6389
3.7411
3.9104
3.8320
3.8832
3.9300
4.0601
3.6721
4.0572
3.6258
3.8213
3.7423
3.6242
3.8753
3.6063
3.6371
3.7470
3.7385
4.1444
3.8303
3.7734
4.0152
4.0032
3.9672
3.8956
3.9588
4.2571
4.0139
3.6609
3.8066
3.6647
3.6778
3.5941
3.5966
3.6464
3.4482
3.5520
3.3925
3.3653
3.4695
3.4507
3.6974
3.4507
3.4955
3.5675
3.6077
3.5507
3.6034
3.5399
3.5157
3.3780
3.6150
3.7739
3.6806
3.6474
3.6230
3.6073
3.8191
3.8279
3.6950
3.8022
3.8063
3.7502
3.9963
3.7821
3.8334
3.7701
3.8780
4.1250
3.8959
3.5725
3.8082
3.9342
3.8950
4.0735
3.7232
3.9177
3.6640
3.5204
3.5956
3.7171
3.5416
3.7278
3.8428
3.8001
3.9877
3.9139
3.6268
3.4990
3.5641
3.7270
3.6683
3.6259
3.6556
3.5953
3.5595
3.5757
3.7425
4.0198
4.0124
4.0655
3.8500
3.7684
3.6887
3.7263
3.8121
3.6443
4.0583
4.1228
3.5889
3.8964
3.9919
4.0144
3.9372
3.9773
3.7653
3.7372
3.8330
3.5974
3.9113
3.5667
3.4193
3.5577
3.3935
3.5797
3.8754
4.0577
3.5678
3.5449
3.3823
3.3342
3.4106
3.7199
3.6386
3.6991
3.7050
3.6790
3.5714
3.4841
3.7520
3.5108
3.6526
3.5702
3.5227
3.2250
3.5419
3.7403
3.5096
3.6409
3.5983
3.4137
3.5909
3.6321
3.5034
3.6588
3.8008
3.6185
3.6287
3.3994
3.5445
3.6950
3.7697
3.9449
3.5183
3.6438
3.5999
3.4796
3.6791
3.5376
3.3404
3.5682
3.6700
3.4262
3.4400
3.4582
3.5941
3.5372
3.8128
3.6404
3.7386
3.5964
3.6211
3.5532
3.4574
3.9263
3.7245
3.4284
3.2332
3.8477
3.6396
3.4872
3.6324
3.5299
3.5354
3.4875
3.5130
3.4670
3.5723
3.6050
3.5765
3.6659
3.5078
3.4530
3.3876
3.3871
3.6261
3.3978
3.6040
3.5405
3.6897
3.6601
3.8670
3.7388
3.9478
3.8587
4.0205
3.6985
3.6238
4.0675
4.0198
3.9266
4.0978
3.8080
3.9593
3.9484
3.7242
3.4719
3.6492
3.7034
3.5860
3.4821
3.6633
3.4978
3.6003
3.4616
3.4645
3.6010
3.5040
3.6081
3.7314
3.6524
3.9047
3.5023
3.6453
3.8629
3.6785
3.7088
3.6336
3.9588
3.7347
3.9979
4.2360
4.0079
3.8086
3.7729
3.9587
4.0815
4.0946
3.8468
3.6815
3.8787
4.2328
4.0602
4.1774
4.0972
3.7218
3.8947
3.9298
3.9891
3.7650
3.7520
3.8881
3.7589
3.8172
4.0110
3.8643
4.0261
3.8671
4.0976
4.1423
3.9489
4.0987
4.0863
3.9151
3.9412
3.9865
3.8384
3.6452
3.9287
3.8467
3.6997
3.8549
3.7351
3.6149
3.6193
3.8580
4.0642
3.9298
3.6871
3.8502
3.7767
3.5615
3.7705
3.9676
3.9983
4.0684
4.1266
4.0039
3.7902
3.8883
3.6222
3.8283
3.7930
3.7856
4.0048
3.7075
3.7715
4.1032
3.6655
3.6248
3.6372
3.6496
3.6460
3.9443
4.0226
3.7841
3.8085
3.6885
3.7762
3.4450
3.3681
3.5776
3.7249
3.7419
4.1363
3.9784
4.1834
3.8669
3.6006
3.7027
3.7395
3.7728
3.9275
4.1151
4.1452
3.7649
3.8734
3.8209
3.8581
3.5499
4.0112
3.7372
3.6109
3.8611
4.2383
3.9090
3.6463
3.5903
3.9203
3.7960
3.8682
3.5968
3.9154
3.5092
3.8282
3.4216
3.3163
3.5444
3.5490
3.5596
3.6706
3.8043
4.2276
4.3839
3.8331
4.0403
3.8654
3.9362
4.0013
3.9046
4.0334
3.7133
3.6846
3.5958
3.8843
4.0320
3.7033
3.7385
3.5009
3.8043
3.7361
3.4682
3.6812
3.7066
3.6018
3.6983
3.7765
3.6904
3.5762
3.7011
3.8013
3.6030
3.6210
3.9976
3.8477
3.5812
3.4675
3.6711
3.9457
3.7361
3.7485
3.9810
3.8286
3.7686
3.5820
3.8246
3.8449
3.9033
3.9899
3.9150
3.9749
4.0638
4.2426
4.2358
4.1201
4.5011
4.2568
4.3107
4.0821
3.9914
3.8459
3.8169
3.5374
3.5579
3.6756
3.6020
3.5998
3.9179
3.8031
4.1499
4.3250
3.8461
3.5888
3.6212
3.6058
3.8273
4.1564
4.1498
3.9489
3.8050
3.7862
3.9257
3.7896
3.9574
3.9317
4.0239
3.8710
3.9832
3.8111
3.7890
3.7458
3.8676
3.7994
3.9221
3.8676
4.2208
3.7861
3.9125
3.9851
3.9504
3.7264
4.0867
3.7975
3.8292
3.9449
3.6972
3.7658
3.8834
4.0143
4.0731
4.1207
3.8800
4.0591
3.9263
3.9235
3.9456
3.9481
3.8680
3.8599
4.0660
3.9568
3.9068
4.1217
3.8864
3.9245
3.6739
3.8518
3.6230
3.8063
3.5427
3.6150
3.6032
3.8556
3.9367
3.9859
3.8758
4.0866
3.5724
3.8183
3.6568
3.8319
3.8869
3.8305
3.8455
3.7958
3.5754
3.6096
3.6185
3.6005
3.6700
3.6041
3.9142
4.0053
3.8007
3.8660
4.0707
3.9169
4.0097
3.7361
3.8557
4.0421
4.0922
3.9910
3.9712
3.9282
3.6533
4.2644
4.0385
4.1750
3.9795
3.8482
3.8830
3.8743
3.7216
3.9249
3.8518
4.1581
3.9139
4.1439
3.7122
3.6758
3.7946
3.6984
3.8035
3.7257
3.8923
3.7899
4.0032
4.0167
3.9959
3.9621
4.2252
4.1410
3.8559
4.0273
3.9220
3.8554
3.7919
3.8926
3.7838
3.7420
3.8108
3.6726
3.9371
4.1386
3.8732
4.0757
4.1332
4.3985
4.3360
4.3005
4.4366
4.3450
4.7877
4.5676
4.1789
4.1200
4.0984
3.8240
4.0440
4.0239
4.3595
4.9262
4.8133
4.7096
4.1502
4.5115
4.4333
4.2761
4.5291
4.2874
4.3593
4.3174
4.1461
4.0214
3.6067
3.7369
3.9786
3.6931
3.8048
4.0995
3.8614
3.8179
3.7843
4.0100
3.7860
3.6935
3.8170
3.7492
3.9003
4.0633
3.7459
3.7995
3.7342
3.8012
3.8373
3.8928
3.8827
4.0214
4.0441
4.0087
3.8062
3.5411
3.9565
3.9891
3.6487
3.8660
3.6041
3.8060
3.8863
3.5773
3.6430
3.7362
4.1353
4.2146
4.2764
4.0536
4.0972
4.1565
4.5127
4.7877
4.6315
4.4438
4.3050
4.1332
3.7730
4.1774
3.8827
4.0909
3.8991
3.8857
3.6890
4.2730
4.3644
4.1842
4.1619
4.3712
4.0346
3.9470
4.0437
3.9513
4.4426
4.3321
4.3672
4.3775
4.0333
3.6828
3.5076
3.8093
3.7545
3.5431
3.8427
3.9424
3.9056
3.9578
3.9936
3.9752
4.0025
3.8185
3.6390
3.6892
4.0420
4.1553
4.2075
4.0836
3.7792
3.4757
3.6743
3.4307
3.8014
3.5819
3.6696
3.5396
3.7373
3.8962
3.9637
3.8427
3.6516
3.8773
3.8862
4.0425
4.5235
4.2960
4.5091
4.1426
3.7477
3.7321
4.0953
3.6690
3.6475
3.7607
3.9506
3.6704
3.8701
4.2708
4.0083
3.9470
3.9787
4.0170
4.0743
3.8704
3.9740
3.9104
3.8727
3.8274
3.7686
3.8216
4.0375
3.9977
3.7908
3.7154
3.8601
3.8043
3.9417
4.4100
4.1857
4.1579
3.8683
3.9921
4.2214
3.9275
3.9633
4.1005
4.4896
4.1375
4.1165
3.7513
3.8579
4.2110
3.9275
3.9328
3.9705
3.9726
3.9059
3.8221
3.9210
4.0685
3.5047
3.6896
3.7651
3.8798
3.8344
3.9188
3.8358
3.9409
3.6345
3.7529
3.8874
3.5651
3.5315
3.9350
3.9844
3.8292
3.8309
3.8539
3.7232
3.7303
3.7135
3.6951
3.5129
3.6085
3.6628
3.7908
3.7229
3.3783
3.5244
3.5669
3.8060
3.6896
3.7145
3.8391
3.8173
3.9690
3.7109
3.7799
3.7851
3.7407
4.0420
3.6807
3.9561
3.9013
3.9075
3.8605
3.8103
3.7971
3.8581
3.6736
3.6981
3.5872
3.6778
3.7483
3.6746
3.7229
3.9425
3.6801
3.9501
3.6619
3.6475
3.5930
3.5275
3.4436
3.7607
3.4414
3.6053
3.5520
3.7692
4.0019
3.9881
4.2771
3.8090
3.9256
3.7115
3.7695
3.9924
3.8841
3.9407
3.8311
3.8621
3.9317
4.0732
3.8213
3.7322
3.9089
3.9866
3.6546
3.8044
3.9867
3.9039
3.8498
3.8427
3.9560
3.5260
3.7274
4.0843
3.9090
3.9301
4.1084
3.8641
4.0049
4.3980
4.2517
4.0711
4.0036
3.6373
3.7763
3.6881
4.0419
3.9355
3.7520
3.8983
3.9518
3.7088
3.7547
3.8769
3.5719
3.6098
4.0729
4.0008
4.1465
4.2860
3.9639
3.7964
4.1885
4.0774
4.1277
3.9391
3.9989
3.8421
3.9210
3.9414
3.9737
4.0583
4.2322
4.5326
4.6034
4.5348
4.2238
4.3052
4.2717
3.9878
4.1308
3.9490
3.9224
3.9140
3.7094
3.7905
3.7574
3.5245
3.7615
3.8817
3.6707
3.9182
3.6079
3.4017
3.5101
3.4010
3.2752
3.5992
3.4897
3.9231
3.7304
3.9497
3.8773
3.9964
3.7064
3.8440
3.9889
3.7234
3.7212
3.7988
3.6516
3.6330
3.7045
3.7998
3.9385
3.6694
3.3858
3.3246
3.4721
3.5030
3.5817
3.9806
3.7111
3.5664
3.6202
3.5752
3.3495
3.1679
3.3177
3.5329
3.5349
3.5458
3.4186
3.6579
3.5461
3.7136
3.5207
3.4584
3.6888
3.5618
3.9496
3.7249
3.4810
3.8320
3.7877
3.7558
3.8644
3.9968
3.6802
4.0650
4.2336
3.7927
3.8007
3.8549
3.8562
3.8488
4.0951
3.9802
4.0263
3.9271
3.9859
3.6641
3.6657
3.6885
3.6120
3.4918
3.7418
3.6856
3.5972
3.5444
3.4470
3.6293
3.7294
3.6614
3.7995
4.0464
3.9271
3.5213
3.3812
3.4870
3.6364
3.8775
3.5756
3.5723
3.5260
3.6287
3.4479
4.0094
4.1409
4.1226
4.3011
4.1198
3.6556
3.8470
3.5124
3.5081
3.5669
3.7769
3.8086
3.7881
3.7677
3.8445
3.6090
3.8429
3.9736
3.7573
3.9897
3.7073
3.6222
3.6208
3.9413
3.7702
3.8451
3.9767
3.7032
3.8303
3.8260
3.8048
3.8447
3.9298
3.9404
3.7326
3.6366
3.8088
3.8027
3.9510
3.6781
3.5590
3.7418
3.5496
3.7947
3.2602
3.5141
3.8588
3.7139
3.7454
3.8419
3.6895
3.6497
3.8100
4.0167
4.0554
4.0937
4.0363
4.0703
3.4951
3.8831
3.5776
3.8069
3.8569
3.8113
3.7357
3.8159
3.8388
3.8669
3.8810
3.7978
3.8466
3.8504
3.8100
3.8449
3.9023
3.7093
3.7361
3.6817
3.4477
3.6600
3.5608
3.5522
3.4781
3.5857
4.0299
3.8621
3.6524
3.7852
3.6926
3.7896
3.7289
3.5838
3.6114
3.4981
3.7948
3.6362
3.7775
3.7775
3.6685
3.6037
3.7402
3.6953
3.5998
3.4918
3.6403
3.3757
3.6640
3.4887
3.9825
3.9735
4.0452
3.9256
3.9813
4.1889
4.3496
4.1230
4.1434
3.9559
4.0903
4.2034
3.9008
3.8899
3.8626
4.0238
3.9965
3.8641
3.7925
3.6292
3.5312
3.6061
3.4678
3.4395
3.7294
3.5461
3.5939
3.4471
3.4791
3.6474
3.8905
3.7917
3.4896
3.5060
3.5548
3.4024
3.7435
3.6777
3.7236
3.6208
3.6797
3.8286
3.7531
3.5835
3.6517
3.7907
3.8827
4.3266
4.0774
4.2499
4.2289
4.1971
4.0402
4.1713
3.8265
3.9800
3.5629
3.9148
3.8405
4.0322
4.1368
4.2960
4.1378
4.1053
3.6970
4.0208
4.1017
4.0426
3.5351
3.5569
3.6698
4.0456
4.0529
4.2258
3.9634
3.8930
3.8607
3.9887
4.0813
4.0448
3.9917
4.0592
3.6364
3.6098
3.9278
4.0306
3.8207
3.8313
3.8238
4.1845
4.1981
4.1845
3.9651
3.7878
3.6556
3.9131
4.0050
4.0025
3.9610
4.0740
3.8160
3.9156
4.1262
4.0922
3.8632
3.8166
3.7121
3.9929
3.4677
3.7974
3.6437
3.7333
3.7440
3.6186
3.7276
3.6388
3.6194
3.7838
4.2505
3.5750
3.8648
3.5503
3.6161
3.7315
3.8300
3.8592
3.7315
3.7807
3.6165
3.8829
3.8457
3.6693
3.6275
3.7212
3.8715
3.5629
3.6284
3.6768
3.7076
3.7062
3.7120
3.9210
4.0786
4.3891
4.1732
4.2238
4.6513
4.4906
4.3307
4.0878
3.7810
3.8775
3.7198
3.8148
3.9703
4.0170
4.0418
4.0206
3.9136
4.0411
4.0673
3.9247
4.0931
3.8758
3.7607
3.7145
3.8954
3.7247
4.0724
3.9766
4.0708
3.9801
3.7724
3.7110
3.9741
3.9029
3.9288
4.4738
4.2021
4.0796
4.0348
3.7902
3.6912
3.9323
3.9632
4.1346
4.0612
3.8119
4.0090
4.2974
4.0269
3.7547
3.8502
3.7294
3.7465
4.0782
4.3237
4.0467
3.7365
4.0433
3.8276
3.8409
3.9749
3.8727
3.8855
4.0244
4.0428
4.1854
4.1206
4.0397
4.1554
3.9492
3.8142
3.7105
4.1112
4.0558
4.2535
4.0366
3.9462
4.1250
4.0358
4.3328
4.0326
3.9650
3.6930
3.7447
3.8008
3.9125
3.8685
3.9547
3.6288
3.8159
4.0178
3.7952
3.9758
3.8920
3.8265
3.7543
3.7321
3.6829
3.8490
3.7262
3.7103
3.6116
3.8621
3.9091
3.6611
3.9016
3.8256
4.2165
4.5027
4.0545
4.1162
4.1634
4.4229
4.0562
4.0258
3.7925
3.7954
3.9383
3.8848
4.0970
3.8834
3.8777
3.9925
4.2426
3.9955
3.7544
4.1168
4.1414
4.1172
4.0185
3.9028
4.0091
3.9161
3.7205
4.0706
3.8608
4.0490
4.0874
3.8717
4.0384
4.0008
4.2313
4.1542
4.0206
3.8946
3.6696
3.8302
3.8531
3.7919
3.6229
3.9125
3.9232
3.9569
4.0574
4.0439
4.0346
4.0944
3.8865
3.7882
3.9869
4.0273
4.0918
3.9242
4.0533
3.8734
3.8719
4.1632
3.6984
3.8427
3.9598
3.9560
4.0817
3.9006
3.8699
3.8894
4.0071
4.3144
3.9620
4.1411
3.9762
4.0231
3.9676
3.8414
3.7620
3.6626
3.7860
3.9844
3.8097
3.9037
3.7987
3.8189
3.6575
3.6336
3.7020
3.7491
3.5628
4.0398
4.0264
3.9701
3.7966
3.8805
3.9153
3.6616
3.8919
3.7964
3.7938
3.8345
3.5067
3.5717
3.8862
3.6429
4.0543
3.9457
3.7841
3.7969
3.9842
4.0730
3.8224
3.5641
3.9095
3.8901
3.7800
3.6517
3.9225
3.5186
3.5198
3.6993
3.8480
3.6902
3.9452
3.8581
3.7795
4.0662
4.1622
3.5402
3.4436
3.6795
3.8182
3.6909
3.8192
3.6670
3.5220
3.5596
3.3980
3.5021
3.4446
3.5862
3.8227
3.5863
4.1469
3.7901
3.7555
3.9493
4.3707
4.2850
4.3625
4.4494
4.2604
4.1608
4.1965
4.0838
4.2492
4.2805
4.1910
4.3669
4.5582
4.4126
4.2434
4.4283
4.3470
4.1925
4.0279
3.7584
4.0314
4.0588
4.3035
4.2988
4.3200
4.0151
4.1869
4.2244
4.0172
3.9674
3.8867
4.0211
3.9734
4.0561
3.5757
3.7496
4.0941
3.9522
4.1820
4.4610
4.4583
4.3162
4.2433
4.0308
4.2623
4.2559
4.2461
4.3122
4.2436
4.1084
4.1226
3.9432
3.9964
3.9659
3.9602
4.0571
4.3577
4.0675
3.8464
3.9977
3.7969
3.9563
3.8962
3.9699
3.9921
3.6620
3.5871
3.6666
3.9601
3.9395
3.9919
4.1694
4.1474
4.1276
4.0921
3.9452
4.1054
4.2990
4.2308
3.9843
4.1463
4.1279
3.8490
3.8818
3.9640
3.8716
3.7787
4.0787
4.1443
3.8390
4.0164
4.1274
4.3137
4.4932
4.1186
3.8596
3.8136
4.1827
4.1459
4.1086
3.8085
3.9975
4.2834
4.0291
3.6436
3.6403
3.7590
3.9345
3.7284
3.6447
3.8488
4.1176
4.3030
3.9026
3.7396
3.8479
3.6814
3.8343
3.9299
4.0395
4.0207
4.0140
3.7004
3.6082
3.5363
3.6456
3.5023
3.4335
3.7979
3.9984
3.8385
3.7792
3.7629
3.8945
3.9347
4.0175
3.9609
3.8226
3.7172
3.8695
3.7020
3.9239
4.3299
4.2231
4.2392
4.0138
3.8668
4.0714
4.0957
4.0874
4.1026
4.0707
3.7820
3.7303
3.7407
3.8474
3.6696
3.7976
3.8736
3.7528
3.8186
3.8684
3.7565
3.5897
3.8892
3.8499
3.6785
3.9776
3.7016
3.5517
3.6190
3.4101
3.6321
3.7004
4.0545
3.9030
4.0181
3.9140
4.0847
3.8101
4.0510
3.9233
4.0351
3.9796
3.9090
3.9513
3.6923
3.5451
3.4459
3.7151
3.7033
3.6116
3.6931
3.6798
3.7292
3.7353
3.8132
3.7643
3.7616
4.0133
4.1836
4.0076
3.8640
4.0746
4.1549
4.2238
4.3474
4.2845
4.3472
4.2637
3.9711
3.7587
3.9834
4.3325
3.9307
3.8908
4.3965
4.1039
3.8364
3.7473
4.0825
4.1009
4.2216
3.8832
3.8483
3.8405
4.0422
3.9766
3.8937
3.9642
3.8672
3.8957
3.9118
3.6678
3.7661
4.0336
3.8314
3.9332
4.0654
4.0574
3.8075
4.0175
3.9108
3.9728
4.1784
4.2207
3.9941
4.3178
4.4363
4.1100
4.1872
3.8649
3.8584
3.7204
4.1035
4.0285
4.1627
4.0599
4.1100
4.1812
4.2105
4.6176
4.3188
4.2731
4.0698
3.9380
3.9211
3.7018
3.9116
3.5656
3.8022
3.7930
4.0534
3.9694
4.1642
4.2135
3.9986
3.9033
3.9377
3.6117
3.6859
3.6878
3.7692
3.8503
4.0462
3.8707
3.6590
3.6677
3.6130
3.6308
3.5430
3.4544
3.7771
3.3154
3.7592
3.6569
3.6355
3.6947
3.5734
3.3222
3.2555
3.2674
3.5544
3.7429
3.6551
3.5881
3.7752
3.5669
3.6947
3.7133
3.6892
3.7573
3.7070
3.6788
3.5623
3.7503
3.5884
3.6428
3.5471
3.6521
3.5019
3.5072
3.4604
3.4822
3.6237
3.7658
3.8851
3.8419
3.7120
3.6594
3.7315
3.8065
3.8181
3.9199
3.7523
3.7849
3.5977
3.9060
4.0778
3.7492
3.8189
4.1691
3.9518
4.0126
4.1877
4.3267
4.0199
4.2926
4.3232
4.1177
4.2490
4.0306
4.1703
3.8987
3.7194
3.8717
4.0375
4.3791
4.2034
3.9336
4.0949
4.1523
4.0554
4.2911
4.2175
4.7609
4.5390
4.4044
4.6452
4.6458
4.7754
4.9968
4.1651
4.0383
3.8533
3.7192
3.5430
3.5975
3.7379
3.5505
3.6880
3.7139
4.0387
4.1564
4.3873
4.1354
4.5092
4.1460
4.2525
4.4451
4.1727
4.0196
4.2114
4.1454
4.0502
4.0780
4.4259
4.0012
4.2587
4.3854
4.3070
4.2329
4.4460
4.5459
4.5795
4.3850
4.3225
4.4079
4.0641
4.0924
4.1416
4.0412
4.1763
4.0012
3.9209
4.0609
3.9728
3.9359
4.0201
4.0446
4.0749
4.2806
4.4826
4.6797
4.7344
4.4783
4.3235
4.5996
4.4078
4.0628
4.0232
3.9394
4.0906
4.1108
4.4071
4.4519
4.3345
4.7014
4.0680
4.0933
3.9969
4.0312
4.1774
4.2813
4.5812
4.2860
3.8026
3.9164
4.0566
3.9771
3.7106
3.9091
3.9436
3.9219
4.1001
3.7998
3.8181
3.8458
4.0044
3.8583
3.5420
3.8816
3.7554
3.4939
3.5946
3.6270
3.5452
3.7819
3.4858
3.5209
3.3813
3.6538
3.5412
3.6616
3.7094
3.6191
4.0181
3.8238
3.9503
3.5781
3.8003
3.7141
3.4212
3.5760
3.6601
3.5481
3.8852
3.9525
4.0282
3.6535
3.6629
3.7200
4.1150
4.1488
3.9136
3.9613
4.1268
4.1265
4.0004
4.1191
3.9111
4.0590
3.7813
3.9603
4.0134
3.8270
3.9588
3.8909
3.8914
4.0957
3.9348
4.0217
4.0495
4.1264
3.9578
4.2685
4.3106
3.7942
3.8145
3.9307
4.0379
3.9957
4.0096
4.0911
3.9376
4.2042
4.1323
4.1335
3.8599
3.8640
4.1172
4.1411
4.2948
4.1690
4.0150
4.1864
4.3689
4.3826
4.3098
4.3343
4.3422
4.6642
4.5178
4.1172
3.8950
4.2271
4.0287
3.8608
4.0297
4.2468
4.0578
3.8841
4.0143
4.1202
4.1822
4.2617
4.1188
4.0322
3.8183
3.8099
4.0022
3.9775
3.8513
3.7747
3.9817
4.1430
4.1413
4.1714
4.1134
3.9570
3.8696
3.9487
3.5758
3.2716
3.6702
3.5806
3.3717
3.4099
3.4784
3.3811
3.3518
3.4761
3.4762
3.7265
3.6921
3.7768
4.0630
4.1876
4.2323
4.1377
4.1156
4.2563
4.0011
4.0113
3.8740
3.7165
3.8073
3.8184
3.7224
3.7271
3.9586
3.8176
4.0672
3.8092
3.9395
3.9687
4.0694
4.1276
3.9869
4.2926
4.0068
4.0334
3.8171
3.9795
4.3587
4.2146
3.8314
3.7836
3.7968
3.8021
3.8544
3.5722
4.0578
3.8406
3.8221
3.9463
4.0159
3.6753
3.6799
3.5597
3.6730
3.5459
3.6375
3.8089
3.7833
3.8959
4.2550
3.9286
3.8799
3.6045
3.8605
3.9852
4.0166
4.1686
4.2233
4.3097
4.2821
4.1853
3.9965
3.9923
3.9634
3.9724
3.8673
3.7270
3.7602
3.6387
3.5570
3.4660
3.9825
3.8487
3.6523
4.0553
3.5720
4.0631
3.8969
3.9279
3.9224
3.8474
3.8022
3.9548
4.0481
3.8842
4.3551
3.8827
4.0414
3.9788
4.0798
3.7762
4.0246
3.8641
4.0822
3.8726
4.0092
3.9117
3.6626
3.9169
3.7550
3.5576
3.8035
4.0016
4.0878
3.9273
3.8903
3.9042
3.7827
3.9136
4.1888
3.8560
3.8518
3.7906
4.0703
4.1544
4.0983
4.3022
4.5191
4.4134
4.5240
4.3283
4.4275
4.5862
4.7726
4.5374
4.6933
4.3280
4.6846
4.7383
4.2969
4.5774
4.3889
4.1531
4.3429
4.3887
4.7448
4.5423
4.3864
4.3188
4.5529
4.4959
5.0178
4.8699
4.6499
4.6523
4.6583
4.5293
4.5021
3.8884
4.0941
4.2707
4.1009
3.9298
4.3114
4.3552
4.4122
4.4440
4.2176
4.2864
4.1969
4.2913
4.4788
4.2569
4.1874
4.3968
4.7770
4.7035
4.6851
4.1312
4.1323
4.3648
4.2387
4.4138
4.7012
5.0141
4.9003
4.5822
4.2981
4.3364
4.6179
4.3091
4.4425
4.1878
4.1672
3.9094
3.9354
4.0108
4.0653
4.2614
4.3991
4.3612
4.2857
4.1657
4.1946
4.6006
4.4980
4.3742
4.4208
4.2087
4.3544
4.2709
4.2556
4.1737
4.0859
4.2563
4.2832
4.2866
4.3125
3.9951
4.2846
4.0816
4.3259
4.3762
4.3021
4.2686
4.0447
4.3988
4.1872
4.2424
4.2054
4.2269
4.2846
4.4795
4.4350
4.2906
4.3028
4.3692
4.3316
4.1721
4.2744
4.0388
3.9107
4.1000
4.2517
4.5194
4.4156
4.6711
4.7194
4.7111
4.1124
4.2417
4.2241
4.2239
4.2984
4.9644
4.4664
4.3367
4.3175
4.2951
4.1403
4.1448
4.2717
4.3190
4.1296
4.3997
4.0925
4.2263
4.0817
3.9532
4.1205
4.1771
4.1809
4.3770
4.0484
4.2765
4.4271
4.1727
4.3014
4.0329
4.1722
4.2450
4.3916
4.4220
4.0165
4.1918
4.2879
4.1683
3.8811
3.9972
4.0798
4.0775
3.8423
3.9292
3.6144
3.5168
3.8817
3.7891
3.9451
4.0537
3.9776
4.0686
3.7734
4.0457
4.0711
4.3089
4.1451
4.3651
4.4755
4.3060
4.0373
4.1256
3.9013
3.8598
4.1347
4.1163
4.1046
3.9412
4.1458
4.1746
4.2408
4.2950
4.1889
4.3117
4.2305
4.1347
3.9542
3.9922
3.8321
3.9562
3.9606
3.9302
4.0920
4.0259
3.9268
4.0330
4.2206
4.0600
4.0228
4.0646
4.0133
4.1366
3.9073
3.7784
4.0983
4.1797
4.1813
4.1890
4.1333
4.1582
3.9391
4.1997
3.9090
3.9638
4.1964
4.2326
4.0814
4.0597
3.9626
4.1671
4.0047
4.1058
3.9045
3.9164
4.1761
3.9030
3.8010
3.8513
3.8912
4.0213
4.1513
3.9462
3.9184
3.6110
3.6157
3.7465
3.5399
3.9199
3.9332
4.0940
3.9781
4.0061
4.3496
4.0616
4.1222
3.6531
3.7825
3.9591
4.0840
3.9739
3.5057
3.8262
3.9272
3.7827
3.7571
3.7296
3.9399
4.1147
4.0847
4.0015
4.0923
3.8940
3.7167
3.9175
3.8267
4.0210
4.4718
4.2570
4.2087
4.5627
4.5252
4.4025
4.6401
4.3669
4.3051
4.3090
4.3107
4.1785
3.8767
4.0524
3.9991
4.1754
4.2082
4.2044
4.0229
4.0909
3.9186
4.0603
4.0115
4.0194
4.1196
4.2351
4.1544
3.9650
4.2620
4.2426
3.9379
4.1624
4.3429
3.9398
4.0836
4.3602
4.3285
4.3966
4.1765
3.5758
3.7138
3.6754
3.8058
3.6025
3.9451
4.0048
3.9283
4.2191
4.1917
4.1553
4.1231
3.9576
4.2804
4.2454
4.4224
4.1488
4.1892
4.3236
4.1220
4.0675
4.0318
4.1787
4.3407
4.1503
3.9647
4.0289
4.2321
4.0647
4.3072
4.2679
4.2579
4.0554
4.3793
4.1666
4.1849
4.1483
4.2005
4.0640
3.9407
3.9755
4.0106
3.8045
3.8902
3.8168
3.4943
3.7196
4.0720
3.8048
3.7388
3.7986
4.2379
4.1714
4.2244
4.3389
4.0642
4.0497
4.0513
4.0096
3.8614
4.4143
4.2278
4.2015
4.3853
4.3347
4.2045
4.0104
4.0526
4.0795
3.8556
3.8439
4.2381
4.5877
4.2355
4.1953
4.1089
4.3344
4.1318
4.1470
4.0318
4.1709
4.0972
4.0951
4.2569
4.4532
4.2027
4.1453
4.1149
3.8702
4.0708
3.9632
3.9161
3.9371
4.1846
4.3190
4.2909
4.2047
4.2274
4.2690
4.2953
4.3534
4.4381
4.1488
4.2748
4.4363
4.1501
4.0838
3.9110
3.9823
3.8836
3.8619
4.0469
4.0274
3.8295
3.8583
4.4869
4.6235
4.5974
4.6662
4.4185
4.2403
4.5376
4.4443
4.5070
4.5976
4.3946
4.1889
4.2232
4.2248
4.2915
4.2241
4.0472
4.0036
4.0986
4.3191
4.4790
3.7976
4.0846
3.9190
4.0214
4.0491
4.2573
4.1974
4.1293
4.2335
4.3525
4.3748
4.1464
4.1103
3.9257
4.2965
4.1722
4.0917
4.1022
4.0417
4.1167
4.2346
4.1405
4.0835
4.1055
4.1954
4.2661
4.0750
3.8954
3.9552
4.1867
4.1853
4.4221
4.3395
4.4906
4.3925
4.4785
4.3411
4.1370
4.2743
4.2813
4.1431
4.5139
4.0701
4.4191
3.9486
4.2273
4.3983
3.9780
3.9917
3.9762
4.1397
4.1248
4.2624
4.1138
4.1353
4.3978
4.0872
3.9065
3.9413
4.1662
3.8360
3.8471
3.8576
3.8989
4.0061
3.9692
3.8728
3.9586
3.6213
3.8957
4.0422
3.8315
3.9650
3.9515
4.0048
3.9300
4.3850
4.1309
4.0190
3.8821
3.7156
4.1524
4.0266
4.0772
3.8823
3.9422
4.1011
4.0697
3.6216
3.6462
4.0097
3.7339
3.4318
3.9462
4.2001
3.9292
3.8522
3.9943
4.0773
4.1081
3.9513
4.1211
4.3394
4.4400
4.0840
4.3589
4.2453
4.0231
4.2085
4.1413
4.1390
4.0103
4.0245
3.6799
3.9848
4.0227
3.8215
3.8202
3.7830
4.1635
3.9233
4.0798
4.2101
4.1103
4.0479
3.7435
4.2589
4.1956
3.6664
3.6874
3.9678
4.0867
3.9444
4.3501
4.0769
4.2946
4.1473
3.9597
4.1865
4.1370
4.0537
3.8812
3.9446
3.6626
4.0495
4.0332
4.1011
3.9412
3.9277
4.0668
3.6801
4.0377
3.8869
3.7308
4.0074
3.7947
3.8351
3.7955
3.9813
4.1668
4.1715
3.9627
3.8123
3.9184
4.0151
3.7265
4.1104
4.5311
4.5312
4.3459
3.7892
4.2821
4.3567
4.2832
4.2386
4.2696
4.2219
4.2639
4.2038
4.1764
4.0956
4.3248
4.1139
4.1362
4.1955
4.2553
4.2085
4.4214
4.1052
4.1771
4.3580
4.6432
4.6598
4.0795
3.8628
3.7007
3.9565
3.9489
3.8030
3.7032
3.6129
3.8871
3.9945
3.7523
3.8389
3.6431
3.8234
3.9013
3.6938
3.6442
3.9223
3.7120
3.8658
3.7854
3.9919
3.5737
4.0369
3.8226
3.7111
3.8220
3.5972
4.1422
4.0871
3.8057
3.7998
3.8490
4.0316
4.0695
3.9336
3.9685
3.8284
3.7570
4.0461
4.1435
3.9932
4.5095
4.1279
4.0414
3.8993
4.0278
4.0211
4.1716
4.1933
3.8996
3.9449
3.8799
3.9934
4.0456
3.9234
4.2893
4.0142
4.2116
3.8874
4.0217
3.9977
4.0069
3.8750
3.9727
3.8695
4.1392
3.6964
3.5635
3.6993
3.9372
3.8914
3.8048
3.7447
3.7976
3.9631
3.9566
3.7208
4.0864
4.0674
3.9940
3.9209
3.8610
3.8416
4.0288
3.8623
3.9735
3.9312
4.0463
4.1765
4.2987
4.6674
4.5346
4.5066
3.9762
4.1323
4.1261
4.1661
4.1631
4.0232
3.8720
3.9772
4.0092
3.8077
4.2529
4.1236
3.9777
4.1754
3.9402
4.0090
4.0580
3.9866
3.9938
4.3054
4.3055
4.2598
4.1957
4.4229
4.3204
4.1340
3.7985
4.1179
4.4148
4.4025
4.2164
4.2177
4.1082
4.0302
4.2325
4.2802
4.0781
4.1186
4.0594
4.2817
4.4736
4.2336
4.0352
3.8643
4.1892
3.9908
4.1967
4.0378
3.8010
3.8613
3.9126
3.9491
4.1456
4.1784
3.6412
4.0763
4.3309
4.1432
4.6084
4.1884
4.1340
4.5132
4.3860
4.3632
4.7186
4.3919
4.0969
3.8570
4.1314
3.8929
4.1606
4.2627
4.3959
4.2821
4.0675
4.0036
4.1182
3.9795
3.8093
4.0408
3.8606
3.7309
3.8511
4.1462
4.0713
4.0585
4.0671
4.3658
4.4100
4.3952
4.4467
4.4062
4.5519
4.7196
4.4538
4.3855
4.1652
4.4210
4.7904
4.1785
4.1630
4.2308
3.8700
4.0245
4.1299
3.9622
4.4425
4.6116
4.5021
4.3300
4.1789
4.1256
4.2104
4.0704
4.0352
4.1635
4.4717
4.4093
4.0158
4.1237
4.3329
4.0969
4.0876
4.0085
4.2161
4.1253
4.0723
4.0206
4.0465
4.3467
4.2169
4.3310
4.0165
4.1835
4.1519
4.6834
4.7565
4.3545
4.0969
4.2414
4.6089
4.5802
4.2440
4.1618
4.3627
4.0844
4.1708
3.8941
4.1467
4.2012
4.1256
4.5765
5.0202
4.4502
4.8355
4.7489
4.2288
4.4818
4.4737
4.0065
4.2621
4.0813
4.4342
3.9939
3.9225
3.7580
3.8178
3.7967
3.7829
3.8521
3.8985
3.8173
4.1699
4.0280
4.3224
3.9152
4.2887
3.8057
4.0302
4.0222
4.0005
4.1275
4.0762
4.0465
4.0011
3.8951
4.2950
4.2377
4.1326
3.9952
3.9907
4.0664
4.3023
4.3337
4.0328
4.1559
4.2511
4.6042
4.4279
4.2964
3.9804
4.5937
4.3401
4.2695
4.1712
4.3078
4.3228
4.3857
4.1788
4.1376
4.1123
4.2098
3.9819
4.0600
4.0983
4.1071
4.0920
3.8855
3.9603
4.1054
4.0295
3.9687
3.8969
3.9692
3.9261
4.0522
3.9131
4.3584
4.1836
4.0573
4.0920
4.2800
3.9465
3.9013
4.0741
4.3098
4.2947
4.4334
4.3057
3.8800
4.1810
4.2336
4.0640
4.2438
4.0561
4.3766
4.0143
4.1051
3.9742
4.0509
3.9388
4.1105
4.1611
4.1573
3.9936
3.8949
3.9933
4.0128
3.8375
4.2096
4.1131
4.0615
3.9870
3.8740
4.0241
4.1098
4.3018
4.2908
4.1906
4.4120
4.7831
4.6815
4.7652
4.7915
4.9417
5.2419
4.8626
4.6278
4.4298
4.5225
4.5699
4.3610
4.2539
4.3262
4.0722
4.2868
3.9272
4.2721
4.1619
4.3466
4.3208
4.3417
3.9201
4.0430
3.6293
3.7728
3.4448
3.6667
3.6358
3.9017
3.7928
4.0329
4.1135
4.3828
4.0013
4.3876
4.4249
4.1315
4.0798
4.3022
4.3668
4.1483
4.1265
3.9970
4.0334
4.1227
4.1989
4.2998
4.5251
4.4116
4.3895
4.0773
4.0973
4.1388
4.2194
4.1251
4.1430
4.0007
4.1426
4.1119
4.2109
3.8822
3.9213
4.1590
4.0644
4.1532
4.3018
4.1701
4.1368
4.2946
4.1543
4.1647
3.9611
4.1987
4.1915
4.5352
4.2828
4.0396
4.1606
4.1480
4.1239
4.1469
4.2700
4.2179
3.8769
4.1351
3.9519
3.9485
4.1079
3.7780
4.0262
3.8762
4.2528
4.0382
3.9270
4.0328
3.7539
4.1528
4.1427
4.0246
4.0211
4.2845
4.1304
3.9900
3.8885
4.0691
4.0036
3.7827
4.0584
3.8964
3.9539
4.1939
4.4672
4.2336
4.1242
4.0458
3.8707
3.9728
4.1991
4.2880
4.3457
4.1492
4.2384
3.9594
3.8256
3.9434
3.8488
3.8534
4.0884
4.0145
4.1984
4.1440
4.1645
4.2447
4.0427
4.3480
4.2684
4.2416
4.2192
4.1576
4.3787
3.9593
4.0128
3.9581
4.0742
3.8630
4.1546
4.1970
4.2363
4.0886
3.9854
4.1997
4.1910
4.3158
4.0526
4.2826
4.2820
4.0054
4.0540
4.1338
4.2838
4.2935
4.4084
4.2667
4.2945
4.4668
4.6095
4.3324
4.1848
4.2408
4.3282
4.5458
4.3050
4.3891
4.2545
4.0915
4.1530
4.1357
4.0935
3.9339
4.2412
3.9727
3.9879
4.3150
4.2417
4.4476
4.5516
4.4654
4.3013
4.9492
4.7555
4.9377
4.8960
4.7524
4.4193
4.6761
4.1751
4.0530
4.2119
4.3457
4.0791
4.1391
4.3505
4.2143
4.2232
4.2936
4.1431
4.1700
4.3559
4.0304
4.2497
4.0740
3.8742
3.8154
4.0273
3.9575
3.9463
3.9545
4.1008
4.1887
4.0704
4.0623
3.9405
4.0170
4.1195
3.9621
4.2159
4.2579
4.2169
3.9881
4.2111
4.3978
4.2329
4.2344
4.1372
4.0096
4.0456
4.1365
4.0319
3.9291
4.1763
4.0510
4.0135
3.9013
3.9455
4.0778
4.0477
4.1893
4.2512
4.0350
4.2072
3.8492
4.0568
3.9678
4.4362
4.2390
4.2299
4.1578
4.5086
4.1288
3.8844
3.8111
4.1932
3.9981
3.8958
4.0654
4.0132
3.9774
4.2197
4.0359
3.9461
3.7845
3.8498
3.9019
3.9437
3.5454
3.7879
3.6129
3.6704
3.6466
3.8470
3.8795
3.9385
4.0011
3.9484
4.0720
4.1538
4.0583
4.0762
3.9287
3.9790
3.8691
3.8780
3.7030
3.9350
4.0030
4.0763
3.8527
3.9708
3.8281
4.0560
3.8508
4.0242
4.1302
3.9057
4.1142
4.3728
4.5006
4.0394
4.1873
4.3435
4.3863
4.1244
4.1919
3.9697
4.0410
4.1193
3.9358
4.0182
4.0351
4.2386
4.0493
4.1851
4.0094
4.1530
3.7119
3.9286
3.8855
4.0411
3.9897
4.1564
3.8616
3.7969
4.0689
4.2308
3.9040
4.0175
4.0958
4.0090
3.9494
4.0913
4.1929
4.0512
4.1678
4.0848
3.8658
3.6498
3.6999
3.6573
3.9301
4.0041
3.7729
4.0669
3.6889
3.8377
3.7219
3.5911
3.6514
3.5000
3.9536
4.1156
3.7930
3.6443
3.7696
3.8458
4.0189
4.0377
4.0116
3.7122
3.8896
3.6848
3.4838
3.9780
4.0904
3.7876
3.6487
3.7382
3.8789
3.7781
3.9987
3.8770
3.6489
3.5263
3.7326
3.6707
3.6330
3.7432
3.7157
3.8053
3.5375
3.7867
4.0366
3.9337
3.6043
3.8944
3.8545
3.8370
3.7279
3.6616
3.6809
4.1496
4.0670
3.7958
3.8723
3.8098
4.2215
4.0937
4.1909
4.2998
4.3734
4.1347
4.2322
3.9922
4.6772
4.8703
4.5807
4.3856
4.3925
4.3186
4.2194
4.3334
3.9192
4.3298
4.2614
4.1824
4.1294
4.1770
3.8882
3.8443
3.7889
3.9653
3.9962
3.8590
3.7264
3.3667
3.6261
3.8207
3.8894
3.6007
4.0601
3.9247
3.9203
3.7740
4.4317
4.6249
4.3916
4.3528
3.8284
4.2526
4.1128
4.3190
3.9126
3.6784
3.6657
3.7778
3.7776
3.8999
4.2810
4.1980
3.9802
3.9645
3.9310
3.7758
3.6528
3.7091
3.8871
3.7113
4.0896
3.7900
4.0909
3.7882
3.8676
4.1499
3.8940
3.7602
4.1276
4.2500
3.8874
4.0339
4.0417
4.3238
4.3461
4.3199
4.5116
4.3015
4.0901
3.8982
4.1394
4.1229
3.9943
3.7336
3.9194
4.0651
3.7160
3.7614
3.8783
3.9671
3.8957
3.8953
4.0156
4.2244
4.2479
4.1551
4.3346
3.6908
3.9644
4.2841
3.8387
3.8346
4.1558
4.2075
4.2660
4.1156
4.4832
4.0634
3.8132
3.9387
4.0146
4.2815
3.9972
4.0082
3.8388
3.9726
3.8170
3.8367
4.0054
4.0468
3.8565
3.5894
4.2163
4.1948
3.9337
4.0230
4.0366
4.1713
4.1507
4.0660
3.8592
4.0336
3.8915
3.8670
3.9045
3.9556
4.0354
3.9611
4.0333
3.8431
4.0733
3.9880
3.9390
4.2078
3.9628
3.9485
3.9028
3.7796
3.7246
3.8029
3.9155
3.7094
3.6832
3.6880
3.8325
4.0455
4.0598
4.0689
4.1084
3.9131
3.8730
4.0984
4.1699
4.1846
4.2980
4.1007
4.1187
4.0956
4.0488
3.9363
4.1679
4.1708
4.1988
4.0940
3.9582
3.9875
4.0843
4.3510
3.9570
4.0341
4.0848
3.7749
3.7481
3.9268
3.9732
3.9707
3.7981
3.9634
4.0525
3.8384
3.9585
3.9971
4.2051
4.1674
3.9148
3.9881
3.9969
3.8905
3.7203
3.8948
3.9930
4.0141
3.8438
3.7693
3.9501
4.0956
3.8375
3.8704
4.1778
4.0287
4.4063
4.0546
4.1433
4.1519
4.0807
3.7268
3.8893
3.6676
3.7920
3.8774
3.9423
4.2911
4.0653
3.8859
4.2523
4.3388
4.3695
3.8753
4.0190
4.1479
3.9133
4.1230
4.1607
4.1464
3.9647
4.1220
3.9549
3.9694
4.4128
3.8745
3.9903
3.9009
4.1201
4.2033
4.2803
4.2949
4.0887
4.2240
3.8373
3.8607
3.8538
4.3876
4.4497
4.5158
4.4350
3.8990
4.1604
4.5368
4.4240
4.3494
4.1390
4.0427
4.2749
4.2593
3.9933
4.1061
4.0675
4.1670
4.0125
4.1302
4.0197
4.0352
4.1707
4.0389
4.2997
4.1991
4.0508
3.8258
4.0914
4.1021
4.2133
3.9406
4.2117
4.2188
4.1167
4.4009
4.4493
4.2901
4.1468
4.2359
4.1597
3.8980
4.0450
4.3548
4.2328
4.2931
4.2086
4.3471
4.1186
4.1217
4.2141
4.2435
4.1084
4.3447
4.2048
4.3654
4.4143
4.3210
4.5155
4.2334
4.0966
4.1593
4.2356
4.0852
4.3249
4.3400
4.4369
4.0949
4.0433
3.8602
3.9696
4.0510
4.2666
4.1416
4.3107
4.3097
4.0743
4.0008
4.1125
4.3639
3.9101
3.8300
4.1545
3.8931
4.0461
4.2192
3.9915
4.1597
4.1533
3.9076
4.0824
4.2612
4.1942
4.3377
4.2337
4.5030
4.4288
4.7010
4.5104
4.3113
4.2250
3.9501
4.1071
4.1828
4.0922
3.7499
3.8549
4.0655
4.0107
4.1704
4.0074
4.3823
3.9483
4.1796
4.0105
4.0001
3.9968
4.1979
3.9276
4.1030
4.0537
4.1705
4.3155
4.3766
4.0363
4.3009
4.0508
4.0542
3.9419
3.9566
4.1376
4.2349
4.1119
3.9676
3.8102
3.8375
3.8808
4.0190
4.4340
4.2338
3.9460
3.8163
3.9502
4.1230
4.3065
4.1827
4.2152
4.0409
3.9636
3.9269
4.1357
3.9134
3.9117
4.1307
4.0606
4.2539
4.1979
3.8673
4.0710
4.0395
3.8578
3.9125
4.1437
4.1229
4.1714
3.9040
4.1754
3.9970
3.8581
3.8357
3.9092
4.0303
3.9711
4.0720
4.1007
4.0600
4.0327
4.0338
4.0859
4.1970
4.1784
4.2970
4.4526
4.3894
4.2011
4.2803
4.1176
4.1205
4.0654
3.8130
4.1476
4.1204
3.7054
4.2232
4.0747
4.3161
4.3414
4.6007
4.7523
4.7906
4.8448
4.8218
4.5543
4.4229
4.2298
4.4080
4.7918
4.6992
4.6667
4.5028
4.5993
4.8489
4.6444
4.4379
4.6394
4.6184
4.4895
4.6732
4.4051
4.4759
4.3374
4.4210
4.2521
4.2615
4.3881
4.5623
4.3271
4.4419
4.4327
4.8518
4.5126
4.5585
4.5464
4.3780
4.5234
4.6283
4.4422
4.4591
4.4287
4.1632
4.0803
4.0409
4.2433
4.2433
4.2556
3.9903
4.0492
4.0641
3.8531
3.9874
4.0198
4.1220
4.0370
3.8945
4.1335
4.2653
4.2454
4.2229
4.1920
3.9164
3.9015
3.8662
4.0410
3.9467
4.1051
4.0655
4.2131
4.0602
4.0996
4.0504
3.9958
4.0761
4.2668
4.3430
4.2624
4.3516
4.1874
4.1745
4.0392
4.0548
4.0103
3.9798
4.3000
4.0157
4.0042
3.8957
3.8094
4.0386
4.0436
4.3387
4.0482
4.1603
4.0928
4.1621
4.0479
4.0552
3.9580
3.9102
4.2217
4.4466
4.2434
4.1791
4.2931
4.1842
4.5582
4.5591
4.5579
4.3461
4.5131
4.3206
4.1515
4.0184
3.9835
4.3240
4.1449
3.9611
4.1902
3.8068
3.8329
3.7331
3.8996
3.7467
3.7942
3.7315
3.7563
3.8086
3.6956
3.9350
3.9072
3.9322
3.6828
3.6346
3.8592
3.9747
3.8949
3.6983
3.9954
4.1011
3.6911
3.8685
3.8056
3.8762
3.5916
3.6906
3.8361
3.7968
3.8527
3.8808
3.7487
3.9852
4.2013
3.9219
3.8098
3.9818
3.9069
3.9518
4.0380
4.2278
4.2897
4.2903
3.9151
3.9464
4.2780
4.3185
4.1242
4.2142
4.1947
4.0170
4.0933
4.0144
4.0069
3.9424
4.0708
3.9756
4.1313
4.3148
4.2600
4.4173
4.2115
4.2402
4.1337
3.9022
4.0190
4.1644
4.0406
4.1435
3.8522
3.8956
4.0443
3.7824
3.7725
3.9040
4.0195
3.9059
4.0497
4.0799
4.0367
4.0040
3.9474
3.9133
4.0576
4.2010
4.2047
3.9485
4.2304
4.1427
4.0990
4.0246
4.0066
4.2587
4.2015
4.1672
4.1348
3.8371
3.9209
4.0831
3.9631
3.9599
3.9089
3.9217
4.1729
4.1547
4.1576
3.8636
4.2293
3.8920
4.0057
4.1436
4.0031
4.1853
4.2378
4.0568
4.1126
4.0552
3.7842
4.0752
3.8625
4.0573
4.0350
4.2327
4.0375
4.0369
4.0733
4.2225
4.0704
4.0687
4.1083
3.9418
4.0617
4.0467
4.3108
4.1983
4.0532
4.2500
4.1088
4.1341
4.1503
4.1666
3.9852
4.1176
4.2375
4.3888
4.1429
4.0677
3.8752
4.0080
4.0769
3.9310
3.8659
4.0297
4.0262
3.9700
3.9020
4.0865
3.8264
3.9689
3.9492
4.1264
4.1229
4.0789
4.1026
3.9362
4.0689
4.0837
4.1969
4.0194
4.1017
3.8994
3.9202
3.8046
3.8353
4.1605
3.9413
4.1157
4.3528
4.2432
3.9784
3.9780
4.2092
4.0793
3.8912
4.1228
4.2936
4.2679
4.1968
3.9978
4.1421
4.0823
4.0770
4.0751
3.9276
4.0499
3.8375
3.8222
3.6846
3.9033
3.9256
4.1789
3.9436
4.3045
4.1209
4.3106
4.2018
4.3140
4.2532
4.1873
4.0617
3.8577
4.0756
4.3340
4.2311
4.2266
4.2452
4.0476
4.3580
4.3693
4.2482
3.8443
3.9170
3.7289
3.7156
3.9420
3.8742
4.1657
3.7648
3.8936
3.8706
3.8979
4.1233
4.1450
3.8814
3.9237
4.1360
4.0417
4.0853
4.4122
4.3667
4.0287
3.9211
4.2034
3.8634
4.0364
3.9961
3.9119
4.0162
3.7809
4.1158
4.1736
4.1262
3.9545
4.2029
4.1322
4.2990
4.0469
3.9626
3.8167
3.9777
4.2517
3.8175
3.9884
4.1991
4.0571
3.8296
4.0398
3.9581
3.8800
3.7959
3.6233
3.6684
3.9498
3.9237
3.7983
4.0328
3.8210
3.8135
3.9445
3.9589
