2.8492
2.7498
2.6617
2.6919
2.6998
2.8125
2.6615
2.7586
2.7809
2.4851
2.5435
2.4554
2.8111
2.6817
2.6896
2.7435
2.7086
2.5001
2.6604
2.5542
2.5189
2.5495
2.5772
2.7487
2.7064
2.5191
2.5518
2.4425
2.6583
2.9462
2.8532
2.7429
2.7575
2.9130
3.0431
2.6711
2.7219
2.8447
2.8742
2.8698
2.7915
2.8640
2.6849
2.6587
2.8139
2.8457
2.7312
2.9371
3.0324
2.8409
3.0121
3.0747
2.8700
2.8918
2.8471
2.7436
2.7490
2.7914
2.7415
2.7584
2.5779
2.9624
2.9089
2.6459
2.5809
2.6500
2.6469
2.5987
2.7620
2.7070
2.7944
2.9429
2.7526
2.6006
2.7780
2.7031
2.8297
2.8333
2.8752
2.9400
2.8337
2.7900
2.8141
2.7761
2.8806
2.6350
2.6336
2.5554
2.6842
2.7157
2.5817
2.6684
2.6706
2.6681
2.8387
2.5905
2.6142
2.6189
2.6967
2.6360
2.5402
2.5585
2.6269
2.7774
2.6804
2.5515
2.3979
2.6206
2.4620
2.4249
2.5494
2.5114
2.6673
2.5374
2.7109
2.6663
2.6969
2.7264
2.6532
2.6737
2.6950
2.6556
2.6493
2.6393
2.6955
2.5976
2.5448
2.5316
2.7206
2.9100
2.7532
2.5607
2.7417
2.8306
2.5420
2.5349
2.5725
2.5525
2.5889
2.7665
2.5366
2.4775
2.4561
2.4000
2.6565
2.6658
2.4770
2.6066
2.6788
2.6797
2.7270
2.8148
2.8981
2.7558
2.7911
2.7660
2.6277
2.8535
2.7834
2.7293
2.7243
2.7397
2.7929
2.6686
2.7005
2.7176
2.7650
3.0447
2.7234
2.9173
2.6636
2.7723
2.8722
2.7336
2.7226
2.7886
2.8409
2.7943
3.0429
2.9281
2.7129
2.7881
2.8484
2.8587
2.7864
2.8051
2.8731
2.6584
2.9201
2.9043
2.8703
2.8753
2.8739
2.7683
2.7710
2.8671
2.6038
2.7696
2.7483
2.8560
2.6756
2.5803
2.4975
2.5855
2.8304
2.4706
2.5524
2.5709
2.7682
2.8666
2.9526
2.8817
3.0395
2.9391
2.9291
2.9272
2.6315
2.7691
2.7139
2.6672
2.7361
2.6978
2.6218
2.5275
2.9055
2.8153
2.8092
2.8204
2.8148
2.6897
2.9921
2.7785
2.6923
2.5479
2.6440
2.4901
2.5975
2.4633
2.6324
2.5927
2.6634
2.4572
2.6149
2.5901
2.6335
2.6110
2.5836
2.7079
2.8399
2.6585
2.5835
2.5765
2.7473
2.5979
2.6559
2.7763
2.6817
2.6265
2.4694
2.6585
2.5328
2.7974
2.5002
2.6120
2.5369
2.5745
2.4546
2.7606
2.6843
2.3927
2.7526
2.5931
2.6841
2.5016
2.5411
2.7018
2.8298
2.7751
2.7674
2.7230
2.5989
2.7941
2.9483
2.7816
2.9332
2.8150
2.6764
2.6176
2.5697
2.6722
2.6826
2.7268
2.9044
2.9071
3.0292
2.9523
2.7782
2.8509
2.9433
3.0439
2.7203
2.6674
2.6344
2.8057
3.0474
2.9357
2.8388
2.7764
2.8935
3.0572
3.1651
3.0824
3.0591
2.9737
2.9545
2.9561
3.1250
3.0080
2.9829
3.0823
3.0503
2.9932
2.9081
3.0373
3.0871
2.8910
2.8903
2.7368
2.8017
2.7784
2.7848
2.9940
2.9140
3.0104
2.8357
2.9743
2.8920
2.8394
2.8651
2.8213
2.8910
2.9163
2.7626
2.8425
2.8069
2.7204
2.8689
2.7169
2.9097
2.8553
3.0781
3.0194
2.9965
2.9560
2.8239
3.0166
2.8064
2.6660
2.8101
3.0058
2.7870
2.7226
2.6942
2.7714
2.8978
2.7600
2.6456
2.6183
2.6612
2.6554
2.6707
2.7359
2.9320
2.8134
2.5240
2.3647
2.5749
2.3403
2.4468
2.5911
2.6532
2.4244
2.3380
2.4229
2.4287
2.6957
2.8420
2.6532
2.5254
2.6209
2.8173
2.5434
2.6861
2.5309
2.4842
2.4621
2.3565
2.5162
2.4930
2.2720
2.4593
2.1610
2.2381
2.3077
2.4129
2.5900
2.4647
2.3645
2.4139
2.3523
2.4296
2.3425
2.5320
2.4436
2.5720
2.3132
2.4019
2.3196
2.5104
2.3709
2.4897
2.6639
2.6279
2.6488
2.5892
2.7210
2.5546
2.4614
2.3615
2.4748
2.3217
2.3726
2.5010
2.6006
2.4425
2.4349
2.4505
2.3885
2.5558
2.3823
2.4264
2.3362
2.3752
2.4247
2.3899
2.5286
2.5118
2.6499
2.5328
2.5022
2.4987
2.3905
2.1292
2.2558
2.3282
2.2856
2.4876
2.4536
2.4704
2.4083
2.1769
2.2957
2.3042
2.2504
2.4153
2.2912
2.5161
2.4070
2.5264
2.5338
2.5595
2.4103
2.1750
2.2747
2.4809
2.3710
2.3929
2.4205
2.5129
2.5776
2.2708
2.3298
2.2514
2.3974
2.2834
2.5226
2.3184
2.4393
2.2640
2.2874
2.3720
2.2843
2.3738
2.2182
2.3511
2.3193
2.3731
2.4021
2.4754
2.3009
2.3233
2.6426
2.4130
2.3081
2.4293
2.5566
2.3829
2.4699
2.3888
2.5219
2.4050
2.3194
2.4359
2.4972
2.5271
2.5120
2.4835
2.5380
2.4498
2.6116
2.5344
2.4136
2.4694
2.4156
2.4230
2.3741
2.3290
2.3869
2.3700
2.4478
2.4879
2.3262
2.6714
2.5839
2.5982
2.5427
2.5145
2.7012
2.7825
2.6503
2.3838
2.5388
2.6439
2.3471
2.3400
2.3969
2.3144
2.3610
2.6809
2.4488
2.5082
2.5272
2.3273
2.5027
2.5112
2.5894
2.5679
2.4543
2.4291
2.4895
2.4733
2.4900
2.4208
2.4915
2.6235
2.4111
2.4984
2.4310
2.5043
2.4404
2.5335
2.6266
2.5752
2.5911
2.7787
2.5096
2.7151
2.5467
2.6706
2.6026
2.5390
2.5849
2.4653
2.5205
2.6463
2.4101
2.5916
2.5694
2.5406
2.6677
2.7240
2.4658
2.5876
2.7227
2.8027
2.5521
2.5293
2.5752
2.6179
2.5808
2.6587
2.6433
2.6668
2.5714
2.5694
2.6998
2.6620
2.7606
2.7204
2.7575
2.9104
2.8089
2.7729
2.9013
3.0700
3.0926
3.0594
2.6959
3.0172
2.9710
3.2187
3.1296
3.1260
2.9822
3.0580
3.2521
2.9494
3.2743
3.1363
2.9611
2.9798
3.1718
3.2842
3.0514
3.2085
3.1404
3.2459
3.1018
3.2316
3.0136
3.1002
3.1414
2.9958
3.1427
3.2002
3.5026
3.3098
3.1729
2.8707
3.0389
2.9144
3.0937
3.1704
3.1513
3.3254
3.1770
3.1322
2.9773
3.1079
3.0798
3.1822
3.4501
3.4485
3.2630
3.1762
2.9117
2.9061
3.0935
2.9720
2.8223
2.8113
2.8343
2.7744
2.8104
3.1709
3.2641
3.2624
3.0280
3.3753
3.5198
3.4888
3.5526
3.4226
3.2378
3.3641
3.2048
3.3324
2.8992
3.1819
3.3013
3.1882
3.2749
3.2788
3.1331
2.8781
3.0862
3.0862
3.2078
3.2318
3.1202
3.0915
2.9793
3.2174
2.9454
3.0651
3.0831
3.1782
2.9764
2.9285
2.8581
2.8608
2.7145
2.6926
2.6694
2.7476
2.6862
2.7141
2.7470
2.7768
2.9222
3.1975
2.9565
2.6843
2.8231
2.6359
2.8613
2.9512
2.9419
3.0666
3.1512
3.0027
3.0700
3.2862
3.1711
3.1242
2.8517
2.9115
3.2214
3.2120
3.1680
3.3244
3.3917
3.1420
3.5494
3.2490
3.4368
3.6057
3.5248
3.5976
3.5358
3.1491
3.2659
3.5181
3.2904
3.4180
3.3323
3.5555
3.4742
3.3927
3.4585
3.2735
3.1295
3.2574
3.5161
3.6486
3.3761
3.5642
3.5309
4.0109
3.7762
3.6721
3.6298
3.4807
3.4911
3.3185
3.2584
3.2326
3.3049
3.2987
3.2270
3.3431
3.5209
3.4694
3.5157
3.5444
3.4025
3.6868
3.5197
3.7159
3.3190
3.5200
3.3379
3.4210
3.4235
3.6029
3.4464
3.5083
3.2620
3.5022
3.7742
3.7572
3.7517
3.8810
3.5838
3.3881
3.5175
3.3461
3.2745
3.4079
3.3798
3.4688
3.4055
3.3258
3.2125
3.1064
3.1196
3.0958
3.3157
3.3512
3.2714
3.2007
3.3023
3.3251
3.3476
3.0888
3.4001
3.6048
3.5602
3.5939
3.9321
4.1841
4.1079
3.7663
3.7122
3.7474
3.7196
3.7514
3.5570
3.4419
3.4306
3.6500
3.5171
3.5414
3.5784
3.6757
3.9506
3.9169
3.9465
4.0086
3.7042
3.6463
3.4242
3.7072
3.7970
3.7935
3.9438
3.8463
3.6369
3.7171
3.7069
3.6457
3.8386
3.8704
3.5924
3.7781
3.8344
4.0196
4.1754
3.6857
3.7959
3.7596
3.8017
3.7444
3.9374
4.1043
4.0810
3.7254
3.7045
3.6211
3.6020
3.7259
3.9281
4.2001
3.8950
3.9459
4.0113
3.8732
3.3740
3.6828
3.7056
4.0504
3.9446
4.0075
4.1278
3.8124
3.9239
3.8300
3.6722
3.6549
3.7601
3.8115
4.0822
4.1282
4.1503
4.0424
4.0628
3.9413
4.2245
4.4043
4.5219
4.4737
4.2458
4.5461
4.5079
3.8633
3.7322
3.9839
3.9108
3.6000
3.6940
3.7191
3.4571
3.7064
3.5745
3.9721
3.6240
3.4421
3.7489
3.7485
3.5837
3.3760
3.5672
3.8614
4.0770
4.0529
3.8590
3.4748
3.8335
3.9406
3.5200
3.6581
3.6399
3.5998
4.0246
3.9482
3.5847
3.7622
3.6683
3.4876
3.8984
3.9107
3.5637
3.7047
3.8159
3.9883
3.9698
3.9555
4.1837
3.9455
4.0920
3.6173
3.9785
3.9864
4.0281
3.7136
3.6189
3.6909
3.8223
3.6602
3.7754
3.7905
3.9900
4.0640
4.4479
4.3474
4.2429
4.1906
4.0487
3.9500
3.8791
3.9180
3.8461
4.1456
3.8276
3.6831
3.8117
3.9610
3.9435
4.2555
3.6718
3.8459
4.0213
4.1577
4.3677
4.4037
4.4369
4.3348
4.4270
4.1913
4.3523
4.2175
4.2198
4.2491
4.2230
4.2440
4.2221
4.3231
4.2157
4.1409
4.4715
4.4586
4.3663
4.2620
4.2572
4.3390
4.1348
4.4753
4.4472
4.1829
4.0882
3.9463
4.0545
4.2034
3.6732
3.8518
3.7297
4.1775
4.0610
4.0542
4.2958
3.9677
4.3187
4.1298
4.6834
4.4213
4.1962
4.1379
4.3826
4.0493
4.3882
3.9539
4.1056
4.2303
4.4067
4.4241
4.4575
4.0700
4.2472
4.1500
4.1874
3.9397
3.7706
4.5161
4.0870
4.2210
4.3570
4.5021
4.1589
4.2097
4.3645
4.3992
4.9788
5.0769
4.7712
4.6054
4.6860
4.5907
4.2245
4.2772
3.9310
4.1705
4.2114
3.9591
3.9894
4.1963
3.9880
3.6163
3.9214
3.8372
3.8696
3.6873
3.7607
3.7709
4.3243
4.0933
3.9077
3.9338
3.8529
4.0458
4.2094
4.3113
4.1064
4.3076
4.3077
4.1954
4.0729
4.0702
4.0765
4.3163
4.8046
4.0901
3.9974
4.2044
3.8989
3.8737
3.6799
3.8125
3.8540
3.8570
4.1350
4.2159
4.3246
4.3386
4.3856
4.2943
4.5797
4.5045
4.5904
4.6961
4.6692
4.5081
4.2936
4.0871
3.8419
4.5489
4.2840
4.2801
4.3767
4.4725
4.1331
4.4039
4.0971
3.9016
3.8571
3.5736
3.8138
3.7404
3.4465
3.7130
3.8787
3.6869
3.8123
3.6423
3.7612
3.9542
3.9141
4.1357
4.0661
4.4803
4.2568
4.4148
4.4237
4.4695
4.7719
4.6634
4.7982
4.6423
4.4691
4.5417
4.5164
4.3365
4.4123
4.5417
4.6385
4.7537
4.7887
4.8642
4.6220
4.5425
4.4012
4.6210
4.6751
4.2688
4.3455
4.1942
4.2974
4.1906
4.3444
4.1253
3.7103
4.2319
4.1991
4.0752
3.9770
4.2794
4.1113
3.9622
3.9643
3.8856
3.9711
3.7189
3.8486
4.0178
3.9297
3.9950
3.9570
3.7186
3.9352
3.6665
3.6517
3.7511
3.8993
3.9671
3.8985
3.5257
3.6412
4.0112
4.1351
4.2423
4.0390
4.1958
4.2715
3.9177
4.0616
4.0608
4.1567
4.1744
4.1658
4.5542
4.3325
4.3785
4.2364
4.0990
4.0771
4.4301
4.0686
4.0747
4.4967
4.2780
4.3461
4.2241
4.3103
4.4677
4.4550
4.2655
4.4145
4.7774
4.8057
5.1461
4.7202
5.0150
4.9482
4.6328
4.2327
4.7477
4.4403
4.4274
4.3626
4.4979
4.2092
4.5437
4.6687
4.1671
4.0338
3.9419
3.9713
4.1584
3.9836
4.1316
4.0019
4.1904
3.9343
4.0113
3.7854
4.0395
4.2993
4.2613
4.2422
3.9910
3.8712
4.1784
4.4892
4.3702
3.8776
3.8839
3.8975
3.8356
3.8627
4.1269
4.3190
4.1132
3.9723
4.1832
4.0763
4.0963
4.3101
4.5338
4.2676
4.2893
4.4707
4.5403
4.2638
4.3877
4.2659
4.1787
4.2390
4.3076
4.0682
4.3471
4.3620
4.2055
3.9734
4.2490
4.2511
4.0867
3.8448
3.8323
4.1244
4.1500
4.2589
4.1779
4.2710
3.9543
4.5043
4.1733
4.0337
4.3551
4.5512
4.4767
4.0177
4.2642
4.3056
4.2948
4.4367
4.0993
4.1668
4.4015
4.1105
4.3988
4.1770
4.1900
4.3723
4.6049
4.4423
4.1754
4.2945
4.1682
4.1460
4.0474
4.1688
4.1232
4.1954
4.2009
4.4305
4.3800
4.3890
4.3149
4.3885
4.3619
4.1605
4.0174
4.0594
4.1659
4.3820
4.4932
4.5417
4.4517
4.1094
4.2918
4.2537
4.2054
4.4240
4.3232
4.2957
4.1602
4.3391
4.0369
4.2025
4.1220
4.0708
4.4106
4.2424
4.2245
4.3072
4.1396
4.4846
4.3631
3.9261
4.3633
4.1103
4.4143
4.7329
4.6506
4.5217
4.7213
4.5118
4.7616
4.6029
4.5447
4.1320
4.0978
4.3242
4.1678
3.9709
3.7805
3.6000
3.7736
3.8300
4.0025
4.2442
3.9595
4.1983
4.1823
4.2837
4.0673
4.2777
3.6272
4.0443
4.0489
3.8642
4.0051
4.1665
3.9290
4.1554
4.0763
4.0374
4.1578
4.5211
4.3058
4.4121
4.2803
4.6169
4.5501
4.2955
3.9732
4.3015
3.9914
4.1212
3.9018
4.2975
4.0463
3.9104
4.0333
4.1927
3.6021
4.1158
3.9960
3.7041
4.3162
4.1603
3.8772
4.2583
4.3487
4.2301
4.4155
4.3657
4.0196
4.2662
4.2927
4.4389
4.3613
4.4574
3.9282
4.6671
4.0903
4.1112
4.2926
4.3006
4.3635
4.0398
4.4158
4.3005
4.2000
4.4825
4.5958
4.7191
4.2533
4.4541
4.1861
4.3393
4.3740
4.7114
4.3866
4.5595
4.8736
4.4332
4.4894
4.5337
4.1250
4.5328
4.3872
4.7249
4.5348
4.7175
4.5385
4.8225
4.5327
4.6007
4.6573
4.5468
4.6241
4.8251
4.6429
4.7700
4.6093
4.5583
4.6797
4.6800
4.5277
4.6935
4.6237
4.3508
4.4562
4.1969
4.2285
3.8561
4.2798
4.2734
4.4010
4.2512
4.0167
3.9492
3.7896
4.1103
4.2721
4.1692
4.5697
4.6398
4.6634
4.3794
4.6339
4.7904
4.6763
4.7367
5.1539
5.2782
5.4877
5.1823
5.0359
4.7809
4.7918
4.6255
4.5640
4.7908
4.7117
4.9854
4.7583
4.5235
4.9770
4.6417
4.5163
4.5440
4.4352
3.9053
4.1471
4.2433
3.9541
3.8640
4.1521
4.2851
4.4366
4.8398
4.5440
4.4283
4.5269
4.2755
4.2471
4.3785
4.0730
4.3584
4.3105
4.2638
4.3242
4.0171
3.9046
4.0294
3.8537
3.8712
4.0179
3.8403
4.2105
4.1755
4.1401
4.1657
4.1052
4.0486
3.9002
4.2507
4.3278
4.0916
3.8197
4.2039
4.4319
4.4479
3.9792
4.5889
4.7666
4.8501
4.7437
4.4692
4.5784
4.6173
4.2274
4.4403
4.4129
4.3245
4.4618
4.1784
4.3750
4.6250
4.7838
4.8638
4.8849
4.9173
5.0757
4.9192
4.8928
4.6384
4.6583
4.3568
4.3293
4.6248
4.7100
4.6265
4.4171
4.5765
4.7456
4.4559
4.2303
4.4008
4.2973
4.3892
4.7348
4.4685
4.2030
4.2363
4.3708
4.8224
4.7591
4.9672
4.6272
4.7048
4.7518
4.3640
4.8616
5.4551
4.9118
4.5261
4.5925
4.8849
4.7105
4.4905
4.2249
4.7155
4.0988
4.2595
4.5129
4.7929
4.6083
4.7292
4.8040
4.5764
5.2026
4.9714
4.7539
5.0333
4.8671
4.9423
4.8576
4.3759
4.3369
4.3010
4.5479
4.4984
4.8069
5.1425
4.7698
4.4340
4.1370
4.5843
4.5983
4.6594
4.4962
4.2185
4.3289
4.0842
4.1582
4.1618
4.3430
4.3442
4.2447
4.1619
3.9987
4.2547
4.3058
4.5110
4.1608
4.1324
3.9855
4.1266
4.0854
4.2155
4.1336
3.9396
4.1285
3.9214
3.9578
3.9415
4.1196
3.8120
3.9882
4.2834
4.0887
4.0108
3.9825
3.8186
4.2665
4.2349
4.4798
4.5839
4.6477
4.6920
4.2879
4.3320
4.5905
4.3274
3.9037
4.1244
4.0222
4.0059
3.8332
3.9716
4.0691
4.1159
4.5588
4.6670
4.4638
4.7948
4.3391
4.6034
4.0811
3.8098
4.1004
3.7636
4.1430
4.4501
4.0204
4.2395
3.8675
4.1017
3.7632
3.9233
4.0577
4.1353
4.4384
4.2577
4.1543
4.0492
4.1529
4.3426
4.3573
4.2681
4.5659
4.1246
4.4339
4.3817
4.0633
4.1481
4.2321
4.6691
4.4663
4.7021
4.7384
4.6088
4.5262
4.7042
4.2233
4.3053
4.5634
4.6607
4.7357
4.7758
4.6547
4.8259
4.6038
4.5933
4.7719
4.5555
4.5771
4.3181
4.2263
4.2032
4.1603
4.4811
4.5417
4.4918
4.3937
4.2886
4.5190
4.1016
4.2756
4.2506
4.0592
3.8884
3.9788
3.6121
4.0987
3.8469
4.0625
4.0152
3.8215
4.1435
4.4967
4.1174
4.2810
4.1498
3.9655
3.9753
3.8335
3.8228
3.7295
3.9339
4.2143
4.2385
3.9803
3.9274
3.9045
4.2074
4.1424
3.9760
3.8935
3.8025
3.6228
3.6460
3.7683
3.8758
3.7608
3.7966
3.9245
3.8848
4.2726
4.0208
4.0378
4.2539
3.8972
3.8035
3.4106
3.7248
3.7901
3.7584
3.7899
4.1673
3.9604
4.2310
4.0930
3.9427
3.8989
3.9781
4.1501
4.0715
3.8704
4.1738
4.2428
4.0404
4.4678
4.6499
4.5562
4.6261
4.3416
3.9918
4.1490
4.2598
4.3184
4.0203
4.0505
4.1149
4.1081
3.9188
3.7896
4.1151
4.0026
4.0122
4.1668
4.1744
4.2699
4.4335
4.2989
4.6928
4.7205
4.7451
4.5330
4.5473
4.1207
4.7483
4.5426
4.2774
4.3405
4.4246
4.1741
4.1353
4.2886
4.2489
4.2864
4.0920
4.0875
4.4066
3.9945
4.0014
4.1753
4.0822
4.2971
4.0360
4.1820
3.8280
3.7233
3.7659
3.8672
4.0081
4.3929
4.4581
4.3187
4.3921
3.8381
3.9943
4.2113
3.8840
3.8034
4.2512
3.9936
3.6392
4.1840
4.2678
3.9797
3.8763
4.0220
3.9882
4.0778
4.1188
3.9905
4.2119
4.2529
4.1006
4.2478
3.9594
4.0618
4.0320
3.9253
4.0216
4.0084
4.5434
4.7830
4.6447
4.5577
4.3469
4.4605
4.5949
4.5386
4.3628
4.4115
4.3638
4.3381
4.2507
4.1187
4.1616
4.3534
4.4900
4.3962
4.5179
4.5207
4.6914
4.3768
4.6380
5.0835
4.6447
4.5487
4.7216
4.8623
4.7375
4.6014
4.6900
4.4509
4.6315
4.2909
4.2421
4.4832
4.6245
4.5985
4.3243
4.3830
4.2406
4.0562
3.8881
4.0144
3.7793
4.0112
4.0670
4.2161
4.1008
4.3276
4.6463
4.5323
4.5025
4.4488
4.5205
4.6643
4.2946
4.5106
4.2589
4.3111
4.2914
4.1991
4.4575
4.7781
4.8640
4.5494
4.9468
4.7967
4.6730
4.6465
4.8267
4.7281
4.6842
4.3796
4.3458
4.7930
4.6093
4.5480
4.6197
4.3182
4.4109
4.3711
4.4481
4.4865
4.2032
4.2440
4.1899
4.0785
4.1790
3.9507
3.8562
4.3810
4.6554
4.3741
4.2144
4.3874
4.1858
4.0937
3.9622
4.1714
3.7808
4.0866
4.3060
4.3408
4.3469
4.3360
4.1361
4.0935
4.0652
3.9938
4.1460
4.0845
4.1010
4.3546
4.1051
3.8269
3.8097
4.1717
4.3994
4.4793
4.5456
4.5914
4.1413
4.1843
4.0897
3.8028
4.2039
4.4274
4.4498
4.4700
4.5958
4.3751
4.5099
4.6420
4.7003
4.6379
4.6605
4.5745
4.5717
4.3173
4.2691
4.4002
4.4196
4.4832
4.6181
4.5381
4.6243
4.6601
4.6642
4.8208
4.8802
4.6647
4.5051
4.5806
4.5714
4.7108
4.8086
4.9402
5.1221
5.2004
5.0163
4.8785
5.0611
4.8409
4.7805
4.7228
4.5388
4.6869
5.3489
5.0557
5.1029
5.0513
4.8497
4.9768
4.9286
4.8619
4.7839
4.8932
4.8421
4.8274
5.0218
5.2717
5.1874
5.0607
4.8132
4.8246
4.8569
4.8502
4.7838
4.5887
4.1862
4.2071
4.2852
4.1720
4.2779
4.0884
4.2855
4.4675
4.1566
4.1550
4.0313
4.2477
4.1188
4.2854
4.2032
4.3644
4.7309
4.4796
4.5569
4.4285
4.3342
4.4466
4.5215
4.4664
4.4138
4.5012
4.4976
4.2535
4.4627
4.4506
4.3226
4.6371
4.5148
4.2603
4.0581
4.1350
4.1306
4.2656
4.3270
4.6583
4.4773
4.7164
5.2901
5.0464
4.7835
4.9534
4.9883
5.0975
4.7406
4.9150
4.9033
4.6241
4.6326
4.8281
4.4795
4.4627
4.2646
4.2718
4.4589
4.5656
4.4532
4.4532
4.3399
4.2767
4.5995
4.3524
4.3365
4.4163
4.4521
4.2098
4.3947
4.1529
4.4884
4.4288
4.6182
4.5758
4.1010
4.7560
4.6207
4.5167
4.1906
4.4142
4.4568
4.5918
4.8149
4.4541
4.3433
4.2766
4.5458
4.5469
4.6101
4.5593
4.4892
4.4448
4.1910
4.2392
4.3748
4.3222
4.1457
4.5083
4.6697
4.7826
4.9136
4.7843
4.5777
4.8520
4.9526
5.1159
4.5561
4.7414
4.5064
4.2965
4.3647
4.7530
4.6130
4.5515
4.4165
4.2022
4.6370
4.5421
4.1913
4.3076
4.4266
4.3758
4.6757
4.7243
4.6912
5.0057
4.9923
4.9377
4.4705
4.3876
4.6196
4.8420
5.2531
4.8372
4.7674
5.0804
4.8809
4.7457
5.1557
4.7876
4.7872
4.8486
4.9339
4.9498
4.8578
5.0322
4.7011
4.7947
5.1942
5.3370
4.9842
4.4652
4.3440
4.6827
4.6050
4.4300
4.5558
4.5912
4.4722
4.4474
4.0396
4.4623
4.6542
4.8071
4.8189
4.7643
4.6867
4.6165
4.7174
4.6179
4.8059
4.8929
4.9166
5.0648
5.1458
5.0607
4.7792
4.7059
4.7451
4.8087
4.8526
5.1518
4.8730
4.5007
4.7619
4.7288
4.3758
4.2812
4.2892
4.3766
4.2729
4.3094
4.3211
4.3788
4.3191
3.9718
4.0282
4.1285
4.1891
4.6059
4.4153
4.1586
3.7985
4.2054
4.1261
3.9657
3.9037
4.3629
4.3796
4.3571
4.3506
4.2519
4.7052
4.6572
4.7077
4.7621
5.0133
4.8163
4.7161
4.8694
4.5481
4.2332
4.2441
4.1556
4.3585
4.4152
4.3196
4.5283
4.6702
4.8139
4.6761
4.3863
4.3952
4.2642
4.3222
4.4211
4.1062
3.9930
4.3371
4.3961
4.2430
4.1843
4.4810
4.3051
4.4295
4.2622
4.5788
4.8386
4.5828
4.7510
4.5710
4.0837
3.9414
4.1705
3.9873
4.1476
4.3635
4.5725
4.8318
4.9708
5.0537
5.2275
4.9680
4.7464
4.4470
4.1281
4.4060
4.7285
4.5904
5.0427
4.7288
4.5734
4.6905
4.6616
4.4493
4.0325
4.1000
4.1847
4.2458
4.4004
4.2854
4.2349
4.3100
4.1595
4.1383
3.8424
4.0166
4.0181
3.8434
4.0718
3.9262
3.9838
4.1140
4.0283
4.1931
4.2124
3.7801
3.8469
4.1882
3.8493
4.0463
4.1529
4.3554
4.5600
4.4922
4.3267
4.3010
4.1434
4.1321
3.6557
4.0626
4.0538
3.9840
4.0166
4.1040
4.2648
4.3108
4.1659
4.1723
4.0929
4.1485
3.9738
4.0186
4.2918
4.4296
4.5461
4.6679
4.1955
4.2209
4.1228
4.0279
4.2966
4.3078
3.9990
4.0423
4.2398
4.1564
4.1123
4.3231
4.7647
4.8550
4.2383
4.2472
3.9604
3.9497
4.1603
4.0918
3.8956
4.1298
3.9383
3.5516
3.5692
3.5113
3.5108
3.4126
3.4698
3.4014
3.5968
3.4569
3.2208
3.6152
3.5434
3.5161
3.6997
3.5980
3.6076
3.5505
3.6380
3.8245
3.8318
3.7908
3.5138
3.4000
3.5424
3.4559
3.3312
3.0982
3.1095
3.2873
3.3449
3.3509
3.2858
3.4042
3.0984
3.2721
3.1798
3.1176
3.2177
3.0612
3.3191
3.4347
3.6738
3.4845
3.5756
3.5394
3.6259
3.7607
3.5438
3.4486
3.4280
3.2828
3.3177
3.4401
3.2832
3.2972
3.3579
3.7938
3.7894
3.6888
3.4984
3.6853
3.5348
3.8409
4.1358
3.9946
4.1536
4.1623
4.2655
4.0283
3.9308
3.9027
3.8192
3.7392
3.6304
3.4199
3.4514
3.4664
3.4784
3.6855
3.5952
3.4694
3.5596
3.5955
3.6450
3.3583
3.4438
3.5966
3.7034
3.6518
3.6090
3.5638
3.4158
3.3619
3.1314
3.4551
3.1520
3.3315
3.1796
3.4085
3.2949
3.0976
3.0525
3.0746
3.2538
3.5027
3.3311
3.2309
3.3925
3.5689
3.6394
3.1996
3.4584
3.4855
3.5966
3.3936
3.2958
3.5633
3.6483
3.4528
3.5089
3.3922
3.6130
3.7059
3.8390
4.0075
4.0103
4.1010
3.6855
3.5855
3.5096
3.4353
3.5991
3.7556
3.4986
3.8343
4.0055
3.9357
4.0838
4.1523
3.7522
4.0755
4.2297
4.0398
3.8387
4.0202
3.7209
3.9193
3.9390
4.2982
4.1820
4.3756
4.1742
4.0823
4.0033
4.1131
4.2195
4.1153
3.9614
3.8453
3.9780
4.2029
3.8654
3.6340
3.6894
3.8057
3.9180
3.7892
4.0019
4.0126
3.9762
3.8946
4.2031
3.5877
3.5313
3.6792
3.5343
3.7542
3.7707
3.5531
3.6015
3.7339
3.7346
3.5786
3.7498
3.5353
3.7135
3.7238
3.9877
3.9286
3.6970
3.9088
3.9895
4.3428
4.1467
3.8451
4.0179
3.7399
4.0240
4.0109
4.0618
3.8559
3.8076
4.0442
4.1243
3.8927
4.1013
4.0444
3.9362
3.8397
3.9929
3.9547
4.1216
3.9516
4.1279
4.0237
4.0245
3.9730
4.0032
3.8911
3.6305
4.1068
3.8971
4.0699
4.0761
4.3301
4.1875
3.9552
3.9764
3.9557
4.0774
4.3093
4.1217
4.4330
4.0910
4.0510
4.2544
4.5152
4.0309
4.0673
4.3150
3.8510
3.8757
3.9605
3.9713
3.8971
4.1401
4.0335
3.9890
3.9883
3.8061
4.0860
4.0808
4.2186
4.1221
4.0510
3.9331
4.0163
4.3191
4.1608
4.1385
4.1800
4.1686
4.3110
4.4697
4.2659
4.0747
3.9053
4.2025
4.0424
4.0109
3.7841
3.9560
4.2864
3.8880
4.2174
4.1446
3.9936
3.9648
4.1082
4.4706
4.2880
3.9334
4.2372
4.0027
3.7273
3.9386
4.1190
4.0051
3.8214
4.1449
3.8826
3.8966
3.9290
3.5943
3.8055
3.8631
3.9223
3.9555
3.7650
3.9035
3.7976
4.0794
4.1288
4.0653
3.8709
3.6542
3.7833
3.9899
3.7216
3.9411
3.7060
3.6555
3.5148
3.5553
3.6724
3.7300
3.6804
3.6540
4.0054
4.2499
3.6625
3.9166
3.7898
3.6013
3.7352
3.7660
3.8509
3.7011
3.5388
3.7121
3.7264
3.8125
3.8134
3.5670
3.7612
3.7960
3.8791
3.8186
4.0083
3.5738
3.7243
3.9175
4.1424
3.9388
3.8698
3.8182
3.6654
3.8654
3.9184
3.6740
3.8813
3.6066
3.5709
3.5543
3.3378
3.7819
3.8889
3.7440
3.7503
3.8705
3.8601
3.8308
3.8376
3.6367
3.6129
3.7860
3.7769
3.8815
3.8545
3.7848
3.8608
3.6878
3.6138
3.7390
3.6226
3.6472
3.6917
4.1316
4.3491
3.7935
4.1998
4.1249
4.2206
4.5046
4.1950
4.4805
4.1792
4.0809
4.1229
4.0607
4.0072
3.5055
3.7467
3.7884
3.8770
3.7274
4.2408
3.7885
3.9729
4.0783
4.1949
3.9241
4.0730
3.9391
4.3468
4.2548
4.2560
4.5821
4.1220
4.3420
4.2185
4.1306
4.1371
4.4294
4.2447
4.0458
3.9049
3.8965
3.8083
3.9184
3.7852
3.7071
3.8672
3.9839
4.0071
3.9813
4.2594
4.1721
4.0059
3.4530
3.3587
3.5980
3.2201
3.7076
3.5997
3.5935
3.4901
3.3877
3.7022
3.4190
3.6744
3.6163
3.4480
3.5800
3.3481
3.2706
3.1667
3.3337
3.5171
3.6171
3.5384
3.3397
3.5114
3.3483
3.3915
3.5194
3.5499
3.4869
3.3720
3.3577
3.1558
3.4376
3.3491
3.6380
3.8228
3.5782
3.8966
3.8171
3.7090
3.8021
3.7561
3.5639
3.6043
3.7011
3.5920
3.5567
3.6120
3.5579
3.6911
3.5903
3.6311
3.6962
3.4727
3.5813
3.6556
3.7467
3.8372
3.7717
3.7668
3.7153
3.9203
4.1044
3.8790
3.5087
3.5885
3.7541
3.5440
3.7422
3.7187
3.6219
3.5822
3.7661
3.5847
3.4923
3.6376
3.5649
3.5157
3.7342
3.5316
3.4283
3.4820
3.4659
3.3350
3.6966
3.6918
3.7119
3.5960
3.6612
3.4663
3.6823
3.5875
3.7792
3.8716
3.8969
3.9536
3.7738
3.6885
3.9287
3.9685
3.7093
3.5660
3.7381
3.8513
3.7575
3.8003
3.9648
3.8609
3.7486
4.0591
3.9548
3.8966
3.9719
3.8975
4.1600
4.0888
4.0057
4.0811
4.2049
3.9587
4.0435
3.9452
4.1825
3.9226
3.8728
4.0601
3.9987
4.0986
3.7912
3.7290
3.8171
3.5635
3.3707
3.4690
3.4501
3.7796
3.9329
3.8422
3.9157
4.2338
3.8652
3.8515
3.9759
4.2762
4.2488
4.1753
4.0701
4.1259
4.1077
3.9712
3.9040
3.8569
4.1716
4.2227
3.9862
3.8386
4.3287
4.1634
4.5355
4.2993
4.3401
4.1161
3.9660
4.2373
4.0742
4.0712
4.3312
4.0961
4.0544
4.2860
4.2865
4.2277
4.3319
4.1862
3.8741
4.2453
4.1690
4.1620
4.2911
4.1066
4.0663
4.0171
3.9650
4.2480
3.9449
3.8001
3.8927
3.9210
4.1362
4.0316
3.9557
3.9773
4.2626
4.1637
4.0502
4.0455
3.9478
3.9814
4.1101
3.8806
4.0240
4.1117
3.9462
3.7903
3.6999
3.8483
3.9387
4.1746
4.3442
4.1160
4.1332
4.1712
4.2387
4.1748
4.0190
4.3243
4.4420
4.2691
3.9480
3.8829
4.0077
3.9853
4.0559
3.9188
3.8143
3.9820
3.7479
3.8486
3.9128
3.9488
3.9183
3.8492
3.9695
3.7161
3.8458
4.0454
4.1022
3.8451
3.7719
4.1043
3.7719
3.9092
3.8226
3.6619
3.6729
3.9360
3.9067
3.8610
3.7991
3.6562
3.5171
3.5804
3.6424
3.6497
3.7923
3.8117
3.7958
3.8089
4.1655
4.2214
3.9663
3.7662
3.9620
4.1259
4.2336
3.7093
4.0032
3.8577
3.9003
4.0502
3.8103
3.9390
3.9486
3.8750
3.8527
3.6412
3.6887
4.0692
4.0504
3.7723
4.0281
4.1128
4.1390
4.2413
4.1411
4.1512
4.2862
4.0567
3.9903
4.3826
4.2001
4.2523
4.1415
4.0541
4.0186
3.9206
3.8998
3.6712
4.1411
4.1890
4.1789
4.2982
4.5614
4.2210
4.1657
4.2419
4.1671
4.2361
4.1714
4.4916
4.2326
4.2076
4.0154
4.2534
4.4016
4.1602
3.9905
3.9761
4.0480
4.3047
4.2643
4.0883
4.2390
4.4707
4.2575
4.3145
4.3958
4.4174
4.3170
4.2684
4.3766
4.5432
4.8196
4.4119
4.2862
4.4033
4.4079
4.3234
4.0579
4.1686
4.0273
4.2033
3.9844
4.1670
4.4388
4.4665
4.4099
4.4345
4.5148
4.6775
4.3624
4.5913
4.5528
4.3213
4.8897
4.4497
4.9066
4.5849
4.6086
4.4822
4.3939
4.1565
4.5659
4.6698
4.7449
4.8354
4.4832
4.4399
4.4950
4.4769
4.6426
4.6828
4.2566
4.3162
4.4649
4.3868
4.7518
4.6672
4.5883
4.4056
4.1001
4.0825
3.9691
4.2147
4.1174
4.3448
4.2610
4.0862
4.1910
4.3444
4.2523
4.5432
4.8289
4.8701
4.7242
4.5526
4.8741
4.6114
4.7311
4.7262
5.0009
4.8352
4.6281
4.8198
4.6817
4.6049
4.5293
4.3840
4.5777
4.2792
4.2699
4.3006
4.5486
4.1729
4.2314
4.2312
4.2196
4.3680
4.2192
4.2369
4.3352
4.1435
4.1201
4.8655
4.5038
4.4983
4.5242
4.4034
4.0944
4.8129
4.4847
4.9933
4.5523
4.6517
4.9959
4.7768
5.1122
4.4702
4.6091
4.5105
4.2584
4.5380
4.5267
4.5212
4.3690
4.0111
4.3229
4.5391
4.5024
4.5065
4.5767
4.3632
4.6104
4.3086
4.3655
4.3078
4.3792
4.3842
4.2999
4.3185
4.5605
4.4781
4.5309
4.5879
4.4017
4.4247
4.3932
4.4165
4.4080
4.5638
4.5113
4.6926
4.6902
4.4381
4.5235
4.7521
4.6949
4.4417
4.5251
4.6604
4.5926
4.5297
4.8696
4.3659
4.6847
4.6200
4.6508
4.7618
4.7406
4.6278
4.6732
4.6704
4.6106
4.6900
4.5933
4.5951
4.4662
4.5548
4.6058
4.4894
4.4090
4.5903
4.3872
4.3950
4.3376
4.3956
4.2920
4.4185
4.3077
4.0873
4.0604
4.2887
4.2902
4.4700
4.4463
4.8383
4.8064
4.6166
4.5082
4.4394
4.6906
4.6561
4.7653
4.6304
4.6136
4.7656
4.6833
4.7757
4.6857
4.6122
4.5147
4.6724
4.6182
4.5534
4.4223
4.2642
4.3656
4.6667
4.4306
4.5423
4.5261
4.4864
4.5448
4.7545
4.6440
4.6690
4.4315
4.5159
4.7167
4.6223
4.7585
4.7189
4.6199
4.3848
4.4987
4.5982
4.6107
4.6383
4.5047
4.6207
4.5229
4.7628
4.7104
4.3651
4.4847
4.5110
4.3790
4.3110
4.3836
4.2129
4.3294
4.2057
4.0427
4.0509
3.9539
4.0325
4.2499
4.1324
4.2613
4.5525
4.4517
4.6977
4.5321
4.6049
4.8493
4.7469
4.4664
4.3143
4.3919
4.3709
4.6513
4.3792
4.3598
4.6069
4.5326
4.5918
4.9388
4.5135
4.8673
4.8410
4.7491
4.7889
4.6538
4.6925
4.5200
4.9068
4.9846
4.7603
4.8397
4.7340
4.7329
4.5252
4.5609
4.5656
4.5964
4.5059
4.7827
4.7546
4.4370
4.2299
4.4115
4.3387
4.5481
4.1863
4.3718
4.1259
4.1520
4.3286
4.4429
4.3581
4.3145
4.4050
4.4253
4.2212
4.4790
4.1866
4.2834
4.2576
4.3809
4.5689
4.8136
4.9101
4.9420
4.6779
4.7728
4.7933
4.7266
4.3837
4.3769
4.3389
4.4278
4.2899
4.1709
4.0222
4.2944
4.2923
4.3857
4.2886
4.4903
4.3401
4.3347
4.2270
4.1621
4.4076
4.0759
4.2099
4.0250
4.0677
4.0526
4.2093
4.1328
4.4233
4.3609
4.5485
4.3514
4.3514
4.4961
4.3588
4.4004
4.6385
4.6044
4.6443
4.4902
4.5502
4.6990
4.5966
4.3610
4.4607
4.5577
4.6481
4.6685
4.7213
4.5327
4.4552
4.5791
4.4382
4.2620
4.2426
4.0978
3.9693
4.3212
4.1190
4.1850
4.5089
4.4335
4.2175
4.5401
4.3523
4.1896
4.4120
4.4882
4.1417
4.4551
4.4431
4.6035
4.6992
4.3016
4.6108
4.3989
4.3858
4.4726
4.3242
4.2820
4.2686
4.1979
4.2209
4.2237
4.0459
4.2676
3.9309
4.3738
4.2463
4.2582
4.2758
4.3541
4.1853
4.2342
4.1250
4.1309
4.1656
4.2269
4.1460
4.3210
4.2848
3.9527
3.9326
4.0923
4.1842
3.8541
3.8274
3.8771
3.9557
3.8909
3.9877
4.0061
4.2490
4.1314
4.1181
4.1775
4.5381
4.3499
4.2510
4.2236
4.2156
4.3705
4.4825
4.4838
4.5022
4.4548
4.2937
4.5411
4.7058
4.6575
4.3522
4.2805
4.3999
4.4626
4.3347
4.2143
4.4615
4.6494
4.5493
4.5393
4.5947
4.3020
4.5805
4.3982
4.5051
4.1328
4.1933
4.0208
4.1629
4.6916
4.5157
4.3768
4.3474
4.5721
4.4899
4.1359
3.8367
3.8247
4.0781
4.1622
4.2367
4.3973
4.3269
4.1220
4.2578
4.3374
4.3599
4.4835
4.1419
4.5683
4.5471
4.5440
4.5629
4.3772
4.3749
4.3834
4.3768
4.0828
4.0357
4.0916
4.2999
4.0163
4.2223
4.3618
4.0965
3.9671
4.0592
3.9222
3.9541
3.9106
4.1055
4.1308
3.9368
3.7964
4.0420
4.1669
4.0577
4.2703
4.1234
4.1082
4.0182
4.2229
4.4325
4.5233
4.3711
4.5249
4.3689
4.3679
4.3359
4.3540
4.5541
4.3478
4.4104
4.4614
4.3121
4.3301
4.3522
4.3508
4.3381
4.4077
4.1671
4.2893
4.1953
4.0851
4.0625
3.7535
3.8119
4.1549
3.9755
4.0278
3.7040
3.7600
3.6283
3.6174
3.7138
3.8279
4.0072
3.7798
4.1181
4.1460
4.2183
4.0857
3.8809
4.0180
3.8366
4.1157
4.1485
4.1001
3.9278
4.2127
4.1125
4.2161
4.4068
3.7914
3.7258
3.7104
3.4805
3.5862
3.7576
3.6809
3.7314
3.4283
3.5717
3.7512
3.7116
3.6507
3.8316
3.5778
3.6481
3.8637
3.8493
4.0000
3.6694
3.6667
3.7563
3.7621
3.9211
3.9218
3.8312
4.2597
4.3898
4.2681
4.3511
4.5990
4.4347
4.5333
4.5504
4.2941
4.4608
4.4816
4.5615
4.1731
4.1459
4.0193
4.1398
4.2695
3.8568
4.0906
4.3222
4.2178
4.2040
4.1754
4.1712
4.1355
3.9121
3.7639
4.0273
3.7590
3.9317
3.5758
3.5852
3.5261
3.5077
3.7020
3.8720
3.5295
3.7188
3.6246
3.6687
3.7511
3.5908
3.6215
3.6979
3.4721
3.6609
3.5338
3.5968
3.5503
3.5446
3.6806
3.6793
3.6191
3.7375
3.6047
3.7444
3.7740
3.8311
3.9112
3.9532
4.0289
3.8465
3.8346
4.3048
3.8629
4.0205
3.8580
3.9539
3.7415
3.8010
3.9024
3.8913
4.0917
3.7450
3.7617
3.3906
3.6147
3.5157
3.8357
3.7304
3.4725
3.4546
3.3533
3.1443
3.2905
3.3900
3.2611
3.1580
3.3177
3.3852
3.2620
3.0538
3.1771
3.1638
3.1928
3.0880
3.1295
3.3299
3.2181
3.2714
3.2165
3.1638
3.3843
3.3096
3.3483
3.5057
3.2798
3.5878
3.3837
3.4572
3.4065
3.4808
3.4371
3.3282
3.3901
3.3620
3.5971
3.5669
3.6893
3.3904
3.7814
3.6944
3.8017
3.6159
3.4831
3.6676
3.9189
3.8294
4.0099
3.6917
3.9533
3.8264
3.7604
3.5453
3.5881
3.5459
3.5910
3.5007
3.5514
3.6962
3.6938
3.7392
3.7560
3.6438
3.5712
3.7148
3.6626
3.6895
3.6943
3.6883
3.4827
3.6185
3.8222
3.6527
3.6911
3.5301
3.4906
3.5591
3.6954
3.7158
3.6011
3.7303
3.5788
3.4613
3.6847
3.3675
3.4243
3.6303
3.6621
3.5849
3.4902
3.4036
3.3002
3.5484
3.5622
3.7568
3.5151
3.8398
3.5328
3.4846
3.6594
3.5120
3.7642
3.7394
3.6319
3.7956
3.7483
3.9681
3.8476
3.7285
3.6627
3.5718
3.4215
3.6532
3.6302
3.7385
3.6416
3.6365
3.5222
3.6327
3.5880
3.7058
3.6485
3.6015
3.6003
3.8621
3.8586
3.9375
3.7499
3.7098
4.1474
3.7922
3.8192
3.7610
3.7630
3.8450
3.7660
3.4915
3.8573
3.5028
3.6371
3.5735
3.5002
3.4486
3.3661
3.3284
3.4145
3.4141
3.6232
3.6411
3.3752
3.4649
3.4053
3.5471
3.6387
3.8060
3.6802
3.6381
3.7979
3.4746
3.5370
3.6906
3.8042
3.7063
3.4824
3.6013
3.6477
3.6165
3.5774
3.5400
3.4952
3.3921
3.5052
3.6021
3.5753
3.5097
3.3458
3.2519
3.3018
3.5556
3.3878
3.5995
3.6290
3.7876
3.8217
3.7517
3.7490
3.6244
3.8429
3.7092
3.7542
3.6762
3.5413
3.5346
3.5170
3.7193
3.9936
3.7981
3.7348
3.6714
3.7940
3.6155
3.8214
3.7949
3.6920
3.6963
3.7738
3.7378
3.8765
3.7634
3.7287
3.7710
3.7139
3.7830
3.7299
3.5450
3.7448
3.6604
3.7674
3.5802
3.7173
3.8002
3.8481
3.5899
3.4925
3.7710
3.7100
3.4323
3.7786
3.5504
3.6524
3.8452
3.6347
3.7838
3.7066
3.8004
3.7547
3.7662
3.7602
3.7915
3.7430
3.5581
3.4029
3.5948
4.0248
3.6903
3.6013
3.6140
3.5206
3.7459
3.6244
3.8337
3.4755
3.5160
3.6158
3.7465
3.7751
3.5540
3.4425
3.3285
3.2555
3.3774
3.3823
3.1065
3.2231
3.2544
3.2911
3.3539
3.3777
3.2363
3.4236
3.5989
3.5369
3.5113
3.8414
3.7675
3.6893
3.7093
3.4684
3.4433
3.3295
3.3392
3.2821
3.3453
3.3391
3.3325
3.4013
3.1670
3.2092
3.3876
3.2957
3.3310
3.5271
3.5875
3.5411
3.4117
3.4377
3.3409
3.4994
3.4964
3.5087
3.3688
3.4853
3.6536
3.5482
3.4718
3.6283
3.6262
3.3950
3.1781
3.1580
3.3606
3.3570
3.2916
3.5813
3.4615
3.6138
3.9210
3.9001
3.7977
3.6962
3.6066
3.6985
3.6902
3.5232
3.3127
3.3252
3.4937
3.7113
3.5589
3.5304
3.5963
3.5039
3.6881
3.5841
3.4448
3.4687
3.4200
3.3167
3.4611
3.4132
3.3024
3.1696
3.3152
3.3389
3.4504
3.2126
3.1888
3.2912
3.2501
3.1768
3.2965
3.6105
3.4164
3.5682
3.3239
3.5407
3.5819
3.6423
3.2729
3.3707
3.3349
3.3942
3.4381
3.6796
3.6720
3.5250
3.6901
3.6340
3.5063
3.5239
3.3098
3.3174
3.5354
3.5362
3.6213
3.6737
3.6181
3.4785
3.5678
3.4722
3.3408
3.5469
3.4789
3.5727
3.5053
3.4911
3.5335
3.7563
3.6683
3.4906
3.4647
3.4444
3.8376
3.5351
3.5935
3.3017
3.6303
3.4950
3.3811
3.6688
3.5555
3.3881
3.2419
3.2694
3.2929
3.4584
3.3018
3.3360
3.3035
3.3288
3.4774
3.3334
3.3185
3.3843
3.0784
3.4229
3.2270
3.4716
3.1587
3.0886
3.1145
3.3325
3.3371
3.2919
3.3228
3.2269
3.1269
3.1725
3.2314
3.2184
3.0996
3.2239
3.1102
3.4032
3.3171
3.4394
3.3849
3.3770
3.2643
3.0851
3.1695
3.1411
3.2416
3.3254
3.2500
3.3305
3.3693
3.3667
3.4636
3.4435
3.3172
3.4555
3.3774
3.2100
3.3954
3.3631
3.2596
3.3013
3.2871
3.2639
3.2396
3.1933
3.4599
3.3462
3.3295
3.2278
3.2050
3.3221
3.2823
3.1823
3.2604
3.2753
3.3980
3.3353
3.1348
3.2345
3.1872
3.2522
3.4947
3.4061
3.5423
3.5197
3.2394
3.5762
3.2640
3.3830
3.3126
3.2633
3.3386
3.3731
3.2455
3.3138
3.2567
3.4452
3.4309
3.5271
3.4485
3.4246
3.4573
3.4688
3.6586
3.4373
3.5018
3.3812
3.3697
3.4802
3.7179
3.6103
3.6836
3.3335
3.3923
3.3257
3.2825
3.2681
3.5256
3.5136
3.3916
3.3959
3.4023
3.4945
3.4432
3.4935
3.3241
3.5353
3.4280
3.4294
3.5084
3.8443
3.6915
3.6088
3.3596
3.3295
3.1713
3.1815
3.3733
3.1628
3.4565
3.5213
3.5679
3.4928
3.3516
3.7107
3.5494
3.4264
3.5434
3.5007
3.5471
3.4263
3.2156
3.3665
3.6470
3.4349
3.4088
3.2917
3.2118
3.3104
3.2749
3.5052
3.3872
3.0368
3.0973
3.0944
3.3411
3.3611
3.2557
3.1546
3.3378
3.2794
3.3517
3.4278
3.3422
3.3521
3.5061
3.4806
3.5106
3.6797
3.4044
3.4887
3.4795
3.4986
3.5737
3.3814
3.6237
3.3432
3.4781
3.4754
3.6908
3.6728
3.4369
3.6646
3.5950
3.6784
3.4971
3.7205
3.6399
3.5164
3.4205
3.6832
3.6585
3.4802
3.6345
3.5246
3.5281
3.2859
3.4383
3.5002
3.5490
3.7912
3.6501
3.4706
3.3247
3.4031
3.6462
3.7708
3.5865
3.4394
3.7753
3.7732
3.5606
3.3654
3.4569
3.2832
3.3715
3.4168
3.3048
3.3709
3.3430
3.2914
3.2961
3.3009
3.4304
3.3938
3.4568
3.2397
3.2714
3.3021
3.4661
3.3263
3.2618
3.2700
3.4359
3.5631
3.4155
3.2930
3.4019
3.3676
3.4409
3.5257
3.3405
3.4065
3.3441
3.2293
3.4714
3.4303
3.4489
3.2985
3.2414
3.0160
3.1560
3.0169
3.1457
3.4285
3.4502
3.4015
3.2695
3.2194
3.1565
3.2412
3.3787
3.3865
3.3981
3.4135
3.4296
3.6011
3.4064
3.4397
3.6858
3.5655
3.5057
3.4431
3.3447
3.3694
3.4474
3.2089
3.1798
3.4309
3.2839
3.2394
3.2422
3.2804
3.1048
3.1619
3.3532
3.2107
3.0995
3.0627
3.1673
3.2665
3.2476
3.1711
3.3524
3.4762
3.2203
3.2010
3.3021
3.4131
3.3898
3.2332
3.1969
3.1635
3.2204
3.1515
3.3759
3.4696
3.3974
3.2857
3.3386
3.3507
3.2410
3.1837
3.3095
3.0562
3.1953
3.1941
3.2120
3.2634
3.3938
3.3257
3.3841
3.3164
3.2809
3.2607
3.3830
3.3045
3.2320
3.1934
3.2153
3.2709
3.2958
3.3957
3.3507
3.4139
3.2865
3.3948
3.2872
3.3731
3.2579
3.2663
3.3061
3.1959
3.2551
3.3056
3.3447
3.4589
3.2344
3.2833
3.1322
3.1982
3.3359
3.2408
3.0791
3.2965
3.1977
3.1051
3.2037
3.3361
3.3668
3.4127
3.3665
3.4682
3.3790
3.5109
3.5932
3.6985
3.5339
3.5423
3.4751
3.4154
3.3967
3.4318
3.6345
3.3901
3.5038
3.5463
3.3782
3.4645
3.5704
3.6054
3.6951
3.8042
3.9210
3.9419
3.7959
4.0397
3.7602
3.9724
3.8983
3.8913
3.8322
3.5828
3.6075
3.6538
3.4721
3.5994
3.6160
3.5811
3.6071
3.5662
3.4203
3.4199
3.4586
3.5933
3.5437
3.6356
3.6517
3.7407
3.5194
3.5748
3.6934
3.6692
3.4509
3.7338
3.7465
3.4555
3.7119
3.7646
3.8032
3.6579
3.9340
3.6993
3.6774
3.6827
3.7514
4.1448
3.8751
3.5941
3.8704
3.6259
3.8422
3.8158
4.0336
3.9426
3.7335
3.6772
3.5344
3.7818
3.9160
3.7455
3.8062
3.5319
3.5563
3.7500
3.7274
3.8655
3.7414
3.7733
3.5361
3.6659
3.7632
3.7496
3.5321
3.4229
3.4830
3.6421
3.6208
3.6214
3.7918
3.7137
3.6451
3.6597
3.7615
3.7483
3.7702
3.7120
3.6428
3.8605
3.9436
3.8207
3.9068
3.6184
3.9514
3.9187
3.7052
3.6220
3.7995
3.7086
3.6327
3.7674
3.5841
3.8155
3.6385
3.7136
3.6157
3.6151
3.6836
3.9393
3.7988
3.7386
3.8906
3.6644
3.6679
3.9650
3.8241
3.7205
3.8670
3.6710
3.7686
3.7389
3.7779
3.6137
3.4446
3.5671
3.7021
3.8128
3.6282
3.7384
3.8193
3.6932
3.7481
3.8606
4.0103
4.1545
4.0218
3.6977
3.7685
3.6680
3.6677
3.6322
3.7162
3.9041
3.9700
3.6854
3.7307
3.7645
3.5880
3.4906
3.8362
3.4651
3.4525
3.4803
3.5791
3.5679
3.8557
4.0461
3.7310
3.6596
3.8474
3.6912
3.5149
3.3844
3.6456
3.4930
3.6669
3.5888
3.8522
3.8929
3.9948
3.6960
3.7610
4.1454
4.1266
3.7457
3.9256
3.6483
3.6735
3.7657
3.8461
3.9502
3.9054
3.8465
3.8719
3.7312
3.9246
3.7907
3.9383
4.1723
3.8563
3.9754
4.1616
3.8181
3.8972
4.1937
3.8113
3.8124
3.6626
3.6875
3.7668
3.6424
3.2837
3.4518
3.5048
3.6542
3.8325
3.6474
3.4712
3.7772
3.9702
3.8322
3.5468
3.5750
3.3725
3.5775
3.8233
3.7227
4.1046
3.9407
3.8923
3.8373
3.7298
3.6043
3.6641
3.9810
3.6327
3.6331
3.7373
3.6905
3.4599
3.5999
3.6571
3.6493
3.6183
3.6037
3.6086
3.5698
3.5571
3.8102
3.8086
3.9491
3.9074
4.0678
3.7372
3.5580
3.4782
3.4443
3.7069
3.7058
3.8083
3.8023
3.9155
4.0216
3.9639
3.7980
3.8875
3.9042
3.9445
3.9639
3.8708
3.9075
4.2091
4.0946
4.3988
4.2525
4.1613
4.3101
3.9507
3.7992
3.5959
3.7171
3.7063
3.7524
3.7422
4.1015
4.0853
3.9625
3.7568
3.6990
3.8283
3.6512
3.5727
3.4646
3.5553
3.4386
3.5992
3.6434
3.5621
3.6188
3.6996
3.7695
3.5373
3.6442
3.6688
3.8513
3.7808
3.7701
3.8545
3.6695
3.7360
3.6190
3.6223
3.7781
3.5920
3.7392
3.5572
3.7616
4.0533
3.6937
3.7490
3.7637
3.7798
3.7218
3.5972
3.8391
3.8025
3.6158
3.8435
3.6128
3.5208
3.7637
3.6323
3.6954
3.7904
3.8845
3.8823
3.7519
3.7689
3.8238
3.8526
4.0211
4.0867
3.7761
3.7525
3.6541
3.9623
3.7500
3.9713
4.1107
3.9576
4.2907
4.0515
4.1392
4.2736
3.9637
4.2309
4.0935
3.8971
3.8377
3.9068
3.9821
3.9134
3.5477
3.4771
3.6917
3.5816
3.7562
3.5564
3.9115
3.7269
3.8517
4.1131
3.8458
3.9047
3.7567
3.8398
3.7841
3.6380
3.3070
3.5186
3.4377
3.3307
3.5767
3.6072
3.5964
3.7758
3.6781
3.5918
3.6067
3.6565
3.7212
3.8040
3.7275
3.7742
3.5654
3.7686
3.7065
3.8661
3.6752
3.7118
3.6853
3.7400
3.7583
3.9412
3.7119
3.9024
3.8768
3.7653
3.7743
3.8646
3.6967
3.8374
3.7362
4.0298
4.0888
4.2793
3.8507
3.8879
4.1069
3.8760
3.9361
3.9388
4.0509
3.8636
3.9767
3.8750
3.7112
3.8538
3.6995
3.7208
3.9097
3.8922
3.7019
3.7042
3.8497
3.8531
3.9698
3.7805
3.7551
3.6257
3.4994
3.5011
3.6043
3.7867
3.9059
4.3239
4.0289
3.9753
3.9769
3.9051
3.6925
3.7823
4.2302
4.1381
3.8703
3.6820
3.6616
3.6510
3.6502
3.7817
3.8215
3.9293
3.7546
3.8430
3.6478
3.8285
3.7160
3.7422
3.9266
3.9846
4.0326
4.1328
4.0870
4.1960
4.0948
4.1520
4.0863
3.9964
4.1242
4.0368
4.0470
4.1661
3.8482
4.0359
4.0361
3.7387
3.7926
3.7465
3.9109
3.9711
3.8513
4.2725
4.0568
3.8471
3.7207
3.7087
3.8930
4.1676
3.8331
3.8982
3.8736
4.0346
3.7254
4.1881
3.7558
3.7569
3.7723
3.6609
3.6322
3.9106
3.6678
3.7555
3.7499
4.0492
4.0060
4.1093
3.9027
3.7960
3.9251
3.8049
4.0826
3.7410
3.9516
3.9616
3.5932
3.6878
3.5458
3.6725
3.5334
3.5743
3.8533
3.7663
3.9217
3.6635
3.6691
3.7671
4.0087
3.6396
3.9537
3.7180
3.7309
3.7472
4.0320
3.9965
4.0937
4.0728
4.2908
4.2660
4.0340
4.2168
4.0542
4.1482
4.1068
4.1111
4.1168
3.7815
4.0795
3.9171
3.8674
3.9371
4.0993
4.2644
4.1131
3.7608
4.1915
4.0003
3.7985
3.9660
4.0157
4.0184
4.0400
3.9975
4.0412
4.1018
4.0117
4.1110
3.8679
4.2257
4.3083
4.3736
4.0901
3.9395
3.9674
3.9508
4.1673
4.1691
4.1293
3.9558
3.9104
3.9024
3.9043
3.9908
3.8723
4.0922
4.0683
3.8385
3.9489
3.9123
4.1046
3.8436
3.9981
3.8873
3.8691
4.0013
4.4776
4.0116
4.0509
4.0887
3.9919
3.9915
3.8070
3.8257
3.9329
3.9160
4.0282
3.9143
4.0519
4.0958
4.2763
4.3301
3.9834
4.0638
3.7263
3.9793
4.4412
4.0946
3.9631
3.5942
3.7194
3.7624
3.7809
3.9175
3.7306
3.7133
3.8407
3.5921
3.6589
3.7708
3.6139
3.7100
3.8944
3.7225
4.0464
3.6528
3.7436
3.7360
3.8311
3.7932
3.8387
3.8950
3.8141
3.7967
3.8028
3.7843
3.8604
4.0086
3.8732
4.0622
4.0022
3.8902
4.0308
3.8734
4.3159
4.2436
4.0873
3.9232
4.1284
3.9891
3.9583
3.9114
3.9718
3.8625
3.7883
4.0918
4.2325
3.8957
3.9913
3.8972
3.9264
3.8675
3.7159
3.9424
3.9446
4.0384
4.0731
3.7971
4.1541
3.7184
4.1542
3.7916
4.0692
3.9830
3.9903
3.8557
3.8624
3.6998
3.6963
3.6960
3.7658
3.8235
3.8823
3.8965
3.7001
3.9254
3.7671
4.1166
3.9758
3.9297
4.1250
4.0472
4.1009
3.9530
3.7661
3.8020
3.9084
3.9913
3.7608
3.8524
3.8296
3.8211
3.7624
3.8566
3.9790
3.9432
4.0620
4.1195
4.1267
4.0926
4.2261
4.0169
4.1558
4.2804
3.9712
4.2902
4.5059
4.4167
4.2629
4.2236
4.1903
4.0631
4.1055
3.7606
4.2213
4.3096
4.0620
4.0010
4.0708
3.8519
4.0314
3.9443
3.8179
3.8853
4.1477
4.2191
4.0892
4.3480
4.1436
4.0151
4.1391
3.8676
3.7967
3.7473
3.7509
3.9319
3.7055
4.1082
4.0593
4.1981
4.1637
4.3073
4.0401
4.0591
4.1132
4.0595
4.1633
4.1615
3.9465
3.8943
3.8014
3.7269
3.9269
3.9630
4.0336
3.9408
3.9435
4.1299
3.9198
4.1542
4.1027
3.9833
4.0956
4.0145
4.0839
4.0329
4.1065
4.5676
4.3444
4.1780
4.0463
4.3150
4.1895
4.2606
4.1538
4.0238
4.1380
4.1091
4.1767
4.2011
4.0669
4.0828
4.1193
4.1664
4.2877
4.3431
4.1169
4.1956
3.8854
4.0002
3.9710
4.2195
4.0655
4.0988
4.2478
4.2767
4.0266
4.1845
4.1606
4.1231
3.9328
3.7524
3.9056
3.8218
4.0580
3.8349
3.9778
3.9787
3.9837
3.7526
3.8904
3.9378
3.8404
4.0809
4.1177
4.1538
4.1473
4.1608
4.0604
4.0107
4.1621
4.1858
3.9253
3.9380
4.1562
4.0518
4.0361
4.0250
4.1373
4.0822
4.2164
4.3088
3.9468
4.1246
4.2490
3.9987
3.9883
4.0408
4.1434
4.0592
3.9633
3.9569
4.0256
4.1016
3.9685
3.9302
4.0252
4.0218
3.8956
3.9768
3.7762
3.6085
3.7925
3.7952
3.7349
3.9080
3.8619
3.8144
3.6803
3.6173
3.7313
3.7982
3.7852
3.8461
3.8178
3.6299
3.9008
3.7649
3.7440
3.5160
3.6372
3.8585
3.9896
3.7680
3.6387
3.5347
3.6590
3.6359
3.5338
3.6931
3.7316
3.7516
3.6861
3.5729
3.5284
3.7140
3.5885
3.8351
3.7479
3.6710
3.7431
3.6298
3.7351
3.7858
3.9710
3.8994
3.8447
3.6405
3.7535
3.6001
3.7556
3.6281
3.6738
3.6683
3.8467
3.9082
3.8314
3.7081
3.6431
4.2695
3.8575
4.0174
3.9019
3.9621
3.9706
4.0153
3.6785
3.8487
3.7267
3.7052
3.6891
3.6093
3.6274
3.8029
3.6007
3.7335
3.5349
3.6441
3.7895
3.9245
3.9498
3.7725
3.6967
3.6803
3.7219
3.7271
3.7925
3.7375
3.7056
3.8723
3.8039
3.6541
3.5615
3.7601
3.9268
3.7939
3.8821
3.8354
3.7742
3.7692
3.6540
3.4388
3.5679
3.5779
3.5883
3.5303
3.5911
3.6029
3.5506
3.4018
3.5673
3.5920
3.5636
3.6854
3.4797
3.5243
3.4658
3.6460
3.7159
3.6685
3.8553
3.8481
3.7590
3.8269
3.8901
3.6966
3.8312
3.8702
3.8044
3.6456
3.6501
3.7588
3.7905
3.6749
3.5590
3.7750
3.7179
3.7229
3.9468
3.7772
3.9858
3.8362
3.8833
3.7181
3.8517
3.7668
3.8202
3.8099
4.0454
4.0982
4.0152
4.1586
4.0852
4.0099
4.2176
4.1172
4.0330
4.3466
4.2107
3.9617
4.2307
4.6888
4.4929
4.3379
4.6603
4.3593
4.2873
4.1456
4.2283
4.2640
4.2239
4.3116
4.3480
4.6738
4.2948
4.1915
4.2846
4.2036
4.2602
4.1475
4.2736
4.2165
4.1442
4.2946
4.0907
4.2043
4.0568
4.2632
4.1099
4.1313
4.2170
3.9162
4.1018
4.1804
4.0282
4.0301
3.9979
3.9937
3.8773
3.7887
4.0272
4.0543
3.8964
3.8509
3.8728
3.8185
3.7596
3.6344
3.8316
3.7130
3.8989
3.7686
3.6635
3.6483
3.8179
3.8923
3.8221
3.9296
3.9713
3.9479
3.9568
3.7654
3.7221
3.8041
3.9521
3.9056
4.0671
4.1590
4.2255
4.0206
4.0327
4.1261
4.0436
3.9989
3.9665
3.9425
3.9595
3.9435
4.2123
4.1782
4.2759
4.2039
4.3244
4.2580
4.0184
4.0406
4.0096
4.1066
4.0193
3.9370
4.2061
3.9152
3.9388
3.9172
3.8350
3.9527
3.9450
4.2015
4.1907
4.1516
4.0314
4.0295
4.0271
3.9151
3.9545
3.9055
4.0786
4.0838
4.2315
4.1026
4.2024
4.0197
4.1435
4.1320
4.1335
3.9820
3.9389
4.1193
3.9078
4.1892
3.8953
3.9630
3.9686
4.1505
4.0469
3.7443
4.0958
4.3372
4.2600
4.1765
4.0351
4.2465
4.0517
4.1466
4.3077
4.0931
3.8892
4.0946
4.0542
4.3101
4.4778
4.3664
4.2753
4.6421
4.3476
4.4897
4.2609
4.4065
4.3122
4.1856
4.3848
4.3708
4.2963
4.1908
4.3405
4.1288
4.4144
4.3243
4.3280
4.2291
4.2940
4.3310
4.5884
4.7658
4.3312
4.0133
3.8690
3.8245
3.8378
3.9133
3.9600
3.9718
4.0020
3.8005
3.8913
3.8124
3.9664
4.4421
4.3188
4.1420
4.1927
3.9272
3.7611
4.0954
3.6530
3.7843
3.7643
3.8057
3.9550
4.2071
3.9080
4.3190
3.9980
4.3242
4.2588
3.9695
4.2309
4.1194
3.9997
3.9459
3.9529
3.7903
4.0330
3.9491
3.8712
3.8105
3.8238
3.5120
3.3652
3.5978
3.5334
3.6123
3.7143
3.8396
3.8727
3.9555
4.1426
3.9335
3.9205
4.1053
3.9523
4.0366
4.1310
3.9911
4.2910
4.2786
3.9413
4.0170
4.0251
3.8939
4.0470
4.0189
3.9214
3.8212
3.9230
3.8848
4.0135
4.1241
3.8253
3.9149
4.0881
3.8341
3.8385
3.6702
3.9133
3.7496
3.7848
3.8840
3.8749
4.0911
4.2520
4.2292
4.2282
4.3591
4.3456
4.1233
4.2573
4.2365
4.2889
4.4143
4.2450
4.3214
4.1983
4.0973
4.0468
4.3300
4.3147
4.2980
4.1536
4.1441
4.1437
4.0146
4.2453
4.2342
4.0287
4.2290
4.1660
4.0932
4.0042
3.8714
3.9121
4.1001
3.9753
3.8582
3.9082
4.1401
3.9982
4.0780
4.2546
3.7965
3.8039
3.9230
4.0652
3.9120
3.8473
3.7583
3.7775
4.0440
3.9999
4.0712
3.8849
3.8652
4.0095
4.0685
4.0523
4.0148
3.7363
3.7986
3.7500
3.9512
3.9293
3.8624
4.0317
4.3151
4.1974
4.1189
4.1125
3.9626
3.7918
3.9913
3.9722
3.8711
3.9143
4.2594
3.9925
4.1861
4.1140
4.0773
3.8599
3.8394
3.9073
3.8477
3.6216
4.0878
3.7671
3.8916
3.6706
3.7187
3.6998
3.9312
3.8583
3.8746
3.9466
3.7319
3.6497
3.8360
3.9035
3.8924
4.1666
4.2608
4.2494
4.2047
4.3149
3.9761
4.1001
4.0177
4.1135
3.9962
4.0443
4.0090
4.2484
3.9237
4.0231
4.1205
3.9035
4.1954
4.2277
4.3469
4.6257
4.6309
4.5479
4.3136
3.9836
4.1687
4.0868
4.4463
4.3810
4.4421
4.1783
4.1578
4.1289
4.2330
4.2305
4.3686
4.6129
4.0606
3.9295
4.2125
4.2401
4.1570
4.2739
4.3286
4.1225
3.9920
4.1567
4.0694
4.1696
4.0264
4.0085
4.1748
4.0910
4.2205
4.0611
4.0577
3.7705
4.2079
3.9150
3.9445
3.9466
4.0594
4.0420
3.8534
3.7321
3.8023
3.7529
3.6319
3.5504
3.8519
3.7186
4.1262
3.9376
3.9404
3.9812
3.7686
4.0635
3.6754
3.7656
3.8438
3.9323
4.0355
3.9606
3.8205
4.1346
3.8773
3.9333
3.7686
3.8525
3.6987
3.6568
3.5906
3.7377
3.6818
3.7783
3.7019
3.5677
3.4691
3.6468
3.6888
3.7555
3.7545
3.7764
3.7055
3.5800
3.5129
3.6537
3.7439
3.5242
3.6082
3.5932
3.5580
3.4204
3.5830
3.5788
3.9581
3.9484
3.7756
3.9108
3.7022
4.0401
3.8247
3.7244
4.0323
3.9300
3.8478
3.9145
3.7033
3.7090
3.8208
3.7043
3.8025
3.7384
3.8861
3.8564
3.6552
3.7560
3.8320
3.7076
3.5213
3.5574
3.7415
3.9795
4.0121
4.0392
4.0390
3.9643
4.0470
4.0248
4.0519
4.0566
3.8357
4.1698
3.8718
3.8844
3.7213
3.7571
4.0532
3.8919
3.8492
3.6044
3.7746
3.8323
3.7779
3.5843
3.7437
3.6905
3.7999
3.7759
4.0132
3.8368
3.9866
3.8666
3.6820
3.8288
3.7578
3.9753
3.9529
3.8522
4.1879
3.8422
3.8665
4.2690
4.1906
4.4758
4.3173
4.1797
4.2981
4.2897
3.9428
4.0458
4.0304
4.4581
4.1218
4.3236
4.1753
4.1574
4.3883
4.1162
4.2836
4.1113
4.1598
3.8080
3.9700
3.9565
3.9094
3.5516
3.7368
3.8667
3.9985
3.9806
3.7732
3.6911
3.7748
3.7893
3.6561
3.9015
3.7997
3.9243
4.1146
3.8697
4.1481
4.1035
3.9484
3.8689
3.9476
3.9038
3.8601
4.1624
4.1037
4.0867
3.9764
4.0677
4.1123
3.9333
3.9580
3.6931
3.7854
3.8588
3.8190
3.8206
3.7646
3.8173
4.0861
4.1423
3.9792
4.1083
4.1872
4.0459
4.0167
4.0262
3.7660
4.0133
4.2108
4.0383
4.1489
3.8037
4.1070
3.8827
3.9879
3.8752
4.1590
3.9079
4.1138
4.0942
3.7762
3.8904
3.9635
3.8368
3.7288
3.6663
3.8958
3.8802
3.8840
3.9212
3.8883
3.9898
4.0062
4.3290
4.2170
4.4875
4.2299
4.1443
4.1186
4.1669
4.1378
4.2492
4.0831
4.0305
4.0272
4.0184
4.0081
3.8687
3.7899
3.5607
3.6415
3.7054
3.8250
4.0739
3.9065
3.9990
4.2183
4.0235
4.0826
3.8416
3.9114
3.8790
3.7828
3.7342
3.6930
3.7545
3.8159
3.6146
3.6799
3.7518
3.9506
3.9168
3.6457
3.6489
3.7836
3.9107
3.9331
3.7527
3.8080
3.8448
3.8362
3.6808
3.7350
3.7204
3.7082
3.7402
3.9307
3.9226
4.0376
4.0732
4.2418
4.1918
4.1498
4.0500
4.1423
3.7988
3.7477
3.6841
3.9703
3.8027
3.8332
3.6450
3.6455
3.7597
3.9579
3.7816
3.7720
3.8160
4.0530
4.1158
4.1585
4.1064
4.1206
4.2884
4.0898
4.2546
3.8857
3.9095
4.0547
3.8793
3.9899
3.9551
4.0015
4.2758
4.2042
4.1544
4.1492
4.1209
3.9912
3.9999
3.7955
4.0124
3.9454
4.1444
3.8739
3.8802
4.0489
3.7960
3.6917
3.8250
3.7060
3.8371
3.9272
3.8824
3.7319
4.0548
3.8425
3.7423
3.7118
3.7321
3.6928
3.6271
3.7172
3.9808
3.8688
3.8907
3.8731
4.1196
4.1451
3.7971
3.9978
3.9241
3.7794
3.6637
3.8950
3.7153
3.7582
3.8060
3.9387
3.9331
3.6623
3.9730
3.9077
3.9575
3.7377
3.6302
3.9628
3.8603
4.1076
3.9454
4.0055
3.7926
3.6601
3.8608
3.9011
3.7907
3.9217
3.7821
3.8452
4.1310
4.0587
4.0969
3.9277
4.1947
4.1099
4.1925
4.0199
3.8220
3.8362
3.8125
3.6701
3.8171
3.9019
3.8095
3.8039
3.8174
3.7415
3.6822
3.9209
3.9650
4.0262
3.9462
3.9512
3.9157
3.9734
3.8193
3.8521
3.8489
3.8368
3.9482
4.0336
3.9465
4.1299
3.9300
4.2015
4.2420
4.0787
4.2708
3.9743
3.8788
4.0101
4.2864
4.0279
3.8160
3.7910
3.7981
3.7775
3.7896
3.9675
3.9803
3.9750
3.8749
3.8882
4.2276
3.8911
3.7902
3.6333
3.8098
3.9807
3.9856
3.9760
3.9296
3.8125
3.5574
3.7286
3.8458
3.9980
3.9244
3.9600
3.7414
3.8855
3.7058
3.7242
3.6805
3.6768
3.5360
3.6845
3.9987
3.9288
3.8285
3.6674
3.8255
4.0533
3.9828
4.1008
3.9575
3.8005
3.8023
3.7715
3.8150
3.8273
3.7081
3.8280
3.8997
3.6833
3.9964
4.0206
4.0066
3.7870
3.6689
4.0514
3.9922
3.7957
3.9427
3.7905
3.7906
4.0419
3.9928
3.7738
4.0486
4.1742
3.8400
3.8229
3.8391
3.8312
3.8030
3.9021
4.1329
3.9841
4.0401
3.8179
3.7543
3.7198
3.9480
4.0100
4.0084
4.1094
3.9795
3.6454
4.0089
4.1707
3.9916
3.9151
3.9940
3.9108
3.8025
3.9542
4.1188
3.9184
3.8232
3.9344
4.0561
4.2231
3.9229
3.9492
4.1432
4.0829
4.1271
3.9426
3.9293
4.0467
3.8715
4.0443
3.8953
3.8045
4.1028
4.1021
3.9893
3.9594
3.9372
3.8675
3.8772
3.6377
3.8942
3.7541
3.8600
3.8645
4.2573
4.1574
3.8642
3.8212
4.0015
4.2448
4.0725
4.0179
4.0809
4.0496
4.1058
3.9350
3.8660
4.1149
3.9666
3.9113
3.7590
3.8000
3.8085
4.2179
4.0025
4.2607
3.9748
3.8430
3.9058
3.7947
3.9483
3.7781
3.7329
3.7036
3.7688
3.8139
3.8894
3.7893
3.8249
3.9748
3.9146
3.7670
3.9807
3.9555
3.8914
3.9695
4.0024
3.8237
4.0838
3.9513
4.1381
3.9219
4.0130
3.9475
3.8283
3.8919
3.8696
3.8357
3.6412
3.7518
3.8032
3.8939
3.8577
3.6416
3.8419
3.7277
3.7128
3.7679
3.6651
3.5245
3.4711
3.6980
3.5807
3.6938
3.8943
3.7244
3.5674
3.8394
3.6604
3.7606
3.8098
3.9113
3.9138
3.9011
3.6285
3.8086
3.8674
3.7294
3.7589
3.6175
3.6727
3.5626
3.8352
3.5710
3.7032
3.7129
4.0831
3.8217
3.7949
3.8717
3.8802
4.0557
3.8055
3.8223
3.8431
3.9802
3.8122
3.7712
3.5597
3.8120
3.9805
3.7894
3.8592
3.8751
3.7383
3.7811
3.6643
3.6581
3.8719
3.8832
3.5683
3.4481
3.6932
3.6751
3.5518
3.6798
3.5955
3.5136
3.6665
3.6956
3.7162
3.5171
3.6434
3.6465
3.5974
3.5121
3.6490
3.7041
3.6146
3.6631
3.9285
3.8500
4.1734
3.9224
3.7628
3.7171
3.6759
3.8341
4.2343
4.0605
4.1529
4.1425
3.9221
3.9810
4.3120
4.0377
4.2190
3.8344
3.6693
3.8666
3.8226
4.0092
3.8883
3.8035
3.4468
3.7274
3.7566
3.6159
3.7234
3.7020
3.8721
3.7636
3.7363
3.7716
3.7645
3.6427
3.7357
3.8592
3.9120
3.6647
3.8568
4.0170
3.6908
3.7887
3.9069
3.8558
3.8356
3.8848
3.9710
3.4898
3.6583
3.5099
3.6851
3.5565
3.7460
3.7270
3.6329
3.8363
3.6941
3.8267
3.8359
3.8472
3.6694
3.4582
3.4271
3.5458
3.4656
3.4999
3.4540
3.4290
3.5150
3.3934
3.5691
3.5929
3.5700
3.3152
3.3986
3.5067
3.4720
3.7120
3.5327
3.6917
3.5605
3.6537
3.5719
3.6697
3.6525
3.5365
3.5295
3.6163
3.6528
3.7071
3.8596
3.8575
3.9401
3.8356
3.6292
3.7900
3.5193
3.5132
3.6019
3.6992
3.8691
3.7100
4.0583
3.7366
3.8831
3.8584
3.6514
3.7683
4.0048
3.8199
3.6808
3.5267
3.8156
3.5539
3.8560
3.6764
3.5384
3.8175
3.7047
3.9188
3.7080
3.6967
3.7504
3.7995
3.7074
3.5473
3.5804
3.5685
3.7152
3.6683
3.7268
3.6825
3.6451
3.7786
4.0005
3.7630
3.9095
3.7244
3.8819
3.7209
3.8473
3.6897
3.8575
3.7309
4.0167
3.9196
3.9601
4.2923
4.0262
4.2177
4.1336
3.9780
3.8352
3.7887
3.6630
3.6736
3.6817
3.6365
3.8594
3.6203
3.7397
3.6145
3.7121
3.7585
3.7903
3.8334
3.7805
3.6405
3.4628
3.6852
3.8110
3.8523
3.5190
3.6604
3.8142
3.8521
3.3964
3.3628
3.5994
3.4898
3.6894
3.5753
3.7685
3.7295
3.5615
3.7845
3.8869
3.9056
3.6194
3.7491
3.6503
3.7508
3.6923
3.8089
3.7743
4.0678
3.8214
3.8375
3.8548
3.7823
3.7511
3.9781
3.8513
3.6315
3.7676
3.6460
3.5670
3.6360
3.4066
3.8034
3.6179
3.6345
3.6280
3.6931
3.7931
3.7768
3.7947
3.8748
3.7585
3.7054
3.8182
3.8509
3.6122
3.6825
3.8808
3.6570
3.6586
3.7379
3.6625
3.8143
3.5591
3.6881
3.7324
3.8181
3.6291
3.6564
3.7718
3.5787
3.6962
3.7978
3.7052
4.0367
4.0610
3.8003
3.6384
3.7163
3.9379
3.8102
3.8089
3.9440
3.8911
4.0820
4.1167
4.0604
4.1612
3.8756
4.0561
4.2545
4.2076
3.9704
3.8727
3.7384
3.9016
3.8527
3.8904
3.9244
3.7433
3.6622
3.8125
3.8453
3.9976
4.1233
3.8586
4.0981
3.7256
3.6695
3.8777
3.8462
3.9031
3.7973
4.1577
3.8781
4.0546
4.0244
3.7723
3.8150
3.8414
3.9283
3.9032
4.1176
3.9690
3.7360
3.9587
3.8493
3.8831
3.6534
3.8380
4.0424
3.9054
3.7887
3.7201
3.7229
3.6209
3.8072
3.9324
3.9457
3.9423
4.1133
4.1136
3.9725
3.7877
3.7265
4.0687
4.0968
3.8348
3.5761
3.8344
3.8189
3.8594
3.8058
3.6818
3.5483
3.7002
3.9093
3.8238
3.5305
3.4991
3.6673
3.6166
3.5955
3.7357
3.4638
3.3177
3.1843
3.2732
3.4876
3.4880
3.5390
3.6160
3.6935
3.7057
3.7435
3.6123
3.7217
3.6232
3.6579
3.7478
3.8091
3.6147
3.7274
3.7069
3.7190
3.5874
3.8102
3.9021
3.6496
3.6176
3.6926
3.6646
3.7266
3.8501
3.6926
3.8124
3.5657
3.6634
3.6042
3.6201
3.4463
3.3921
3.4718
3.6027
3.8301
3.7797
3.7663
3.8857
3.8863
3.6453
3.7542
3.6396
3.7215
3.7273
3.8292
3.7584
3.8545
3.8496
3.7005
3.8940
3.8984
3.8355
3.7675
3.8744
4.0412
3.7915
3.9857
3.8627
3.7846
3.8872
3.7499
3.8799
3.9446
3.9448
4.0757
3.8922
3.8583
4.0190
3.9805
3.9445
4.0154
3.8732
3.7081
3.8631
3.8869
4.0058
3.8667
3.8579
3.7469
3.7488
3.4562
3.4401
3.6591
3.6120
3.3227
3.4365
3.4471
3.6437
3.5105
3.7188
3.6130
3.5297
3.6835
3.5659
3.6536
3.9534
3.6899
3.8156
3.6111
3.6283
3.6800
3.7056
3.7126
3.9047
3.8111
3.7533
3.8963
3.8443
3.8957
4.0030
3.7986
4.0493
3.6962
3.8596
3.7552
3.6392
3.7813
3.7319
3.7334
3.6298
3.9264
3.7305
3.9285
3.8661
3.8360
3.7537
3.5902
3.7262
3.6896
3.7595
3.7518
3.7123
3.4171
3.7637
3.4784
3.5867
3.4693
3.6025
3.5955
3.5472
3.5814
3.5396
3.8388
3.9054
3.8448
3.5868
3.5373
3.8205
3.7097
3.7314
3.6772
3.5743
3.6157
3.6414
3.6188
3.6209
3.5616
3.4962
3.5714
3.7840
3.9368
3.7866
3.9561
4.0669
3.9980
4.1165
4.0547
3.6787
3.8949
3.8920
3.8541
3.7130
3.9731
3.8280
3.9653
3.9321
3.9259
3.7779
3.6599
3.8031
3.8687
3.8657
3.8946
4.0018
3.8535
3.9914
4.0358
3.8198
3.8165
3.7504
3.8150
3.9882
3.7622
3.9709
3.9833
4.0273
3.8502
3.8897
3.8676
3.6610
3.7194
3.7959
3.9241
3.7643
3.5905
3.7564
3.8125
3.8764
3.5284
3.6662
3.5164
3.4973
3.6107
3.8045
3.6111
3.7907
3.8942
3.9863
3.7453
3.8397
3.6963
3.8004
3.7482
3.4888
3.6893
3.5688
3.6392
3.7544
3.8676
3.8363
3.7886
3.8704
3.7651
3.9274
3.8855
3.7971
3.7153
3.7633
3.5690
3.6128
3.7968
3.6696
3.6848
3.6328
3.5504
3.6268
3.4824
3.5615
3.7690
3.7734
3.7400
3.5234
3.7524
3.6317
3.8279
3.9104
3.8374
3.8207
3.7468
3.7448
3.6917
3.8178
3.6329
3.5154
3.4530
3.5171
3.4004
3.4601
3.5472
3.6077
3.5316
3.6548
3.7344
3.6456
3.6092
3.6818
3.6361
3.9094
3.8405
3.9607
3.8741
3.9013
3.8819
3.9451
3.8400
3.8147
3.8825
3.9655
3.7805
3.7260
3.7653
3.6892
3.8211
3.7450
3.6085
3.6218
3.5446
3.5959
3.6485
3.5939
3.4225
3.4781
3.6486
3.4978
3.4163
3.4530
3.4409
3.6703
3.7173
3.5519
3.7019
3.4429
3.3722
3.4515
3.6090
3.6590
3.7381
3.6449
3.5103
3.6691
3.9932
3.8017
3.6991
3.5923
3.8326
3.5427
3.4192
3.6992
3.6958
3.5361
3.4480
3.6305
3.6703
3.7317
3.6540
3.6959
3.6849
3.7044
3.6863
3.5374
3.4816
3.5157
3.6819
3.5546
3.4206
3.2695
3.4029
3.3887
3.4884
3.4719
3.4652
3.4317
3.6030
3.5268
3.5444
3.5260
3.5710
3.5198
3.5277
3.5973
3.4791
3.6673
3.6075
3.7350
3.7233
3.6108
3.7480
3.7338
3.7885
3.5681
3.6362
3.6286
3.4570
3.4990
3.4207
3.5468
3.6200
3.5687
3.3654
3.5129
3.3366
3.2641
3.3161
3.4760
3.5372
3.6428
3.4757
3.5500
3.5556
3.6198
3.6269
3.8067
3.6966
3.4062
3.6069
3.7649
3.8338
3.8792
3.6236
3.7154
3.6530
3.6356
3.7246
3.7666
3.6812
3.6298
3.7765
3.5945
3.4669
3.3709
3.4288
3.6342
3.6625
3.6577
3.6066
3.6519
3.6568
3.7386
3.7610
3.7165
3.4595
3.6917
3.6194
3.7826
3.6284
3.6145
3.4307
3.4126
3.4669
3.5391
3.2982
3.5433
3.6314
3.6568
3.6112
3.8998
3.5929
3.6669
3.7750
3.6376
3.7258
3.7017
3.6331
3.5830
3.5852
3.7368
3.6804
3.5390
3.7047
3.7387
3.5197
3.8542
3.7634
3.4180
3.5213
3.6395
3.6527
3.4221
3.6603
3.5834
3.7383
3.7473
3.6323
3.7952
3.6742
3.7044
3.5013
3.5164
3.6374
3.6088
3.5955
3.4625
3.2911
3.4810
3.4442
3.5168
3.6353
3.5675
3.5574
3.6078
3.6135
3.3491
3.7144
3.3730
3.4008
3.3816
3.5053
3.4673
3.4349
3.6587
3.5878
3.5115
3.4754
3.5750
3.5527
3.6114
3.5351
3.5551
3.5508
3.6729
3.6394
3.5906
3.5714
3.6754
3.6266
3.7484
3.6165
3.7695
3.9131
3.8035
4.0165
3.7779
3.7693
3.8301
3.9153
3.8956
3.9094
3.9380
3.8575
3.8257
3.7077
3.7323
3.7115
3.6272
3.8149
4.0413
4.0508
4.0993
4.0577
3.8557
3.8964
3.9059
3.9450
3.8418
3.7408
3.7775
3.7289
3.7461
3.7971
3.7900
3.7741
4.0460
3.6436
3.8510
3.9734
3.7003
3.7753
3.9461
3.8605
3.8303
3.9498
3.7185
3.8960
3.7592
3.8334
3.8318
3.7989
3.9095
3.8876
3.8735
3.8618
3.6614
3.6834
3.7978
3.8555
3.8684
3.7743
3.6752
3.9250
3.7402
3.7870
3.6740
3.6818
3.7228
3.8578
3.8617
3.7564
3.6532
3.7621
3.8045
3.7278
3.7771
3.7769
3.8934
3.7708
3.7345
4.0995
3.7047
3.6993
3.7131
3.8350
3.8064
3.8255
3.7088
3.7555
3.6500
3.4710
3.6523
3.8394
3.8601
3.6756
3.6715
3.6565
3.5103
3.6654
3.4391
3.5504
3.7699
3.6486
3.6285
3.6210
3.4060
3.4555
3.4377
3.7397
3.7214
3.9236
3.6492
3.5487
3.5353
3.3619
3.6198
3.7041
3.6484
3.7399
3.7968
3.6775
3.5786
3.5762
3.4974
3.5389
3.5815
3.5785
3.8234
3.7571
3.7447
3.8027
3.7507
3.8059
3.9468
3.7403
3.9795
3.8642
4.0062
3.8262
4.1044
4.2043
3.7833
3.9674
4.0701
3.9227
4.1401
3.9024
4.1729
4.0754
3.9787
4.0062
3.9497
3.9995
3.9824
4.0245
4.0516
4.2358
4.0030
4.0430
3.9177
4.1822
3.8426
3.7765
3.8841
3.7978
3.7787
3.8317
3.7300
3.8558
3.7961
3.6797
3.5930
3.6982
3.7500
3.7108
3.7615
3.8431
3.9169
3.8674
4.0077
4.0420
4.1234
3.9446
4.0842
3.9886
4.1926
4.0285
3.9649
3.9949
4.0385
3.9883
3.9729
3.9102
3.9207
4.2593
4.0613
4.1281
3.8710
3.8495
4.0212
4.1608
4.2452
4.2905
4.0402
4.0959
3.8418
3.8943
4.0295
3.9926
4.1538
4.2871
3.9217
3.8986
4.0143
4.1161
3.9450
3.9603
4.0000
3.9691
3.9165
3.8387
4.0716
3.9694
4.1023
3.9424
3.9979
3.7978
3.7945
3.7913
4.0050
3.8325
3.7631
3.8877
3.7543
3.8976
3.8837
3.8417
3.8682
4.0291
4.0525
4.1367
3.8957
3.8457
3.7437
3.7878
3.8632
3.7812
3.8136
3.8911
3.7890
3.8477
3.5989
3.5518
3.7840
3.7518
3.8704
3.9801
3.6687
3.8523
3.9599
3.8616
3.8109
3.7272
3.8013
3.6938
3.7548
3.9033
4.0440
4.0656
4.1949
4.0320
3.7145
3.8518
3.7486
3.7086
3.9219
3.7659
3.8058
3.9136
3.8876
4.0080
3.8236
3.9499
3.9369
3.8643
3.7155
3.7001
3.7080
3.6635
3.8738
3.7063
3.8549
3.8392
3.9774
3.9343
3.8429
3.8026
3.8328
3.9808
3.8451
3.8482
3.8069
3.6428
3.8140
3.9628
3.7867
3.8957
3.7496
3.9792
3.7611
3.9259
3.7378
3.7868
3.8350
3.7180
3.9732
3.7889
3.8530
4.0154
3.9534
3.9783
3.9051
4.0330
3.8308
3.9281
3.9306
4.0814
3.9835
3.9679
4.0221
4.1030
4.0044
4.0891
3.8268
3.7898
3.6791
3.7561
3.9279
3.6498
3.7652
3.8959
3.9878
3.7985
3.9488
3.8300
3.9445
3.8224
3.9442
3.7297
3.7373
3.6902
3.8356
3.7237
3.8901
3.8640
4.0194
3.8764
3.7725
3.9757
3.7700
4.2652
3.9474
3.8681
3.9208
4.1104
3.6366
3.7409
3.6437
3.6046
3.8439
3.9310
3.7952
3.9424
3.9228
3.7934
3.9244
3.8984
3.6646
3.6842
3.7638
3.8686
3.7515
3.6149
3.7836
3.7915
3.7809
3.7344
3.6353
3.5065
3.6292
3.6771
4.0970
3.9892
3.6334
3.5478
3.9166
3.7310
3.6903
3.6831
3.8017
3.8758
3.7600
3.8419
3.9406
3.7870
3.8422
4.0135
3.8223
3.8475
3.7567
3.9069
4.0927
3.8807
3.8080
3.8185
3.4696
3.6167
3.8801
3.8348
3.8897
4.0104
3.8360
3.8446
3.8756
3.7064
4.0707
3.9237
3.7435
3.9484
4.0029
3.8109
3.6127
3.6373
3.9562
3.9502
3.9919
3.8790
3.9217
3.9962
3.7405
4.0295
3.6014
3.6407
3.7660
3.6378
3.8543
4.1044
3.8559
3.7366
3.8561
3.7871
3.7884
3.8614
3.7843
3.4975
3.6849
3.5169
3.7151
3.9531
3.9909
3.7998
3.9484
3.9776
4.0903
3.9125
3.9433
3.9360
3.8419
3.9202
4.0086
3.8806
3.9690
4.1094
4.1064
4.0633
4.0696
3.9814
4.0204
4.2107
4.0452
4.1850
4.2174
4.2001
3.9545
3.9170
3.8575
3.8493
3.9128
3.9887
3.8372
3.7661
3.9969
4.0062
3.8683
4.0181
4.1558
4.1306
4.0199
4.2590
4.1857
4.4170
4.3246
4.2304
4.1926
4.2434
4.1058
4.2730
4.2519
4.1019
4.1503
4.3054
4.3066
4.1889
4.2327
4.1258
3.9419
3.9650
4.0807
3.8308
3.6944
3.8198
3.8508
3.8806
3.8643
3.7877
3.7023
3.7502
3.7377
3.7189
3.8046
3.9354
3.8379
4.0080
3.9585
3.7266
3.8206
3.9466
3.9539
3.8782
3.7975
3.7415
3.9380
3.7963
3.7895
3.8060
3.8853
3.9472
4.0657
3.8946
4.0871
3.7216
3.5584
4.0031
3.6868
3.9840
3.8661
3.8484
3.9420
3.9448
4.0207
3.9626
4.0918
3.9319
3.9221
3.9122
3.8921
3.8863
3.8170
4.1619
4.0358
3.8855
4.0453
3.7696
3.9948
3.7045
3.7985
3.9575
3.8898
3.8828
3.8247
3.8214
4.2111
3.9372
3.9348
3.8571
3.7548
3.8888
3.8331
3.7311
3.7282
3.7408
3.7694
3.5698
3.6811
3.8293
3.7162
3.7399
3.9229
3.8443
3.8145
3.6459
3.6299
3.8591
4.0645
3.9870
3.9824
4.0031
3.6930
4.0892
4.0111
3.8985
3.8713
3.8481
3.8444
4.0226
3.9538
4.0078
3.8975
3.9956
3.7247
3.8399
3.7762
3.9248
3.6954
3.9412
3.9877
3.7940
3.9184
3.7983
3.8656
4.0555
3.9560
4.1020
3.7823
3.7923
3.7305
3.9375
3.8957
3.6619
3.8764
3.8653
3.8367
3.7911
3.8217
3.8001
3.6049
3.8571
4.0476
4.1061
3.9726
4.0950
3.8652
3.9121
3.7602
3.5345
3.5757
3.7967
3.8180
3.7969
3.7478
3.8043
3.8192
3.8065
3.8284
3.8177
3.7523
3.8186
3.6621
3.6488
3.6302
3.7928
3.7024
3.6825
3.7274
3.8512
3.5708
3.9372
3.7545
3.6210
3.6816
3.8051
3.6930
3.7108
3.7631
3.9392
3.8381
3.5733
3.8189
3.7813
3.9839
3.9495
4.0848
3.9582
3.7793
3.8001
3.7593
3.8401
3.7614
3.8709
3.6035
3.6176
3.7883
4.0228
3.9238
3.9494
3.8760
3.6633
3.6766
3.6111
3.8833
3.5951
3.8763
3.6234
3.6158
3.7214
3.7025
3.5728
3.5500
3.4800
3.5366
3.6859
3.5200
3.7403
3.6328
3.6790
3.4137
3.7066
3.7143
3.6858
3.6703
3.6366
3.5970
3.5376
3.6743
3.7408
3.6508
3.5358
3.5521
3.6547
3.7077
3.6943
3.8520
3.9700
3.7770
3.7922
3.7520
3.8448
3.6957
3.5246
3.6546
3.7469
3.5762
3.8970
3.7473
3.6035
3.6674
3.9379
3.7915
3.7622
3.6331
3.6200
3.4881
3.5903
3.6362
3.4803
3.5823
3.6888
3.8181
3.8621
3.8296
3.7729
3.6052
3.8287
3.4808
3.7156
3.7481
3.7566
3.7484
3.8897
3.7945
3.8916
3.8367
3.6171
3.6578
3.6709
3.6622
3.8196
3.7346
3.7274
3.8299
3.8277
3.7168
3.7695
3.7213
3.8904
3.8427
3.8889
3.7544
3.7710
3.7741
3.7429
3.6526
3.5221
3.7218
3.7393
3.7353
3.6663
3.8705
3.6182
3.6764
3.6307
3.6666
3.6498
3.6563
3.7899
3.6837
3.6881
3.6157
3.6857
3.7509
3.7186
3.6954
3.7178
3.7441
4.0470
3.7749
3.8517
3.8845
3.6658
3.5954
3.4481
3.6141
3.8213
3.7518
3.7031
3.6150
3.8604
3.8638
3.8462
3.9558
3.9415
4.0130
3.8690
3.9311
3.6995
3.9930
4.0346
3.9944
4.1803
3.9292
3.9776
4.0984
3.9964
4.2530
4.1226
4.0468
4.0671
3.9063
3.9181
4.1313
4.0520
3.9884
3.9720
3.7213
3.6758
3.7472
3.8775
4.0136
4.0013
3.9765
3.8114
3.6911
4.0137
3.7912
3.7699
3.7854
3.9530
3.8827
3.7461
4.0195
3.7778
3.8061
3.7233
3.5130
3.6512
3.8334
3.6774
3.7737
3.8439
3.7452
3.7686
3.6121
3.5843
4.0128
3.8662
3.6377
3.6940
3.8152
3.7616
3.9666
3.8487
3.8118
3.6455
3.6082
3.6768
3.9206
3.9238
3.6657
4.0573
3.9563
3.8862
3.5851
3.6873
3.7355
3.9758
3.8203
3.8600
3.9849
3.7873
3.9818
3.9588
4.0628
4.1614
4.0176
3.9438
4.0249
3.9474
3.9892
3.8583
3.8172
3.7403
3.4651
3.5611
3.6146
3.5950
3.6221
3.5194
3.5409
3.6883
3.7134
3.7244
3.4855
3.5141
3.6968
3.5603
3.5070
3.6598
3.6137
3.5682
3.7427
3.5360
3.7119
3.5115
3.7129
3.6413
3.7989
3.4202
3.4810
3.3585
3.5376
3.2757
3.3926
3.4765
3.6218
3.4208
3.3920
3.3204
3.5819
3.4582
3.5303
3.3379
3.2562
3.4334
3.4181
3.6157
3.6477
3.4611
3.3056
3.2804
3.6977
3.7382
3.6082
3.6321
3.5332
3.5533
3.3935
3.5597
3.4806
3.1945
3.2903
3.3424
3.2933
3.3480
3.2145
3.2556
3.3332
3.2016
3.2889
3.3643
3.4577
3.3118
3.1306
3.3258
3.3784
3.2530
3.4492
3.3963
3.6985
3.4521
3.5118
3.4486
3.4895
3.3206
3.3363
3.2429
3.1821
3.2502
3.3496
3.3060
3.4474
3.4331
3.3847
3.3768
3.3797
3.0503
3.1271
3.3825
3.4319
3.3816
3.4020
3.3239
3.4906
3.4054
3.4332
3.3296
3.2785
3.5230
3.4869
3.5167
3.4798
3.6648
3.3492
3.4383
3.3881
3.2633
3.3733
3.3403
3.4552
3.5768
3.5271
3.4642
3.2600
3.5053
3.5836
3.5913
3.3708
3.6051
3.5711
3.5198
3.7049
3.3969
3.2456
3.3800
3.4652
3.2822
3.3340
3.5103
3.5237
3.4363
3.4448
3.4052
3.5512
3.4617
3.6412
3.7027
3.5704
3.5550
3.3695
3.3941
3.4055
3.1344
3.2683
3.4948
3.4886
3.5794
3.4004
3.3317
3.2200
3.2234
3.2658
3.1867
3.4614
3.4317
3.3990
3.5909
3.1810
3.1771
3.0799
3.2645
3.3264
3.1748
3.1180
3.1700
3.2105
3.2154
3.1107
3.1927
3.0310
3.0561
3.0523
3.2215
3.3925
3.4833
3.0482
3.1979
3.3355
3.3778
3.3424
3.4481
3.3685
3.4134
3.1958
3.1909
3.2980
3.2541
3.2035
3.3909
3.3491
3.1547
3.4356
3.3576
3.3453
3.2743
3.4254
3.3735
3.5291
3.3798
3.2823
3.3926
3.3968
3.3833
3.3722
3.3872
3.2257
3.2164
3.1948
3.1824
3.3642
3.2431
3.1953
3.2604
3.2151
3.1522
3.1407
3.0464
3.2035
3.5086
3.4959
3.1456
3.2497
3.3866
3.2901
3.2289
3.0034
3.3407
3.3273
3.6102
3.3607
3.3342
3.4242
3.3042
3.3773
3.4380
3.5474
3.3502
3.2644
3.3686
3.3863
3.4433
3.6197
3.5260
3.4715
3.6700
3.3724
3.5015
3.4770
3.6273
3.3432
3.4565
3.5543
3.2772
3.3035
3.1232
3.2997
3.4076
3.6139
3.5614
3.5032
3.5442
3.7883
3.4500
3.7698
3.9143
4.0234
3.7149
3.6333
3.7920
3.8292
3.5869
3.7971
3.7578
3.6689
3.8234
3.7753
3.9060
3.9640
4.1332
4.0603
3.8256
3.8271
3.8954
3.7364
3.5638
3.7243
3.7678
3.5945
3.4551
3.5634
3.5636
3.5388
3.6461
3.5150
3.3645
3.3190
3.5938
3.4783
3.5652
3.6714
3.4567
3.3791
3.3887
3.3458
3.1034
3.2623
3.3690
3.1296
3.1939
3.1584
3.1288
3.1153
2.9840
3.1594
3.2233
3.3635
3.2451
3.2442
3.2955
3.1586
3.4177
3.2386
3.3051
3.2550
3.2763
3.3774
3.3031
3.1789
3.6327
3.7693
3.6372
3.3527
3.3727
3.1786
3.3365
3.3110
3.4876
3.3839
3.4535
3.4109
3.5051
3.4567
3.4720
3.5659
3.5494
3.4076
3.2814
3.5490
3.5753
3.6939
3.5793
3.4685
3.6421
3.8574
3.6867
3.9415
3.8043
3.6520
3.5892
3.4714
3.4870
3.6526
3.5407
3.4509
3.3973
3.3567
3.2115
3.3948
3.4672
3.3916
3.4138
3.6247
3.4775
3.2800
3.7123
3.4165
3.4007
3.2190
3.4660
3.7052
3.7404
3.5236
3.4328
3.8396
3.5556
3.6943
3.8308
3.6532
3.6648
3.4746
3.6574
3.7482
3.7468
3.6430
3.4376
3.6699
3.4433
3.2737
3.4552
3.5487
3.3606
3.2605
3.2617
3.1741
3.3547
3.2003
3.1787
3.1821
3.6248
3.2644
3.2589
3.4809
3.3206
3.4895
3.4619
3.4159
3.3128
3.4503
3.1451
3.1169
3.2821
3.1446
3.1488
3.2139
3.1825
3.0807
3.1537
3.2896
3.0726
3.3307
3.2440
3.3473
3.1690
3.3116
3.2026
3.1902
3.1929
3.2089
3.1501
3.0685
2.9824
2.8526
2.9743
2.8192
2.8717
2.6344
2.6627
2.8769
2.8279
3.0231
2.9160
2.9971
2.8492
2.9105
3.0336
2.9855
3.1024
3.2802
2.7892
2.8311
2.8291
2.8526
2.9242
2.9352
2.7597
2.9324
2.9503
2.9411
2.9779
2.8740
2.8926
2.8651
2.9688
2.9284
2.9136
2.8984
2.8714
3.0156
2.9666
2.9069
2.9254
2.8805
2.8893
2.9974
2.9371
2.9818
2.9689
2.9855
2.8175
2.8105
3.0862
2.9044
3.0160
3.0067
3.1864
3.0775
2.9660
3.0113
3.0809
3.2335
3.0878
3.0633
3.2271
3.1867
3.2875
3.1239
3.1716
3.0016
3.1803
3.0453
3.0910
3.0805
3.1562
3.1068
3.3728
3.2818
3.3722
3.3000
3.4108
3.5103
3.2594
3.4692
3.4822
3.4859
3.6344
3.4862
3.5030
3.6625
3.6368
3.5554
3.7262
3.7050
3.4787
3.5495
3.5341
3.6297
3.6525
3.6839
3.3943
3.5826
3.6280
3.5905
3.5445
3.6088
3.6695
3.6296
3.6343
3.7161
3.8388
3.7075
3.7204
3.6594
3.7995
3.6107
3.6922
3.7073
3.8326
3.6978
3.5093
3.8983
3.7216
3.8973
4.1107
3.8487
3.9219
4.0345
3.9274
3.8773
3.6778
3.7095
3.7931
3.6628
3.5992
3.7496
3.6102
3.6914
3.6958
3.7271
3.7614
3.5735
3.7727
3.6819
3.6921
3.8163
3.8639
3.8494
3.7970
3.7923
3.8782
3.8226
3.8620
3.7513
3.7935
3.9110
3.6340
3.8753
3.8120
3.9036
4.1011
3.9061
4.0753
4.0444
3.9829
4.0357
4.1916
4.0294
3.9692
4.2149
3.9599
3.8276
3.8737
3.8017
3.9264
3.8958
3.7767
3.6139
3.9061
3.6755
3.5347
3.7183
3.8499
3.8246
3.8047
3.6952
3.7066
3.7870
3.8664
3.9755
3.9687
3.7380
3.9841
3.9036
3.9302
3.7199
4.0125
3.9492
3.9861
3.7838
3.8392
3.8906
3.8041
3.5807
3.7009
3.7128
3.8164
3.6521
3.8161
3.7134
3.8411
3.5683
3.7121
3.8518
3.8527
3.8317
3.9975
4.0830
3.9161
3.9250
3.8863
3.7568
3.8373
3.8332
3.9090
3.8712
3.9415
3.9678
3.8320
3.9556
3.7467
3.8808
3.9246
3.8531
4.1193
3.9970
4.0921
3.7010
3.6760
4.0219
3.9859
3.9325
4.0948
3.9845
4.0592
4.2239
4.1443
3.8400
4.0809
4.1456
4.0179
4.1025
4.1306
4.1120
4.0372
4.0926
3.8943
3.8161
3.9636
4.0260
3.9316
3.7948
3.9519
4.0357
3.9086
3.8125
3.9823
4.0928
4.0708
4.1267
3.9557
3.9594
4.1987
4.1347
3.9195
3.9867
4.1129
4.0673
3.8247
3.8055
3.8818
3.8092
3.7979
4.0366
4.0731
4.1717
4.1324
4.0194
4.0207
4.1467
4.1889
4.2007
3.9917
4.1255
4.2346
3.9146
4.0306
3.8592
3.7730
3.7494
3.9300
3.9249
3.6450
3.7977
3.8615
3.7669
3.8644
3.7793
3.7018
3.8584
3.8563
3.9519
3.8951
3.5438
3.5013
3.7972
3.6575
3.9466
3.9181
3.9410
3.7667
3.9352
4.1109
3.9121
3.9254
4.0729
4.0349
4.0360
3.8987
3.8699
3.8846
3.7333
3.7161
3.9084
3.8130
3.8431
3.8220
3.6277
3.5840
3.7636
3.9102
3.9603
3.9198
3.7908
3.7873
3.9980
3.9057
3.6992
3.8708
3.9730
3.9549
3.8927
4.0350
3.8694
3.8645
3.9569
4.0079
3.8936
4.0150
3.8764
3.9629
3.9477
3.8455
4.0252
3.8185
3.9611
3.9904
4.3328
4.3002
4.2573
3.9898
3.8699
4.5073
4.2476
4.4802
4.2630
4.3451
4.2099
4.1540
4.1449
4.2197
4.1179
4.2515
4.0898
4.0872
4.1536
4.2423
4.0501
4.0215
4.1647
4.3370
4.2367
4.2008
4.3297
4.3170
4.1850
4.1004
4.1630
4.1167
4.0162
4.1357
4.0487
3.9368
4.1605
4.0005
3.9775
4.1130
4.0518
4.0964
4.1983
4.2134
4.1282
4.1898
4.2605
4.0772
4.0183
4.0592
3.9283
4.0983
3.7852
4.1076
4.1025
3.8871
3.7889
3.6666
3.6790
3.8378
3.8705
3.8085
3.6706
3.7297
3.8748
3.7711
3.6855
3.9030
3.7774
3.7997
3.6928
3.8270
3.6596
3.8900
3.6153
3.6770
3.6982
3.6497
3.5546
3.7795
3.7921
3.8108
3.8294
3.7442
3.8879
3.9940
4.2014
4.2534
4.1528
4.0623
3.9088
3.9733
3.8093
3.9808
4.0531
4.0461
4.0042
3.8218
3.6647
4.0698
3.7662
3.7980
3.7670
4.1265
4.1057
3.9014
3.8640
4.0348
3.9566
3.8899
3.8914
3.9074
3.7842
3.9480
3.7698
3.9173
3.6384
3.7853
4.1827
4.1091
3.9067
4.0288
4.1075
4.1098
4.0184
3.9430
4.0446
3.9845
4.1502
4.2216
4.3692
4.1081
4.2915
4.1152
4.3517
4.1466
4.1983
4.2623
4.1523
4.2155
4.1879
4.0124
3.8776
4.1828
3.9902
3.9669
4.1241
4.1755
3.9896
4.0548
4.0852
4.1699
4.3465
4.0765
4.1950
4.2449
4.1257
4.2128
4.2209
4.0601
4.0460
4.1315
3.9071
4.2161
4.2546
4.2365
4.0694
4.0615
3.9234
3.9320
3.7516
3.9454
3.8590
3.9609
3.8512
3.9564
3.9723
4.2537
4.0532
4.0844
3.9367
3.8507
4.1022
4.0280
3.9937
3.9472
3.9407
3.9226
3.9406
3.8390
3.9506
4.0004
3.9440
4.1953
3.9297
4.0092
3.9203
3.8092
3.7599
3.7347
3.7532
3.7215
3.9202
3.8254
3.8487
3.9506
3.9679
4.0306
4.0949
4.1536
4.0112
3.9984
3.9015
4.0677
4.1280
3.9559
3.8046
3.8689
3.9933
4.0224
4.0773
4.2133
4.0221
4.0757
3.9316
3.9147
3.9995
3.8577
4.0297
3.9141
4.0734
4.0936
3.9338
4.0013
3.9846
4.0177
4.0176
4.1751
4.2848
4.1578
4.1877
4.0546
3.9860
3.8454
3.9203
3.9914
3.8443
3.9292
3.8683
3.9692
3.9098
4.0863
4.0063
4.0981
4.0064
3.9491
4.1393
3.9527
3.9382
3.9501
3.8020
3.9022
3.7220
3.8917
3.9958
4.1500
4.0220
4.1281
3.9680
4.0344
3.7826
4.1574
3.9941
4.0729
4.0684
4.1686
4.2264
4.3153
4.0728
4.2390
4.1074
3.9434
4.1291
3.8631
3.8079
3.8583
3.8108
3.9060
3.8108
3.8651
3.9634
3.9726
3.7748
3.9540
3.7645
3.8346
4.0816
4.1799
4.0319
4.1483
3.9468
4.1306
3.9824
3.8547
3.8440
3.8484
3.9629
3.8507
4.0359
4.1220
4.2915
4.0661
4.0348
4.2188
4.1129
4.3319
4.5042
4.3971
4.2675
4.0112
4.0170
3.8999
4.0828
4.0703
4.2317
4.1195
4.1411
4.0242
3.9797
4.1073
4.1640
4.0247
4.3053
4.2436
4.2221
4.0579
4.1223
4.2144
4.1718
4.1166
4.1212
4.0780
4.2918
4.3134
4.2703
4.5242
4.4971
4.5062
4.5736
4.4932
4.4287
4.2264
4.1921
4.4123
4.3310
4.0418
4.1804
4.2444
4.1823
4.1697
3.9890
3.9792
4.1487
4.3442
4.1385
4.1140
4.2403
4.3393
4.2312
4.3267
4.1728
4.2768
4.4557
4.2317
4.5499
4.2241
4.6666
4.6596
4.3443
4.5818
4.6377
4.6036
4.5509
4.4126
4.7446
4.7329
4.5529
4.4736
4.3619
4.2400
4.2183
4.3679
4.1898
4.2811
3.9930
3.9306
3.9777
3.9649
4.1174
4.2690
4.3532
4.2265
4.2953
4.3141
4.4024
4.4488
4.2712
4.4240
4.2073
4.2898
4.1870
4.3635
4.5111
4.2174
4.1809
4.2320
4.1519
4.1658
4.4189
4.1942
4.2641
4.3024
4.5367
4.3401
4.2249
4.4696
4.5131
4.3331
4.0645
4.0542
4.0583
4.1566
4.2152
4.1168
4.2320
4.2514
4.3369
4.1785
4.2150
4.4908
4.1216
4.1517
3.9375
4.1778
4.1857
4.0526
4.1808
4.0982
3.8851
4.2614
4.0903
4.0726
4.2968
4.3495
4.4440
4.4107
4.5850
4.4261
4.5064
4.2891
4.4217
4.3033
4.3959
4.3653
4.2880
4.1753
4.2788
4.0965
4.1699
4.2950
4.3531
4.5493
4.2297
4.3138
4.3909
4.1608
4.0070
3.9946
3.9791
4.2043
4.2924
4.4258
4.3581
4.2487
4.3713
4.7979
4.4182
4.2284
4.3957
4.3431
4.0982
3.9521
3.9989
4.2567
4.0200
4.1269
4.0603
4.4094
4.0300
4.2002
4.0131
4.1089
4.4296
4.1925
4.1851
4.2433
4.2522
4.1302
4.0397
4.3504
4.2491
4.2075
4.2299
4.2213
4.2881
4.1578
4.1339
4.2676
3.9856
4.1960
4.1480
4.0550
3.9671
4.1408
3.8734
4.0207
4.0992
4.0501
3.9304
4.1135
4.2936
4.3009
4.2216
4.1103
4.0356
4.2384
4.1765
4.2011
4.1084
4.1829
4.1334
3.9767
4.3183
4.3323
4.1551
4.0651
4.1032
3.8119
3.8536
3.9193
4.0322
3.9759
3.9927
3.7567
3.9530
3.8891
3.9350
3.8544
4.1499
4.0958
4.1252
4.0962
4.1244
3.9685
4.2103
4.0434
3.9474
3.8453
3.9976
4.0724
4.0800
4.0085
4.2175
4.1195
3.6956
3.8088
3.9627
3.8047
3.8573
3.8013
3.7468
3.5756
3.5446
3.5751
3.7972
3.7564
3.7728
3.6585
3.7046
3.6280
3.6922
3.5646
3.8036
3.8021
3.8875
3.8666
3.7553
3.7913
4.0367
3.9410
3.7774
3.6605
3.7826
4.0876
3.9390
3.6120
3.8358
3.6263
3.8189
3.8479
3.8639
3.8458
3.8164
3.8432
3.9987
3.8688
4.0169
4.0511
4.1435
4.2411
4.3243
4.2820
4.2758
3.9724
4.0296
4.3454
4.3025
4.1355
4.1482
3.8996
4.0167
4.0963
4.0525
3.9316
4.0422
4.1070
4.1861
3.9172
4.1792
3.9249
4.0076
4.0579
4.2050
4.3369
4.0542
4.2484
4.1099
4.0545
3.9580
4.1662
4.0390
4.1566
4.0350
4.1273
3.9661
4.0325
4.1763
4.1280
4.0656
3.9740
4.0848
4.1425
4.0895
3.9568
3.9556
3.7304
3.7292
3.7491
3.8935
3.9592
3.7559
3.6917
3.8795
3.6675
3.7123
3.6863
3.6159
3.8693
3.7870
3.8165
3.5237
3.5441
3.6638
3.8762
3.6598
3.5122
3.7632
3.6572
3.6254
3.7297
3.9175
3.8483
3.7271
3.8711
4.0342
3.9292
3.7415
3.6142
3.7001
3.8803
3.7688
3.9025
3.9383
3.8294
3.7554
3.8022
3.7131
4.0011
3.8573
3.9863
4.0090
3.9203
3.9977
4.0360
4.1385
4.1493
4.0697
3.7162
3.9771
4.1755
4.0459
3.9106
3.8682
4.1132
3.7393
3.7981
3.9199
3.8042
3.9395
3.9025
3.8919
3.7979
3.9470
3.6911
3.8400
3.7225
4.0486
4.0177
3.9157
4.0823
3.8864
4.0021
4.2259
4.1112
3.9031
4.2091
4.1501
4.0696
4.1648
3.9461
4.1603
4.0208
3.9838
4.1793
4.1988
4.1522
4.3393
4.2039
4.1812
4.2220
4.0137
3.9085
3.8387
3.7408
3.7821
3.7697
3.8571
3.9097
4.0923
4.2257
4.1232
4.0627
4.2547
4.0453
4.0051
4.2591
4.2211
4.5739
4.3007
4.0829
4.0727
4.1974
3.8539
3.9211
3.9767
4.0344
3.9983
3.8877
3.7754
3.8701
3.7935
4.0593
4.0294
3.9208
3.9862
4.0908
3.8814
4.0769
3.9194
3.9931
3.9085
4.1061
3.9674
3.8904
3.7710
3.7509
3.9175
3.6375
3.8702
4.0366
3.8540
3.7251
3.8246
3.5555
3.7307
3.9565
3.7192
3.8606
3.8607
4.0683
3.9597
3.7385
3.7205
3.7779
3.8664
3.7555
3.6907
3.7679
3.7815
3.8839
3.9929
4.0652
4.0284
4.0758
4.1784
4.1440
4.0612
4.0566
4.2479
4.2005
4.1126
4.1798
4.1351
4.1988
4.2580
4.0802
4.0248
4.1021
4.1138
3.9847
4.0268
4.0355
3.9138
4.1680
4.3598
4.2294
4.0408
4.1057
4.0565
3.9746
3.9489
3.7588
3.8938
4.1305
4.1619
4.2065
4.0402
4.0537
4.0306
4.0483
3.8984
3.8600
3.7903
3.9119
3.7917
3.9031
4.0151
3.9087
3.9451
3.5801
3.4078
3.4505
3.2495
3.6311
3.7359
3.5940
3.6384
3.5424
3.5591
3.6164
3.7449
3.7737
3.5666
3.7143
3.6248
3.5272
3.7116
3.7354
3.8700
3.5972
3.7077
3.6754
3.4751
3.6736
3.7225
3.8868
3.8694
3.9826
3.9100
3.8573
3.9498
3.8564
4.0345
4.0722
3.9548
3.8468
3.7746
3.6584
3.8378
3.8045
3.8718
3.7113
3.7433
3.7116
3.8410
3.6640
3.7673
3.8443
3.8817
3.9867
4.0815
3.9612
3.7755
3.9876
4.1039
4.1242
4.2789
3.9787
3.9492
3.8840
4.0346
3.8233
3.9386
3.9765
3.7709
3.8248
3.8117
3.8905
3.8702
3.8539
3.9159
3.8390
4.0095
3.8533
4.1856
4.0418
4.0958
3.9655
4.0037
4.1314
4.2318
4.2354
4.2263
4.1616
3.9926
4.1555
4.0817
4.1439
4.1313
4.1712
4.2845
4.2739
4.0711
4.1813
3.9860
3.8892
3.9225
3.9276
3.7894
3.9402
4.1645
4.1963
4.1231
4.1621
4.2300
4.2094
4.3357
4.0598
4.0508
3.9923
4.0720
4.1291
3.9267
3.9164
3.8466
4.1020
4.0942
3.9533
4.1151
4.2123
4.0850
3.8968
3.9436
4.0263
4.1196
3.8982
3.9289
4.0712
3.9338
3.7887
3.8109
3.9550
3.8633
3.7273
4.0090
3.7177
3.7171
3.6560
3.9507
3.7982
4.0464
3.8732
3.7756
4.1424
3.8657
4.1214
3.8999
4.0404
3.9293
3.9375
3.9897
3.9264
3.9187
4.0426
3.8122
3.6596
3.7987
3.7526
3.5406
3.5982
3.4483
3.3843
3.4821
3.4649
3.8074
3.9457
3.9916
3.8053
4.2360
4.3066
3.9602
4.2953
4.2513
4.1754
4.3630
4.4957
4.1764
4.1473
4.1636
4.1187
4.1767
4.1382
4.1875
3.9784
4.0938
4.3234
4.1154
4.2137
3.9339
3.9226
3.8999
4.0297
3.9200
3.9221
3.9470
4.1303
4.0758
4.1838
4.0950
4.0404
4.1491
4.0009
3.8299
3.9325
3.8694
4.2242
4.1139
4.3238
4.1871
4.1302
4.2577
4.0964
4.1221
4.3761
3.8440
4.0538
3.8602
3.9651
3.7676
3.9738
3.8393
3.8443
3.7452
3.7342
3.7079
3.8251
4.0867
4.0773
4.0137
4.0836
3.9381
3.9891
4.0184
4.0315
3.8115
3.7633
3.9375
4.0142
3.7836
4.1781
4.1224
4.0892
3.9988
3.9512
4.1298
3.8424
3.8979
4.2027
3.7831
3.8400
3.8735
3.9144
4.1372
4.3051
4.0981
3.9134
4.0043
4.0865
4.0665
4.0056
3.9468
4.1939
3.9601
4.2326
4.3200
4.0693
4.0641
3.9535
3.9563
4.1121
4.2098
4.0928
4.3259
4.3636
4.3214
4.0713
4.2981
4.4522
4.4340
4.1232
4.2869
4.2798
4.1583
3.9622
4.0258
3.9101
3.8834
3.9103
3.9081
3.9323
3.9347
3.8932
4.1276
4.2977
4.1795
4.2126
4.2992
4.3359
4.1607
3.9762
3.9340
3.9627
4.0447
3.9679
4.1837
4.0533
4.4220
3.9096
4.0954
4.1316
4.0947
4.2235
4.0362
4.0169
3.8881
3.7754
4.0303
3.9296
4.2235
4.3869
4.1031
4.2704
3.9935
4.1016
3.8717
3.9498
4.1981
4.0956
4.1336
4.1353
4.3157
4.2081
4.4902
4.4441
4.3421
4.3125
4.2557
4.3163
4.2026
4.1482
4.2423
4.1684
4.1078
4.0562
3.8708
3.8647
4.1829
3.9622
3.9658
3.9089
3.9383
3.9332
4.0165
4.1573
4.1030
3.8392
3.9618
3.9942
3.9291
4.1751
4.1256
3.9798
4.1491
4.1810
4.2064
4.2238
4.0668
4.3133
4.5608
4.3218
4.3945
4.5056
4.2046
4.0724
4.1895
4.2367
4.2136
4.4916
4.3920
4.5009
4.3752
4.3029
4.2085
4.2123
4.3219
4.1188
4.3921
4.3620
4.4010
4.4679
4.3921
4.1334
4.1482
4.2645
4.2866
4.2444
4.1650
4.1809
4.2804
4.0561
4.0418
4.3304
4.1228
4.2903
4.1822
3.9533
4.0570
4.1250
4.0649
4.2082
4.2806
4.2307
4.0543
4.0350
3.9083
4.1592
3.7080
3.9174
3.8131
3.8512
3.9307
3.9510
4.0766
4.0387
3.8909
3.7372
4.0165
4.1100
4.0517
4.0040
3.9924
4.0992
4.1330
3.9191
3.9214
3.9803
4.0020
4.0038
3.8946
3.7661
3.9390
4.0321
3.9799
3.9965
3.8337
3.9510
3.8049
3.8677
3.9700
4.0019
3.9232
3.7345
3.8958
3.9192
3.8951
3.9851
3.8090
3.8136
3.7467
3.7449
3.8658
3.8317
4.0627
4.0483
3.8045
3.6872
3.7251
3.8479
3.7138
3.9404
3.9797
3.7801
3.8804
3.8842
3.7923
3.7775
3.9152
3.9269
3.7589
3.8264
3.7574
3.7174
3.6935
3.5555
3.5354
3.6791
3.4882
3.7104
3.6503
3.7991
3.9448
3.9541
3.8059
3.8349
3.9462
3.7965
3.9606
3.9521
3.8973
3.9253
3.8232
3.6623
3.8418
4.0346
3.8481
3.8488
4.0853
3.7995
3.7098
3.8355
3.8971
3.8152
3.9516
4.0107
4.3960
4.1506
4.3116
4.1078
4.2099
3.9552
4.0490
4.0613
3.9564
3.9146
3.9851
4.0431
4.0030
4.1445
3.8603
4.0934
4.2026
4.1349
4.1172
4.1445
4.2274
4.2551
3.9826
3.9935
4.2258
3.9060
4.1398
4.1278
3.8897
3.9834
4.0273
4.0369
4.0038
3.8303
3.9272
3.7230
3.8726
3.8013
3.8779
4.0013
4.0634
3.9824
4.0656
3.9477
3.8054
4.0624
3.9331
3.9024
4.0497
4.0789
4.1385
3.8994
4.0023
3.8196
3.9152
3.8303
3.9730
4.2261
4.3097
4.2103
4.1439
4.1352
4.1176
4.1633
4.3562
4.2129
4.5249
4.3990
4.2490
4.3301
4.1871
4.3569
4.2919
4.5054
4.5253
4.4744
4.4635
4.0811
4.1645
4.2582
4.1552
4.0384
3.7073
3.8043
4.0534
4.2556
4.3071
4.3290
4.2050
4.2186
4.2953
4.1304
3.9384
3.9626
3.8151
4.0061
3.8042
3.9760
3.8644
3.8411
3.8644
3.8725
3.9633
3.9466
3.7842
3.7237
3.7025
3.7814
3.9871
3.8171
4.0980
3.9783
3.9309
4.0335
3.7630
3.9182
4.0337
4.0085
3.9070
3.8178
3.8659
3.8425
3.8218
4.1710
4.0241
4.0999
4.1387
4.2755
4.0355
4.2130
4.2039
4.1821
4.3303
4.1714
4.2426
4.3844
4.0775
4.3024
4.3700
4.3384
4.3308
4.3249
4.3253
4.4504
4.3615
4.4247
4.5163
4.4636
4.6018
4.3611
4.3773
4.4583
4.3997
4.6099
4.5400
4.2060
4.3323
4.2101
4.5046
4.4140
4.5171
4.5084
4.3320
4.3180
4.3357
4.3932
4.5843
4.5156
4.6065
4.5795
4.6141
4.6922
4.6486
4.7323
4.6171
4.7608
4.5289
4.7578
4.5699
4.6445
4.5667
4.5115
4.6586
4.4116
4.4834
4.6198
4.4539
4.4690
4.4982
4.4706
4.5688
4.4026
4.4980
4.3064
4.4314
4.4874
4.7030
4.5655
4.5534
4.4685
4.3029
4.4298
4.4104
4.6324
4.3722
