5.8762
6.1580
5.4567
5.5000
5.4939
6.4350
7.1939
6.3270
5.8750
6.4132
7.0743
6.6916
8.0265
7.4118
7.4962
6.7593
7.3323
7.6374
7.7701
7.4307
8.0189
7.3813
7.5852
8.8862
8.5887
8.4550
8.2287
7.8511
8.6423
8.4635
8.5844
10.3210
9.0548
9.3645
9.7983
9.8685
8.6938
7.4411
7.8509
7.6123
7.3280
7.0645
7.5578
7.5412
7.4108
7.2505
7.0160
7.5311
7.0516
6.6431
6.7866
6.2335
6.1055
6.2130
6.8569
7.2197
7.9262
8.1973
8.4219
7.9769
9.1555
8.0240
7.8966
7.3068
7.2834
6.4683
7.2261
7.1533
7.0411
7.8040
7.4614
8.9348
9.0221
8.1717
7.2245
7.7326
8.0545
8.4576
9.3971
10.0891
9.6005
10.3010
10.2526
11.0967
11.0048
11.4654
11.6265
12.5003
12.3233
11.4147
12.3577
11.6743
11.6622
10.6136
10.9249
10.2900
9.8396
10.6365
11.0364
9.9453
10.5138
11.3670
11.2613
11.1353
10.8995
10.9496
10.6993
10.6962
11.3396
11.6434
10.3425
11.1016
12.1166
12.3725
10.4824
10.5708
12.0002
11.5215
12.2484
10.6842
11.6127
10.6901
11.7102
12.3157
11.4368
10.7588
10.2358
9.9197
10.3284
10.7142
10.1082
11.4234
11.7351
11.9912
12.0331
12.1607
11.5243
11.7373
11.5755
11.8154
11.4363
11.8703
11.0280
11.0681
10.8397
10.2406
10.6353
10.4148
10.3995
10.6316
11.6008
11.0392
10.7008
10.2809
10.8745
11.1747
10.8490
11.3784
11.6323
11.5035
11.6078
11.5287
12.3837
11.6394
11.3845
11.7560
11.0921
11.2009
10.6873
11.3811
11.1831
11.6618
10.4582
9.9132
10.9199
11.2634
12.2928
11.9200
12.9768
13.2825
12.8197
13.1032
12.6851
12.7117
13.0477
12.2758
13.1989
13.2744
12.5783
12.0525
13.3212
12.8438
12.0999
14.1593
13.7092
13.6693
12.9279
13.2424
13.0711
12.8976
12.8339
12.2318
12.8061
13.0511
12.1310
11.7767
11.5052
12.1758
11.2952
10.7982
11.8079
11.4473
9.9924
11.6313
11.7258
12.5429
11.9114
11.7407
10.8950
11.4967
11.6123
11.8040
12.4519
13.0682
13.1419
12.6544
13.0538
13.3384
12.4712
12.1014
12.3179
10.9093
11.6694
10.8457
10.5529
11.7119
11.8906
11.6410
11.7290
12.0096
12.5493
12.1531
11.1988
11.8712
11.3434
11.2548
11.7696
11.1313
11.8122
11.9832
12.5556
12.9444
13.4776
13.4413
14.0358
13.4469
13.6827
13.6393
13.0853
13.2441
13.1764
13.4223
12.9869
13.2643
13.6672
13.3245
12.8008
12.9272
12.5623
12.8076
12.6834
13.1533
12.6024
12.5353
12.6427
12.1197
12.1032
12.1172
12.2644
12.0473
12.2775
12.0503
12.2599
11.3909
11.3050
11.6408
12.4299
12.2926
12.3198
12.3210
12.5370
12.4958
12.7877
13.1511
13.2624
12.5301
12.2837
12.8503
12.8070
12.2962
11.6031
11.5393
11.8702
10.9421
11.2573
10.9094
11.1730
10.9984
11.5390
11.8887
11.9742
12.0521
11.7873
11.5998
11.4651
11.6381
11.1837
11.4755
11.0203
11.8390
11.5836
11.9750
11.8496
12.1488
11.6601
11.8584
11.5374
11.7231
12.0123
11.7405
11.8611
11.7245
11.8991
11.2715
11.1155
10.2526
11.5145
12.0357
12.0534
12.1525
11.6736
11.6591
11.3337
11.5518
11.3296
11.1871
11.6830
11.8257
11.7883
11.4182
11.0349
11.0651
10.9850
10.9638
11.1556
11.1794
11.8467
12.1244
12.1476
10.7052
11.1790
11.2974
11.9017
11.3766
11.6822
10.6744
10.5804
10.7790
11.1843
10.9190
10.8213
10.6762
11.1238
11.1897
11.3841
11.8130
11.6822
11.2505
10.8429
11.0367
10.6086
11.0985
10.3619
10.5174
10.5263
10.3507
10.4156
10.3479
10.3653
10.6079
10.2184
10.6662
10.4723
10.0978
10.1520
9.9974
9.2551
9.6910
9.8519
9.3421
9.5479
9.2204
10.0328
9.6442
8.9452
8.6293
10.3876
9.4773
8.2160
7.7842
8.6303
9.2998
10.1280
9.9589
9.9262
9.6341
10.5264
11.2196
9.0746
9.5002
10.0741
10.0859
10.8362
10.3168
9.8857
9.6925
10.9069
10.3977
10.2449
10.5730
11.1724
12.0983
12.0978
11.9688
11.5977
11.5051
11.5000
11.8188
11.8746
11.8167
11.7643
12.3727
12.3825
12.9480
12.0809
12.8388
11.8932
10.9852
11.7340
11.7047
10.9483
12.0180
12.3631
12.1649
12.3466
12.4585
12.6981
12.5643
12.9947
13.0506
11.7994
11.3222
12.2797
12.6271
12.8677
12.8106
12.8333
13.1377
13.5230
12.9525
13.4490
13.4613
13.2989
12.3030
12.5282
13.0230
13.9422
13.7228
13.9304
13.1419
13.1137
12.7250
12.6374
13.3242
13.2478
13.1269
12.8243
13.7522
12.4987
13.4449
13.1076
13.1023
12.8792
13.3135
13.1260
12.7419
12.8438
13.4238
13.0433
13.1497
13.2102
13.7404
12.8895
12.6866
12.4760
12.8780
13.3725
13.1984
12.5062
13.2317
12.3486
12.7594
11.8809
13.1739
13.9903
13.2730
13.6354
14.9679
13.9213
14.0218
13.9610
13.2455
13.5705
13.2753
13.4668
13.6553
13.3158
13.3060
12.9254
12.4832
13.2829
13.4291
13.3872
13.4585
13.6425
13.4423
13.3968
13.0334
14.2409
14.0115
14.2090
14.2488
14.8172
13.9765
14.5273
14.4091
14.2426
13.9102
14.9509
13.9881
14.4287
13.9391
13.0185
13.1555
13.5249
13.6404
13.8336
13.5849
13.5596
13.9305
13.9582
13.8431
13.6839
12.9326
13.1340
13.5966
13.6190
13.0855
13.2269
12.7249
12.2198
12.2208
12.4123
12.0400
12.4012
12.7888
12.7027
13.2266
13.5476
12.9562
12.8852
13.2313
12.6992
13.0271
12.8547
12.2835
12.9799
13.1541
13.2322
12.7804
12.4132
12.7134
12.4068
12.6066
12.3310
11.8046
11.7399
12.2709
13.3792
12.6075
12.8186
12.7668
12.3734
12.4148
12.3372
11.8840
12.1268
12.9194
13.5486
12.9597
13.1337
13.5596
13.7365
13.5367
14.0309
13.8670
13.5760
14.4164
13.9061
13.1015
13.4479
14.0837
14.0186
13.9056
13.7878
12.6274
12.4973
14.0811
14.0958
13.9743
14.2809
14.2711
14.3503
14.0089
14.0561
14.5086
14.2993
13.5457
13.8561
13.4051
13.2269
13.4446
12.5409
12.7232
12.5448
12.8223
13.6728
13.0497
12.8926
13.2894
13.2460
13.2511
12.2479
12.5928
13.8661
13.0364
12.8811
13.1607
13.4040
13.9857
13.1249
13.4855
13.6072
13.0939
12.8015
13.8904
13.7050
14.7059
14.4312
14.5935
14.6104
14.1092
13.7765
13.7012
13.5397
13.5564
13.5947
13.2844
14.3530
13.8602
13.8060
13.8608
13.3196
13.6817
13.7378
14.1516
13.4397
13.0782
13.2096
13.2519
13.3939
13.6821
14.0163
14.1058
13.5329
13.4468
13.1426
13.0605
13.4420
13.6780
13.7214
13.9625
13.8689
14.0410
14.0625
14.6425
14.1798
13.8532
13.4831
14.2481
14.0347
13.6502
13.6254
13.8528
13.6804
14.1677
14.7694
14.8677
14.3589
13.8758
13.3164
13.6602
13.4381
13.9573
14.3547
13.9452
13.6233
13.7165
14.1141
14.3641
13.2589
12.9457
12.7837
13.7914
12.7971
12.4629
12.5632
12.3084
12.7739
12.7278
11.9358
11.4201
11.8978
11.2229
11.3660
10.8839
11.1019
11.0853
11.4837
11.5791
11.6620
11.5164
11.3807
11.4811
11.9336
10.8615
11.0761
11.4528
11.9887
11.1521
10.9270
10.8511
11.0025
11.1330
11.1693
11.1622
11.3124
11.5027
10.8759
11.3293
10.7718
10.9005
10.8173
11.2270
11.1563
11.3897
11.4035
10.9397
11.7093
11.4188
11.4621
11.7065
11.1170
11.0951
11.0492
11.3986
11.9069
11.8249
11.7766
10.7700
10.7952
10.8922
11.7945
11.0101
10.9401
11.3347
10.8067
10.1090
10.0285
9.8419
10.1802
10.0661
10.1966
10.3627
10.2282
10.5693
10.4755
10.7460
10.5565
11.3233
11.9188
12.0989
12.0139
11.4130
10.7071
11.1305
11.1973
11.2454
11.3696
10.8424
11.1019
10.6766
11.0318
11.1706
10.3678
9.8889
10.3578
9.9131
9.7152
9.8573
9.5282
10.6932
9.7969
9.7933
10.1973
10.0258
9.8088
10.7489
11.3524
11.0668
11.1439
11.1114
11.7051
11.4320
10.9350
10.9800
10.8586
11.3610
10.6869
10.6023
11.2266
11.0370
11.2679
11.6865
12.1465
11.8736
11.1112
11.0800
10.6121
9.7619
10.0776
10.5467
10.6398
10.6207
10.5651
10.7145
11.1117
10.7975
11.1401
11.0911
11.8623
11.6758
11.8251
11.3833
11.1706
10.9409
11.4703
11.6214
11.7992
11.6060
12.0324
11.1444
10.9191
10.9797
11.6134
11.3659
11.0634
11.5260
11.4368
11.2239
11.5972
11.8088
11.4579
11.5154
11.4171
11.6074
11.4451
10.9500
11.6002
12.4135
11.7607
12.5412
12.8084
12.9169
13.4228
12.8083
12.8549
12.6074
12.2845
12.6932
12.6861
12.8323
12.6670
12.3286
12.5726
12.4792
12.6046
12.1434
11.4550
11.8590
11.4897
11.5932
11.9722
11.9939
11.1545
11.5923
11.2859
10.9891
10.6575
10.6483
10.4063
10.3450
11.4806
11.5089
11.4078
10.7901
11.8190
11.7955
11.9353
12.0486
11.7528
12.0621
11.5387
11.3154
11.1142
10.5541
11.4144
10.8833
10.6940
10.8004
10.9340
9.9816
9.8775
11.3481
10.4096
11.0840
9.9283
10.7621
10.9484
10.9187
10.1264
9.4893
10.5797
11.0676
10.4481
9.5977
11.1599
10.5200
10.4379
11.0469
10.9613
9.8274
10.2927
10.9085
11.1940
10.3447
9.9193
9.4194
10.3380
9.3877
8.6270
10.3537
11.1991
10.9063
10.5559
11.5073
10.9840
11.4988
11.2608
11.1167
11.0740
11.2808
12.1217
11.7052
11.0753
11.3112
11.8106
11.6054
11.6866
11.4856
11.0640
11.3841
11.5544
11.4549
11.7249
11.1301
11.0201
10.2655
9.7783
10.4367
10.0060
10.2120
10.0008
10.0623
10.8082
10.4617
10.8011
10.8732
11.1670
11.1039
11.2401
11.3025
10.9215
11.6791
11.2297
10.7228
10.5682
11.1228
11.3643
11.3524
11.2420
11.2166
11.2082
10.9662
11.2155
11.8569
12.0023
11.5018
11.4259
11.5609
11.3814
10.8795
11.2291
11.5433
11.8476
11.8415
11.4939
10.9287
10.9759
10.6068
10.9910
11.1197
11.5710
11.2270
11.8894
12.0335
12.1334
12.1831
14.2660
12.8111
13.4155
13.3036
13.1502
13.0582
13.4983
13.4524
12.6554
13.3343
13.3987
12.8925
12.9105
12.6796
12.4378
12.6831
12.2840
12.9737
12.3359
12.6437
12.5938
12.4551
12.6569
13.0187
12.9925
13.5585
13.7622
13.5090
13.6058
13.6796
13.9904
13.5557
13.5925
13.5046
13.1011
13.0755
13.5415
12.7964
13.4049
12.8732
12.8516
12.7446
13.3771
13.0251
13.2427
13.5606
13.3560
12.8969
13.2304
13.5103
13.5395
14.2593
14.0777
14.0330
14.0791
13.7111
13.1101
13.3454
13.1623
13.1292
13.8484
13.5229
13.2773
13.5089
13.4342
14.1225
13.8952
13.5064
13.2342
13.5213
12.7054
13.4848
14.0788
13.5565
13.8859
13.7645
13.0602
12.7687
12.9688
12.9866
13.1303
12.6712
12.9703
13.2600
12.8081
12.8406
13.3549
13.6241
13.6186
13.6690
14.0200
14.1239
13.5681
13.7053
14.3167
14.8770
14.0256
14.1733
13.4102
12.7968
12.8731
12.8455
12.2133
12.5337
13.0254
13.2963
12.8534
12.7755
14.3085
13.7419
13.9568
13.9870
13.7024
14.0127
12.8335
12.8340
13.3955
12.7395
12.8545
13.1551
13.2175
13.6407
13.5375
13.6556
13.6253
13.8063
12.8487
13.6185
13.6283
13.7842
13.7853
13.1752
13.0184
13.3689
13.1364
13.2875
13.4815
12.9031
13.0110
13.6902
12.8409
12.7972
12.9442
12.5747
12.9154
12.0761
13.1903
12.3755
12.6572
12.6613
12.5241
13.2408
13.2610
13.1197
13.7857
13.8899
14.1291
12.8375
13.5975
13.2122
13.2419
13.3615
12.7094
13.4033
13.0159
12.8787
13.1302
13.4921
12.9711
13.4064
13.3702
12.9981
13.3544
14.0391
13.9482
14.0443
13.4548
13.5989
13.9689
14.7645
14.3726
14.9458
14.8118
14.1271
13.5754
14.1138
13.9449
14.0690
13.8373
13.3517
13.0504
13.0525
12.9725
13.7615
13.2875
13.0348
12.9189
12.5957
13.2395
13.5149
13.0242
13.1152
12.4493
12.4509
12.6428
13.3668
13.0575
13.0787
13.6111
13.3423
13.8707
12.9702
13.2785
12.7095
12.9793
13.0919
13.0094
13.1215
13.6777
14.0339
13.5692
13.5268
12.8361
12.6362
12.7871
13.0261
13.2709
13.1399
13.0097
13.4967
13.1428
13.5945
13.9334
13.7376
13.7371
13.3322
14.0815
13.4627
13.7537
13.7850
13.3661
13.4602
13.0933
13.3118
13.3726
13.0086
13.8777
13.6502
13.9956
13.6272
13.9701
14.3316
13.6227
13.4564
13.1852
13.4441
13.3128
12.9572
13.0920
13.2582
12.8751
12.9124
13.5139
13.5522
14.0261
13.6144
15.2545
13.9387
14.7149
14.1908
14.4988
13.9186
14.3740
14.3132
13.9534
13.8017
14.2668
13.8558
14.1741
13.3589
13.1128
12.6716
13.8037
13.8729
14.3415
13.6214
14.2886
14.2516
13.9307
14.6353
14.1575
14.0580
13.5204
13.5510
13.1013
13.5506
13.5822
13.9141
13.7859
13.2792
12.8604
13.4200
13.0697
14.1893
14.1636
13.8578
13.5870
13.1738
14.3159
14.1911
13.8956
14.1248
14.1895
14.1403
14.5041
14.1289
14.1303
13.8932
13.2893
13.3510
13.3988
13.4574
13.5366
13.1094
13.7861
13.1564
12.8019
12.9796
13.3643
13.8421
13.7775
13.7678
13.7772
13.4545
12.7468
12.0191
12.5887
13.0262
12.1407
12.5661
13.0920
12.9661
12.0749
11.0917
10.8184
10.7183
11.4199
11.7618
11.7061
11.2679
11.4293
11.2812
11.2448
10.8258
10.8499
10.6242
10.2843
11.1767
10.4366
11.3662
10.9929
11.4378
10.4976
9.9851
9.8886
9.5282
9.8930
10.5918
10.0322
10.9654
10.6889
11.3941
10.9628
11.1190
11.2991
11.4281
11.6226
10.6601
11.1767
11.9883
11.7482
10.8142
10.0465
9.9620
10.3745
10.5246
10.8835
10.7615
10.2918
10.1310
9.9403
10.7537
11.1112
11.8311
12.5097
12.1215
12.6909
13.4245
13.5107
13.9445
13.9676
13.8823
14.2190
14.6308
15.1122
14.9014
15.0170
15.0133
14.6021
15.1775
15.2198
15.6781
15.0009
14.8350
14.0332
14.2349
14.8355
14.9044
14.8855
15.2120
15.2759
14.7756
14.3592
13.9941
14.2463
14.8475
14.7112
14.8250
14.7593
14.5809
14.3901
14.4032
15.3086
15.3602
15.6481
15.1348
14.9087
14.4946
14.6594
14.3249
14.3649
14.4411
14.3307
14.5490
13.8087
14.4431
14.0678
13.8788
13.6979
13.5146
13.3606
14.2341
13.8634
13.9286
13.7823
13.1810
13.7962
13.3684
12.7148
12.6936
12.2767
12.8058
12.9740
13.1124
13.3403
12.9650
13.4057
13.8183
12.9523
12.7151
12.8774
13.0688
12.8589
12.8437
12.9113
12.7020
12.4179
13.0767
13.1741
13.0569
13.1676
13.1744
13.1414
13.2465
13.0350
13.1385
12.8629
12.6896
12.5903
12.5997
11.9755
12.8446
12.3811
12.6761
12.8683
12.9039
13.0807
13.1859
13.4414
12.7987
12.4993
12.7352
12.4550
12.5857
12.6308
12.4526
12.7780
13.1322
13.0486
13.2317
13.1496
13.6189
13.7234
13.7215
13.3503
13.0270
12.7802
12.2481
12.6976
12.7666
12.8604
12.5987
12.7350
12.4310
12.5135
12.8951
12.9117
12.6352
12.5219
12.4214
12.5225
12.7965
12.6573
12.6183
12.7736
13.2415
12.7528
13.0023
13.6494
13.2193
14.1034
13.4272
13.2720
13.4616
13.6911
13.3401
12.8284
12.8390
13.2555
12.7498
12.8668
12.6834
12.4818
12.7205
12.8580
12.8086
13.3980
13.1587
13.1123
13.4287
13.1110
13.4440
13.5704
13.3102
13.4056
13.7012
13.0827
13.3592
13.0436
13.2507
13.1312
13.6724
12.9123
12.7970
12.9758
13.4869
12.6611
12.7825
12.5130
12.1536
12.3476
12.2360
12.5576
12.5389
12.6527
12.8542
12.6923
13.2506
13.5802
13.0379
13.6216
13.3136
12.6793
12.5781
12.9993
12.8804
12.8309
13.1152
13.2958
12.3860
12.6221
12.1073
12.1339
12.5319
13.1653
12.6870
12.6449
12.5595
12.2487
12.1193
12.2233
12.0282
12.4479
12.2546
12.0370
12.8329
12.6051
12.0094
12.1573
12.1392
12.1807
11.7231
11.8899
11.7518
11.7708
11.6260
11.5498
11.4458
11.5866
11.5927
11.4197
12.0003
11.1801
11.7345
11.7810
12.0990
12.5560
12.3413
12.4809
11.7468
11.4598
11.8581
11.8252
11.9277
12.2455
12.4268
12.8949
12.7576
12.6962
13.0913
13.0000
12.3191
12.4948
12.7121
12.6397
12.4363
12.3030
12.1611
12.0020
12.3427
12.3954
11.8920
11.7161
11.7896
11.9809
12.0864
11.6307
11.9882
12.4654
12.2578
12.3210
12.5612
12.5225
13.0662
12.8471
12.9042
12.5837
12.7524
12.4677
12.7413
12.1576
12.2090
12.5454
11.9242
11.7387
11.4648
11.5613
12.1953
11.1221
11.7288
12.4017
12.3149
11.8902
12.3440
12.0972
11.7485
12.2978
11.8809
12.3131
12.4008
11.9177
12.8917
12.4503
11.8049
11.8479
11.5873
11.1533
11.5569
11.5844
11.4622
11.3312
11.6551
11.8018
12.1112
12.3514
12.4489
11.9361
11.4212
11.8136
11.5664
12.1706
12.4394
11.7391
12.1206
11.8682
12.2272
11.7323
11.8431
11.9911
12.1468
12.0408
12.3511
12.5982
12.5693
12.4694
12.3862
12.8699
12.0507
12.7102
12.0882
11.7766
12.4160
13.0247
12.7445
12.7629
12.5029
12.8541
12.8175
13.0931
12.8172
12.6912
13.0737
12.3629
13.1131
12.7776
12.8290
13.2722
13.3553
13.3976
13.4412
13.0414
12.5494
12.1363
12.3642
12.5511
12.1458
13.3156
12.6101
13.0342
12.9863
13.5211
13.4580
13.6077
13.4048
13.7727
13.9437
13.7987
13.1379
13.3329
13.7055
13.1638
12.9287
13.2432
13.5370
14.1300
14.0173
13.1397
13.5488
13.1592
13.4745
13.2221
13.0415
13.1031
12.8362
12.8545
12.8550
12.9353
12.9575
12.8022
12.5152
12.5785
12.6259
12.8078
12.4908
12.7225
12.7539
12.2514
12.5189
12.2860
12.7096
12.7795
13.0562
12.6799
12.6496
12.0511
12.8636
12.4371
12.2093
12.7618
12.7951
12.7976
13.6211
13.0030
13.4541
13.5607
12.9446
13.0656
12.8045
12.3722
13.3716
13.3171
13.1293
12.7603
12.9188
12.3797
13.5114
13.0433
12.9967
12.5793
12.7413
12.4737
11.9892
12.1485
11.9035
12.2527
12.0244
12.0528
12.3745
12.1139
11.5204
11.9340
11.9973
11.8384
12.3634
12.5465
12.7631
12.5016
12.7052
12.7443
12.4407
12.4055
12.6609
12.7446
12.4821
12.5803
12.5071
13.0735
13.2575
13.2235
13.1281
13.1728
12.5158
12.2696
12.3012
12.4726
12.3586
12.3230
12.7233
12.9902
13.1116
12.7688
12.9509
12.8409
13.4601
12.9768
13.4505
13.7805
12.8901
12.9560
12.5885
12.8526
12.8753
13.0986
13.4616
12.4992
12.1637
12.4061
12.6199
12.8300
12.6951
12.9808
13.7984
13.5701
13.0043
13.2569
13.1940
13.3482
12.8274
12.6712
12.5479
12.3631
12.8817
12.2961
12.5281
11.7638
12.5961
12.7755
12.1477
12.3780
12.3934
12.6324
13.1484
12.9060
12.3958
12.9040
13.0918
12.8584
12.3853
12.7357
12.9261
13.5267
13.5669
12.8246
12.7775
13.9768
13.4059
13.2098
12.7476
12.7792
13.1332
12.5859
12.7804
12.5214
12.4431
12.6026
12.6779
12.5055
12.5012
12.1465
12.1030
12.2776
12.0477
12.2963
12.0987
12.2085
12.4873
12.4537
12.5429
12.6955
12.3265
12.5197
12.8265
13.1239
12.4724
12.7972
12.8032
12.4855
12.5453
12.4683
12.8173
12.7840
12.9458
13.1718
12.6884
12.7217
12.6433
12.0004
12.3282
12.0994
12.2205
12.4983
12.5421
12.3234
12.4307
12.4229
12.5141
12.0277
12.3197
12.3474
12.3119
13.2754
12.9847
12.3903
11.9603
12.4890
12.2370
11.9672
12.1196
11.9997
11.9216
11.7789
11.9959
11.5108
11.5592
11.4011
11.8672
11.9031
11.8388
11.8447
11.7877
11.7382
11.8922
11.6698
11.8652
11.4636
11.6529
11.7627
11.8120
11.8470
11.7426
11.8665
12.1392
11.7337
11.7458
11.6567
12.0517
11.5236
11.5540
11.6015
11.4978
11.4502
11.2478
11.8886
11.9825
12.0179
11.8415
11.7690
11.6752
11.5981
11.8333
11.7235
11.6105
11.7596
11.9336
11.8296
11.9320
11.8603
11.6025
11.7112
11.8071
11.6216
11.6648
11.5481
11.9252
11.8080
12.2413
12.2706
11.7064
11.8427
12.0019
12.3618
12.2866
12.2153
12.4451
12.3688
12.3640
11.9384
12.1703
11.8562
12.1933
12.7940
12.5778
12.6654
12.7694
12.8675
12.7934
11.7780
12.8876
12.5551
12.1585
12.9519
12.5406
12.6254
12.6477
12.4795
12.2227
12.2154
12.5875
12.5729
12.2057
12.5594
12.6902
12.9507
12.6258
13.1746
12.4928
12.8555
12.8958
12.7604
12.9968
12.8988
12.9614
12.7072
12.5673
12.3948
11.9850
11.6992
12.0015
12.3791
12.1991
12.7242
12.4327
12.6375
13.0505
12.7443
12.7737
12.2401
12.1168
11.9639
13.2425
13.1017
13.3842
13.6983
13.1613
12.9754
12.7882
11.3387
11.9299
12.4321
12.3482
12.0013
12.1691
11.7477
11.6509
11.6682
11.2520
11.5527
11.5148
11.2509
11.6959
12.3582
11.7297
12.0825
12.3775
13.1354
12.8806
12.5765
12.1470
13.4850
13.4093
13.1679
12.8314
13.1561
12.9112
13.0039
13.2771
13.1929
13.2663
13.2282
12.9325
13.0796
12.8171
12.4195
12.5701
12.7026
12.9061
12.7714
12.6985
12.3072
12.5974
12.7594
13.0470
12.0620
12.0199
12.0061
12.2245
12.0788
12.8034
12.0872
11.7786
12.0135
11.8132
12.5045
12.4193
12.6431
12.9374
13.4065
13.3506
12.4665
12.5188
12.4891
12.3455
12.5020
13.2878
12.7939
13.0945
13.1899
13.3054
13.2755
14.0559
14.4825
13.3657
13.7663
13.7518
13.9814
13.5118
13.5721
13.7974
13.7999
13.8463
13.3668
12.9977
12.9418
13.9968
13.4980
13.4550
12.9185
13.5547
13.1245
13.4263
13.4383
13.4808
12.6266
13.3020
13.0066
13.9323
13.5964
12.9604
13.2717
13.5759
13.7367
13.7803
13.4277
13.5115
13.3448
12.9303
12.8321
13.0200
12.4669
13.0244
12.8606
13.1205
12.6760
12.6256
12.3154
13.0820
12.8785
12.9371
12.5688
12.8816
13.3699
12.4646
12.5929
12.8495
12.8603
12.6150
12.7822
12.3645
11.8974
12.7937
11.6684
11.9158
12.6389
12.8110
12.7959
12.9746
12.4787
12.6117
13.0566
12.9387
13.1345
12.2194
13.0402
13.3004
13.9386
14.1404
14.3486
14.0360
14.0462
13.8526
13.6757
13.5726
13.1540
13.7313
13.6078
13.3818
13.1896
13.5424
14.1147
13.9412
13.1047
13.0012
12.0573
12.8229
12.7484
12.7629
12.5310
12.6958
13.6199
12.8417
12.7714
12.7673
12.8583
12.4331
12.4260
12.5061
13.2273
12.9501
13.0545
13.5550
13.7356
13.8546
14.1153
13.8032
13.4294
14.2978
13.9394
13.2670
12.6721
12.5258
12.4138
12.4831
12.6038
12.0475
11.9396
11.9709
11.7139
11.9434
11.7288
12.0681
12.0876
12.5190
12.5616
12.2423
12.5066
12.7246
12.4775
12.5888
12.4901
12.9426
12.9771
12.8565
12.9902
12.8374
13.3615
13.0982
13.4249
12.9499
13.0044
12.9153
12.9485
12.9637
12.6587
12.7335
12.6105
12.1030
12.2879
12.5794
12.4821
12.3775
12.7486
12.6433
12.7384
13.0574
13.1384
12.4317
13.1170
13.0539
13.0762
12.6797
12.9572
12.3770
12.3822
12.8524
13.0828
12.6820
12.5552
12.6260
12.7351
12.6508
12.8369
13.0637
12.8755
13.1529
13.3333
13.5637
13.7451
13.3871
13.0797
12.9083
13.3280
13.6651
13.1023
13.0309
13.2001
13.4791
13.5593
12.8928
13.6784
13.5208
13.4941
13.4422
13.5374
13.5506
13.5915
13.1888
14.2602
13.6766
12.7429
13.6351
13.6492
13.4937
13.5837
13.8199
13.6315
13.7961
13.9133
14.2733
14.6115
14.1769
14.1667
13.5977
13.4657
13.5944
14.3435
14.0478
14.0915
14.0267
14.0962
15.1015
14.5017
13.7071
13.5454
13.3484
13.3555
13.6541
14.0981
13.5680
14.7754
15.0467
15.2662
15.0666
15.1276
14.6993
14.9991
14.6044
14.6499
14.6345
14.4799
13.6783
13.7518
14.2139
14.7605
14.5002
14.1568
13.9390
13.9677
14.0191
14.3627
13.8419
14.4659
14.1437
14.3939
14.2269
13.5174
13.6009
13.8801
14.1217
14.4409
13.9823
14.4716
13.7947
13.7877
13.7313
13.0017
13.1552
12.9958
12.7812
13.3005
12.2595
12.7450
13.1951
13.5098
12.9282
12.8813
13.7091
13.6400
13.1614
13.1317
12.5663
13.0607
13.6595
13.4541
13.6193
13.4009
13.0123
12.4334
13.4703
13.4541
12.5169
12.3496
12.1677
12.4791
12.7575
13.1822
12.9039
13.1351
12.9417
12.8922
13.2591
13.4187
13.3902
12.8832
13.4622
12.9087
13.4929
13.7762
13.6809
13.7004
13.5417
13.9145
13.5539
13.5707
13.9210
13.0578
12.8219
13.5402
13.3111
13.0550
12.8277
12.2702
12.7605
13.1704
13.9429
13.9717
14.1984
14.2316
13.9892
14.5135
14.3935
14.2688
14.3562
14.0407
14.0174
14.1878
13.9468
13.0847
13.1103
13.4327
13.9747
13.9643
14.4874
14.1796
13.6450
13.9869
13.5932
13.3811
13.5492
12.9326
13.0881
13.8495
13.4820
13.4327
13.4635
13.6215
13.7928
13.5847
13.6895
13.5758
13.3640
13.6766
13.2109
13.3401
13.3749
13.5656
13.4070
13.5321
13.5581
14.1694
13.5186
13.3678
13.5199
14.0342
14.4426
14.2139
14.1472
14.9389
14.5232
14.5495
13.9291
13.6237
14.0894
14.9323
15.1441
14.8690
14.8448
14.6962
15.0540
15.4856
15.3244
14.8684
14.7927
14.8651
15.1598
15.2400
15.1228
15.6597
15.3046
14.6812
14.5346
15.1530
15.0276
14.6045
13.9769
14.2800
13.9697
14.2656
13.5899
13.7359
13.5150
14.0939
13.1552
13.9007
13.5433
13.2233
13.4701
14.1766
13.7327
14.0197
14.1305
14.0866
14.0588
14.3519
14.7352
14.4238
13.7905
13.9710
13.6574
13.7549
13.0705
13.3490
13.8270
13.5688
13.3915
13.2977
12.7818
12.7823
13.0037
13.0566
13.2921
14.3076
13.5484
13.2448
14.2677
14.2470
14.0426
14.1254
13.7317
14.0544
14.0770
13.3725
13.0991
13.2304
12.8704
12.7097
12.6328
12.2395
12.6117
12.7272
12.6321
12.0126
12.6775
12.8134
13.1864
12.8107
13.1183
13.2158
12.2877
12.5001
13.3850
13.2915
13.4322
13.0575
12.8311
13.2515
13.3795
13.1406
13.7737
14.1169
14.2147
13.0712
12.7851
12.4325
12.4771
11.9343
11.7651
11.9559
12.0048
12.1363
12.0747
11.9100
12.0060
12.1492
12.3138
12.0459
12.0484
11.9253
11.8561
11.6061
11.9923
11.6877
11.8225
11.8107
11.8148
11.6753
11.6288
11.5142
11.4484
11.4673
11.8155
11.6774
11.4178
11.5867
11.4896
11.3018
11.8003
11.7990
12.2184
12.0195
12.3686
12.5999
12.3907
11.8674
11.9595
12.1663
12.7531
12.3872
12.7037
12.6275
12.5490
12.5925
12.6920
11.8243
12.1119
11.4427
11.9245
12.3123
12.1962
11.6522
11.8119
11.9163
11.8898
11.9592
12.0597
12.3088
11.8117
11.9578
11.9757
12.3485
12.6684
12.1787
12.0720
12.2684
11.9566
11.9540
11.8508
12.1606
11.7711
11.9007
11.7088
11.9664
11.4837
11.2731
11.7416
11.5937
11.8839
11.9795
12.0824
12.7520
12.2596
12.4630
12.2492
12.6035
12.0765
12.2812
12.5398
12.4394
12.2273
12.5227
12.2196
12.2491
12.4436
12.1693
12.0605
12.1361
12.2170
12.0929
12.4936
12.1458
12.2461
12.0567
12.3982
11.8840
11.8513
11.6211
11.9068
12.2133
12.5530
12.5874
12.1596
12.0541
12.0588
12.7847
12.0327
12.0733
12.3415
11.9516
11.9999
12.3407
12.2074
12.1344
12.4294
11.9147
12.0199
12.2178
12.1457
12.4814
12.4827
12.3578
12.1229
11.9055
11.9880
12.5328
12.4040
12.6582
12.1258
12.3910
12.4576
12.6281
12.6425
12.1359
12.5104
12.5087
12.9322
12.8049
12.8600
12.5667
12.6246
13.0174
13.7200
13.2704
12.9330
13.5629
13.0314
13.3647
13.0762
13.1758
12.8148
12.6457
12.7644
13.7004
13.3011
12.9336
13.2277
13.0607
12.8617
12.2382
12.9350
12.3791
12.8343
12.7745
12.7601
13.4756
12.3289
12.9124
12.1603
12.8550
12.6441
12.6202
12.0799
12.2902
12.4529
12.5763
12.3974
12.6600
12.2734
12.2409
12.1505
12.0296
11.9386
11.4882
11.9276
11.8927
12.2092
12.1542
11.7954
11.6357
12.0717
11.6436
11.6902
12.1222
11.7147
12.1489
11.6552
12.4367
12.4811
13.1374
13.5875
13.0713
12.9596
12.6096
12.3668
12.1278
12.0683
12.3411
12.9815
12.5334
12.4427
12.3992
12.7167
12.5698
12.4272
12.3564
12.5187
12.5003
13.1316
13.3129
13.3602
13.5713
13.3683
12.8859
12.6181
12.5781
11.7455
12.4267
12.4080
12.3720
11.9913
12.2714
12.0908
12.2508
11.9281
12.3947
12.3945
12.7216
12.3464
12.2060
12.1370
12.7035
12.3368
12.7372
12.3349
12.4674
12.8657
12.3985
12.5691
12.3991
12.8620
12.0853
12.7348
12.4674
12.6369
12.5463
13.4505
12.5988
12.7191
12.5238
12.2712
12.8883
12.9288
12.3632
12.5087
12.7124
12.8327
12.4886
12.7911
12.7344
12.4355
13.2201
13.2165
12.8688
12.6625
12.6642
13.1831
13.4856
12.9845
12.8279
12.6860
13.0291
12.6631
12.7516
12.7268
14.2307
13.4319
14.0733
14.6046
13.5958
14.0392
13.8723
13.1375
13.4128
13.2058
12.6206
12.1236
12.7149
12.4381
12.6275
13.2107
13.1405
12.0140
12.1929
12.5870
12.5587
12.7306
12.5476
12.9562
13.4108
12.8824
12.6667
12.7296
12.8015
12.7286
12.6265
12.7953
13.3049
12.9412
12.6681
12.4497
13.0783
12.8559
12.3379
12.9403
13.4471
13.3556
13.5097
13.7178
13.8965
13.5529
13.8168
13.4635
12.9632
13.1271
13.3637
13.4296
12.9388
12.5842
12.0402
11.9458
12.3655
13.0493
12.5489
12.8346
11.9850
12.2838
12.5517
12.9221
12.6228
13.1907
12.5638
12.1242
12.8262
12.6240
12.3591
12.4625
12.1447
12.1858
12.5704
12.0965
12.5625
12.1894
12.5106
12.4862
12.8836
13.1352
12.9545
13.0832
13.0101
12.7214
12.8194
13.7633
13.7032
13.3765
14.0933
13.3583
13.6476
13.2551
13.1935
13.4463
13.3549
13.3489
13.5834
13.4258
13.1450
13.6518
13.6760
14.0909
13.8997
12.9599
13.3408
13.2142
13.0198
13.3068
13.4710
12.5991
13.3101
13.4503
13.1148
13.1388
13.0875
12.5930
12.7686
12.7121
13.0836
12.9457
12.9725
13.6933
13.2335
12.8359
13.2625
13.6279
13.4206
13.7399
13.8012
13.6794
14.0617
14.1294
13.6567
13.3918
12.9192
13.5998
13.6364
13.4037
13.2754
13.0403
13.3856
13.1007
13.7357
14.0760
13.6355
13.7317
13.5476
13.6434
13.4128
13.1528
13.7416
13.0985
13.6531
13.9163
13.9272
13.4409
13.7767
13.7591
14.1489
14.3890
13.8021
14.1539
13.9695
14.0725
13.9658
13.9603
13.8767
13.0169
12.7903
13.0680
13.2356
13.3798
13.2724
13.7753
13.7439
13.8749
13.9295
13.5946
14.1198
14.6164
13.4395
13.5539
13.4467
13.1231
13.2455
13.0683
13.2236
13.3627
12.7272
12.2809
12.8250
12.9133
12.9680
13.1956
12.2520
12.7073
12.6938
12.7401
12.3105
11.9503
13.1649
12.6944
13.0595
12.6067
12.8862
13.0633
12.9938
12.6801
13.2472
12.6725
13.1653
12.9954
12.4407
12.6594
12.8201
13.3328
12.9173
12.7197
12.7010
13.4356
13.3251
13.3528
12.9172
12.9722
13.5359
13.1581
13.2879
13.4975
13.0999
13.2504
13.0897
12.4489
12.5503
13.1323
12.7644
13.0410
13.4449
12.8377
12.7595
13.6111
13.3723
13.1039
13.0760
13.4318
12.9934
13.4981
13.2318
13.3375
13.4406
12.9753
12.9705
12.8711
13.5542
12.8184
13.1902
12.9787
12.7939
12.8668
13.3883
13.4028
13.3905
13.0558
13.5491
13.2667
13.0852
12.9674
13.2108
13.1775
13.4665
12.6876
12.6870
12.4379
12.3768
12.4942
12.4739
12.5642
12.4686
12.4822
12.6215
12.6159
12.3591
12.8391
13.0762
14.0836
13.8799
13.4690
14.0081
13.5229
13.3625
13.5887
13.7343
13.4358
13.9210
13.7645
13.0370
13.0282
13.1478
13.2426
13.1307
13.0611
12.7588
12.4874
13.1845
13.0962
12.6539
12.5955
12.8711
12.7136
13.2132
12.5484
12.4873
13.0023
13.5405
12.8789
12.9138
13.6837
13.6713
13.1119
12.9468
12.7986
13.0616
13.2609
13.1502
13.1529
12.7073
12.8277
13.0113
13.0218
13.4623
13.1705
12.8267
12.7117
12.7994
13.1661
13.5824
13.6739
13.4218
13.3049
13.4257
13.2953
13.1697
12.9219
13.1592
12.5621
13.2975
13.0646
13.6494
13.3670
12.6946
13.2957
13.2161
13.5562
13.5869
13.2565
13.4720
13.0923
14.0047
14.6621
14.5981
13.9639
14.0129
13.8761
13.4178
13.4772
13.1165
13.6783
13.6406
13.1040
13.3191
13.0800
13.0184
13.6118
13.0856
13.0840
13.4535
13.2678
13.2818
13.6729
13.3102
13.1101
12.8236
13.2258
13.2945
13.0114
13.2174
13.1697
13.1786
12.9561
13.0505
13.0371
13.0097
12.7033
12.5130
12.6644
12.7869
13.2696
12.6734
12.9769
12.9001
13.2871
12.9554
13.1244
13.2265
13.2624
13.0662
12.7477
13.1598
13.3718
13.7706
13.6804
13.2229
13.3850
13.0286
12.7655
12.7044
13.4633
12.9350
12.7406
13.1403
12.8666
12.8416
12.9769
12.8459
12.7132
13.0162
13.2997
12.7515
12.6820
13.2224
13.2092
12.7661
12.8696
12.6987
12.6762
12.4741
12.1769
12.0682
13.0167
12.6002
13.4526
13.9858
13.7412
13.5268
13.5803
13.2433
13.2918
14.0421
13.2823
12.9893
13.2218
12.0432
12.3348
12.2249
12.0818
12.1365
12.2722
12.2039
12.6674
12.5466
12.0342
12.5601
12.2913
12.7068
12.2355
12.2532
12.3543
12.6453
12.4461
12.3956
12.4338
12.6383
12.7786
12.9422
12.3488
12.2357
12.9448
12.7533
12.8607
12.8597
12.3414
12.3552
12.0595
12.0544
12.6288
12.2256
12.5977
12.6954
12.5029
12.5164
12.7914
13.0106
12.7925
12.9523
12.7720
13.1149
12.5935
12.2908
12.7532
12.8476
12.4351
12.6359
12.1969
12.5498
12.7693
12.8243
12.5788
12.6190
12.7582
12.7061
12.7865
12.9237
13.3754
13.0781
12.4363
12.2795
12.7304
12.5152
12.3044
12.6074
12.5243
12.8061
12.8977
12.7408
12.9975
12.7178
13.0359
12.7356
12.7354
12.7263
12.6325
13.2230
13.3309
12.7884
12.3228
13.0508
12.7748
12.4206
12.8075
12.6025
12.7008
12.7700
12.7770
12.9859
12.9231
13.0497
12.5873
12.3826
12.7956
12.7150
12.6700
12.9990
12.9335
12.9988
13.2769
13.0790
13.3559
12.8389
12.6218
12.7083
12.5943
12.5744
12.7546
12.6101
12.9096
12.8421
12.6252
12.7922
12.3462
12.5930
12.9121
13.4189
12.9144
12.8074
12.7972
12.7648
12.4449
12.8680
12.9057
12.5439
12.7343
12.9436
13.4088
13.2221
13.3879
12.9694
12.7226
12.9205
13.3233
13.0285
13.4073
13.3430
13.6345
13.6830
13.3111
13.7790
13.4933
13.0133
13.0073
12.8849
13.3772
13.8027
13.2384
13.4891
13.2449
13.1461
13.3803
13.8443
13.0213
13.2932
13.0379
12.8739
13.4214
13.1423
12.8362
12.8537
12.8174
12.5881
12.4608
12.1114
12.8362
12.5356
12.7247
12.9284
12.7820
12.4639
12.8951
12.9547
13.1347
12.7800
12.6024
13.4419
12.4318
12.7065
12.8970
12.9781
12.8490
12.9050
12.8909
12.9762
12.8510
13.0541
13.0773
13.1525
13.0465
12.9820
13.2571
12.9155
13.0613
12.7580
12.5568
12.6598
12.8816
12.7490
12.9579
12.6117
12.6568
12.6672
13.0370
12.6838
12.7240
12.8898
12.9085
12.8171
13.0550
12.8795
12.9096
13.0570
13.0590
13.6723
12.8993
13.5703
13.5482
13.4334
13.4216
13.5444
12.9673
13.0726
12.9952
13.3729
13.3905
12.9523
13.3981
13.0136
13.0001
12.6757
12.7083
12.3651
12.8874
13.1375
12.8671
13.0186
13.1711
13.0223
12.9148
13.0456
13.5072
13.1682
13.5552
12.9392
13.0559
12.9757
12.7684
12.8808
13.0600
13.1240
13.2100
13.2058
13.1624
12.9102
13.0661
13.1638
13.0856
12.8264
13.2113
13.3638
12.9823
13.1481
13.2401
13.3798
13.5577
13.3568
13.3167
13.8310
13.8413
13.8374
13.7778
13.6931
14.4102
14.2573
14.1482
14.0715
13.8383
13.9466
14.2397
13.1700
13.6442
13.4104
13.7459
13.6581
14.1656
13.9963
13.6461
13.6295
13.7370
13.8650
13.9889
14.4491
13.7841
14.0687
13.9380
13.9453
13.5341
13.6496
13.0341
13.3589
13.1316
12.9538
13.4083
13.0993
13.3682
13.8707
13.6009
13.6809
14.1889
13.1296
13.0305
13.5192
13.6517
13.5517
13.1710
13.5041
13.7394
13.8190
13.3491
13.6961
13.9095
13.5799
13.0890
13.0593
13.0543
13.4432
13.1815
13.0915
13.6459
13.4071
13.5080
13.3232
13.7644
13.7346
13.9409
13.8548
13.5312
13.7463
13.4090
13.4158
13.3708
13.5552
13.1708
13.3428
13.3587
13.5798
13.2955
13.5190
13.2676
13.3299
13.8565
13.2752
13.5685
13.6115
13.5554
13.7334
13.3336
13.4945
13.2330
13.3935
12.9354
13.3265
13.2211
13.7049
13.1762
13.7608
13.5491
13.9631
13.2141
13.1657
12.7135
12.4813
12.9738
13.2310
12.7368
12.8386
12.6383
12.7878
13.3052
13.1381
13.3386
13.0847
12.6290
13.1741
13.2104
13.3354
13.4144
12.9885
12.6701
12.8305
13.1267
12.8193
12.9447
13.1067
12.9373
12.7381
13.4808
13.3892
13.3500
13.1614
13.0754
13.2884
13.3969
13.1525
13.2393
13.8771
14.1380
13.5408
13.2166
13.2304
12.9220
13.3703
13.0812
13.3478
12.8488
13.0753
12.8593
13.0881
12.7636
13.0268
13.4097
13.3011
13.1674
13.1138
13.3950
13.8933
13.5190
13.4306
13.3338
13.0952
12.6847
13.4578
12.6834
12.8144
12.8002
12.8340
12.8231
12.4343
12.4979
12.3984
12.3515
12.2375
12.6519
12.2198
12.5158
12.3812
13.1998
12.6464
12.7070
12.6835
12.5218
12.9733
12.3643
12.5023
12.4303
12.9369
12.4396
12.6058
12.4886
12.4618
11.8629
11.8675
12.3901
12.5196
12.4288
12.0446
12.0653
12.1208
11.9758
12.0315
12.5028
12.2538
12.4908
12.4222
12.6495
12.6019
12.6167
12.2169
12.0880
12.3219
12.4161
12.6350
12.5612
12.5279
12.8445
12.2964
12.6133
12.5314
12.3471
12.3270
12.5265
12.3642
12.3030
12.2596
12.2212
12.2743
12.3236
12.0518
12.5709
12.4458
12.5502
12.7031
12.6339
12.1924
12.2033
12.7577
12.8414
13.2197
12.6602
12.8259
12.6279
12.3914
12.4207
12.3208
12.6870
12.5110
12.3535
12.5127
12.6632
12.6071
12.3034
12.1182
12.4103
12.2103
12.3527
12.6371
12.4376
12.7871
13.0651
13.2579
13.2577
12.9125
12.7533
12.8263
13.0172
12.6453
12.6495
12.7811
13.3531
12.9145
13.3309
13.3348
13.4412
13.3910
13.1813
12.8030
13.0487
13.0995
13.0454
12.8781
13.3443
13.1964
13.0485
13.1956
13.1359
13.0567
13.1473
13.3275
13.3923
13.7260
13.0645
13.0782
13.3020
12.7773
12.7586
13.2854
13.0183
13.4474
12.9215
13.0312
13.5765
13.5499
13.4310
13.0509
13.3544
13.3084
13.2476
13.4491
13.6238
13.0411
13.5617
13.0890
13.1295
13.2424
13.1583
13.4332
13.4188
13.3540
13.5510
13.5236
13.3137
13.0816
13.4161
13.4822
13.1362
13.4468
13.1440
12.9150
13.1998
13.2719
13.2083
13.3547
12.6904
13.1060
13.3829
13.1255
12.9343
13.0432
13.5113
13.2093
12.9422
13.1172
13.4769
13.7993
13.9383
13.7815
13.5318
13.5121
13.3359
13.6212
14.0255
14.0876
13.6026
14.0459
13.7554
13.4968
13.6945
13.2516
12.9411
13.3165
13.4755
13.4234
13.8596
13.7666
13.5858
13.1017
13.0922
13.5117
13.7413
13.8920
13.4637
13.4269
13.5026
13.4722
13.2739
12.9253
12.4232
13.3218
13.5186
13.7702
13.3365
13.3556
13.6076
13.2645
13.5508
13.1698
13.6189
13.4038
13.1345
13.2340
13.2607
12.9317
13.2026
13.5536
13.3944
13.7058
13.2840
13.6040
13.4311
13.2829
13.5474
13.3201
12.8371
13.2262
13.3946
13.2321
13.3648
12.8808
12.7655
13.6205
13.1919
13.8389
13.5794
13.2894
13.3441
12.6514
12.9839
13.6627
13.3594
13.1752
12.7254
12.5994
12.9218
13.5138
13.7159
14.2199
14.0700
14.0274
14.1867
14.0799
14.0893
13.8262
14.0597
14.1126
14.6105
14.2395
14.3966
14.3349
13.8064
14.3340
13.8500
14.0686
13.8656
13.6570
13.7296
14.2306
13.9140
13.8965
13.6478
13.8859
13.4821
13.8396
14.1951
14.0024
14.1792
13.8273
13.6993
13.6239
13.6529
13.5153
13.5133
13.7842
13.4978
13.7267
13.0202
13.3991
13.6656
13.0627
13.3509
13.1427
13.6037
12.9059
12.7444
13.3234
12.5692
13.2354
13.6699
14.0357
14.0246
13.7317
14.0009
13.9231
13.9502
13.8683
13.3435
13.5429
13.4309
13.6835
13.1449
13.2036
13.4769
13.4353
13.3575
13.6967
13.4144
13.4945
13.3035
14.0441
14.1056
13.7075
13.3844
13.2989
13.2912
13.5316
13.5145
13.7281
13.3211
13.7208
13.3413
13.8578
13.3301
13.5271
13.7477
13.4730
13.4908
13.1836
13.4207
12.8766
13.3268
13.5635
13.6660
13.5016
13.9493
14.0621
14.4134
14.1672
13.9500
14.1174
14.2654
14.0375
13.7766
14.1004
14.1028
14.2878
14.1305
13.5457
13.9947
13.8222
13.6989
13.5588
13.5712
13.7061
13.4872
12.9152
13.5702
13.3594
13.8303
13.7084
13.4539
13.7481
13.6686
13.3999
13.5813
13.5106
13.6767
13.7346
13.6421
13.3780
13.4179
13.5965
13.6252
13.9771
13.6708
13.6718
14.0286
13.9259
13.7507
14.2973
14.1389
14.1096
14.4030
13.6311
13.9258
14.1913
13.8743
13.8113
14.0636
13.5460
13.5931
13.0571
13.6517
13.3543
13.1781
13.1276
13.4032
13.8095
13.4737
13.5935
13.4649
13.4082
13.6468
13.7661
13.9684
13.6032
14.3347
14.5985
14.4432
14.1729
14.0853
13.7238
14.2002
14.6428
14.9678
15.2219
15.6001
15.2704
14.5068
15.3037
15.1133
14.7781
14.6547
14.7251
14.8893
15.0186
15.3145
14.9056
14.7585
14.5359
14.2400
14.5240
14.0888
14.2093
14.1815
13.9496
14.7447
14.4375
14.2688
14.1065
13.5192
14.3785
15.2649
14.9508
15.2375
14.9135
14.9957
15.4324
14.7855
14.7355
14.9878
15.6660
15.4292
14.4211
14.5815
13.8610
14.4347
14.5872
14.8982
14.9230
15.1086
15.0814
14.4124
14.3314
14.9171
14.6020
14.5718
14.4855
14.4892
14.3537
13.9009
14.2880
13.6373
13.6692
13.9365
14.4050
14.3701
14.2753
14.2838
14.1594
14.2521
14.1476
14.1996
14.5304
14.3378
14.2075
14.3482
14.1836
13.6881
13.8167
14.0561
13.9771
14.1785
13.7962
14.1508
14.6620
14.2382
14.5132
14.4749
14.8165
14.6226
14.6860
14.9315
15.9634
14.7982
15.2946
15.0831
15.1104
15.0726
15.1412
15.0215
14.3543
15.4233
15.7551
15.5652
15.7891
16.5434
15.8204
16.1656
15.8053
15.7422
15.3859
16.5183
15.5258
15.5595
15.4904
15.8364
15.6711
15.3323
14.8041
14.6844
15.0212
14.6118
14.9509
15.0402
14.6092
14.4741
14.9172
14.9034
14.7184
14.3098
14.1100
14.3463
14.3984
14.6299
15.0131
15.2102
14.0338
14.4410
14.5281
14.4042
14.9177
14.9293
14.3336
14.1510
14.1616
13.8004
14.1317
14.2051
14.1888
14.4863
14.4491
14.6403
14.8167
14.9875
14.7958
14.7940
14.3320
14.9226
14.8034
15.4722
14.9070
14.4303
14.2061
14.7702
14.8760
15.5286
14.3432
14.6435
14.6799
14.3928
14.5931
15.1774
15.0139
14.6646
14.7887
14.6910
14.8107
14.4423
14.4521
14.4386
14.3919
14.3644
14.6888
14.5829
14.8599
14.5579
13.9311
14.0576
14.7107
13.9590
14.7175
14.4575
14.1421
14.2325
14.2866
14.0753
14.2858
14.6035
14.3388
14.4552
14.5464
14.8887
14.9632
14.9505
14.8230
14.8173
14.8991
14.7747
15.0582
14.7780
15.1332
15.3156
14.8428
15.3502
15.1840
15.0178
14.4274
14.5996
14.5992
15.5391
15.6276
15.8661
15.8026
15.1602
14.6781
14.6699
14.4500
14.6786
14.7003
14.5225
14.9367
14.7353
14.8680
15.1536
15.1107
15.2534
15.7363
15.2445
14.8823
15.4700
15.2685
15.0731
15.2862
14.4699
14.6982
14.7019
14.3795
14.5880
14.0259
14.6576
14.1858
13.9170
13.8793
14.0946
14.0480
14.0342
14.0618
14.4960
15.2645
14.8094
14.9228
14.3884
13.9078
14.3391
14.7076
14.9221
15.1936
14.7526
14.4502
14.2667
14.3487
13.9720
13.8905
13.5902
13.4771
13.7261
14.2642
14.2259
14.6128
14.6769
14.5430
14.2147
14.8153
14.5497
14.1301
14.1051
14.1235
14.1528
14.4246
14.3658
14.1296
13.8438
13.9294
14.2163
14.2044
13.8029
14.7978
14.0652
14.0544
14.5172
13.7912
13.9246
13.7986
13.7101
13.3818
13.7919
14.2898
14.6114
14.7682
14.8265
14.2565
14.3324
14.1289
13.7362
13.9674
13.9683
13.9269
14.7268
14.1263
13.9686
15.1727
14.4892
13.9619
14.2980
13.8105
14.0938
14.3544
14.2024
14.3734
14.4124
14.4617
14.0230
13.9319
13.1712
13.9083
13.8664
14.4249
14.5183
14.6074
14.7475
14.5266
14.1849
14.2417
14.5694
14.1494
14.0805
13.9946
14.1070
13.8638
13.9691
13.7489
14.3740
13.5202
13.8073
14.4917
13.8203
14.0229
13.5483
14.1527
13.9009
14.2414
13.6725
14.2535
13.7694
13.8898
14.0670
13.5427
14.4301
14.2234
14.7674
14.6770
14.0777
14.2442
13.5040
13.2233
14.5305
14.3131
14.9589
14.5337
14.2732
14.5446
14.4474
14.6602
14.7931
14.6852
15.0509
14.3664
14.8983
14.6625
14.3153
14.7388
14.5752
14.6087
14.2517
14.1327
14.5233
14.9606
14.8759
14.2736
14.2794
14.0371
14.3229
14.0051
14.3773
14.5748
14.3369
14.2401
14.0889
14.3070
13.9099
14.5022
14.3141
14.2238
13.9277
13.9975
14.2468
14.4003
14.1121
14.0935
13.9573
14.6836
14.7106
14.4269
14.3901
15.0533
14.4767
14.2943
14.1850
14.1709
14.2481
14.5670
14.7204
14.8482
14.7625
14.8195
14.3881
14.9205
14.4735
14.7659
15.1640
15.1349
14.7670
15.1018
14.9002
14.5393
14.1085
14.1995
14.0505
13.5657
14.1905
14.6259
13.8710
13.9711
15.0042
14.7557
14.6248
15.1569
15.3308
15.3739
14.5500
15.0493
15.2622
15.0819
14.9096
14.7827
14.8554
15.5853
14.7143
14.8601
15.2840
14.8856
14.1765
14.3827
14.4733
14.3622
14.0830
14.3315
14.0111
14.7325
14.1600
14.0320
14.1160
14.2765
13.6728
13.7317
13.8106
13.6360
13.4123
13.6090
13.6934
13.6728
13.8640
13.4055
13.7114
13.9844
13.7564
13.7439
13.9466
14.0538
14.1219
14.1555
13.9916
13.5862
14.0474
14.3967
13.9947
14.1982
14.0656
14.2346
14.5050
14.2697
14.2336
14.0280
13.8108
13.5572
13.8699
14.0851
14.7479
14.7226
14.5879
14.3031
14.8072
15.0864
15.3104
14.9332
15.2918
14.5253
15.0122
15.3713
14.7220
14.2692
14.5379
14.1456
14.2146
14.3457
14.1898
14.5180
14.3794
14.4682
14.4687
15.2228
15.0767
14.4418
14.2867
14.8723
15.0005
15.4495
15.1048
14.2031
14.4113
14.3029
14.6765
14.2570
14.3632
14.6253
14.0400
14.2051
14.8492
14.8445
14.4075
14.6304
14.4376
14.7620
14.2828
14.5491
14.2026
14.4296
14.8034
14.3665
14.3961
14.3130
14.5185
14.5641
14.3666
15.2073
13.9382
14.3715
15.0896
14.4246
14.5407
14.4150
14.6090
15.2648
14.8246
14.5347
14.3995
15.0425
14.5828
14.3713
14.0100
13.9061
13.8926
14.6767
14.5551
15.0256
14.7444
14.3893
14.4662
14.1409
14.5482
14.3476
14.0663
14.5189
13.9077
14.6802
14.4060
13.2932
14.1974
13.7066
14.0142
13.8193
13.1495
13.8816
13.6065
13.6806
13.7145
13.6265
14.1061
13.9921
14.5307
14.4365
14.1071
13.8319
13.8818
13.7002
13.9740
14.1956
14.6670
14.3897
14.2602
14.0076
14.3059
14.3664
14.1008
13.8536
14.2097
14.4336
14.2289
14.1149
13.9524
13.7408
14.4811
14.5015
14.2319
14.2898
14.3651
14.0935
14.6192
14.0831
14.2954
14.6075
14.2875
14.1800
14.0859
14.6321
15.1812
14.7734
15.0945
14.2015
14.0303
14.3713
14.1467
14.1417
14.0654
14.0737
14.2448
14.1119
14.0663
13.6662
13.9881
14.2495
14.0461
14.0388
14.3682
14.3195
13.9227
14.0260
13.8095
13.8798
13.5608
15.0391
14.1532
14.3557
13.9036
14.3205
13.9474
13.6874
13.8397
14.3616
14.0780
14.1702
14.3612
13.9847
13.6720
13.6772
13.6947
13.4655
13.7091
13.5820
13.3249
13.3404
13.8495
13.9343
13.4631
13.8451
14.1167
14.6277
14.5237
13.7358
13.5886
13.4189
14.0050
13.6555
13.5359
13.8718
13.3273
13.7079
13.8139
14.0529
13.4465
14.1295
14.0132
13.9536
13.5027
13.9395
13.9769
14.2353
14.3804
14.1064
14.1773
13.5850
13.5244
14.0320
13.7687
14.0437
14.1947
14.0467
14.1705
14.1264
13.3268
13.7647
13.8442
13.6987
13.8061
13.7719
13.2374
13.7101
13.9271
13.3440
13.5315
13.3661
13.6382
14.3635
14.0594
13.7794
13.7009
13.7692
13.9291
13.4794
13.9800
13.8835
13.6969
14.2748
14.2783
13.6200
14.9540
14.8244
14.1606
14.7545
15.1592
14.5687
14.9820
14.3771
14.0002
14.0485
14.2658
14.1421
13.3810
13.3106
13.4260
13.4342
13.1429
13.5538
13.5688
12.9150
13.5001
13.1605
13.5961
13.5194
13.5195
12.9125
13.1452
12.9984
13.3098
13.8121
13.8555
13.5294
13.9118
13.9658
13.7542
14.0857
13.7045
13.6399
13.6514
13.6565
13.4784
13.5886
13.5666
13.4106
13.0902
13.2485
13.0145
13.5038
13.1368
12.9356
13.6531
13.6241
13.3964
13.1110
13.3322
13.1742
13.6064
13.5554
13.4964
13.6959
13.3521
13.8537
13.8802
13.2695
13.6969
13.7513
13.6441
13.6219
14.0678
13.9835
13.8743
13.9788
13.8142
14.5295
14.6400
14.4405
14.1596
14.2270
14.5088
13.9380
13.8854
13.7293
14.0418
13.9895
13.9931
13.9554
14.3345
14.0719
13.6952
14.0192
14.3201
14.6548
14.4325
14.0496
14.0428
14.9156
14.0896
13.7539
13.2840
13.4442
13.4529
13.7685
13.6031
13.2311
13.4656
13.9532
13.5630
13.9132
13.9163
14.1287
14.7513
14.0365
14.0709
13.9268
13.8846
14.2985
14.2817
14.2234
14.1584
14.1622
14.1335
13.8359
13.7182
13.9594
13.7345
14.1011
14.0959
13.6421
13.3781
13.9920
13.1626
13.5389
13.6657
14.1271
14.2997
13.9039
13.8823
13.7664
14.3588
13.4852
13.6299
13.4578
13.5810
13.5359
13.4264
13.5410
12.8746
13.0808
13.0842
13.2678
13.0305
13.8799
13.1691
13.0006
13.1699
13.3543
13.6323
13.9800
14.0591
13.5562
13.5376
13.4860
13.3638
13.6287
13.5510
13.8467
14.2188
13.6525
14.2025
13.6040
13.3531
13.4699
13.8260
13.8374
13.8898
13.6930
13.6770
14.0175
13.5522
12.9851
13.2930
13.3572
13.4421
14.0755
13.8993
14.0356
13.7446
14.0166
14.1818
14.1738
14.2709
14.2344
13.9843
13.9859
13.7953
14.1623
13.7248
14.5751
14.3872
13.5895
13.6782
13.9373
12.9054
13.4484
13.3706
14.0734
14.0209
13.6559
14.0509
13.4108
13.4615
13.9162
14.0747
13.9391
14.4983
14.2358
14.1382
13.9369
14.3393
14.1902
14.1058
14.6861
13.9296
13.8418
14.1229
13.9711
13.7518
13.7335
13.9234
13.7792
13.6069
13.4372
13.5505
13.2681
13.4459
13.4558
14.4148
13.9829
14.2960
14.1743
14.1564
14.1239
13.9296
13.9916
13.5226
13.6464
13.6198
13.5681
13.5268
14.2317
13.7336
13.9845
14.1532
14.2044
14.0887
13.4116
13.9021
13.4224
13.4651
12.8390
13.1262
12.8569
13.0961
13.2386
13.0439
13.6763
13.5605
13.5577
13.7801
13.6200
13.1214
12.8288
12.7331
13.1661
12.9206
13.0203
13.1860
13.1754
13.3223
13.4256
13.0619
13.5476
13.3476
13.2408
13.3317
12.6330
12.9195
13.0603
13.0373
13.0718
12.8375
12.9097
13.0462
13.1379
12.9596
12.7155
12.5573
12.5661
12.2798
12.7469
12.5354
12.6449
12.8287
12.8396
13.3025
13.1332
13.4462
13.1546
12.9330
13.0763
13.2338
13.2011
13.0276
12.8154
13.0761
13.2848
13.2750
12.8592
12.5789
12.6172
12.7832
12.8453
13.0284
13.4675
12.8493
12.7686
13.0328
12.8020
13.2333
13.5677
13.8964
13.3916
14.0969
13.3160
13.7496
14.0277
13.6297
13.3130
13.5961
13.1675
13.3600
12.9855
13.3484
13.1343
13.2655
13.2350
13.1240
13.3218
13.6359
13.9952
13.5710
13.4899
13.6751
13.4937
13.4284
13.8084
13.2712
12.8917
13.3216
13.4462
13.0155
13.3133
13.5228
13.2098
12.8180
13.0750
13.1195
12.8038
12.5354
12.7589
13.0524
12.6212
12.7456
12.8058
12.5118
12.7364
12.5432
12.8665
12.7574
12.4475
12.4534
13.3514
12.9285
12.9922
12.5803
12.4275
12.4847
12.8484
12.9319
12.5952
12.3540
12.4061
12.5591
12.7203
12.7049
12.5965
12.2158
12.4898
12.2928
12.4895
12.3125
12.6684
12.4260
12.4741
12.4483
12.6537
12.5304
12.9249
12.9428
12.8042
12.5599
12.6434
12.3585
12.6333
12.3692
12.1337
12.2037
12.3904
12.6821
12.7661
12.9879
12.9444
12.8164
12.8360
12.8985
12.6495
12.5898
12.5840
12.5763
12.2723
13.1776
13.0346
13.0990
13.0308
13.6826
13.4163
13.2546
13.5769
13.2944
13.2620
13.5570
13.7360
13.5312
13.3187
13.5372
13.2362
12.8554
13.1347
13.1563
13.6115
13.7136
13.1946
13.6677
13.8418
13.9637
13.9675
13.8436
13.4292
13.1752
13.4630
13.5760
13.6794
13.1888
13.1344
13.1075
13.4371
13.7976
13.4493
13.7793
13.5770
13.6619
14.2372
13.9289
13.9054
13.2938
13.6250
13.5873
13.8062
13.5465
13.9294
13.7011
13.2168
12.9533
13.1916
13.0462
12.6437
12.2635
12.7792
13.0782
12.7935
12.5175
12.2809
12.4362
12.2975
12.7331
12.3162
12.6224
13.0816
12.6512
12.5627
12.6471
13.0126
13.1243
13.0946
13.0113
12.7017
13.0739
12.7660
13.0979
13.2064
12.8087
12.7324
13.1414
13.2057
13.0247
13.1575
13.1288
13.1306
12.7242
12.8237
13.2210
13.2253
13.2955
12.9148
13.1810
13.4952
13.9379
13.6011
13.5789
14.5556
13.9837
13.9888
13.4012
13.3425
13.1974
13.8484
12.9762
12.5506
13.0192
13.5358
12.9620
13.5371
13.5172
13.4364
13.5737
13.5659
14.1380
14.0287
13.6112
13.6263
13.8866
13.8838
13.8691
13.5637
13.6380
13.1054
13.6458
13.0095
13.1848
13.8879
13.7152
13.2596
13.7771
13.8143
13.9799
13.6854
13.6644
13.4850
13.3228
13.6665
13.2501
12.6144
13.3342
13.3750
13.0806
12.6901
12.7103
12.9397
12.9889
12.7982
12.8752
13.0739
13.0224
12.8989
12.8178
13.0697
12.9011
13.0776
13.7492
13.3574
13.7151
13.1087
13.2957
12.6136
13.0294
12.7853
13.1774
13.1094
13.1211
13.0566
13.5007
13.6524
13.3192
13.1139
12.9798
12.9462
12.6910
13.0347
12.8961
12.9379
13.0086
13.1830
12.8941
12.6958
13.2922
12.9286
12.6512
13.1612
12.6713
13.0442
13.6588
12.8066
13.0480
13.2174
12.6584
13.3695
12.8747
13.2367
13.1269
12.7070
13.0939
13.0398
13.4376
12.9793
13.1546
13.2803
13.0601
13.0437
12.9121
12.5638
12.6008
12.5464
12.3809
12.7036
12.5874
12.8662
13.0429
13.1971
12.7722
13.0939
13.1960
13.4223
13.4868
13.1006
13.3359
12.6870
12.8619
12.7182
13.0177
12.9459
13.4007
13.6380
13.5069
13.6455
13.6950
13.0495
13.0489
13.6768
12.9052
12.4006
12.7062
13.3509
13.3637
13.0050
13.0221
13.0643
13.3883
13.2050
13.5507
13.3802
13.4216
13.9000
13.1152
14.0765
13.7186
13.4137
13.6596
13.2686
13.2559
13.0051
13.0654
12.9383
12.7556
13.0956
13.1220
13.2617
13.6513
13.7785
14.0936
13.9018
14.6575
13.7360
13.8575
13.5222
13.1451
13.4119
13.7188
13.5406
13.2104
13.5895
13.3550
13.1442
13.6487
14.3984
13.7540
13.9406
13.8819
13.5968
13.7948
13.6443
13.9034
13.7031
13.9802
14.1406
13.9729
13.8047
13.7977
13.3271
13.3132
13.4772
13.4262
13.4303
13.5335
13.0568
12.9952
12.6199
12.6951
13.1269
13.0011
13.3516
13.1804
13.5165
13.4617
13.3072
13.1422
13.8304
12.9110
13.1506
13.3904
13.4618
13.3842
13.4248
13.3241
13.9288
13.6987
14.1920
13.2554
12.9984
13.3743
13.0925
13.2585
13.9137
13.5566
13.3745
13.9490
13.2799
12.6186
12.9854
13.0933
13.1756
13.2375
13.3277
13.6604
13.3825
13.3596
13.5454
13.4454
13.0698
13.0111
12.8806
13.7166
13.2051
12.9599
12.8616
12.9531
12.6700
12.7799
12.8172
12.6426
12.7504
12.8831
12.6227
12.4283
12.4839
12.3365
13.0364
13.3434
13.0915
12.8092
12.8597
12.5097
12.5971
12.8622
12.2746
12.4882
12.8140
13.0564
13.7966
13.3175
13.6902
13.6150
13.6228
13.9445
13.7392
13.7550
13.8679
13.1270
13.1379
13.1167
13.0501
13.3497
13.4953
13.7684
13.7976
14.3600
13.6779
13.4172
13.9573
13.8799
13.8447
13.7513
13.8026
14.3491
13.4538
13.6153
13.2983
12.9970
13.1711
13.1876
12.8526
12.9323
13.4480
13.3624
13.2650
13.3170
13.8023
13.5109
13.8280
13.0614
13.6642
13.2434
13.0298
13.4074
13.4276
13.5623
13.7228
13.1421
13.4378
12.5634
13.3848
13.0979
12.7536
12.9507
13.0799
13.0342
13.2083
13.0883
12.8025
13.1446
12.5378
13.4505
13.5769
13.2338
13.4519
13.1818
13.5448
13.6334
13.6897
13.3459
13.6576
13.8002
13.7741
13.6204
13.6633
13.8898
13.9941
13.7443
13.9794
13.3029
12.8865
13.4364
13.2139
13.1617
13.7325
13.4419
13.7564
14.1603
13.8617
13.5760
13.4000
13.5421
13.4059
13.9273
14.0248
13.9886
13.6078
14.0702
14.1598
13.7865
13.2252
13.6570
13.6233
13.9232
13.5180
13.4814
13.1079
13.1554
13.4041
13.3108
13.5457
13.8048
13.5164
13.3512
13.6908
13.7207
14.0306
14.0399
13.6851
13.9490
13.9786
13.7413
13.8976
13.8171
13.9330
13.8793
13.4276
13.4707
13.3771
13.8255
13.5887
13.3733
13.5948
13.3620
13.9118
13.6083
13.4864
13.5237
13.2347
13.4340
13.1073
12.8411
13.0094
13.7538
13.7874
13.7155
13.2309
13.6894
13.4351
13.4009
13.4838
13.5453
13.4336
13.7731
12.9481
13.2623
12.9323
13.6341
13.7609
13.6572
13.7254
13.4050
13.5195
13.4143
13.2720
12.9967
13.8897
13.7915
13.5608
13.6155
13.4336
13.2806
13.2057
13.5568
13.2665
13.5980
13.5126
13.2305
13.0873
13.2303
13.0327
13.3272
13.3986
13.7468
13.8514
13.9092
13.8439
13.5096
12.9318
13.1691
13.2033
13.0372
13.0666
13.0417
13.2678
12.9921
13.2160
13.3294
13.7428
12.8084
12.8995
12.8708
13.0854
12.6987
13.0476
13.3271
13.4890
13.1128
13.0978
13.6310
13.8447
13.2955
13.6516
13.7846
13.7558
13.6393
13.3791
13.3434
13.1579
13.4484
13.7383
13.3812
13.2781
12.9791
12.7963
12.9979
12.6166
12.6198
12.5921
12.1164
12.2160
12.3756
12.5115
12.4272
11.8316
11.6694
11.9657
11.9218
12.1621
12.0248
12.0437
11.9161
11.6359
12.1687
12.0954
12.1361
11.9555
11.9416
11.6617
11.7635
12.5950
12.6306
12.8716
12.7665
13.2897
12.8664
13.0440
12.9925
12.8979
13.4053
12.7006
12.9638
12.8297
12.8551
13.1489
13.5365
13.3151
13.0999
13.5488
13.3736
13.2176
12.9649
12.7631
13.0054
12.9240
12.4941
12.5904
12.9701
12.9131
12.6337
12.4940
12.0532
12.5806
12.6760
13.1042
13.1601
13.1660
12.8351
12.6739
12.8809
13.6823
13.0224
12.8874
12.7958
12.8665
12.8641
12.5013
13.1955
13.4403
12.8488
12.8720
13.1487
12.6471
12.4174
12.7781
13.2723
13.5692
13.6569
13.4875
13.0206
13.1261
13.2581
13.1005
13.4807
13.6533
13.2369
13.2715
13.6601
13.3266
13.2640
12.8772
12.7961
12.5770
12.9948
12.7810
13.1066
12.4863
12.5872
12.9083
12.9026
13.0106
13.5143
12.8721
12.7436
13.1184
13.0754
13.0771
13.0541
12.4301
12.5637
12.4987
12.5679
12.5512
12.4614
12.6284
12.6759
12.7707
12.8817
12.8819
12.7484
12.6824
12.8578
12.5300
12.8085
12.8185
12.9062
13.0760
12.5808
12.5739
12.8419
13.1235
12.8605
12.5190
12.6533
12.8643
12.6099
12.6342
12.6596
12.6515
13.0931
12.7930
12.9112
12.6562
13.0062
13.1389
13.1231
12.7854
12.7484
12.7433
12.4215
12.7931
12.2737
12.9823
12.9993
13.1206
12.9347
13.4210
12.9017
12.5652
12.6540
13.1842
13.5030
13.7317
13.0566
13.2076
13.1218
13.2637
13.0212
12.8283
13.2291
13.1988
13.8438
13.7964
13.5022
13.2273
13.0427
12.6659
13.0959
13.3283
12.7435
12.6932
13.2246
13.2328
13.1218
12.6806
12.7540
13.4724
13.3301
12.8217
13.2692
13.2244
13.3062
13.7824
13.3589
13.8137
13.7866
13.3861
12.9588
13.6911
13.0213
13.5466
13.2264
13.1908
13.2475
12.3609
12.4572
12.5022
12.9520
12.5980
12.3833
12.6924
12.8657
12.3628
12.7561
13.0793
12.4147
12.6683
12.8408
12.7719
12.4860
12.0526
12.3074
12.0850
12.8677
13.1616
12.6523
12.9923
13.2980
13.6625
13.4531
13.1686
13.0196
13.0079
13.1759
12.9602
12.3623
13.0024
12.9480
12.8477
13.0744
12.6792
13.1453
12.6082
12.9782
12.8512
12.7003
12.8901
12.7394
12.8967
12.6161
12.0437
12.9715
12.9275
12.4985
12.7210
12.1688
12.5330
12.5500
12.4910
12.6105
12.1442
12.3769
12.8039
12.3706
12.4016
12.7579
12.5808
12.3522
12.4511
12.7490
12.5489
12.6715
13.0841
12.7753
12.7388
12.7474
12.6439
12.7211
12.2954
12.4849
12.4130
12.8241
12.4207
12.8032
12.7817
12.4813
12.6625
12.6231
12.8914
12.8012
12.8900
12.5106
12.9573
12.7255
12.7982
13.5762
13.3804
13.2394
12.7679
12.9122
13.0370
12.4683
13.0933
12.8109
12.8993
12.9344
12.8328
12.4847
12.6805
12.5053
13.1242
12.7358
12.7429
12.5863
12.3179
12.6228
12.6968
12.8117
12.0940
12.5854
12.4182
12.7573
12.1179
12.8087
12.2715
12.2678
12.1325
12.0920
12.2830
12.2654
12.5492
12.9322
12.6221
12.9350
12.4707
12.7363
12.3882
12.8005
12.6488
12.5369
12.5374
12.5206
12.7598
13.2603
12.9599
13.0438
12.7875
12.9495
12.9973
13.0724
13.1417
12.8610
13.0135
12.5778
12.8762
13.1972
12.9984
13.9092
13.0556
13.2368
12.8729
12.7828
12.6407
12.7242
13.1131
13.0496
12.7582
12.6558
12.6984
12.8611
12.6857
12.5801
13.0993
13.2583
13.3572
13.5663
13.5599
13.0651
12.7306
13.3199
13.0426
12.9436
13.4183
13.1624
13.3768
13.7974
14.1676
13.8063
13.8515
13.9497
13.1755
13.7216
13.3469
13.6696
13.9783
13.7401
13.6089
13.4829
13.6884
13.1948
13.6872
13.7865
13.3629
13.3339
12.9061
13.2785
13.1146
12.9134
12.9606
13.3608
13.5876
12.9206
13.2958
12.5704
12.4833
13.1631
13.0981
13.3432
12.9244
13.0906
13.0160
13.0219
13.0836
13.3274
13.7784
13.3374
12.6395
12.5326
13.0431
12.7190
12.9532
12.7916
13.7562
13.4275
12.5904
13.1420
12.9959
12.6377
12.9899
12.8479
12.8836
12.5462
12.9302
12.9600
12.8621
12.5137
12.3876
12.5406
12.8516
12.6371
12.5397
12.6871
12.6723
13.3116
12.8829
12.7950
12.9607
12.4832
12.3003
12.3819
11.9876
12.1781
12.3375
12.5618
12.3506
12.2936
12.3739
11.9607
12.2229
12.4957
12.8344
12.8798
13.0293
12.1874
12.4354
12.4989
12.6231
12.4477
12.4185
12.2986
12.4345
12.1958
12.4435
12.2343
12.3514
12.4681
12.5087
12.3900
12.3734
12.7700
12.3847
12.4556
12.7022
12.6959
12.8177
12.7491
12.8517
12.8642
13.0407
13.1301
12.8535
12.4269
12.8765
12.6076
12.4267
13.0919
12.9615
12.9581
12.4556
12.9433
12.7370
12.7169
12.7680
12.7451
12.9923
12.3278
12.3407
12.4142
12.3882
12.8320
12.3499
12.7383
12.6369
12.6666
12.8332
13.0720
13.2479
13.2617
13.2929
13.5485
13.8091
13.6005
13.0794
13.0370
13.0860
13.4608
13.3008
13.1945
13.3274
13.5809
13.1286
12.9594
13.1639
13.1853
12.9843
12.7298
12.9705
13.3720
13.5145
13.9723
13.7052
13.3254
13.6398
13.3909
14.0152
13.6621
13.4494
13.0151
12.9902
13.7247
12.7140
13.5210
13.4339
13.1648
14.1012
13.4229
13.7001
13.2268
13.4193
13.3534
12.8467
13.1309
13.6956
13.0264
13.8347
13.6832
13.2574
13.3022
13.7024
13.0859
13.2111
13.5849
13.2905
13.3952
13.0099
13.0717
13.0565
12.9411
12.9001
13.0201
13.0463
12.9842
13.1943
13.5447
12.9260
12.8378
13.1400
13.1936
12.9358
12.4366
12.9887
12.9944
13.0534
13.4264
12.9400
12.5453
13.1391
12.9890
12.9360
12.8183
12.9933
12.8885
12.9636
12.9813
12.7809
12.6720
12.7575
13.2323
12.7956
13.3480
13.2356
12.8598
12.9820
13.0998
13.0656
12.7823
13.5109
13.2385
12.9636
12.9484
12.8163
13.0215
12.4751
12.9526
13.1792
13.4237
12.8251
12.5608
13.0140
13.2703
13.1136
12.7913
12.9526
13.5829
13.6261
13.5795
13.6020
13.4802
13.8948
13.5709
13.2864
13.6952
13.2923
13.4636
13.6052
13.6788
13.2202
13.4772
12.8657
12.9649
13.0135
13.2725
13.1539
13.7403
13.5378
13.0098
13.0123
12.5277
12.9429
12.8956
13.2597
13.4812
13.3555
13.5244
13.9714
13.4886
13.3050
12.9587
13.3786
13.3805
13.4847
13.5714
13.0938
13.4304
12.7814
12.9479
13.2145
12.9552
12.7713
13.0128
13.0903
13.0776
13.6387
13.0254
12.9921
13.3928
13.0025
13.1427
13.3154
13.3485
13.1842
13.0788
12.9013
13.2666
12.7926
13.1917
13.3184
13.0316
13.4643
13.2263
12.7136
13.5812
13.2840
12.8694
12.9695
12.8831
12.7229
12.5063
12.6516
13.1289
12.6279
12.9111
13.2139
13.1424
12.8980
13.0285
12.9064
13.0350
12.9089
13.5258
13.6466
13.0341
13.4854
13.5179
13.5290
13.2264
13.3142
13.4608
13.4023
13.3291
13.1754
12.7370
13.5627
13.0316
12.8381
13.4067
13.4774
13.1121
13.1156
13.1200
12.8519
13.0256
12.9847
13.1561
13.1621
13.2833
12.7280
12.7754
12.4718
12.5021
12.6819
12.8003
13.0207
13.2272
12.8430
13.2424
12.7184
12.9422
12.7062
12.8222
12.6379
12.9930
13.1221
13.3708
12.7520
12.8673
13.0324
13.0621
13.2667
13.7245
13.4093
13.2203
13.3390
13.0489
13.1222
12.9863
13.0304
12.5656
13.1107
12.8320
13.0060
12.6224
12.9751
12.8692
12.9651
13.0789
13.6069
13.4601
13.5425
13.1770
13.3377
13.1137
13.7235
13.5146
13.3240
13.1200
13.0107
12.9655
12.7706
12.6675
13.3909
13.2536
13.0412
13.4125
13.2478
12.9031
13.6255
13.3224
13.3962
13.2691
12.4617
13.1143
13.3896
13.3318
13.2715
13.3512
13.7715
13.5472
13.4083
13.4719
13.3062
13.2860
12.8597
13.6930
13.6591
13.7831
13.3885
13.8072
13.6414
13.2162
12.9499
12.9547
12.5473
13.5593
13.0219
12.9617
12.9426
13.2196
13.0373
12.9221
12.9549
13.2945
13.3192
13.2539
13.5109
13.4316
13.4690
13.0990
13.1009
13.0116
12.8171
13.0651
12.6311
12.7080
13.1647
13.1453
13.3746
13.5794
13.4749
13.1801
13.6976
13.6105
13.4259
13.4034
13.6433
13.3914
13.4094
13.2242
13.4562
13.4628
13.4853
13.5558
13.3722
13.2939
13.4436
13.2883
13.0440
13.5424
13.2907
13.7219
13.4432
13.1608
13.3084
13.1130
12.9880
13.5059
12.9326
13.1241
12.9103
12.7704
12.7075
13.0233
12.8922
13.3087
13.4558
13.6950
13.3958
13.3228
13.5224
13.5559
13.8611
13.7720
13.2821
13.4317
13.5643
13.3494
13.4003
13.3881
13.7866
13.7953
13.4313
13.5664
13.5612
12.9638
13.2229
13.1884
12.8766
12.8700
13.3918
12.9921
13.3059
13.2565
13.7560
13.2437
12.8562
13.0820
13.0881
13.5872
13.5163
13.1182
12.7624
13.4486
13.3100
12.8937
13.1175
12.6605
12.9393
13.4721
12.5231
12.5921
13.0899
12.9541
13.2360
12.6977
13.1050
12.8282
12.5558
12.5084
12.3286
12.1797
12.6396
12.4844
12.3776
12.0917
12.4274
12.0094
12.3190
12.4337
12.0385
12.1093
11.9763
12.1096
12.3513
12.5236
12.2283
12.4394
12.5922
12.3747
12.7191
12.8029
12.9260
12.9292
13.1200
12.6711
12.7735
12.6866
12.7576
12.5696
12.7616
12.4777
12.5620
12.4160
12.4794
12.0984
12.1755
12.0977
11.9475
12.1007
12.2061
12.0716
12.1393
12.5513
12.4847
12.5676
12.0806
12.3897
12.6824
12.8497
12.3519
12.7509
12.5769
13.1288
12.7434
12.5129
12.4510
12.3434
12.5729
12.7646
12.4890
12.5268
12.3940
12.5544
12.6665
12.5567
12.2949
12.1958
11.9306
12.0887
12.1601
12.1033
12.3483
12.1737
12.3909
12.0844
12.0576
12.7600
12.5163
12.4462
12.3290
12.4960
12.3849
12.4327
12.4018
13.0314
12.6559
12.6675
12.4203
12.3481
12.3622
12.6181
12.2378
12.4711
12.4267
12.4516
12.3657
12.2270
12.3211
12.4559
12.1485
12.1664
12.3069
11.9819
12.3854
12.5556
12.6231
12.3887
12.8348
12.5008
12.6190
12.8274
12.4150
12.3990
12.3604
12.2089
12.1879
12.2578
12.3637
12.5575
12.5513
12.4170
12.5364
12.6446
12.2506
12.3786
12.1606
12.3606
12.0944
12.0728
12.2947
12.2249
12.4329
12.8156
12.7218
12.4347
12.4538
12.8353
12.5454
13.0999
12.6310
12.6200
12.7570
12.3459
12.5731
12.4470
12.7721
12.6717
12.4797
12.3997
12.3574
12.5787
12.4486
12.6345
12.2430
12.5351
12.2253
12.8750
13.1483
12.9559
13.1662
13.3059
13.0825
13.1507
13.1704
13.2313
13.0798
13.0611
12.8611
12.3062
12.6187
12.3452
12.1657
12.6191
12.4047
12.6206
12.7237
12.6392
12.8097
12.6322
12.5397
12.7505
12.9724
12.8258
13.2354
13.3221
13.0728
12.8066
12.8209
12.8030
12.7992
12.6407
12.4089
12.9221
13.1220
13.2621
12.5887
12.2386
12.4829
12.6507
12.7402
12.6456
12.9714
12.6109
12.8962
13.0866
12.5373
12.4918
12.5701
12.2285
12.3970
12.7036
12.8053
12.3831
12.2093
12.3040
12.3577
12.7368
12.5651
12.8826
13.0807
12.7642
12.4958
12.4563
12.5116
12.7606
12.6512
12.7731
12.2660
12.6243
12.3188
12.0190
11.9309
12.1859
11.8917
12.1733
11.9796
12.1478
12.1099
12.2396
12.3168
12.3046
12.3588
12.3907
12.5000
11.9468
12.2551
12.1556
12.1625
12.5136
11.9421
11.6254
11.8813
11.8702
11.8127
12.0970
12.2309
11.9570
12.0634
12.3745
12.2726
11.9862
11.9111
12.2613
12.3827
12.2715
12.0254
12.4779
12.6638
12.8941
12.3260
12.3900
12.0188
12.5757
12.6840
12.8706
13.0288
12.9447
13.1632
12.9812
13.1945
13.4524
12.8638
12.7138
12.3629
12.3787
12.5378
12.5422
12.3458
12.3488
12.5231
12.7687
12.6441
12.7468
12.6501
12.7303
12.4474
12.4283
12.3236
13.0531
13.5280
13.0020
12.6099
12.5502
12.8248
12.6064
12.8501
13.1631
12.8670
12.5236
12.2611
12.2490
12.1033
12.2204
12.2181
12.1523
12.2021
12.1087
12.3986
12.6007
12.8403
12.6493
12.6082
12.5245
12.3927
12.5014
12.9888
12.5565
12.4768
12.3023
12.2279
12.5118
12.3307
12.5418
12.4317
12.4047
12.3828
12.1089
12.2199
12.0463
12.1995
11.9804
12.0038
12.0228
11.9693
11.8772
12.1733
12.1025
12.0143
11.9875
12.0240
11.9766
12.2962
12.2307
12.7857
12.4055
12.9790
13.3925
13.3323
12.9803
12.8362
12.7562
12.8631
12.4980
12.8738
13.0050
12.4041
12.9008
12.8512
12.6906
12.4858
12.6263
12.4803
13.0018
12.8003
12.9218
12.4607
12.7368
12.8022
13.2331
12.8962
12.6171
12.8837
13.6427
13.4766
12.7992
12.4011
12.8955
12.9428
12.8805
12.6342
13.0721
12.4011
12.9378
12.9287
12.8414
13.0943
12.9185
12.5405
12.5944
12.5287
12.7467
12.4760
12.5013
12.4799
12.4185
12.4824
12.9012
12.5188
12.5423
13.0044
13.1323
12.6905
12.9470
12.6941
13.1180
12.6960
13.1508
13.2497
13.0163
12.8846
12.9602
12.8113
12.6136
12.6000
12.4570
12.2617
12.6716
12.4992
11.9368
12.0055
12.3004
12.4354
12.5316
12.3778
12.2634
12.4557
12.7182
12.4622
12.4455
12.6286
12.6358
12.7032
12.6909
12.6158
12.4083
12.4450
12.3650
12.4286
12.5446
12.6420
12.3998
12.4208
12.7357
12.5802
12.6906
12.6632
12.4852
12.5455
12.3122
12.4562
12.4164
12.7790
12.1419
12.2264
12.2766
12.2262
12.3020
12.3756
12.5078
12.7197
12.3979
12.4536
12.2801
12.3607
12.2469
12.1936
12.3016
12.5625
12.7425
12.7801
12.5317
12.2494
12.2219
11.9297
12.1764
11.9251
12.2273
12.2214
12.1151
12.3269
12.4190
12.1704
11.9013
11.7471
11.9685
12.2399
12.2894
12.4194
12.6615
12.2797
12.5744
12.6717
12.6114
12.3137
12.3825
12.3078
12.3104
12.4068
12.5339
12.4265
12.4851
12.2857
12.3481
12.3000
12.1687
12.1014
12.1801
12.5068
12.2757
12.7223
12.3945
12.4100
12.3442
12.1963
12.1661
12.1998
12.3988
12.5969
12.6348
12.4665
12.5004
12.9864
13.2342
12.6406
12.4643
12.5703
12.5843
12.5673
12.4084
12.5710
12.2552
11.9842
12.7091
12.6361
12.3855
12.6695
12.4977
12.8100
12.2334
12.5673
12.3059
12.0966
12.2838
12.2237
12.2308
12.5291
12.3832
12.1893
12.3644
12.2855
11.9962
12.1627
12.1285
11.9956
12.2983
12.2919
12.6336
12.2587
11.8602
11.6145
11.9644
12.0051
11.9700
12.0536
11.7663
12.0896
11.8354
11.9072
12.1239
12.1602
11.9362
11.8478
12.2557
11.9135
11.7443
11.7253
12.1024
11.9734
12.1389
11.9352
11.8439
12.1238
12.0248
12.2165
12.0666
12.1910
11.8700
12.2996
12.0844
12.2987
12.3438
12.1290
12.3497
12.5742
12.9817
12.2922
12.4577
12.5161
11.8422
11.8626
12.1504
12.1875
12.0211
11.9015
12.1087
12.2379
12.1702
12.2101
12.2225
12.2342
12.2722
12.6884
12.3774
12.0728
12.2602
12.4841
12.3714
12.4418
12.0116
12.3139
12.1228
12.6807
12.2509
12.3594
12.2830
12.2617
12.0281
12.1316
12.3700
12.1766
12.0424
11.9961
11.8805
11.9939
11.9527
12.0654
12.1160
12.0355
11.8851
11.9173
12.1270
12.3536
12.5741
12.2041
12.4843
12.4129
12.7986
12.4777
12.5639
12.3926
12.5316
12.4059
12.2865
12.1252
12.2033
12.0153
12.2481
11.8992
12.3956
12.1816
12.3657
12.7168
12.4099
12.2190
12.1006
12.2449
12.6496
12.5249
12.6148
12.4510
12.4989
13.2117
12.4814
12.9570
12.9491
12.7235
12.7672
13.0143
13.2193
13.0895
12.8013
13.2351
13.1175
13.2426
12.6447
12.5244
12.6341
12.4677
13.0288
12.5130
12.9588
13.4254
13.6481
13.0046
13.2094
12.5940
12.3241
13.2578
12.7246
12.4489
13.0601
13.1929
12.9784
13.1715
13.4263
12.9237
12.8272
12.6295
12.7584
12.6798
12.6626
13.2677
13.2496
13.1545
12.9386
12.8760
12.8527
12.8864
12.9425
12.5546
12.8045
12.9224
12.8399
12.7368
12.7166
12.6442
12.7090
12.7343
12.5192
12.6071
12.7069
12.4531
12.5941
12.1716
12.5483
12.3282
12.4872
12.8287
12.7100
12.6429
12.6926
12.5800
12.6618
12.2054
12.0808
12.5309
12.9181
12.6717
12.8814
12.4378
12.3553
12.3791
12.8505
12.8066
12.5453
12.3964
11.8475
12.2347
12.2291
12.4393
12.3028
12.3250
12.0887
12.0994
12.3028
12.1136
12.6141
12.5739
13.0820
12.6562
12.5318
12.4187
12.4057
12.1931
12.6235
12.4967
12.1543
12.2776
12.6248
12.2437
12.4013
12.5915
12.1867
12.2070
12.4611
12.4414
12.6285
12.7652
12.7881
12.7611
12.6094
12.3564
12.3157
12.5139
13.1495
13.2826
13.1194
12.5897
12.3211
12.4590
12.2969
12.6865
12.6384
12.5355
12.2334
12.4217
12.1053
11.8956
12.2158
12.1358
12.2346
12.0200
12.4849
12.4980
12.2590
12.5349
12.3116
12.4921
12.5332
12.5755
12.5714
12.1080
12.3752
12.3853
12.4031
12.2979
12.0203
12.2175
11.7436
12.0823
12.2840
12.3579
12.0391
12.1334
12.1613
12.0554
12.1320
12.3801
12.6440
12.3130
12.0988
12.4222
12.1522
12.0179
12.0254
12.4294
12.1924
12.1360
12.3742
12.3609
12.1178
12.0344
12.1492
11.9783
12.0364
12.5430
12.5729
12.2049
12.5610
12.3997
12.2378
12.4016
12.5569
12.1651
12.7140
12.6528
12.2515
12.5792
12.3121
12.3032
11.8714
12.4090
12.2044
12.4986
12.7340
12.4448
12.4982
12.1411
12.0821
12.4652
12.5005
12.5550
12.1824
12.2018
12.1083
12.4407
12.4850
12.7252
12.1587
12.2375
12.4261
12.2138
12.4576
12.4319
12.4934
12.7758
12.5196
12.0481
12.0956
12.5457
12.5859
12.1286
12.3795
12.6511
12.6893
12.4384
12.2698
12.3146
12.5053
12.4460
12.1724
12.3327
12.3750
12.2651
12.4770
12.6351
12.7224
12.2614
12.1359
12.6621
12.9843
12.5541
12.2127
12.0302
12.2598
12.4012
12.3497
12.5669
12.3471
12.7256
12.7442
12.6076
12.8101
12.8358
12.5932
12.5605
12.6193
12.9290
12.4160
12.0544
12.2023
12.4968
12.2673
12.5933
12.7568
12.3716
12.1735
12.4995
12.4580
12.0788
12.3522
12.1949
12.5938
12.3132
12.4689
12.0078
12.2402
12.3132
12.2951
12.5725
12.4205
11.9955
11.9306
12.0960
12.0568
11.8049
11.8957
11.9128
12.0973
12.3903
12.1754
11.9666
12.2257
12.0892
11.8533
12.1144
11.8711
12.1078
12.1914
12.1460
12.3921
12.0624
12.2366
12.0391
12.0175
12.1382
12.0977
12.5689
12.4120
12.3253
12.3472
12.5404
12.5413
12.6161
12.6085
12.2085
12.4148
12.2216
12.3784
12.1338
13.1572
12.2626
12.1084
12.9005
13.4210
12.9302
12.5988
12.5416
12.6720
12.2160
12.6503
13.1176
12.6806
12.5657
12.5128
12.2334
11.9376
12.1875
11.8140
11.9856
11.7902
11.7503
11.9629
12.2992
12.4166
12.3765
11.9610
12.6179
12.4176
12.3177
12.3771
12.5388
12.2986
12.1086
12.4863
12.2215
12.1650
12.7800
12.7877
12.6792
12.7269
12.1936
12.4667
12.3918
12.6599
12.8724
12.9765
12.8293
12.9334
12.8368
12.8169
13.2615
13.2101
12.7072
12.6136
12.5890
13.0480
12.9275
12.7834
12.6877
12.4988
12.2714
12.4616
12.5431
13.0491
12.9035
12.5889
12.5784
12.8869
13.4610
13.4382
13.1688
12.9540
13.4229
13.3661
12.8315
13.3810
12.7785
12.8731
13.0385
12.9054
13.1344
12.8906
13.1436
12.9026
13.2325
13.1343
13.1559
12.8063
12.9060
13.3537
13.0283
13.4276
12.6354
13.0743
12.7480
12.6778
13.0670
13.1620
13.4126
12.8776
12.7663
12.6582
12.7800
12.4694
12.2164
12.8344
12.9002
12.9395
12.6513
12.2491
12.3869
12.8554
12.6124
12.7084
12.8841
12.7356
12.7534
12.4989
12.5395
12.5284
12.5764
13.4997
13.1629
12.8917
13.2131
12.5714
12.5931
12.8143
12.5513
12.8465
13.3468
13.3740
13.0563
12.9036
13.1884
13.2945
13.1239
12.7656
12.7378
12.9862
12.5411
12.5286
12.7927
12.6345
12.8504
12.9321
13.4876
12.7878
13.2688
13.1260
13.2565
13.2252
13.5058
13.2120
13.1245
13.1121
13.0665
12.7937
12.8124
12.9499
12.7569
12.5248
12.7266
13.0117
12.6367
12.8541
13.1873
12.7584
13.3020
13.1265
13.3530
13.5469
13.4366
13.1105
13.3501
13.4487
13.5392
12.8528
13.0821
13.0948
13.2847
13.0954
13.0821
13.0812
13.1899
13.0052
13.0793
13.1634
13.0781
13.0881
13.0130
13.0369
12.5961
12.6309
12.6723
13.1223
13.0485
13.3836
13.2990
13.4324
12.9756
12.9820
12.7074
13.2578
13.2229
13.3515
13.4886
13.4890
13.3758
13.3254
13.6813
13.2855
13.4525
13.9256
13.5797
13.7070
13.4430
13.4243
12.8818
13.4401
12.8079
13.4076
13.6441
14.1072
14.1104
13.9179
13.6024
13.6506
13.4827
13.2321
13.2686
12.8956
13.7931
13.0358
13.2221
12.8075
12.9693
13.4868
13.9969
13.6922
13.6495
13.1899
12.8825
12.6435
12.8711
13.5721
13.0708
13.3427
12.6549
13.2663
12.8840
12.6879
12.6930
12.6709
13.0444
12.7946
12.9267
12.7244
13.6363
13.4290
13.3639
13.6223
13.6655
13.8403
13.5142
13.4048
13.3799
13.2989
13.0053
12.9037
13.1271
13.4661
13.1841
13.8256
13.0322
13.2895
13.3081
12.6226
12.5484
12.5005
12.7674
13.0526
12.7990
12.9662
13.1848
12.7057
12.9509
13.1144
12.9487
13.0800
12.8600
12.5980
12.7087
12.7369
13.0980
13.3759
12.9474
12.9634
12.6976
12.4343
12.7927
12.6296
12.1562
12.6385
12.7051
12.7352
12.6651
13.0728
12.4351
12.6564
12.8751
12.9580
12.8523
13.0959
12.8468
13.1136
13.1583
13.0147
13.1014
13.2569
13.1195
12.7877
12.8832
12.9845
12.9088
12.9271
13.1814
13.1911
13.2374
13.2531
13.2737
13.1452
12.6304
12.6190
13.0192
12.8998
12.8318
12.7083
12.7378
12.6459
12.6286
12.2360
12.8546
12.8600
12.6711
13.0927
13.0004
12.7122
13.0348
13.3094
13.1040
13.0189
13.4189
13.2539
13.5626
13.4426
13.3755
13.5467
13.1949
13.0703
13.3258
13.3355
13.3020
13.1298
13.0022
12.7719
12.5699
12.4904
12.6945
13.0797
12.9692
13.3763
13.7095
13.2660
13.3388
13.3149
12.9218
12.9824
13.3371
13.2275
13.1298
12.9534
12.7228
13.1610
13.2954
13.1864
13.4526
12.8394
12.5460
13.4558
12.7630
12.7066
12.9852
12.9186
12.8117
13.2694
13.1769
12.8005
12.8998
13.2865
13.5761
13.5821
13.8244
13.6876
13.9702
13.2737
13.0772
13.1014
12.6020
12.9706
13.0442
12.5831
12.7844
12.9205
12.9884
12.6362
12.9819
12.6732
12.8233
12.8922
13.2846
13.2757
13.5246
13.0745
13.1503
13.1603
13.3129
13.2448
12.6935
12.9058
13.2203
13.2459
13.1183
13.5276
13.0045
13.0232
13.3345
13.3655
13.6674
13.7836
13.5344
13.5799
12.9739
13.6567
13.4268
13.6195
13.6587
13.8175
14.1913
13.6375
13.4045
13.0182
13.2545
13.2456
12.9475
12.8346
13.0065
12.8140
12.8870
12.8013
13.0938
12.9377
13.0617
12.6724
12.6195
12.6036
12.6123
13.0118
12.9262
12.9229
12.9666
13.5672
13.1765
12.9473
13.0656
12.6883
13.0082
13.0854
13.3746
13.0354
12.7949
12.6211
12.6627
13.0304
12.8611
13.0538
13.0002
12.9544
13.0914
13.0173
12.8426
12.4133
12.4175
12.1484
12.6794
12.9186
12.8550
13.0749
12.7511
12.4223
12.4675
12.9470
13.2910
13.1869
13.3790
13.5179
13.5997
13.9516
13.8956
13.9991
13.2926
13.2947
13.3912
12.9945
12.8411
12.9637
12.8624
12.6893
12.4789
12.4149
12.8604
12.3926
12.2734
11.9555
12.5060
12.8115
12.8640
13.0266
12.9258
12.7437
12.4174
12.1415
12.0988
12.1780
12.3345
12.4087
12.1193
12.4256
12.0724
12.7948
12.3506
12.3268
12.3191
11.9947
12.1517
12.2381
12.1956
12.0784
12.0182
12.1680
12.0567
12.1387
12.1438
12.1548
12.4435
12.6432
12.3257
12.5519
12.2823
12.5094
12.6435
12.3578
12.2465
12.5253
12.3911
12.1329
12.3496
12.6334
13.1098
12.7208
12.7440
12.6740
13.0344
13.1348
12.7120
12.7250
12.8106
12.7472
12.6183
11.9327
12.0007
11.9991
12.2886
12.6125
12.7235
12.9391
12.8819
13.2959
13.7365
13.4921
13.1730
12.9976
12.8557
13.1008
12.9476
13.0462
12.9448
12.7854
13.4201
12.8636
12.3476
12.2146
12.6733
12.2168
12.6585
12.2859
11.9852
11.7514
12.5896
12.5968
12.0898
12.2401
12.2365
12.4215
12.0998
12.2228
12.2717
12.5065
12.1303
12.4148
12.5396
12.5824
12.3880
12.3651
12.6574
12.3540
12.9322
12.7497
12.5434
12.3499
12.8208
12.2118
12.3653
12.4875
12.6438
12.7189
12.8574
12.5765
12.5313
12.9750
12.8631
12.5369
12.4160
12.7372
12.4711
12.4722
12.2415
12.2100
12.1092
12.3567
12.6049
12.5764
12.0387
12.2017
12.1298
12.0894
11.9769
11.8798
11.9333
12.0753
12.0617
12.3361
12.3229
12.3465
12.4654
12.4801
12.5362
12.4889
12.5992
12.3927
12.4192
12.6436
12.5314
12.3861
12.7724
12.6493
12.3575
12.4531
12.7775
12.8231
12.7042
12.8652
12.6912
12.9539
12.8084
12.8606
12.4724
12.4193
12.5438
12.5013
12.4962
12.3519
12.2858
12.4322
12.6647
12.2206
12.5728
12.6609
12.5803
12.5296
12.5492
12.6720
12.5830
12.4773
12.2481
12.8279
12.6076
12.7717
12.4911
12.5956
12.3654
12.4937
12.6795
12.4110
12.4831
12.3192
12.5366
12.4174
12.3569
12.4875
11.9040
12.0897
11.7716
11.9252
12.1144
12.2422
11.9557
12.2776
12.2143
12.4179
12.4510
12.3928
12.8648
12.6906
12.3238
12.1302
12.6104
12.4307
12.2220
12.3241
12.5925
12.4998
12.1161
12.3269
12.7703
12.9079
12.4548
12.8627
12.3013
12.6821
12.2891
12.5650
12.5172
12.6854
12.4085
13.0822
12.6127
13.0258
12.9548
12.2352
12.5793
12.7922
12.7493
12.6666
12.1734
12.2825
13.0209
13.0023
12.7107
12.8251
12.7570
12.7910
12.3796
12.5876
12.2158
12.2926
12.4470
12.3979
12.3991
12.4609
12.4766
12.2899
12.4849
12.2410
12.1903
12.2555
12.6165
12.4583
12.0237
12.1163
12.1729
12.4517
12.4224
12.2501
12.1958
12.3719
12.1443
12.1215
12.4623
12.5519
12.3378
12.3553
12.1424
12.0807
11.9932
12.3949
11.7763
12.0690
12.0887
11.8378
12.0278
12.0213
12.0909
12.0786
11.9363
11.8704
12.1964
12.2580
12.4918
12.1046
12.3414
12.3114
12.0454
12.2484
12.1877
12.2973
12.1696
11.5461
11.6410
11.8713
11.5563
11.3387
11.5353
11.5146
11.8686
11.8595
11.7428
12.1008
12.6381
12.4711
12.6291
12.6598
12.7212
12.4450
12.0146
11.9946
12.5095
12.4518
12.3273
12.2393
12.2018
11.9233
12.0503
12.1819
12.2726
12.0883
12.3903
12.2054
12.0926
12.1565
11.8571
11.8090
12.1853
12.3687
12.1536
12.2702
12.4600
12.1205
11.8782
11.9255
12.2109
12.5760
12.0781
11.9790
12.5539
12.4232
12.1799
12.1138
12.8819
12.4930
12.1526
12.2607
12.5726
12.1473
11.9984
12.2468
12.8397
12.4987
12.5316
12.6569
12.3413
12.3715
11.9800
12.1450
12.0956
12.4088
12.2183
12.4598
12.4044
12.6603
12.3972
12.4184
12.0596
12.3087
12.1329
12.1116
12.4692
12.3178
12.7781
12.7657
12.6411
12.6484
12.6167
12.6102
12.3063
12.4927
12.1837
11.8613
12.5884
12.6594
12.6121
12.4591
12.6259
12.6802
12.4492
12.3636
12.2277
12.1462
12.5884
12.1391
12.2484
12.2535
12.1691
12.2450
11.9827
12.1051
12.0306
12.2304
12.4201
12.3234
12.0967
12.0476
12.1866
12.6671
12.4788
12.3995
12.5671
12.3682
12.1291
12.3167
12.2455
12.0481
12.6158
12.0642
11.6885
11.7597
12.2281
11.9763
12.0505
12.0318
12.1639
12.3686
12.0311
11.9635
12.0067
12.1972
11.8704
12.1623
12.3064
12.1493
12.2468
11.9725
12.0789
12.1923
11.9823
12.1738
12.0669
12.3802
12.4191
12.3553
12.0949
12.2225
12.2482
12.4817
12.4913
12.0345
12.2953
12.3633
12.3447
12.4524
12.3472
12.4544
12.4065
12.1799
12.5424
11.9096
11.9040
12.2652
11.9162
12.4431
12.1176
12.4109
12.2059
12.4091
12.4101
12.0643
11.9819
11.9644
12.4649
11.8681
11.9218
12.1566
12.3417
12.1657
11.9800
12.3027
12.2695
11.9732
12.4153
12.4265
12.5200
12.2798
12.0610
12.5219
12.6321
12.3231
12.4855
12.4956
12.3634
12.4519
12.2929
12.5951
12.3973
12.4185
12.3722
12.4702
12.2993
12.4886
12.5349
12.3789
13.0726
12.8623
12.6642
12.1445
12.5131
12.4278
12.3980
11.7465
12.3985
11.9918
12.0875
11.5853
11.6194
12.0783
12.0214
11.7986
12.4660
12.3638
12.2963
12.5501
12.6266
12.6589
12.6730
12.5540
12.0663
12.2210
11.9335
12.0781
12.1305
12.1559
12.0145
12.4221
12.8564
12.5823
12.5201
12.1516
12.3316
12.3251
12.5137
12.4285
12.3183
12.3182
12.6871
12.4410
12.7094
12.1820
12.2214
11.9472
11.7942
11.9454
12.0049
11.7717
11.9190
12.1023
12.1586
11.8581
11.8006
11.6782
11.8774
12.1520
12.1211
12.3413
12.3609
11.7839
12.0061
11.8094
11.7646
11.8285
11.7201
11.5775
11.8140
11.7837
11.6670
11.3681
11.5813
11.4615
11.8937
11.8009
11.5222
11.9717
12.0568
12.2620
12.2686
12.2098
12.3851
12.3582
12.2790
12.2655
12.0604
11.8091
12.0305
12.2581
12.2050
12.4766
12.2335
12.2021
12.7649
12.2007
11.6638
11.3885
11.7604
11.8694
11.8586
11.9967
11.7324
12.0413
12.0550
12.2014
12.0275
11.6488
11.8901
11.9986
11.7336
11.9121
11.9582
12.0813
11.8680
12.0029
11.9136
11.9050
12.1302
12.3966
12.3122
12.4119
12.5345
12.2903
12.2489
12.0195
12.0783
12.2530
12.0795
11.8800
12.2147
12.0583
11.7900
12.0094
11.8966
11.8651
12.0469
12.1438
12.0024
11.9901
11.6852
11.7664
12.0790
12.0154
12.1544
12.3731
12.0596
12.0798
12.1983
11.8631
11.9478
11.9900
11.9589
12.3634
12.0684
11.8547
12.0156
11.8007
11.7876
12.0025
12.0527
12.1717
11.8430
11.6584
11.7437
11.8107
12.0658
12.1946
11.9652
12.0167
12.1268
12.2715
12.4040
12.3849
12.3691
12.2040
12.3934
12.2189
11.9798
12.1137
12.3480
12.0681
12.3503
12.0760
12.2438
12.1158
12.1818
12.2059
12.0212
11.9630
11.9884
12.0041
11.9158
12.0092
12.0399
11.9395
12.0989
12.1238
11.9168
11.9059
11.8435
12.1564
11.9863
11.7496
12.3732
12.0638
12.1331
11.9252
12.0448
11.8924
12.0030
12.0111
12.1946
11.8603
11.9535
12.1015
12.1601
11.9780
11.7965
11.7300
11.9224
11.8460
11.8410
11.9663
12.2315
12.0095
12.0844
12.0583
11.9485
12.3831
12.4564
12.3304
12.2827
12.2012
11.8017
11.9995
12.1223
12.4871
12.2691
11.9259
11.8332
11.9496
11.9547
12.1902
11.9581
12.1307
11.5926
11.6876
12.0483
11.6892
11.6946
11.5160
11.6870
11.8179
12.0777
11.9984
12.0589
12.1135
12.1196
12.0393
12.1084
11.9187
11.8289
11.8328
11.6888
11.8792
11.8505
11.9193
11.8833
11.6876
11.6295
11.6275
11.8052
11.4956
11.5375
11.6488
11.7239
11.7074
11.4259
11.4342
12.0140
12.0386
12.0950
11.8844
11.9568
12.0483
12.1125
11.9242
11.7457
11.6927
11.8773
12.1999
11.9656
12.2965
11.8977
11.8688
11.8538
11.9853
11.8896
12.0071
12.2829
12.5506
12.2424
12.1940
12.2265
12.2917
11.8519
13.0916
12.4491
12.5301
12.0380
12.1622
12.1665
12.1767
11.8091
11.9368
12.1398
12.1793
12.2703
12.4932
12.4648
12.2561
11.9465
12.4378
12.0143
11.8750
11.9450
11.7627
11.7656
11.7542
11.5814
11.9402
12.0294
12.0643
11.9562
12.0974
12.2507
12.1426
12.0252
11.9546
12.1246
12.2861
11.7837
12.5965
12.4587
12.5561
12.0991
12.0736
12.3999
12.4467
12.4499
12.4282
12.3608
12.1089
11.8891
11.7804
12.0011
11.9849
12.0961
11.9753
11.9761
12.2406
12.1396
11.9271
12.1208
12.1855
12.0341
11.8074
12.1002
12.3788
12.1022
12.1362
12.0937
12.2848
11.7805
11.9317
12.0981
12.2612
11.9141
11.7729
11.7569
11.9156
12.0526
11.8929
12.1274
12.2304
12.3448
12.3373
12.3773
12.1885
12.1799
12.0417
11.9789
11.9837
12.0541
11.9688
12.0924
12.2453
12.1788
12.1378
11.7829
11.7935
11.5630
11.6978
11.8706
12.1570
11.8628
11.7079
11.6873
11.5624
11.7870
11.6912
12.0922
11.8390
11.8034
11.7809
11.7036
11.8305
11.9009
11.8318
12.3012
12.2349
12.5277
12.0616
12.0653
12.1153
12.0739
12.0540
11.9271
11.9792
11.9407
11.5974
12.2120
12.3567
12.1657
11.6751
11.7089
11.8464
11.6812
12.0456
11.9532
11.9707
12.0726
11.7635
12.1401
11.7921
11.4797
12.0914
11.9856
11.9814
11.6592
11.7917
11.5814
12.0641
12.1998
11.9985
11.8187
12.1877
12.1478
11.8051
11.9506
11.7112
11.6313
11.7153
11.8467
11.9909
11.7618
11.7493
12.0898
11.7615
11.8634
11.4705
11.6285
11.5807
11.6747
11.5583
11.6675
11.7738
11.9088
11.7089
11.6633
11.7040
11.8949
11.8551
11.6641
11.7265
11.7475
11.6917
11.5703
11.6167
11.6457
11.9948
11.6950
11.9079
12.0612
11.7611
11.6817
11.7455
11.8043
11.5000
11.3859
11.6766
12.0015
11.8454
11.3915
11.3604
11.5124
11.3363
11.6562
11.5275
11.5275
11.6342
11.7755
11.8303
11.8258
11.8621
11.5856
12.0872
11.7361
11.8535
11.9960
11.6140
11.5613
11.7267
11.8938
12.1535
11.6367
11.6818
12.1546
11.9338
11.9805
11.8707
11.9256
12.0097
12.1233
12.0896
12.4031
12.0609
12.2951
12.3963
12.5345
12.1503
12.0614
12.4574
12.4565
12.4898
12.5310
12.5228
12.2025
12.7298
12.6211
12.1771
12.0698
12.1120
12.1846
12.2141
12.1340
11.9455
12.4405
12.3585
12.3249
12.0569
12.0828
11.8021
11.7639
11.7862
11.8397
11.7124
11.6888
11.8318
12.0340
12.1850
12.1783
12.5427
11.8347
12.0838
12.2828
12.4642
12.1764
12.1011
12.0657
11.9737
11.7274
12.0465
11.8755
11.9255
12.0464
12.3344
11.8801
11.6352
11.6999
11.7099
11.7420
12.2875
12.3280
12.5547
12.4424
12.4203
12.3639
12.3603
12.3944
12.5586
12.3341
12.7532
13.0312
12.8501
13.1434
12.2520
12.5511
12.6947
12.3683
12.3533
12.5953
12.2505
12.1662
12.1820
12.3107
11.9995
12.4725
12.7806
12.6868
12.4877
12.4579
12.4301
12.7595
12.5669
12.5920
12.6403
12.7639
13.0691
12.6495
12.1770
12.2365
12.8337
12.5747
12.9661
13.0314
13.3496
13.2049
12.9553
12.2095
12.6081
12.3499
12.3869
12.4249
12.5285
12.6973
12.6006
12.6088
12.2533
12.2772
12.3059
12.1144
12.1591
12.3284
12.1925
12.4611
12.4057
12.5654
12.1507
11.9099
12.1501
12.0886
12.0331
11.9175
12.3952
11.9170
12.4516
12.2259
12.0795
12.1863
11.9963
12.0315
12.0272
11.9893
12.2377
12.3425
12.3702
12.3361
12.3687
12.6383
12.4889
12.2009
11.9179
11.9737
12.3274
11.9554
12.2748
11.9622
12.1693
12.1925
12.0272
12.1491
12.0873
12.3791
12.3001
12.4357
12.0427
12.3170
12.3511
12.1804
12.7277
12.8974
12.4979
12.5482
12.8680
12.5265
12.3854
12.2907
12.0584
12.4367
12.1964
12.0899
12.0673
12.1461
12.2734
12.8848
12.8281
12.4940
12.8729
12.8921
12.9521
13.1081
12.8584
12.9454
13.0056
13.0118
12.8584
12.7148
13.0773
12.9806
12.6332
12.8070
12.6432
13.0027
12.6570
13.0619
12.6720
13.0213
12.6980
12.7317
12.8406
13.0160
13.5650
14.1290
13.6699
13.8364
13.3525
13.6791
13.4300
13.8139
13.4327
13.1545
13.3073
13.2072
13.1601
13.8393
13.4085
13.2541
13.3467
13.5436
13.9462
13.7150
13.2039
13.1965
13.0204
13.1680
13.0617
13.3824
13.4290
13.7024
13.4242
13.0468
13.4292
13.2675
13.1806
13.1435
13.0739
12.6818
12.6368
13.3010
13.4258
13.2162
13.7993
13.1886
13.2205
12.8201
13.1699
12.8295
12.5980
12.9439
12.9138
13.4887
13.2495
13.9458
13.5244
13.2626
13.1645
13.3678
13.3290
12.6674
12.6826
12.8074
12.5958
12.6373
13.1184
12.6856
12.6690
12.6015
12.7660
12.7950
13.0215
12.8107
12.5669
12.7103
12.4605
12.6375
12.6507
13.1160
13.0054
13.2429
13.1669
12.7525
13.4076
12.9402
12.7583
13.0203
12.9345
13.6864
13.6546
13.8045
13.9063
13.5464
13.4720
13.5776
13.8836
13.7771
13.9499
13.5804
13.5974
13.4278
13.7356
13.4573
13.9761
14.0603
13.6338
13.9007
13.8897
14.2480
13.9133
13.4310
13.8649
13.8184
13.6115
13.5624
14.0485
13.4831
13.5261
14.3299
13.9480
13.7362
14.1377
13.8536
14.4032
14.0377
13.9296
14.5375
13.6673
14.3243
13.7012
14.1182
13.8480
13.7179
13.4649
13.2215
13.0761
12.9387
13.5200
13.1257
13.5572
13.5557
13.0211
12.8008
13.2595
13.3005
13.1510
13.3698
13.0688
12.5066
12.6654
12.3182
12.8612
12.1708
12.3959
12.3372
12.1826
12.2987
12.1483
12.2257
12.3995
12.0575
12.3942
12.4133
12.4622
12.2723
12.5080
12.6326
12.3967
12.7042
12.6027
12.5317
12.5197
12.7043
12.1303
11.8283
12.1113
12.1297
12.4913
12.6525
12.4015
12.1845
12.6886
12.3992
12.3223
12.3184
12.1842
12.3108
11.8632
12.1995
12.9094
13.1020
12.9167
13.3449
13.2035
13.0365
13.2164
13.1036
13.1610
13.2029
13.5020
12.7393
13.2792
13.3404
13.6524
13.4964
12.9822
13.2249
12.6433
13.3415
13.0329
13.0272
13.8806
13.5479
13.8254
13.2569
12.7830
13.4575
13.2811
13.0001
13.2124
13.4143
14.2364
13.8848
14.0223
13.8178
13.1874
13.9365
13.3583
13.5963
13.3067
13.3982
13.3902
13.4541
13.2383
13.1800
12.9496
12.9379
13.1521
13.2397
13.5084
13.5853
13.1687
13.2347
13.3449
13.1608
12.9630
13.9080
14.1507
13.8006
13.4820
13.6000
13.3769
13.5781
13.5399
13.4347
13.3904
13.4167
12.7027
13.0757
12.9484
13.0012
12.9606
13.0731
12.9051
13.2661
12.8608
13.1630
12.9971
12.7204
12.3913
12.6517
13.0021
12.9123
12.9242
13.1317
12.8351
13.4612
12.8302
12.8863
12.4432
12.5519
13.3041
13.0584
13.0488
12.7286
12.7794
12.7613
12.6359
13.0175
13.2114
12.9958
12.9655
13.2097
12.6761
12.8914
12.8128
12.2813
12.6281
12.3782
11.8910
12.4547
12.6013
12.9313
13.0583
12.7328
13.2655
13.2057
13.3188
12.7866
12.5769
12.9040
12.8685
12.5217
12.7591
12.4640
12.4026
12.3051
12.2875
12.7082
12.7070
12.6504
12.3523
12.4468
12.5381
12.5842
12.7666
12.5343
12.5150
12.5353
12.6748
12.3067
12.6750
12.6456
12.6127
12.2674
12.4554
12.9469
12.3980
12.7443
12.9180
12.8507
12.2778
12.2886
12.1595
12.2723
11.9559
12.2512
12.1214
12.4580
11.9798
12.0609
12.2701
11.7490
12.1859
11.9914
12.1085
11.9645
12.0390
12.1754
11.8144
11.6957
12.1440
12.1279
12.4242
12.2989
12.3894
12.1126
12.4082
12.1371
12.2990
12.0827
12.2206
12.3843
12.3392
12.1863
11.7201
12.3912
12.1666
12.5075
12.7575
12.8712
12.9026
12.8355
12.6297
12.6318
12.4383
12.7041
12.8414
12.9108
13.2053
12.8174
12.8838
12.3478
12.6961
12.5463
12.8621
13.2554
12.8629
12.4268
12.6778
13.0123
13.4574
13.0502
13.1264
13.0680
12.9613
12.4887
12.5685
12.6926
12.6698
12.6876
12.9728
12.6354
12.5957
12.2482
12.3819
12.8293
12.4313
12.4793
12.6870
12.9014
12.8759
12.8307
12.9217
12.9159
12.9784
12.7508
12.4527
12.7873
13.0185
12.7244
13.0779
12.6600
12.8049
12.5528
13.2383
12.8118
12.8112
13.1065
13.0044
12.8870
12.8306
12.3148
12.5378
12.5164
12.5671
12.4050
12.8268
12.8712
12.3790
12.9021
13.0271
12.6630
12.7351
12.6458
12.6022
12.7395
12.2712
12.6711
12.6631
12.5403
12.6492
12.4116
12.2312
12.9077
12.4809
12.5846
12.6156
12.4245
12.0681
12.0425
12.1107
12.4465
12.3303
12.2849
12.0017
12.1395
11.7921
11.8855
12.1788
11.7558
12.2097
13.1174
13.4851
13.1163
12.7513
12.9976
12.9620
13.0259
12.8874
13.4150
13.5464
12.8735
12.9455
12.6024
13.1990
13.1776
12.3323
12.5258
12.5713
12.4307
12.6842
12.7078
12.8689
13.4990
13.2303
12.8277
12.5675
12.6067
12.4721
12.5835
12.4032
12.1198
12.1491
12.1537
12.7160
12.2547
12.3866
12.3969
12.8633
13.2655
13.3162
13.6009
14.2017
13.5719
13.3691
13.0790
13.3867
12.9859
12.9629
13.3516
13.6743
13.4669
13.5464
13.3191
13.1127
12.9136
13.6356
12.9293
12.6372
12.7145
12.7642
13.3106
13.0136
12.9620
12.7239
12.3904
12.7776
12.7942
12.3605
12.5597
12.0757
12.2916
12.6477
12.9406
12.5613
12.8244
13.0650
13.0833
12.8799
13.0430
12.9531
12.9977
12.9164
12.9493
12.9754
13.1931
12.9141
12.7177
13.3463
13.1568
13.3828
13.3373
13.4743
13.3424
13.1835
12.9059
13.2419
12.7612
12.7057
12.4535
12.1240
12.2904
12.4932
12.7601
12.6715
12.9627
13.3657
13.2214
13.0434
12.9945
13.5978
13.1997
13.0876
13.2921
13.1999
13.1985
12.8716
12.6859
12.9731
12.9609
13.0641
13.0502
12.9188
12.6380
12.7223
12.9162
12.9236
12.6846
12.8160
13.2048
12.1977
12.8327
12.7960
12.1893
12.2727
12.3161
12.3027
12.4591
12.1180
12.2857
12.4019
12.5903
12.1666
12.1349
12.3590
12.2217
12.2831
12.5122
12.0250
12.2432
12.1464
12.4666
11.9998
12.2577
12.2430
12.1985
12.4447
12.3777
12.4828
11.9837
12.4149
12.4331
12.2674
12.2170
12.1449
12.1770
12.2241
11.9900
12.4720
12.2716
12.5086
12.2939
12.4998
12.4803
12.5333
12.4332
12.2934
12.4583
12.3802
12.5053
12.8136
12.6543
12.5429
12.3356
12.4615
12.5983
12.3160
12.5166
12.8381
12.9562
13.0488
13.2123
12.7358
13.1634
12.2999
12.1801
12.4461
12.4381
12.3231
12.5476
12.8379
12.9882
12.6268
12.8018
12.6895
13.1174
12.8578
12.8472
12.6170
12.8430
13.0370
12.5895
12.3916
12.3000
12.3207
12.5156
12.7364
12.5052
12.0266
11.9189
12.2989
12.5730
12.9343
12.5317
12.8838
12.9460
13.1508
12.8332
12.8478
12.7016
13.5593
13.9113
13.8636
14.0620
14.3603
14.2475
13.5145
13.1668
12.9135
13.3654
13.3116
13.6633
13.8553
13.9463
14.3339
14.0715
14.0968
13.9490
13.8132
14.6756
14.3385
13.7567
13.3318
13.1419
13.5832
13.1029
13.3969
12.8427
12.6911
13.3961
13.3692
13.0349
12.8075
12.9320
13.0114
13.8373
13.5067
13.2059
13.0296
13.2292
13.2084
12.9446
12.8822
13.2357
13.5939
13.4829
13.1729
12.9146
13.4578
13.6844
13.1475
13.5854
13.4367
13.4396
13.4101
13.4485
12.7228
12.7920
12.5100
12.7695
13.4026
13.1596
13.2663
13.2668
13.0837
13.3816
13.2843
13.5714
13.4906
13.8652
13.2930
12.9936
13.0996
12.8220
12.5052
12.5891
12.4505
12.5253
12.7492
12.4593
13.0680
13.2022
13.2558
13.0124
13.3595
13.0595
12.9007
12.7347
13.2792
12.6846
12.4991
13.0141
12.7907
12.6013
12.9791
12.6286
12.6736
12.7330
13.1111
13.2067
12.8935
13.3238
13.5938
13.1191
12.8914
13.6594
13.0939
12.9619
13.1926
13.7792
13.9824
13.5878
13.6167
13.3513
13.5867
13.2404
14.0293
13.7836
14.1156
13.8170
13.7129
13.5423
13.3570
13.1617
13.2646
13.0717
13.4530
13.0327
12.8905
12.9794
13.0175
12.8284
13.1513
13.0444
12.6133
12.7909
12.4275
12.3245
12.4409
12.6058
12.7038
12.6909
12.9632
13.0390
13.0405
12.6520
12.6049
13.0091
12.6418
12.6201
12.5186
12.2568
12.4724
12.6433
12.4904
12.5848
13.2953
12.8966
13.1049
13.1493
13.1715
13.3429
12.9814
12.6213
13.2254
13.0067
12.9985
13.1254
12.7394
13.1861
12.9419
12.3828
12.9342
13.2094
12.8441
13.1908
12.8850
12.9464
12.5152
12.8159
12.8576
13.2232
13.7617
12.9875
12.8605
12.5736
12.8564
13.1866
13.2220
13.1938
13.0182
12.9702
12.9307
12.9279
12.8341
12.5697
12.4522
12.7777
12.7678
12.8187
13.3012
12.9650
12.7832
12.7252
12.5994
12.7143
13.2306
13.2205
13.3871
13.5520
13.3505
13.0681
12.8931
12.6349
12.9234
12.6681
12.3384
13.3346
12.7402
12.5458
12.8512
12.3970
12.4668
12.6207
12.9313
12.7541
12.5646
12.5142
12.7407
12.2376
12.2503
12.3228
12.3638
12.2563
12.2863
12.3426
12.2442
12.3856
12.4183
12.0545
12.3985
12.1653
12.6214
12.6174
12.9587
12.7999
12.2977
12.7792
13.2525
12.5217
12.6435
12.8337
12.8620
12.6792
12.2201
12.0797
11.9936
11.9665
11.5141
12.2431
12.4577
12.5251
12.5257
12.2019
12.2369
12.2663
12.5734
13.0501
12.2769
12.2870
11.9062
12.3432
12.4997
12.3219
12.4892
12.5154
12.6696
12.1477
12.3965
12.3773
12.2965
12.5780
11.9309
12.0778
11.9558
12.1038
12.1495
11.9939
12.0125
12.0089
12.1126
12.1641
11.9939
11.9217
12.1460
12.0728
12.0736
12.2991
12.0533
12.4638
12.1169
11.9372
12.2111
12.1831
12.2622
12.5667
12.4143
12.4770
12.5647
12.3017
12.2343
12.3353
12.0934
12.2266
12.4845
12.7972
12.1991
12.1965
12.9317
12.7789
12.9032
13.0386
13.3098
13.4852
13.0248
13.5730
12.8434
12.2615
12.3818
12.4126
13.0736
12.2518
11.9989
12.6148
12.5362
12.7183
12.4114
12.2757
12.3030
12.4357
12.6280
12.1882
12.2605
12.3427
12.3798
12.0853
12.1331
12.2796
11.4985
11.8808
12.0350
12.2231
11.7959
12.0333
12.1813
11.9404
12.1110
12.1208
