8.9025
8.9215
9.6108
10.5413
9.5507
10.5109
9.7780
9.0359
9.3727
8.8348
8.7396
8.1217
9.1983
8.2687
8.7403
9.8439
8.7449
8.5671
7.9833
9.0121
9.6551
8.8327
8.3983
9.8754
11.1939
11.0600
10.6964
10.4983
10.9002
10.4040
10.6023
9.1546
8.1553
9.5018
10.0310
10.1181
9.6590
10.1661
9.0274
9.4171
9.5260
9.7463
11.0341
9.8443
10.2275
11.5423
10.1134
10.0448
10.2609
12.0771
11.2630
11.2519
11.1687
11.6749
11.7933
12.0578
12.4085
13.7705
14.0219
13.5904
14.2163
12.8158
12.5264
13.0280
12.3783
11.5467
11.5926
11.8327
12.3186
13.5482
12.9502
12.8656
11.9637
14.4033
12.8002
13.1888
9.6511
10.4476
11.1351
12.6844
13.2501
14.2042
14.0610
14.7144
14.2165
16.2111
16.4148
16.9446
14.8540
15.0318
15.6285
15.9537
16.9358
16.1297
16.0775
15.6792
15.4246
16.2941
14.9537
14.3952
14.8311
15.5479
16.1247
14.5236
13.8333
14.2048
14.3050
14.2813
12.8392
13.4371
12.2654
11.8452
10.1526
10.7451
11.9954
10.7008
10.5636
11.0566
11.9448
9.8432
10.1853
10.2626
9.8401
12.1178
11.9916
12.0524
12.2122
11.5388
12.4727
14.9873
15.8470
15.7973
14.8334
15.8284
16.8382
16.9472
16.5596
16.2262
17.9011
17.6293
18.7866
18.1103
18.1336
17.1085
18.9424
16.7249
16.3501
15.1619
15.1413
15.1148
13.7107
14.5005
14.2384
14.1431
16.1660
13.9231
12.7944
12.4826
11.8411
11.2138
11.2689
11.8373
10.2596
9.2984
8.9844
9.1733
9.8848
10.2504
11.9785
11.4151
10.8839
10.4647
10.6269
10.6553
8.5602
9.3683
9.2120
9.9259
10.7538
10.6978
10.0859
11.5652
12.2168
11.4068
11.2127
9.4215
9.0442
10.1531
10.1506
10.6017
11.2689
11.9641
13.4939
12.8323
13.3526
12.0447
11.0021
11.4334
11.1200
11.3510
11.5640
11.5058
11.5741
13.0062
14.4783
13.9753
14.4757
14.7681
12.6830
12.9735
14.0015
14.0426
12.9126
12.2281
11.4048
13.4426
13.4334
12.5556
12.0810
12.7329
12.4767
12.3343
13.4575
15.3698
14.8825
16.2390
16.9264
17.8184
17.6609
18.1710
18.0719
16.1462
15.4402
15.7829
16.3851
16.6566
16.8690
17.2675
19.2760
18.5781
17.8052
16.1475
16.7119
16.1673
16.5747
17.0613
17.5685
16.5655
15.8438
15.6492
15.0086
15.6963
12.9620
15.0313
13.3786
13.2218
13.4978
15.0583
15.5861
16.3435
15.0174
14.0499
12.9740
11.6402
12.8856
11.6993
9.6470
10.0591
8.5706
9.7457
11.0637
8.3431
9.1476
8.7712
9.0358
8.2637
8.7696
8.3413
9.3437
10.5652
9.7745
10.6413
11.4204
10.6592
10.3095
8.8784
11.3225
11.1530
14.2370
14.1443
14.2404
13.7871
11.8500
12.0608
13.9424
13.1206
12.8915
14.8091
16.0020
15.0260
14.1710
12.7203
12.6376
14.7054
14.9414
15.7009
13.1680
14.6485
13.2110
13.3045
12.7143
11.8701
11.4761
12.5543
12.6466
12.0541
12.5310
12.3210
13.8142
13.8044
15.7051
17.1674
16.5107
16.1511
16.0672
16.4062
16.6679
16.9916
15.3844
15.4275
16.0985
15.3117
15.4738
16.6455
16.4827
16.8172
17.7238
17.9523
15.9768
16.3592
17.0971
17.1263
18.5619
19.8438
18.6638
19.3621
19.7277
18.6677
19.3966
17.5231
16.4086
16.9911
15.8780
16.2375
15.0593
14.9800
15.1575
14.8794
15.2822
15.8633
16.0108
16.7386
14.8450
15.1344
15.3813
15.1490
18.0307
16.7314
16.0753
15.2872
15.0672
14.8106
15.3918
14.6289
15.3157
14.4898
14.5083
14.6230
13.9041
14.8408
15.4382
15.9662
15.5635
15.4403
15.1606
14.6064
14.8761
15.3605
14.9872
14.3641
14.4283
15.4874
15.3208
15.7111
15.1945
16.3022
16.9841
16.1855
16.6299
15.7385
17.1741
15.8686
15.4811
16.5116
15.6915
16.0972
15.4526
15.3099
16.0073
16.6745
17.1246
16.8817
16.7492
15.7630
15.2204
15.3612
16.2083
15.4925
15.6887
15.5880
15.2998
15.7343
15.6651
15.5164
15.1156
14.4425
14.0968
15.5102
14.5288
14.6859
15.2850
15.7586
16.0028
15.3457
14.3873
14.9227
16.4867
14.9319
15.0418
15.9279
16.9261
16.6590
15.5835
14.8612
14.1263
15.5270
15.0781
14.5897
14.9598
14.8769
14.1342
14.6213
14.9654
13.9092
13.7157
13.0898
13.6412
12.7869
12.6085
13.3338
13.0462
12.4663
13.1669
12.9876
13.6144
13.8488
15.3444
13.7289
14.4617
14.3555
13.3006
14.4107
13.4480
14.4930
14.6485
13.9526
15.0558
15.1241
14.2112
14.9592
12.8979
13.4759
13.1585
12.7039
12.7363
13.4694
13.1675
13.2281
12.9879
12.4668
12.8100
13.2532
14.2517
13.7516
15.0741
14.4537
14.1842
13.8657
13.1682
13.5202
13.8756
14.0005
14.2153
13.3693
12.5160
11.7578
11.7353
11.1144
11.2538
11.4516
12.5301
12.8554
14.2070
12.3939
13.2477
13.1263
12.6917
10.4041
9.9396
9.1716
9.7897
9.5011
9.5677
10.0539
10.1557
9.5650
9.6843
8.8943
8.5611
8.8672
9.3755
9.0282
9.7704
9.6116
9.9650
10.1288
9.4953
10.2263
9.1660
9.2421
9.8178
9.8040
9.6101
10.1585
9.8784
11.6141
11.0242
9.6226
9.4902
10.1755
9.6917
10.4000
9.2787
9.1869
9.5231
8.8287
9.2766
9.5085
8.5089
8.2297
8.8419
8.3653
7.9427
8.6719
9.1722
9.4272
9.3965
9.5974
9.5986
9.4425
8.9070
9.3298
9.0720
9.3919
10.5642
8.9197
9.3155
9.5392
9.1518
8.8912
9.2493
9.0897
8.4900
8.6235
8.8582
9.1399
8.3387
9.2818
9.1327
9.3919
9.4493
9.3461
9.4189
10.2850
10.8027
10.5394
11.0937
11.4671
9.8692
9.9560
10.0652
11.0588
9.9291
10.1353
9.5087
9.8062
8.9610
9.8885
9.5427
8.8166
8.6193
8.7770
9.4915
9.2695
8.9977
9.2517
9.5378
9.3746
9.4824
9.6605
9.2893
9.2665
9.9634
9.8689
9.8223
9.8964
10.5644
10.0595
10.1416
9.9772
10.3309
10.0968
9.9983
9.5710
10.4076
9.4543
9.5768
9.1146
8.5311
8.5107
8.0376
8.7591
8.7607
8.8706
9.6085
9.8591
8.6849
8.2263
8.1228
7.8960
8.2799
8.6222
8.9438
8.9857
9.3596
8.2510
8.2622
8.5167
9.2682
8.8054
9.3735
8.3120
9.3520
10.4426
10.3499
9.9248
10.0306
9.9568
9.0131
8.7810
8.7542
9.0698
10.5731
10.5694
10.6095
10.2018
10.4896
10.3857
9.7798
9.2410
10.4416
10.4309
10.6991
9.7936
10.0860
10.3307
10.4973
10.3438
10.2273
10.1214
10.3505
9.2218
8.8319
7.9335
8.3507
9.7141
9.8523
10.2599
10.6514
11.2741
11.4640
12.2455
10.9561
9.5332
9.5391
9.0415
8.4415
8.8297
9.2075
10.5553
10.8545
11.3727
10.4364
9.8824
9.6086
9.7756
9.9075
9.5496
10.7054
11.0178
10.4403
9.6969
8.7421
9.5142
8.4255
8.4134
9.9726
9.3367
10.3210
8.8846
10.0631
9.7890
10.2509
9.6699
9.6387
9.9768
10.0548
9.5963
9.5271
9.5370
10.9331
10.8710
10.6490
11.8148
9.9104
9.5149
9.2299
9.7270
10.3122
10.7962
10.5257
9.3456
8.9096
9.4991
9.9223
10.0133
8.8404
8.5462
7.1543
7.4953
7.8627
8.6479
8.4784
8.3579
9.7210
8.8597
8.5337
9.2364
7.9669
7.5889
8.1608
7.7978
8.5403
8.6149
8.4450
8.6651
7.8356
8.5999
8.0089
10.3686
9.2558
9.8153
9.5360
8.7404
8.4081
8.2816
7.2505
7.7804
7.7839
7.8618
7.6971
7.7047
8.0770
8.4221
7.7355
7.8897
8.1780
8.7204
8.1651
8.9477
8.7351
9.6835
8.8295
9.0762
8.2413
7.9693
8.4470
8.3852
8.7629
8.9701
8.9409
9.3939
9.1689
8.9433
8.3460
8.2033
7.9541
7.6861
8.2992
7.7339
7.7969
8.6627
6.8502
6.9270
6.7028
6.7788
6.7508
7.4861
7.0886
7.8527
7.3628
7.5879
7.1182
7.4315
7.2870
6.9833
7.8071
6.7491
7.4975
8.1270
6.9969
7.4934
6.7735
7.3770
7.4540
6.9454
6.7834
7.0723
6.6355
7.2412
7.1262
7.3702
7.0449
6.5878
7.6372
6.0593
6.4170
6.0924
6.8172
6.6392
7.0300
6.8112
6.8033
6.2666
6.4819
6.7544
6.6932
6.8275
7.0611
7.0113
7.0753
7.0576
7.0474
7.4836
8.1540
7.7842
7.3306
6.8940
7.3526
7.6179
7.4588
7.3681
7.3581
8.1463
7.0888
7.7699
7.6203
8.1425
7.3014
7.2384
6.8530
7.4131
7.1903
7.8091
7.8139
7.7305
7.3511
7.4304
7.6817
8.2512
7.4549
7.3194
7.1261
7.4755
7.1262
7.7779
7.3698
8.2690
7.8898
8.4336
8.7938
8.3000
9.7623
8.6417
8.7095
7.5144
7.9977
9.7871
8.3254
7.8988
8.0923
8.3815
8.8729
8.9387
8.5165
7.7569
7.3319
8.4930
7.8209
8.0958
8.1306
9.1054
9.0694
8.8312
8.0143
7.7363
8.9097
7.9061
8.2146
7.7256
7.6693
8.7602
8.5981
7.9413
7.6147
8.4733
7.6701
8.6862
7.8092
7.2033
7.4509
7.4067
7.6117
7.0164
7.6329
7.1934
7.7632
7.5296
7.8237
8.8925
8.3600
8.3494
7.9804
8.5472
9.2984
8.4447
8.1013
8.7840
8.5673
7.6768
8.3726
8.1796
8.0555
7.4952
8.6353
8.2584
8.8609
8.0422
8.3070
8.3866
7.8087
7.5891
8.2862
7.7787
8.3953
8.0339
7.8477
8.3261
7.6486
7.2896
7.1861
7.9397
7.7881
8.0106
7.5220
8.3435
7.8792
7.4002
7.8987
7.9995
8.1210
8.2707
8.1280
7.7807
7.7877
8.2985
8.5270
7.8667
7.9414
8.1316
7.9894
7.4706
8.0535
7.7830
7.2991
8.3518
7.8459
8.5266
8.1518
8.1301
8.4528
8.2537
8.2354
8.5793
8.9049
8.8172
8.9247
9.2766
8.6684
8.2310
8.6659
8.5803
7.8786
8.4214
7.6125
8.6945
9.2339
8.3898
8.5663
7.6961
8.7657
9.6372
8.3936
7.8338
6.9451
7.7917
7.2889
7.4769
7.6734
7.8551
7.8708
7.4109
7.8328
7.7156
8.2149
9.5415
9.0878
8.4375
7.7335
7.1440
7.6598
8.0199
7.1629
7.7890
7.3195
7.9794
8.1980
8.7315
8.4341
9.9671
9.0051
9.4020
10.0441
8.4844
8.9190
7.8739
7.8009
7.4461
8.0601
8.1680
7.3185
8.3797
8.1867
8.5230
8.7471
8.1661
8.2668
7.5056
7.7897
7.4190
6.8041
6.7451
7.3970
8.4183
8.9136
7.5898
9.0631
9.8204
8.5582
9.0941
8.2547
9.7682
10.2376
9.3304
9.8060
9.9558
9.1958
8.8938
8.8981
9.6312
10.0664
10.0763
11.1595
11.0863
8.8210
9.7461
10.3938
10.1599
9.2272
9.3207
9.0701
9.8683
8.7197
8.1610
8.3166
8.8679
9.3797
10.1327
11.4950
10.7491
10.2228
10.2136
10.8028
10.2527
9.7194
9.9596
10.4264
9.5990
8.5735
9.7184
10.0925
8.6956
9.7234
7.9736
9.4062
8.4570
8.2853
7.9518
8.4379
8.7855
9.1075
9.3823
9.7830
9.4373
9.8448
9.5864
8.7685
9.0662
9.6699
9.3553
9.6828
8.6181
8.9916
8.1865
7.7260
8.2695
8.0646
7.7122
7.6651
7.5408
7.5219
8.1718
8.2504
8.1375
8.5583
8.1924
8.2115
7.9508
8.1347
8.3074
8.4138
8.5227
8.8258
7.9368
8.6006
9.1144
8.1093
8.7397
8.1556
7.6856
7.3976
8.3014
8.7777
9.1487
9.5750
8.9554
9.6271
10.1780
10.3465
10.6068
9.8859
10.2537
9.7309
10.6477
10.6513
9.9602
10.2288
10.2237
8.7509
10.2069
8.4400
8.9447
9.0534
7.9242
8.3226
8.8641
9.1017
8.5613
9.1411
8.6040
8.7981
8.9528
9.1052
8.3233
8.4093
7.9491
7.7888
7.3987
8.3358
8.1915
8.5058
8.7350
7.6551
8.0295
9.6334
10.5278
9.8181
10.2429
9.3745
9.7633
9.8947
9.6077
10.0993
10.7598
11.0096
9.5160
9.9578
9.1414
9.0061
8.2460
8.9233
8.7873
10.5380
9.7769
8.4644
8.1658
8.6919
8.9873
8.7460
8.8588
9.5562
9.6194
9.6255
10.0297
10.0402
10.6645
9.9249
9.2707
8.4680
9.3219
8.1563
10.5449
9.9821
9.9287
9.7660
10.2963
11.5677
10.3441
9.5240
9.2010
7.6473
8.6727
8.8531
8.2822
8.6790
9.0396
9.9439
9.5968
8.8352
8.4621
8.7375
9.2327
8.4609
9.3121
8.9822
8.3533
7.6416
7.7273
7.2036
7.6782
7.2383
8.2411
8.6150
8.2989
8.7060
7.2153
7.0640
7.2424
8.3574
8.8107
8.1602
9.2325
9.2388
9.2232
8.5442
9.7212
9.0503
9.1819
9.1502
9.8298
9.7560
8.6613
9.3859
8.2752
8.0544
7.9274
7.8349
8.4536
7.0416
6.5603
7.7862
8.4822
7.5150
7.8799
7.9710
7.6306
8.1192
7.6044
7.2056
6.5515
6.0375
6.3022
6.1527
6.1892
6.6452
5.9314
6.5280
5.9977
5.9630
6.1203
5.7328
6.5163
6.0893
7.2094
6.7131
8.0222
8.1518
7.3934
6.5443
6.5835
7.0374
6.4136
6.8419
7.1643
6.2715
6.3322
6.4586
6.3639
7.2194
7.4683
7.2823
7.4564
7.3808
8.0585
8.1351
7.4375
7.7548
6.7537
6.4720
6.1549
6.1528
6.7491
6.7470
6.3506
6.7124
7.0833
6.8096
6.1458
5.6954
5.8063
6.2585
5.8491
6.1594
6.3217
6.5567
6.5929
6.2554
7.4906
7.1486
6.6411
6.2733
5.8739
6.3599
6.6330
6.4566
6.4400
5.6723
5.8948
6.3400
6.3598
6.3395
6.0312
6.4813
6.3778
6.3999
6.1129
6.3053
6.5529
6.1503
6.5474
7.5321
6.4445
6.7685
7.6237
6.7821
6.5856
7.4491
7.3537
6.2752
6.5853
7.0692
8.0982
7.6107
8.4215
8.2548
8.4469
7.9725
6.7301
6.1101
7.1922
6.7217
6.3726
7.6508
9.0523
9.4228
9.2335
9.8021
9.5322
9.2702
9.7959
9.8837
9.7719
9.7363
11.3025
10.2248
7.6679
8.0705
7.8320
8.5914
7.7189
7.2487
7.4626
8.1739
7.3619
8.2411
6.9327
6.5385
6.0692
7.1563
6.4894
6.9581
7.6507
7.1463
8.4068
7.8268
7.8600
7.6436
7.5832
8.3140
6.8449
7.0016
7.5298
8.1336
8.9977
9.1586
8.5029
8.1799
8.4156
7.8925
7.2748
6.3438
6.6959
7.0870
6.7964
7.1882
6.7659
6.5938
6.2930
7.0674
6.9588
6.4288
7.4318
7.5714
6.6148
6.6677
6.9247
7.6585
7.6260
7.4749
7.3642
7.0165
6.5476
6.2076
7.5516
6.6112
6.0650
7.0339
7.4949
6.2569
7.5019
7.0917
6.8338
6.3751
6.2344
6.9174
7.4083
8.3305
8.5837
9.4972
9.1016
9.4280
10.0578
9.1121
8.4439
7.3904
8.8008
7.6130
8.6214
7.9097
7.4804
6.8106
7.0464
7.0139
6.9917
7.0748
6.8322
7.1935
6.9078
7.5396
7.0728
7.2315
7.7472
7.3824
7.8569
8.0204
8.0540
9.7341
9.5691
9.2004
9.7900
8.5495
9.0481
9.0554
8.5434
8.1804
6.8595
7.0495
7.7761
7.6272
7.3732
7.8340
7.9372
7.4424
7.2624
7.9785
7.8653
8.7122
8.4304
8.4741
8.7128
8.5514
7.6723
8.9559
9.3480
8.9423
9.1013
8.4818
8.4254
8.0052
7.9428
8.0906
7.6851
8.0755
8.2640
8.1934
7.1821
7.3743
7.9264
7.4017
7.8787
7.9300
8.0534
7.9465
7.4797
8.0996
8.4044
7.9536
8.3663
7.8107
8.0321
7.5158
7.4887
7.2334
7.6852
7.5577
7.1317
7.6380
8.3131
7.9594
7.3495
7.4578
8.0464
7.3401
8.0473
7.6396
7.6843
7.7823
8.0175
8.0482
8.8248
9.6497
9.4913
9.4073
8.3503
8.3757
8.9579
9.2665
9.3034
8.7795
8.7294
8.4728
8.3543
9.1798
10.0796
8.9344
9.2637
9.6966
10.2292
8.8815
9.8309
9.2908
9.9660
11.0827
10.1832
10.3333
9.5820
8.4294
8.9309
8.4296
8.4298
8.2790
8.4753
8.4357
8.5091
8.9438
9.1539
9.1475
8.6005
8.4898
8.9452
8.6668
8.3317
8.9838
9.7602
8.9764
8.8842
8.1984
8.5235
8.3575
8.3112
8.8145
8.6316
8.2983
8.2456
9.5946
9.3403
9.4048
10.3366
9.3752
8.0958
9.2444
10.1539
9.6799
8.2592
8.0220
7.7122
8.0343
8.5671
9.0707
8.5176
8.7268
8.3544
8.9358
8.8310
8.7198
8.6730
8.7485
9.0829
9.0622
8.7969
9.5167
10.2263
10.1848
10.6504
10.5551
10.8647
10.3986
9.1498
9.1722
8.3722
8.6648
9.3146
9.6429
7.8354
8.0885
8.9331
8.6439
9.3232
9.6753
8.6380
8.6914
9.1714
8.8992
9.4871
10.0224
9.1605
8.8280
9.1741
7.7793
9.2300
9.1155
8.2015
8.0600
7.7829
7.9870
7.7991
8.2880
8.5528
8.7315
7.7522
7.4577
7.9367
8.3261
8.1675
8.8476
8.8959
7.9932
9.6359
9.9170
10.0779
9.2773
9.6112
9.9789
10.2703
9.6277
9.4110
9.4773
9.6974
8.8378
9.0087
10.1212
10.1286
9.7660
9.3385
9.4722
9.9502
9.7031
9.1501
9.5082
8.9309
8.2454
9.1805
8.7777
9.2701
9.4512
9.8140
7.8938
7.6522
7.5858
8.1828
9.0566
9.6127
8.8196
9.1658
8.8232
8.4446
9.0125
8.6381
9.0487
9.1057
9.3167
8.8210
9.2647
8.7486
9.0080
8.3636
8.7653
9.1790
8.8034
9.0107
8.8048
8.5231
8.0312
8.4198
9.2954
8.1647
8.8476
8.6082
8.9636
8.2419
8.3258
8.7286
7.8554
7.1066
7.8630
8.3197
8.4093
8.9086
8.5679
8.2156
9.3938
9.4406
9.7420
9.5580
8.9584
8.9174
9.3221
9.7406
9.0501
9.1175
7.9538
8.8257
8.8665
8.1875
8.2400
8.5139
7.7222
9.4001
8.8337
8.8286
8.4208
8.6272
8.9232
8.2010
8.0385
8.8192
8.4567
8.2894
8.4656
7.6519
8.5629
8.4411
8.7754
8.4497
8.6928
8.5907
8.3797
8.0569
8.7868
8.7752
9.2150
8.2649
9.0087
8.4390
8.2607
9.1333
9.9866
9.3024
8.9908
8.5899
8.7476
8.8720
8.9531
10.2409
10.2951
10.0254
10.1471
10.5086
10.7044
9.7590
9.8926
10.9212
10.5560
11.2041
11.2164
10.1486
8.8031
10.3175
9.8542
9.8083
9.9298
10.3835
11.1601
10.5653
10.2331
11.2091
10.8616
10.7843
9.6253
9.3541
9.9401
9.3972
8.6476
9.1555
10.0343
8.7199
8.1172
9.7073
8.6638
9.2715
9.7651
10.6823
10.5709
11.7752
10.9207
9.0950
10.0374
11.2903
10.5671
11.2493
10.9332
12.0437
11.5057
9.8206
10.1207
9.9784
10.6005
10.5137
10.7499
9.5440
10.0157
9.5922
8.9601
9.5869
10.6018
11.3922
11.5369
11.3482
13.0629
12.4417
12.6172
11.8076
11.4626
11.6150
11.4974
11.5549
11.3812
12.4321
12.2757
12.6594
12.1154
12.4130
12.5597
11.1664
12.5783
12.4131
12.2532
13.3483
14.7876
12.7728
12.2001
9.7263
9.8918
9.4214
10.4008
10.5248
11.7178
11.3752
12.2439
10.6801
13.3797
11.3625
10.4120
9.5082
10.2430
11.5127
11.1349
11.1452
11.8968
11.8405
12.5436
12.3402
11.2177
12.1058
12.0615
11.0490
10.9887
11.1394
11.1412
10.6710
10.1534
10.4251
10.8655
11.9053
10.2972
11.8483
11.2155
10.0999
10.2666
11.6817
10.4080
10.9252
10.7425
10.4476
9.0448
10.7454
8.8336
9.7601
10.4290
9.8113
10.2071
9.8021
11.3340
11.2593
11.3994
10.3552
9.2910
10.1095
9.3821
8.1179
9.0567
8.7815
10.0633
10.0082
8.9407
9.4052
10.2421
10.3028
9.9915
10.1710
10.4056
10.7216
10.9040
11.1390
11.9729
12.2075
12.4391
12.2433
10.1419
9.9697
10.3172
10.6624
11.3372
11.0494
9.8542
10.4501
9.9718
10.9839
11.4369
10.8963
10.7889
10.5036
10.5906
10.2925
10.8173
10.1057
10.6297
10.2381
9.3667
9.3772
10.2741
10.5326
10.0795
11.6654
11.9317
12.7803
11.5591
11.6962
10.2450
10.2946
9.7717
10.1808
10.0710
10.4304
9.8718
10.4050
9.5814
10.3765
9.9951
9.7826
10.8463
11.4497
10.6823
10.7511
9.5022
9.5657
9.7371
9.9667
10.6413
10.7167
10.5567
11.0492
10.9315
11.3288
11.3189
11.3262
11.7850
11.0673
10.9485
10.0078
10.4911
9.8368
10.7740
11.2938
10.6832
10.3843
12.0358
10.9237
11.5543
11.1622
11.7788
13.4156
12.4982
10.9661
13.6460
12.7949
12.1559
11.5970
11.5466
11.2858
10.6299
10.8834
11.3665
11.5118
11.7605
10.8017
9.8896
9.7146
10.4813
10.9889
8.8237
9.7291
10.5367
10.0363
9.7259
10.4451
10.4470
10.2295
10.1573
9.7696
9.9253
10.4181
9.3542
10.4455
11.0900
10.8052
10.5970
11.0384
11.1571
10.4036
10.7747
9.5920
9.1207
9.5172
8.9225
8.0900
9.4458
8.7176
9.9765
10.2186
10.5895
10.7880
13.0699
12.1295
11.8658
11.2495
11.0799
10.4448
11.0113
11.0603
10.5076
9.3457
10.0340
9.8197
10.4087
11.2891
9.8903
10.7471
12.0185
11.4913
10.3294
10.5019
11.0919
9.7778
10.6367
10.3892
10.2800
10.0192
10.2255
9.4745
9.3585
9.2917
9.5560
9.4419
9.6075
9.6140
9.8964
11.4333
11.6162
10.9248
10.8943
11.4253
11.3511
10.5620
10.4746
9.7248
10.8096
10.8364
11.6955
10.6804
10.5170
10.8493
10.0736
9.9916
9.7992
10.4567
10.3750
9.5828
9.6287
10.0226
9.6939
9.1919
9.1915
9.9812
8.6517
8.6271
9.6974
9.5710
8.9419
9.5121
10.1776
9.9928
10.2748
9.8133
10.3000
9.9587
10.2621
10.6876
9.9589
10.6259
10.4030
10.4054
10.7486
10.3175
10.2616
9.5943
9.6283
10.3518
10.5053
9.7919
9.9248
10.2847
10.8819
10.5032
9.8932
11.1717
9.7076
10.3038
9.0884
10.1308
10.4746
10.7983
10.8286
10.6187
11.9971
10.9059
11.1990
11.3104
11.0701
10.9042
10.6549
10.6808
10.2842
10.4826
10.6555
9.5665
10.2550
9.6102
9.2075
10.0245
10.1033
9.5177
9.8165
9.6717
10.3568
9.3507
10.1074
10.3673
10.7230
10.7665
10.6401
10.0989
10.6651
10.1101
10.7070
10.5145
11.5680
11.8319
10.9115
10.0545
10.9480
11.5048
11.4906
10.5073
10.5860
9.5766
8.9308
10.0916
9.7732
9.9669
10.2033
10.0920
10.3328
9.8811
10.0170
9.9380
10.9838
10.6471
10.3156
10.6551
11.2036
11.3915
10.1136
10.8301
11.4868
11.5054
10.7201
11.5254
9.9384
9.3954
9.1399
10.1059
10.4088
9.6460
9.8749
8.6349
9.8633
8.9214
9.9888
9.5295
9.7635
9.8516
10.9907
11.0981
10.0915
10.9863
10.6635
10.4280
10.8867
9.7466
10.1069
10.8492
10.5197
10.6821
11.3943
11.6009
11.0980
10.6211
11.0687
11.1836
11.0167
10.5348
9.8729
11.0043
9.8606
10.4433
10.1538
9.2379
10.0575
9.9299
9.5771
10.0084
10.3831
10.0656
9.3609
10.1312
9.2786
8.7052
8.4390
8.7387
9.0823
8.7450
9.8654
9.9995
11.3084
11.4691
11.2728
11.1568
11.4433
11.2204
11.1081
10.9387
11.7742
12.2279
11.7574
12.1537
11.9261
11.2394
11.0153
10.5683
10.5374
9.9443
11.2143
11.1079
11.1323
10.2122
10.4239
10.1069
9.5452
8.9197
9.1120
9.7296
10.1950
10.2761
10.0004
9.9394
10.7000
10.7481
10.2035
11.1832
11.3103
10.4701
10.0424
11.1073
10.4977
8.7928
11.2007
11.2740
11.7867
12.2556
10.4950
10.1540
9.9142
11.1905
10.1080
10.3769
11.0943
11.4446
10.7625
10.2456
10.2884
9.8002
9.9345
9.1990
9.1454
10.0062
10.2450
10.6091
9.7094
10.3756
10.9173
9.7696
10.3823
9.9661
10.1284
9.5952
9.4005
9.3581
9.0088
9.1262
10.1509
10.1277
11.0159
11.0850
10.4783
11.5281
9.7272
10.5123
9.2905
9.9824
10.6617
10.6162
9.8749
10.5712
12.1116
10.8355
11.7230
10.8017
11.0562
10.6200
10.5003
10.0485
10.2016
10.6306
10.0429
9.9315
9.6959
10.0055
10.3437
10.1955
9.8196
10.2706
10.5884
10.7260
11.3038
11.4105
11.1406
11.1399
9.9314
9.7471
10.4771
10.4502
11.3240
9.7945
9.9167
10.1023
10.0461
10.0601
10.9449
9.9849
9.9272
10.1333
11.0011
10.8482
10.6238
10.6720
9.8828
10.0506
10.8096
10.2472
10.3831
10.1299
10.1318
10.6848
10.4736
11.9817
11.5175
11.3634
11.6745
12.1944
11.0385
10.8396
10.8881
10.0383
10.4347
11.1070
10.5387
10.4786
10.9087
11.4707
10.5264
10.6452
11.2987
9.6891
10.1137
9.8314
9.6235
9.6965
9.4426
9.4251
9.9633
9.5955
11.0960
9.3439
11.0132
9.7269
10.0776
10.7408
10.4972
11.1236
10.1181
10.3629
10.1664
9.9138
9.6611
9.5346
8.5604
8.0250
8.7758
7.9406
9.2171
8.0587
7.2003
7.7683
7.4705
8.1145
9.1624
8.8164
8.4039
9.1997
9.5890
9.8579
9.7610
11.5944
10.3085
10.2880
11.2354
11.1026
11.2629
10.4653
9.5638
9.6184
10.1190
9.5569
9.5729
9.6759
9.0647
8.8666
9.6550
10.0752
9.3084
10.0103
9.5127
8.5334
9.9999
8.9723
8.9010
9.0354
9.6696
9.1424
9.9419
9.8832
9.6245
9.7211
10.5130
10.4854
10.2252
10.8497
10.4490
9.8686
10.0762
8.1058
8.2879
8.2875
9.2362
8.8625
10.0438
10.0449
9.5281
8.7388
9.6428
9.4452
9.7067
9.4774
8.6652
7.4649
7.2543
9.0812
9.7093
10.9939
10.4658
11.1993
10.2209
11.9702
11.2015
11.8994
13.0295
13.6051
14.2166
12.7112
12.5771
12.0511
9.9729
10.5704
10.1310
11.1724
11.2217
10.4518
9.9228
10.4231
9.8322
10.2944
10.1219
10.8932
10.3936
9.6510
10.6708
11.6430
12.6282
12.8039
12.7535
12.7266
12.3330
11.9434
13.1050
10.5644
10.4534
11.9974
12.1079
11.8954
12.6175
11.8151
12.0894
11.9278
11.2574
12.0073
11.2924
10.6488
11.9061
11.8808
12.3882
12.1641
10.2312
9.9481
10.5580
9.6667
10.9075
11.8833
11.8509
11.4266
11.7713
11.4917
11.9383
10.9188
10.7487
10.4712
11.1672
11.5012
10.7472
9.5097
9.8058
10.8625
9.1690
9.9263
9.3810
10.9813
10.9801
10.8326
11.1564
11.1822
11.2178
10.3757
10.5441
11.3204
11.1993
10.9700
10.9925
11.5943
11.5557
10.3240
10.0599
9.9438
9.8263
9.2567
9.5086
9.8366
9.3647
9.5728
9.2768
9.9129
9.5952
10.1703
9.8547
11.2227
11.1926
10.3907
11.3755
11.9847
12.0608
11.3658
12.1299
13.4693
13.9784
12.4171
12.5206
13.7574
12.8158
12.5087
12.4590
12.0388
12.0122
11.9744
13.4127
13.1833
12.4399
13.6171
13.4466
12.8767
12.7725
10.8483
10.0451
9.5383
10.3905
10.4816
11.0225
10.8127
11.2294
11.8286
9.9561
10.9569
10.4966
11.0576
10.9855
11.4758
13.6448
12.8490
12.6636
10.7922
10.8600
11.3621
9.6435
8.8910
8.5373
7.8179
7.5729
9.0810
7.8497
7.9208
7.2019
7.1941
6.9702
8.7272
8.6881
9.0523
8.8399
8.5286
8.2127
8.7970
7.5034
7.2888
7.6800
7.6780
7.2266
7.9509
7.9595
9.3021
8.8115
7.6258
8.3194
8.3344
7.7336
8.4655
8.6654
8.1282
8.5408
8.3954
8.5754
8.8146
8.8468
9.1999
9.8737
8.5634
8.3066
9.3601
8.6137
8.8104
10.0020
9.2942
10.1866
9.6895
10.8789
9.1705
9.2408
8.6166
8.1177
10.0082
10.6643
10.1919
9.4288
9.5977
9.7632
10.7910
10.7571
11.3259
10.1490
11.1624
10.6467
10.2893
10.7549
10.6013
11.3834
9.7617
10.5063
9.6574
10.4487
12.4589
10.9260
9.9745
10.6010
11.7377
11.5467
10.7500
11.0716
10.0623
9.9197
9.9021
10.6716
11.6926
12.1171
12.2539
13.2955
12.7431
12.7806
13.8570
12.5811
12.3249
12.7994
11.4256
11.7225
11.2323
13.1593
12.5502
12.1635
12.8255
13.0257
13.2870
11.9168
12.5147
13.6592
13.9795
12.7195
12.6367
12.5477
13.6545
12.1284
13.7819
13.4401
13.4623
11.8537
12.2451
11.8986
12.6946
12.5007
12.3466
11.7865
10.6921
8.9604
8.3856
9.4658
9.4216
9.1584
9.3254
9.1075
9.3696
9.5105
9.3201
8.6137
9.0519
9.3483
10.2029
10.4392
11.0791
10.9429
9.7435
9.5983
10.7231
8.9013
9.0946
9.0512
8.1367
7.8124
8.2247
9.1235
9.9457
9.7741
9.5118
9.7512
10.3486
11.7432
11.1278
10.6718
11.5584
12.4036
11.5967
10.6815
11.3995
10.9379
10.2150
11.0233
10.7758
10.0483
10.5689
10.4160
10.6177
11.4571
10.6126
10.3753
10.2841
10.0016
9.9302
9.6836
9.9901
10.1384
10.0795
9.2846
9.8660
9.6886
9.2388
9.4232
9.7864
9.9814
9.8723
10.9160
10.6432
10.7766
11.3160
10.3872
11.3358
11.1551
12.0359
12.0558
11.0372
10.6984
10.2814
11.0618
11.3514
10.9011
10.6604
11.4258
11.2114
11.4398
11.9450
10.5912
11.4620
10.2615
11.8542
13.2944
12.7095
13.1897
14.5607
13.1297
13.3420
13.1410
12.3604
11.3487
11.9664
12.0851
13.6555
12.9648
11.6815
11.2598
11.8793
12.1430
12.5916
11.4964
11.3608
10.6973
11.8121
12.4500
11.8930
11.7031
11.5980
12.3529
11.9244
13.3068
14.2587
13.0256
14.2750
12.9378
12.2745
14.1182
15.7443
16.7836
15.7840
16.3421
14.3678
15.0596
13.9198
15.2612
15.0443
15.0170
15.9457
16.1101
16.6074
17.3486
17.6063
17.9235
17.3933
18.1490
17.9901
16.4181
15.7252
16.2710
15.5692
15.8787
18.2365
19.5355
19.1052
19.6805
17.4144
18.1266
17.4115
14.9947
16.0689
17.0493
17.5018
17.6399
16.3422
16.0302
14.0202
14.1489
14.6209
15.2205
15.7373
15.3193
14.2427
14.3319
14.9041
15.3864
16.2929
15.7476
17.8873
17.3611
17.5857
17.4991
17.9411
17.7467
17.2976
18.4655
17.5096
18.3920
16.5797
16.7002
15.3911
15.9095
15.5368
14.3065
13.3141
13.2342
13.5065
13.8587
14.9264
13.7322
13.0663
13.4342
13.4609
11.5038
9.9107
10.0578
10.2497
11.3506
10.8221
10.9294
10.7067
9.7411
10.3168
12.2862
12.0026
12.7434
14.8432
15.3501
14.7296
15.9177
15.7328
15.0194
15.1999
15.9556
15.7948
15.7855
15.8025
15.8842
16.1587
15.9237
14.1557
13.7083
11.1637
11.2948
12.4094
14.8543
15.4436
16.5425
16.1929
16.6724
16.0134
15.6743
15.3241
15.0890
13.7335
14.9746
14.8003
14.2855
14.4637
14.2148
13.1528
12.1771
13.8756
14.0862
14.3729
12.9067
12.8425
13.0111
12.1005
12.4819
13.2875
15.3447
16.9135
16.7726
17.2050
17.0482
16.2757
16.9007
15.4188
16.7856
16.9946
17.0973
17.5141
19.0796
18.1429
17.5615
17.4030
18.1610
17.4319
16.3144
18.0838
17.3305
16.6801
16.7241
14.7237
15.3258
15.4016
15.7318
13.9008
13.2367
15.2475
16.9339
16.1804
13.9210
14.3359
14.7410
14.3212
14.3083
13.5280
12.6194
13.4720
13.0651
13.3508
12.8081
12.9082
11.4721
11.6653
11.8164
10.6387
10.7831
11.0592
11.0989
10.2973
9.9899
9.7012
10.2765
10.7651
11.0601
11.4648
12.2652
13.0551
13.5151
12.0091
12.4821
11.7962
12.1194
14.4757
14.5243
14.8570
16.0012
14.2443
13.6011
14.6207
13.3343
12.6087
12.4492
13.6922
13.8338
13.6931
13.2196
12.5253
13.7208
11.4673
12.4107
11.2985
11.8457
11.9307
12.3591
11.4256
9.8874
11.1580
10.9240
10.9970
11.4668
11.1116
12.8515
13.5243
13.0429
15.0121
14.1350
14.6744
14.2966
14.9347
15.2382
14.3163
14.3049
13.4690
14.2999
13.7098
13.4123
14.1512
15.7571
15.1315
15.3146
13.8309
14.8369
14.5937
15.0276
14.5251
14.1872
13.5061
15.7747
16.2999
16.1896
15.9746
16.2726
15.2804
16.7140
15.8816
16.4502
17.4664
17.7123
17.8869
16.8556
17.0852
16.6813
18.0305
16.4089
16.8068
17.3558
18.2227
17.1337
18.6224
16.0331
16.2356
15.5118
17.5692
16.1234
16.8808
16.2537
14.9148
14.7117
13.8538
13.2843
15.0398
17.0857
16.3518
16.8607
17.6315
15.5852
15.5951
17.1466
17.3817
15.8618
15.2974
14.7783
13.5500
11.9821
13.7216
13.8617
13.7092
13.5455
15.3864
15.9808
15.3213
14.6195
14.1868
14.2717
15.4073
15.3246
13.8845
13.4250
14.3355
13.6055
14.2889
13.9487
14.0160
14.2045
13.9690
16.0997
15.8274
14.4734
14.7605
15.7458
15.4241
13.1990
12.7043
14.2461
14.8243
15.0426
14.6104
15.4680
15.7476
15.8259
15.7758
16.9263
16.6110
16.1138
16.5775
15.9535
15.4840
15.9388
16.6023
16.0947
15.8080
14.0745
14.1351
15.5190
15.8488
15.7485
15.4232
16.3307
16.1020
16.5966
15.5134
15.7245
15.7376
15.6017
15.4731
14.9064
15.1533
14.7030
15.4753
15.6646
14.8257
14.1281
13.7105
14.3048
13.6449
15.3016
15.7130
16.0687
16.1950
15.8576
16.5913
16.6078
15.8526
15.8375
15.5779
14.4991
14.6066
16.1676
15.9565
14.4534
15.5641
14.8499
15.4061
16.8099
17.7889
17.2756
17.6885
17.3782
17.8708
17.5254
17.3393
16.7461
16.9565
17.2065
17.0778
17.0017
17.8256
17.0035
16.8457
17.2746
17.4288
17.0180
17.8444
17.4658
18.5629
17.2560
16.4390
17.4871
17.4551
16.7184
16.9577
17.4361
18.3398
18.7408
18.2464
18.6934
17.5528
18.9868
18.9647
18.2013
18.2875
18.7622
18.4898
17.8584
17.4531
18.0604
17.1279
17.2654
17.6578
17.6992
17.2274
17.9656
18.0606
18.2046
18.5092
18.8374
18.2114
19.3427
18.7546
18.3939
18.1640
17.9321
17.7222
17.0212
17.2938
17.8568
17.7233
18.2424
18.0027
17.9179
17.9043
17.8443
18.7016
17.9226
18.2479
18.1808
18.8336
18.6818
18.9934
18.8336
19.1555
19.3108
18.8258
18.4849
18.5454
18.8490
19.3946
19.0102
18.8080
18.4188
18.6425
18.4180
18.7250
17.9599
18.3050
18.7731
17.9623
19.0219
19.0092
19.0965
19.2687
18.8347
18.8420
19.2444
18.7764
18.2108
18.9733
18.7127
17.9947
18.8707
18.3933
19.3422
18.5935
19.0327
19.6427
19.3377
18.9168
19.5422
19.3234
19.1555
19.3148
19.1271
19.8718
19.2006
19.7567
19.4368
19.4850
19.8994
19.9500
19.4514
18.9723
19.4218
19.7919
19.5291
19.2130
18.5394
18.6887
18.6450
18.8865
18.7648
18.5790
18.1044
18.5552
17.5255
18.3650
17.8674
18.7157
18.2270
18.1102
18.1056
17.7089
17.9370
18.2731
18.0287
18.6594
17.6907
18.5838
17.8680
17.9316
18.1297
17.4754
18.3453
17.5105
17.8614
19.3932
18.8216
18.5022
18.6188
18.4099
18.8824
18.4540
19.3805
19.0814
19.3488
18.9040
18.7866
18.8024
18.3962
18.6871
18.7474
18.3338
19.1474
19.1650
19.0114
19.1368
19.1062
18.5866
18.5351
18.3523
18.6380
18.7364
19.0181
19.0408
18.5290
18.6911
18.5467
18.4964
18.2716
18.4114
18.5647
18.9380
19.0850
18.5685
18.2761
19.4407
18.5892
19.1093
18.7214
18.5050
18.7475
18.8977
18.5597
18.4361
18.1768
18.0791
17.5942
18.3032
17.9816
18.5714
17.8306
17.8006
17.7945
17.9660
17.9307
17.6402
17.9178
18.6626
18.4451
19.0881
19.1631
19.1781
19.3536
18.5396
18.0707
18.5099
18.4608
18.8835
18.8649
18.8763
18.0073
18.1134
19.1483
19.1781
18.9828
19.1645
18.7611
19.1886
18.0857
17.7103
17.5336
17.8737
17.6841
18.2928
18.6928
18.7429
19.0232
18.7172
18.8030
19.3961
18.8125
18.8235
18.5608
18.9132
19.0477
18.7640
18.4049
18.5186
18.2479
18.5661
18.7536
18.6480
18.9187
18.3682
18.6692
18.5908
18.9891
18.1899
19.0868
19.1594
19.8691
19.8683
19.5025
19.1087
18.9305
18.5561
18.7655
19.2285
18.9810
18.9241
18.4368
17.9390
18.2195
17.4459
18.6096
19.0313
18.2710
18.9542
18.3426
18.0864
18.3118
17.7449
18.0642
17.7188
17.9658
17.7304
18.1054
17.7023
17.6731
18.0928
17.7078
17.9638
18.5677
17.9951
17.5369
17.6842
17.7075
17.5508
18.0768
17.6486
18.0017
17.7808
18.0619
17.4213
16.8652
17.8927
17.7572
18.2027
18.5810
18.9663
17.8095
18.0062
18.4651
18.7107
18.6225
18.7003
18.6323
18.8492
18.8278
18.6770
18.9392
18.4442
18.5820
18.8814
18.7455
18.2679
19.1827
18.2872
18.7028
18.3170
17.8377
18.5028
18.2011
18.0634
18.1138
18.9566
18.5413
18.6026
18.9372
18.5144
19.2277
18.6502
18.9617
18.7021
18.3923
18.6618
18.5475
18.9932
19.2209
18.5346
18.4499
18.2555
18.9386
19.1614
19.7928
19.8965
19.7931
19.8248
20.4376
20.0636
19.6369
18.5919
19.6953
19.4178
20.4052
20.1845
19.3983
19.5551
19.4372
19.7592
19.0934
18.0833
17.4831
17.9626
17.7990
18.0829
18.5386
16.8561
17.3023
17.9934
19.4065
18.0547
17.2920
17.3074
15.8383
16.5821
15.5717
16.7916
16.1776
14.0124
14.4376
13.1470
15.0168
15.0172
15.7070
15.1979
16.7824
15.6911
17.4601
16.6120
17.6894
17.9266
18.0895
19.1812
20.4830
18.8726
18.9997
18.6010
18.4420
17.0345
18.6344
18.7714
18.8349
18.5952
17.3209
17.5191
18.9112
18.8420
18.7325
17.9615
18.8247
19.3555
19.2622
18.2395
18.4066
17.9198
17.7720
17.3699
18.2286
17.7344
18.3162
18.4124
17.8906
18.0996
19.2648
19.1347
19.0285
18.6961
18.7983
18.1086
18.3944
18.1279
18.0816
18.3714
18.4076
18.8229
18.5229
18.7615
19.0528
19.1766
19.2050
18.0252
17.8829
17.4583
17.8145
17.4130
18.0805
18.6694
18.1208
18.2197
17.5071
18.5409
18.0619
18.1555
17.8765
18.1355
17.8065
17.4865
17.9955
17.8526
17.1490
17.3856
18.2121
17.8516
18.2658
18.9752
18.2743
18.6710
18.8099
18.9795
18.3949
19.5315
18.7248
19.4402
19.7503
18.7913
19.2569
19.2396
18.8554
19.1157
18.6629
18.8476
18.9940
18.9772
19.4056
19.1074
19.1331
19.2533
19.2301
19.2549
18.8103
19.1669
19.2730
18.8716
19.3158
19.0886
18.7272
19.1769
19.4006
19.0701
19.7022
19.7889
18.9046
19.3955
19.2562
19.2669
19.2774
19.2957
19.1036
18.5577
18.8536
18.9189
19.4277
19.2976
19.6153
19.5147
19.4440
19.9436
19.7609
19.2428
19.7859
19.3818
19.6057
20.2075
19.9679
19.9455
20.2307
19.1479
19.4612
18.8130
18.7613
19.2531
18.5473
18.5016
17.8296
17.8286
18.3146
18.4600
18.3362
18.9894
18.1118
18.1041
18.6132
18.4512
18.5971
18.3513
17.9217
18.5460
18.6862
18.4726
18.4936
17.8578
18.6956
18.4441
18.8707
18.9130
18.4315
18.4217
18.3562
18.9282
19.1529
19.1481
18.1455
17.8238
18.4767
18.4594
18.4159
18.7938
18.0637
17.9217
18.2789
18.6062
18.1127
18.1925
18.8861
18.2788
18.3524
18.2044
18.6059
19.1371
19.0412
18.5962
18.2966
18.4995
18.9736
19.2800
19.1200
18.8860
18.6304
18.6304
18.9493
19.1060
18.4808
18.9997
18.7440
18.8929
18.1840
18.6459
18.3691
18.5229
17.7771
19.0119
19.2102
19.0154
18.8799
18.9575
18.6651
18.4982
18.1550
18.4783
18.7147
18.4366
18.3536
18.8913
17.8678
17.7603
17.9251
18.0683
17.5478
17.4218
18.0905
18.0613
18.3237
18.3711
18.4215
18.5888
18.4410
18.8894
18.9636
19.6149
19.9148
19.0878
19.3634
19.2844
19.8027
19.2931
19.1605
17.9412
18.7366
18.8747
19.0019
18.7487
18.6015
18.2114
18.3885
18.6357
19.1257
18.6684
19.3280
18.5468
18.7132
18.3666
17.8137
18.6884
18.2196
18.0876
17.8758
18.5826
18.5404
18.4524
18.0654
17.8166
18.2759
18.1836
18.2057
18.1376
18.2762
17.5659
18.2259
18.1568
18.4857
18.6059
18.3403
18.7990
18.5431
17.9998
18.1055
18.3819
18.5444
17.2813
17.6084
18.1369
17.8678
17.5901
18.1683
18.6857
19.2332
19.2919
18.8468
18.7005
19.4893
19.8001
19.1222
19.1104
18.7939
19.0456
19.3136
19.3633
19.2124
18.9874
19.0552
19.6953
19.8856
20.0531
19.1251
18.7719
18.8172
18.7462
18.5592
19.1108
18.9379
18.3055
19.1820
18.5755
18.5770
18.2469
18.3445
18.5948
18.3261
18.4810
18.8968
18.5292
18.8061
18.6784
19.3481
19.1573
19.8362
18.4924
19.3207
19.1451
19.2328
18.5631
18.3060
18.8363
18.5919
19.2581
18.5182
19.2403
19.0489
19.0018
18.9232
18.0709
18.8154
18.8675
18.8625
19.3245
18.9897
18.3677
18.6411
18.6463
18.7532
18.5410
19.3628
19.0925
19.5013
19.5821
18.4695
18.3816
18.0646
18.8288
18.4931
18.1263
18.6073
18.3109
18.6713
19.0430
19.0662
18.7813
19.3113
18.8575
19.4557
18.4496
18.6849
18.0195
18.6299
18.4780
18.8039
17.8565
18.3355
18.5334
18.3596
18.1074
18.1073
18.1233
18.0595
17.7478
17.6924
18.5458
18.6712
18.6202
18.8001
19.2930
18.4716
18.8733
18.6590
18.0645
18.3883
18.6524
18.6760
18.2204
18.2541
18.4309
18.3353
18.7646
18.5802
18.5851
18.3693
18.4689
18.3342
18.5188
18.4703
19.1112
18.9714
18.2516
18.6482
18.7755
18.6596
19.2806
18.7696
18.2775
18.8588
18.9612
17.9443
18.4082
18.4175
19.3030
19.4773
18.7202
19.5263
19.5557
19.9231
19.1873
19.3198
19.4342
19.4955
18.9410
19.3710
18.6622
18.6491
19.0423
18.5433
19.1909
19.0485
19.2168
19.4419
19.8830
19.2949
19.5966
19.1519
19.3167
18.5555
18.9516
19.2159
18.7057
18.7279
19.0016
18.6172
19.3969
19.4721
18.5188
18.4865
18.3763
19.1916
19.3609
18.9907
18.9096
18.8388
18.6066
19.1013
19.0998
18.9486
18.9534
19.6150
19.1250
19.5616
19.4512
18.9592
18.5022
19.8162
18.6593
19.4385
19.0182
19.3316
20.0209
19.2226
19.1954
18.5540
18.1898
18.1036
18.5385
19.4060
19.8156
18.8640
18.9510
19.4576
20.1272
20.1924
19.8041
19.1595
18.9216
18.6870
18.5677
18.8386
18.8068
18.9063
18.9275
19.3001
19.4037
18.8706
19.6064
18.8415
18.9955
18.2917
17.9874
18.0475
17.9318
17.9955
17.7008
18.3622
18.5861
18.7400
17.8016
18.3952
18.1887
17.9211
18.5130
18.9955
18.9056
18.2900
18.3544
18.2649
18.0502
18.1499
17.5973
18.0143
17.7738
17.7270
18.0294
17.5399
18.1301
18.0064
17.8845
17.6061
18.2513
17.9047
18.2310
18.1854
18.3601
18.2839
18.6838
18.6765
18.5988
19.1330
18.8050
18.7499
18.6944
17.8622
18.2672
18.4093
18.1922
17.8662
17.7887
18.2973
18.6983
18.1271
17.7126
18.1169
17.4865
17.7540
18.2755
18.4254
18.3319
18.1183
17.3290
17.9053
18.0067
18.0238
18.5909
19.1828
18.5771
18.9209
19.3049
18.3632
18.0668
18.3147
18.2678
18.1889
18.2253
18.6167
18.1256
18.9034
18.2023
18.2022
18.6682
18.0636
17.7355
18.2374
18.2298
18.2155
17.2139
18.0243
18.5361
17.7788
18.3486
17.8938
18.4326
18.1419
18.2354
18.4112
18.2317
18.4667
18.8999
18.0821
18.4013
18.4090
18.9349
18.2986
18.5971
18.6595
18.5969
18.9988
18.7211
18.2659
18.3320
18.8401
18.6893
18.7092
18.1080
17.6918
18.5892
18.8058
19.1812
19.1549
18.2437
18.4503
18.6609
18.4978
18.3323
18.5402
18.4197
19.1970
20.1394
19.5815
18.8220
19.5342
19.3051
19.0524
19.2888
19.6121
19.2898
19.8630
19.4753
19.0816
18.9246
18.8949
19.5158
19.9345
19.3607
19.2415
19.2840
19.1701
18.9385
19.9895
19.7908
19.2090
19.9347
19.8972
20.2371
19.7227
19.1558
19.6439
19.7820
19.0696
18.8723
18.7019
19.0112
19.2554
19.4060
18.8293
18.5126
19.2154
19.8332
19.7600
20.1281
20.0405
19.5095
19.2631
19.4039
19.2588
19.6087
19.4796
19.2913
18.4164
17.8742
18.1838
17.4634
18.1695
17.4048
18.1752
17.8867
17.6807
17.6510
17.3570
18.4571
18.3220
18.0699
18.6586
18.5896
19.1623
19.0080
19.9392
18.7848
19.1601
19.8242
18.9610
18.7646
17.9788
18.5515
19.2334
19.6333
18.6728
18.8161
19.0826
19.5266
18.8608
18.7852
19.3577
19.0908
19.6746
19.4634
19.3740
19.3783
19.4225
19.3368
19.6343
19.3107
18.6284
19.0648
18.8001
19.4618
19.4731
19.5381
19.0111
20.0171
20.0208
20.1193
20.2287
19.6051
19.4868
18.6800
19.2990
19.4398
19.7346
19.7510
19.5340
19.2883
20.2077
20.6500
20.3640
20.5414
20.5364
20.5739
19.0583
20.2335
20.0432
19.4794
21.0443
20.4422
20.0484
20.5768
19.0393
19.7021
19.8479
20.0429
20.5424
19.3163
20.1411
20.5735
20.6754
20.8728
19.3415
19.6224
18.4309
19.7778
19.7104
19.6154
20.4298
20.2205
19.9566
18.9246
18.5501
18.1967
19.6741
20.1933
19.3735
18.5843
19.3437
18.8138
18.3467
18.9603
18.3880
18.8574
18.8328
16.9450
17.9349
18.7605
18.0002
17.6834
18.2317
19.5539
19.0543
18.0977
17.8375
18.4205
16.4497
16.1666
17.1080
18.6595
18.7505
19.3868
18.3391
18.4546
17.5216
18.0923
17.7912
17.1253
17.5010
17.7967
17.5377
17.8188
18.0120
17.2945
17.3515
17.8657
18.7881
17.9082
17.4784
17.4728
17.9869
18.3591
18.1476
18.4953
18.9126
18.1494
17.7963
17.6970
18.3830
18.4062
19.1416
18.1877
18.0035
18.1524
18.4325
18.1240
17.9287
19.2877
18.7243
19.0839
18.7973
18.1613
18.6596
19.3431
18.4548
18.5242
19.4483
18.3157
18.7901
18.6086
18.9630
18.9797
19.2754
19.9482
19.2003
18.7143
18.1159
18.3734
19.1722
18.0100
19.2112
19.0197
18.5301
18.3170
18.4056
18.9654
19.0036
18.9491
18.1904
18.5667
18.5301
18.9404
18.9005
19.6358
19.1633
19.5612
20.4329
19.1337
19.3129
19.2222
19.0625
18.8739
18.9828
18.4122
18.7237
18.8953
19.5349
19.6836
19.4232
18.1667
19.0088
18.9197
18.9449
19.7093
19.5327
20.5642
20.4381
20.9240
20.4439
19.7363
19.5743
19.4403
19.9126
20.0244
20.1229
19.6599
19.5777
19.5776
19.2165
18.7422
18.9371
19.3337
19.8625
20.1796
20.1462
20.3358
20.5518
20.8629
20.2655
20.6426
19.7690
21.0435
20.9119
21.7818
18.9174
19.5489
19.9876
19.1668
18.2687
19.2434
19.4985
18.8668
18.6522
19.2227
19.1794
19.6577
20.0389
18.7374
18.5129
19.5842
18.8848
19.3158
18.1909
18.7468
18.2558
18.9191
18.2810
19.2157
18.3468
18.3973
18.9342
18.4381
19.3253
18.9910
18.9375
18.7431
18.6540
18.2519
18.8947
18.8874
18.2121
19.2691
18.6234
17.3804
18.3555
18.5188
19.0402
19.3370
18.5966
18.9690
19.5952
19.5386
19.4771
19.3752
18.8184
18.2036
19.4526
18.8512
19.4633
19.3976
19.3215
19.5907
20.6683
20.6708
20.7323
19.5445
19.3927
18.6620
20.0991
19.5756
18.6949
18.9721
18.7960
19.9755
19.0419
19.6965
19.2185
19.2453
19.0779
19.4138
19.8189
19.0661
18.7454
19.2037
19.6212
19.5351
19.4341
18.9414
19.1396
19.3786
18.6861
18.8990
18.1686
18.3862
18.9084
18.8308
18.4149
17.9448
19.1346
19.3170
18.8987
18.4623
19.4565
18.5269
19.0294
20.1678
18.6851
19.2858
18.7721
18.6265
18.4086
18.6497
19.2498
19.3770
19.4043
18.7928
19.0489
18.9072
18.8575
17.8518
19.1325
18.6851
18.8163
18.6381
19.1141
19.4976
19.6505
19.4842
19.8395
19.7344
19.3159
19.5906
18.5793
18.6077
19.8562
20.2231
19.2461
19.3966
19.3768
18.9997
19.1921
19.4730
18.8627
18.6040
18.9417
18.9208
18.5818
18.4437
19.4171
19.3575
19.1890
18.9562
18.7483
19.0162
18.6652
18.3139
18.3873
18.5745
18.1192
19.1697
18.6935
18.4153
19.2796
18.7115
19.5115
19.2499
19.5022
18.9935
18.9877
19.4494
19.4015
20.0650
20.7751
20.3287
19.4685
19.4827
18.6842
19.3978
18.6829
18.4122
18.6318
19.1158
18.9450
18.0555
17.8682
19.1783
18.4960
17.5782
18.1630
17.8766
17.8379
17.7321
18.9268
18.9327
18.3497
18.3245
18.5147
18.4609
17.9472
18.5906
18.4052
18.6928
18.3537
18.7310
19.0534
19.0049
18.5026
18.8086
18.0972
18.7988
18.6973
18.0452
20.0664
19.8102
19.0074
18.7898
18.6030
18.5475
18.4168
18.3809
18.0658
18.6222
18.8040
18.8559
18.7396
18.1274
18.5606
18.0994
18.6033
18.4470
18.7045
18.7530
18.8602
18.1875
18.2946
17.9982
18.6727
17.7526
18.0317
17.8940
18.1247
18.5200
17.8916
18.2119
17.6798
18.1796
18.2698
18.3643
17.9650
18.0997
17.5864
18.0328
18.0596
19.5618
19.3915
18.9626
19.1930
19.6166
19.5547
19.2450
19.1851
18.3193
18.8518
18.4869
18.0254
19.2995
18.7552
19.0235
18.0153
18.1732
19.0632
18.5104
18.0630
18.5725
19.4242
19.1577
18.8201
19.7821
19.6177
20.3146
19.1831
19.7739
19.5621
19.5811
19.7107
19.7430
19.4198
19.4015
19.1415
19.2511
19.4997
19.8119
18.7443
18.8236
18.8298
18.7091
18.4833
18.5940
18.5148
18.0002
18.7005
18.7601
17.8458
18.7995
18.7213
18.5605
18.3761
17.7606
18.3740
18.7761
18.1345
17.6844
17.9608
17.2882
17.5983
19.0070
18.5911
17.9923
18.1831
19.1039
17.8373
18.0720
17.9171
18.6678
18.2519
17.9722
18.5543
18.2817
17.9993
17.1456
17.7274
17.3531
17.1710
17.4854
17.6272
18.2259
18.0827
17.9370
17.9158
17.8510
17.4167
18.0941
18.4763
18.3509
18.7511
18.9964
18.5233
18.7863
19.0458
19.0792
18.8371
18.7505
18.7087
18.6256
18.4905
18.7717
18.7717
18.6328
19.2171
19.4613
18.0313
18.6032
19.3476
19.0670
19.5420
19.2377
19.3946
19.4761
19.7163
19.2623
19.1773
18.8277
19.1373
19.0283
18.9355
19.1715
18.8874
18.3535
19.0194
18.7903
19.0970
18.8280
18.9809
19.4815
18.7599
19.0435
18.4767
19.1943
19.1416
18.7834
18.4915
18.1868
18.0132
17.7699
18.5156
17.6284
18.5527
18.2402
18.9171
18.4747
18.0237
18.0687
18.8474
18.3098
18.1545
18.4631
18.4319
18.6962
18.5546
18.0305
17.8638
18.0143
18.1252
18.4534
17.9448
17.9409
18.6998
17.7716
18.8463
17.9316
18.0030
17.8333
17.5938
17.6560
17.3176
17.9052
17.7688
17.7370
17.5877
17.5289
17.5447
18.3920
17.6983
18.0276
18.4868
19.1859
18.7698
18.4834
19.0900
19.0687
18.7975
18.7846
18.4330
18.8248
18.7313
19.0952
19.0761
19.0257
18.7552
18.9588
19.1103
18.9392
18.9411
19.4239
19.8188
19.4865
19.5457
20.2953
20.4443
20.5739
19.4648
20.1995
20.3264
20.1216
19.8960
19.6843
19.6341
19.7996
19.5620
19.9186
19.3703
19.8283
19.2897
19.0432
19.7327
19.5486
20.1434
19.6865
19.6289
19.7282
20.0556
19.8924
20.6123
20.3590
20.5896
19.3217
19.6821
19.2942
19.8165
19.4702
19.7570
20.2223
20.3866
20.2492
20.5043
20.5936
20.3009
20.5626
20.0934
20.0192
19.4524
19.5712
19.2970
19.4814
19.2618
18.8547
19.3752
19.7155
19.0639
19.1156
18.9682
19.6850
19.2032
17.8578
18.6192
19.3225
18.8782
18.9841
19.0240
19.1879
19.3050
19.2518
19.4821
19.0067
19.5323
19.6383
20.2521
19.8990
20.0514
19.8712
20.3617
20.6258
20.6849
20.3114
20.5558
20.8730
21.3050
20.7779
20.3243
20.2105
19.3718
20.2928
21.3984
21.0468
21.6533
21.1623
21.4317
20.7657
20.8490
20.9602
21.5408
21.7102
20.3540
20.7506
20.6072
20.3352
20.2918
20.3459
20.2115
21.0354
20.0892
19.9338
20.3644
20.3853
20.2693
19.6447
20.1580
19.8079
19.4353
19.2824
19.8832
18.5312
19.0317
19.0712
19.3126
19.6648
19.7411
19.4078
19.6976
20.1596
18.9760
20.0413
19.7259
19.1036
19.6761
19.2420
18.6980
19.8973
19.5313
19.9143
20.2166
20.1435
20.1139
20.2615
19.7971
18.2284
18.6798
18.8361
18.6269
19.8420
20.1543
20.5343
19.2771
19.8973
18.9436
19.7269
19.0742
19.0376
18.8390
18.9816
18.9229
18.9197
18.8352
18.6683
19.1848
19.0098
19.4991
19.1304
19.5406
20.2408
19.2855
19.1291
17.8170
18.5850
18.6423
18.0212
18.0235
18.7349
18.4042
19.1859
18.1782
18.3366
18.7973
18.6406
17.7584
18.9316
19.7798
18.0098
19.1059
19.7102
17.2391
18.0230
18.3423
19.1001
18.1489
18.6846
16.9982
17.8738
17.3380
17.3782
17.4710
18.0923
17.0163
17.6899
17.7418
18.3306
18.1426
17.7344
17.9368
17.2245
17.4326
17.4522
17.9220
18.3094
17.8176
17.0938
17.8925
18.0325
18.2861
17.2442
17.9700
18.5271
17.6740
17.5177
17.4407
18.3481
17.8014
17.7553
17.5832
18.2447
18.4810
17.8700
18.1233
17.5737
18.6088
18.9123
18.5403
18.3065
18.6368
18.3623
18.9896
18.7680
18.3747
19.1906
18.6046
19.2281
19.1185
18.6301
18.6027
18.8471
18.8452
19.4979
19.8749
19.2310
19.1969
18.5584
19.1533
19.4009
18.9973
18.4002
18.4148
18.3553
18.3498
17.8761
18.6427
17.9582
18.1806
18.0804
17.7897
17.9532
17.6029
18.4304
18.6791
18.2213
18.5096
18.8881
18.4284
18.1315
17.8561
18.5483
18.8644
18.4411
17.6095
18.7840
19.1633
19.0253
18.3222
17.9281
19.3665
18.5593
18.7650
18.4475
18.1676
18.1588
17.4677
17.4673
18.1573
18.1121
18.4004
18.6149
18.8584
18.8500
18.7235
18.5175
18.6546
18.4521
18.2320
17.7674
18.1738
17.4720
17.9295
17.8162
18.2701
18.4541
18.0190
18.2826
17.9489
18.3980
18.3484
18.6730
17.9302
17.6977
17.5275
17.7152
17.8154
18.1366
18.4121
17.9969
17.5367
17.7422
17.8613
18.6230
18.5898
18.4135
19.0444
18.8115
19.1834
19.4379
18.8932
19.0781
18.9282
18.4056
17.7191
18.2454
18.2977
18.6540
18.8599
18.9595
19.1169
18.7354
18.5518
17.9700
18.1638
18.5193
18.4064
18.7941
18.2331
18.1831
18.0174
18.5320
17.8014
18.6576
17.9554
18.3505
18.0004
17.4785
17.1910
17.2560
18.1694
17.5097
17.5508
18.1720
18.1477
17.9624
18.4371
18.6343
17.9294
17.7017
16.7526
17.3443
17.0502
16.9132
16.6714
17.1155
17.8105
17.7952
17.4594
17.1229
16.6890
17.7490
17.3471
18.0381
17.4817
17.9951
17.4185
17.3173
17.3684
18.0489
17.5820
17.8752
17.6612
18.0500
18.6598
18.6681
18.6754
18.5276
18.3251
17.8809
18.4536
18.5136
18.2368
18.0473
18.5213
18.1298
18.2548
17.7837
18.5987
19.0887
18.0105
18.3846
18.0636
18.3535
18.0551
18.3703
18.2847
17.7090
18.0021
18.6168
17.4249
17.9646
17.5868
18.4844
19.0151
17.9429
18.2219
18.3897
17.9175
17.5192
17.8977
18.0811
17.8078
18.1287
17.8942
17.9054
17.6739
18.4285
18.1026
18.1865
18.4111
18.4222
18.1377
18.4346
17.7182
17.8397
17.7068
18.2117
16.9893
17.5756
17.8417
17.3053
17.4150
17.5991
17.2473
17.5192
17.3552
18.4420
17.9580
17.5456
18.0583
17.5871
17.0532
17.5400
18.0368
17.1671
16.9891
18.4551
17.5859
18.0944
18.1030
18.4482
18.4757
17.5062
18.3501
17.9108
18.0735
17.6457
16.9622
16.8521
17.2001
17.2080
17.6631
17.6799
17.3208
17.9113
18.0128
18.2289
17.5549
17.8723
17.3110
18.1730
17.9449
18.5310
18.3597
17.7002
18.7293
18.2475
18.4360
18.9146
18.7384
18.1136
18.1383
17.8148
18.4007
17.7627
17.9632
17.5783
17.8910
18.1040
17.5189
17.9701
18.8570
17.3645
18.1336
17.3791
17.8420
18.1221
17.6680
18.7450
18.5318
18.2121
18.5224
18.5751
17.9904
18.0230
18.4548
18.0842
17.9796
17.9616
17.8199
17.5062
17.7341
17.8766
17.8319
17.6697
17.4105
17.1358
17.4587
16.9114
17.0622
17.1423
17.2196
18.1778
19.0035
18.0622
18.7938
18.3490
17.4999
18.0908
18.4398
18.2931
18.3647
18.3291
18.7054
18.5792
18.4628
18.8680
18.5179
18.6921
19.3943
19.1744
19.0908
18.0723
18.2457
18.8120
18.4507
18.0974
18.1456
17.3240
17.9167
17.4278
17.3711
17.3767
17.7889
18.0077
17.1675
16.7171
17.1628
16.9654
17.1050
17.7867
17.2772
17.9359
17.4597
17.3062
17.2878
16.7144
16.4311
16.5656
17.4368
17.7018
17.1736
17.1675
17.5155
16.8348
17.0600
16.5910
16.2317
15.7711
16.8567
17.4823
16.7772
17.8710
18.1144
17.7382
17.5193
17.4864
16.9727
16.4151
16.6386
16.9757
16.8053
16.7165
15.8390
16.8406
17.3553
17.2630
16.5367
16.6420
16.4826
16.3858
16.8335
16.8513
16.2910
16.2467
15.9203
16.6476
16.7357
17.4603
16.5020
16.7480
16.7767
17.3760
17.5096
17.6615
16.6384
16.8199
17.8178
17.6509
17.3009
16.5186
16.5193
17.4493
16.3969
16.7078
16.8458
17.1240
17.4324
17.3885
16.9397
17.1213
16.0600
16.4653
16.5362
16.8281
15.9986
15.9911
16.1519
15.7477
15.8099
17.0740
16.6814
16.6644
16.0657
16.7254
17.3164
17.1793
17.6623
17.2593
17.4133
17.7851
18.1676
18.4011
18.2414
17.8002
18.0154
18.0394
17.1753
16.6749
18.5027
17.8536
17.3644
17.2817
17.4399
17.9850
18.0833
17.6317
17.0694
16.7671
17.8146
18.2718
17.9559
17.6045
17.5293
17.5272
17.5399
17.5826
17.6481
16.8314
17.9255
18.4273
18.7052
18.2008
18.0067
17.5110
17.4756
17.3324
16.9865
17.6663
17.9479
16.5415
17.5358
17.8509
17.5516
17.6477
17.2147
17.5738
17.5249
17.1538
18.3014
18.8399
18.2608
18.1269
17.5956
17.1082
16.5311
16.6394
16.7980
17.2384
17.1957
17.4765
17.0392
17.0223
17.0631
17.0955
16.6107
17.2030
17.5168
17.4915
17.8476
18.2170
17.1778
17.7408
17.2536
17.0579
17.3246
16.9810
17.5691
17.9041
17.8802
17.8556
16.8081
17.0215
17.1674
17.4682
17.2512
16.6840
16.5981
16.4909
17.1555
16.4543
17.4063
17.7470
17.4358
17.1012
17.6045
17.4054
16.9518
17.6476
17.5134
16.5783
16.2334
16.4096
17.0064
15.8207
16.2869
16.5262
16.6876
17.2872
17.7357
17.4212
17.3506
16.7958
16.7837
15.4950
15.8945
16.1269
15.6742
15.9661
16.1310
17.2140
15.5489
16.4421
15.6601
15.6663
16.2233
16.4077
17.1282
16.5659
16.9309
16.1038
16.1033
16.4386
16.5266
16.0141
16.2841
15.8632
15.8813
16.2067
16.4820
16.8529
16.4521
15.8371
16.1725
15.8503
16.3357
16.7161
16.6616
16.2398
16.2983
16.3985
16.3267
16.1917
15.7427
16.7900
16.2911
16.6783
16.2935
16.2224
16.5572
16.8111
16.7820
16.8070
16.4690
15.9691
16.7704
16.5998
16.6480
16.2397
16.7920
16.5786
16.7622
16.2352
16.5276
17.2305
17.4374
16.8296
16.0450
16.2219
16.5802
16.6785
15.8840
16.1012
15.9867
16.0495
15.9332
16.1792
16.4758
16.3507
16.4987
16.6618
16.6708
16.0223
16.8559
17.0440
17.1504
17.3258
16.9981
16.0520
15.9901
16.9654
16.3100
15.9138
16.8366
16.4055
16.9019
16.1695
15.5761
16.2576
16.2584
16.3990
16.0742
17.0237
17.1609
16.4540
17.0340
17.4625
16.3737
16.0034
16.0664
16.0920
17.3816
16.4802
16.4990
16.8499
16.7427
16.6211
16.9862
17.0533
16.1698
15.9311
16.1827
16.8139
16.8593
16.5383
16.3051
17.0146
16.4603
16.7492
16.6352
16.1994
16.5914
16.9492
16.6987
16.7089
16.8208
16.8279
16.0584
16.1578
16.1582
16.6691
16.6578
16.2651
15.9249
16.0765
16.4491
16.6747
16.5196
17.2309
16.8852
16.1751
16.6231
17.3867
17.8652
17.2193
16.8311
16.3271
15.4127
16.5152
17.3406
16.3065
17.2360
16.8876
17.0847
16.5530
16.4340
16.5317
17.0126
16.5204
16.6474
16.8017
15.8670
15.9171
16.0248
16.5176
16.3762
15.6759
16.1971
16.4442
16.3124
16.5690
15.9552
15.8671
15.7551
15.3861
15.6420
16.1826
16.2459
16.0917
16.3271
15.4907
15.4705
16.2233
15.5188
16.4211
16.3257
16.2936
16.9228
16.5437
16.7833
16.6921
15.9939
16.2791
16.3513
16.4793
15.8228
15.9420
15.9716
16.5762
16.7317
16.8921
16.8939
16.4146
16.1047
15.9848
16.4477
15.8410
15.6708
15.7750
15.7951
15.1499
15.3768
16.4422
16.7482
16.7025
16.9476
16.4414
16.2323
16.3570
17.1347
16.9540
17.1552
16.8977
16.5335
16.3812
16.8367
17.2267
17.1712
17.3438
17.8757
17.7303
17.6156
17.7524
18.1284
17.1539
17.2366
17.5353
18.0789
17.6698
17.1020
18.1110
17.6201
18.0458
18.0327
17.4765
17.2123
16.9021
17.5311
17.0667
17.3083
17.3951
17.2052
17.1745
17.3624
17.3690
17.3493
16.6725
16.9369
16.9825
17.7482
16.7521
16.9308
16.8129
16.3416
16.5167
17.5058
17.3585
17.2055
17.2663
17.1461
16.8188
17.0251
16.5384
16.6763
16.1339
16.8005
16.5901
16.4665
16.2921
16.2588
16.2963
17.2244
17.1960
16.4280
16.0716
16.2049
15.9428
16.3115
16.5471
16.3327
16.6177
17.1717
16.7548
16.6140
16.3379
16.7131
16.5855
16.6196
16.5648
16.4494
16.8275
16.5505
16.8378
16.9364
17.0648
17.5105
16.4146
17.7741
17.2540
17.3761
16.6074
16.7274
16.2664
17.2108
16.9132
16.6386
16.3173
17.3133
16.7321
16.6597
17.2010
16.7943
17.5123
16.9409
16.8089
16.5763
17.2355
17.3984
16.3275
17.3319
18.5740
16.9056
17.4117
17.6892
17.3975
17.4711
17.9620
17.4599
17.4226
16.3935
16.7048
16.6227
16.8559
16.8352
16.9822
15.9515
16.0937
16.8353
17.1129
16.7918
17.0493
17.3244
16.4841
16.9255
16.3718
16.8055
16.7632
16.2070
16.3974
16.1883
17.2538
17.0371
17.8490
16.9632
18.1473
17.4388
17.0895
17.1754
18.0619
18.0585
17.6214
17.1409
16.9806
17.3833
17.2613
17.4531
16.9357
16.8088
17.2390
17.5795
17.6169
17.7892
16.9159
16.9785
17.6187
17.1539
17.1992
17.6280
17.2314
17.5776
17.4845
17.1366
17.3545
17.0742
16.7762
16.5931
16.5443
17.4687
17.1765
16.9118
17.3034
16.5243
16.6312
16.8906
15.9742
16.6442
16.1265
15.9952
16.9851
16.5618
16.7615
16.0324
16.2652
16.6784
16.1924
16.4258
16.3504
16.1493
15.8730
16.1691
16.1784
15.5878
15.9204
14.8401
15.5473
15.9809
16.2539
16.2638
16.6602
16.4140
17.1341
16.3902
16.7783
16.9919
16.8468
15.9066
16.4773
16.2646
16.1173
16.4075
16.0569
15.5368
15.5672
15.9851
16.2525
15.9378
16.0956
15.8704
15.7780
15.3679
15.2971
15.2014
15.7261
15.7073
15.5376
16.0587
16.2905
16.5423
16.8536
17.1161
16.2785
16.0278
16.0588
15.8294
16.3405
15.6468
15.1229
15.8726
16.6499
15.9182
16.2045
16.1471
15.8398
15.9507
15.5958
15.9501
15.3532
15.8697
15.7991
15.7413
15.5456
15.2570
15.9964
16.1734
16.4825
16.3188
15.9249
16.3965
16.2020
16.7344
16.6048
17.0250
16.9925
16.5041
16.5429
17.3014
17.0318
17.3896
17.3899
16.8842
16.8421
16.4200
16.7836
16.0621
16.0887
16.1657
16.4838
16.4907
16.8153
17.0160
16.8968
17.3136
16.7143
17.4312
17.2501
17.3577
17.1508
17.5506
17.3127
17.2001
17.0314
17.2950
16.7637
16.8092
16.7124
16.4843
16.7151
16.5340
16.5686
16.5651
17.2629
17.2081
17.1050
17.2331
16.8814
16.4515
16.5314
16.4355
16.5721
16.5906
16.8795
16.3122
16.0000
16.5194
16.7110
16.3711
17.2252
17.2132
17.4527
17.3556
17.2933
16.7413
16.6256
16.7630
17.1526
16.2723
17.3378
15.7747
16.8889
16.7763
16.8579
17.2256
17.3544
17.6041
17.3137
17.1156
17.3551
17.2795
17.3981
17.4459
17.4158
17.4740
16.9292
17.8831
17.4769
17.3423
17.5464
17.2278
16.7754
16.9028
17.0186
17.1406
17.6010
17.1294
17.0976
16.5387
17.1837
17.5530
17.8206
17.0491
17.5447
17.4139
17.5271
18.1696
18.4604
17.9080
17.6214
17.5664
17.8385
17.6560
18.0169
18.2984
17.8402
17.8083
17.8509
17.4745
17.4991
17.1717
17.3359
17.8676
17.7028
17.4889
17.6780
18.0158
17.9794
17.1874
17.4625
17.6135
17.9036
17.8063
18.1600
17.6055
18.0441
18.0446
18.1419
17.7522
16.8426
17.2314
17.1207
17.6567
17.5016
17.9364
17.2083
17.4313
17.7353
17.5986
17.6065
17.7567
17.3351
17.5808
17.4859
17.8671
17.5678
18.2247
18.1183
17.5519
17.6522
17.4919
18.1115
18.3595
18.4100
18.3454
17.7880
18.3673
17.9261
18.1981
17.6242
17.4379
17.6566
17.4929
17.2005
17.6221
17.3381
17.6300
17.7806
17.5763
17.4105
17.1820
18.1851
17.2766
17.5029
17.7284
17.3496
18.0918
18.2299
18.1504
17.2230
17.0966
17.7109
17.6902
17.7625
17.4349
17.4451
17.1543
16.8944
17.6432
18.1527
17.9316
17.8237
17.6984
17.4552
17.2516
17.0330
17.3441
17.5313
17.5432
16.9524
16.3743
16.8632
17.4579
17.0573
17.1463
16.9969
17.2645
17.6243
17.1535
17.1858
17.0621
17.3307
17.2347
17.3909
17.4448
17.6819
17.4980
17.5655
17.6253
17.2343
18.1946
17.7059
17.8590
17.4726
17.8141
17.6411
18.1909
17.8780
17.6204
17.4095
17.6414
17.4973
17.6827
17.5283
17.7637
17.2197
17.3805
17.2825
17.2938
17.0663
16.5181
17.3374
17.1612
17.5752
17.4853
17.8075
17.4131
17.5220
18.1638
18.3488
17.2507
17.1240
16.7184
17.1555
17.5221
17.5717
16.9886
17.1868
17.4861
16.9555
17.4435
17.4637
17.2209
17.3089
17.0789
16.8052
16.2256
17.1692
16.8306
17.1153
16.3645
17.2961
16.5515
16.6964
16.3674
16.3422
16.2589
16.2529
16.5628
16.8503
16.7918
17.0957
17.6289
17.4384
16.8991
16.8479
17.2808
17.9054
17.4447
17.3907
17.6424
17.7737
16.8985
16.4737
17.3404
17.1686
17.6489
17.9403
17.4898
16.9132
16.8854
16.4867
16.9889
17.0334
16.8764
17.1560
16.8916
17.2475
17.3407
16.7754
16.6307
16.4691
16.3994
16.3833
16.5034
15.6997
16.3169
15.9963
16.8159
16.3463
16.4717
16.7067
17.8108
16.5362
16.5742
16.0733
17.5323
16.9964
17.2126
16.0052
16.4953
16.6192
16.2947
16.7532
16.6694
16.0309
16.2237
15.9094
16.1394
15.6943
15.9939
15.3447
15.8981
15.7002
15.3687
15.1451
15.6548
15.5885
16.0460
15.8023
16.4349
15.1086
16.1296
15.0838
15.0151
14.8158
15.2975
15.3967
16.3007
15.7667
16.0845
15.6481
15.1601
15.3263
15.2916
15.5804
15.3910
16.0145
15.8122
16.0219
16.1499
15.1804
15.0539
16.0765
16.1119
15.5015
15.7235
15.4705
15.1435
16.1655
15.9793
16.0808
16.7761
16.8747
15.5383
15.3252
15.7939
16.7400
16.1979
16.5964
16.2051
16.3319
15.9174
15.9864
15.6792
16.1207
16.2515
15.8209
15.1693
15.6988
15.6712
15.7788
16.0509
16.7650
16.0618
16.1094
15.9047
15.9965
15.9257
16.0234
15.7047
15.9027
15.5618
15.9921
16.4923
16.7996
15.7365
15.8193
15.3160
16.1262
16.4327
15.5499
16.4112
15.6921
16.2892
16.1243
15.7953
15.9853
15.7698
15.8743
16.3736
16.7539
16.6346
15.5794
15.6498
15.8033
15.1976
15.4224
15.4793
15.7473
15.5065
15.9100
16.1960
16.2950
16.6822
16.7948
17.2125
16.4482
16.3143
16.1453
16.1317
16.4792
16.3663
15.7680
16.2240
16.6049
16.6576
16.6794
15.5086
15.9633
15.9852
15.6491
16.2402
16.7880
15.5682
15.8478
16.4724
16.3677
16.1749
15.7812
15.2425
15.8364
17.3215
16.6022
16.5099
16.6878
16.2845
16.0492
16.4074
16.5857
16.1268
16.7770
17.1466
16.3973
16.7540
15.8382
16.0035
16.6012
16.1371
15.7186
15.8543
15.5991
16.2365
16.6576
15.8999
16.1750
15.7396
15.7347
15.9505
15.4267
15.8320
16.0840
16.3673
15.9248
16.6316
16.0192
16.7925
15.3148
15.8981
15.4752
15.8214
16.0300
15.5308
15.5047
15.2262
15.1702
15.9518
15.9862
15.1290
15.2811
15.3044
16.1828
15.3693
14.8429
14.5045
15.5102
15.7257
15.7893
15.5862
15.9951
15.9822
15.8444
15.2462
14.9831
15.9901
16.7672
15.4886
15.5528
16.0706
15.8400
16.0573
15.3294
15.9929
15.3791
15.4393
15.8754
16.1088
16.3198
15.4894
15.6756
15.3031
16.5288
16.2427
15.9535
16.6270
16.3142
16.1861
16.5783
15.7295
16.3168
16.4152
16.6882
16.6342
17.0317
16.2063
15.9907
16.3859
15.5052
15.9886
15.6647
15.8237
15.7331
16.0652
16.0808
16.4235
15.8962
16.1569
16.9322
16.6182
16.1897
16.2466
16.0591
16.4054
17.6520
16.4171
16.6458
17.4795
16.9967
16.4851
16.6484
16.6440
17.2128
16.4697
16.3198
16.4436
16.4424
16.3337
16.1519
16.1059
16.5994
16.2591
15.7757
16.1014
16.4465
16.0374
16.5281
15.1450
15.9544
15.1984
15.7658
16.1851
15.6341
15.9596
16.2303
16.2598
15.8621
16.0364
15.7620
15.9825
15.9492
16.1436
15.7728
16.4397
16.5822
16.2507
16.5017
16.5472
17.3562
16.9950
17.1729
16.6704
17.0447
16.6711
16.1541
15.9338
16.3261
15.6894
15.3647
15.9815
15.9592
16.0171
16.3181
15.6948
16.6579
16.4335
16.3512
15.5395
15.6991
15.2778
15.2571
15.1978
14.9176
15.6571
15.9948
16.0341
16.6263
16.6020
16.1742
16.8370
16.3991
15.8769
16.0296
15.8701
16.3167
15.5591
15.6541
15.5703
16.1355
15.9083
16.0137
16.2196
16.2196
16.1358
16.4001
16.8905
16.2531
15.9843
16.4005
16.4025
16.5583
16.5092
16.2349
16.2214
16.5276
16.1973
16.5751
16.4155
16.4854
16.8746
16.2454
15.9252
16.7887
16.8480
16.9985
16.0965
16.7264
16.0236
16.0119
16.5574
16.5416
17.1761
16.7033
15.7974
15.7244
15.9143
15.9348
16.6573
16.9198
15.9644
16.1921
16.4358
15.5489
16.1481
16.6733
16.3840
15.8489
16.1380
15.9514
16.7584
16.1018
15.7505
15.9425
15.7693
16.0995
16.1616
15.8598
16.4612
16.2724
16.4266
16.4243
16.1321
16.2109
17.0264
16.7857
17.1188
17.1478
16.0256
17.4835
16.8195
16.8735
16.6445
16.7812
16.8053
16.3375
16.8471
17.0067
16.8031
17.4147
17.0967
17.9527
17.4521
17.3519
17.9791
16.8517
17.2216
17.0388
16.7820
17.0279
17.0698
16.2662
16.1052
16.3915
16.6217
16.0261
16.2981
16.2529
16.2813
16.4745
16.2618
17.0496
16.2812
16.0435
16.4478
16.3823
16.9659
16.4246
17.2069
17.1535
16.3226
16.8265
17.1646
17.2672
16.8635
17.0852
17.1016
17.5068
16.8048
16.8598
16.8870
17.3054
17.4217
16.5475
16.9533
16.5010
16.1979
16.6668
16.6318
16.5309
16.4659
16.2732
15.6558
16.6609
15.5033
16.0546
15.2090
16.1218
16.4860
16.3996
15.6783
15.7209
16.1266
16.3722
15.4690
15.5731
15.1964
15.3266
15.0656
15.2378
14.9016
14.9499
15.4467
15.3426
16.1280
16.7306
16.0980
16.4412
16.8186
16.4466
16.4737
16.4730
16.7766
16.0415
16.8909
16.8010
16.0597
15.9021
16.2721
16.3592
16.7195
15.5810
17.0834
16.4474
16.4433
16.6118
16.8988
17.6583
16.3571
16.6841
16.4604
16.6157
17.0803
16.7405
15.9408
15.6871
16.3818
16.3901
15.7245
15.8740
16.7591
16.0767
16.5652
16.5134
16.2325
16.1623
16.9215
16.8457
16.2237
16.5290
16.5933
15.8648
16.1608
16.2975
16.8018
16.3301
16.3868
16.5123
16.5360
16.0856
16.3734
15.8360
15.9242
16.1162
16.5244
15.9290
15.7655
15.2951
15.7226
15.7994
16.0741
15.8616
16.4136
15.6687
15.6176
15.0825
15.3168
15.7271
16.1600
16.0637
16.3374
16.0272
16.0957
16.6477
16.4421
16.9537
17.0393
16.0667
16.5844
16.6432
15.9973
15.7488
16.5233
16.3265
15.8843
16.2319
15.8661
15.9520
15.8189
15.8254
15.6892
15.6579
15.6647
16.2472
15.9532
15.9445
15.9939
16.6167
15.9746
15.7748
16.1868
16.6831
16.3133
16.2955
16.3404
15.5011
15.8746
16.0799
16.3235
16.7377
16.3239
16.1882
16.1835
16.1663
16.4150
16.6692
15.8001
15.5849
15.7874
16.5514
16.0630
16.1348
15.6647
16.7828
16.7206
15.9941
15.7358
15.9710
15.2703
15.9907
16.2469
16.1533
15.9163
16.1986
16.3505
15.6713
15.2618
16.2271
15.2448
15.3473
15.0421
15.8906
16.1017
15.7233
16.8815
16.0993
16.6174
16.8872
16.3985
16.5857
16.1485
16.0568
15.7058
16.3836
15.8384
15.8818
16.3912
16.0959
16.4102
15.9473
15.4075
16.5955
15.8743
15.2595
16.1018
16.3852
15.9412
15.9228
15.6644
15.8460
16.3439
16.4135
16.5941
16.9230
16.9358
16.4283
17.4149
17.1818
16.5274
16.8007
16.4117
16.3595
16.3471
15.9486
16.1025
16.1879
15.8278
15.7150
16.0494
15.8228
15.5396
15.1300
16.0908
15.7326
15.6319
15.8660
15.4081
16.3890
16.1874
15.4333
16.6612
15.5620
16.0124
15.9963
16.7885
16.2193
15.9124
15.3198
16.1092
15.1682
15.4324
15.9936
15.7356
15.5985
16.1431
16.4061
17.1346
16.7851
16.3915
15.4203
16.6379
16.3377
15.9781
16.2966
15.8557
15.6880
15.5682
15.4884
15.4201
15.5744
16.1135
15.3366
15.2451
14.9963
15.1892
16.9248
16.1792
15.7708
16.0747
16.0281
16.0082
15.2788
15.7977
16.2298
15.6476
16.0097
16.2439
15.8380
16.3066
15.2870
15.8450
16.2857
16.5014
16.7848
16.4196
17.2079
17.1147
16.8048
16.4334
16.8063
16.0763
16.2550
16.3399
16.5042
15.8290
16.3761
15.8461
16.1725
16.0648
16.3507
16.1231
16.1640
15.6924
15.6244
15.7631
15.2486
16.0833
15.9192
15.5066
16.1000
15.8802
15.6449
15.6218
16.2426
15.4773
15.7271
16.0025
15.6035
15.8083
16.5312
16.0502
16.2874
15.7902
15.2815
15.2780
15.8305
16.2158
15.6811
15.8123
15.3515
16.5916
16.2736
15.7839
15.6650
16.1183
16.1730
16.9410
16.7887
16.5509
16.6872
16.8057
16.8722
17.1892
16.9396
16.0942
16.8191
16.6683
17.0709
16.3526
16.7370
16.0883
16.6164
16.5620
16.8717
16.2342
16.3138
16.5545
16.3392
16.8236
16.8176
16.8694
16.3280
16.6788
16.5619
15.9917
16.2586
16.1847
16.7811
16.2412
16.0262
16.5105
16.5224
17.3247
16.7123
16.9137
16.9402
16.9681
16.8646
16.2329
16.7858
16.9149
15.5749
16.7217
16.3926
16.5075
16.4680
16.7706
16.6875
17.0478
16.2660
16.8199
16.8999
17.3038
16.5394
16.7856
17.3527
16.6779
16.3673
16.6713
16.4026
17.1666
16.6759
17.1328
17.1635
16.3183
16.6992
17.1187
17.0528
17.3582
16.9427
16.9299
16.9710
16.0025
16.4284
16.6703
17.5239
16.3957
16.7742
16.9636
16.9350
16.7158
16.3183
16.9782
15.9523
16.2415
16.3871
16.7528
16.0973
16.2179
16.9741
16.7008
16.4559
16.6591
16.8278
16.5384
16.6527
16.2584
16.4798
16.5063
16.2974
16.7494
16.2081
16.6476
16.4835
16.2132
15.8394
17.1840
17.5631
16.6174
16.3915
17.0068
16.5457
16.0774
17.1786
17.3142
17.3521
16.8630
16.6545
16.6144
16.4019
16.6981
16.0968
16.6785
16.7852
15.7760
15.5410
15.8239
16.4050
16.6786
16.9838
16.8327
17.2341
16.3543
17.8787
17.5318
16.3490
16.8314
17.1587
16.7521
16.5640
16.9865
17.2234
16.2337
16.9228
17.1345
16.8934
17.0623
16.8242
17.8494
18.5276
17.9459
17.6812
16.7552
16.5463
16.6022
17.2440
16.3957
16.2822
16.9015
16.6051
16.9614
16.7024
16.6016
16.1667
16.1593
16.0602
16.1120
16.3051
16.5857
16.2764
16.6778
16.5873
17.4336
15.9552
16.3516
16.0147
16.9632
16.9109
16.3799
16.4451
17.0378
16.6696
15.9686
16.3094
16.2394
16.5198
16.3316
16.9888
17.0586
15.8178
16.5551
17.0136
17.0401
16.3009
17.3475
17.2525
16.1275
16.9633
16.6409
16.4944
16.2038
16.2176
17.1713
16.9082
16.5453
16.7909
17.4461
17.1714
16.5424
16.7556
16.6062
16.5437
16.3644
16.8114
16.7620
16.2881
16.9722
17.2569
17.1741
16.0765
16.6640
17.3485
16.0601
16.6423
17.2721
16.6736
16.4494
15.7824
16.6796
16.0683
16.6413
16.5168
17.3345
16.9704
17.2430
16.7999
16.8356
16.4707
16.3349
16.6277
16.2516
17.1198
16.4168
16.5683
16.2963
16.5662
16.8869
16.2824
16.3513
16.1187
17.0140
17.3165
17.4665
18.0180
17.8102
17.1088
16.6068
16.9812
16.0439
16.4519
16.7186
16.7950
16.6404
17.2792
16.7758
16.5545
17.1761
16.5575
16.9162
17.2383
17.4869
16.1267
17.2680
16.0921
16.4148
16.3234
16.0185
16.3827
17.7079
16.7723
16.5124
16.3349
15.7084
16.2898
15.7045
15.7064
15.9319
15.3924
15.4477
15.1300
15.7308
16.0412
16.2760
16.0826
15.6319
15.4531
16.2250
16.5113
17.3227
17.0240
16.2028
15.8147
16.1655
16.7968
16.5945
16.0180
16.2437
16.2081
15.8806
16.3530
16.5748
16.2409
16.5519
16.5026
16.1291
16.4616
16.4066
16.4796
16.2905
15.5166
16.0121
16.2110
16.2053
16.1662
16.7028
16.4940
16.5495
16.6752
16.0640
15.8304
15.9794
16.4722
15.7650
15.7692
16.0377
16.4323
16.6478
16.7686
16.4978
16.1540
16.6552
16.5630
16.7067
17.0222
16.5368
16.6690
16.4501
16.2293
16.3810
16.5017
16.1130
15.9631
16.2933
16.6881
16.9115
16.1441
16.6930
16.1508
16.3787
15.9776
16.7437
16.8346
16.4032
16.1877
16.2910
16.7096
16.4230
16.6840
17.2089
16.2773
16.6147
16.0455
16.0604
16.7156
16.1908
16.2438
16.1546
17.5698
16.4953
16.4308
16.4446
15.9880
16.1589
16.4525
16.3225
16.5248
16.0308
16.4147
15.9097
16.5078
16.3254
16.2358
16.1530
16.0745
15.8185
16.1651
16.1394
15.9387
16.9374
16.0890
15.5867
16.0982
16.4027
16.1012
15.9882
16.4579
16.4823
15.9993
15.8795
16.3254
16.1516
15.4806
16.2422
16.1778
15.5408
15.6913
16.1839
16.1491
16.1447
16.1219
16.7209
16.1681
15.6100
15.8144
15.6766
15.9731
15.3884
16.3634
16.0237
15.0032
15.4508
16.0827
15.3834
15.4886
15.4286
16.2582
15.7991
15.4316
15.9286
15.4216
15.4650
15.8346
15.6813
15.8819
15.5241
15.3566
15.9597
15.5527
15.5709
15.6547
15.2927
16.1504
15.5152
16.3770
15.7296
16.4562
15.9574
16.4455
15.5898
15.5884
15.4536
16.2408
15.7036
15.2605
15.3220
15.8155
15.6815
15.9456
16.3610
16.3347
16.1028
16.1172
16.7225
16.0123
15.9552
15.7441
15.4048
16.4408
15.5768
16.4922
16.1546
15.7131
16.0277
16.2852
15.7269
15.4508
16.2544
16.4302
16.1484
16.2599
15.2158
15.5267
15.8634
16.5027
16.4365
15.6748
16.4608
15.8324
15.5565
16.0285
15.6163
15.8287
15.5446
16.1795
16.2450
16.2808
15.8888
16.0964
16.2289
17.0751
16.5137
16.0473
16.0245
16.4119
17.1705
16.6370
16.5344
16.5138
16.5198
16.8454
16.8249
17.0073
17.1250
16.7334
17.2323
16.8171
16.9634
17.0445
17.0654
16.7199
16.5613
16.4494
17.4366
17.8962
17.1068
17.2120
16.4948
16.5147
16.7167
16.3449
15.9430
16.5795
16.6983
16.6803
17.3728
16.6537
16.4717
16.4532
16.7825
16.9388
16.0121
16.7142
16.1336
17.4691
16.8322
17.6345
18.2579
18.0148
17.1383
16.8122
17.1280
16.8141
15.9186
15.5789
15.8222
16.1502
16.1770
15.3387
15.7197
16.0440
15.8227
16.6355
17.0093
15.5215
15.0287
16.0058
16.2026
15.6760
15.5634
15.2769
15.6849
15.6389
15.9381
15.6672
15.9997
15.3340
15.4282
15.8340
16.9626
16.7351
16.8032
17.3542
16.4076
17.2095
16.5768
16.7236
16.5950
16.0912
16.7357
16.7344
16.8010
17.0357
16.5875
16.3028
16.7080
15.9632
16.1068
15.9815
15.9641
16.1144
15.8499
15.9731
15.8815
15.9187
16.4778
16.6071
17.0526
16.7181
16.2810
16.1536
16.4349
16.2025
16.3714
17.3769
17.0617
17.1290
16.2090
16.7012
16.1578
15.9876
15.5823
16.8463
17.2943
17.1457
16.8761
17.2149
16.4826
16.2095
16.3888
16.9803
16.6070
17.1016
17.3605
16.9163
16.2319
16.3521
15.9188
16.6136
16.6166
16.6621
16.3103
16.5500
16.4120
16.1676
16.6836
16.2570
16.2473
16.7614
15.8093
15.8914
15.4803
17.0293
16.0416
15.9474
16.6912
16.8831
16.8411
16.5774
16.5071
15.9918
16.7147
17.0029
17.2148
16.8053
16.8806
16.8381
16.5958
16.4887
16.4967
16.1840
16.3979
16.9747
16.8150
16.6498
16.5726
15.9352
16.5403
16.2429
16.0269
16.5733
16.5391
16.3346
16.6447
17.3716
16.6993
16.5877
16.9169
17.1459
17.0087
16.8708
16.2806
16.5076
16.7340
16.6619
16.4739
16.4820
16.3770
16.1858
16.2545
16.5030
16.4574
15.7029
15.6867
16.4987
16.2427
16.4575
15.7658
15.8366
16.0573
16.4435
16.8881
16.8377
17.2257
16.3121
16.3135
16.1599
16.4901
15.7524
16.1838
16.3251
15.8323
16.3171
16.9951
16.5754
16.3408
16.4391
16.6085
16.8761
16.1269
16.2975
16.1516
16.4660
16.7079
16.3533
16.1139
16.1597
15.9203
16.5536
16.3788
15.9838
15.9509
15.9526
16.3825
16.3702
16.3616
16.1967
15.9187
16.0769
16.2398
16.1979
16.0711
16.3657
16.4309
16.4253
15.9717
15.6327
16.0514
16.0683
15.9390
16.5037
17.4968
16.0032
15.4568
16.0672
16.2801
16.0983
16.4684
17.0406
17.1537
17.0033
16.2496
16.6773
16.5862
17.4514
16.6524
17.5420
17.0210
16.6733
16.1686
16.3981
16.6986
17.3669
16.7499
15.3408
15.9104
16.1700
16.8365
16.1048
16.2217
15.8613
16.1289
15.3511
15.5256
16.7340
16.7627
16.6178
16.3048
14.8395
14.8705
15.0469
15.7267
15.7624
16.1038
16.5302
16.4615
16.9910
16.4096
15.4563
16.2525
16.3916
17.0545
16.1866
16.6746
16.9138
16.5253
16.5086
16.0246
15.8260
15.8846
16.7978
16.7174
16.1678
16.6231
16.7047
15.7150
15.7489
16.1995
16.3100
16.3453
15.4113
15.8019
16.1710
16.1607
15.7962
16.2128
15.9255
15.9113
15.5160
15.9737
16.1699
16.0317
16.4062
16.4907
16.1808
15.7992
16.8651
16.9603
16.8516
16.9296
16.7212
16.3027
16.7666
16.3942
16.1670
15.8998
15.6371
15.6946
15.9894
15.5395
15.7799
15.8207
16.0196
15.7521
15.8425
16.1906
16.3966
15.7501
16.7522
16.7364
17.0024
17.0440
16.5216
17.2533
17.4436
16.9274
16.7020
16.8565
16.0440
15.4800
16.6768
16.4666
15.7288
15.8043
15.9149
16.8270
17.4649
16.5665
17.4884
17.1885
17.8293
16.9338
17.0418
16.6273
17.5162
17.2015
16.8039
17.0329
17.2023
16.6363
16.0456
16.9466
16.4458
16.4188
16.7479
16.1255
15.7439
16.3827
17.0985
16.6275
16.9183
16.6605
16.5570
16.6027
16.6839
15.6942
15.7848
16.6328
16.1272
16.3296
16.2005
15.9489
15.5192
16.5445
16.7397
16.3894
16.4113
16.8690
17.2177
16.3159
16.6667
16.5226
16.9244
16.2747
16.0608
15.8116
16.3343
17.1897
16.7189
16.7143
16.1582
16.3347
16.4322
17.2172
15.4391
16.5549
16.8926
15.6980
16.2206
16.4835
16.7386
15.7902
16.4084
16.8928
16.1582
15.6186
16.2784
16.3730
16.2317
16.9980
16.5410
16.4733
16.7267
16.8874
16.5721
16.5106
16.5255
15.5159
15.5456
16.0327
16.0896
16.0449
15.6665
16.5185
16.6697
16.5791
16.3077
16.0298
16.8721
17.3234
16.2471
16.3918
16.0924
16.0015
16.6753
15.9271
17.2558
16.2772
15.9762
16.1807
16.4468
16.3590
16.5745
16.4263
16.5540
17.2189
16.4358
16.0718
16.4471
15.8084
16.2660
16.2158
15.6581
15.7285
16.0211
15.9740
16.2013
17.0777
16.6905
16.5630
16.6026
17.1787
16.6509
16.3608
16.2634
15.8475
15.6095
15.4796
15.4348
15.3243
15.9326
16.0241
15.8174
16.5722
15.9460
16.3748
15.9112
15.3831
16.6723
16.8913
15.9026
16.9699
16.9805
17.0468
16.7148
16.5999
16.8120
16.8184
16.5061
16.9057
16.5112
16.7808
16.9912
16.7594
17.1687
15.5308
16.5384
16.5017
16.4489
16.3418
16.0764
16.5499
17.0976
16.5496
17.5126
16.5170
16.0495
16.6394
16.0128
15.7701
16.0980
16.3703
15.7537
15.9726
16.5616
16.7558
16.3750
16.9462
17.1253
17.0679
17.1320
16.8039
16.6503
16.6289
16.9414
17.3897
15.9336
15.9913
15.9677
16.0932
15.8635
16.2658
15.9279
16.0106
15.7427
15.8921
16.5772
16.5620
16.5781
16.5872
16.8363
15.8279
15.7595
15.4495
16.2674
16.9324
15.8316
16.6117
16.2158
16.5916
16.2915
15.6122
15.4538
15.6967
15.6949
16.7079
16.8539
16.9647
17.0480
16.2352
16.6654
17.0848
16.6389
16.2535
17.2062
16.0611
15.9509
16.8153
15.9890
16.6704
16.8819
16.6283
17.0715
17.6086
16.6100
16.5442
15.9976
15.8612
16.0334
16.1115
15.8319
16.1290
16.1786
15.8858
16.1821
16.8452
16.4073
16.4124
15.9337
15.9730
16.0282
16.5147
16.7397
17.0075
17.4465
17.0931
16.6114
17.0428
16.6119
17.1105
17.0565
16.8097
16.0470
16.7474
17.1462
16.0738
17.2264
16.9619
16.9453
17.2199
16.3473
15.5776
15.8664
16.1296
15.7652
16.1072
16.9527
17.4878
17.4548
17.0985
17.0150
17.0455
16.8182
16.2240
17.0196
17.0091
16.6636
16.3223
16.1622
15.9253
16.0890
16.5126
16.3890
15.5960
16.6973
15.8274
16.1719
15.9707
16.4204
16.8957
15.9806
16.5790
15.9214
15.8576
15.5556
16.2262
16.1803
16.5732
16.5607
16.6795
15.8682
16.0949
15.5247
16.0274
16.1715
16.0813
16.0168
16.0365
15.4747
16.3951
16.4037
17.5055
16.5974
17.5572
17.1617
17.5759
17.5958
17.6344
17.3704
17.3821
18.3237
16.9375
17.4694
16.9116
17.2715
16.7344
17.5247
16.5188
16.2542
16.7739
16.9977
16.8786
17.3561
16.8589
17.2412
16.5308
17.3614
17.2172
16.7875
16.6064
16.1384
16.8246
17.4012
16.6663
16.4165
15.3436
15.8337
15.9507
16.4314
15.6854
16.6633
16.9131
16.9172
17.3808
17.8299
17.9853
17.8213
17.7357
17.8693
18.2667
17.1000
16.5583
16.2341
16.7983
16.4303
17.3989
16.6650
16.7323
16.9111
16.9727
16.2170
15.9280
16.9728
16.0688
16.6423
16.3912
15.9062
16.2742
16.8505
16.8316
16.6390
16.4389
16.7978
16.5961
17.2163
17.2217
16.9851
16.8549
16.8287
16.3382
16.9029
16.7303
17.0544
16.8252
16.5699
17.1465
16.5963
17.2871
17.1968
17.2117
17.0237
17.6975
17.0666
17.5478
16.6313
16.8434
17.3030
16.8753
17.3835
17.3352
17.3504
17.8160
17.7299
17.5844
16.9965
17.1304
16.5767
16.7621
17.0802
16.9404
16.1819
16.8576
16.4024
16.9990
17.4045
17.0675
17.0846
17.1175
16.9124
16.7627
16.9121
16.1228
16.6456
16.1081
16.5657
17.1112
17.2281
17.5717
17.4033
17.2136
16.7173
16.6516
17.2117
17.1638
17.7046
16.5232
16.7978
16.6652
16.6754
16.1109
17.0025
17.0894
16.6662
16.7452
16.7974
16.7910
17.3479
17.1973
16.8933
17.9749
17.8055
17.0935
17.5796
17.7066
17.6064
17.8397
18.1118
18.2860
18.6492
18.5709
17.9528
17.7560
17.1197
17.8260
17.2442
18.0922
17.7198
18.2496
18.4029
18.2554
17.1705
17.1892
17.3352
17.0880
16.9119
16.9790
17.3284
16.7457
16.6314
16.5364
16.6507
16.2328
16.9344
16.4595
16.6698
16.6476
16.7949
16.6265
16.7283
16.1052
16.4140
17.2530
17.0468
17.3036
16.9982
16.8086
16.7156
16.7278
16.7412
16.3077
16.4535
16.6034
16.6336
16.0370
16.6085
16.2904
16.7575
16.9492
16.3319
16.5882
16.0769
16.3834
16.1821
15.7923
16.4744
16.7988
16.6610
16.0504
16.0962
16.4931
16.2790
16.7753
16.6942
17.3653
16.7954
16.7629
16.0421
16.6996
16.7944
16.8962
17.1479
16.4645
16.8013
16.6418
16.4059
16.7007
16.3572
16.7359
16.3975
16.8070
17.0357
16.9305
16.3910
16.1665
17.1056
17.1885
17.3356
17.1105
16.8988
17.0691
17.3209
16.6177
16.4852
17.2622
16.9538
16.4237
16.5245
16.5552
16.7873
16.7569
16.8650
16.2869
16.2719
15.9084
16.1026
16.1991
16.3804
16.6989
17.0398
16.7125
16.7827
17.1249
17.1069
16.4380
16.4384
16.4321
16.2385
16.1793
16.2489
15.8897
16.4225
16.7553
16.5286
16.9003
16.5083
16.7488
17.5831
17.4683
16.9484
16.8042
17.4417
16.8674
17.2766
16.9959
17.0480
16.7522
17.1203
16.6865
16.5207
15.8616
16.6217
16.7807
17.2571
16.9249
16.3750
17.6109
17.7161
18.3881
18.0446
17.3611
17.1445
17.4049
17.5599
16.9453
17.1488
17.2153
17.1974
16.9529
17.2616
17.6739
17.8103
17.7327
17.2332
17.4032
17.4784
17.0776
17.4969
16.9926
17.1937
17.6464
17.1532
18.1719
17.8468
17.3846
17.1846
17.3749
17.5460
17.3448
17.1054
17.3121
16.5831
16.8466
18.2409
17.6050
17.3831
17.2045
17.7472
17.7989
16.9042
16.8547
16.9535
17.4845
17.4207
17.2233
17.4652
17.5528
17.9120
17.1223
17.0530
18.1016
17.4951
17.0369
17.5540
17.4501
17.2978
16.7620
17.4093
17.2698
16.9738
17.3432
17.8987
16.7136
17.7730
17.4244
17.1414
16.8598
17.2489
17.5021
17.1626
17.7409
17.5463
17.6259
16.9716
17.3604
18.3365
18.1039
17.2602
17.7708
17.1702
17.6811
16.9937
17.4878
17.3718
17.7892
17.4856
17.7331
16.6544
16.9871
17.1165
17.5208
17.2838
17.3865
16.9089
17.4596
16.9764
16.6944
15.8391
16.4117
16.6072
16.4869
16.9431
16.3198
16.9894
17.7855
17.4200
16.7438
17.0531
16.7632
16.4562
16.7598
16.5586
16.1238
17.0183
17.0629
16.8331
17.6202
17.0187
16.3952
16.3608
16.6598
17.4333
17.0274
17.1751
16.8013
16.8266
16.9615
17.2795
17.6984
17.0289
16.3502
16.5634
16.8406
16.8423
17.0393
17.0197
16.7667
16.0027
16.3541
16.0140
16.9789
17.3288
16.9546
17.7265
16.9391
16.7278
17.2261
16.7993
16.8440
17.1954
16.4656
16.9512
17.0173
17.1280
17.7770
17.3885
17.9316
17.7927
16.8587
17.0978
16.6072
16.8940
16.3037
17.0419
16.5255
16.4473
16.5973
16.0043
16.3480
17.1336
16.8869
17.2562
17.0546
17.1700
17.0897
16.7746
16.6841
17.3414
16.9220
17.3842
17.6193
17.6588
18.1989
18.1522
17.7738
17.5488
17.1633
16.8463
16.6300
16.8705
17.2639
16.8094
16.5030
17.0613
17.7092
17.9230
17.9407
17.9237
18.4728
18.0532
17.8899
17.7702
17.8970
17.5187
17.8694
17.7084
17.1870
18.3485
17.2805
17.4680
17.6205
17.5781
18.1269
17.8862
17.5679
16.7213
17.2899
16.9903
17.5408
17.2996
17.0194
16.7080
16.9643
17.1372
16.0969
16.7202
16.8048
16.6722
16.8843
17.1244
17.0987
16.7794
16.7244
16.7805
16.6678
17.3553
17.0062
17.7024
16.9309
17.4492
17.3257
16.6889
17.1580
17.2035
16.9345
17.0702
16.5474
15.8420
16.5532
17.1533
16.6543
16.8134
16.7315
17.0403
16.7943
16.6104
16.9075
17.1239
16.7435
16.4235
16.6229
16.8175
16.6084
16.6005
16.8217
16.5168
16.5298
16.4558
17.9446
17.8753
17.2485
18.2611
17.4515
17.1199
17.6054
17.2744
17.1942
16.8743
16.8549
16.9911
17.0196
16.3834
15.9478
16.8622
17.3814
17.5521
17.2534
17.3115
16.7605
16.4222
16.4253
17.2447
16.8896
17.2778
16.9204
17.2293
17.6716
18.4388
17.0404
17.3003
17.4598
17.2977
17.6126
17.5981
17.8072
17.4410
18.1840
17.8473
17.4122
17.2652
17.2096
16.4606
16.6685
16.9425
17.5955
17.3995
16.6755
17.7394
16.8626
16.3165
16.5444
16.3342
16.5800
16.7420
16.1075
17.1295
15.8373
17.0636
16.9742
16.6011
16.4254
16.0147
15.8962
16.4258
16.3401
15.9095
15.6223
16.8223
16.7901
16.1710
16.2180
16.2934
16.1091
15.3759
16.5752
16.3725
16.9281
16.7304
17.2908
17.2334
16.1951
15.5540
15.4135
15.9375
15.7033
15.2013
15.7061
16.1025
17.3849
16.6403
16.2747
15.7545
16.3752
16.2829
16.4871
16.5877
16.4196
15.9522
15.9283
16.1484
16.8457
17.3634
17.2003
17.3489
17.0036
16.4423
16.7809
16.5642
17.0198
16.4871
16.4766
16.1345
16.5170
16.7164
16.8706
16.9158
16.9451
16.7480
17.1931
16.7371
16.2021
16.8677
15.8772
15.9997
16.2224
15.8917
16.5774
15.9834
16.2322
15.9161
16.5451
16.3786
16.4820
16.1816
16.3730
16.6247
16.5413
16.8761
16.6373
16.6461
17.0878
16.3940
17.1358
17.2252
18.0551
17.8065
17.6489
17.3076
17.1132
16.9020
17.1734
16.9686
17.5200
17.6819
17.9009
16.8636
16.3451
16.8280
16.8858
16.4972
16.5263
16.4961
16.4705
16.5873
16.3050
16.7891
16.4284
17.8973
16.8807
17.9426
17.0782
16.7712
16.5401
16.0030
16.6990
16.9317
16.1524
17.0009
17.1231
17.5073
16.8725
16.1854
15.5689
15.9683
15.7042
15.3906
15.7964
15.8715
15.2914
15.6719
15.2735
15.8202
15.5408
16.2278
16.6790
15.9769
16.4758
16.4809
16.4510
15.5711
16.1636
16.3485
16.1036
15.9063
16.1079
15.9092
16.2466
15.5716
15.4018
16.0489
15.9038
15.9225
15.9256
15.9789
16.7055
16.7782
16.1837
16.1053
16.1685
16.4064
17.0422
15.8268
16.5051
16.3608
16.5927
16.3225
16.5160
16.8630
16.3343
16.3430
16.0150
15.9916
16.5152
16.3992
16.2268
16.0210
16.3690
17.1621
16.9735
16.3683
16.7673
16.4741
16.0603
16.0775
15.4569
15.9605
15.8081
16.0989
15.9813
16.4394
16.7685
16.4968
16.7811
16.0589
16.3096
15.7259
16.2069
16.6327
16.4510
16.3415
16.7332
16.6436
16.3614
16.2750
16.7999
16.7023
16.5289
16.8590
15.8214
15.7713
16.2895
16.1154
16.8918
16.2598
16.0840
16.4086
16.5022
17.0473
17.2134
16.6396
16.7025
16.7326
16.6619
16.7323
16.8510
16.4530
15.8679
16.7491
17.0358
16.5356
16.2255
17.0088
16.6874
16.4856
17.2870
16.7814
17.1084
16.7944
17.3852
16.6597
16.2678
16.9646
16.4726
16.1164
17.3308
16.4869
16.9579
16.7877
17.6004
17.6777
17.3875
16.6370
16.9146
17.4858
16.9071
16.8359
16.9494
16.1029
16.8442
15.8076
16.2320
15.8775
16.1424
15.8896
16.0926
16.3531
15.9212
15.8967
16.0202
16.3514
16.0820
16.3242
16.5558
16.7783
16.4216
16.9978
16.7632
18.6881
17.5080
16.7302
16.4580
16.8252
16.9386
17.0837
16.9532
16.8196
17.1913
17.3555
17.3669
18.0633
17.2974
17.4680
17.3602
17.2939
17.7184
17.3584
17.7003
17.7472
16.5150
17.0565
18.1334
16.6613
16.9544
16.0819
16.2592
15.4082
15.4853
16.2787
16.6877
15.6882
16.2034
16.7277
16.4878
16.6430
16.7176
17.3727
16.4867
15.9431
16.5619
15.7342
16.2254
15.6634
16.4282
15.7590
15.9950
16.0519
16.1509
15.6732
16.3850
16.0603
15.8881
16.0744
15.6962
15.9133
16.1073
16.9690
16.9082
16.8081
16.3778
16.5186
16.3602
16.6761
16.0394
16.7835
16.2870
16.3440
16.1427
15.6432
16.1982
16.4934
16.0846
16.0435
16.3458
15.2965
15.9794
15.7651
16.0580
16.2919
17.4641
16.6184
16.4933
15.7940
16.4590
16.3763
16.4012
16.6213
16.5842
16.4977
16.0704
16.0315
16.4673
16.5804
15.9048
15.8886
16.2064
16.3350
16.2432
16.3135
16.7588
17.0323
17.4535
17.1552
16.9394
16.9498
16.8028
16.3051
17.0752
16.6110
16.8114
16.8033
16.5425
16.7775
16.6629
17.0805
16.8034
17.2857
17.2984
17.1401
16.9686
17.2960
17.4959
17.4886
16.9441
17.4538
17.7376
17.6107
17.9998
17.6590
17.9078
17.1936
17.0184
17.0566
17.0394
16.5825
17.0599
16.0650
16.2364
16.7182
16.9705
17.4642
16.9828
16.5128
16.8951
16.7706
16.6589
16.5162
16.8223
16.6878
16.1772
15.9048
15.9133
15.4733
15.6909
16.1758
16.7544
16.6458
16.3774
17.5808
17.8305
17.1552
17.2899
17.0096
16.8815
17.1762
16.5567
16.9388
17.2259
17.0928
16.2548
16.8072
17.5267
17.0445
17.4252
16.8948
16.7209
16.7624
17.6211
16.8948
16.9290
16.8649
16.4101
16.8344
16.5781
16.5936
16.2946
17.0346
16.2382
16.5664
17.1225
16.7099
16.9695
16.1558
16.7393
16.1526
16.7199
16.5896
16.7146
16.4794
16.3325
16.5233
16.7426
15.8170
16.2486
15.8040
16.2394
16.4127
16.5200
16.8718
17.3391
16.9560
17.2413
16.9652
16.7320
16.7716
15.8638
16.6351
16.8652
17.6183
16.9720
16.9846
16.9168
16.7793
16.3887
16.3346
17.7661
17.7434
16.6740
17.0505
16.6196
15.4290
15.9353
16.1337
16.3665
16.8864
16.4089
16.0995
15.7527
15.4983
15.5671
15.5504
15.9537
16.5021
16.4865
16.1407
15.8172
16.7341
17.0943
17.0946
15.8876
16.7301
16.9997
17.3856
17.1746
16.3519
16.6750
16.7122
16.5852
16.4695
17.1410
17.3673
16.6243
17.2623
16.8360
16.6270
16.6912
17.1184
17.4444
16.2768
16.1951
15.9946
16.5943
16.4848
16.5630
16.6878
16.4220
16.5910
16.4003
16.2448
17.2100
17.2457
15.9237
16.0989
16.8976
16.4838
17.4839
16.3857
16.7309
15.4393
15.9256
15.0349
15.5895
15.4808
15.5378
15.8883
16.0510
15.8735
16.0187
15.6988
15.5306
15.7593
16.0724
16.2027
16.0686
15.7527
16.7308
16.1574
16.7069
16.8769
16.7300
16.6817
16.5333
16.4782
17.0950
16.0245
16.1866
16.1930
16.5006
16.9443
16.5681
16.7833
16.5585
17.4080
17.3179
17.6829
17.5433
17.4167
16.5242
17.0562
17.0964
16.5325
17.0061
16.9620
16.3268
16.0808
16.7565
17.1869
16.8901
16.6607
16.7991
17.6288
16.7826
16.5121
17.2415
16.4223
16.9443
15.8426
16.4274
17.0014
16.7091
17.3238
17.0662
17.3520
17.9658
18.4567
18.1974
17.6628
17.0674
17.4581
17.1575
17.3132
16.4873
16.7606
16.9278
16.8372
16.7497
16.3566
16.2655
16.3429
16.5185
16.5041
17.2656
17.0641
16.8436
16.7508
16.5384
17.8911
16.9187
16.3305
16.4523
16.6842
16.3010
16.6320
16.6734
16.9154
16.8093
16.8112
16.3096
16.9519
17.0317
16.9738
16.6871
16.0462
16.9437
15.9637
16.0570
15.7911
16.3848
16.0529
15.9894
16.2239
16.3303
17.3188
16.8232
16.3724
16.7503
16.6056
16.7005
16.4300
16.3427
16.9825
16.5128
16.3154
16.7407
16.3716
16.2568
15.9170
17.0951
16.9403
16.8392
16.2736
16.2832
16.6335
17.7816
17.6279
16.7827
17.1266
16.5172
16.9888
16.1881
16.3867
16.7396
16.8951
16.5180
17.2511
16.7981
17.0122
16.3476
15.8089
16.2253
16.2181
15.7805
16.5728
16.8583
17.0935
17.2494
17.2332
17.1319
16.8524
17.4281
16.1132
17.2462
17.3092
16.6827
16.5334
16.8486
16.2896
16.4396
17.0158
18.0137
16.5844
16.1796
15.9279
16.0480
16.2141
15.4035
16.2254
16.9486
16.0097
16.5842
16.4387
17.3350
17.0107
17.0939
17.1412
15.9636
16.2192
17.0505
16.3074
16.4952
17.7007
17.2595
16.8641
17.0340
17.0030
17.4648
17.0300
17.3915
17.4361
17.7094
17.2874
17.0657
17.4867
17.8279
16.8511
17.0396
16.7761
17.0418
16.8190
16.0786
15.8930
16.9017
17.8482
16.2600
16.5470
17.1941
17.0867
17.0215
17.6530
17.3619
17.1157
17.5074
17.6095
17.6700
16.7634
17.0524
17.8870
17.2114
16.3901
16.3005
16.9379
16.4889
16.5117
17.4386
16.5972
16.7275
16.1359
16.4356
16.7622
16.7949
16.8065
16.6598
17.2906
17.0974
17.4593
17.5464
17.1607
17.6185
17.9483
17.2283
16.3901
17.2881
17.3428
16.7902
16.3994
17.0454
16.8262
16.1872
16.8168
17.0587
17.2897
17.6347
18.0091
18.2927
18.2170
18.5129
18.4402
17.8643
17.9932
18.3801
18.1423
18.3142
18.0496
18.5504
17.5825
18.0972
17.6277
16.8701
17.5209
16.9037
17.6693
17.5102
17.7660
17.9179
18.9094
17.7717
18.6670
18.0663
18.0565
17.8595
18.5480
18.2217
17.5594
18.2686
18.4510
17.5492
18.1899
18.3780
18.6982
18.3198
18.1289
18.1168
18.4196
17.8965
17.8692
18.3713
18.5013
18.1560
18.7586
17.8512
18.2924
17.8961
18.8018
19.1820
18.8551
18.7082
18.9717
18.9373
18.6578
17.9117
17.7360
17.5411
17.8420
18.1598
18.9543
18.4557
18.3909
18.2653
19.1525
18.2490
18.9774
18.6582
18.8651
17.3824
17.5752
18.1050
18.1351
18.6079
17.4605
17.5147
18.1428
18.3750
18.1423
18.0706
17.5326
18.8587
18.8162
18.1228
18.2115
17.6845
17.8437
17.7790
17.8959
18.0010
18.2472
18.3677
18.1685
17.9943
17.6139
18.3522
18.2323
18.2076
18.0153
18.6241
18.3912
18.1837
18.1251
18.5590
17.9709
17.8395
17.7273
17.5292
17.2814
17.8452
17.6590
16.9764
16.5307
16.7127
16.4981
16.8250
16.7664
17.0338
16.0968
16.7213
16.9426
17.2636
17.6801
17.5185
16.6993
17.3817
17.6949
17.0756
17.6312
17.3562
17.4895
17.3395
17.5155
17.4134
17.1678
16.9194
16.7943
17.1460
17.3289
17.3488
16.3917
17.0657
16.9442
17.1696
17.8353
17.1941
17.0034
17.3194
16.8137
16.5521
17.0119
16.9003
16.9177
17.0063
17.5630
16.6707
15.9445
16.8329
16.9276
16.9806
16.6688
17.2671
17.7314
18.0434
17.0848
17.0908
16.8847
16.1750
16.0382
16.5870
18.0569
16.4427
16.4355
16.2507
16.5108
16.2795
16.5166
17.8107
17.1886
16.9056
17.1687
16.5328
16.9280
16.2798
16.2500
16.7280
16.4967
16.5343
17.0299
16.8799
17.0164
16.8334
16.6338
16.4470
16.6445
17.1605
17.5856
16.8424
16.9558
16.5702
16.8464
16.5809
17.6938
17.8496
17.5784
17.4854
17.5736
17.4087
17.1246
17.3185
17.7285
17.7295
17.4066
17.5805
16.9582
17.1910
17.2720
17.2847
17.2850
16.5526
16.2116
16.6667
17.1520
16.6468
17.2953
16.7953
15.8306
16.5319
16.1536
16.1743
16.5757
16.2612
16.4630
16.3059
16.0174
16.2151
17.1468
16.4056
16.6493
16.3833
17.1407
16.7983
16.5050
17.5218
17.2271
17.5436
16.8947
16.8898
17.0423
17.2660
17.6603
17.0498
16.0824
16.5398
16.5358
17.1196
17.6182
16.8385
16.4979
16.2755
16.3668
17.3337
17.1789
17.2444
16.9875
16.2203
16.0282
16.0102
16.0378
16.1167
16.3915
16.3891
16.5240
17.0422
17.1629
16.7330
16.2825
16.5704
16.3082
16.4664
16.7112
16.8173
16.8314
16.1589
16.7355
16.7989
17.2315
16.8925
16.8140
16.5993
16.2351
16.4077
17.1998
16.6022
16.8226
16.9941
16.5986
16.9429
16.8151
16.4911
17.1167
16.5381
16.2221
16.1652
16.3241
16.5892
16.3052
16.1533
16.9981
16.8786
16.6647
17.4888
17.1117
17.1416
17.2214
16.6861
17.3251
17.1211
17.0524
16.8726
17.1092
17.1303
17.5619
17.6339
17.3617
17.0379
17.2344
17.2362
16.9144
17.4357
16.9429
17.3270
16.3113
16.9105
16.9164
16.9689
17.1933
16.4083
17.3784
17.7471
17.1168
16.7259
16.4720
17.0746
16.6993
16.4361
16.8206
17.0701
16.5174
17.3151
16.6234
16.8468
16.6191
17.0304
17.0414
17.0925
16.5432
16.5428
16.9225
17.6920
16.8662
17.5389
16.9310
17.0222
16.8679
16.3543
16.7918
17.5532
16.7578
17.3527
17.8291
17.4635
16.8499
17.9535
17.2986
17.2741
16.5781
16.9783
17.3311
17.3786
16.2620
16.6505
16.7415
17.6163
16.9599
16.4360
17.0363
16.5885
16.8301
17.2620
16.3803
17.0942
16.9544
16.9060
16.0709
16.7076
16.5561
15.9588
16.9027
16.9866
16.2229
16.8856
17.1078
16.8019
17.2127
17.9605
17.3723
16.5640
17.3311
17.1358
17.1591
16.6799
16.9038
16.3815
17.4175
17.2270
16.7602
16.3741
16.4362
16.1607
16.5967
16.4670
17.1168
17.1208
17.3160
17.0091
16.8658
17.0571
16.5512
16.6561
16.2481
16.8899
17.2914
17.0823
16.7287
16.9861
17.3641
16.7253
16.8998
17.1970
16.7143
16.5157
16.9241
17.1597
16.8396
17.2105
17.8670
17.4595
16.7451
17.6283
17.5703
17.6950
17.4383
16.5015
17.7788
17.5300
16.7772
17.7865
17.6814
16.3936
16.9898
17.4542
17.1544
17.6607
17.6980
17.1123
17.3617
17.1454
17.2331
16.9743
17.4517
17.1753
17.7237
16.8577
16.9278
17.2500
16.8128
17.1340
17.3609
17.0958
16.8101
16.6056
16.3867
16.7441
17.1277
16.6015
15.9761
16.5917
16.7962
16.8917
16.1895
16.8196
16.9369
16.5716
17.2314
16.6087
16.3104
16.3065
16.1488
16.4228
16.9962
16.3404
15.4411
14.9996
15.6595
15.9497
15.6474
15.8276
15.3614
15.2037
16.7349
16.2331
15.4516
15.7759
15.2417
15.9846
15.5070
16.6687
16.5722
15.3759
15.2594
16.3092
16.3874
16.5315
16.5499
16.8131
15.6224
16.7227
16.5616
16.9923
16.5757
16.3312
16.7540
16.2859
16.1138
15.9671
16.5134
16.8941
16.1507
15.9342
16.6326
16.4068
15.7297
16.3703
16.4877
16.7668
16.4172
17.0849
17.8830
16.5837
17.0870
17.0459
16.7146
17.1330
16.7317
16.7588
16.2605
17.0979
16.7409
17.4864
16.7842
16.4344
15.9133
16.1854
16.3967
16.0591
16.8632
16.1872
16.5876
16.9301
17.2177
16.7261
16.0149
15.9171
15.9301
16.6527
16.2139
15.6601
16.5148
16.0502
16.5778
16.6840
16.8799
17.0465
16.4076
15.9817
16.4735
16.6166
15.6974
16.9569
16.2783
17.3216
16.7103
16.9775
16.5580
16.3097
16.1587
16.9606
16.4593
17.0655
16.8332
17.3802
17.0257
16.8741
16.7525
16.5850
16.7506
17.1597
16.5297
16.0544
16.2848
16.4032
16.1303
16.8632
16.4768
16.4053
15.4793
16.8609
16.2274
16.6703
17.3231
15.9062
