6.9997
7.9156
8.6093
8.7548
8.4042
8.5724
8.1785
7.8481
8.5552
8.2743
8.4196
7.7471
7.7373
7.4923
7.3022
6.9714
8.0584
8.0330
8.3247
9.5221
8.5850
8.8384
9.1095
9.0749
8.9284
8.1576
8.8119
9.4965
10.2558
8.4953
10.3059
8.6437
8.8272
8.4613
8.9530
9.3249
9.2842
10.3451
8.8872
8.8044
8.5180
8.4655
8.6731
8.2310
8.7403
8.5650
9.2990
8.7293
8.7610
9.6594
9.6040
9.8646
8.5327
9.1982
9.3790
8.6162
9.3669
10.0047
9.4249
9.6589
8.9894
9.9812
9.0588
8.9152
8.8449
9.4992
9.2124
9.2742
9.1201
9.3145
8.2215
9.2574
9.7418
9.4488
8.9218
9.9608
9.0061
9.0434
9.1813
9.6942
10.3355
11.1674
10.2834
9.6497
9.1035
10.2919
10.0371
10.5149
10.7226
10.2368
9.9459
10.8590
10.6485
10.2092
9.0880
9.2551
9.7116
9.0429
9.1868
9.2376
9.3823
9.4678
9.2053
8.7071
9.5212
9.0091
9.7655
9.5145
9.9300
9.2631
10.3118
10.4048
10.7267
10.2974
9.9190
9.9342
8.7752
8.8516
8.6369
9.2208
8.8989
8.3781
9.3399
10.0863
9.0086
8.9226
9.3871
9.9033
9.6886
9.3391
10.3038
8.6719
8.7370
8.7898
9.0671
8.9372
8.4771
9.3962
10.0515
8.6209
9.0975
8.8705
8.7861
9.0591
8.3632
9.0726
8.3873
8.7891
8.3841
8.4208
8.9613
9.1916
10.1832
9.3562
9.0116
7.9153
9.7519
9.1720
8.7060
9.4792
8.8738
9.3503
8.8905
9.5888
10.5079
10.2925
10.2864
9.7647
9.6248
9.3781
9.5147
9.3029
9.3688
9.6960
9.9074
9.4137
9.2683
8.4336
8.7692
8.4212
9.2357
8.8998
8.8347
8.6903
8.1115
8.0686
7.8243
8.2648
8.1778
8.1025
8.3799
8.6864
8.6820
8.6018
9.1819
9.9472
9.1978
8.9207
7.9679
8.9819
8.3716
8.8374
8.5774
7.9263
8.7086
9.0868
7.9730
7.9367
7.8171
7.5229
7.5978
7.2709
7.5750
7.6490
8.1721
8.2316
8.8991
8.7980
9.2170
9.2437
8.6485
8.8965
8.7221
8.7238
8.2697
8.6163
8.3200
8.6856
7.6118
8.0579
7.7083
8.3043
7.3124
7.6866
7.1931
8.3409
7.7871
7.7603
7.5391
7.5234
8.2507
8.7979
8.2069
8.6817
8.2089
8.3333
8.8118
8.7559
9.0632
8.8323
8.8876
8.7849
8.5706
9.2410
9.0239
8.9060
9.6764
8.3676
8.3543
8.4074
8.6843
9.1203
9.3481
9.1636
8.8328
9.1069
8.9082
8.0813
8.3410
8.8827
8.3217
7.8260
8.5475
8.7717
8.3574
8.8050
8.4660
8.6431
8.6843
8.6063
8.2867
7.2736
8.0543
8.3034
8.5073
7.6825
7.9637
8.1767
7.9061
7.8855
7.9125
8.0395
8.0905
8.0835
8.8370
7.8897
8.6914
8.9673
8.3309
8.4168
8.1759
8.3538
8.7931
9.3636
8.8474
8.1610
7.8418
8.1533
8.6229
8.3115
8.7281
8.4206
8.4138
8.5062
9.5228
9.1423
8.5509
9.4268
8.7500
8.1292
8.8617
8.7614
8.3141
8.6264
8.6866
8.4493
7.6820
7.9635
7.3397
7.7742
7.2808
8.2350
8.4489
8.8871
8.2900
7.3496
7.2789
8.1039
7.9782
7.9554
7.3479
7.2398
6.8459
6.6656
6.4814
7.0752
6.8846
7.5179
7.5480
7.0150
6.7554
6.6443
6.5011
6.7989
7.1897
7.1061
7.2320
8.1575
8.1019
7.7795
7.3914
7.4658
7.1806
7.6190
8.1314
7.7820
8.3879
8.8942
7.9143
7.6846
7.8220
7.1086
6.7509
6.9530
7.2902
7.6167
8.1221
7.8183
8.2320
8.0910
7.5304
8.4678
7.5781
7.8648
7.2373
7.0423
6.9067
7.6281
7.4953
7.1476
7.2687
7.4863
7.3844
6.6631
7.5450
7.6633
7.1879
7.4393
7.4674
7.4640
6.7413
6.6531
7.3745
7.6864
7.9284
7.2854
5.7853
5.6910
6.3398
6.8066
6.8258
7.0661
6.4216
6.2425
5.8576
5.6452
5.2737
5.4857
5.8056
5.7503
5.9324
6.1405
6.7396
5.9900
5.8861
5.6323
5.7743
6.3430
6.5833
6.1853
7.0736
6.5897
6.8114
6.6843
6.5665
7.0041
6.0030
5.9809
7.0332
6.2025
6.4444
7.4513
7.0298
7.9070
7.0403
7.7261
6.6164
6.8552
5.6507
6.8699
7.3035
6.9887
7.6718
7.8529
7.1344
5.6839
6.2894
5.9234
6.5741
5.6032
5.5907
7.0390
7.3529
6.5912
6.8268
6.3810
6.5112
5.7334
5.4984
5.8319
5.6308
5.4152
5.4997
7.0201
7.2632
7.4429
6.8856
6.6564
5.9592
7.0100
7.4751
5.7760
5.8864
5.8767
6.4608
5.9228
5.7110
6.8350
5.4984
5.4034
6.2834
6.1249
6.1908
7.6280
8.4468
8.1687
7.6167
7.1709
7.1632
7.4582
7.2043
7.8773
8.6050
8.2505
9.5524
9.7024
9.5858
7.5038
8.8462
8.0995
7.9491
7.7178
8.2743
7.4744
7.0918
7.2413
6.7412
7.0370
6.5524
6.9500
7.5066
7.1479
7.8061
8.2950
7.5039
7.0166
7.3443
7.0639
8.3307
8.1188
7.3211
6.8941
7.1809
6.4629
6.7679
6.6030
6.9040
6.9022
7.4133
7.4274
8.5086
9.2150
9.0337
8.2327
7.1892
6.8343
5.7364
4.9955
5.8011
5.2728
5.7274
5.7256
6.1828
6.0552
6.6792
6.8631
6.1384
5.5247
5.3180
5.0491
5.1455
6.2895
5.0514
5.5481
4.9484
4.8733
4.4470
5.0046
5.1827
4.3746
4.3528
5.0855
4.8673
5.0387
5.1494
5.5518
5.5810
4.7263
4.9475
4.5903
4.8333
5.1116
5.3812
5.6972
5.1269
5.3589
5.7477
5.3894
5.7588
5.6649
7.1797
7.1085
6.7394
5.8335
6.2703
6.1443
5.4997
5.0064
6.9377
5.8680
8.0024
7.7331
8.3393
7.8665
7.1674
7.9684
8.8181
8.4167
7.2346
7.1788
7.3629
7.0658
7.1919
7.4812
6.8013
7.3796
7.6216
6.3616
5.5573
6.3733
6.1344
7.0263
6.2513
7.6419
7.6064
6.7204
6.7723
7.9648
6.4252
5.2045
6.3456
6.1851
7.3011
8.1839
8.6448
7.9459
7.5688
7.4901
8.9406
8.5284
8.8629
8.5252
7.3711
7.6874
7.3209
7.0000
7.0625
7.2019
6.8679
7.3028
6.4146
6.7955
7.2365
6.6541
7.1410
7.7376
8.6023
7.9129
10.1263
10.2421
10.5674
12.4967
10.5464
10.3409
10.7812
11.2082
10.9186
11.7968
11.1778
11.6792
11.7787
10.5487
10.1493
10.3447
9.1698
8.6594
9.3044
8.4038
8.6414
8.4867
8.7552
8.7557
8.0298
8.0976
7.8284
8.2641
6.4929
7.0929
7.4307
8.3032
8.4593
9.1677
8.6399
8.0181
7.9025
8.4189
7.9728
6.9335
6.7978
6.5239
7.0952
6.8257
6.6691
7.6509
8.1751
9.3226
9.1985
9.2732
8.3876
7.8346
9.0964
7.5630
7.4659
7.0727
6.5561
7.1458
6.8678
7.6798
6.1897
6.0909
5.7677
6.2181
6.1913
5.9602
6.0039
6.9083
6.5514
7.5732
6.8167
6.2882
6.6371
5.8908
6.3595
5.8126
6.5365
6.2155
5.7741
5.6610
5.5864
5.6911
6.0838
6.1051
6.5978
5.9631
5.8872
8.0366
7.7805
7.5270
7.3308
7.2610
5.8849
5.7361
5.5428
6.6698
7.2110
6.4673
6.2048
7.0765
7.3819
7.8175
7.7380
6.9535
6.4741
6.2175
7.0761
7.4201
7.5908
7.5596
8.5709
8.1611
7.4076
8.8405
9.3219
10.4305
11.2957
11.3224
11.8599
13.2233
13.7585
13.2312
12.9582
13.2153
11.5422
11.3280
12.6423
12.4855
13.2309
13.9925
13.8872
14.0312
13.1240
13.2953
12.9671
13.7588
13.3111
13.9649
13.9475
12.7976
12.3686
13.3865
13.1356
11.6689
13.3998
14.2864
13.1993
13.4729
13.0458
15.3524
13.1786
11.8025
13.6006
12.2065
13.8022
13.2213
12.6823
13.2865
13.9302
12.8483
14.6611
14.7088
13.6998
14.4451
14.5774
14.4321
13.9036
12.2063
12.0487
10.9492
10.1207
9.2062
8.9861
7.7523
8.4844
10.0126
9.1474
8.6559
9.3550
10.9064
9.0267
8.7679
8.4681
8.5582
9.0385
9.5761
7.9122
7.0354
6.6631
7.2389
6.5750
7.6317
7.8660
7.9200
7.2635
7.1973
6.8678
9.0737
6.3430
6.2395
6.1572
6.3312
5.7452
6.2300
6.0038
6.5814
7.5653
7.5851
6.9741
8.1528
9.1158
7.9908
7.2413
7.1339
8.1730
7.6583
6.5036
6.9324
8.1724
8.3453
8.3501
9.0837
8.2953
8.6665
8.8032
7.9102
7.8368
8.8730
8.9951
8.1492
7.5518
7.0473
7.3298
7.7446
7.7933
7.4390
6.5323
6.7698
7.2216
7.7278
6.8277
7.4799
7.9516
8.0612
7.8448
8.3961
8.8175
10.9283
10.0014
10.0376
10.1272
9.4302
8.8489
9.0276
9.7107
9.5738
9.6359
9.1279
7.8807
8.0877
8.6293
7.7913
9.8219
9.0854
9.6774
9.1136
7.6908
9.2811
10.3299
11.8090
11.3293
12.1776
11.9451
11.9895
13.5771
14.9933
14.7234
14.2108
12.8485
12.7474
13.5354
13.2544
13.2574
13.4328
12.9869
12.6953
12.8078
13.0249
13.4030
13.1231
12.3249
12.6254
12.2135
14.1306
13.0809
13.9294
14.2267
13.6084
13.6966
13.7545
13.3089
11.9110
11.5013
12.5104
12.2169
11.5769
12.8089
12.3428
11.4581
10.5441
11.7130
10.9154
10.1209
10.3167
9.7576
11.3024
9.8474
12.0431
10.6851
9.5979
9.7005
10.9876
10.1419
11.4744
12.4743
10.7075
7.9261
8.0805
8.7333
9.5338
8.5204
7.8448
8.7161
9.0574
9.2449
8.4845
8.4751
7.8361
8.5333
9.0995
10.1731
10.0712
10.4883
10.7214
10.0348
11.0170
10.7927
10.1880
10.8163
12.2039
11.4208
12.1584
11.1730
11.1160
9.3136
9.8913
10.7365
9.8314
9.3315
9.0591
8.6253
8.2988
8.7623
8.1514
8.2680
9.6085
8.7497
10.0405
11.3390
11.3781
10.0150
11.5745
12.9635
12.5176
11.8656
11.4157
11.3532
12.8007
13.2625
13.4103
13.5858
13.2365
14.4224
15.3228
14.4380
14.6560
13.8424
14.1265
14.1842
15.5090
14.1373
14.4739
14.5820
14.8532
14.9104
14.9820
15.0716
14.9498
14.7783
15.1012
13.9508
14.1640
12.9245
13.5701
13.7359
13.9904
14.3559
13.9488
13.9675
14.8038
14.3774
15.1310
14.8367
15.4002
15.3812
15.8879
15.1747
15.0946
15.3436
14.8860
15.4497
14.9401
14.8208
14.4000
14.1984
14.1850
14.2979
14.7677
15.3048
15.3203
15.2910
15.6053
15.3973
15.0755
15.3269
15.1026
15.0823
15.4557
15.2713
14.9181
15.0720
14.9157
14.9634
15.0587
14.8508
14.5080
14.3534
14.6228
14.6557
14.5350
14.2979
15.0080
14.3590
14.6445
14.6761
15.1169
15.0292
14.9543
14.7476
15.1564
14.6694
14.8440
14.7439
14.7542
15.3356
15.4498
14.9300
15.1200
14.6667
14.7965
14.8169
15.0448
15.0386
15.1102
14.9231
14.6019
14.8641
15.4667
15.2548
15.1506
14.9070
14.8419
14.9692
14.7097
14.6364
14.7375
14.8136
14.8888
14.8883
15.4906
15.0164
14.9922
14.7495
14.8202
15.1965
14.9513
14.4377
14.3123
14.4969
14.7378
14.6684
14.8377
15.1595
14.7160
14.8593
14.9999
14.8626
15.1310
14.6927
14.7694
14.8178
14.8155
14.8046
14.5782
14.6301
14.8665
14.8374
14.6346
14.8847
14.5317
14.5076
14.5781
14.4933
14.3397
14.1256
14.2455
14.0305
14.1211
14.1582
14.2252
13.8824
13.9806
14.5311
14.1069
14.6470
14.5325
14.1845
14.5761
14.7297
15.6757
14.8362
15.3277
15.2651
14.9616
14.9075
14.6882
14.7343
14.8663
15.8115
15.3127
15.3339
15.3862
15.3089
15.3788
14.8988
14.4512
14.6341
14.6150
14.4037
14.2684
14.9735
14.9646
14.6622
14.8064
14.9412
14.7794
15.4099
15.6438
15.4913
15.1833
14.8897
15.3151
15.3447
15.3831
15.1818
15.0972
15.2799
15.5213
15.4641
15.6786
15.6951
15.4654
15.7385
15.3041
14.9764
15.1830
15.3007
15.1255
15.5044
15.0982
15.4415
15.5172
15.2992
15.0074
15.4014
15.7344
15.1550
15.5503
15.9305
15.6560
15.7698
15.6073
15.4427
15.4883
15.2339
15.0627
15.4436
15.6043
15.5749
15.5427
15.5929
15.0650
15.2990
15.3940
15.8380
16.0183
15.4558
15.8379
16.0099
15.3136
14.7857
14.5299
14.4392
14.5767
14.4403
14.6259
14.4619
14.8451
15.2407
15.1939
14.6176
14.4908
14.6686
14.9140
14.6684
14.6575
14.2347
14.8254
15.1160
14.2162
14.8019
14.8699
14.7139
14.5808
14.9482
14.5971
14.9868
15.2110
15.0923
15.7162
15.3376
15.0703
14.9125
15.3693
16.4727
16.6689
16.0217
16.2694
15.8205
16.2731
16.0031
15.7405
14.6801
13.7383
14.9598
14.8298
14.3624
13.9693
14.3754
14.9355
14.7316
14.8868
13.8798
14.5782
14.9977
14.9353
13.5914
13.1346
13.3034
12.1334
12.2362
13.9931
12.0531
11.7052
12.5451
13.1844
12.5708
12.4258
13.2518
12.9249
13.0018
13.1566
13.5903
13.8050
14.0372
13.1004
12.3868
13.1442
14.2610
14.8105
14.6032
15.4003
16.2194
15.3026
15.3228
14.4766
15.3062
15.2664
15.0136
14.8745
14.6206
15.2912
13.9256
13.9693
13.2207
12.4430
11.7370
12.5932
11.8005
12.3797
12.3135
11.9738
13.0248
13.9064
14.1390
14.1609
14.7124
14.7729
14.8461
15.0204
14.7698
14.3239
14.6679
15.8371
15.2315
14.9941
15.2511
15.2045
15.2070
15.8707
15.1387
14.5699
15.5632
14.9273
14.6094
15.3781
16.0389
16.0405
15.7243
16.2708
15.9354
15.5445
15.5214
14.9043
15.8745
15.5815
15.7228
15.5039
15.3960
15.9898
16.1282
16.3008
16.0057
16.1132
15.7899
15.9981
15.4728
15.9048
15.8481
15.6133
15.8071
16.2612
15.7933
15.7300
15.7636
15.5592
15.0549
15.4084
16.0254
15.9469
15.9053
15.6287
15.8460
15.9106
15.7618
15.3968
16.2203
16.8772
16.8263
17.0260
17.2759
16.9584
16.7275
16.9966
16.5750
16.7017
16.3635
16.4274
16.4994
16.6373
16.5672
16.7227
16.2327
16.4670
16.8944
16.8287
16.7697
17.0720
16.9093
16.4335
16.4427
16.4757
16.2412
16.4082
16.4340
16.3735
16.3561
16.2932
16.5154
16.7805
16.3626
16.2997
16.5081
15.7026
16.2240
16.4758
15.8044
16.2689
15.5844
15.5251
15.2943
15.8457
15.8073
16.0487
15.3054
15.4532
15.2719
15.9221
14.7884
15.6946
15.9283
15.6830
14.8692
15.3515
15.4417
15.3287
15.4227
15.1079
15.4179
15.6154
15.1968
15.0729
14.9234
15.6136
15.9399
15.6077
15.7101
15.3688
15.3864
15.7192
15.4847
15.6165
15.0796
15.4300
15.4794
14.9544
15.5308
15.3757
15.7436
16.1159
15.9262
16.2074
15.9700
16.0214
15.6342
15.3559
15.4276
15.3239
15.2649
15.4150
15.9429
15.6891
15.9433
16.0997
15.9797
16.0161
15.9946
15.5482
15.6162
15.8648
15.9920
15.9223
16.2406
15.8125
16.2682
15.5955
16.0901
15.8416
15.8241
15.6526
15.8710
16.3889
15.9341
15.4707
15.8896
15.5661
15.8946
15.3324
15.6987
15.0542
15.4167
15.3210
14.1958
14.5038
14.3013
14.2885
14.3531
14.4958
14.9574
15.1901
15.8509
15.5584
15.9061
16.2678
15.7014
15.2612
15.4461
14.4453
14.3160
14.4171
15.0607
14.7094
14.1636
14.3058
14.7003
15.0874
15.1850
15.1398
15.0400
15.1447
15.0750
15.2573
15.3628
15.6956
15.7744
15.2857
15.2781
15.8185
16.0317
16.0816
16.0775
16.2906
16.1293
15.9373
15.6130
16.3430
16.4542
15.9457
17.1795
17.0577
16.9686
17.1801
16.8194
16.9364
16.6448
16.2082
15.8155
14.6489
15.7898
15.1836
15.3543
15.0841
15.1078
14.8728
15.2846
14.2724
14.2844
14.4416
13.5785
12.7910
12.7149
12.3069
12.8604
12.3017
12.0880
11.8995
11.9541
12.0389
12.2716
11.2727
11.9194
11.5919
12.8707
13.3675
12.5815
12.2258
12.2019
12.5840
13.9435
12.7280
11.9512
11.1604
12.2799
11.6346
11.6402
11.7986
12.2941
12.1319
11.6718
12.1899
12.0118
12.0188
12.3837
12.3269
12.0649
12.0728
12.0931
11.9248
11.8976
11.7401
11.7628
11.9336
12.2688
11.6083
12.2012
12.0532
11.5592
12.1134
12.3250
12.5521
13.0876
13.3315
13.8957
13.1862
13.4712
14.0210
14.9240
14.4878
14.1538
13.8987
13.9903
13.8109
14.4876
14.4039
14.6315
14.7401
13.8616
14.0256
13.9303
14.3667
14.3401
15.1580
14.3562
14.6821
14.0809
13.9682
13.4219
13.9640
13.6741
13.6513
13.8277
14.0082
13.7922
13.7595
13.6521
14.1452
14.0860
13.9798
14.0088
14.1015
14.7024
14.5655
14.6774
15.3018
15.1218
15.2384
14.6335
14.0464
13.3961
13.9755
14.5737
14.2025
14.4638
14.1164
14.6627
13.9101
14.5329
13.9859
14.7885
15.1980
14.9950
14.6529
14.8175
14.9500
14.6704
14.7462
14.7360
14.7380
14.8386
14.4802
14.8819
14.9178
14.6647
14.6959
14.3619
14.6372
14.5503
14.6952
14.4570
14.5493
14.8190
14.9925
14.5511
14.7349
14.4619
14.6660
14.7430
15.0343
14.7090
14.6479
15.0198
14.9690
14.9987
14.8176
14.8476
14.7028
14.3710
15.1024
14.8886
14.9103
14.7123
14.6155
14.6911
15.2193
14.8064
14.9347
14.8036
15.0541
14.9726
14.7082
14.6158
14.4920
14.7613
14.8961
15.0649
15.2881
14.8278
14.8964
14.8171
14.7023
15.1401
15.1826
14.9767
14.6348
15.0326
14.6305
15.0653
15.0071
15.1022
14.8603
14.8438
14.8718
15.1349
14.7732
14.9558
14.7366
15.0597
14.6232
15.0865
14.7661
15.1271
14.6343
14.9385
15.0098
15.0274
14.8431
14.8488
14.9015
14.9394
14.8354
14.6756
14.9859
14.8710
14.8497
15.0252
14.9146
14.9954
14.7342
14.5916
15.0415
15.1463
14.9718
14.5942
14.7836
14.9462
14.9910
15.2478
14.9935
14.3255
14.4952
14.5133
14.7685
14.6150
14.6165
14.4011
14.6492
14.7678
14.6653
14.6404
14.4176
14.6085
14.4584
14.6179
14.4844
14.7216
14.6437
14.5705
13.9988
14.0807
14.2369
14.3133
14.4908
14.8203
14.5106
14.6058
14.4998
14.7504
14.8925
14.8473
15.0664
14.8624
14.6359
14.9323
14.2222
14.6083
14.7393
14.2452
14.7158
14.7765
14.4927
14.7994
14.6258
14.6938
14.5135
14.5414
14.6295
15.2634
14.5948
15.0227
14.7904
14.6558
14.5676
14.6418
15.1812
15.1727
14.9998
15.0938
14.8998
15.2338
15.0199
14.7695
14.6371
14.6498
14.2416
14.9213
15.1458
15.2362
15.1262
15.0584
15.0019
14.8394
14.9549
14.9089
14.7444
14.7806
14.5003
14.8944
14.9979
14.7559
15.0674
14.4211
14.9845
14.9499
14.8280
14.7917
14.4889
14.7697
14.4717
14.7671
14.6309
14.5915
15.1639
14.6790
14.4370
14.5628
14.4180
14.4816
14.7290
14.6840
14.8490
14.6097
14.4422
14.5420
14.8828
14.5037
14.5358
14.7489
14.8184
14.6461
14.6160
14.5528
14.5847
14.6274
14.7394
14.5487
14.4059
14.2064
14.6513
14.3671
14.6790
14.2932
14.3868
14.5399
14.4520
14.3655
14.5241
14.7186
14.7169
14.6388
14.4955
14.6921
14.5252
14.6459
14.5664
14.6045
14.4536
14.6291
14.7917
14.7758
14.9151
14.1180
14.4345
14.5732
14.4078
14.3460
14.6842
15.0591
14.7806
14.5799
14.2088
14.6671
14.2973
14.5235
14.6118
14.7292
14.4620
14.7230
14.6257
14.4172
14.2269
14.2643
14.7926
14.5934
14.7266
14.9097
14.7707
14.6732
14.6674
14.8519
14.7077
14.1052
14.8062
14.5530
14.3642
14.6452
14.6665
14.4561
14.6418
14.6331
14.7266
15.0828
15.2178
15.0414
14.6886
15.0693
14.6346
14.6386
14.5350
14.5773
14.3246
14.7926
14.6732
14.4793
14.8702
14.9493
14.6383
14.5847
14.6313
14.6589
14.9040
14.5418
14.2373
14.5355
14.1943
14.7157
14.7303
14.6189
14.5591
14.3986
14.6874
14.7289
14.4705
14.3651
14.6427
14.6354
14.4691
14.4918
14.5291
14.8719
14.6998
14.7116
14.7141
14.3838
14.5174
14.6663
14.3894
14.6316
14.6511
14.6358
14.4591
14.8763
14.3850
14.6133
14.7359
14.7970
14.7009
14.5132
14.5902
14.7441
14.5647
14.5697
14.9084
14.4890
14.4709
14.4617
14.3023
14.5288
14.3139
14.6242
14.3711
14.6335
14.9192
14.8241
14.8914
14.6922
14.2839
14.2667
14.0072
14.3690
14.1407
14.1482
14.3687
13.9565
14.4562
14.6214
14.4174
14.4845
14.5590
14.2585
14.1663
14.3967
14.3078
14.3726
14.1729
14.2510
14.1948
14.1461
14.4455
14.3031
14.3165
14.4720
14.1873
14.4839
14.8138
14.2696
14.3140
14.4201
14.4942
14.6266
14.6903
14.2327
14.4421
14.4666
14.6148
14.2975
14.7867
14.4539
14.3040
14.4633
14.4047
14.3479
14.4525
14.6620
14.4855
14.5154
14.6585
14.4387
14.4300
14.4933
14.4787
14.4289
14.3918
14.1304
14.0818
14.3779
14.4935
14.3339
14.2726
13.9577
13.9639
14.2943
14.3264
14.3498
14.3883
14.6003
14.5771
14.4396
14.4852
14.7889
14.4838
14.4749
14.3136
14.3469
14.5416
14.5375
14.3582
14.5249
14.6470
14.5689
14.6049
14.4072
14.3080
14.4379
14.4037
14.2288
14.4799
14.4719
14.5038
14.7163
14.4956
14.0863
14.4247
14.4165
14.4277
13.8222
14.3559
14.6689
14.7819
14.0398
14.6365
14.5909
14.3100
14.3780
14.4643
14.4192
14.1679
14.1225
14.0749
14.5225
14.4062
14.5403
14.4365
14.3636
14.3266
14.3861
14.6490
14.6554
14.7265
15.0068
14.5325
14.3773
14.6173
14.4544
14.5832
14.6203
14.9729
14.7427
15.0591
14.7252
14.2050
14.6578
14.4997
14.9311
14.8187
14.8318
14.7115
14.6589
14.8199
15.3768
15.0650
14.3560
14.5275
14.7289
14.5111
14.9958
14.5933
14.4906
14.8128
14.5266
14.6576
14.3022
14.7438
14.8793
14.7648
14.5735
14.7066
15.0320
14.9264
14.6103
14.5651
14.3688
14.6414
14.6775
14.8831
14.6741
14.5913
14.4403
14.3804
14.2211
14.3307
14.8219
14.6198
14.5294
14.8289
14.6850
14.5517
14.5240
14.5635
13.7217
13.7691
14.1602
14.3234
14.6543
14.5007
14.6317
14.4342
14.7251
14.7393
14.3200
14.8345
14.4171
14.3437
14.4965
14.8121
14.7976
14.8838
14.7430
14.6215
14.9673
14.7661
14.9086
15.1818
14.9329
14.5204
14.9123
15.1581
14.9461
15.2265
15.0567
14.7460
15.0387
14.9194
14.8848
14.9656
14.7052
14.9330
14.8932
14.9636
14.7291
14.7506
14.7088
14.6833
14.6606
14.8088
14.8095
14.8502
14.7031
14.4338
14.9851
14.7467
14.7099
14.7433
15.0817
14.6528
14.7548
14.6796
14.2390
14.3136
14.4028
14.1330
14.3264
14.5445
14.7026
14.8929
14.7412
14.5269
14.3469
14.7093
14.9400
14.5718
14.5686
14.7516
14.7214
14.6576
14.7397
14.5903
14.6827
14.7143
14.6516
14.7919
14.5956
14.5911
14.5962
14.6461
14.7315
14.5900
14.2935
14.8055
14.7273
14.6386
14.7818
14.8998
14.6159
14.6629
14.7255
14.3425
14.6620
14.6092
14.4744
14.4414
14.6639
14.2503
14.7729
14.6904
14.5076
14.5275
14.5939
14.6141
14.7174
15.0511
14.6150
14.5208
14.6845
14.7051
14.7833
14.8600
14.2525
14.7828
14.5887
14.7574
14.2819
14.5897
14.1959
14.7383
14.7613
14.5544
14.2870
14.7333
14.6445
14.5972
14.5858
14.6985
14.6648
14.4842
14.8535
14.6778
14.5398
15.1180
14.9862
14.6886
14.8816
14.8298
15.2854
15.0811
15.1141
14.9352
15.1260
14.8713
15.0013
14.8720
14.8784
14.7558
14.8487
14.7439
14.5706
14.4309
14.8672
14.8583
15.1290
14.5332
14.9826
14.6849
14.8284
14.9075
14.9479
14.6692
15.0752
14.8042
14.9735
14.8618
14.4202
14.8268
14.9461
14.9662
14.6792
14.4445
14.5830
14.6465
14.9063
14.2514
14.2757
14.5441
14.5274
14.7142
14.6773
14.5790
14.5997
14.7071
14.6226
14.5881
14.8371
14.7362
14.4137
14.6685
14.6692
14.6257
14.7101
14.5903
14.6082
14.7078
14.3903
15.0867
14.7918
14.5954
14.8933
14.8644
14.8472
14.3625
14.5896
14.3112
14.5100
14.9260
14.5587
14.5640
14.5706
14.4780
14.5260
14.6902
14.8131
14.8016
14.7102
14.5310
14.6248
14.7032
14.3221
14.4850
14.1863
14.0756
14.4239
14.2303
14.2119
14.4395
14.3426
14.3748
14.0609
14.3626
14.4052
14.4242
14.5407
14.3984
14.4250
14.2232
14.4494
14.2376
14.2634
14.5784
14.4806
13.9207
14.3693
14.8462
14.2314
14.4816
14.7749
14.2803
14.8005
14.7217
14.6905
14.6479
14.7835
14.8038
14.7242
14.6575
14.6771
14.7810
14.6470
14.5137
14.4795
14.5446
14.9481
14.3419
14.1739
14.2410
14.3037
14.9336
14.7500
14.7733
14.7157
14.4811
14.6790
14.6476
14.7878
14.4633
14.6084
14.2990
14.6922
14.6880
14.6157
14.9089
14.5162
14.7168
14.6320
14.6268
14.6858
15.0113
14.6114
14.8635
14.6672
14.7857
14.8199
14.7687
15.0957
15.1287
14.6335
14.8707
14.7513
15.0139
14.8126
14.8834
14.9826
14.9081
14.7654
14.5857
14.8336
14.5795
14.6882
14.3935
14.8967
14.7055
14.7517
14.5404
14.6028
14.5648
14.6047
14.9015
14.6727
14.6831
14.6680
14.4978
14.3168
14.5484
14.3764
14.4865
14.5291
14.6823
14.5234
14.8138
14.9112
14.5806
14.7175
14.9370
14.9231
14.9404
14.8154
14.8505
14.8176
14.5278
14.6665
15.0155
14.6347
14.7089
14.7955
14.5928
14.4590
14.5152
14.5224
14.4703
14.5709
15.0130
14.7619
14.8256
14.6569
14.8001
14.9230
15.0636
14.7819
14.5421
15.0272
14.8020
14.7057
14.7923
14.9608
14.9360
14.8911
14.8407
14.6002
14.7588
14.9197
14.5678
14.3367
14.5836
14.5452
14.6103
14.8605
15.1968
14.5662
14.4367
14.3963
14.6153
15.0304
15.0586
14.7718
15.5112
14.9402
15.3215
14.8880
15.0763
15.2646
15.0485
14.9706
14.9811
15.3071
15.2121
14.7972
14.8251
14.9871
14.9209
14.9520
15.0781
14.6343
14.9690
14.8550
14.8143
14.7462
14.9483
14.9063
14.6318
15.1061
14.6305
15.1068
15.3086
14.5801
14.7016
14.5165
14.7836
15.2989
14.9062
14.7676
14.8614
14.8297
14.9643
14.6574
14.8505
14.5443
14.7050
14.7558
14.7510
14.4004
14.7585
14.5822
14.6007
14.5649
14.2310
14.7571
14.9998
14.7509
14.5808
14.8906
14.8261
14.6853
14.9057
14.8247
14.8651
15.3334
15.1283
15.1846
14.9410
15.3908
15.1449
15.0466
14.8220
14.8134
15.1061
14.9800
14.9386
14.9099
14.7213
14.8674
14.4726
14.8008
15.3257
15.0279
15.1740
14.9929
15.1173
14.8523
14.7748
14.9228
15.2599
14.8145
14.8287
14.6022
14.9102
14.9981
14.9968
14.8340
15.0600
15.3146
15.0660
15.6231
14.6825
14.7861
14.5672
14.8788
14.8024
14.3200
14.7380
14.6053
14.5395
14.4450
14.4653
15.0146
15.1910
14.9322
14.9146
15.1187
15.5491
15.1710
15.1618
15.4739
15.1838
15.2661
15.3032
15.3899
15.6415
15.5466
14.9148
14.9068
14.9560
14.6615
14.6551
14.5606
14.7384
14.4800
14.6276
14.5219
14.5750
14.4588
14.6279
14.5254
14.7633
14.6841
14.7286
14.7961
14.5984
14.6470
14.6725
14.6491
14.8661
14.6368
14.7707
14.8243
14.3303
14.7282
14.5546
14.5692
14.6943
15.3609
14.4985
14.6481
14.5400
14.8857
14.3154
15.0555
14.7184
14.3792
14.7949
14.8506
14.6536
14.6554
14.5665
14.4548
14.3240
14.6953
14.7360
14.4406
14.4862
14.3023
14.3952
14.6708
14.6678
14.3747
14.5582
14.8365
14.6879
14.6708
14.5658
14.5889
14.3870
14.3985
14.7661
14.6031
14.7965
14.5398
14.6110
14.9798
14.8233
14.6339
14.5957
14.6059
14.6282
14.8408
14.5549
14.6401
14.8560
15.3250
15.1266
14.5648
14.8156
14.5774
14.3342
14.5541
14.7020
14.7527
14.5911
14.7421
14.9994
14.3898
14.3646
14.8998
14.2434
14.2554
14.5933
14.5701
14.4703
14.7026
14.0965
14.7660
14.6637
14.7912
14.5079
14.9366
14.5279
14.8388
14.8883
15.0046
14.4730
14.5908
14.5921
14.6140
14.9948
14.5218
14.5823
14.6659
14.7038
14.4717
14.5504
14.1935
14.3114
14.6431
14.7279
14.7929
14.2297
14.1827
14.4799
14.7898
15.2234
14.7741
15.1019
15.1758
15.4325
14.8916
14.7047
14.3927
14.7352
14.6046
14.7650
14.4934
14.6471
14.5822
14.9901
14.6556
14.6698
14.5513
14.6914
14.4137
14.4931
14.7471
14.4862
14.4523
14.3560
14.5354
14.6875
14.6012
14.6206
14.2856
14.2650
14.5075
14.7990
14.9881
15.0296
14.7396
14.2389
15.0827
14.8899
14.4392
14.5995
14.5118
14.4141
14.6675
14.8588
14.5856
15.0555
14.5576
14.6389
14.6085
14.4464
14.4084
14.5097
14.7191
14.1864
14.8599
14.5214
14.4462
14.6200
14.6185
14.7267
15.2033
14.6467
14.8407
14.6686
15.1571
15.1283
14.8569
14.6704
14.6864
14.7032
14.8257
14.4359
14.5807
14.5221
14.3376
14.5665
14.6269
14.4211
14.8318
14.8239
14.8734
14.8145
14.8295
14.4523
14.6020
14.7968
14.9529
14.6334
14.9063
14.4803
14.5958
14.4503
14.4021
14.1614
14.8487
14.8682
15.0096
14.9016
14.9016
14.8806
15.0440
14.4802
14.4346
14.5377
14.8100
14.6635
14.6531
14.3686
14.4021
14.3162
14.3270
14.5098
14.7082
14.8297
14.6982
14.2462
14.5040
14.4637
14.3221
14.4737
14.5172
14.3802
14.1154
14.2146
14.4145
14.4104
14.2458
14.5712
14.1810
14.1821
14.5934
14.2913
14.4469
14.5323
14.5793
13.9629
14.0421
14.4162
14.5132
14.4150
14.7851
14.4867
14.4243
14.5869
14.8951
14.8749
14.2978
14.2077
14.6292
14.4554
14.4703
14.6767
14.7732
14.9553
14.7371
14.9052
14.5508
14.5032
14.4449
14.6099
14.5194
14.0152
14.3673
13.9490
14.4516
14.3552
14.7220
14.4949
14.1229
14.3072
14.1940
14.4568
14.7903
14.6067
14.7437
14.6362
14.5213
14.5393
14.3790
14.3600
14.6305
14.2337
14.8716
14.5171
14.1912
14.6756
14.5694
14.7700
14.7977
14.5924
14.2086
14.4706
14.3193
14.6738
14.8651
14.7873
14.4309
14.7464
14.4634
14.5836
14.9139
14.6143
14.5318
14.5611
14.4011
14.5457
14.9006
14.9458
15.0467
15.1054
14.7627
14.7297
15.0372
15.2082
15.1807
15.1487
15.4473
15.2696
15.1302
14.9416
15.4057
15.1882
15.6465
15.1821
15.2862
15.1820
15.0185
14.9463
15.3012
15.0126
14.8341
15.1452
14.6949
14.7371
14.2457
14.3255
14.8372
14.7628
14.5582
14.7968
14.2732
14.5022
14.6162
14.7798
14.8254
14.9552
14.8138
14.7879
14.9182
14.3841
14.2800
14.2507
14.1169
14.4485
14.3830
14.4164
14.9405
14.8109
14.9152
14.5503
14.6693
14.7786
14.8694
14.4744
14.8400
14.5635
14.7231
14.6954
14.3524
14.5644
14.6657
14.9974
14.9178
14.3527
14.6706
14.7025
14.6487
14.4350
14.5053
14.7796
14.3586
14.1890
13.9560
14.4683
14.8293
14.5896
14.6306
14.4859
14.7415
14.5422
14.7180
14.5117
14.3412
14.4123
14.4013
14.4572
14.5353
14.7249
14.6332
14.8671
14.8400
14.9167
14.7795
14.6528
14.7751
14.6907
14.9576
14.9553
14.6657
14.5506
15.0386
14.8682
14.4153
15.0362
14.7294
14.8615
14.5461
14.9853
14.7518
14.7670
14.7186
14.4835
14.7105
14.7591
15.0761
15.0892
15.0492
14.9306
15.1178
14.6997
14.6749
14.7723
15.0062
14.9276
14.9128
14.6296
14.7716
14.8516
14.7562
14.8735
14.8589
14.7351
15.0693
15.0240
15.0060
14.8941
14.6934
14.8206
14.7273
14.7033
14.3685
14.9913
14.7226
14.6746
14.7227
14.4880
14.6436
14.6123
14.6324
14.7939
14.8262
14.8904
14.6629
14.9570
14.7252
14.7522
14.6301
14.7916
14.6934
14.8024
14.8900
14.5670
14.8781
14.8863
14.6031
14.5523
14.5713
14.5788
14.7513
14.6722
14.6810
14.8700
14.6000
14.5142
14.6313
14.5691
14.6197
14.5223
14.6435
14.2378
14.9338
14.5718
14.3468
14.7613
14.4726
14.6055
14.5543
14.5291
14.5097
14.5245
14.4103
15.1235
15.3440
14.7959
14.6583
14.7828
14.5205
14.6791
14.6969
14.3294
14.2546
14.4648
14.3482
14.3597
14.3562
14.5295
14.7736
14.3606
14.3100
14.6309
14.5673
14.6099
14.5020
14.9280
14.7999
14.7764
14.7862
14.3846
14.7926
14.6472
14.6705
14.6543
14.7219
14.4304
14.3398
14.8197
14.8358
14.7902
14.7682
14.7022
14.6165
14.6284
14.4592
14.5076
15.0947
14.8926
14.8807
14.8928
14.8128
14.7515
14.7775
14.9620
15.0476
15.2806
15.3775
15.1145
14.7953
15.0995
14.7732
15.0385
14.9163
14.8281
14.7921
14.8574
14.9129
14.7503
14.8008
14.8312
14.6434
14.7187
14.7141
14.6330
14.4485
14.3117
14.3883
14.6124
14.6522
14.6578
14.8665
14.8696
14.7250
14.8669
14.7739
14.3232
14.5518
14.4423
14.4442
14.7358
14.3165
14.7084
14.9546
14.6919
14.5258
14.4386
14.8134
15.3234
15.2233
15.2193
14.8545
14.7300
15.0137
15.1817
15.3553
15.4425
15.1196
15.0277
15.0462
14.9603
15.0576
15.3659
14.8302
15.0935
14.8891
14.8533
14.6578
14.5099
14.7033
15.0746
14.4797
14.7915
14.8172
14.6001
15.4044
15.1987
15.0194
14.8963
14.9270
14.9696
14.8806
14.7719
14.9184
14.6651
14.4634
14.6521
14.8749
15.2500
14.6030
14.5811
14.5754
15.0898
15.1262
14.7330
15.0632
14.2407
14.9148
14.9667
15.0301
14.7961
14.4490
14.8275
15.0561
15.2672
14.8769
14.7724
14.8471
15.2865
14.9814
15.1176
14.9184
14.8785
14.8232
14.7353
14.5849
14.8313
14.8947
14.5712
14.5030
14.8849
15.0300
15.0096
14.9807
15.0022
14.8410
15.0971
15.3354
15.5524
14.8514
15.1551
15.0445
15.1062
15.5997
15.2996
15.4346
15.1704
15.1748
15.0289
15.0290
14.8500
14.8332
15.0080
14.9247
15.3449
15.0159
15.2282
14.9661
15.1234
14.9644
14.7052
14.6640
15.0614
15.0093
14.6762
15.0358
14.8127
15.0072
14.9572
14.7259
15.1361
15.0182
14.8677
14.4524
14.5367
14.9477
15.4161
14.9634
15.0118
15.1266
14.9764
15.1996
15.0057
14.8348
14.9997
15.1706
14.9468
15.0436
14.9566
15.1028
15.1893
15.1753
14.9392
15.2225
15.3273
15.2356
15.3233
15.0775
15.1775
15.3338
14.9798
14.9967
14.9833
14.8115
14.6664
14.8412
14.6759
14.8248
14.9875
14.5943
14.7025
14.9183
14.9092
14.6910
14.6432
14.8849
15.1803
15.1151
15.2822
15.3892
15.0514
15.0196
15.4122
15.4848
15.6576
15.8895
15.6431
15.4347
15.7120
15.8144
15.5885
15.5111
15.7596
15.9295
16.0207
15.6453
16.0454
15.8406
15.2417
15.1175
15.1525
15.3959
15.7195
15.2843
15.4503
14.9615
15.3816
15.3770
15.4602
15.5129
15.5649
15.4229
15.5051
15.5043
15.6748
15.6965
15.4084
15.3177
15.4369
16.0505
15.4541
15.0647
15.3216
15.2688
15.0339
15.0883
14.8345
15.3769
14.7728
14.9184
15.0209
14.8601
14.6770
14.9058
14.6676
15.0385
15.0753
15.1052
15.0861
15.2743
15.2726
15.5364
15.6839
15.7408
15.7098
15.3432
15.4805
15.6753
15.2225
15.3765
15.5101
15.2923
15.4279
15.3902
15.3167
16.0065
16.0584
16.1700
15.9537
15.7900
15.7856
15.8308
15.5962
15.3842
15.2908
15.4596
15.3226
15.4945
14.9585
15.2039
15.4827
15.3042
15.5782
15.4655
14.7265
14.5804
14.4504
14.7132
14.8529
14.9736
14.7679
14.7648
14.9710
15.2602
14.8392
15.0013
14.7477
14.9170
14.8481
14.5984
14.5427
15.0106
15.0225
14.5155
15.2657
14.7656
15.1463
14.9258
14.7415
14.7230
15.1479
15.1082
15.0490
14.8593
14.9530
14.7742
14.6338
14.6374
14.8158
14.9194
14.9351
15.0139
14.8656
14.8743
15.0697
14.8698
14.9351
14.6468
14.7237
14.9604
14.5771
14.7444
15.0552
15.0253
15.0797
14.8436
14.8327
15.1538
15.0465
15.4046
15.5488
15.7382
15.6499
15.4765
15.4746
15.3904
15.4627
15.0344
14.7998
14.8412
14.8027
14.7953
14.5454
14.7477
14.4965
14.6906
14.7543
14.5036
14.6172
15.0099
14.8683
14.7538
14.8091
14.8384
14.7556
14.7867
14.8104
15.0074
15.2463
15.4495
15.4476
15.4321
15.8635
15.5850
15.5236
14.9920
15.0089
15.0252
15.2072
15.4037
14.8917
15.0334
14.9974
15.0832
15.3046
15.6909
15.3409
15.4170
15.3478
15.1711
15.5066
15.2108
15.4255
15.3477
15.6430
15.2053
15.8190
15.7774
15.7966
15.3126
15.8581
15.5205
15.8093
15.3077
15.7518
15.4216
15.2258
15.4139
15.6747
15.4108
15.5220
15.3687
15.2020
15.6996
15.1387
15.3286
15.5989
15.4942
15.8064
15.3966
15.7621
15.4056
15.1903
15.1104
15.1183
15.2569
15.1782
15.2423
14.9473
15.3633
15.2600
15.1268
15.4762
15.6582
15.4844
15.4445
15.5326
15.3999
15.3582
15.5455
15.1121
14.8337
15.3120
15.1000
15.2473
15.2586
15.2078
14.9813
15.1878
15.2370
14.9015
15.0780
15.1660
15.2522
15.2141
15.4919
15.6179
15.5939
15.3780
15.2837
15.4976
15.1998
15.2375
15.4985
15.4373
15.2091
15.7077
15.7565
15.4829
15.7120
15.5627
15.7549
15.7455
15.7156
15.3845
15.4118
15.8071
15.8029
15.8550
15.4350
15.5049
15.1867
15.1475
15.2502
15.3469
15.3728
15.6637
15.5495
15.7007
15.5896
15.5418
15.4974
15.3769
15.4196
15.6859
15.7548
15.5358
15.5835
15.5554
15.8095
15.3355
15.5715
15.4139
15.5927
15.9933
15.8665
15.5402
15.8582
15.5441
15.7036
15.2766
15.4117
15.5851
15.3444
15.2013
15.2884
15.3763
15.3604
15.4411
15.1546
15.4200
15.1957
15.5739
15.3353
15.2944
15.2386
15.3016
14.8763
15.0402
14.6684
14.9612
15.7005
15.0591
15.4402
15.3455
15.3692
15.4105
15.0144
15.1728
15.5647
15.2893
15.1881
15.0183
15.1838
15.2232
15.1306
15.2751
15.2239
15.6004
15.2957
15.3906
15.3862
15.2557
15.1996
15.4291
15.2550
15.2822
14.9840
15.2369
15.2617
15.2470
15.2708
15.4841
15.3184
15.3982
15.4078
15.5988
15.2945
15.3985
15.6343
15.4752
15.6790
15.6716
16.1068
15.3990
15.4661
15.4506
15.4629
15.8462
15.3075
15.7955
15.4075
15.5560
15.6011
15.6664
15.5005
15.5136
15.4810
15.4896
15.6693
15.4618
15.4948
15.5522
15.4375
15.5205
15.7180
15.6960
15.5447
15.5443
15.6230
15.4982
15.5791
15.5528
15.0569
15.1393
15.5018
15.2220
15.5132
15.5671
15.3009
15.5224
15.4787
15.5116
15.6042
15.3181
15.2428
15.4677
15.2778
14.7795
14.8480
14.8820
15.0229
15.3325
15.7235
15.4138
15.1261
15.2392
15.2122
15.4194
15.3600
15.5881
15.2609
15.4445
15.4728
15.3480
15.5245
15.3274
15.2363
15.3170
15.0215
15.9330
16.0412
15.7444
15.4289
15.5254
15.3119
15.6360
15.6956
15.6026
15.7958
15.3144
15.2786
15.2795
15.5311
15.1521
15.2295
15.2424
15.1452
14.8427
15.0114
15.0003
15.3926
14.8082
15.0351
15.2733
15.1866
15.2303
15.5538
15.3320
15.2852
15.3894
15.4310
15.1675
15.5238
15.3904
15.7356
15.0356
15.7491
15.2825
15.3985
15.0020
15.0363
15.4305
15.7929
15.3115
15.4972
15.5281
15.3419
15.4576
15.3477
15.3872
15.1475
15.1829
15.3179
15.4303
15.3335
15.1129
15.4571
15.7137
15.6291
15.2999
15.4865
15.9818
15.8627
15.9813
15.5572
15.4031
15.7377
15.5369
15.8468
15.2037
15.4107
15.4389
15.5418
15.2344
15.4162
15.4278
15.5388
15.4089
15.5138
15.6880
15.7851
15.3809
15.7244
15.7221
15.8584
15.2801
16.1253
15.9445
15.7874
15.3060
15.4923
16.1696
15.5182
15.6801
15.9523
15.9744
16.5076
16.3296
16.2527
16.1820
16.2056
16.2397
16.2819
16.5713
16.0738
15.8573
16.5969
16.0956
16.0259
16.1518
16.6438
16.4833
16.8208
16.3521
16.4294
16.9525
16.3720
16.3202
16.3634
16.0156
16.1701
16.2683
15.8628
16.0926
15.9703
15.9142
15.7336
16.2375
15.8173
16.0149
16.0421
16.2459
16.4515
16.2720
15.7750
15.9518
16.7437
16.2333
16.5963
16.6987
16.4928
16.5605
16.3700
16.1349
16.0442
15.5587
15.8461
15.9969
15.9747
16.6821
16.3189
16.0934
15.9384
15.9586
16.6798
16.2070
16.1073
15.9135
16.3552
16.1557
16.4703
16.6433
16.5066
16.3441
15.9800
16.3690
16.2509
16.0731
16.0692
15.6021
15.7493
16.2284
16.2484
16.3771
15.8063
15.6579
16.0359
16.6445
16.4371
16.5413
16.5024
16.1697
16.1635
16.5535
16.0704
15.6390
16.4227
16.3745
16.4737
16.6509
16.4711
16.3541
16.3596
16.9906
17.6588
16.7631
16.9130
16.6301
16.8707
17.1076
16.8744
17.2861
17.3684
17.3242
17.3841
17.5275
17.6340
17.1076
17.4706
17.2909
16.5607
17.0791
17.0650
17.0580
17.2729
16.7344
16.7778
15.6722
15.9813
16.2092
16.5963
16.0008
16.0170
16.1044
15.6875
16.3049
16.1127
16.3740
16.3567
16.5532
15.9307
16.4592
16.2943
16.3111
16.3180
16.1444
16.9371
16.5004
16.7151
16.3065
16.2106
16.3127
15.8251
15.7104
15.7769
15.7373
16.0935
16.0245
15.9893
16.3432
15.8369
15.7482
16.1875
15.8107
15.7962
15.8036
15.8206
15.9585
16.2504
16.1688
16.1488
16.2849
16.3123
16.5071
16.6415
16.2078
15.1995
15.7273
15.3147
16.4772
15.8831
16.3574
16.1210
14.9638
15.2085
15.2161
16.3920
16.0000
16.7500
17.3268
17.1306
16.7740
17.1915
17.0273
17.1253
17.3422
16.8599
17.1011
17.2312
17.3425
16.9004
16.8628
17.3556
17.0850
17.1913
17.1822
17.4972
17.2676
16.8700
16.8512
16.4246
16.2087
16.4657
17.4501
17.2529
16.7222
16.6735
16.8811
16.3358
16.5150
17.2293
17.2015
16.8278
17.5785
17.1773
16.9962
16.8508
16.8703
17.3598
17.4029
17.0690
17.1962
17.7197
17.6064
17.8530
18.1484
18.1273
17.4535
17.0573
17.8376
17.8852
16.8503
17.7821
17.9118
18.0338
17.8713
17.5422
17.4901
16.7229
16.7549
16.5172
17.1006
17.5281
16.9239
17.1406
16.6938
16.6540
17.7366
16.9639
17.0008
16.6071
16.5277
16.4737
16.6563
16.6820
16.6963
16.2874
17.2658
17.4946
18.0633
17.7569
17.3661
16.8765
16.2851
16.2428
16.8387
16.5437
16.5848
16.7134
16.3929
16.5409
16.8343
16.5844
16.3761
16.1217
16.0633
15.9133
16.1152
16.6843
17.6082
16.9090
16.6093
16.3938
15.7428
16.5784
16.3125
16.2958
16.5392
17.1519
16.6114
16.5930
17.2113
16.8110
16.6728
17.4829
18.2497
18.5168
18.0323
17.1261
17.8537
17.6184
18.6149
17.7178
17.8146
17.5737
18.0526
17.9348
17.8187
17.2679
16.5647
16.8264
17.2444
16.8670
16.7655
16.6350
16.7225
17.0671
16.9827
17.2273
16.9816
17.0956
17.4196
17.2764
17.3574
17.2403
16.9318
16.8461
16.5382
17.0095
16.9621
16.9042
16.9909
17.3031
17.0637
16.9378
17.2043
17.4267
17.3001
17.4550
17.1296
17.0753
17.5254
17.4814
17.2346
17.4231
17.3191
17.4043
17.4599
17.5202
17.4742
17.3578
17.2116
17.2814
17.4495
17.3272
17.1368
17.3211
17.5859
17.1650
17.3283
17.2719
17.5566
17.5487
17.6982
17.1245
16.8114
17.3096
16.9213
16.9072
16.9960
17.1060
17.2741
17.4384
17.3908
17.1570
17.0898
17.0440
17.1941
17.3151
17.1165
17.1932
16.9238
17.2193
17.2424
17.0061
16.9189
17.0330
17.2153
17.2021
17.2532
17.0142
16.8660
17.0424
16.6733
17.2601
17.1129
16.9091
16.9015
16.8476
16.5231
16.6313
16.6017
16.9085
16.9256
16.8669
16.8269
17.0955
17.2771
17.2386
17.3434
17.4222
17.1911
17.5326
17.4538
17.4981
17.6543
17.4670
17.1504
17.3320
17.5374
17.3004
17.5415
17.6595
17.6122
17.6751
17.2991
17.4175
16.9063
17.1385
17.0787
17.2914
17.2457
17.5157
17.5344
17.3279
17.7909
17.7409
17.2719
17.8190
17.6190
17.6360
17.4799
17.2889
17.2581
17.3534
17.2649
16.6983
17.2933
17.2387
17.4381
17.2938
17.4083
17.5286
17.1881
17.6931
17.2858
17.4355
17.2803
17.2834
17.0971
17.3014
17.6752
17.7050
17.4287
17.5472
17.4069
17.6071
17.2899
17.2974
17.3658
16.8880
16.9966
17.3104
17.4238
17.1668
17.4095
17.2136
17.2647
17.0677
17.2660
17.3981
17.3141
16.8735
16.9707
17.0794
17.0386
16.8961
16.9480
17.0621
17.0955
16.9128
17.3131
17.5698
17.1886
17.0241
17.1222
16.9392
16.9906
16.9821
17.0503
16.6229
16.9413
16.8876
16.6791
16.9399
16.7188
16.8805
16.9959
16.9641
17.1953
17.0068
17.0731
17.1535
17.3129
16.9515
16.7768
16.5854
17.1384
17.3335
17.0962
17.2555
16.9742
17.2362
17.0258
17.3048
17.1956
17.3179
17.4435
17.6243
17.3356
17.1460
17.0676
17.0530
16.9989
17.0154
17.0327
17.3128
17.0887
17.0129
17.3063
17.4466
17.1449
17.2200
17.1667
17.1236
17.2017
17.0351
17.1330
17.0963
16.7859
16.6057
16.8708
16.8876
16.9653
16.9419
17.3839
16.9543
16.7503
16.9628
16.8537
16.5772
16.5863
16.6203
17.0357
16.7215
16.6096
16.7527
16.7791
16.6919
16.7962
16.6629
16.5854
16.8226
16.8204
16.8923
16.9952
17.0182
16.8753
16.9697
16.9309
16.6228
16.9140
16.7919
16.9401
16.8755
16.8654
16.7425
16.5886
16.8167
16.9349
16.5740
16.8764
16.7901
16.7287
17.1428
17.3871
16.8400
16.9702
17.0637
16.9979
16.7393
16.5053
16.7922
16.5242
16.5157
16.3620
16.8362
16.5500
16.7084
16.8854
16.6669
17.0051
16.6643
16.9676
16.8946
16.5391
16.4008
16.7523
16.7320
16.6114
16.6880
16.7895
16.8947
17.0309
16.9968
16.7950
16.7494
16.8453
16.8089
17.2145
16.8874
16.9804
16.9921
17.1352
17.1271
17.0588
17.0215
16.9717
17.1741
17.0139
17.4414
17.1621
16.9362
17.1062
17.4118
17.4441
17.1848
17.0564
17.3208
17.2290
17.2654
17.4416
17.2263
17.1488
17.2452
17.1244
17.0185
17.2505
17.1613
17.0827
17.2180
17.2251
17.4394
17.3233
16.8941
16.7737
16.8101
16.7091
17.1992
16.9312
17.3088
17.0166
16.9703
16.9772
16.9811
16.7743
17.1141
17.0660
17.2097
16.8363
17.2181
16.8076
17.0385
16.9316
17.1886
17.3415
16.7299
17.0689
17.0483
17.2688
17.3736
17.2636
17.4514
16.9905
17.2578
17.0607
17.1228
17.3725
17.2158
17.1010
17.1882
17.7623
17.3997
17.6966
17.5550
17.2018
17.3144
17.2981
17.2260
17.3519
17.0091
17.4463
17.2657
17.2318
17.6147
17.6668
17.6742
17.8294
17.7427
17.3377
16.8044
17.2953
17.1907
17.6162
17.1825
17.1944
17.2260
17.5613
17.0775
17.3316
17.0369
17.1503
17.2879
17.0270
17.1127
16.9983
17.2302
17.5034
17.7324
17.7606
17.5759
17.8721
17.0839
17.2159
17.1125
17.2212
17.3042
17.3071
17.2577
17.3659
17.5798
17.2925
17.9183
17.6966
17.0065
17.3417
17.3570
17.2874
17.5094
17.5981
17.2710
17.5560
17.5052
17.5037
18.1278
18.2794
17.9744
17.5704
17.1745
16.9978
16.9600
17.3211
17.1790
17.1469
17.6931
17.3659
17.4647
17.5470
17.4768
17.4983
17.8365
17.8279
17.6442
17.4057
17.7018
17.5573
17.6202
17.7172
17.8248
17.8766
18.2024
17.6468
17.4477
17.3863
17.0107
17.5798
17.7349
17.4306
17.9708
17.6208
17.6728
17.8354
17.4995
17.3821
17.6151
17.7801
18.0502
17.6906
17.6015
17.6159
17.5903
17.0444
17.3113
17.2708
17.4278
17.6335
17.7941
17.9806
17.7411
17.3350
17.5404
17.4352
17.3831
17.7856
17.6426
17.8003
17.7553
17.6196
17.4503
17.6854
17.5910
17.5161
17.2814
17.1196
17.2337
17.4415
17.5369
17.4156
17.2977
17.1964
17.5366
17.4835
17.3846
17.4343
17.3777
17.2734
17.0557
17.0405
17.1548
17.6326
17.6884
17.2215
17.5345
17.3120
17.2763
17.4723
17.5935
17.5073
17.5843
17.4153
17.3790
17.2093
17.2644
17.3987
17.3025
17.0328
17.5203
17.6133
17.2693
17.5259
17.2765
17.4228
17.2735
17.3396
17.2357
17.5471
17.0376
17.0809
17.0863
16.9863
17.0432
17.2118
17.1503
17.1317
16.7834
16.7705
16.9959
17.1201
17.4390
17.1057
17.2279
17.0275
17.1270
17.2629
17.1650
17.1195
17.0703
17.3943
17.3304
17.2616
17.0631
16.8521
17.0046
17.0121
16.7748
16.8444
16.9617
16.7656
16.9206
16.8795
17.0499
17.0311
16.9997
16.8858
16.9854
16.9351
17.1197
16.9861
17.0101
16.9202
16.9568
17.1624
17.1178
17.0760
17.3532
17.4508
17.4073
17.5355
17.3112
17.4155
17.4019
17.2374
16.9034
17.1319
16.7745
17.1416
17.1105
17.1647
16.9877
16.7388
16.9428
16.7452
16.7438
16.6699
16.9872
16.8061
17.1062
16.9517
16.8732
16.9525
16.6839
16.8231
16.7311
17.0549
17.1443
16.5802
16.8885
17.1653
17.0769
17.0529
17.0908
17.0213
17.0628
16.9835
16.9376
16.7020
17.4040
16.9056
16.7759
16.7493
17.0501
16.9878
17.2542
16.9959
17.1061
17.0547
17.2922
17.3414
17.2980
17.2755
17.5075
17.0108
17.1027
17.2487
17.4209
17.2767
17.3615
17.3905
17.1497
17.0855
17.3201
16.7111
17.2046
17.3460
16.9392
17.4698
17.0773
16.8760
17.1087
17.2665
17.1960
16.9130
16.9572
17.2239
17.3947
17.2370
17.0804
17.1877
17.0408
17.0587
16.9453
17.1858
17.0601
16.9651
16.9617
17.2653
16.6969
16.9588
17.1524
17.1086
17.3657
17.1881
17.2986
17.2422
17.1978
16.8669
17.2944
16.9423
17.3195
17.1987
16.7954
17.0695
17.0698
17.1638
17.3876
17.2800
17.0978
17.0545
17.0870
17.0837
16.9292
17.2002
17.2723
17.5217
17.0182
17.0011
16.9486
16.8268
16.9405
16.9154
17.0878
16.7340
16.9245
17.1139
16.9772
17.0068
17.1313
16.9048
16.9659
17.1607
17.2019
17.1154
17.4155
17.1719
17.3049
17.0905
17.4195
17.3331
17.3042
17.4210
17.1416
17.3378
17.0627
17.0573
17.1131
16.6888
17.0220
17.6521
17.5012
17.5934
17.1614
17.2478
17.1120
16.9987
16.9519
16.7478
16.7345
16.9291
16.8380
16.9482
17.5050
16.6649
16.8159
17.0284
17.0111
16.8527
17.0884
16.9057
16.7952
16.9750
16.4946
16.5901
16.5982
16.8136
16.7257
16.7385
16.6480
16.5569
16.7091
16.9673
16.9448
16.8133
16.6415
16.6914
16.9419
16.7524
17.0091
17.3886
17.0636
17.2229
16.9948
16.9752
16.9357
16.8420
16.9252
17.1034
16.8781
16.8381
16.6030
16.9502
16.3033
16.5799
16.8916
16.8154
16.5731
16.6912
16.8886
17.1184
17.0664
16.7796
17.1215
16.7462
16.9679
17.0291
16.9174
16.9799
16.8490
17.0331
17.2363
17.3129
17.2369
17.0867
17.1635
17.1432
17.2055
17.4109
17.3071
17.6086
17.5892
17.4087
16.9976
16.9502
16.9679
17.2100
16.8178
17.0907
16.9744
17.1339
17.1767
17.0784
17.1645
17.2443
17.0486
17.0308
17.1260
17.3465
17.2088
17.2893
17.0724
16.7216
16.9253
17.1486
17.3273
16.7996
17.0202
16.9638
16.9422
16.8569
17.1576
16.6531
16.9041
17.1416
16.9792
17.0297
17.2201
17.2091
17.0574
17.1700
16.9866
17.3546
17.2546
17.1566
17.0967
17.6898
17.4824
17.4220
17.0971
17.1236
17.4916
17.0270
16.7883
16.8702
17.2448
17.2691
17.0121
17.4049
16.9722
17.0961
17.2017
16.7796
17.0460
17.2304
17.0116
17.0121
17.2390
17.0443
17.0934
17.3210
16.7798
16.9167
16.6352
17.2627
17.2346
17.2172
16.9222
17.2650
16.7137
17.3316
17.2238
16.9428
17.1632
17.0789
16.8090
16.8506
16.8560
17.1223
16.8407
16.8023
17.0624
17.1718
16.6802
17.0452
17.1810
17.0874
17.4668
17.4635
17.3475
17.1235
17.0325
17.1722
17.2948
17.1906
17.2832
17.1015
17.3559
17.4035
16.9073
17.2368
17.2022
17.0436
17.5298
17.3431
16.7107
16.9646
17.2889
17.3389
17.1780
17.3378
16.6967
17.0417
17.0262
17.4776
17.3579
17.4379
17.1122
17.2910
17.1658
17.0230
17.1253
17.5882
17.1396
17.2004
16.9298
16.7857
16.8893
17.2522
17.0884
17.1564
17.0766
17.2602
17.1660
17.6254
17.4181
17.2519
17.3675
17.2369
17.3111
16.9978
16.7204
16.9706
17.1357
16.6787
16.7910
17.2646
16.9120
16.8598
17.3323
17.1780
17.1130
17.2673
17.1440
16.7950
16.5430
16.4204
16.7745
16.6631
17.0207
16.8749
16.8359
16.6566
16.8205
16.9864
17.0395
16.8774
16.7239
16.8940
17.4043
16.8289
17.0885
17.0369
16.9050
16.6081
16.5744
17.2101
17.0796
16.9288
16.8389
17.4073
17.0812
16.8782
16.8251
16.5902
16.8283
16.6775
16.8791
17.1861
16.9779
17.1486
17.1479
17.0260
17.2101
16.7134
16.7513
16.9887
16.9267
16.9924
16.7034
16.7055
16.8875
16.8045
16.8968
16.7486
17.0428
16.9890
17.1275
16.9974
17.0081
17.0264
16.8600
17.1204
16.8209
17.2608
17.0554
17.1305
17.0656
17.2405
17.3110
17.0916
16.8838
16.8479
16.8285
17.0588
17.0957
16.9825
16.9760
16.9781
17.1777
17.0193
16.7828
16.9156
16.9325
16.7261
17.2940
17.0538
16.9915
17.2983
16.8506
16.7478
16.8108
16.7312
17.1528
16.7829
16.9026
16.9232
17.1277
16.7248
16.5709
16.7190
16.8749
16.4805
16.8044
16.6858
16.7885
16.9458
16.8417
16.7932
16.8669
17.0517
17.2255
16.9825
16.7769
16.8998
16.8007
16.8167
16.8578
16.9629
16.8564
16.9158
17.0300
17.2215
16.8616
17.2723
17.0118
17.2055
17.3663
17.2232
16.9946
17.2034
17.6676
17.6096
17.5699
17.7822
17.5331
17.4213
17.3037
17.3704
17.0130
17.1670
17.0506
17.0188
17.4697
17.3183
17.1076
16.9942
17.1871
17.0295
17.3962
17.4216
17.5185
17.3506
17.4604
17.3269
17.2098
17.4848
17.0534
17.2267
16.9062
16.9635
17.2099
17.2929
17.1993
17.0679
17.4044
17.2985
17.3763
16.8893
17.0254
17.2375
17.1890
17.2426
17.1454
17.1164
17.0045
17.1726
16.7409
17.0022
17.1347
17.1262
17.4359
17.4540
16.8727
16.7367
16.5959
16.9402
16.8069
16.7561
17.2392
17.1222
17.2160
16.9247
17.1584
16.8934
17.0087
16.6345
16.8541
17.1926
17.3114
17.2829
16.9623
17.1723
17.0536
17.3233
17.5548
17.6607
17.1843
17.2670
16.9778
16.9600
17.4435
17.0352
17.4128
17.2352
16.9911
17.0454
17.2524
17.1455
17.1627
17.4027
17.1588
17.1314
17.0024
16.7455
16.6379
17.0733
16.9474
16.9202
17.3836
17.2546
17.2039
16.9239
16.8479
16.8299
17.0217
17.1739
17.2986
17.1611
17.3784
17.5864
17.3979
17.0350
17.0664
16.7306
17.2049
17.0633
17.0609
17.1468
17.2693
17.0833
17.0804
17.2676
17.1062
17.4710
17.7017
17.6051
17.2182
17.2228
17.1985
17.1838
17.1025
16.9458
16.9747
17.0532
16.9952
17.2519
17.1587
16.9765
17.1231
16.8154
16.7259
16.6739
16.7938
16.7457
16.7640
16.3451
16.7950
16.5999
17.0380
16.7008
16.5994
16.6785
17.2052
16.9002
17.1120
16.9559
16.9587
17.1872
17.1520
16.9479
17.0036
17.2200
16.8409
16.8633
16.7352
16.8140
16.9565
16.8099
16.6756
16.7400
16.9295
16.8447
16.4913
16.4469
16.7118
16.5994
16.7229
17.1752
17.0136
16.7542
16.5873
17.0940
16.5371
16.8815
16.5884
16.9544
16.6857
17.0401
16.9074
16.9380
16.9504
17.2806
17.1934
17.1387
17.0008
17.0637
17.0725
17.4596
17.0890
17.0481
17.2093
17.6389
17.4464
17.4126
17.3715
17.9183
17.9461
17.5900
17.4919
17.6071
17.5898
17.4750
17.2010
17.2051
17.3728
16.6750
16.8183
17.1188
16.9028
17.1702
17.1608
17.2730
16.8068
16.8692
16.6880
17.1428
17.2651
17.2536
17.5860
16.6930
16.9473
16.8622
16.6076
16.8693
16.8348
17.3201
16.8695
16.8611
16.9885
17.0023
17.0111
17.0331
16.9536
17.1653
17.1255
17.4101
16.8935
17.2484
16.9234
16.8938
17.0319
17.4630
17.2350
16.7756
16.8165
16.8415
17.1699
17.0225
17.0515
16.5726
16.9052
16.8845
17.0900
16.8370
16.9815
17.4567
17.0631
17.2976
16.8964
17.1216
17.2584
17.1918
17.0275
17.2596
17.4718
17.1226
17.2008
17.2011
17.1776
17.4146
17.2249
17.3903
17.1385
16.8905
17.2239
17.3467
17.0382
16.7408
16.5508
16.4572
16.4314
16.6844
16.6073
16.5587
16.7442
17.2806
17.1307
16.7425
16.8590
16.8625
17.1279
17.0155
17.2955
17.1419
17.0946
17.0053
17.0955
17.0499
16.8637
16.9999
17.0695
16.9079
16.8135
17.0595
16.9699
16.8431
17.1958
17.1689
16.8093
16.7723
16.5026
16.8455
16.5470
16.4957
16.6794
17.0702
16.7683
16.6463
16.8800
16.9312
16.5029
16.7293
16.2977
16.9526
16.7957
16.5502
16.6795
16.7457
16.8789
17.0577
16.8472
16.6456
16.3335
16.8960
16.7050
16.9259
16.7238
17.1134
16.4021
16.6297
16.4660
16.6883
16.7823
16.5141
16.7101
17.1721
16.9254
16.5755
17.0470
17.1393
16.6247
16.9879
16.9343
16.8006
17.0377
16.9885
17.0536
16.7845
16.7989
16.8089
16.8053
16.6907
17.0966
17.0560
17.2173
17.0030
16.9703
17.0264
16.5110
16.9179
16.8485
16.8120
16.7616
16.6410
16.9332
17.0236
16.9494
17.0751
16.8093
16.8222
17.3725
17.0824
17.2280
17.2662
16.9354
16.8036
16.8342
16.7822
17.0513
17.1130
16.7086
16.8295
17.2265
17.1969
16.8943
17.0113
17.4718
17.2392
17.4560
17.2727
17.2258
16.8377
17.2479
16.8426
17.0270
17.1394
16.9833
17.1257
16.8783
16.9455
16.9605
17.2902
17.0678
17.2033
17.2346
16.9866
17.3308
17.3782
17.6408
17.4019
17.4628
17.1247
17.1060
16.9637
16.8205
16.8991
16.9118
16.8333
17.0096
17.0982
17.2985
17.1719
17.3652
17.2780
17.1022
17.0399
17.1666
17.1005
17.1276
17.3191
17.1058
17.1454
17.4845
17.3405
17.4705
17.3254
17.2428
16.8065
17.2278
17.2133
17.3673
17.1614
16.9958
17.2231
17.1056
17.6336
17.2469
17.0367
17.0612
17.0844
17.0667
17.2196
17.2831
17.2310
17.5575
17.5023
17.7010
17.5228
17.6488
17.4949
17.8708
17.7727
17.8112
17.4111
17.8069
17.6469
17.3733
17.0047
17.2880
17.2851
17.5317
17.3974
17.3443
17.2880
16.9383
17.5101
17.6593
17.6828
17.5963
17.4363
17.0863
17.2919
17.2844
17.5000
17.3312
17.3549
17.4087
17.4033
16.8590
17.5138
17.2656
17.1765
17.1873
17.1442
17.1912
17.0327
17.1990
17.5090
17.1947
17.3171
17.4013
17.2261
17.0179
17.1053
17.0039
16.8371
16.8979
16.7130
16.6165
16.9922
16.9727
16.4977
16.7875
16.8638
16.6914
17.0247
17.2191
16.9341
17.1554
16.8903
16.9343
17.0697
16.8769
17.2685
17.0402
17.2575
17.0598
16.9978
17.1123
17.2414
16.8378
16.7892
17.1036
16.9545
17.1914
17.1413
16.9443
17.0767
16.9150
16.7840
16.7465
16.9352
16.9417
17.2153
17.3746
17.3831
17.6356
17.3781
17.1131
16.9447
16.9120
17.0671
17.0543
17.1894
17.1952
17.0237
17.2404
17.0521
17.2893
17.0407
17.5439
17.1939
17.5206
17.0258
17.3183
17.4101
16.9926
17.2670
17.1445
17.1263
17.3360
17.2172
17.2026
17.0346
17.2216
17.2438
17.1955
17.0668
17.1368
17.4201
17.1198
17.1004
16.7765
17.0497
16.9990
17.2980
17.2628
17.0950
16.8687
16.9228
17.0690
16.8985
16.4462
16.8248
16.8200
16.7807
17.1401
17.2504
17.4178
17.4442
16.8410
17.2353
17.2714
17.0218
17.2028
17.4064
17.1289
16.9229
17.2785
17.1514
17.2239
16.8936
17.1692
17.2043
17.0590
17.2794
17.2688
16.8447
16.7680
16.8594
16.8839
17.2363
17.1012
17.0635
16.6430
16.5051
16.7864
17.2072
17.0194
17.0192
16.5728
16.6035
16.3387
16.2798
16.3401
16.5013
16.6518
16.2902
16.6745
16.2775
15.8810
16.5870
16.6073
16.8611
16.6157
16.9522
17.1225
16.7432
16.8995
16.9132
16.7874
17.1433
17.1306
16.8923
16.8947
16.7385
16.5885
16.9343
17.1543
16.9975
16.4866
16.7978
17.1076
17.2957
16.8406
16.5618
16.8811
16.8815
16.4441
16.7547
16.6667
16.8579
16.8577
16.7923
17.1673
17.1414
16.9143
16.9707
17.1906
16.8788
17.1942
17.1082
17.1723
17.2279
17.1520
16.8618
17.3564
17.2671
17.3154
17.7650
17.7074
17.3481
17.8131
17.8228
17.6768
17.2490
17.3161
17.5349
17.7969
17.6339
17.3677
17.2895
17.4009
17.6422
17.6186
17.4981
17.1242
17.3511
17.0578
17.2335
17.6197
17.4859
17.6281
17.7434
16.8529
17.4794
17.4054
17.2350
16.7728
17.2559
17.3012
17.2523
17.3492
17.7143
17.2856
17.3457
17.1320
17.5384
17.3443
17.3293
17.6066
17.3828
17.4386
17.5027
17.2964
17.6207
17.6988
17.4442
17.6092
17.3248
17.6202
17.6217
17.9812
17.6648
17.9612
17.1121
17.3157
17.0249
16.8262
16.6721
16.0437
16.7926
16.5271
16.7342
16.6514
16.7676
16.8445
16.9533
16.8997
17.2330
17.4586
17.4601
17.6048
17.3818
17.5607
17.4665
17.3349
17.4478
17.2789
17.3380
16.6000
17.2160
17.4322
17.6790
17.1034
17.3822
17.6454
17.5387
17.3824
17.5466
17.5233
17.6573
17.7173
17.4148
17.4663
17.2927
17.5637
17.2508
17.3157
17.3871
17.1843
17.4093
17.3042
17.3359
17.5769
17.6322
17.3692
17.5903
17.7444
17.5789
17.8185
17.4612
17.2918
17.4219
16.7473
16.8904
17.5459
17.9354
17.7270
17.5341
17.6140
17.7290
17.6419
17.4548
17.7246
18.0026
17.6422
17.7233
17.7599
17.5527
17.1749
17.4529
17.4806
17.5018
17.6072
17.8356
17.4449
17.4900
17.7025
17.5600
17.4068
17.6048
17.2930
17.7207
17.7233
17.7003
17.8471
17.6336
17.3285
17.4110
17.4232
17.2146
17.4299
17.1858
17.3443
17.1492
17.1834
17.0601
17.3486
16.9397
17.1520
17.3251
17.2265
17.3765
17.4377
17.4755
17.2330
17.6662
17.6477
17.7572
17.6533
17.9592
17.2492
17.5269
17.7752
17.2973
17.4375
17.2652
17.3715
17.6046
17.4687
17.8952
17.6054
17.4359
17.3536
17.7533
17.8585
18.0408
17.7215
17.6133
17.8463
17.8310
17.8061
17.8269
17.6407
17.1899
16.9367
17.5165
17.3433
16.9753
17.1597
17.1385
17.0729
17.2155
17.3024
16.9013
16.7769
17.2332
16.7154
17.1716
16.6873
16.7675
16.8136
16.6958
17.1957
16.9797
17.1561
17.4120
17.4703
17.5160
17.2920
17.0364
17.0102
17.5616
17.5826
17.4557
17.4906
17.6643
17.4987
17.5674
17.6687
17.7790
17.1937
17.5949
17.5095
17.3685
17.3086
17.3300
17.8024
17.9472
17.8572
17.7927
17.7626
18.0251
17.6724
17.6637
17.8697
17.8251
17.4756
18.0363
17.9437
17.7595
17.5812
18.0549
17.7208
17.8551
18.1518
17.9813
17.9767
18.0322
17.8401
17.9564
18.0710
17.8189
17.8315
17.6466
17.8777
17.6051
17.8342
17.3628
17.1063
17.5012
17.1587
17.7936
17.8830
17.6048
17.8127
17.5954
17.6583
17.7469
17.8957
17.6561
17.8306
17.8061
17.6666
17.8942
17.8706
18.1434
17.9110
17.4704
17.5778
17.8324
17.6529
17.6485
17.4532
17.7145
17.5407
17.9127
17.7647
17.8478
17.6532
17.5586
17.8071
17.7995
17.8320
17.3119
17.8519
17.7513
17.6942
17.5269
17.8149
17.7544
17.8544
17.9391
17.7963
17.6968
17.5555
17.3393
17.3609
17.6704
18.0275
17.9461
17.7664
17.7228
17.7214
17.9243
17.9228
17.9419
17.8033
17.9340
18.1060
17.7138
17.5626
18.0239
17.5796
17.7956
17.7980
17.4913
17.2875
17.2589
17.0452
18.1729
18.0637
18.2190
17.8788
18.1929
18.3742
18.1350
18.3379
18.3372
17.6871
18.2587
18.1400
17.9566
17.4973
17.5798
17.8538
17.4166
17.5496
17.1180
17.2623
17.3681
17.1600
17.5858
17.3717
17.2951
17.4750
17.7743
17.5443
17.5471
17.0913
17.9872
17.4969
17.6931
17.4043
17.5787
17.6433
17.6338
18.0609
17.4174
17.3566
17.5699
17.4018
17.3110
17.3897
17.4409
17.0122
16.7272
16.8170
17.2283
16.7332
16.8513
16.6663
16.6628
16.6900
16.8309
16.4915
17.0953
17.2243
17.4626
17.3209
17.4268
17.1833
17.4177
17.2796
16.5958
17.0503
16.9680
17.6128
17.2220
16.7008
16.4524
16.6321
16.8412
17.1267
16.9902
16.9450
16.6841
17.1737
17.0730
16.8182
17.1623
17.2252
17.0231
16.8371
16.9201
17.0526
16.8639
16.5171
16.9385
16.6638
16.7713
17.2693
17.5194
17.2816
17.2979
17.5742
17.0071
17.1169
17.2771
17.5853
17.5785
17.2404
16.9002
16.8815
16.8140
16.9121
16.8820
16.8874
16.7813
16.3178
17.0389
17.0720
17.1677
17.2427
16.6942
17.0484
17.1086
16.8632
17.0622
17.1088
17.0104
17.2877
17.1594
17.1732
17.3389
17.5501
17.1442
16.7027
16.7484
16.9488
17.1427
17.0871
17.0289
17.1694
17.2933
17.2300
17.0857
16.8006
17.1254
17.4287
17.2094
17.1969
17.3915
17.2309
17.2746
17.2328
17.1916
17.2505
17.1034
17.1716
16.7010
16.9043
17.1006
17.2077
16.9817
17.1010
17.1103
16.9588
16.5364
16.9923
16.8088
17.0754
17.0072
16.9290
16.8594
16.9371
16.9507
16.8378
16.8939
17.1198
17.1710
17.0368
17.1851
17.4052
17.5012
17.6320
17.7492
17.7489
17.5192
17.7489
17.7742
17.4274
17.7441
17.8868
17.6938
17.6262
17.3057
17.3283
17.5489
17.2360
17.5924
16.9926
17.1156
17.0481
16.6995
16.8849
17.0573
17.0375
17.3188
16.7301
16.9045
16.9381
17.0109
17.0972
17.0753
17.2812
16.6088
16.9901
17.0750
17.0739
16.8396
17.2200
17.0274
16.6359
16.8807
17.1844
17.0044
17.3424
17.4286
17.4550
17.2366
17.0782
16.7161
17.3584
17.2825
17.6585
17.1594
17.2686
17.3355
17.1460
17.2561
17.2184
17.2831
17.4021
17.3176
17.3133
17.2817
17.1237
17.1314
17.3063
17.2880
17.3599
17.3131
17.0378
17.1700
17.1445
17.0094
17.0871
17.3646
17.1909
17.1656
17.2144
17.5525
17.1605
17.2896
17.3552
17.5914
17.0256
17.2917
17.5912
17.2269
17.6716
17.3589
17.6022
17.4595
17.6212
17.3061
17.6445
17.8849
17.8361
17.6334
17.0593
17.3482
17.2730
17.5401
17.2866
17.2751
17.6581
17.4711
17.4535
17.8083
17.6426
17.5744
17.6360
17.6583
17.7478
17.5921
17.4615
17.5477
17.4167
17.7830
17.2740
17.3916
17.2469
17.5732
17.5558
17.2025
17.6654
17.7119
17.6432
17.4676
17.6238
17.5943
17.8252
17.6955
17.4523
17.6878
17.5001
17.6883
17.6232
17.2668
17.3302
17.4828
17.4377
17.6811
17.3731
17.6315
17.8926
17.8606
17.5511
17.5178
17.5286
17.2575
17.8037
17.5980
17.5956
17.5175
17.6975
17.4092
17.3519
17.3383
17.0777
16.8771
17.4042
17.8707
17.6040
17.6448
17.3384
17.4960
17.4932
17.4665
17.2633
17.5492
17.3732
17.1611
17.2203
17.6557
17.1728
17.4332
17.3396
17.2357
17.7199
17.7098
17.5712
17.6477
17.4513
17.5027
17.7973
17.6037
17.5719
17.4401
17.6739
17.4576
17.4341
17.1951
17.2194
17.2642
17.2454
17.1742
17.3516
17.6104
17.6930
17.4273
17.7293
17.7242
17.8496
17.6454
17.5594
17.3970
17.4709
17.5890
17.7271
17.6666
17.3494
17.3695
17.4183
17.4475
17.3595
17.3975
17.2146
17.7240
17.5718
17.7978
17.7099
17.7117
17.5362
17.8410
17.8746
17.9539
17.5399
17.7547
17.5384
17.5321
17.5611
17.3542
17.5063
17.2574
17.8655
17.8238
17.6678
17.8377
17.7387
17.6084
17.3614
17.3870
17.3497
17.5497
17.5086
17.5481
17.6333
17.8531
17.5882
17.7990
17.6351
17.7315
17.3646
17.6258
17.4512
17.5368
17.2602
17.0912
17.2061
17.1317
17.5804
17.0113
17.2042
17.3952
17.3224
17.5001
17.5459
17.3584
17.0432
17.3083
17.0228
17.2057
16.8753
17.4100
17.2874
17.0880
17.4877
17.1940
17.3282
17.3571
16.9007
16.9265
17.2567
16.9399
17.3029
17.1839
17.2398
17.0293
17.4806
17.2128
17.4843
17.2210
17.2026
17.0967
16.9716
17.1556
17.1716
17.1030
17.0605
17.2670
17.0860
16.9993
17.0883
17.2104
17.1429
17.2483
17.2313
17.2813
17.2894
17.1713
17.1293
17.0371
17.0784
16.9690
17.2066
17.8247
17.5053
17.2788
17.0861
17.0989
17.2673
17.0494
17.1095
17.3127
17.2940
17.0319
17.2521
17.0313
17.2317
16.9582
17.0558
17.0764
17.4084
17.3257
16.9789
17.1864
17.2508
17.1785
17.4039
17.4206
17.3755
17.3029
17.4439
17.3665
17.5562
17.6513
17.6387
17.4657
17.3745
17.5061
17.7357
17.3501
17.4070
17.3997
17.3926
17.7162
17.3668
17.2224
17.0388
17.3977
17.3317
17.4205
17.6783
17.6047
17.2893
17.6331
17.4083
16.9775
17.3436
17.2459
17.4642
17.5029
17.4414
17.3091
17.2063
17.2468
17.6523
17.3304
17.9393
17.8279
17.6744
17.4442
17.6809
17.6017
17.4853
17.8200
17.3567
17.5595
17.5881
17.6446
17.6961
17.8684
17.7007
17.7649
17.3593
17.3823
17.6172
17.6393
17.5160
17.6890
17.8157
17.7809
17.8903
17.9179
17.5791
17.8748
17.6611
17.7644
17.2685
17.7923
17.5814
17.6167
17.2158
17.6575
17.4257
17.4711
17.1712
17.4665
17.8970
17.7182
17.7199
17.2309
17.3375
17.2483
17.5493
17.5278
17.4344
17.7685
17.4036
17.7981
17.4957
17.1083
17.5527
17.6859
17.1636
17.4072
17.4105
17.4474
17.2915
17.5726
17.2050
17.3311
17.2996
17.3281
17.1393
17.3835
17.3196
17.1415
17.0887
17.2085
17.2138
17.1068
17.1608
17.2248
17.1069
17.2493
17.3895
17.3759
17.5487
17.6579
17.7419
17.5499
17.5949
17.3410
17.6163
17.4673
17.4760
17.5469
17.4337
17.1995
17.2930
17.2456
17.2159
17.0861
16.9693
16.7357
16.6587
16.9634
17.0069
17.4187
17.5803
17.5217
17.5144
17.4177
17.6261
17.3964
17.4285
17.4542
17.5129
17.5260
17.3998
17.1338
17.2624
17.2511
16.9953
17.3385
17.3721
17.7076
17.2853
17.5924
17.2906
17.4044
17.3087
17.1896
17.2687
17.5487
17.2916
17.3712
17.6360
17.5816
17.3035
17.3478
17.3582
17.7136
17.6161
17.8113
17.3835
17.3505
17.8144
17.5129
17.6214
17.3080
17.4190
17.3694
17.4802
16.9483
17.2587
17.4891
17.3018
17.1885
17.1671
17.7048
17.3011
17.3310
17.2905
17.6034
17.1190
17.2810
17.4639
17.6468
17.5265
17.0353
17.2494
17.2426
17.3191
16.9549
17.0111
17.1447
17.3593
17.1931
17.1446
17.3800
17.3794
17.1160
17.3667
17.2590
16.9935
17.0870
17.0964
17.4875
16.9657
17.0554
17.0233
17.3734
16.9924
16.9219
16.7043
16.9637
17.1549
16.7397
16.8516
17.2134
16.8684
17.3038
17.3303
17.1989
16.9994
17.1987
17.2487
17.3334
17.0515
17.0316
17.1348
17.1105
16.8671
17.4663
17.1477
16.8646
16.9391
16.7045
16.4620
16.7864
16.7779
16.4205
16.7049
16.7750
16.6723
16.5603
16.5184
16.4611
16.5087
16.5467
16.6897
16.7221
17.1293
16.7707
16.7788
16.7947
17.0965
17.1858
17.0328
17.0153
17.1660
16.9086
17.2128
17.1121
16.8121
16.9274
16.6722
16.5413
17.0547
16.9585
17.0608
17.2228
17.0815
17.1320
17.0393
16.9999
17.0214
17.0959
17.2864
16.7994
16.8138
16.8864
17.0410
17.2279
16.7848
17.0522
16.8662
16.9172
16.9030
17.0406
17.3538
16.7828
17.2344
17.3554
17.5820
18.0539
17.9681
17.5946
17.5216
17.4869
17.5817
17.6321
17.0732
17.4012
17.6217
17.2800
17.4688
17.6965
17.2751
17.0826
17.1359
17.3785
17.1857
17.1436
17.2542
17.3007
17.4867
17.3603
17.4500
17.5736
17.8694
17.4129
17.2025
17.1441
17.6248
17.5620
17.5600
17.7565
17.6576
17.8466
18.0090
17.5346
17.6209
18.1092
17.9800
17.9544
18.0343
17.5739
17.6441
17.8000
17.7320
17.6201
17.7337
17.7562
17.9422
17.8644
17.5547
17.4690
17.1702
17.5864
17.6999
17.5427
17.8670
17.8452
17.7700
17.6895
17.5109
17.7468
17.6224
17.6329
16.9432
17.4586
17.2201
17.2425
17.1849
17.2379
16.8531
17.1232
16.9829
17.1993
17.1736
17.0945
17.3083
17.1688
17.1573
17.2232
17.3873
17.4442
17.0090
17.3448
17.1329
17.5478
17.2401
17.1700
17.2635
17.1367
17.3349
17.2022
17.4544
17.2900
17.0281
17.3869
17.3743
17.3403
17.5045
17.4950
17.4776
17.3447
17.4157
17.5023
17.4330
17.5757
17.4393
17.6331
17.8111
17.4958
17.5925
17.4248
17.5936
17.7082
17.5822
17.5758
17.5112
17.5848
17.3046
17.1783
17.3422
17.4597
17.6036
17.2772
17.5160
17.2516
17.6195
17.1847
17.2374
17.4088
17.1229
17.3775
17.2685
17.4219
17.3409
17.7263
17.2761
17.3073
17.8807
17.6607
17.3484
17.5156
17.3542
17.3681
17.6495
17.6999
17.3921
17.2077
17.6094
17.6024
17.2969
17.3888
17.2932
17.3672
17.1256
16.9952
17.1994
17.3135
17.3238
17.3193
17.5215
17.1609
17.4280
17.2914
16.8224
17.2849
17.2713
17.1667
17.1272
17.4656
17.2222
17.0803
17.1349
17.2353
17.5395
17.5480
17.4765
17.5315
17.6344
17.4999
17.2940
17.3399
17.5419
17.5859
17.4543
17.6326
17.4429
17.3211
17.4678
17.2824
17.4349
17.1428
17.2243
16.7777
16.9886
17.2645
17.2301
17.3751
17.3875
17.3538
17.1810
17.3898
17.3973
17.3635
17.9198
17.4856
17.0982
17.3313
17.2243
17.4677
17.5208
16.9441
17.3486
17.5193
17.1949
17.2878
16.8684
17.2463
16.9328
17.3094
17.2505
17.2506
17.2819
17.2896
17.3667
17.6510
17.2137
17.6718
17.3825
17.5502
17.4963
17.3443
17.1587
17.4457
17.4665
17.7029
17.6405
17.5543
17.6072
17.8015
17.6635
17.4300
17.5791
17.4940
17.7204
17.3037
17.5079
16.9977
17.1654
17.1136
17.4545
17.2241
17.0183
17.6895
17.4662
17.7387
17.4752
17.4312
17.2592
17.5875
16.9758
17.1014
17.0125
17.1740
17.3785
16.7325
16.7120
17.0114
16.8281
16.8499
17.0199
17.3045
17.0638
16.8749
17.0362
17.1408
17.3814
17.7207
17.3263
17.3009
17.2581
17.5080
17.7378
17.4917
17.4965
16.9110
16.8998
17.2517
17.0954
16.9951
16.9097
16.7682
16.6669
17.1238
17.0709
17.3662
17.4423
17.4806
17.6267
17.4022
17.7102
17.2857
17.4174
17.3479
16.7785
17.0686
17.2244
17.0721
16.9102
17.1142
17.2217
17.3842
17.1982
17.7683
17.3176
17.5068
17.3675
17.1867
17.1496
16.7908
17.1036
17.1857
17.5287
17.1347
17.5167
17.1452
17.1993
17.4185
17.0731
16.9013
16.9648
16.6313
16.6722
16.6949
17.0304
16.8781
16.8854
16.7299
16.9968
17.1896
17.2827
16.8774
16.5515
16.7358
16.9545
16.9277
17.0373
16.8722
16.7956
16.8192
16.8496
16.5864
16.5703
16.5242
17.0472
16.6626
17.0011
16.7648
17.1278
16.8703
16.8630
16.8280
16.9914
16.7537
16.8665
17.0675
17.0228
16.9535
17.1464
17.1622
17.4225
17.1161
16.9805
17.1670
17.3050
16.6691
17.0311
16.7989
16.8772
17.0436
17.0547
16.9526
17.0084
16.4443
16.8195
16.7337
16.9041
16.8037
17.0360
16.8078
17.2106
17.0646
17.0800
17.4279
17.4427
16.9377
17.0437
16.9263
16.9135
17.0572
16.9205
16.7234
17.2420
17.3082
16.8749
16.2720
16.7923
16.7740
16.7293
16.8210
16.8182
16.8794
16.6645
16.9532
17.3667
16.6067
16.6672
16.8342
16.5960
17.0705
17.0053
17.0673
17.3021
17.3532
17.0636
16.8426
17.0632
16.7069
17.0470
17.3513
17.5968
17.2715
17.3601
17.1876
16.9048
17.0098
17.0454
16.1903
16.5645
16.2156
15.8974
15.9567
15.8072
16.1389
16.5043
15.8970
15.6377
16.1191
16.2819
16.1851
16.5669
16.9096
16.7310
17.0771
16.9044
16.7212
16.5608
16.4327
16.7567
16.7393
16.6398
16.1827
16.3675
15.9464
16.3666
16.1746
16.7579
16.6604
16.4105
16.8469
16.1015
16.1712
16.0131
16.1473
15.7706
16.3032
16.3468
16.2787
16.3545
16.3151
16.0378
16.2410
15.9714
16.2656
16.6213
16.4572
16.1182
15.8489
15.8033
15.9868
16.2877
15.9469
16.4344
16.0990
16.1468
16.2667
16.0724
16.2917
16.2020
15.9897
16.0100
16.4110
15.5259
15.8671
16.1907
15.8739
16.1200
16.0691
16.2919
16.6919
17.0774
16.8958
16.8936
17.2344
16.5299
17.0286
17.3884
17.2416
17.1514
16.9806
16.9687
16.6451
16.8825
16.6598
16.3902
16.6906
16.0573
16.1652
16.2513
16.4921
16.7851
16.9244
16.8320
16.9360
16.7341
17.0236
17.0970
16.9869
16.8592
17.1732
17.2043
17.1375
16.9892
17.0217
16.9120
16.4410
17.4517
17.2750
16.1319
16.1165
16.5401
16.5554
16.4260
16.6056
17.0804
16.7625
16.4129
16.0345
15.9705
16.0616
16.6238
16.3383
16.4937
16.4415
16.1337
16.8609
16.4625
15.7401
15.8146
16.0783
16.5844
16.3458
15.8199
15.9914
16.1183
16.1394
16.1136
15.4285
16.0629
15.9394
15.1363
15.5848
15.7744
15.3780
15.8656
15.4396
15.7160
16.7472
16.1118
15.5898
15.1863
14.7683
15.3970
16.4624
16.3760
16.1171
16.1662
15.9788
15.8053
15.7628
15.5284
15.7271
15.9653
16.3377
16.5694
15.7770
16.0966
15.6409
16.1716
16.2856
16.3586
16.0435
15.8404
15.8594
16.1522
16.5200
16.6430
15.7463
15.8603
16.0569
16.2731
15.5497
15.9038
15.6873
15.7681
15.9973
16.0239
15.7755
15.9911
15.4985
14.6961
15.6273
15.4773
15.7332
15.7376
15.6260
15.7095
15.3567
15.8163
15.6402
15.7632
15.9524
16.0023
15.8989
15.3588
15.9285
16.6437
16.4387
16.4464
16.9073
16.6963
16.8672
16.5758
16.3100
15.7061
15.0555
15.0809
14.7846
15.0134
14.3122
14.7791
14.2023
13.2726
14.3622
13.7501
14.0401
14.3342
14.0309
13.9039
14.7883
15.9796
16.2476
16.0570
16.0571
15.5749
15.2524
15.7502
15.3656
15.5952
15.6132
15.3959
15.1914
15.1900
14.9801
15.2326
15.4883
15.0620
15.5522
15.5026
15.7408
16.0017
15.6608
15.8295
16.2303
16.4780
15.6642
16.1772
16.6198
16.5073
16.0267
16.6505
16.9037
16.5095
16.3687
16.2620
16.1981
16.1711
16.3355
16.5601
16.6843
16.3365
16.4623
16.1930
16.3333
15.5184
15.9161
16.1381
15.9226
16.1727
15.8477
15.8803
15.1389
15.4207
15.7851
16.0268
15.6929
14.8846
14.5540
14.9333
15.6144
15.6608
15.8510
15.5924
15.5690
15.6254
15.6754
15.8685
16.1977
15.8469
16.1949
15.3803
15.5820
16.0317
16.0103
15.3470
15.8265
15.5032
15.3365
15.6392
15.4924
15.7682
15.1352
15.2591
15.4125
15.8562
15.7159
15.5151
15.6427
15.6849
15.3626
15.7086
15.9123
15.8148
15.9525
15.5607
16.0326
16.0286
15.7807
15.3965
15.7358
15.3300
15.8790
15.7005
15.8222
15.9083
15.4001
15.3489
15.3084
15.6710
16.0021
15.9864
15.9068
15.9751
16.1428
15.9006
15.7869
15.6547
16.0456
15.9554
15.7074
15.8522
16.0730
15.7096
15.9725
15.7043
15.6372
16.2518
15.8888
16.1515
15.4740
15.4144
16.0242
15.2568
15.9502
15.9261
15.3449
15.5552
15.4827
15.1457
15.8256
15.7629
15.4666
15.7704
15.7336
15.7547
16.0202
15.4592
15.9307
15.4626
15.3346
15.4159
15.2170
15.7912
15.6460
15.7428
15.5486
15.2355
15.1243
15.1436
15.3329
15.6059
14.9772
15.2111
15.3245
15.1835
15.3227
15.1681
15.0832
14.9341
14.5211
15.1207
14.7597
14.7150
15.2335
14.9995
14.8802
14.9685
15.2191
14.9100
15.2538
14.8749
15.0844
15.2445
14.7763
15.1676
15.2109
15.0445
15.1832
15.3240
15.1806
15.3243
15.3592
14.7390
14.8387
15.1267
14.9168
14.9732
14.8913
14.8626
14.7370
15.1762
14.6361
14.5115
15.3394
15.1512
15.4579
15.4650
14.9523
14.9895
14.8093
14.5801
14.8222
14.9794
14.8077
14.7907
14.5736
14.4002
14.8140
14.7241
14.6008
14.8536
15.2082
15.2824
15.3188
15.2464
14.9094
15.0158
14.2734
15.0841
15.0639
14.9928
14.9034
14.7674
14.7884
14.7902
15.0596
14.6617
14.7955
14.9176
14.8794
14.6252
14.6422
15.0119
14.9731
14.3688
14.9549
15.1231
15.0361
14.8023
14.7322
14.8826
14.8854
14.8607
14.4855
14.8822
14.6608
14.9943
15.1902
15.3960
15.1883
15.1472
14.9381
15.2760
15.1828
15.2168
15.0537
14.7228
14.9249
14.9497
15.0792
15.6018
15.2589
15.0819
15.1374
14.9700
15.4631
14.6469
14.5235
14.7592
14.8584
15.0942
14.9698
15.1810
15.2170
15.0355
15.1389
15.1392
15.2732
15.2234
15.2734
15.0717
15.1166
15.0557
15.1173
14.9646
15.2698
15.0434
15.1615
14.8841
15.3556
15.3520
15.4038
15.2159
15.1919
15.3374
15.2716
15.3691
15.0607
15.3528
15.2395
15.4913
15.2025
15.3166
15.4207
15.6258
15.2175
15.1517
15.0488
15.1930
15.2129
15.4619
15.3364
15.3869
15.3199
15.3193
15.3983
15.3926
15.3598
15.1179
15.0704
15.2109
15.2377
15.3480
15.2974
15.3400
15.2768
15.3179
15.3517
15.5054
15.4703
15.3690
15.5741
15.6578
15.2092
15.5987
15.1988
15.4000
15.3362
15.4400
15.3347
15.3929
15.4769
15.4028
15.3794
15.1694
15.4132
15.5449
15.2621
15.6785
15.7893
15.4850
15.0755
15.5172
15.0693
15.4922
15.1022
15.5234
15.1382
15.5509
15.3289
15.3856
15.1589
15.7591
15.1018
15.2506
15.3728
14.6883
14.8192
14.9502
15.1095
14.9947
15.4295
15.4090
15.1134
15.2399
14.7668
14.4858
14.8907
14.3921
14.4804
15.0863
14.8892
14.6576
14.5800
14.9177
14.8203
14.8294
14.8731
14.9303
14.8723
14.3045
14.6550
14.7512
14.5743
14.5137
14.6597
14.6155
14.6821
14.6339
14.5274
14.6750
14.3928
14.3563
14.5539
14.5708
14.5775
14.4122
14.6965
14.6141
14.9996
14.8468
14.7167
15.0020
15.0201
14.9739
14.7773
15.0054
14.6185
14.3338
14.3355
14.5794
14.6307
14.1827
14.4072
14.3656
14.7182
14.8953
14.6066
14.3466
14.3598
14.4920
14.8190
14.2802
14.3336
14.3764
14.4120
14.4823
14.1215
13.9158
13.9422
13.9239
14.1651
14.0268
13.9350
14.3676
13.9813
13.8977
14.6469
13.9433
13.9909
14.5775
14.6471
15.0555
15.4994
15.4128
15.3394
15.2208
15.1596
15.4325
15.3908
15.1511
15.4059
15.3463
15.5266
15.3794
15.0815
15.3516
15.3880
15.5417
15.1855
15.2488
14.9012
14.9620
14.8456
15.4139
15.4508
15.2126
15.3005
15.5324
15.3313
15.3473
15.2532
15.4291
15.0392
15.2832
15.2378
15.0922
15.0722
15.1176
15.2273
15.1893
15.3167
15.3441
15.4632
15.2853
15.3240
15.2865
15.6104
14.9515
15.0917
14.9467
14.6929
14.8587
14.8828
15.0488
15.2414
15.5114
15.2441
14.9951
15.3408
14.9872
15.2699
15.3442
15.3014
15.5411
15.2841
15.4414
15.2700
15.3604
15.2520
15.0228
15.3814
15.4026
15.2068
14.8993
14.9461
14.7482
14.9272
14.9308
14.7568
14.9016
14.7228
14.8311
14.9872
15.1046
14.7733
14.9844
15.0775
15.1087
15.1940
15.2722
14.6839
14.9866
14.9800
14.6121
14.7181
14.4264
14.7455
14.6666
14.3808
14.5525
14.9695
14.4970
14.4211
14.5342
14.8224
15.0623
14.9370
14.6133
14.6641
15.0494
15.0591
14.9626
15.1333
15.0728
14.6121
14.8976
15.2313
14.8412
15.3738
15.2696
15.4158
15.3393
15.0828
14.6928
14.7055
14.7498
14.9584
15.1383
15.0453
14.7960
15.0836
15.6963
15.6760
15.5659
15.4319
15.5405
15.7252
15.6574
15.5852
15.6716
15.4745
15.8419
15.4735
15.6474
15.6680
15.4062
15.3407
15.4656
15.3643
15.2717
15.4261
15.4662
15.3100
15.4643
15.2035
15.4662
15.3477
15.2671
15.4042
15.3016
15.3720
15.4886
14.8556
14.9482
14.9675
15.1829
15.0567
15.2951
15.2885
15.4397
15.4289
15.0000
15.4321
15.1039
15.0010
15.3887
15.3128
15.2188
14.8820
15.1616
15.0981
15.3026
14.9983
14.9535
15.1426
15.0809
15.1009
15.1397
15.3042
15.3544
15.1015
15.3254
15.3139
15.1562
15.1283
15.1655
15.3806
15.4425
15.1118
15.2638
15.5469
15.2310
15.2464
15.4814
15.3037
15.5601
15.3816
15.3783
15.2850
15.2574
15.3052
15.0717
15.3454
15.4263
15.4040
15.2428
15.2499
15.2319
15.2603
15.3455
15.2333
15.1177
15.1348
15.2650
15.2996
15.4532
15.2246
15.3248
15.3043
15.4790
15.3864
15.3176
15.1801
14.9868
15.1850
15.1387
15.2058
15.0991
14.8016
15.1183
15.3167
14.8591
15.3022
15.1049
15.3335
15.0778
14.9365
15.1533
15.1094
15.0406
15.0228
15.1363
15.1107
15.3628
14.9814
14.5020
14.8656
14.9548
14.7490
15.1503
14.9996
15.2222
15.1359
15.2190
15.2357
15.0085
15.5671
15.0664
15.3759
15.4053
15.6807
15.2816
15.2541
15.0035
15.2361
15.2359
14.9918
15.1091
15.0286
15.1630
14.9401
15.2963
15.1606
14.9334
15.0371
15.1020
14.8645
15.1657
15.2272
15.0524
15.3302
15.3119
15.0589
15.4520
15.6744
15.4063
15.4045
15.4453
15.4043
15.7423
15.5086
15.5362
15.6310
15.7528
15.8100
15.5382
15.3365
15.1848
15.2683
15.5656
15.5120
15.5116
15.4354
15.4322
15.3017
15.1108
15.5234
15.2798
15.0828
15.3462
15.5558
15.5687
15.9077
15.6924
15.8061
15.5196
15.3904
15.5396
15.3726
14.9269
15.7067
15.7170
15.5979
15.3110
15.6264
15.3270
15.4933
15.4085
15.0210
15.5043
15.4552
15.7166
15.4077
15.1498
15.2348
15.1040
15.1253
15.0693
15.4336
15.0897
14.9719
15.0061
14.8263
15.0458
14.8134
14.9875
15.0840
15.0968
14.9112
14.9483
14.8438
14.9335
14.9544
14.6832
14.7173
14.5472
14.7441
14.5016
14.9214
14.7390
14.8552
15.0072
15.5274
15.4809
15.4546
15.4069
15.4841
15.5683
15.5138
15.5658
15.6044
15.1488
15.3141
15.0025
15.0574
15.3019
15.2263
15.1202
15.4345
15.2943
15.0679
15.4013
15.2651
14.7921
15.1550
14.8869
15.2180
15.5009
14.9685
15.2931
15.3694
15.2397
15.4694
15.6248
15.4567
15.4356
15.5608
15.5286
15.9781
15.9672
16.0326
16.0282
15.7265
15.9554
15.8107
15.7874
16.0717
15.6327
15.9935
15.4660
15.6538
15.6108
15.9292
15.9029
15.5766
15.5788
15.4246
15.9451
15.8374
15.8181
15.7138
15.8302
15.8239
15.3093
15.4642
15.2587
14.9271
15.0271
15.3271
15.3849
15.2828
15.3600
15.1629
15.5295
15.0825
15.2229
15.3464
15.2515
14.9776
15.6568
15.0908
15.4532
15.2807
15.0977
15.1263
15.2431
14.7629
14.7396
15.0336
15.3478
15.3798
15.2224
15.3343
16.0826
15.9677
15.9010
16.0155
15.9427
16.0531
16.1908
16.4758
16.5211
16.4538
16.4348
16.1894
15.9367
15.7193
15.6694
15.5551
15.7147
15.6420
15.5933
15.4593
15.4851
14.8357
15.1076
15.5228
15.8738
15.5927
15.6228
15.0920
15.3930
15.4837
15.2145
15.5075
15.2909
15.3894
15.1165
15.3945
15.2944
15.2744
15.0786
15.1305
15.3342
15.1935
15.1839
15.1500
15.1479
15.2742
15.3365
15.3245
15.1947
15.0547
15.3442
15.7246
15.5698
15.4889
15.6740
15.5472
15.5749
15.5003
15.4749
15.5591
15.7866
15.7162
15.4790
15.8075
15.3207
16.1250
15.6991
15.8920
15.8014
15.5605
15.6626
15.5414
15.3027
15.2816
15.4585
15.4312
15.5298
15.8642
15.6152
15.3048
15.4272
15.3632
15.1335
15.6543
15.6726
15.3896
15.5475
15.3113
15.5270
15.3971
15.5269
15.7201
15.3157
15.2709
15.4055
15.5843
15.7679
15.3786
15.5033
15.5525
15.5672
15.3638
15.5411
15.7409
15.4156
15.4762
15.2960
15.1526
14.4080
14.6970
14.8256
14.7178
15.1320
14.7842
14.9650
15.0622
15.3288
15.9612
15.1317
15.7028
15.8047
15.3322
15.7336
16.0305
15.5533
15.7887
15.4221
15.7071
15.4779
15.4786
15.6816
14.6399
14.9731
15.3517
15.2995
15.4392
15.3722
15.4545
15.4362
15.3329
15.6987
15.5211
15.3858
15.2535
16.0650
15.5382
15.6444
15.5505
16.0550
15.6972
15.8855
15.9561
15.5890
15.4886
15.5687
15.5223
15.8331
15.7945
15.4222
15.8397
15.5983
15.5356
15.5751
15.6367
15.1749
15.1135
15.2368
15.1079
15.5318
15.4479
15.5016
15.4229
15.1000
15.1196
15.2982
15.3362
15.4311
15.2617
14.9640
15.3103
15.4534
15.5136
15.3829
15.4598
15.5302
15.6875
15.5092
15.4387
15.7221
14.7616
15.1578
15.4294
15.5451
15.2100
15.3760
15.3147
14.8981
15.6083
15.9469
16.0763
15.7745
15.8229
15.7953
15.6149
15.9559
15.4778
15.5363
15.8816
16.0009
15.6499
15.9138
15.9912
16.4520
16.6683
16.1837
16.0939
16.0759
16.1398
16.1573
15.9591
16.0001
16.4718
16.1233
16.5259
16.3341
16.6858
16.4031
16.0988
15.8868
16.5481
15.9685
16.0147
15.9297
16.2447
16.2504
16.0818
16.1041
15.8664
16.0679
15.9651
16.2130
16.0049
16.0328
16.3559
15.9714
16.5178
16.4160
16.1929
16.2516
15.9385
16.1387
16.1478
15.9793
15.8321
15.7987
15.8064
16.0760
16.1310
16.1135
16.2127
16.0447
15.9981
16.0986
16.1339
16.0430
16.1778
15.8923
15.8422
15.5502
15.6881
15.3432
15.5187
15.7851
15.8074
15.7348
15.5919
15.9336
15.6679
15.8653
15.7448
16.1089
15.7782
15.6913
15.8442
15.6819
15.4608
15.4985
15.5569
15.8213
15.1548
15.1295
15.3364
15.3983
15.3099
15.4752
15.0544
15.4005
15.6498
15.4667
15.4058
15.3047
15.3376
15.4384
15.6900
15.5315
15.2837
15.6819
15.6970
15.7673
15.6427
15.3987
15.5614
15.5067
15.4253
15.5229
15.1982
15.3736
15.3039
15.5153
15.6014
15.3508
15.7083
15.2743
15.5814
16.0765
15.9125
15.8484
15.7706
15.6184
15.2698
15.2188
15.4100
15.4042
15.6431
15.3798
15.2893
15.7387
15.6957
15.7570
15.8115
15.7931
15.8729
15.9673
15.9638
15.6877
15.7825
15.9246
15.5863
15.7030
15.6326
15.5357
15.8248
15.9918
15.3074
15.2623
15.5312
15.5367
15.6123
15.3304
15.5557
15.3759
15.6036
15.2443
15.5151
15.2522
15.3433
15.2944
15.6962
15.7584
15.9983
15.7508
15.5175
15.8330
15.8923
15.6188
15.6999
15.3674
15.7174
15.5656
15.4011
15.5061
15.4688
15.5690
15.8414
15.9241
15.8169
15.5431
15.8420
15.6792
15.4662
15.4553
15.3895
15.3528
15.5631
15.7673
15.6938
15.6604
15.8338
15.7842
15.5011
15.5241
15.4519
15.3352
15.2556
15.4529
15.5967
15.5753
15.5075
15.7236
15.5207
15.6688
15.6412
15.5168
15.5685
15.8759
15.8352
15.6616
15.7141
15.7048
15.7069
15.5488
15.3239
15.4231
15.6475
15.7542
15.3966
15.6954
15.8403
15.5930
15.6903
15.7170
15.8381
15.9983
15.8162
15.8358
15.4610
15.3503
15.6217
15.6351
15.7022
15.7476
15.5552
15.6462
15.6820
15.5329
15.6850
15.8005
15.7136
15.5116
15.5096
15.6692
15.8001
15.8753
15.5283
15.8110
15.5189
15.8799
15.6209
15.6066
15.5688
15.2309
15.6082
15.6783
15.8060
15.4352
15.4090
14.7078
15.1399
15.1071
15.4715
15.3137
15.2982
15.0644
15.1438
15.5053
15.9649
15.3101
15.8819
15.9928
15.9204
15.9569
15.9327
15.8343
15.8041
15.4847
16.0821
15.4375
15.4767
15.4883
15.5101
15.5753
15.2706
15.6920
15.8388
16.0925
16.0774
15.6249
15.6264
16.1734
15.8227
16.0486
16.2713
15.8844
15.9788
15.9055
16.0864
16.3048
16.1418
15.8591
15.5823
15.3994
15.7861
15.7529
16.0340
15.9242
16.0296
15.8401
15.7859
15.8741
15.6491
16.2458
16.1756
15.9425
15.9665
15.9094
15.9288
16.1457
16.0457
15.7224
15.6883
15.5233
15.6697
15.5964
15.5682
15.7359
15.7570
15.9516
15.8276
15.6240
15.9741
15.9483
15.8295
15.8035
15.3511
15.8076
15.7607
16.1207
16.1069
16.4843
15.7534
15.9674
15.9502
16.0157
15.8857
15.8805
15.9770
15.9759
15.7530
16.2394
15.9294
15.8028
15.9512
15.9754
16.2075
15.5756
15.7806
15.8418
16.1220
16.0731
16.0460
16.0947
16.3691
16.0801
16.0506
15.9622
16.0413
16.1881
16.0205
16.0311
15.9381
16.0785
15.9133
16.2804
16.0567
15.8107
15.9500
15.6961
15.7280
15.6238
15.3843
15.7820
15.5343
15.6427
15.4331
15.7565
15.6524
15.8814
15.9585
15.7247
16.0493
15.6876
15.6543
15.6701
15.8335
16.1930
15.8777
15.9408
15.7801
15.7016
15.6428
15.6995
15.4991
15.6789
15.8786
15.6727
15.8561
15.8176
16.1361
15.9890
15.9065
15.9844
15.7268
15.7964
15.8074
16.2317
15.8393
15.9620
15.7928
16.1039
15.8931
15.8127
16.0036
15.9209
15.5050
15.9994
16.0210
16.0852
15.6922
15.9839
15.9185
15.8649
16.0742
15.7690
15.6095
15.9766
15.5488
16.1400
15.8929
15.7505
16.4062
15.9927
15.9409
15.7760
15.6617
15.9482
15.5871
16.1302
16.2166
15.8838
16.0566
15.9578
15.5603
15.6596
15.5899
15.9853
15.6432
15.5454
15.7809
15.9776
15.9319
16.1189
15.8921
15.6850
15.6908
15.8739
15.8883
15.7923
16.0690
15.9223
15.9544
15.9108
16.0404
15.6735
15.9123
15.9689
15.5645
15.7998
15.8167
16.1227
15.5902
15.9936
16.1562
16.1152
15.9538
16.1608
15.7290
15.7228
15.5403
15.7256
15.7735
15.5683
15.7650
15.6962
15.9496
15.8358
15.8303
15.6458
16.0211
15.9770
15.6402
15.9634
15.7610
15.8752
16.0515
15.9901
16.1790
16.2422
16.0852
16.5440
16.4423
16.1656
15.8669
15.5789
15.8474
15.8903
15.6551
16.1067
15.7542
15.9107
15.7231
15.5846
15.5537
16.0908
15.7179
16.0128
15.6555
15.8976
15.7756
15.6912
15.4677
15.6524
15.7648
15.5364
15.5535
16.0935
15.9196
15.6561
15.5872
15.4084
15.9929
15.9137
15.7999
16.2387
15.8648
15.7901
15.7324
15.7759
15.9611
16.0028
15.9206
15.6337
15.9233
15.5673
15.9161
15.5105
15.7220
15.7752
15.9278
15.4169
15.7279
15.7486
15.8902
15.8577
15.2932
15.9773
15.6357
16.0269
15.8400
15.9352
15.6745
15.6042
15.8914
15.7363
15.3002
15.7600
15.8844
16.0653
16.0035
16.3049
15.8282
15.9763
15.9017
15.9279
15.8618
16.0557
15.9670
16.3703
16.2612
16.0435
15.8112
15.9458
15.9144
15.9236
15.6511
16.1194
15.8067
16.0947
15.8256
16.0734
16.0984
15.9568
15.8753
15.7001
15.7443
15.7050
15.8570
15.7287
15.9858
15.9423
15.9019
15.8466
15.8529
16.0196
15.9117
15.9717
15.7750
15.6755
16.1213
15.8793
15.8280
15.5610
15.9040
15.8006
15.7460
15.9223
15.7397
15.6929
15.7756
15.3998
15.3816
15.6016
16.2160
16.0231
16.0146
16.1876
15.8113
15.9186
15.9157
15.8959
15.6515
15.9005
15.4614
15.5286
15.4276
15.2577
15.3395
15.7184
15.8282
15.6507
15.8885
15.5767
15.9296
15.8676
15.7212
15.7646
15.8485
15.7302
15.6425
15.7969
15.7668
16.1924
15.8076
15.6142
16.0258
15.6053
15.8825
15.6661
15.8397
15.9884
15.8395
15.8699
16.2562
16.0490
15.7660
15.9054
16.0215
15.8069
16.1679
16.0343
16.0281
15.9294
15.6884
15.7967
15.9109
15.8262
15.5711
15.6310
15.5940
16.0442
15.7350
15.8408
15.8563
15.8289
15.9719
15.5916
15.8660
15.6835
16.0943
15.9776
15.5382
15.7965
15.7122
15.8245
15.6769
15.9846
16.2381
16.1578
15.8033
16.0808
16.0059
16.0777
15.7049
16.0585
15.9974
16.0938
16.1436
15.9615
16.1016
15.8072
16.3488
15.7095
16.3013
16.0882
15.9502
16.2269
15.9834
15.7524
15.7551
16.0687
16.0559
15.8690
16.0121
15.7478
15.9983
16.1334
15.8006
15.7169
15.9834
15.6717
15.8956
15.8451
15.9115
15.9060
15.8566
15.9256
16.0728
16.2820
16.1543
16.2128
16.0746
16.1926
15.9316
15.8624
15.8738
16.0664
16.0388
16.4599
16.4648
16.4567
16.0099
15.9976
16.1513
16.1096
16.0896
16.1287
16.1371
15.9217
16.1080
15.8500
16.0613
16.1484
15.9610
15.8907
15.8340
15.8497
15.8008
15.7737
16.1849
16.2221
15.8225
16.0029
15.9717
16.1038
16.1732
16.0700
15.7532
15.8669
15.9048
16.2281
15.7385
15.8354
15.7036
16.1518
16.3322
16.0414
15.9284
15.7868
16.1270
16.0432
15.9641
16.2627
16.1995
16.1525
16.1751
15.9948
16.1282
16.1433
15.7374
15.8062
16.2354
15.6834
16.0564
15.9185
15.9794
16.2608
16.2052
16.2861
16.1656
15.9696
15.8949
16.0787
15.9532
15.7063
15.5799
15.8317
16.0357
15.9250
15.7378
16.1719
15.8022
15.9907
16.1458
15.7595
16.2156
15.8067
15.9795
16.2384
16.0140
16.0598
15.9593
16.1673
16.4435
16.3801
15.8778
16.1990
16.2078
16.1471
15.8576
16.2261
16.0754
16.0054
16.1086
16.2407
15.9400
15.8261
16.0739
16.2582
16.0152
15.9034
16.0906
16.0790
16.3699
15.9565
15.8543
16.1376
15.7975
15.9629
16.0536
16.3447
16.0338
16.0144
15.8213
16.0334
15.9287
15.7340
15.9831
15.7886
15.7761
15.7704
16.1012
15.4214
16.0185
15.7652
15.7268
15.9808
15.8966
15.9709
16.0246
15.9793
16.0714
16.0855
15.8978
16.0729
15.8203
15.6993
15.6034
15.9418
16.1366
15.7662
15.8253
16.1647
15.7918
15.9499
15.9732
15.7668
16.1853
16.1083
15.9147
16.5423
16.7366
16.4265
16.5571
16.4363
16.4932
16.5475
16.6649
16.6605
16.0729
16.1260
16.1872
15.9564
15.7199
16.0719
16.1914
15.8024
15.7617
16.0140
16.1587
16.3046
16.2756
16.0925
15.9530
15.9058
15.9607
15.9192
15.8687
16.1079
15.7178
16.1899
16.1583
15.9345
16.1025
16.2485
15.8087
16.3461
16.1691
15.9497
15.7474
15.8505
16.0081
16.3720
16.5935
16.5637
16.2540
16.2038
16.1172
15.9725
16.3081
16.4307
16.1886
16.2083
16.1523
16.2496
16.4466
16.1746
16.1617
16.1317
16.0130
16.0428
16.1548
15.9954
16.0340
16.2086
16.1799
16.1052
16.0767
16.2718
16.2382
16.1001
15.9500
16.3202
16.2583
16.3381
16.2096
16.0977
15.9396
15.9840
16.0716
16.1253
16.1805
15.9845
16.3866
16.5048
16.2809
16.0886
16.3774
16.3775
16.2488
16.5878
16.0222
16.2211
16.0438
16.3158
16.0696
16.3684
16.3428
16.3567
16.3770
16.4874
16.6583
16.3638
16.6122
16.5345
16.1219
16.1917
16.2879
16.2970
16.3666
16.5209
16.0678
16.2282
16.3027
16.4025
16.4759
16.1050
16.1330
16.2687
16.1245
16.1980
16.2399
16.2824
16.3366
16.4590
15.8602
16.1636
16.0043
16.1699
16.4415
16.4488
16.3835
16.2685
16.4478
16.2997
16.4093
16.3178
16.6254
16.5806
16.2723
16.3422
16.6220
16.3715
15.9765
16.1058
16.1974
15.9150
16.1495
15.9389
16.1446
16.3177
16.2462
16.1714
16.3157
16.4938
16.0615
16.1083
15.9783
16.1406
15.9308
15.6879
15.7705
16.0777
16.1436
15.8752
15.6739
16.1606
15.9395
16.2122
16.0118
16.0196
16.1442
15.8879
16.1210
16.1301
15.8365
15.9394
16.0104
16.0896
15.6768
15.9863
15.8178
15.9656
15.7783
16.0446
16.0572
15.9584
16.0168
15.9209
15.9463
15.7882
15.7123
16.1529
15.7595
15.8786
16.0671
15.7508
16.0512
15.9063
16.0369
15.9812
15.9212
16.0606
16.1789
16.1163
15.7231
15.9817
15.9306
15.7495
15.8297
16.0475
15.9760
15.7590
15.9522
15.8884
15.7759
16.2135
15.7268
15.7947
15.8320
15.9905
15.8588
15.5689
15.9658
15.9194
15.6831
15.6943
15.9493
15.5997
16.1254
15.8001
15.5218
15.6594
15.8864
15.8446
15.8915
15.7782
15.9776
15.9257
15.9975
15.8955
15.8426
15.7795
16.1155
16.0977
16.1516
15.9150
16.3532
15.9858
15.7687
15.9151
16.0816
15.8550
15.9329
15.8183
16.0396
15.5486
15.9162
16.0677
15.8975
15.8402
16.0356
15.8045
15.6915
15.4836
15.7299
15.7326
15.9698
15.6818
15.8923
15.7292
16.0131
15.8456
15.6599
15.6233
15.9227
16.0632
15.8362
15.5000
15.6697
15.8969
15.9730
15.9588
16.0543
15.8802
15.7049
15.7509
15.8855
15.9897
15.9134
15.9020
16.0612
15.9956
16.0976
15.7192
16.2347
15.8981
15.9003
16.0629
15.8873
15.7717
15.8484
16.3574
15.6600
16.0540
15.9124
16.4072
15.6305
15.7141
15.9737
15.8428
15.6989
16.0432
15.9351
16.3729
16.2152
16.1370
15.9716
16.0221
16.0445
15.9140
15.9243
15.9693
15.9053
15.9676
15.7398
15.9787
15.8163
15.9914
15.8996
15.8799
15.8606
15.9032
15.8737
15.8533
16.0599
15.7198
15.8549
15.6854
15.9603
15.8680
16.1163
16.1925
15.7373
15.9111
15.8713
15.8252
15.7565
15.7332
15.8824
16.3051
15.6680
15.4414
15.9392
15.7254
15.4516
15.6371
15.7747
15.8864
15.6739
15.8811
15.9178
15.9159
15.5119
15.7673
15.8355
15.8102
15.8737
15.4427
15.5047
15.9220
16.1992
16.0014
15.8170
15.7479
15.4377
15.5759
15.8194
15.8605
15.8467
16.0870
15.8564
16.1054
15.9301
16.1352
15.8619
15.7059
15.8723
15.8566
16.0636
15.9104
15.7255
15.7346
15.6037
15.7047
15.5014
15.6846
15.6213
15.5687
15.8541
15.5434
15.5872
15.5677
15.8297
15.4738
15.7079
15.5103
15.9587
15.7697
15.9167
15.4000
15.8164
15.6696
15.9968
15.6954
15.8839
15.6580
15.3897
15.6345
15.6075
15.5280
15.5315
15.4392
15.7937
15.1328
15.6914
16.0540
15.8507
15.6162
15.8210
15.4710
15.7007
15.8914
15.2055
15.4425
15.5110
15.6236
15.5944
15.6166
15.5587
15.3222
15.6476
15.2388
15.5690
15.6548
15.4535
15.7046
15.3993
15.3506
15.4730
15.3229
15.4428
15.4263
15.3810
15.3745
15.5600
15.7656
15.4974
15.7579
15.4433
15.3982
15.8306
15.6651
15.5451
15.9637
15.9038
15.9474
15.8338
15.8041
15.5162
15.4774
15.4550
15.5979
15.6494
15.6604
15.8736
15.5869
15.5161
15.5945
15.7522
15.7198
15.6123
16.0564
15.6089
15.7108
15.5940
15.7935
15.8737
15.8537
15.3062
15.8119
15.9847
15.8762
15.7077
15.9205
15.6722
15.6147
15.2761
16.0221
16.0365
15.9200
15.8904
15.7238
15.5486
15.6781
15.8366
15.9499
15.9092
16.2286
15.8348
15.8298
15.7798
15.9184
16.0021
15.3511
15.8522
16.0234
15.6744
15.7461
16.0477
15.9666
15.8753
15.3594
15.5066
15.5594
15.5761
15.6149
15.7629
15.8718
15.8388
16.0067
15.7839
15.6699
15.7546
15.8548
16.2283
15.9707
16.1768
15.9258
16.0645
15.6516
15.9713
16.1375
15.9141
15.9028
15.8016
15.8246
16.0900
16.0713
15.9085
15.7464
16.1880
16.0465
15.8806
15.8996
15.9578
15.7955
15.8640
15.7665
15.8422
16.0013
15.8435
16.2870
16.0146
16.4936
16.3133
16.1021
16.1463
15.9339
16.0784
15.9275
16.1140
16.4978
16.7096
16.1168
16.0847
16.3045
16.2122
16.2922
15.9890
15.7319
15.6755
15.9929
15.9283
16.1984
16.2324
16.2435
16.0511
16.0125
16.0353
16.2342
16.2081
16.3100
16.2702
16.1037
16.2980
15.9001
15.9405
15.9006
15.9448
16.2358
16.2449
16.3783
16.0927
16.1973
16.0633
16.1746
16.3885
16.0188
16.2399
16.0967
15.8770
16.0525
15.9228
15.9674
16.1875
15.9380
16.1413
16.0138
16.1625
16.0632
15.8197
15.8988
15.7490
16.3027
16.2889
15.9439
15.7973
16.0387
15.8904
15.9610
15.7049
15.1830
15.4177
15.7033
15.4674
15.5265
15.6459
15.6199
15.8897
15.4060
15.5312
15.7737
15.6110
15.3161
15.6275
15.6461
15.5006
15.6530
15.8529
15.9237
15.8043
15.9237
15.8498
15.8782
15.2958
15.7296
15.8788
15.7738
15.8057
15.5438
15.8613
16.0600
16.1757
15.8925
15.5121
16.0504
16.3429
15.9293
16.0624
16.0501
15.9374
16.2656
16.0973
15.7787
15.9659
15.9861
15.9934
15.7279
15.9474
15.5681
15.7722
16.1666
15.7082
15.7352
15.8802
15.6463
15.9227
16.0110
15.6478
15.7539
16.0050
16.1391
15.9602
15.7243
15.9656
15.9430
16.0577
15.9487
15.9872
15.8622
16.0815
15.9079
15.7856
15.8245
15.9491
16.0275
15.5324
15.6523
15.6998
15.5802
15.9024
15.6122
15.5213
15.6573
15.6029
15.7839
15.7687
15.8943
15.5707
15.9759
15.8234
15.7603
15.9185
15.7256
15.7227
16.1327
16.1355
16.0216
15.8779
15.8249
15.9132
15.7262
15.8095
15.7323
15.7005
15.8544
16.0609
15.9538
16.0135
15.9306
15.7925
16.0038
15.8041
16.1152
16.0943
16.2192
16.0055
15.8821
15.7645
15.5331
15.7547
15.4721
15.5747
15.7118
15.8885
15.7048
15.7962
15.7896
15.6796
15.8888
15.7682
15.9686
15.8854
15.7348
16.2455
15.9027
15.6807
15.7415
16.3203
16.0651
16.1948
15.8846
15.9017
16.0512
16.1485
15.9708
15.8108
15.9280
15.7235
15.7728
15.7367
15.8208
15.7566
16.0904
15.7132
15.8593
15.9738
15.7310
15.7018
15.7244
16.0818
15.6405
15.7499
15.8459
15.8234
15.5646
15.5406
15.6927
15.7180
16.2111
15.9459
16.5234
16.1939
16.0071
15.8058
15.7766
16.3830
16.0752
15.6406
15.9497
15.6689
15.5790
15.2795
15.5149
15.2800
15.5812
