2.8025
3.0124
3.0000
2.9905
2.7329
2.9257
2.8819
2.8213
3.1079
3.1415
2.7468
2.6774
2.8768
2.9335
2.6226
2.5656
2.5489
2.5574
2.5285
2.4372
2.4544
2.4473
2.2706
2.4430
2.4803
2.2919
2.4751
2.3428
2.3670
2.5183
2.7173
2.6902
2.6435
2.7089
2.4102
2.5980
2.5399
2.7311
2.5853
2.5416
2.4618
2.5587
2.8778
2.6592
2.4659
2.4992
2.4454
2.4387
2.2831
2.5400
2.4307
2.4964
2.6846
2.8254
2.6966
2.5556
2.7984
2.8555
2.6167
2.8364
2.7663
2.5706
2.7306
2.6344
2.6132
2.4799
2.4151
2.5963
2.7796
2.5634
2.5814
2.3857
2.2864
2.3593
2.3955
2.3613
2.4256
2.4608
2.3588
2.4401
2.6912
2.4470
2.4613
2.4563
2.3699
2.3033
2.3052
2.1813
2.2176
2.2211
2.2971
2.5131
2.2867
2.4131
2.2574
2.4936
2.4191
2.5432
2.5489
2.3540
2.3903
2.5568
2.7130
2.2939
2.3660
2.4098
2.3436
2.4672
2.5517
2.6606
2.5078
2.4726
2.4166
2.3122
2.2688
2.3179
2.4146
2.4809
2.4126
2.5209
2.5543
2.5755
2.6944
2.5650
2.5665
2.5076
2.5087
2.3813
2.4477
2.3645
2.2519
2.7445
2.4881
2.6770
2.4225
2.5064
2.4463
2.5953
2.5596
2.4514
2.5026
2.6376
2.4441
2.4782
2.5588
2.4800
2.5840
2.4648
2.5026
2.5868
2.4575
2.4558
2.5795
2.5038
2.6154
2.5718
2.5300
2.5407
2.5018
2.5310
2.5900
2.5469
2.3163
2.5433
2.5543
2.5007
2.4993
2.4574
2.5745
2.6599
2.5660
2.7112
2.7035
2.6628
2.5963
2.6965
2.6835
2.8475
2.6353
2.6150
2.5797
2.5865
2.6237
2.7032
2.6712
2.6441
2.7012
2.7321
2.6023
2.5768
2.6184
2.5728
2.6737
2.5452
2.3380
2.5536
2.6042
2.6160
2.6586
2.6556
2.9038
2.7176
2.5984
2.5806
2.5637
2.8591
2.6789
3.0701
2.7334
2.7685
2.6800
2.7803
2.7199
2.9394
2.5952
2.6871
2.5132
2.6996
2.4753
2.5414
2.6367
2.5464
2.7902
2.5708
2.5424
2.5503
2.4030
2.5598
2.3795
2.3050
2.4687
2.4126
2.4414
2.4869
2.4331
2.5942
2.4497
2.5194
2.6861
2.7299
2.6766
2.6034
2.5870
2.3462
2.4230
2.3665
2.4559
2.4734
2.2709
2.5738
2.4326
2.3605
2.3978
2.5447
2.4679
2.5991
2.7519
2.5599
2.6140
2.6566
2.7536
2.4909
2.7501
2.4304
2.4695
2.4760
2.3729
2.4455
2.5287
2.6877
2.4327
2.6164
2.6335
2.7730
2.7213
2.7621
2.4268
2.6014
2.5315
2.5989
2.6836
2.7565
2.8000
2.9575
2.6139
2.8843
2.9991
2.7771
2.5204
2.6301
2.7998
3.0125
2.8342
2.7180
2.7759
3.0192
3.0789
2.9594
3.0222
3.0582
2.7729
2.6627
2.7109
2.7348
2.8852
2.8727
3.0850
3.0168
2.8829
3.0497
2.8519
2.6540
3.0730
2.9877
2.9695
3.1095
2.8601
2.9636
2.9350
2.7549
2.9485
3.2095
3.1652
2.8757
2.9861
2.9217
2.7461
2.9929
3.0146
2.9784
2.6519
2.6796
2.9422
2.9254
2.9414
3.0802
2.6128
2.8103
2.8139
2.8690
2.7721
2.8738
2.7813
2.9117
3.1769
2.9162
3.1489
2.6336
2.9670
2.9677
2.9171
2.7976
3.0382
3.0566
2.9886
2.7343
2.7286
2.6199
2.8071
2.8627
3.0411
2.9157
2.9929
2.8188
2.9172
3.0039
2.9165
2.9181
2.7415
2.9796
2.7665
2.9470
3.1023
3.3737
3.2935
3.1439
2.9603
3.1111
3.0625
3.1506
2.9247
2.8361
2.9366
2.8376
2.8264
2.9584
3.0496
2.9800
3.2066
3.1928
3.0883
3.2938
2.7890
2.8021
2.5539
2.5943
2.7745
2.7420
2.8927
2.8067
2.7493
2.9301
2.9916
2.8963
2.8262
2.7195
2.8104
2.8705
3.0598
2.9053
2.9953
2.8938
2.8014
2.6082
2.6043
2.6803
2.8594
2.7855
2.7825
2.9304
2.8327
3.0078
2.9185
2.8020
2.8912
2.8859
2.8907
2.9010
2.8222
2.7674
2.7764
2.6328
2.5523
2.7656
2.7010
2.4486
2.6648
2.3672
2.6703
2.5887
2.6824
2.6048
2.8349
2.9242
2.8401
2.9591
2.8760
2.9071
2.9220
2.9302
2.9144
3.0376
2.8124
2.9809
3.2528
3.1619
3.0508
2.9544
3.0591
2.9596
2.7717
2.8130
2.8178
2.6952
2.8482
2.9480
2.9869
3.0789
3.2071
2.8796
2.9084
3.0233
3.0720
3.1429
3.0324
2.9090
2.9622
2.8478
3.0092
3.1094
3.1321
3.1593
3.1365
3.1889
3.2780
3.0757
2.9681
2.9964
3.0918
3.1939
3.0187
3.0540
3.2534
3.1919
3.2253
3.3308
3.1714
3.0857
3.1856
3.2031
3.2933
3.4067
3.2800
3.1058
3.0945
2.9938
3.1221
2.6146
2.6850
2.6287
2.9132
2.8726
2.7554
2.6604
2.7079
2.6859
2.8093
2.7501
2.8746
2.8138
2.7571
2.8233
2.7809
2.6778
2.8737
2.8582
2.8579
3.2105
3.2177
3.2969
3.3889
3.5125
3.3323
3.2024
3.1768
3.0866
3.2114
3.0703
2.9756
3.0882
2.9474
2.9277
3.0353
3.1903
3.7087
3.4286
3.5416
3.4668
3.3483
3.3941
3.3419
3.6680
3.5409
3.5710
3.3623
3.6704
3.6230
3.6663
3.4643
3.4640
3.7105
3.5485
3.7702
3.7792
3.4949
3.5436
3.5160
3.4656
3.4653
3.2743
3.6285
3.3941
3.2966
3.2997
3.7318
3.7767
3.7501
3.9894
3.7551
3.6191
3.3469
3.3147
3.2919
3.2422
3.7864
3.4656
3.2410
3.3999
3.2349
3.1459
3.1751
3.2406
3.3932
3.2773
3.0143
3.0807
3.1471
3.0654
2.8263
2.9666
2.9146
3.1435
3.0279
2.9661
3.3201
2.8382
3.0887
3.3278
3.1163
3.1587
3.4004
3.4106
3.1257
3.4265
3.0907
3.0738
3.6552
3.4510
3.3593
3.2823
3.4204
3.5339
3.3803
3.4521
3.2628
3.3773
3.3926
3.2537
3.4720
3.4203
3.3881
3.1533
3.1016
3.2351
3.2704
3.0465
2.9409
3.0490
3.1060
3.0967
2.9819
3.0846
3.1044
3.2140
3.0838
3.1371
3.1478
3.3205
3.3668
3.3353
2.9493
3.3030
3.2858
3.3542
3.4582
3.5451
3.7215
3.3247
3.0849
3.5338
3.4494
3.2222
3.5357
3.2829
3.1637
3.0151
2.8238
2.8122
2.9562
2.9978
2.9144
3.3400
3.2587
2.9379
2.9941
3.0813
3.0405
3.0815
3.2896
3.0455
3.1594
3.3172
3.0856
2.9453
3.0376
2.9576
2.7236
2.6714
2.8247
2.7423
2.8759
2.8482
2.9308
2.7614
2.8054
2.8618
2.7966
3.1985
3.1488
3.2768
3.2099
2.8326
2.8500
3.1156
3.1017
3.1468
3.1664
2.9759
3.1679
2.9904
3.0755
3.0052
3.0829
3.2438
3.1351
3.1676
3.4653
3.4162
3.5076
3.6843
3.6735
3.7341
3.4738
3.1504
3.3816
3.5425
3.2860
3.1970
3.1877
3.2121
3.4247
3.5252
3.3287
3.3107
3.0227
3.1664
2.9588
3.5700
3.3795
3.2546
3.3334
3.3567
3.0213
3.2076
2.9565
3.0386
3.1020
3.3341
3.3535
2.9826
3.0840
3.0556
2.9474
3.0500
2.7063
2.7825
2.8095
2.9549
2.7403
3.0000
2.7487
2.9656
2.8608
2.8294
2.8890
2.7031
2.8664
2.7208
2.9295
2.9083
3.1344
2.9401
2.8899
3.0842
2.9493
2.8267
3.1096
2.9646
3.1846
3.2794
3.0081
3.2312
3.0524
3.0184
2.8936
2.9925
2.9310
2.8074
2.9770
3.0667
3.0752
2.7457
2.8171
2.7092
2.9760
2.8268
2.6793
2.9790
2.8812
2.8010
2.9444
3.0273
2.8827
2.8468
2.9716
3.1019
3.0918
3.1800
2.9547
3.0040
2.9562
3.0523
3.1215
2.9678
3.0507
2.9571
3.0740
2.9823
2.7729
2.9828
2.9512
3.0031
3.2084
3.0667
3.1455
3.3864
3.3018
3.2842
3.2624
3.4912
3.4861
3.3676
3.2370
3.3154
3.3280
2.9482
3.2056
3.2153
3.1696
3.1933
3.1037
3.2046
3.3973
3.4394
3.2239
3.5511
3.5264
3.5652
3.6316
3.4347
3.4417
3.2550
3.5135
3.1975
3.2217
3.5012
3.3827
3.2900
3.6956
3.2044
3.3762
3.5123
3.2664
3.1447
3.0253
3.4355
3.3097
2.9350
3.1881
3.3853
3.1865
3.2822
3.1304
3.4444
3.5268
3.3187
3.3837
3.2332
3.2959
3.3024
3.1401
3.3064
3.2802
3.1527
3.1637
3.2290
2.8870
3.3622
3.1598
3.1265
3.2876
3.2400
3.4430
3.1620
3.2752
3.2645
3.3244
3.4802
3.4263
3.1957
3.3179
3.0563
3.1103
3.3176
3.2878
3.4043
3.4232
3.0972
3.0525
2.9942
3.1564
3.0838
3.2660
3.3294
3.0495
3.1668
3.4170
3.5754
3.3899
3.0909
3.3069
3.1460
3.3066
3.5088
3.2266
3.2691
3.0759
3.3219
3.1040
3.3751
3.3773
3.5643
3.3756
3.2176
3.0725
3.4757
3.2738
3.2069
3.4447
3.5689
3.3048
3.2018
3.4564
3.2656
3.3092
3.3142
3.2997
3.3803
3.3974
3.3302
3.4421
3.1319
3.1012
3.0993
3.1249
3.3821
3.3997
3.3159
3.2067
3.2915
3.1363
3.1832
3.3181
3.0379
3.0894
3.3887
3.4169
3.0852
3.1402
3.3479
3.3368
3.6898
3.4171
3.3636
3.5264
3.5869
3.5314
3.2901
3.1674
3.4022
3.4191
3.5477
3.5163
3.3803
3.1843
3.2314
3.1550
3.2952
3.4715
3.3941
3.2928
3.3238
3.1253
3.2457
3.2964
3.2052
3.2282
3.2900
3.2683
3.2391
3.2415
2.8862
2.9620
3.0861
3.1022
3.1448
3.0254
3.0350
2.9942
3.4148
3.4017
3.3763
3.3584
3.3341
2.9864
3.1509
3.2624
3.2526
3.3411
3.5173
3.2666
3.1400
3.2016
3.6042
3.3371
3.4738
3.3140
3.3545
3.1629
3.5750
3.5591
3.4437
3.4442
3.4032
3.2997
3.4297
3.2828
3.0296
3.1778
3.2890
3.6084
3.4467
3.4749
3.2460
3.2177
3.2847
3.2690
3.5675
3.1654
3.3695
3.1467
2.9614
3.2096
3.0909
3.0232
2.9621
2.8355
2.9847
3.0930
2.9626
3.2219
3.3116
3.0457
3.0525
3.3631
3.2892
3.4290
3.1602
3.1721
3.0113
3.0907
3.2407
3.4013
3.1369
3.2144
3.1960
2.9827
3.0574
3.0299
3.2054
3.3641
3.6934
3.7012
3.3210
3.4736
3.4920
3.4436
3.2506
3.2457
2.9072
2.9494
3.0674
3.1420
3.0512
2.9155
2.8957
2.9759
2.8152
2.9757
3.0277
2.9735
3.0362
3.1029
3.1409
3.0360
3.1034
3.1344
3.0972
3.0287
3.1327
3.4379
3.0651
3.1351
3.2708
3.0181
2.9570
3.2166
3.0299
3.1648
3.1652
3.2341
3.5533
3.5589
3.6644
3.4241
3.4370
3.2557
3.2027
3.2348
3.1571
3.1036
3.0978
2.9772
3.0448
3.4242
3.3908
3.2965
3.3275
3.4933
3.7234
3.5822
3.3979
3.1467
3.1952
3.3533
3.1995
3.4640
3.6049
3.5149
3.3157
3.4510
3.4148
3.3011
3.3507
3.5203
3.3209
3.4011
3.2697
3.3494
3.0694
3.2352
3.3797
3.0995
2.9273
3.2667
3.3624
3.4596
3.3225
3.2742
3.3067
3.2710
3.4330
3.5046
3.0610
3.3436
3.5232
3.2624
3.5908
3.6422
3.4393
3.3117
3.5327
3.5616
3.4068
3.6617
3.5657
3.4139
3.7171
3.7078
3.6844
3.5993
3.3882
3.2222
3.2025
3.3371
3.3194
3.4356
3.0942
3.1965
3.4612
3.2926
3.3006
3.2182
3.0427
3.2752
3.4275
3.6226
3.5004
3.1593
3.4176
3.2639
3.2051
3.3023
3.4676
3.2499
3.6410
3.2101
3.2893
3.3611
3.3180
3.2037
3.0450
3.2313
3.1958
3.2589
3.1338
3.3037
3.2683
3.4817
3.3799
3.3308
3.4904
3.4380
3.5820
3.6136
3.3112
3.2031
3.2996
3.2033
3.1222
3.4540
3.2943
3.3546
3.4466
3.3684
3.2385
3.2874
3.3289
3.5101
3.5312
3.7290
3.9897
3.8445
3.5284
3.5519
4.0487
3.7308
3.5325
3.7585
3.9670
3.8737
4.0222
3.9044
3.6078
3.4905
3.5879
3.5536
3.6616
3.9019
3.6527
4.0439
4.0211
3.7841
4.0029
3.8340
3.7694
3.4961
3.8632
3.9750
4.0526
3.5365
3.6773
3.6393
3.5477
3.5492
3.5748
3.7540
3.5616
3.4860
3.7113
3.3314
3.4463
3.4636
3.8199
3.4939
3.8590
3.7600
3.7347
3.3698
3.3884
3.0708
3.2230
3.5158
3.7567
3.5898
3.5955
3.7314
3.4028
3.4627
3.3124
3.2290
3.6049
3.5985
3.6021
3.5114
3.3973
3.3664
3.3531
3.5343
3.3240
3.5136
3.2434
3.4878
3.6223
3.5098
3.4745
3.4603
3.5637
3.6135
3.8714
3.8917
3.7265
3.8692
3.8269
3.7334
3.7176
3.5816
3.6628
3.8023
3.9075
3.6028
3.6620
3.6697
3.7001
3.7150
3.5177
3.5360
3.5605
3.7226
3.4487
3.5038
3.3421
3.3589
3.6128
3.2693
3.1693
3.3257
3.5192
3.3346
3.3783
3.3899
3.4561
3.5277
3.5342
3.2216
3.2032
3.3506
3.5084
3.3920
3.3232
3.0593
3.2190
3.1936
3.4175
3.4819
3.2147
3.5280
3.6233
3.0862
3.1216
2.9748
3.4162
3.2054
3.3352
3.3669
3.4998
2.9788
3.1517
3.1211
3.1075
3.0567
3.3319
3.1689
3.2238
3.3277
3.2658
3.5294
3.3159
3.4739
3.1913
3.3107
3.3199
3.1638
3.2279
3.1387
3.0585
2.9063
3.0466
3.1622
3.2285
3.1974
3.3038
3.2546
3.2563
3.1921
3.3262
3.4213
3.4237
3.4763
3.5317
3.5994
3.5282
3.3047
3.1227
3.5766
3.4429
3.1226
3.4189
3.4512
3.1530
3.2843
3.1623
3.1905
3.4814
3.4976
3.3467
3.3563
3.2702
3.2850
3.2237
3.1456
3.0081
3.2915
3.4016
3.3721
3.2026
3.4943
3.2539
3.1900
3.6253
3.8961
3.7001
3.6802
3.7289
3.8291
3.5678
3.5449
3.2943
3.4146
3.4646
3.4380
3.4148
3.7288
3.4701
3.3945
3.2928
3.5236
3.5422
3.2882
3.2408
3.2054
3.6530
3.4639
3.5788
3.2603
3.2162
3.3295
3.4367
3.2941
3.6945
3.5490
3.8456
3.5813
3.5800
3.3661
3.4854
3.4103
3.3753
3.1718
3.3149
3.2492
2.8906
3.2268
3.6657
3.3785
3.3736
2.9599
3.4477
3.2676
3.2496
3.3774
3.3158
3.0853
3.1199
3.1539
3.2959
3.1679
3.2628
3.5906
3.4700
3.4944
3.3391
3.3494
3.2244
3.2490
3.4204
3.4432
3.4668
3.4101
3.2997
3.2754
3.2014
3.2872
3.4141
3.1671
3.0667
2.9329
3.0173
2.8527
2.8615
2.8287
3.0301
3.0748
3.4653
3.1614
3.1032
3.1270
2.9834
3.4422
3.4096
3.0061
3.2000
3.2241
3.1927
3.1346
3.0873
3.1017
3.1322
3.0290
3.2710
3.4673
3.0906
3.1318
3.1491
3.1101
3.0817
3.2374
3.2285
3.3387
3.2035
3.2600
3.1563
3.2362
3.1360
3.5899
3.3764
3.3231
3.0520
3.2606
3.2092
3.2726
3.2038
3.7920
3.6047
3.4691
3.1556
3.0022
3.2323
3.1625
3.4725
3.4227
3.4168
3.7364
3.5635
3.3041
3.3474
3.4516
3.5003
3.3325
3.1645
3.3567
3.4311
3.5658
3.4139
3.4208
3.2796
3.5888
3.5268
3.2525
3.4185
3.6617
3.4519
3.5506
3.4296
3.4779
3.4769
3.4737
3.3485
3.1115
3.2187
3.0373
3.3227
3.2919
3.0533
3.2980
3.2127
3.3757
3.1848
3.3957
3.3112
3.3940
3.3472
3.4703
3.4745
3.4543
3.6420
3.5151
3.5012
3.6483
3.6326
3.4928
3.4421
3.3480
3.3221
3.4172
3.4450
3.3699
3.3632
3.0712
3.0003
3.0591
3.5692
3.3107
3.4459
3.3920
3.5857
3.6446
3.8231
3.7315
3.5283
3.6289
3.7336
3.7512
3.9051
3.7549
3.7295
3.4707
3.7731
3.4396
2.9787
3.3557
3.5459
3.5119
3.5539
3.6612
3.4596
3.3639
3.6391
3.6087
3.5066
3.6077
3.4838
3.4084
3.5441
3.4248
3.4555
3.6166
3.9378
3.6975
3.4888
3.8370
3.6100
3.7384
3.5929
3.6398
3.7366
3.4513
3.7553
3.5019
3.6599
3.5696
3.5301
3.8236
3.7045
3.9611
3.7227
3.9376
4.0677
3.6189
3.4733
3.4035
3.7555
3.5742
3.7274
3.8084
3.5646
3.7004
3.4583
3.6111
3.4567
3.5420
3.4162
3.6044
3.5196
3.4332
3.6415
4.1840
4.1710
4.3350
3.8298
3.8904
3.8619
3.8762
3.7039
3.6727
3.8133
3.8510
3.8093
3.7227
4.0330
3.7777
3.6449
3.6344
3.6085
3.6900
3.5685
3.6036
3.3541
3.9421
3.5316
3.8543
3.5074
3.5767
3.4932
3.4813
3.6145
3.8507
3.8709
4.0690
3.9288
3.8977
3.8377
4.0218
3.9607
3.7030
3.6171
4.2931
3.8916
3.7605
3.7528
3.8755
3.6716
3.6709
3.4764
3.6878
3.8289
4.0310
4.0504
3.8475
3.7412
3.3389
3.5379
3.3326
3.4242
3.3729
3.4715
3.3603
3.6130
3.8003
3.6371
3.5810
3.6440
3.3479
3.4174
3.5500
3.3980
3.2908
3.6121
3.6824
3.8642
3.5860
3.6557
4.0778
3.9028
3.6626
3.6093
3.4867
3.4945
3.3333
3.5383
3.4419
3.3481
3.8109
3.4094
3.7684
3.5980
3.3602
3.3991
3.5382
3.5234
3.6390
3.7739
3.6732
3.8661
3.6377
3.3023
3.5082
3.4864
3.8316
3.6489
3.8920
3.6557
3.7532
3.7263
3.5327
3.6345
3.6543
3.3719
3.8001
3.8707
3.7233
3.7747
3.8974
3.7266
3.8436
3.8520
3.9340
4.0485
3.8146
3.7339
3.8371
3.9720
3.6326
3.9661
3.6891
3.7452
3.8134
3.8328
4.0602
4.1346
3.9020
3.8438
3.6084
4.0873
3.9253
3.6992
3.7736
4.0168
4.0113
3.4571
3.6892
3.2505
3.3977
3.5237
3.4427
3.5609
3.4809
3.4367
3.5636
3.5245
3.6639
3.5698
3.1773
3.2649
3.0005
3.5871
3.3257
3.5265
3.4551
3.6280
3.7036
4.0945
3.9536
3.7450
3.8795
3.7341
3.4673
3.6778
3.8986
3.8889
3.8954
3.9362
3.9230
3.9881
4.0743
4.1261
3.8564
3.9021
3.6570
3.8060
3.9199
3.9189
3.5298
3.6418
4.1310
3.9031
3.7769
3.6984
3.5101
3.7360
3.8990
3.8584
3.5969
3.8490
4.0540
4.2372
4.0945
3.5656
3.8000
3.6348
3.6403
3.6307
3.7585
3.8943
3.8568
3.9755
4.0253
4.0251
4.0438
4.0871
3.6298
3.7397
3.6928
3.8281
3.4858
3.6407
3.6318
3.6677
3.7662
3.6611
3.6138
3.3643
3.6734
3.8894
3.7602
3.6552
3.5615
3.8513
3.5930
3.4488
3.3939
3.4059
3.4153
3.5231
3.4700
3.5340
3.6406
3.5394
3.4971
3.2600
3.4196
3.7287
3.6539
3.4390
3.9476
3.7368
3.6438
3.6744
3.7805
4.1967
3.8565
3.7698
4.1420
3.8339
3.9190
3.5474
3.5318
3.7779
3.6808
3.4301
3.7317
3.6534
3.6009
3.6358
3.8173
3.8078
3.4489
3.8377
3.5572
3.5172
3.7834
3.7870
3.8874
3.6712
3.7335
3.5675
3.4977
3.5697
3.8505
3.4330
3.6648
3.8216
3.6746
3.9013
3.7618
3.6581
3.7791
3.6837
3.5349
3.6050
3.6085
3.8041
3.6825
3.5860
3.5237
3.2995
3.2154
3.5901
3.6255
3.5701
3.3196
3.4857
3.2533
3.4707
3.5579
3.8116
3.6512
3.5462
3.5802
3.8474
3.8359
3.6300
3.5264
3.5572
3.5695
3.4723
3.7491
3.7540
3.8891
3.6051
3.6093
3.3150
3.4682
3.8262
3.7802
3.7369
3.8979
3.7113
3.7537
3.5837
3.5675
3.6787
3.4294
3.7285
3.6908
3.7855
3.7132
3.7011
4.0591
4.1028
3.8974
3.6989
3.7580
3.6375
3.6733
3.8372
3.7305
3.9157
3.3808
3.5622
3.3082
3.6362
3.5066
3.6170
3.5542
3.3828
3.6490
3.7241
3.4500
3.6172
3.4164
3.7611
3.8698
3.5266
3.5644
3.5683
3.4369
3.4642
3.9033
3.6988
3.7844
4.0071
3.7057
3.8181
3.8065
3.7751
3.8434
4.2783
4.2481
4.0878
3.7212
3.9301
4.0086
3.7681
3.8952
4.0078
3.6659
4.0949
4.0932
4.1548
3.9453
3.8190
3.6220
3.7743
3.7213
3.9624
3.9436
4.1134
3.6596
4.2223
3.9711
3.9465
4.0221
3.9964
3.9383
3.8305
3.7982
3.7781
3.9594
3.8166
3.9110
3.9882
3.9272
3.7797
3.6481
4.0335
3.7917
3.5456
3.7278
4.0197
3.8575
3.4130
3.3336
3.5343
3.5668
3.5728
3.5582
3.6610
3.4050
3.5310
3.9016
3.6909
3.9678
3.8818
3.7009
3.7478
3.9396
4.0421
4.0263
3.8086
3.9515
3.6175
3.7051
4.0581
4.2764
4.1438
3.6981
3.9214
4.0192
3.9817
3.9697
3.9916
3.9435
3.8694
3.8902
3.9668
3.8128
4.0340
4.0281
3.9384
3.9197
3.8998
3.9857
3.8193
3.8246
3.9729
4.0419
3.8334
3.9715
3.9130
4.3043
4.2971
4.0341
4.1184
4.1636
4.4547
4.3224
3.8433
3.5311
3.6090
4.0587
4.0040
3.6156
3.9876
3.8389
4.0743
4.2747
4.2612
4.1232
4.0375
4.0747
4.0643
4.2661
4.0862
4.2784
4.0165
4.1109
4.1755
3.9656
3.8021
3.9779
4.2820
4.3177
4.2088
4.3635
4.2531
4.1772
4.0889
4.2335
4.0924
4.0844
3.9941
3.8899
3.6261
3.8680
3.7390
4.0115
4.1188
3.7536
4.0175
3.6989
4.0421
3.5812
4.2411
3.8137
3.7862
3.8466
3.9681
4.0286
3.9409
3.8351
3.8732
3.6134
4.0049
3.9028
4.2122
4.1157
4.1553
4.1854
4.1325
4.1499
4.3043
4.1209
3.9483
3.7848
3.8118
3.8769
4.1497
4.1687
4.2042
4.2301
4.3134
4.1598
3.9667
4.0857
4.1761
3.8935
3.8844
4.0998
4.2257
4.0904
3.9842
4.0077
3.8970
4.0395
4.0767
4.1778
4.2176
4.1713
4.4050
4.1529
4.0647
4.0979
3.7454
4.0746
3.8829
3.7227
4.0901
3.9045
3.8582
3.7405
3.7307
3.5045
3.9913
3.9891
3.7909
3.7540
3.7672
3.4315
3.7560
3.8468
3.9481
3.9485
4.0089
3.6794
3.7667
3.8661
3.9573
4.0565
3.9113
3.8782
3.7099
4.0056
4.0639
3.9844
3.6745
4.2627
3.9299
4.2594
4.3883
4.1246
4.0767
4.2340
4.0346
3.9635
4.1883
4.1578
4.4203
4.3032
4.2481
4.2664
4.3410
4.5189
4.7325
4.6463
4.3997
4.2549
4.1407
4.4610
4.3297
4.3236
4.3481
4.2661
4.3799
4.2970
4.1628
4.1468
3.7188
3.8923
3.8467
3.6132
3.6853
3.7159
3.2957
3.6496
3.5698
3.8923
3.6716
3.7368
4.0425
4.0330
3.5332
3.8388
3.8412
3.7100
3.7322
3.7767
3.4551
3.7778
3.6435
3.9072
3.6318
3.8175
3.8990
3.7942
3.9539
3.9906
4.0456
4.1298
3.9812
4.0933
4.1813
4.0978
3.9795
3.9919
4.1038
4.0451
4.1273
4.1736
3.8958
4.0236
3.9478
4.1693
4.1487
4.0776
4.1317
3.8308
3.7401
3.8056
4.0232
3.5466
3.6595
3.9553
3.5489
3.7225
3.6332
3.7031
3.5720
3.7007
3.4548
3.5974
3.5505
3.8986
3.8886
3.9171
4.1463
4.0345
3.6892
3.8312
3.9094
3.8107
3.8197
3.9164
3.7911
4.1697
4.0279
4.3266
3.9045
3.7724
3.8445
3.9926
4.1488
4.2322
3.8895
3.8697
3.7633
3.8576
3.6054
3.7938
3.7275
3.5122
3.7786
3.8554
3.7425
3.7715
3.8676
3.6704
3.9841
4.0295
3.8230
3.8644
4.0515
4.3322
4.5079
3.9348
3.9092
4.1760
4.3515
4.2292
4.2192
4.3380
4.0227
4.0488
4.2710
4.6641
4.2939
4.1655
4.1253
4.2929
4.4559
4.4988
4.3068
4.3585
3.8691
4.0219
4.0602
3.8896
4.1512
4.2186
4.2346
4.1419
4.0916
4.1032
3.9498
3.7975
3.8732
3.9853
3.8761
3.9156
3.9372
4.1846
3.8909
4.0677
3.9712
4.1192
4.1326
4.0755
3.9244
3.6104
3.7576
3.7773
3.4980
3.7442
4.0044
4.1084
3.8861
3.8719
3.8516
3.6816
3.6826
3.8495
3.7226
3.9496
3.9555
3.9297
3.9387
3.9668
4.1148
3.9212
3.8871
3.8721
4.0356
4.0689
4.1100
4.1475
4.1324
4.1616
4.1742
4.0827
4.1179
4.0764
3.9530
4.2094
3.9250
4.0004
3.8362
3.8200
3.8556
3.8021
3.9477
4.0965
4.0318
4.0344
4.1433
3.8211
3.9506
3.8628
3.9437
4.0593
4.0409
3.9169
3.9553
3.9776
4.0895
3.5981
3.6613
3.8500
3.6877
3.7440
3.5217
3.6914
3.5735
3.8597
3.8099
3.8900
4.1350
4.0142
3.9071
3.8047
4.0300
3.9712
3.9892
3.9597
3.7240
3.9690
3.8885
3.9597
4.0559
4.0735
4.0210
3.7749
3.8174
4.0082
4.1525
3.9604
4.0595
3.9135
3.7363
4.0486
4.2493
3.9891
4.0490
4.0779
3.9554
3.6101
3.9744
4.1893
3.7143
3.7703
4.0496
3.9860
3.9889
3.7618
3.6875
4.0022
3.9826
3.9187
3.9985
3.9232
3.7803
3.4690
3.7393
3.6716
3.9409
4.1589
3.7321
4.0026
4.1202
3.8890
4.1971
4.2513
3.9639
4.2221
4.3437
4.0449
3.7996
3.7832
4.2327
3.9946
4.1364
4.0963
4.3548
4.5632
4.3750
4.3782
4.3320
4.2209
3.9303
4.0481
4.2110
3.9085
4.0941
3.9162
3.9848
3.9049
3.9003
4.2674
4.4016
4.0702
4.0573
4.1444
4.1297
3.9716
4.0475
3.7372
3.5224
3.6163
3.9926
4.0663
4.0247
3.8210
3.9032
4.0279
3.8200
3.9496
3.8632
3.8935
3.9695
3.9331
3.9779
4.0165
4.0082
3.8256
4.1146
3.9221
3.9139
3.9371
3.7240
3.7865
3.6827
3.6375
3.9386
3.4332
3.4164
3.5559
3.7224
3.7597
3.7000
3.3863
3.7838
3.9641
3.9094
3.7026
3.4816
3.7333
3.2797
3.4812
3.3176
3.6348
3.5628
3.6708
3.5566
3.4815
3.6245
3.5728
3.3156
3.6077
3.6527
3.9191
3.8103
3.8781
3.4548
3.5679
3.7077
3.7300
3.8969
4.0559
3.8180
3.8240
3.7545
3.9577
3.8653
3.8939
4.0976
3.9093
4.1127
4.1378
4.2541
4.2528
4.3466
4.0444
3.8132
3.9363
4.1387
3.9304
4.0449
3.9649
4.0358
3.9250
3.8071
3.9019
4.2263
4.3069
4.1048
3.9511
3.9676
3.8685
4.0430
4.4038
4.3877
4.2722
4.2650
4.4622
4.5405
4.4067
4.1573
4.2972
4.5061
4.1917
4.4841
4.1954
4.4351
4.5552
4.2961
4.2197
4.1578
4.0310
4.0392
4.2948
4.1314
4.2702
4.3313
4.1493
4.0849
4.4394
4.4318
4.0323
4.0961
3.9386
4.3427
4.2892
4.5319
4.1689
4.3359
4.6280
4.3374
4.5968
4.7158
4.6884
4.2202
4.3166
4.4834
4.4222
4.7330
4.3229
4.6658
4.4780
4.7499
4.8772
4.8279
4.6296
4.5744
4.4862
4.5261
4.5751
4.5136
4.6836
4.5917
4.5508
4.6302
4.5592
4.4080
4.5735
4.6717
4.6027
4.3668
4.4453
4.6341
4.6694
4.7161
4.4405
4.7629
4.7181
4.6602
4.4982
4.6982
4.4013
4.3164
4.4968
4.4770
4.6086
4.3855
4.3746
4.4135
4.4762
4.3629
4.4479
4.6241
4.4457
4.6021
4.7023
4.7537
4.6515
4.2593
4.5815
4.4677
4.5912
4.4375
4.3953
4.3355
4.3925
4.2558
4.2236
4.2372
4.1138
3.8073
3.8655
3.8458
3.7243
4.0390
3.6633
3.6485
3.6908
3.7721
4.0900
4.0055
4.0857
3.9839
4.2218
4.3056
4.4705
4.3428
4.3289
4.2550
4.2907
4.5805
4.5208
4.3515
4.0926
4.2429
4.0445
3.9708
4.0098
3.9038
4.1302
4.1564
4.1537
3.9459
4.0994
3.9310
4.0596
3.9404
3.9513
3.8898
3.7293
4.2639
4.0207
4.1628
4.0343
4.2466
4.3798
4.3543
4.1394
4.3837
4.4295
4.2620
4.3311
4.1668
4.0413
4.1498
4.4054
4.1986
4.3085
4.2770
4.2508
4.0986
3.9849
4.1180
4.5094
4.3136
4.4079
4.5414
4.1993
4.2663
4.2918
4.3902
4.3272
4.1786
3.8713
4.2815
3.9407
4.2638
4.3977
4.1688
4.1267
4.1165
4.2502
4.0471
4.2007
4.1949
4.2639
3.9904
4.0420
4.2066
3.9850
4.2352
4.2197
4.3024
4.3689
4.1623
3.9009
3.7342
3.7714
3.7340
3.7429
3.7025
4.2631
3.8926
3.9508
3.8154
3.7037
3.6552
3.6205
3.6856
3.7068
3.7979
3.9010
3.9459
3.8499
3.4740
3.6720
3.8395
3.5143
3.5676
3.7105
3.9052
3.8780
3.9221
4.0658
3.9030
3.7792
3.8850
3.6829
3.8179
4.0415
3.9311
3.9909
3.8806
3.8285
3.6182
3.5928
3.5866
3.7118
3.6806
3.6601
3.8003
3.5608
3.8149
4.1861
4.2171
4.4895
4.5102
4.3701
4.1600
4.1260
4.2955
4.1302
3.9980
4.0345
4.1979
4.5255
4.1364
4.0529
4.1828
4.0658
4.0772
4.2673
4.0764
3.8967
4.3377
4.0882
4.2093
3.9499
3.7939
3.9224
4.2208
3.9890
4.2239
4.2448
4.2390
4.3540
4.3666
4.0970
3.7764
3.9919
3.8211
3.9006
3.9431
4.1079
4.2266
3.9942
3.9506
4.0789
4.1212
4.0193
4.3346
4.2653
4.1089
3.9199
4.1331
4.2506
4.1643
4.2144
4.1506
4.1941
4.1918
4.2372
3.8311
4.0787
4.1527
4.0166
4.1273
4.2240
4.2153
4.4073
4.4769
4.5505
4.2878
4.4089
4.1446
4.2605
4.2717
4.2285
4.2510
4.3786
4.2760
4.2278
4.1824
4.1058
4.4409
4.3803
4.4406
4.0621
4.0426
4.1208
4.2583
4.1040
4.1867
4.4096
4.1518
4.2455
4.3653
4.2230
4.4906
4.4773
4.1398
4.1507
4.3100
4.1459
4.2593
4.4478
4.1961
4.0535
4.2587
4.1030
3.9665
3.8609
3.9073
4.1114
4.0783
4.0243
4.0969
3.9064
4.1073
3.9974
3.9180
3.9005
3.7500
3.9054
3.9300
3.8328
3.8139
4.0079
4.1263
4.3780
4.0507
3.9027
3.8789
4.1693
3.9618
4.2254
4.2864
4.1918
4.0911
4.2747
4.3589
4.3263
4.3132
4.5565
4.2839
4.3924
4.2793
4.2978
4.1612
4.0706
4.2775
4.2681
4.2719
4.2426
4.1007
4.3145
4.2807
4.4681
4.1024
4.2927
4.1801
4.4416
4.2850
4.4990
4.5629
4.3646
4.4444
4.4698
4.6210
4.5770
4.5629
4.4513
4.4900
4.7416
4.7183
4.4546
4.3574
4.4005
4.2541
4.5424
4.4590
4.5619
4.4295
4.2972
4.7823
4.6515
4.4234
4.5667
4.3576
4.2535
4.3671
4.0262
4.2279
4.4072
4.3795
4.3131
4.3417
3.9888
4.0348
4.0454
4.3140
4.2238
4.1556
4.3185
4.4292
4.6454
4.4882
4.3875
4.5599
4.3201
4.4311
4.1923
4.5858
4.4889
4.5391
4.4578
4.3568
4.2907
4.5529
4.4391
4.2218
4.1513
4.2836
4.1886
4.3460
4.2689
4.0033
4.0529
3.9280
4.1208
4.1818
4.2345
4.3957
4.2651
4.3107
4.2541
4.2553
4.2777
4.5279
4.6019
4.4059
4.2210
4.1576
4.1515
4.1814
4.5131
4.6239
4.6203
4.4854
4.3624
4.4492
4.2735
4.3453
4.1504
4.1054
4.2182
4.1026
4.4912
4.2644
4.1137
4.2413
3.7615
3.8303
4.1633
3.9050
3.9533
3.9175
4.3872
4.4316
4.2238
4.3337
4.3047
4.1963
3.9744
4.3361
4.2023
4.2909
4.2061
4.2739
4.2816
4.1082
4.1461
4.1737
4.2627
4.4520
4.4228
4.0807
4.1691
4.0517
4.0137
4.0069
4.0061
4.0872
3.8185
4.2179
4.2389
4.1061
4.1894
4.1669
4.0194
4.0522
3.9433
3.9975
4.1610
4.0458
4.0603
4.4554
4.2913
4.3393
4.3460
4.2721
4.4295
4.4935
4.3481
4.3878
4.0318
3.8142
4.3161
4.2446
4.2612
4.1644
4.1156
4.0684
4.0397
4.3090
4.1725
4.2435
4.3424
4.2871
4.3843
4.3565
4.4771
4.5895
4.4417
4.2368
4.5951
4.5591
4.5554
4.5095
4.7038
4.6288
4.4686
4.5842
4.2679
4.3950
4.4127
4.2201
4.0321
3.9756
4.0960
4.2628
4.0252
4.2939
4.3805
4.0629
4.0981
4.2831
4.1963
4.2939
4.4671
4.4312
4.3622
4.3248
4.0794
3.8469
4.0618
3.8909
4.1685
4.1641
4.1382
4.1715
4.2997
4.4464
4.4756
4.2491
4.6623
4.3964
4.2569
4.5684
4.7371
4.5570
4.7210
4.3797
4.2615
4.3594
4.3163
4.1533
4.0479
4.2077
4.4211
4.5280
4.3356
4.3021
4.3839
4.2602
4.2399
4.2109
4.2851
4.4022
4.1234
4.1868
3.9521
3.9187
3.7786
4.2374
4.0050
4.2607
4.2944
4.3556
4.2476
4.4760
4.4370
4.4458
4.7233
4.5970
4.5546
4.4770
4.3662
4.0569
4.1517
4.0745
4.0721
3.8027
3.8524
3.7869
3.8306
4.2870
3.8429
3.6395
4.0638
4.0653
3.8910
3.9798
4.0743
4.0443
4.1657
4.3034
4.4216
4.4035
4.1681
4.0584
4.1918
4.1390
4.3205
4.4222
4.2404
4.2275
4.0186
4.0858
3.7894
3.9395
3.9591
3.8698
3.8545
3.6144
4.1380
4.1930
4.1565
3.9874
3.9142
3.8385
3.6219
3.7094
3.9302
3.9945
4.0723
4.2580
4.0832
4.0162
4.0071
3.8253
3.8228
4.0579
3.5961
3.7670
3.7130
3.6495
3.6846
3.8902
3.7955
4.1415
3.7722
4.0600
3.8391
3.6994
3.6563
3.9129
4.0516
4.0814
3.9074
3.9669
4.2649
4.0920
4.1752
3.8720
3.8183
4.1645
4.1680
4.0530
4.0218
4.1401
3.9032
3.8864
3.6057
3.7415
3.7001
3.6495
3.9618
3.8446
4.1239
3.9962
4.1638
3.8547
3.8942
3.9163
3.9750
3.8513
3.9809
4.1336
3.9123
4.0436
4.0074
4.0460
4.0854
4.0175
4.2048
3.7790
3.7728
3.9800
3.8962
4.0486
3.9507
3.9071
4.2704
3.9446
3.9388
3.9759
3.8535
3.7654
3.7001
3.9728
4.0423
4.0728
3.6821
3.9829
3.9575
4.2160
3.8633
3.7010
3.7734
3.7319
3.8790
3.9928
3.7110
3.8269
3.8884
3.6788
3.7063
3.8920
3.7572
3.8278
4.0256
4.1216
3.8147
3.8679
3.7885
4.0592
4.0168
3.9535
3.8763
3.8724
3.9943
4.0286
3.9394
4.0654
4.1437
3.9966
3.9227
3.9481
3.9533
4.2169
4.0884
3.8456
4.0191
4.1692
4.1613
3.9873
4.1905
4.1069
4.3121
4.0797
3.9357
3.7270
3.9144
3.8920
3.8001
3.9085
4.2094
4.0515
3.9696
4.2420
3.9845
3.9450
3.9934
3.9068
4.0848
4.2436
4.0447
4.1193
4.2708
4.3198
4.6357
4.2622
4.2886
4.3729
4.0720
4.0461
4.2456
4.2482
4.1492
4.2169
3.8971
4.2306
4.4679
4.3194
4.2340
4.3895
4.2528
4.2925
4.4098
4.2410
4.0423
4.1977
4.2287
4.3701
4.3161
4.3183
4.5560
4.3909
4.3819
4.4032
4.0525
4.2626
4.2179
4.2065
4.2750
4.0826
4.2515
4.2114
4.1478
4.1881
4.1287
4.3431
4.2024
4.0704
4.1662
4.1592
4.0770
4.2117
4.0092
4.1811
4.3682
4.1325
3.8992
4.0215
3.9170
4.0490
4.0538
4.1136
4.0322
4.1138
3.8357
3.6601
3.9051
4.0447
4.0259
4.2659
3.9289
3.8086
3.8328
3.8666
3.7686
3.7486
3.5680
3.4241
3.4192
3.4706
3.5390
3.3470
3.4513
3.5602
3.8524
3.6934
3.8773
3.6916
3.7639
3.8027
3.7496
3.9229
3.4525
3.8496
3.8856
3.9562
3.8599
3.9271
3.7618
3.9305
3.7409
3.4965
3.5706
3.6646
3.6710
4.0737
3.7816
3.6011
3.9456
4.0537
3.8572
4.1025
4.0720
3.9213
4.0531
4.0334
4.0434
4.1461
4.0134
3.7134
3.7912
3.7846
3.6344
3.9337
3.9160
3.9706
4.1267
4.2369
4.2161
4.1496
4.2642
3.9840
4.0447
3.8262
3.6030
3.7976
3.9700
3.8804
3.7977
3.9112
4.1352
3.9832
3.9370
3.9962
3.8730
3.7064
3.5290
3.8720
3.7252
3.7802
3.5061
4.0051
4.0348
4.2375
3.8409
3.8179
3.7843
3.8604
3.8928
3.8761
3.8503
4.0062
4.1303
3.9949
4.2400
4.1738
4.2694
4.2641
4.3043
4.2216
4.1086
4.1375
4.1784
4.1299
3.9252
3.9376
3.8973
4.1342
4.0462
3.7921
3.8257
4.0658
4.2798
4.0891
4.1215
4.0661
4.0970
4.2683
4.1836
4.0950
3.9991
3.8831
3.9246
4.0490
4.0228
3.9424
4.0561
4.0107
4.0016
4.0494
3.9436
3.9110
3.7977
3.9724
3.8320
3.8855
3.8484
3.6360
3.7997
3.6747
3.7027
3.6767
3.9362
3.9134
3.8260
3.8323
3.8465
4.0324
4.1117
4.2576
4.0681
4.0564
4.2362
4.0708
4.0678
3.9108
4.1709
4.0510
3.9301
3.9438
4.0066
4.0231
3.8576
3.6274
3.9461
3.7552
3.9953
3.7141
3.6692
3.9390
3.9925
3.8810
3.9114
3.7296
3.8010
3.7950
4.0203
3.9131
4.0087
3.9189
3.7441
4.0295
4.1208
4.1045
4.4140
4.0830
4.2811
4.1070
4.0564
3.8785
3.9574
4.0212
4.3204
4.2082
4.4469
4.1921
3.8846
4.0697
3.8407
3.9208
3.6334
3.9070
4.0153
3.8929
3.8391
3.7680
3.9047
3.8607
3.8175
3.6798
3.8513
3.7616
3.9359
4.0090
3.9583
3.8501
3.4836
3.6082
3.7109
3.8154
3.8009
3.6314
3.7056
3.9586
3.6315
3.5272
3.5967
3.5401
3.6348
3.7308
3.8846
3.7408
3.6957
3.7992
3.6810
3.7775
3.7661
3.8078
3.9820
3.7639
3.5102
3.7679
3.8833
3.7933
3.8511
3.5663
3.6720
3.6976
3.6504
3.4494
3.5502
3.3196
3.7075
3.8167
3.6378
3.8592
3.8947
4.0280
4.0189
4.1422
3.9467
3.9952
4.2166
3.7578
4.0066
4.0291
4.0828
3.8695
4.0697
3.9505
4.0020
3.8973
4.2571
3.9751
4.1300
4.3010
4.4642
4.1298
4.0424
4.0854
3.8124
4.0986
3.9049
4.2301
3.8937
3.9004
3.8453
4.0287
3.7818
3.8433
3.4483
3.7416
4.0171
3.8741
3.7936
3.8563
4.0553
3.8312
3.8775
3.9665
3.8961
3.5999
3.7008
4.0462
3.7338
3.7343
3.8175
3.7191
3.6860
4.1581
3.9542
3.9942
4.0324
4.0420
4.1000
3.9709
3.8883
4.0307
4.0743
4.0222
4.2145
3.9823
3.9889
4.1935
4.3046
4.0185
3.9949
3.7524
3.7943
4.1269
3.8622
3.8894
3.6683
3.7185
3.7979
3.9731
3.9159
3.8989
4.0891
4.0425
3.9289
4.0174
3.8709
4.2441
3.9984
4.1361
3.8842
4.0333
3.9917
3.9974
3.9449
3.7651
3.8027
4.0083
3.8453
3.8366
3.7729
4.1260
3.6410
3.7632
3.8047
3.9618
4.1486
4.2332
4.0791
4.2586
3.6692
3.6632
3.8883
4.0660
4.1812
4.0950
3.9830
3.9489
4.0877
4.2829
4.0554
3.9306
3.9424
3.9790
3.9630
4.0603
4.4111
4.1133
4.0585
4.0759
4.0654
3.7951
3.7883
3.9334
3.8770
3.8308
4.1836
4.4120
4.2554
4.0942
4.1405
4.0980
4.1248
3.8106
4.1146
3.8899
3.9910
4.0393
4.0844
3.8042
4.0228
4.1832
3.9832
3.8998
3.9342
3.9754
3.8673
4.1685
4.0602
4.0047
4.1952
4.2230
4.0741
3.9386
4.0895
4.1976
4.0965
3.9511
3.8404
3.6746
3.6240
3.9474
4.0455
3.9076
3.8155
4.0948
3.8178
4.2713
3.8974
3.9682
4.1630
4.2586
4.2511
4.0780
4.3226
4.0821
4.2281
4.1901
4.3064
3.9760
4.0068
4.0737
4.3285
4.1659
4.0623
4.2457
4.0453
4.0492
4.2821
4.0544
4.2106
4.0431
4.4442
4.3360
4.2643
3.8834
3.7411
4.1753
4.0932
3.7597
4.0033
3.7386
3.8251
3.8765
3.9501
3.7864
3.6056
3.8873
4.1939
4.4461
4.4238
4.3947
4.2225
4.2250
4.0109
3.7229
4.2011
4.3777
4.4052
3.9730
4.2648
4.3250
4.1801
4.4036
4.3914
4.4189
4.2447
4.0756
4.2523
4.4494
4.5874
4.2771
4.0958
3.8918
4.1102
4.1889
4.3971
4.1711
4.2375
4.0603
4.2734
4.2619
4.3882
4.4338
4.4044
4.2619
4.0529
4.1391
4.2953
4.2704
4.2113
4.3614
4.4187
4.4322
4.2693
4.6093
4.2942
4.3058
4.4102
4.2793
4.4163
4.2259
4.2287
4.4054
4.1582
4.1775
4.1543
4.3182
4.3623
4.3291
4.2872
4.3349
4.6442
4.3488
4.5254
4.1360
4.2841
4.2857
4.1585
4.1781
4.2566
4.3315
4.3378
4.1338
3.9306
3.8701
4.4109
4.1103
3.9273
4.1349
4.3300
4.2534
4.1072
4.2551
4.4443
4.3578
4.1582
4.1258
4.1425
4.0937
4.0506
3.9686
4.0146
4.2953
4.2051
4.4669
4.5276
4.3383
4.5290
4.7891
4.5645
4.4746
4.3181
4.5875
4.2743
4.2670
4.5424
4.2554
4.4941
4.3042
4.1880
4.0992
4.1605
4.1304
4.3093
4.2954
4.2779
4.2622
4.1872
4.3145
4.3291
4.6104
4.3418
4.1487
4.4118
4.6223
4.6734
4.1280
4.1667
4.2962
4.4708
4.3927
4.3964
4.3815
4.4048
4.3039
4.3170
4.3705
4.3531
4.2701
4.2371
4.1692
4.0813
4.1197
4.1947
4.0901
4.0959
3.9084
4.0422
4.3441
4.1324
4.1940
3.8282
4.0422
3.9826
4.0492
3.6288
3.9942
3.9818
3.9438
4.3723
4.3411
4.3737
4.0264
4.1169
4.2733
4.1688
3.9426
4.3965
4.3132
4.3628
4.1861
4.1989
4.2551
4.1387
4.3759
4.3025
4.2202
4.3730
4.3958
4.1096
4.2894
4.2447
4.3587
4.2744
4.0644
4.1708
4.2344
4.0847
3.9745
4.1529
4.1726
4.1721
4.3647
4.1681
4.2347
4.1721
4.2314
4.2059
4.2069
4.0753
3.8424
3.8625
4.0625
3.9465
3.9618
3.9556
4.0134
4.1788
4.2300
4.1166
4.1045
4.3204
4.2528
4.3795
4.1057
3.9146
4.1925
4.1267
4.1126
4.1099
4.0124
4.2903
4.2457
4.2976
4.4101
4.0799
4.3710
4.3762
3.9553
4.0788
4.2122
3.8304
3.8916
3.8230
3.9648
3.7954
3.9435
4.0168
4.1016
4.0094
4.1218
4.1612
3.8996
4.3006
4.0656
3.9221
4.0091
3.8421
3.7978
3.6770
3.9322
4.0595
3.8338
4.0228
3.8152
3.9686
3.7892
3.8347
3.7526
3.9062
3.7771
3.7657
3.5388
3.5098
3.7571
3.8425
3.9915
3.8820
3.6184
4.1921
3.8657
3.6931
3.7456
3.7122
3.6495
3.6722
3.7676
3.7601
3.8669
3.8501
3.7859
3.6471
3.5438
3.4801
3.7670
3.8832
3.8057
3.7749
3.8151
4.1553
3.8329
3.7170
3.6282
3.8482
3.6085
3.6710
3.6232
3.6316
3.8072
3.8236
3.6162
3.6151
3.6628
3.8799
3.9393
3.9897
3.8216
3.8379
3.8949
3.8457
3.5433
3.1522
3.5266
3.6116
3.6822
3.6463
3.8711
3.5285
3.6913
3.8534
3.9146
3.7759
3.6696
3.6374
3.7226
3.6246
3.7906
3.6917
3.8057
3.9232
3.5726
3.4962
3.6252
3.5933
3.6066
3.8380
3.8002
4.0308
3.9585
3.9413
3.9064
3.7160
3.5482
3.5469
3.6197
3.6295
3.4214
3.4142
3.6817
3.6734
3.6874
3.7840
3.6813
3.6601
4.0546
3.7823
3.6725
3.4356
3.4812
3.6088
3.5511
3.7276
3.4969
3.5403
3.5141
3.4442
3.5990
3.4847
3.6128
3.4966
3.7361
3.7404
3.5961
3.6518
3.6875
3.6609
3.7708
3.8633
3.7150
3.8899
3.9012
3.7566
4.0677
4.1189
3.8408
3.6884
3.9421
3.8101
3.7203
3.9994
3.9769
3.8586
3.6964
3.8350
3.9117
3.7852
3.7548
3.7133
3.7316
3.5113
3.7777
3.6902
3.6793
3.7962
3.9968
3.8724
3.6891
3.8153
3.5668
3.7290
3.6816
3.7320
3.5817
3.7349
3.7886
3.7872
3.7294
3.6706
3.6421
3.8533
3.7666
3.6376
3.4751
3.6992
3.8637
3.7658
3.6325
3.6246
3.5804
3.5783
3.6608
3.7770
3.5676
3.6698
3.8456
3.7713
3.7540
3.8483
3.7531
3.7407
3.8645
3.7711
3.7138
3.6892
3.5130
3.5611
3.4673
3.6444
3.7508
3.7193
3.5727
3.6725
3.5297
3.6510
3.6823
3.4206
3.3997
3.4773
3.7136
3.4405
3.6015
3.4180
3.5104
3.4822
3.3130
3.3987
3.3924
3.4269
3.7127
3.7813
3.7331
3.9511
3.8610
3.8212
4.0667
4.0716
3.8017
3.8727
3.9898
3.8940
3.7296
3.9974
3.9772
3.8891
3.7240
3.8964
3.8245
3.5357
3.5250
3.8967
3.8800
3.7997
3.9533
3.9290
3.9234
3.9494
3.9267
3.7269
3.8681
4.0433
3.6309
3.5808
3.7831
3.6765
3.6841
3.7712
3.6705
3.6639
3.7461
3.9835
4.1047
3.8372
3.6894
3.6498
3.6827
3.5128
3.5836
3.4059
3.4501
3.4610
3.9690
3.7696
3.6870
3.6763
3.7813
3.7469
3.5648
3.6135
3.6780
3.6213
3.8172
3.6258
3.6791
3.8931
3.6048
3.5838
3.6583
4.0522
3.9397
3.9407
3.7369
3.7200
3.5259
3.6814
3.6167
3.5955
3.7839
3.5254
3.5485
3.6251
3.5161
3.4862
3.6579
3.8397
3.5895
3.8653
3.7458
3.5951
3.6793
3.7822
3.9139
3.9342
3.7519
3.7964
3.7723
3.7071
3.5947
3.7903
3.7567
3.6774
3.6149
3.5979
3.6921
3.7976
3.8015
3.7293
3.7587
3.6999
3.8163
3.7160
3.6333
3.4405
3.5228
3.8563
3.6575
3.8254
3.8580
3.6342
3.8753
3.5552
3.8495
3.8191
3.8001
3.7324
3.8207
4.0533
3.6504
3.8046
3.6243
3.7404
3.7604
4.0176
3.8142
3.9089
3.7848
3.8652
3.7575
3.8708
3.6160
3.7110
3.8987
3.6894
3.8586
3.9124
3.9439
3.7459
3.8317
4.1556
4.0388
3.8558
3.8297
3.9653
4.0916
3.9615
3.8429
4.0662
4.1865
3.8942
3.6891
3.8213
3.7698
3.8447
3.6012
3.8834
3.8473
4.0511
4.0459
4.4038
3.9931
3.9567
4.1112
4.3586
3.8417
3.9946
4.3160
4.1172
4.1186
4.0790
4.1205
4.0939
4.1256
4.0304
4.0853
4.1624
4.1230
4.1961
4.1603
3.9517
4.3235
4.0396
4.2168
3.9648
4.2018
4.2321
4.1251
4.2381
4.0752
4.0386
4.0515
4.0574
3.8093
4.0358
3.8539
3.8401
3.9017
3.9612
3.9112
4.0287
4.1592
4.0575
3.9297
3.7399
4.1005
4.1511
4.1037
4.1112
4.0101
4.1366
4.1078
4.0213
4.0308
4.2234
4.1144
3.9784
4.0550
4.0482
3.7915
3.8095
3.9728
3.7965
3.8737
4.0367
4.0860
3.9079
3.8343
3.9939
3.8894
3.7346
3.8191
3.8412
3.6381
3.9406
3.5874
3.5128
3.7837
3.8431
3.8640
4.0902
3.8791
3.8555
4.0945
3.6542
3.7336
3.7547
3.8897
3.5705
3.8904
3.7137
3.8770
3.4282
3.4377
3.6013
3.5758
3.4690
3.6033
3.6229
3.6448
3.6136
3.7039
3.6497
3.6598
3.6436
3.6555
3.8254
3.8791
3.8089
3.6125
3.6572
3.7097
3.4895
3.7660
3.7116
3.8412
3.7979
3.6728
3.9278
3.6721
3.7209
3.7565
3.9862
3.7121
3.7523
3.8840
3.8868
3.8181
3.7816
3.9563
3.8476
3.7477
3.6600
3.9028
3.9563
4.0411
3.9908
4.2191
4.0318
4.0882
4.1853
3.9323
3.8852
3.9239
3.9796
3.9361
4.0349
3.7944
3.8761
3.7867
3.8483
4.0028
3.9921
3.8551
3.9598
4.0088
3.8144
3.9774
3.8981
3.8857
3.7474
3.6404
3.8096
3.7639
3.7386
3.7395
3.7537
3.6571
3.7334
3.7876
3.6222
3.7618
3.9459
3.6511
3.9353
3.6545
3.8076
4.1385
4.1998
3.9089
3.9222
3.8491
3.7169
3.6617
3.6507
3.6595
3.8208
3.9204
3.8386
3.7375
3.8502
3.8504
3.9237
3.6853
3.6705
3.4951
3.5941
3.5031
3.7385
3.7376
3.8418
3.8117
3.4903
3.5893
3.7596
3.6448
3.7511
3.8318
4.0815
3.9902
3.9576
3.9919
4.1131
3.9938
4.0229
4.1186
4.0508
4.1438
3.8845
3.6856
3.7481
3.8748
3.9086
3.8113
4.1739
3.8521
3.9491
4.1296
3.9421
3.6963
3.9771
3.9544
3.9331
3.8051
3.7025
3.7435
3.7852
3.6344
3.7503
3.7010
3.8171
3.5229
3.6001
4.0926
3.8383
3.6673
3.7357
3.8138
3.6856
3.7547
3.5902
3.7886
3.6685
3.4850
3.5042
3.5340
3.5227
3.6188
3.3951
3.6524
3.4400
3.6992
3.5528
3.7202
3.7018
3.3579
3.5380
3.5241
3.3238
3.3426
3.4887
3.5020
3.6058
3.5065
3.6558
3.6339
3.6581
3.7530
3.8293
3.7854
3.5907
3.7762
3.8436
3.8839
3.5851
3.6059
3.6542
3.5750
3.5767
3.6904
3.7442
3.5093
3.5276
3.5344
3.5306
3.6621
3.3879
3.4060
3.5122
3.5838
3.4683
3.4878
3.8929
3.7134
3.5400
3.5526
3.4832
3.7444
3.7374
3.7171
3.6412
3.7224
3.3526
3.4433
3.4885
3.7314
3.9716
4.0756
4.0954
3.8549
3.9779
3.8510
4.0871
3.9877
3.9738
4.1017
3.7490
3.7923
3.6407
3.6522
3.9880
3.7515
3.5583
3.5796
3.7655
3.6960
3.8751
3.7513
3.8855
3.6134
3.7331
3.5881
3.6585
3.7527
3.8478
3.8457
3.7181
3.8607
3.7124
3.8687
3.7283
3.6854
3.8052
3.7780
4.1578
3.8615
3.8265
3.7806
3.8063
3.9264
3.8337
3.9678
3.8386
4.0627
3.9114
3.9842
3.9554
3.8441
3.9781
3.8830
4.0828
3.8638
4.1660
3.7929
3.8603
4.1069
4.1909
4.2065
4.2149
3.9746
3.9163
4.0516
3.8788
3.7346
4.0411
4.1666
4.1036
3.9013
3.8226
3.8054
3.7431
3.9767
3.9044
3.8366
3.9049
3.8066
3.8745
4.0849
4.0722
3.9985
3.9667
4.2023
4.0255
4.1027
4.0603
4.1166
4.2350
3.9256
3.9587
3.9658
3.7469
4.0206
4.0227
3.8188
3.9542
3.8077
3.9451
4.1055
4.0472
4.0820
4.0143
4.2452
4.3689
4.1761
4.0390
3.9920
3.8709
3.9080
3.9324
4.2638
4.2292
4.2071
4.0440
3.8393
3.9703
3.9679
4.1353
3.8514
4.2654
4.0685
4.0793
4.1863
4.1563
4.0802
4.1475
3.9720
4.1389
4.1911
3.9843
3.8260
3.9141
4.0447
3.9800
3.9439
4.3258
4.1373
4.0694
3.9298
3.7032
3.9684
3.6994
3.8681
3.7714
3.8900
3.8346
3.7626
3.7680
3.7939
3.8904
3.7157
4.0611
3.8471
3.6229
3.4754
3.6823
3.8477
3.9843
4.0460
3.9375
3.8719
3.9319
3.7389
3.8178
3.9894
4.2114
4.0058
4.1496
4.0840
4.1651
4.1139
4.1174
3.8156
3.8945
4.0491
4.0519
4.1380
4.0103
4.0876
4.1476
4.2782
4.2065
4.1134
4.1716
4.0170
3.8837
3.7180
4.0366
4.2719
3.9841
3.7850
4.0199
4.1033
3.9614
3.8831
3.7640
4.0843
4.0006
3.9290
3.8561
3.6920
3.7888
3.6908
3.6666
3.7804
4.0472
4.0422
3.8761
4.0643
3.9297
3.8862
4.1224
4.1831
4.0947
4.0407
3.9632
3.8863
4.0386
4.1856
4.1464
4.0169
4.2330
3.7597
3.7474
3.8872
4.0338
4.3484
4.2485
4.4173
3.9749
4.3555
4.4883
4.4503
4.2058
4.3289
4.1346
3.9281
3.8217
3.8621
4.0291
3.7146
3.9459
3.9024
4.0633
4.0681
3.9330
4.1776
3.9263
3.9682
3.9589
3.9613
3.8657
3.9504
3.9221
3.9261
3.7153
3.7994
3.7032
3.9371
4.1095
4.2937
4.0623
4.3721
4.2189
4.0165
4.0213
3.9062
4.0805
4.2106
4.2103
4.0528
4.3972
4.3841
4.3329
4.4232
4.0055
3.9961
4.1691
3.7961
4.0806
3.8456
4.1693
4.2749
4.0360
4.0777
4.0200
3.8772
4.2305
4.3134
4.0292
3.9736
4.2841
4.1329
4.0668
4.1312
3.8235
4.1918
3.9689
4.2976
4.1885
4.1165
4.2463
4.4678
3.9952
4.1531
4.5019
4.3777
4.4117
4.1983
4.0793
4.0911
4.0169
4.2604
4.0978
3.9412
3.9504
4.2611
3.7243
4.0168
4.2836
3.7831
4.0463
4.5711
4.0443
4.1621
4.3480
4.2294
4.2361
4.2893
4.2742
4.1962
4.0246
3.9569
4.1422
4.1662
4.2303
4.0763
4.0946
3.8937
4.2002
4.1477
3.9371
4.3084
4.0845
4.2133
3.8978
3.9157
3.8938
4.0721
4.4050
4.5117
4.4093
4.3027
4.1940
4.3917
4.4331
4.3219
4.4997
4.8255
4.3183
4.1194
4.1142
4.0992
4.0451
3.9951
4.1226
4.0260
4.1152
4.1420
3.8528
4.0945
4.4575
3.9529
4.2253
4.0100
3.6811
4.1476
4.1154
4.0106
4.1737
3.9887
4.2242
4.0490
4.3428
4.1587
4.2582
4.3720
4.4827
4.1917
4.1529
4.4177
4.3722
4.3347
4.3255
4.5600
4.1763
4.2800
4.4351
4.3982
4.3653
4.2470
4.2951
4.5401
4.4827
4.6509
4.5543
5.0423
5.1223
5.1015
5.0708
4.8366
4.9245
4.5751
4.3867
4.5435
4.5608
4.3596
4.4545
4.4989
4.3525
4.6712
4.4027
4.5862
4.5537
4.8079
4.7778
4.7413
4.4445
4.3519
4.2206
4.1172
3.9264
3.9763
4.3698
4.4054
4.5309
4.5822
4.7648
4.4416
4.7716
4.5903
4.5273
4.5843
4.8085
4.7355
4.6733
4.4975
4.6277
4.2950
4.6087
4.4558
4.6412
4.3257
4.7394
4.9733
4.6048
4.4534
4.5596
4.4635
4.5757
4.3498
4.3771
4.2498
4.4997
4.4135
4.6001
4.7320
4.8367
4.4226
4.2753
4.0727
4.2064
4.2668
4.2110
4.3185
4.6519
4.4017
4.2131
4.4822
4.3887
4.2142
4.3525
4.3447
4.2018
4.1622
4.2282
4.2192
4.5793
4.2655
4.0067
3.9478
3.9752
3.8311
4.1825
4.1671
4.5228
4.3748
4.0771
4.2770
4.2371
3.9348
3.9492
3.9535
3.9505
4.0382
4.0917
4.0330
4.1352
3.9803
3.9734
4.2243
4.1382
3.9842
4.1431
4.1334
4.0034
4.0670
3.7587
3.8348
3.9020
4.1602
4.2984
4.4738
4.1236
3.9427
4.2280
4.0450
4.0926
3.6988
3.8083
3.8922
4.1253
4.1612
4.4307
4.3256
3.9123
4.0732
4.1755
3.9091
4.1140
3.8181
3.8433
4.2246
4.2088
4.1890
4.2746
3.9886
4.0639
4.0537
4.2169
4.2159
4.0917
4.0192
4.3357
4.0520
3.9501
3.9494
4.0334
3.6703
3.9825
3.9044
3.7447
3.7835
4.0724
4.1868
4.4106
4.2239
4.1716
4.0950
3.9550
4.2665
4.5412
4.6589
4.6141
4.7376
4.7235
4.6322
4.3771
4.4947
4.4122
4.8258
4.7641
5.1314
4.8508
4.6878
4.6680
4.7460
4.4071
4.2801
4.6666
4.5993
4.6125
4.7280
4.1672
4.5546
4.2800
4.5002
4.4220
4.4630
4.3644
4.3373
4.2561
4.1201
4.1876
4.0057
4.0186
4.0933
4.1472
4.3327
4.0894
4.0916
4.0495
4.0002
4.1958
4.1733
4.0495
4.1854
4.2830
4.1656
4.0201
3.9535
3.9752
4.1947
4.2738
4.1536
4.0300
4.2900
4.2275
4.2620
4.1305
4.4802
4.1921
4.3028
4.2824
4.2817
4.4174
4.1942
4.9020
4.8832
5.0909
4.8681
4.9886
4.7074
4.7373
4.5651
4.6730
4.5869
4.7162
4.5235
4.6611
4.3835
4.6071
4.6370
4.6507
4.8897
4.7765
4.5585
4.6685
4.4654
4.5399
4.4661
4.7750
4.4333
4.6754
4.5081
4.3782
4.2247
4.3246
4.4180
4.6183
4.5313
4.5338
4.8879
4.5810
4.6396
4.7524
4.8526
4.6445
4.4515
4.6648
4.4643
4.7449
4.6986
4.5521
4.1476
4.5942
4.5467
4.5269
4.2867
4.7455
4.4525
4.5581
4.4688
4.4819
4.0929
4.1669
4.3334
4.0524
4.3229
4.5619
4.0359
4.5497
4.4254
4.2505
4.0799
4.3044
4.1767
4.2644
4.0033
4.3115
4.1574
3.9927
4.1215
4.0640
4.1107
4.0971
4.1419
4.3909
4.4578
4.3629
4.4322
4.2769
4.1722
4.3058
3.9956
3.9731
4.2521
4.4788
4.4525
4.2271
4.1501
4.0866
3.9392
4.1412
4.1329
4.1813
4.1773
3.9890
4.0792
4.1270
4.0294
4.1022
4.4899
4.3861
4.3314
4.4704
4.3179
4.3935
4.8592
4.6842
4.4613
4.4769
4.6718
4.6548
4.5834
4.1893
4.1099
4.2529
4.0746
4.3057
4.2125
4.3593
4.4779
4.1869
4.1218
4.2741
4.4120
4.2898
4.1836
4.2681
4.4169
4.4545
4.5001
4.5161
4.6631
4.4166
4.6099
4.6485
4.5806
4.6747
4.8147
4.6953
4.5481
4.6182
4.5812
4.5467
4.4645
4.8248
4.6857
4.7662
4.7762
4.8762
4.7059
4.8587
4.6003
4.4791
4.6016
4.6886
4.7455
4.3685
4.6316
4.3700
4.1954
4.3912
4.4602
4.7130
4.5551
4.5060
4.6115
4.4086
4.1106
4.4596
4.6393
4.4768
4.2470
4.3210
4.1555
4.5072
4.4522
4.7808
4.2698
4.7150
4.2847
4.4273
4.5188
4.5570
4.8678
4.3373
4.5696
4.3367
4.5276
4.4005
4.6300
4.3368
4.5165
4.4551
4.0636
4.4400
4.5134
4.4179
4.5078
4.7226
4.6250
4.3585
4.5605
4.2829
4.3470
4.1777
4.6694
4.6939
4.6557
4.1921
4.2613
4.5319
4.2830
4.2864
4.2836
4.2893
4.3671
4.2485
4.1133
3.9638
4.0880
4.3277
4.2194
4.4353
4.6322
4.2730
4.2848
4.5894
4.9505
4.7796
4.4817
4.5251
4.6575
4.6475
4.8534
4.7600
4.8654
4.5803
4.5083
4.5757
4.7410
4.7010
4.8213
4.3550
4.4241
4.4139
4.7277
4.3520
4.4169
4.4714
4.3784
4.1623
4.1240
4.1538
4.2832
4.3476
4.3572
4.5308
4.1436
4.0872
4.2116
4.5213
4.5513
4.4081
4.5789
4.8304
4.5725
4.5230
4.2700
4.3363
4.3122
4.3521
3.9452
4.2594
4.4800
4.7113
4.7744
4.7955
4.4756
4.2865
4.4627
4.3344
4.1403
4.2569
3.9463
4.1616
3.8462
3.8649
4.1834
4.3776
4.4531
4.1612
4.1720
4.4285
4.0808
4.2457
4.1152
4.2153
4.0613
3.8584
4.0559
3.9096
3.7170
3.9394
3.8618
3.9820
3.8247
3.6133
3.7043
3.8774
3.8209
3.8564
4.0070
4.1744
4.0594
4.1354
4.2882
4.3354
4.2449
4.1498
4.0176
4.1331
4.4255
4.4472
4.3269
4.2193
4.1920
4.2612
4.1119
3.9918
4.1103
3.9256
3.8650
4.0110
4.3171
3.9378
3.7734
3.9102
3.6323
3.9139
4.0363
3.6128
3.5270
3.4796
3.5806
3.5753
3.5250
3.7073
3.6605
3.7419
3.5105
3.4770
3.6686
3.8572
3.9117
3.6470
3.8097
4.0952
3.6766
3.6437
3.9511
4.0927
4.2042
4.1521
4.3323
4.2463
4.4183
4.4828
4.4082
4.1313
4.2100
4.3858
4.2475
4.3128
4.1804
4.4932
4.3021
4.0796
3.8344
3.8487
4.3987
4.4269
4.4664
4.3767
4.6659
4.6774
4.4951
4.3647
4.3612
4.7359
4.2470
4.4349
4.6368
4.7053
4.8459
5.1695
4.7976
4.9551
4.8708
4.9718
5.0282
4.6423
4.5113
4.3167
4.4321
4.4201
4.2464
4.0807
4.0247
4.2296
4.0658
4.2638
4.1826
4.1562
4.3911
4.5292
4.6607
4.8005
4.5056
4.6068
4.5635
4.4170
4.5164
4.4615
4.6091
4.7306
4.7520
4.5274
4.5592
4.5389
4.6017
4.9865
4.9785
4.8071
5.1026
4.8432
4.7597
4.7473
4.8343
5.0824
4.9538
4.7403
4.8073
4.6599
4.7700
4.6882
4.6114
4.5799
4.6122
4.8459
4.3391
4.4617
4.4737
4.4356
4.4208
4.6361
4.8415
4.7415
4.7176
4.6582
4.4615
4.6456
4.4024
4.6306
4.8825
4.6567
4.9579
4.6119
4.8092
4.2530
4.3670
4.6938
4.4587
4.6669
4.3868
4.5918
4.4290
4.7063
4.5093
4.1944
4.4198
4.6413
4.7164
4.7989
4.6833
4.8739
4.6628
4.6271
4.7788
4.5570
4.2190
4.5274
4.2185
4.2274
3.8253
3.9399
3.8369
3.9961
4.1433
4.3691
4.6457
4.5067
4.5364
4.2318
4.4617
4.4637
4.5112
4.4666
4.4915
4.0730
4.1814
4.6055
4.4530
4.3618
4.4128
4.2421
4.2256
4.1658
4.3402
4.2586
3.9067
4.1531
4.2965
4.4674
4.2570
4.3125
4.4197
4.1820
4.3634
4.4681
4.4911
4.5205
4.7446
4.4465
4.4739
4.5913
4.9328
4.9590
4.7766
4.4462
4.4418
4.3726
4.5364
4.5677
4.4614
4.4391
4.4201
4.4712
4.5928
4.6559
4.4192
4.5498
4.2581
4.2960
4.1040
3.9678
4.1904
4.1080
4.3418
4.0602
3.8563
3.6511
3.5946
3.6289
4.0228
3.8498
3.8880
3.9076
4.0218
4.0446
3.8632
3.8202
4.1747
4.3646
4.3330
4.1763
3.8695
4.3389
4.3378
4.3749
4.4663
4.5530
4.0655
4.2475
4.1958
4.5825
4.3764
4.1720
4.0544
4.3454
4.3972
4.0729
4.2327
3.9422
3.8673
3.9702
3.9622
3.8034
3.6894
3.6156
3.5312
3.5310
3.4319
3.6055
3.7923
3.8307
3.8557
3.8743
3.7432
3.4601
3.4733
3.6897
3.5867
3.6283
3.6463
3.4477
3.6565
3.4094
3.7133
3.4346
3.5260
3.4469
3.3402
3.4491
3.4452
3.2811
3.4219
3.8153
3.6732
3.5850
3.5199
3.5490
3.6193
3.7234
3.5845
3.3714
3.4657
3.5888
3.5358
3.3055
3.3732
3.2737
3.7555
3.6122
3.6178
3.7420
3.5756
3.9160
3.6031
3.5811
3.6070
3.8167
3.4971
3.5849
3.7910
3.7602
3.6708
3.7278
3.6731
3.7859
4.0418
3.9797
3.9296
3.6652
3.8050
3.6332
3.5853
3.5051
3.8632
4.1108
3.8347
3.6594
3.9708
3.6000
3.7246
3.7616
3.4689
3.8300
4.0911
3.9646
3.8108
3.9624
3.7081
3.9516
3.9570
3.7241
3.5518
3.6156
3.4594
3.4980
3.5207
3.8288
3.8401
3.7754
3.9648
3.9245
4.2154
4.3456
4.1781
4.2606
4.2095
4.4559
4.3435
4.1675
4.0392
4.1058
4.0088
4.4407
4.2231
4.2960
4.3980
4.2099
4.2425
4.3968
4.3367
4.3883
4.5804
4.3087
4.5457
4.3320
4.7873
4.8464
4.5105
4.4579
4.4802
4.2792
4.4409
4.2745
3.9173
4.1118
4.0274
4.0289
3.8103
3.9340
3.9343
4.0139
3.9973
3.7578
3.6918
3.6044
3.5382
3.6823
3.6369
3.9256
3.6912
3.3457
3.5795
3.6313
3.7750
3.8103
3.9992
3.7985
3.7110
3.8397
3.7244
4.0458
4.2055
3.8362
4.0315
3.9367
4.1640
4.4333
4.2752
4.4356
4.5680
4.4078
4.2041
4.4065
4.5367
4.1309
4.0043
4.2333
4.0873
4.2430
4.3565
4.4870
4.5637
4.3248
4.2391
4.1871
3.9536
4.2759
4.2270
4.2408
4.0259
4.0443
4.0658
3.8971
3.7119
3.8363
3.9888
3.8717
3.7481
4.0621
4.1088
4.0879
3.9136
3.6075
3.7552
3.6965
3.6636
3.6232
4.0971
4.1641
4.1354
4.0530
4.0728
3.9698
3.7719
3.7042
3.7713
3.6191
3.7890
3.6351
3.6509
3.6438
3.9478
3.9360
4.0272
3.8517
3.7770
3.8753
3.8255
3.8161
3.6244
3.6961
3.7885
3.7718
3.9071
3.7996
3.5865
3.3980
3.8740
3.8063
3.8520
3.8980
3.9185
3.8503
3.7816
4.1372
3.8083
3.7928
3.7812
3.8177
3.5777
3.6020
3.8548
3.6101
3.5373
3.7002
3.3664
3.6823
3.6667
3.7203
3.7009
3.4719
3.4820
3.5519
3.7245
3.4062
3.3601
3.5703
3.4720
3.2157
3.5394
3.4227
3.6485
3.5221
3.7916
3.9621
4.0077
3.8752
3.9851
3.8620
3.8495
3.7221
3.5502
3.6656
3.7547
3.4287
3.8528
3.6986
3.5753
3.6980
3.5172
3.2145
3.6643
3.3740
3.7305
3.5921
3.4198
3.3525
3.5334
3.5414
3.3159
3.3793
3.6933
3.3451
3.3215
3.2903
3.2522
3.3375
3.3592
3.6648
3.6998
3.7708
4.0036
3.9932
3.9322
3.9543
3.7610
3.7888
3.6652
3.7014
3.8541
3.7253
3.8933
3.7752
3.9115
3.8101
4.0064
4.0328
3.9299
3.9306
3.9143
4.1077
3.4114
3.6512
3.8256
4.0058
3.8082
3.9000
3.7797
3.8986
3.8275
3.6832
3.6600
3.5889
3.3638
3.5499
3.9354
3.9578
3.7662
3.4852
3.3841
3.4709
3.7215
3.5571
3.7032
3.7815
3.6176
3.6631
3.7334
3.7935
3.6596
3.5769
3.4885
3.7406
3.8633
4.0671
3.6878
3.4256
3.8218
3.8171
3.6792
4.0397
3.8807
4.0026
4.0378
3.6777
3.8237
3.6927
4.1847
3.9645
4.0792
3.8638
3.8970
4.2525
3.8615
4.0287
3.9146
4.0163
3.7759
3.7510
3.9382
3.9365
3.7756
3.8242
3.7636
3.8577
3.7420
3.8004
3.8752
3.5645
3.6660
3.9052
3.8266
3.7106
3.6789
3.9101
3.8664
3.8596
3.8847
3.6472
3.4984
3.7209
3.7182
3.6828
3.5361
3.8447
3.7219
3.7212
3.6615
3.8717
3.6663
3.6751
3.8408
3.9208
3.8293
3.8150
3.7627
3.6604
3.5616
3.6332
3.5405
3.4546
3.5320
3.8397
3.6115
3.3342
3.2761
3.3688
3.3028
3.3374
3.4162
3.4930
3.8294
3.8508
3.8414
4.2069
3.8080
3.7280
3.4839
3.9174
3.7876
3.6429
3.4736
3.4369
3.6904
3.7801
3.8028
3.6765
3.8262
3.6124
3.8293
4.0081
3.8926
3.9132
4.0055
3.7511
3.5899
3.7437
3.6031
3.7238
3.6677
3.7443
3.7970
3.8338
3.7133
3.6996
3.6942
3.7644
3.7851
3.6091
3.7715
3.6976
3.8221
3.7135
3.8327
3.5537
3.6106
3.5285
3.5907
3.6653
3.7422
3.5830
3.4710
3.5627
4.0654
3.8501
4.1265
3.9332
4.3186
3.8029
3.6773
3.6324
3.6066
3.8722
3.8625
3.8196
3.6747
3.8054
3.8469
3.6709
3.5856
3.8933
3.9599
3.8075
3.8322
3.8926
4.0438
3.6424
3.7950
3.7539
3.5242
3.4510
3.8566
4.0497
3.9529
3.8628
3.7909
3.7223
3.6292
3.6695
3.7434
3.7976
3.7669
3.7865
3.7547
3.5552
3.4937
3.7429
3.9533
3.9517
3.9463
3.6370
3.4199
3.3384
3.5383
3.2296
3.5690
3.4836
3.6525
3.5246
3.5278
3.5977
3.3990
3.5913
3.3006
3.3969
3.4623
3.5083
3.5723
3.2173
3.2529
3.3305
3.1474
3.2302
3.5660
3.3820
3.4216
3.4514
3.4164
3.4712
3.3589
3.2939
3.4466
3.6322
3.5153
3.3219
3.1647
3.3715
3.4571
3.3497
3.4003
3.4649
3.4260
3.4299
3.1331
3.3205
3.2334
3.1983
3.3153
3.2206
3.0463
3.0373
2.9419
3.1488
3.4486
3.1870
3.4209
3.3162
3.5587
3.4745
3.6876
3.5490
3.8157
3.4578
3.5549
3.5126
3.4567
3.2834
3.3168
3.3048
3.4973
3.4025
3.5715
3.3188
3.4943
3.5028
3.4312
3.4630
3.5340
3.4905
3.5505
3.4617
3.6245
3.4151
3.4213
3.4493
3.3935
3.5325
3.2962
3.4284
3.4613
3.4197
3.3487
3.3011
3.4301
3.4226
3.3736
3.5251
3.5701
3.5376
3.7911
3.5268
3.6139
3.5867
3.5200
3.3742
3.4545
3.4925
3.3023
3.4322
3.3660
3.4396
3.3370
3.3635
3.2966
3.4446
3.3564
3.3111
3.2688
3.3571
3.0431
3.1481
3.2249
3.0616
3.2171
3.2481
3.3386
3.2950
3.0614
3.1856
3.2251
3.2046
3.2150
3.1817
3.2603
3.0531
3.2764
3.3261
3.1226
3.2713
3.3182
3.4314
3.3826
3.4594
3.4772
3.5466
3.3819
3.5108
3.5091
3.8001
3.6143
3.7667
3.5314
3.5557
3.5689
3.4696
3.4765
3.6118
3.5349
3.3983
3.3351
3.3083
3.5362
3.7247
3.8094
3.4278
3.5456
3.6081
3.5706
3.3657
3.4990
3.3939
3.2656
3.1363
2.9045
3.1093
3.2715
3.0058
3.2586
3.2204
3.1319
3.1477
3.1929
3.1409
3.3468
3.3385
3.7143
3.1803
3.3139
3.5097
3.4951
3.3160
3.4974
3.5803
3.6716
3.7331
3.8773
3.5895
3.6338
3.4958
3.6138
3.6961
3.6977
3.5194
3.5075
3.3890
3.7429
3.3746
3.6539
3.7390
3.5265
3.7350
3.9456
3.6049
3.7696
3.7198
3.7436
3.5075
3.5874
3.5939
3.9481
3.9084
3.9896
3.9664
3.8348
3.5810
3.7284
3.7034
3.6823
3.6632
3.5984
3.6152
3.6255
3.6527
3.4240
3.3441
3.5267
3.2188
3.7486
4.0668
3.9427
3.9564
3.9620
3.8979
3.7932
3.6333
3.8169
3.7617
3.7689
3.7757
3.7940
3.8916
4.0159
3.8769
3.7296
3.8633
3.8798
3.5469
3.6355
3.6448
3.4229
3.9713
3.9838
3.7306
3.3046
3.5211
3.9966
4.0467
3.7717
3.7289
3.3937
3.2902
3.3922
3.2370
3.5320
3.9092
3.6875
3.7525
3.8830
3.6390
3.4713
3.3745
3.4062
3.6246
3.5273
3.5626
3.5611
3.6190
3.6748
3.5777
3.6798
3.5920
3.6803
3.8584
3.6066
3.5313
3.8237
3.7466
3.5902
3.5969
3.6768
3.7781
3.6479
3.7509
3.6074
3.8167
3.6816
3.7113
3.7954
3.7255
3.6967
3.5401
3.5271
3.6442
3.6738
3.3238
3.4666
3.4747
3.5535
3.5707
3.4887
3.6030
3.5729
3.6791
3.7148
3.4787
3.4863
3.7051
3.7530
3.7272
3.3869
3.2690
3.1909
3.0758
3.2352
3.3400
3.1404
3.0147
3.1871
3.0351
3.2554
3.3502
3.2387
3.2974
3.4883
3.4444
3.7412
3.6979
3.7117
3.5209
3.3094
3.4724
3.4075
3.6630
3.5227
3.3957
3.3802
3.3244
3.2902
3.4029
3.4528
3.5078
3.2790
3.3375
3.3423
3.4688
3.3754
3.2235
3.2639
3.2231
3.3771
3.3918
3.3360
3.4271
3.4400
3.4995
3.5553
3.3870
3.5644
3.5128
3.4449
3.7980
3.7900
3.4538
3.5754
3.3615
3.5063
3.5182
3.5001
3.3566
3.6197
3.8659
3.8000
3.9430
3.6405
3.5525
3.5325
3.6474
3.6446
3.8767
3.9615
3.9381
3.8355
3.6851
3.6134
3.7921
3.3459
3.4870
3.6345
3.6657
3.1926
3.3598
3.2105
3.5085
3.3532
3.6214
3.3785
3.3213
3.2383
3.0571
3.3048
3.3478
3.4057
3.1884
3.1365
3.4852
3.4265
3.4211
3.4325
3.6398
3.3225
3.4171
3.3084
3.4825
3.7259
3.5101
3.6928
3.7496
3.7695
3.8153
3.7910
3.4652
3.4865
3.3044
3.4046
3.3020
3.5114
3.4670
3.6043
3.6756
3.5013
3.6615
3.5366
3.3988
3.5069
3.4838
3.3563
3.4913
3.3842
3.4080
3.3509
3.2555
3.2341
3.1468
3.2110
3.0992
3.3878
3.3107
3.1631
3.6680
3.7106
3.5801
3.5542
3.5008
3.5703
3.7649
3.7021
3.5258
3.6857
3.9720
3.9605
4.0378
3.8302
3.8572
3.7474
3.8445
3.6452
3.5708
3.8100
3.7848
3.8787
3.7214
3.7364
3.7832
3.8670
3.8194
3.9414
3.9933
3.8426
3.8015
3.6921
3.5724
3.6259
3.6440
3.8283
3.7587
3.5903
3.7193
3.6955
3.7613
3.5741
3.6390
3.7705
3.6832
3.4143
3.5177
3.5594
3.7082
3.6320
3.7315
3.9071
3.9629
3.8160
4.0345
3.5946
3.7224
3.6771
3.9462
3.9187
3.5194
3.6806
3.6200
3.6754
3.9183
3.8235
3.6626
3.4648
3.5690
3.7480
3.2985
3.2052
3.6723
3.4091
3.5112
3.4178
3.4964
3.8279
3.7493
3.7853
3.5596
3.5298
3.6643
3.6084
3.6711
3.5601
3.5332
3.4103
3.5093
3.4651
3.4225
3.2399
3.4792
3.4117
3.4789
3.4529
3.5870
3.6204
3.3941
3.6681
3.6155
3.6862
3.6707
3.4174
3.4139
3.4490
3.3635
3.6004
3.2025
3.3421
3.1193
3.2358
3.4755
3.4708
3.5359
3.1810
3.2960
3.7337
3.5618
3.4169
3.5846
3.5223
3.4585
3.4291
3.4483
3.5212
3.4224
3.2466
3.1639
3.1225
3.2168
3.0135
3.1604
3.2513
3.2160
3.3725
3.1697
3.1665
3.2930
3.1218
3.1885
3.2359
3.3131
3.2922
3.1527
3.2006
3.4550
3.4422
3.4597
3.3880
3.4719
3.5233
3.5623
3.2122
3.1077
3.2785
3.1943
3.2963
3.1589
3.0858
3.0489
3.2191
3.2183
3.3659
3.1843
3.1853
3.2731
3.3277
3.1760
3.2719
3.3902
3.1399
2.8933
3.2415
3.3617
3.5520
3.2550
3.3916
3.3087
3.2782
3.3974
3.3620
3.2888
3.0977
3.3436
3.3767
3.5848
3.3448
3.2323
3.6336
3.8470
3.7358
3.6677
3.6258
3.7328
3.5193
3.3228
3.3031
3.4148
3.4654
3.4511
3.7416
3.4721
3.4519
3.6067
3.6203
3.5695
3.2825
3.2853
3.3652
3.3402
3.3653
3.4262
3.1225
3.2688
3.5362
3.6228
3.6090
3.4921
3.5450
3.4441
3.6599
3.5411
3.5064
3.5489
3.5923
3.5608
3.3428
3.4181
3.2986
3.2578
3.3945
3.2717
3.2566
3.5568
3.8445
3.8056
3.6306
3.4976
3.7677
3.7785
3.4096
3.4388
3.6862
3.5892
3.5358
3.6570
3.7734
3.5319
3.6008
3.7070
3.9682
3.7665
3.8289
3.7202
3.4656
3.4541
3.3945
3.4159
3.3493
3.6577
3.6746
3.5602
3.8533
3.7093
3.8341
3.6507
4.0040
3.8666
3.7812
3.8947
4.0090
4.0810
4.3133
4.4059
4.3320
4.4174
3.9271
3.7834
3.7876
3.7259
3.6427
3.8857
4.2923
3.9779
3.8396
4.1462
4.0170
3.9604
3.5484
3.5946
3.6001
3.8633
3.9309
3.9045
3.6055
3.8179
3.7803
3.5576
3.4426
3.4844
3.5073
3.8137
3.6316
3.3937
3.2486
3.4813
3.4545
3.6576
3.7569
3.4487
3.3654
3.3459
3.6381
3.8841
4.0058
3.8739
3.6986
3.7566
3.7184
3.4715
3.6882
3.6378
3.5613
3.5938
3.6290
3.4270
3.4643
3.5089
3.3314
3.2472
3.2725
3.2491
3.2175
3.3021
3.2828
3.3716
3.3760
3.4916
3.2480
3.5556
3.6384
3.6058
3.7720
3.6928
3.8169
3.8096
3.7943
3.9462
3.5467
3.5361
3.5254
3.5022
3.6099
3.3394
3.5946
3.2702
3.7163
3.3928
3.1867
3.4363
3.4258
3.4113
3.3060
3.3591
3.6295
3.6681
3.5463
3.4748
3.2460
3.3612
3.6359
3.8110
3.7608
3.7881
3.7185
3.5248
3.5497
3.3645
3.2793
3.1313
3.3013
3.2839
3.3023
3.3585
3.4030
3.4024
3.3289
3.4136
3.3152
3.6495
3.5057
3.5232
3.5439
3.6516
3.3223
3.6561
3.4195
3.4482
3.4739
3.5223
3.5068
3.4454
3.3777
3.3651
3.5715
3.6809
3.5057
3.2719
3.3159
3.2027
3.2338
3.2310
3.3105
3.3972
3.3186
3.4864
3.5228
3.4480
3.6932
3.8104
3.3805
3.4182
3.4107
3.5171
3.5086
3.7650
3.8133
3.5858
3.4984
3.6129
3.4803
3.4611
3.3474
3.4871
3.5474
3.7988
3.6553
3.6207
3.3497
3.7214
3.4706
3.6304
3.4311
3.3429
3.7724
3.4633
3.4510
3.4876
3.6535
3.5407
3.4887
3.4791
3.3837
3.4664
3.2536
3.3426
3.3778
3.3685
3.2790
3.3423
3.3366
3.1471
3.3842
3.4154
3.4137
3.2192
3.2881
3.1771
3.5571
3.5037
3.5841
3.6191
3.8496
3.9792
3.9782
3.9438
3.9368
4.1354
3.9908
3.6900
3.8042
3.6765
3.9504
3.8124
3.6450
3.5191
3.5639
3.6490
3.5334
3.6086
3.6874
3.7847
3.9310
3.7320
3.6842
3.5536
3.4298
3.3635
3.4293
3.5898
3.3946
3.3814
3.3733
3.2844
3.4484
3.3804
3.3019
3.7346
3.5979
3.4351
3.6589
3.6872
3.5220
3.5942
3.5261
3.4474
3.6694
3.7848
3.7231
3.9805
3.6172
3.5990
3.9294
3.8117
3.7214
4.0920
3.4147
3.6376
3.6920
3.8297
3.6986
3.6202
3.4453
3.3298
3.2786
3.4727
3.5461
3.7435
3.5370
3.5961
3.8051
3.6329
3.4771
3.7174
3.7895
3.9692
3.5160
3.5415
3.5906
3.3821
3.4047
3.9671
3.5185
3.5171
3.4458
3.8348
3.4925
3.4743
3.5071
3.5584
3.5887
3.3421
3.4553
3.4084
3.2544
3.5152
3.6525
3.4186
3.4881
3.3763
3.2472
3.2971
3.1665
3.2739
3.5176
3.4634
3.5900
3.7398
3.7655
3.6827
3.6593
3.9627
3.6970
3.6177
3.7223
3.9715
3.7319
3.4764
3.7857
3.6172
3.9488
3.9052
3.6109
3.8371
3.6651
3.7818
3.4287
3.7317
3.7248
3.7324
3.7297
3.9712
3.5907
3.8699
3.7711
3.8433
3.5023
3.6656
3.5247
3.5921
3.7832
3.7369
3.9003
3.7055
3.6542
3.4795
3.3714
3.4868
3.3540
3.5617
3.5670
3.5125
3.4706
3.5339
3.7786
3.9060
3.4042
3.4654
3.5208
3.4903
3.4985
3.5822
3.5623
3.4843
3.4077
3.3253
3.6007
3.4875
3.7630
3.8126
4.0138
3.8936
3.8251
3.9641
4.1201
3.8387
3.9258
3.6927
3.6549
3.5623
3.6760
3.7787
3.6816
3.7142
3.8770
3.8411
4.1267
3.9257
4.0244
3.8278
3.9377
3.8028
3.6935
3.9781
3.8000
3.8190
3.6438
3.8618
3.8324
3.8558
3.5701
3.9416
3.6441
3.8492
3.8003
3.7153
3.7344
3.6835
3.9286
3.8934
4.0691
3.6906
3.5291
3.5600
3.7863
3.7977
3.8550
3.7437
3.7752
3.7707
3.6596
3.6675
3.6548
3.8885
3.8146
3.6546
3.7127
3.5193
3.7286
3.8096
3.6780
3.7036
3.8271
3.8241
3.9290
4.0394
3.7183
3.9919
3.6054
3.4573
3.5495
3.4514
3.5242
3.4860
3.6122
3.8308
3.5446
3.6208
3.8720
3.8930
3.8505
3.8472
3.6905
3.6870
3.5227
3.6005
3.6103
3.3603
3.2146
3.4887
3.5342
3.4118
3.4258
3.2353
3.3270
3.3605
3.4315
3.5893
3.5057
3.7767
3.6579
3.7088
3.5568
3.9485
3.9617
3.9722
4.0191
3.6767
3.5951
3.6252
3.6826
3.8044
3.9228
3.8345
3.6173
3.8102
3.8188
3.8194
3.7881
3.5923
3.8357
3.8034
3.7795
3.7706
3.7844
3.5684
3.5340
3.8556
3.4968
3.6479
3.6566
3.5756
3.8081
3.7506
3.5929
3.6041
3.4401
3.2444
3.2648
3.2925
3.5621
3.6121
3.2164
3.2880
3.4856
3.4098
3.5996
3.5634
3.6086
3.5376
3.7670
3.2205
3.7244
3.5906
3.4058
3.6343
3.4877
3.6477
3.6222
3.2986
3.3970
3.3908
3.4654
3.3429
3.5201
3.6892
3.6334
3.5949
3.7322
3.6467
3.5496
3.4018
3.4153
3.5022
3.2685
3.5248
3.4103
3.6498
3.3886
3.3664
3.5453
3.3628
3.3337
3.2168
3.4631
3.4349
3.3059
3.2836
3.3641
3.2988
3.1434
3.5412
3.3857
3.4513
3.5551
3.4368
3.6147
3.5704
3.5100
3.5127
3.5437
3.6770
3.4123
3.8474
3.5239
3.7592
3.7624
3.5332
3.7322
3.6257
3.5967
3.5796
3.7064
3.6113
3.9179
3.6057
3.6441
3.6223
3.4614
3.5357
3.5990
3.6485
3.5852
3.6393
3.4897
3.7227
3.7407
3.6078
3.6063
3.5711
3.5126
3.5887
3.5752
3.8287
4.0621
3.9024
3.8162
3.6862
3.6673
3.6218
3.4699
3.4078
3.5738
3.4361
3.2519
3.4124
3.2638
3.3196
3.2208
3.4543
3.4699
3.4819
3.6499
3.3698
3.4791
3.5725
3.5897
3.5038
3.2041
3.2601
3.2635
3.3303
3.6474
3.3964
3.3363
3.2642
3.3940
3.4484
3.5225
3.3879
3.3825
3.3550
3.3357
3.2834
3.3489
3.2494
3.2479
3.7469
3.7751
3.5228
3.4529
3.5169
3.4172
3.6428
3.6260
3.7140
3.6912
3.5611
3.6340
3.7951
3.5098
3.5161
3.6420
3.5111
3.6495
3.7100
3.7089
3.6152
3.5361
3.7528
3.5349
3.4985
3.4913
3.4748
3.3991
3.4610
3.6236
3.3587
3.5897
3.5995
3.6602
3.7297
3.5505
3.5464
3.5920
3.6251
3.6430
3.8390
3.7952
3.9137
3.8591
3.9009
3.7502
3.5273
3.7643
3.9416
3.8457
3.7451
3.5507
3.6253
3.5036
3.6606
3.6076
3.5660
3.6208
3.3117
3.6424
3.4419
3.5938
3.9084
3.9507
3.9299
3.7905
3.8213
3.6397
3.8607
3.5546
3.6844
3.7427
3.8477
3.6132
3.6969
3.7308
3.4142
3.6252
3.7083
3.8298
3.6185
3.6676
3.4952
3.4732
3.4991
3.4014
3.3587
3.2542
3.4223
3.4044
3.6363
3.4506
3.4225
3.7770
3.6539
3.8284
3.6714
3.5979
3.5262
3.7026
3.6103
3.7060
3.7298
3.5113
3.6203
3.6515
3.9923
3.7893
3.8512
3.6084
3.6043
3.5611
3.4347
3.5332
3.6495
3.5301
3.4632
3.4105
3.4315
3.6188
3.7278
3.7370
3.5653
3.6979
3.7605
3.6877
3.6552
3.6467
3.6120
3.4901
3.2345
3.2200
3.2308
3.4642
3.2363
3.2813
3.4666
3.3994
3.3496
3.2959
3.4632
3.4686
3.6065
3.6225
3.4075
3.5466
3.5326
3.5686
3.3681
3.6092
3.5696
3.8869
3.8912
3.6785
3.8889
3.9720
3.7425
3.8561
3.7644
3.6082
3.6609
3.9209
3.9337
3.8942
3.5596
3.8808
3.6933
3.7089
3.6906
3.7491
3.6638
3.6728
3.8436
3.5461
3.3296
3.5745
3.8070
3.8261
3.9941
3.4807
3.4640
3.4376
3.6078
3.7434
3.7040
3.6259
3.4887
3.2709
3.5061
3.4290
3.4152
3.4545
3.3590
3.5151
3.5938
3.3636
3.3522
3.6933
3.5490
3.5060
3.6987
3.7582
3.7090
3.6386
3.6045
3.5709
3.7622
3.7564
3.7150
3.6327
3.6271
3.6733
3.6265
3.6249
3.4696
3.3983
3.4364
3.6677
3.6068
3.4430
3.5200
3.3995
3.6437
3.3837
3.6679
3.7088
3.6263
3.6190
3.7269
3.7787
3.4318
3.5093
3.4806
3.3935
3.5827
3.5587
3.6761
3.3828
3.4266
3.2409
3.3343
3.3695
3.2709
3.4337
3.5538
3.4431
3.3753
3.3685
3.3905
3.2667
3.2942
3.4353
2.8878
3.0346
3.1051
3.3088
3.2407
3.3532
3.3593
3.2011
3.3584
3.5680
3.5147
3.5898
3.7927
3.8205
3.7279
3.7431
3.8015
3.5614
3.6989
3.9599
3.7081
3.7740
3.6962
3.8670
3.9780
3.6106
3.9021
3.7432
3.5833
3.4293
3.4931
3.3778
3.6238
3.6339
3.7709
3.9409
3.6939
3.5655
3.7442
3.7103
3.6467
3.5125
3.9287
3.6840
3.5402
3.4032
3.4866
3.5988
3.4644
3.6209
3.2455
3.7588
3.5997
3.6226
3.6801
3.6742
3.5435
3.4562
3.3122
3.4531
3.5129
3.4430
3.4982
3.4290
3.4543
3.5145
3.7271
3.5733
3.5312
3.7802
3.5476
3.5155
3.7060
3.5834
3.7827
3.7719
3.7043
3.5461
3.4997
3.8447
3.9615
3.6770
3.6156
3.5477
3.7503
3.5532
3.7285
3.8544
3.9345
3.8722
3.9451
3.4101
3.6355
3.6300
3.5749
3.7400
3.6622
3.6294
3.9015
3.5665
3.4618
3.2562
3.6149
3.5043
3.6603
3.6696
3.5958
3.8083
3.8456
3.7371
3.9628
3.5408
3.5791
3.5651
3.6792
3.6582
3.6246
3.5661
3.5014
3.4781
3.6227
3.4634
3.5421
3.4678
3.3595
3.4396
3.5215
3.4876
3.5149
3.4333
3.5839
3.6040
3.5555
3.5382
3.8484
3.5985
3.6229
3.4298
3.6140
3.6379
3.6092
3.3182
3.4298
3.9116
3.5968
3.5577
3.6569
3.5375
3.7307
3.4575
3.7417
3.6752
3.8051
3.9343
3.6938
3.8703
3.7780
4.0446
3.8644
3.9250
3.5469
3.6040
3.6898
3.7669
3.7160
3.6888
3.6687
3.7238
3.6900
3.7139
3.8363
3.9701
3.8217
3.8393
3.9725
4.0604
3.8707
3.8588
3.8454
3.8264
3.7280
3.7911
3.8810
3.7607
3.8485
3.9978
3.7340
3.9348
3.8799
4.1270
3.8028
4.0833
3.8611
4.0337
3.8324
3.5061
3.6170
3.7787
3.8390
3.8269
3.8365
3.7975
4.0947
3.9361
3.9735
3.8835
3.9594
3.9213
3.9200
3.7296
3.9722
3.6229
4.1111
3.7655
3.7131
3.3996
3.5325
3.7394
3.6497
3.6903
3.8010
3.7131
3.9341
4.0206
3.9650
3.9449
3.8012
3.6108
3.6559
3.6589
3.7100
3.6634
3.7076
3.9532
3.6208
3.5360
3.7737
3.4205
3.4510
3.5170
3.3840
3.5174
3.2687
3.5806
3.3621
3.6186
3.6579
3.4131
3.8066
3.5437
3.6031
3.5223
3.4324
3.4283
3.2176
3.6515
3.3688
3.4312
3.9007
3.6577
3.4777
3.3595
3.5473
3.5584
3.6500
3.8410
3.6607
3.5456
3.5318
3.4162
3.5968
3.6321
3.8524
3.7065
3.6989
3.9327
3.7968
3.9134
3.9356
4.0987
4.0351
3.9780
4.0800
4.0113
4.0791
4.1838
3.9669
3.9591
3.9858
4.0000
3.9342
3.8590
3.8501
3.9544
4.1080
4.4220
4.1094
3.7967
4.0561
4.0929
3.9431
4.0162
4.0662
4.0773
4.2259
4.2522
3.8629
4.0136
4.2207
4.1823
4.1131
3.9161
3.9869
3.7435
3.7920
3.9609
3.6689
3.6643
3.4902
3.4780
3.4525
3.7400
3.7650
3.9551
3.7114
4.0524
3.9131
4.0568
3.8375
3.9373
3.9194
4.0052
3.9577
4.2145
3.8696
3.9015
3.8820
3.8671
3.8947
3.8457
3.9644
3.7161
3.6453
3.6112
3.6204
3.3603
3.3805
3.5690
3.7971
4.0683
3.7563
3.7886
3.7495
3.6836
3.9701
3.6639
3.6626
3.8416
3.4591
3.9687
4.1548
4.2499
4.0829
3.9838
3.7472
3.9640
3.9253
3.9562
3.6865
3.6462
3.7639
3.8351
3.7813
3.5385
3.9491
3.7486
3.8039
3.8774
3.7302
3.7917
3.7630
3.6015
3.4971
3.4382
3.5545
3.5548
3.6472
3.6693
3.6302
3.4155
3.7265
3.8616
3.8919
3.6685
3.7597
3.3197
3.5680
3.3956
3.4649
3.5761
3.3948
3.6464
3.4695
3.4369
3.4889
3.4036
3.8155
3.8009
4.0035
3.8289
3.6338
3.8282
3.8758
3.9047
3.6591
3.7628
3.6943
3.9587
3.6653
3.9666
3.6964
3.9018
3.8629
3.9428
4.1507
4.1364
3.9089
3.8865
3.7975
3.8848
3.9902
3.8957
4.1001
3.9524
3.8728
3.9722
4.2169
4.1395
4.1886
3.7747
3.9215
3.9453
4.2096
4.1710
3.9161
3.9487
4.0354
3.7851
3.7925
3.8452
3.6808
3.8012
3.7231
3.6604
3.6903
3.5708
3.7405
3.8510
3.9394
3.8114
3.7785
3.7773
3.6133
3.4937
3.5003
3.3411
3.3626
3.3212
3.4243
3.3649
3.5427
3.5474
3.7195
3.6623
3.3561
3.5125
3.5530
3.8088
3.6901
4.0481
3.8614
4.1238
4.0659
3.6743
3.8521
3.7664
3.6389
3.8333
3.9738
4.0081
3.8864
4.1212
3.9836
3.9131
4.0617
3.9685
3.9124
4.0217
3.7698
3.8440
3.7148
3.6886
3.7276
3.6096
3.6653
3.4974
3.6373
3.8073
3.6207
3.7032
3.5470
3.8745
3.7607
3.6142
3.6192
3.7278
3.6943
3.6900
3.6982
3.6509
3.3421
3.9484
3.5986
3.8039
3.8291
4.1766
3.9021
3.7480
3.8629
3.7241
3.8158
3.7134
3.6606
3.5778
3.5967
3.5566
3.7691
3.6246
3.4663
3.5413
3.5558
3.3778
3.6710
3.5409
3.7080
3.5404
3.4582
3.6914
3.7588
3.8857
3.8293
3.8281
3.7056
3.7856
3.4190
3.5293
3.4736
3.6284
3.6536
3.6498
4.0044
3.8595
3.6132
3.6064
3.4834
3.3281
3.6028
3.5788
3.5442
3.5971
3.6817
3.6056
3.5175
3.3860
3.3322
3.3013
3.1048
3.1804
3.1153
3.5364
3.1271
3.3160
3.3331
3.1648
3.1161
3.1162
3.2120
3.2984
3.4864
3.6073
3.6263
3.7874
3.6338
3.6077
3.4047
3.5572
3.5678
3.6608
3.6117
3.4034
3.5691
3.7734
3.5513
3.5017
3.3610
3.5167
3.4107
3.6584
3.6993
3.6390
3.8356
3.6736
3.5236
3.4516
3.3520
3.4058
3.4360
3.6020
3.4360
3.2866
3.6148
3.4303
3.3848
3.3873
3.4713
3.5887
3.6434
3.4795
3.5150
3.4728
3.4088
3.6013
3.5651
3.6817
3.4538
3.4925
3.5063
3.3446
3.3667
3.4809
3.5605
3.9083
3.8987
3.8428
3.5278
3.3426
3.3093
3.4281
3.4918
3.4441
3.4232
3.3748
3.2061
3.3872
3.1974
3.2502
3.0625
3.3801
3.4687
3.3311
3.3791
3.3242
3.5169
3.3516
3.0830
3.4821
3.4752
3.2150
3.3454
3.4080
3.4880
3.3254
3.2947
3.4764
3.4639
3.2930
3.2690
3.2856
3.3729
3.3011
3.1343
3.0427
3.0527
3.2129
3.2564
3.0740
3.1856
3.2574
3.1933
3.2337
3.2508
3.3064
3.2635
3.3214
3.3967
3.4249
3.6591
3.6716
3.5185
3.6839
3.2384
3.4085
3.3489
3.2866
3.2604
3.1888
3.3366
3.3797
3.3944
3.4632
3.3066
3.3349
3.2436
3.2501
3.3232
3.7643
3.5738
3.6133
3.7364
3.5701
3.7063
3.6035
3.7455
3.5749
3.5325
3.7048
3.2977
3.3609
3.5488
3.4134
3.4246
3.3227
3.4487
3.1838
3.4634
3.5910
3.4028
3.1682
3.2842
3.2080
3.4303
3.4899
3.6957
3.5218
3.3591
3.4887
3.3481
3.4738
3.3645
3.6550
3.7250
3.6458
3.7250
3.6747
3.6657
3.3487
3.3468
3.4556
3.4950
3.5569
3.4852
3.6227
3.4738
3.4613
3.5822
3.5840
3.7920
3.6866
3.4859
3.5066
3.5403
3.3351
3.5305
3.5404
3.7135
3.7497
3.6067
3.6609
3.7697
3.7158
3.7700
3.7918
3.7258
3.6578
3.4987
3.4310
3.4778
3.2942
3.2793
3.1644
3.3059
3.3722
3.4412
3.2364
3.2861
3.3984
3.3874
3.3441
3.3091
3.3407
3.4762
3.1705
3.1731
3.1190
3.3058
3.4614
3.2455
3.5062
3.8120
3.5859
3.5123
3.5738
3.7938
3.6036
3.5732
3.7906
3.6851
3.5776
3.8115
3.5352
3.4820
3.4088
3.5859
3.4339
3.4192
3.4395
3.7257
3.9186
3.7607
3.5140
3.6605
3.5473
3.7806
3.7228
3.3868
3.6686
3.6719
3.9176
3.4415
3.2781
3.2878
3.4456
3.3779
3.5007
3.6503
3.5393
3.5356
3.5896
3.5527
3.4829
3.5175
3.5646
3.2074
3.4768
3.8036
3.5644
3.5539
3.7016
3.4862
3.7233
3.4811
3.6704
3.8239
3.6353
3.5972
3.2810
3.3473
3.6888
3.6389
3.7139
3.6127
3.5182
3.6742
3.6642
3.6744
3.5836
3.7783
3.9353
3.7756
3.7106
3.7814
3.6551
3.8974
3.8000
3.9663
3.8776
3.7619
3.9141
3.6900
3.6259
3.7236
3.3423
3.4320
3.6379
3.6187
3.8183
3.6278
3.5322
3.6382
3.2014
3.3325
3.3142
3.6045
3.1353
3.3881
3.4676
3.4649
3.3482
3.4273
3.5941
3.7092
3.6138
3.7159
3.2644
3.5659
3.5973
3.4848
3.5311
3.5578
3.7607
3.8106
3.7235
3.8977
4.1643
4.0511
4.2030
3.8098
3.6656
3.7290
3.6771
3.5130
3.7610
3.6059
3.5808
3.7998
3.6831
3.9306
3.9823
3.6912
3.6262
3.7503
3.7926
3.7595
3.5391
3.4351
3.5308
3.6145
3.8838
3.7281
3.4829
3.5763
3.5966
3.5869
3.5398
3.8027
3.9240
3.6578
3.9944
3.7695
3.9184
3.7623
4.0672
3.8611
4.1451
4.0371
3.8602
3.7283
3.9007
3.9060
3.9064
3.5295
3.7631
3.9130
3.7178
3.7308
3.7357
3.6606
3.4965
3.7590
3.5347
3.5282
3.6411
3.7590
3.8085
3.5578
3.7089
3.6289
3.7841
3.5296
3.6281
3.4424
3.6326
3.4398
3.4978
3.3725
3.5760
3.3708
3.5537
3.5404
3.3427
3.6403
3.6286
3.8197
3.8158
3.8284
3.6339
3.7284
3.4469
3.3949
4.0011
3.9459
3.7410
3.7884
3.5744
3.7114
3.8252
3.7133
3.5881
3.8104
3.6343
3.7992
3.7190
3.6616
3.8283
3.8275
3.6400
3.7921
3.6578
3.8888
3.6067
3.6815
3.7018
3.8029
3.5008
3.5975
3.7600
3.6499
3.9057
3.8817
3.6144
3.6589
3.5285
3.9174
3.7502
3.6952
3.4549
3.5583
3.2752
3.6024
3.3764
3.5494
3.5831
3.6908
3.5220
3.3551
3.3078
3.3359
3.3260
3.4409
3.6379
3.6610
3.4755
3.2742
3.2699
3.4221
3.3511
3.4552
3.4561
3.4939
3.3179
3.5616
3.5415
3.3803
3.5947
3.7254
3.5118
3.4747
3.5391
3.5273
3.5504
3.5989
3.4981
3.7138
3.3640
3.3621
3.6061
3.4530
3.5897
3.3577
3.4702
3.4700
3.5494
3.5147
3.6682
3.3283
3.6180
3.5765
3.5499
3.5864
3.6578
3.6271
3.7360
3.6142
3.6334
3.5256
3.5752
3.7573
3.8158
3.5706
3.6574
3.5598
3.6995
3.3361
3.6393
3.6474
3.5427
3.5939
3.2603
3.2871
3.3264
3.2788
3.3583
3.4032
3.4305
3.5185
3.5790
3.6958
3.4740
3.3130
3.3686
3.4666
3.4572
3.3553
3.4017
3.4474
3.3363
3.3980
3.2280
3.6325
3.5491
3.4512
3.4688
3.6790
3.5064
3.6498
3.8485
3.6325
3.3750
3.6812
3.3718
3.2980
3.3386
3.3919
3.4839
3.1698
3.4292
3.1761
3.2044
3.6763
3.5766
3.4300
3.1786
3.2664
3.2865
3.2372
3.5593
3.5462
3.4066
3.4125
3.3743
3.2251
3.3040
3.4021
3.4276
3.3521
3.4558
3.4176
3.3976
3.5709
3.2606
3.3020
3.5592
3.0351
3.1814
3.4777
3.5003
3.4621
3.2659
3.4548
3.4595
3.4287
3.2987
3.2675
3.3139
3.1114
3.0505
3.1650
3.1638
3.3405
3.3185
3.2703
3.4042
3.2551
3.1920
3.3559
3.2850
3.6515
3.3291
3.2616
3.2267
3.2234
3.1425
3.4795
3.2600
3.2722
3.3795
3.1980
3.3182
3.3694
3.5208
3.2320
3.1761
3.4045
3.2569
3.4698
3.4841
3.2825
3.4780
3.4351
3.4560
3.6303
3.3989
3.6967
3.8601
4.0407
3.7571
3.6811
3.4926
3.4661
3.5371
3.4247
3.2022
3.2168
3.3281
3.2121
3.1186
3.4811
3.2407
3.1756
3.3012
3.4670
3.4158
3.1235
3.4107
3.3959
3.6627
3.4440
3.3767
3.0902
3.3971
3.5684
3.6475
3.3296
3.5826
3.5256
3.3670
3.1741
3.2745
3.3890
3.3879
3.3810
3.1810
3.3823
3.4513
3.6779
3.6630
3.5740
3.5285
3.3075
3.2753
3.3368
3.4473
3.4457
3.3059
3.2809
3.3942
3.5611
3.8688
3.6602
3.5940
3.7719
3.7558
3.4278
3.6388
3.4246
3.4044
3.3621
3.3958
3.3451
3.3857
3.2986
3.3292
3.4012
3.5643
3.5376
3.5815
3.5600
3.4178
3.5174
3.5041
3.4195
3.6473
3.3853
3.2665
3.4993
3.6572
3.6445
3.8300
3.8267
3.7552
3.7803
3.4767
3.6524
3.3702
3.4068
3.4190
3.7909
3.7536
3.8028
3.3645
3.7969
3.6112
3.3935
3.4555
3.5053
3.3508
3.3773
3.7670
3.4876
3.4870
3.4609
3.5934
3.6926
3.7045
3.8492
3.4721
3.6511
3.5333
3.6451
3.6483
3.6757
3.5757
3.4729
3.3603
3.5530
3.4745
3.7950
3.8132
3.6696
3.6043
3.6477
3.9752
3.8592
3.8438
3.6215
3.8322
3.7814
3.8478
3.6794
3.8010
3.5690
3.5180
3.5175
3.5758
3.6392
3.9597
3.7477
3.5258
3.5611
3.4466
3.5050
3.4454
3.1593
3.4105
3.2532
3.3784
3.3751
3.3305
3.2365
3.2938
3.0928
3.3630
3.4630
3.6907
3.3931
3.3762
3.9200
3.9310
3.6681
3.3910
3.4001
3.3437
3.4482
3.4026
3.3136
3.5778
3.5508
3.5246
3.8073
3.6749
3.6959
3.5487
3.5547
3.6779
3.7093
3.5753
3.7132
3.4719
3.6078
3.7084
3.8246
3.7743
3.4825
3.5658
3.6528
3.5689
3.5794
3.5332
3.4410
3.4048
3.2644
3.4069
3.2535
3.2930
3.2696
3.5229
3.4417
3.5282
3.2569
3.2877
3.4436
3.5063
3.4938
3.6837
3.7269
3.7565
3.5701
3.7056
3.7610
3.6647
3.8416
3.7858
3.9355
3.7387
3.5942
3.4573
3.4244
3.7024
3.4185
3.5552
3.6578
3.6037
3.8405
3.7406
3.8946
3.4612
3.5048
3.6044
3.6479
3.8184
3.6086
3.4146
3.6335
3.4056
3.5785
3.6731
3.6256
3.5365
3.7965
4.0047
4.0088
4.1698
3.9875
3.8416
3.7757
3.8423
3.9732
3.9705
4.0363
3.9019
3.7965
3.7439
4.0249
3.6015
3.7408
3.4858
3.5138
3.4298
3.6999
3.7349
3.4868
3.7264
3.7592
3.5442
3.3772
3.4568
3.8686
3.7296
3.7638
3.7236
3.9143
4.1264
3.8151
3.7711
3.7273
4.1126
3.9345
3.8320
3.8637
3.7207
3.6644
4.1008
4.1078
4.0708
3.8935
3.8249
3.6621
3.8635
3.9007
3.8237
3.8029
3.7988
3.8627
3.7330
3.8500
3.9527
3.9894
4.0010
3.9775
4.0508
3.8989
3.7295
3.8314
3.9099
4.0844
4.0936
4.2292
4.1328
4.1786
3.9844
4.1378
3.7597
3.8257
3.8277
4.0732
4.2285
3.9045
3.9820
4.0634
3.9791
3.9505
3.8126
3.7685
3.7389
3.9674
3.9374
3.9355
3.7928
3.8683
3.8249
4.1075
4.1467
4.1219
4.1306
4.1113
4.0089
4.1295
3.9823
3.7886
3.8623
3.9691
3.9235
3.9608
3.8928
3.8126
4.1349
3.9463
3.7203
3.6712
4.0425
3.9505
4.1578
4.0737
4.1467
4.0873
4.1162
4.0951
3.9788
4.0066
4.1978
4.0674
4.0840
3.9237
4.2188
3.9201
4.1283
4.0872
4.1626
4.1611
4.2345
4.1666
4.4846
4.3659
4.1745
4.5104
4.0729
3.9303
3.9964
3.9147
4.0520
4.0547
3.7146
3.6920
3.9545
4.0258
3.9649
3.9485
4.0217
4.0374
3.9822
4.0200
3.7259
4.0885
4.3065
4.3717
4.1193
4.0103
4.1060
4.6586
4.6375
4.1981
4.3398
4.1398
4.2026
4.0278
4.1905
3.9279
4.0655
4.0513
3.9010
3.9566
4.1610
3.7453
3.9085
3.6415
3.7256
3.8704
3.9187
3.7027
3.6738
3.7304
3.9794
4.0571
3.8688
3.8212
3.5344
3.7693
3.9289
3.7999
3.7908
3.7390
3.7436
3.5483
3.7324
3.8434
3.7169
3.8006
3.6748
3.8006
3.5025
3.7384
3.7315
4.2586
4.0422
3.6892
3.5227
3.5178
3.2946
3.7451
3.6399
3.5534
3.4688
3.7806
3.6606
3.7413
3.7936
3.6302
3.7741
3.5876
3.5158
3.5840
3.5435
3.6906
3.6683
3.7077
3.6822
3.9718
3.5299
3.7523
4.0174
4.0918
4.0497
4.4963
4.0228
4.0459
3.7995
3.7035
3.6758
3.7749
3.7520
3.7995
3.6304
3.7798
3.7602
3.9272
4.2411
4.0450
3.8605
3.9166
4.2576
3.7946
4.0906
3.8521
3.8025
4.0793
3.9533
3.8339
3.7675
3.8898
3.7104
3.5266
3.4134
3.2508
3.4160
3.5768
3.5792
3.5610
3.4790
3.5360
3.2839
3.4922
3.5857
3.6946
3.6312
3.9479
3.5446
3.6430
3.7470
3.5928
3.7674
3.7628
3.5792
3.8551
3.7060
3.7183
3.8116
3.7564
3.8313
3.9972
3.4808
3.4456
3.5948
3.5964
3.7712
3.8315
3.8359
3.9994
3.9353
4.0724
3.8798
3.8013
3.8499
3.9236
3.9194
3.8752
3.8550
3.9307
3.9263
3.6289
3.8021
3.7459
4.0254
3.6862
3.9611
3.9525
3.5889
3.3620
3.2794
3.1483
3.3518
3.2125
3.1705
3.3934
3.6248
3.4216
3.7774
3.3795
3.5031
3.8425
3.5717
3.4911
3.3514
3.4798
3.4964
3.3814
3.8149
3.7327
3.5057
3.4359
3.6214
3.6705
3.4942
3.7899
3.3903
3.5177
3.8234
3.7345
3.7036
3.8261
3.7268
3.7743
3.5759
3.7628
3.4635
3.4256
3.5490
3.5607
3.3862
3.4386
3.5766
3.6076
3.2532
3.6397
3.5694
3.4961
3.4928
3.7789
3.6882
3.6154
3.5409
3.4939
3.5429
3.5373
3.5192
3.4842
3.5483
3.3762
3.6142
3.7327
3.9161
3.8477
3.6127
3.8680
3.8016
3.7062
3.4669
3.5039
3.6471
3.6300
3.5669
3.4090
3.4138
3.5751
3.5657
3.5520
3.6484
3.8174
3.7568
3.4490
3.4775
3.7613
3.5807
3.6766
3.5907
3.5939
3.6307
3.5061
3.3266
3.5194
3.5305
3.7011
3.6332
3.6876
3.7543
4.0234
3.8948
3.9411
3.9417
3.8405
3.9147
3.7292
3.7763
3.5367
3.8948
3.5970
3.4935
3.6201
3.7663
3.5911
3.5789
3.5963
3.6708
3.5644
3.3411
3.6651
3.6965
3.7084
3.6336
3.6339
3.5763
3.7414
3.7181
3.5999
3.5034
3.4072
3.5515
3.7056
3.3945
3.3120
3.5640
3.5285
3.5731
3.6946
3.7066
3.3820
3.3353
3.3181
3.3644
3.3520
3.5576
3.6298
3.6400
3.6020
3.4417
3.4612
3.5629
3.4215
3.4407
3.6430
3.5690
3.6637
3.6745
3.2007
3.1911
3.2109
3.3509
3.4124
3.5422
3.4721
3.3883
3.2670
3.4560
3.5021
3.6251
3.4573
3.3055
3.6527
3.6633
3.7607
3.7650
3.7974
3.6488
3.8175
3.7320
3.9057
4.0453
4.0305
4.0927
3.9005
3.9263
4.0010
3.7105
3.9394
3.7677
3.8333
3.6242
3.6151
3.5007
3.6177
3.5233
3.3347
3.5645
3.5940
3.6844
3.5557
3.8274
3.6636
3.7632
3.7265
3.8637
3.9870
3.8000
3.8354
3.8801
3.6977
3.7582
3.8068
3.9909
4.0175
3.8362
3.6353
3.8422
3.7408
4.0635
3.9365
4.1254
4.0175
3.7735
3.8423
3.6646
3.6579
3.6330
3.6459
3.6427
3.5779
3.7399
3.6651
3.8321
3.5832
3.7272
3.6346
3.5290
3.6960
3.6063
3.5328
3.3700
3.3946
3.6567
3.5990
3.6103
3.8105
3.7288
3.7405
3.7268
3.5354
3.7722
3.7786
3.4698
3.3721
3.5747
3.6997
3.6450
3.4739
3.6674
3.5422
3.8010
3.7792
3.8082
3.5806
3.6304
3.5140
3.4193
3.7885
3.7523
3.7521
4.0000
3.8496
3.9648
3.9881
3.6350
3.8835
3.7296
3.7442
3.5508
3.8375
3.6315
3.5888
3.6339
3.6084
3.4810
3.5577
3.4584
3.4027
3.4530
3.4688
3.4234
3.3948
3.5250
3.5745
3.4644
3.5685
3.4217
3.4320
3.5525
3.4831
3.2861
3.5082
3.6024
3.6795
3.7468
3.6897
3.6581
3.6806
3.5886
3.7731
3.5899
3.7091
4.1003
3.7119
3.7989
3.7115
3.6149
3.8755
3.9343
3.7551
3.5220
3.6361
3.5120
3.4173
3.5665
3.2378
3.6393
3.9367
3.7446
3.7856
3.8139
3.7591
3.6874
3.7631
3.4646
3.6146
3.6298
3.5424
3.6208
3.3027
3.4528
3.6407
3.8337
3.9272
3.4715
3.4913
3.7804
3.5374
3.6941
3.7515
3.7738
3.9085
3.7860
3.4372
3.7609
3.6138
3.4706
3.5208
3.6049
3.6491
3.7674
3.5844
3.6875
3.7956
3.6010
3.6918
3.4774
3.5184
3.4700
3.5423
3.4989
3.4637
3.5618
3.8011
3.7312
3.5761
3.6486
3.4990
3.7749
3.7666
3.4777
3.6229
3.8340
3.5726
3.5732
3.5806
3.4211
3.4004
3.5194
3.4729
3.3930
3.6073
3.5306
3.4152
3.5862
3.7499
3.5699
3.6320
3.6810
3.8289
3.6720
3.5552
3.4888
3.4504
3.8039
3.4204
3.4400
3.4010
3.3862
3.4131
3.2775
3.3906
3.4306
3.4354
3.3901
3.2330
3.3710
3.4788
3.8939
3.6463
3.6593
3.5519
3.6744
3.7205
3.9095
3.5941
3.5572
3.4796
3.6334
3.8434
3.6790
3.5730
3.7996
3.6941
3.4546
3.5049
3.4503
3.4224
3.6781
3.4969
3.6838
3.7142
3.7649
3.6983
3.6760
3.9129
3.7574
3.7189
3.9225
3.6570
3.7046
3.4953
3.5264
3.6915
3.4597
3.5076
3.6772
3.7262
3.6656
3.8212
3.5771
3.5589
3.5995
3.4317
3.6698
3.6913
3.5142
3.6930
3.7614
3.6926
3.9250
3.7693
3.5612
3.7730
3.8534
3.7761
3.9099
3.7199
3.5162
3.5544
3.3073
3.4279
3.3557
3.4454
3.6641
3.5957
3.5595
3.4315
3.5225
3.4994
3.6588
3.7485
3.9166
3.8044
3.8483
3.7336
4.0907
3.7154
3.6227
3.9782
3.8371
4.0873
3.9428
4.0073
3.9546
3.6200
3.7915
3.6470
3.6636
3.5152
3.8963
3.6893
3.8968
3.7284
3.6764
3.6907
3.6255
3.4880
3.5186
3.5527
3.5928
3.4493
3.6146
3.6220
3.5516
3.7628
3.7942
3.7760
3.6680
3.8902
3.8809
3.5082
3.5941
3.6925
3.5603
3.7485
3.4462
3.5090
3.4932
3.3925
3.4079
3.4383
3.3568
3.3434
3.5522
3.4900
3.4426
3.4061
3.3793
3.4568
3.6695
3.6160
3.6617
3.5946
3.7505
3.6991
3.7085
3.6471
3.6224
3.7472
3.8981
3.8847
3.6903
3.8328
3.3459
3.5979
3.4435
3.6842
3.6568
3.8019
3.7143
3.7240
3.5507
3.6727
3.9140
3.6956
3.6447
3.6127
3.3178
3.5179
3.7548
3.8711
3.8481
3.7366
3.4491
3.4752
3.4653
3.5021
3.6626
3.7671
3.6906
3.5334
3.6913
3.5467
3.8147
3.5586
3.4369
3.7356
3.5628
3.6383
3.5687
3.5407
3.6069
3.7315
3.5585
3.4236
3.5089
3.5321
3.4886
3.6272
3.6734
3.8465
3.9479
3.4970
3.7525
3.7550
3.6518
3.6887
3.7715
3.7009
3.7021
3.5565
3.7575
3.7371
3.4392
3.5684
3.6034
3.6226
3.6907
3.7778
3.6682
3.6356
3.5356
3.4634
3.6651
3.5447
3.5218
3.6989
3.8525
3.7632
3.6362
3.5742
3.7836
3.6160
3.5487
3.5702
3.7353
3.7383
3.8213
3.5928
3.4180
3.6529
3.6028
3.5147
3.6529
3.7223
3.7674
3.7238
3.9086
3.9287
3.7418
3.9528
3.6095
3.7405
3.7848
3.6682
3.6882
3.6514
3.6417
3.7056
3.6351
3.4819
3.6018
3.5637
3.8272
3.7439
