3.1533
3.1531
3.3436
3.3572
3.4280
3.3593
3.6531
3.2678
3.1752
3.2402
3.1391
3.0148
3.2662
3.2683
2.8545
3.2415
2.9862
2.9795
3.2211
3.4908
3.1811
3.2599
3.2682
3.3439
3.3116
3.7653
3.6108
3.3373
3.4051
3.2019
3.3867
3.5279
3.6786
3.3248
3.3763
3.6631
3.5740
3.2723
3.2032
3.2881
3.2477
3.3135
3.7674
3.4676
3.4279
3.5715
3.6988
3.5746
3.4461
3.3499
3.5811
3.5817
3.3303
3.1827
3.3227
3.0981
3.1692
3.2143
3.5082
3.4288
3.6560
3.6141
3.6831
3.7549
3.5590
3.5653
3.4786
3.5297
3.3667
3.5531
3.2669
3.4389
3.3116
3.5829
3.5689
3.4359
3.6492
3.5899
3.6054
3.3805
3.3358
3.5859
3.3463
3.1172
3.5221
3.3584
3.1517
3.3463
3.0456
3.2128
3.5022
3.3575
3.1320
3.3721
3.4695
3.3608
3.0996
3.1304
2.9801
3.3288
3.4630
3.3039
3.3691
3.2703
3.1181
3.3829
3.3482
3.5145
3.4566
3.5111
3.5691
3.3638
3.2979
3.3860
3.2710
3.4794
3.8858
3.6661
3.5317
3.4211
3.5615
3.5267
3.5940
3.7808
3.4888
3.7101
3.4485
3.4094
3.3330
3.3192
3.3389
3.3577
3.4514
3.2783
3.2663
3.2417
3.1906
3.0920
3.2285
3.1142
3.1007
3.0752
3.4420
3.5703
3.7658
3.9421
3.8828
3.6002
3.4240
3.5558
3.6610
3.6991
3.6878
3.5845
3.6463
3.4289
3.4622
3.3071
3.4474
3.5631
3.7497
4.0132
3.8527
3.8888
3.8571
4.1491
4.0423
3.7215
3.4959
3.5992
3.8114
3.7923
3.5166
3.5767
3.7881
3.7860
3.7033
3.9434
3.9720
3.7907
3.6417
3.7284
3.7017
3.5466
3.9585
3.6365
3.7196
4.0319
4.0080
4.0670
3.7940
3.6539
3.9467
3.9960
4.0928
4.1199
3.9307
3.9528
3.8876
3.5774
3.6502
3.7985
3.6367
3.7348
3.7813
4.0151
3.9590
4.2252
4.1333
3.5682
3.6753
3.5978
3.5358
3.9034
3.4466
3.5182
3.5833
3.7926
3.3446
3.3955
3.5376
3.4629
3.7070
3.8446
3.8112
3.6184
3.5142
3.5678
3.7327
3.4499
3.5245
3.6713
3.4117
3.4105
3.4977
3.5719
3.5583
3.6622
3.5529
3.6604
3.3595
3.5039
3.4995
3.5153
3.3430
2.9643
3.0398
3.3324
3.1374
3.4846
3.5036
3.2371
3.4672
3.6026
3.4894
3.6069
3.6187
3.7224
3.3657
3.4051
3.4476
3.5602
3.7980
3.4292
3.6098
3.7285
3.6122
4.2634
4.3025
3.9844
4.2181
4.3912
4.4599
4.0971
4.1470
3.8706
3.8445
4.0240
4.1097
3.7394
3.7502
4.2452
3.9228
3.6525
3.5263
3.4065
3.4274
3.6072
3.9788
3.9072
4.1411
4.0949
3.9519
4.0310
4.1404
3.6468
3.5737
3.4328
3.6670
3.6487
3.5569
3.7091
3.6533
3.4189
3.4196
3.5438
3.6497
3.6899
3.5934
3.6209
3.7807
3.5953
3.5128
3.3384
3.4864
3.5274
3.3937
3.0566
3.4396
3.1444
3.0610
3.0364
3.0373
3.4034
3.1755
3.1074
3.2260
3.3111
3.0403
3.0534
3.1632
3.0832
3.5864
3.2788
3.3967
3.2790
3.1064
3.2320
3.2689
3.5029
3.4318
3.4662
3.4743
3.5118
3.6007
3.5736
3.3044
3.3282
3.5807
3.5660
3.5159
3.4981
3.4318
3.4820
3.5290
3.5160
3.5119
3.6559
3.4078
3.3998
3.3836
3.3014
3.2888
3.4150
3.6030
3.3585
3.4662
3.2347
3.3061
3.2716
3.4870
3.3543
3.4926
3.4350
3.2631
3.3142
3.5909
3.7138
3.9390
3.5374
3.5105
3.7202
3.6623
3.7183
3.5317
3.5981
3.7577
3.5518
3.5536
3.5560
3.5774
3.4837
3.6153
3.5723
3.4939
3.4943
3.6633
3.6091
3.4621
3.7103
3.7886
3.3809
3.7162
3.6094
3.6827
3.8566
3.6527
3.6972
3.9151
3.7534
3.8667
3.5635
3.5170
3.4869
3.7246
3.4398
3.6663
3.1518
3.1386
3.2119
3.3480
2.9537
3.2291
3.1219
3.1956
3.2204
3.2610
3.2517
3.5205
3.2890
3.2365
3.2782
3.1643
3.2497
3.3934
3.3036
3.3525
3.4181
3.3032
3.3055
3.3373
3.1029
3.2949
3.1442
3.1392
3.2793
3.3102
3.2203
3.3739
3.3622
3.1681
3.2939
3.1044
3.2722
3.4831
3.1791
3.4309
3.7878
3.3642
3.6488
3.6063
3.3353
3.5216
3.6853
3.3756
3.1415
3.1510
3.2751
3.2287
3.2409
3.4149
3.1823
3.2970
3.1204
3.5121
3.4557
3.2500
3.4097
3.2140
3.3222
3.1739
2.9948
3.3525
3.9932
3.5612
3.7638
3.9654
4.0496
4.0665
4.1552
4.1678
4.2201
3.9529
4.2813
4.2337
4.1268
3.9319
3.8206
3.7400
3.6461
3.6840
3.7822
3.6123
3.6622
3.4511
3.5853
3.6062
3.5568
3.6639
3.8323
3.5391
3.3393
3.4934
3.7959
3.8173
3.7340
3.5694
3.5626
3.4263
3.5365
3.6080
3.6569
3.6391
3.7824
3.6892
3.8825
3.9271
3.6332
4.0634
4.0011
4.1825
3.9454
4.1571
3.8234
3.7579
4.0480
3.9259
3.9769
3.7137
3.9142
4.2156
4.0024
4.1265
4.0877
3.8713
3.5668
3.7174
3.7348
3.9131
3.7374
3.7904
3.7461
3.8582
3.6733
3.9979
3.9587
3.6344
3.6820
3.5978
3.7411
3.5607
3.7574
3.3970
3.4216
3.4125
3.4232
3.6742
3.6640
3.5259
3.9094
3.8587
3.8765
3.8762
3.7980
3.8773
3.6689
3.6695
4.0323
3.9317
4.0989
3.7019
3.4576
3.8279
3.6730
3.6946
3.6047
3.5525
3.7776
3.5545
3.5821
3.6620
3.3547
3.2829
3.2370
3.2594
3.3373
3.5668
3.6296
3.6268
3.5147
3.4504
3.4408
3.1867
3.2299
3.3478
3.2537
3.1884
3.1883
2.9726
3.2448
2.9537
3.4671
3.0908
3.4208
3.5238
3.2833
3.4545
3.3309
3.4031
3.5842
3.6353
3.4250
3.2485
3.4787
3.5826
3.5367
3.7286
3.5946
3.6895
3.4893
3.7910
3.6165
3.5538
3.6533
3.6206
3.5336
3.6224
3.5835
3.1749
3.6702
3.6174
3.6409
3.7169
3.9583
4.1220
3.9839
3.8158
3.7568
3.6009
3.4361
3.4469
3.5198
3.3768
3.3538
3.5494
3.3986
3.6126
3.5377
3.2627
3.5972
3.3802
3.3602
3.4955
3.2803
3.2725
3.5334
3.4616
3.5112
3.3820
3.4914
3.5199
3.4588
3.3423
3.3319
3.6263
3.3103
3.3905
3.6656
3.4121
3.5333
3.1909
3.3415
3.3349
3.2877
3.2315
3.2200
3.3661
3.4524
3.3831
3.1992
3.3972
3.2841
3.4509
3.3718
3.4967
3.6124
3.2055
3.3528
3.4075
3.3840
3.4982
3.3336
3.4158
3.2281
3.0163
3.2355
3.2156
3.3012
3.3915
3.3111
3.2724
3.2177
3.6455
3.8780
3.8831
3.5968
3.7212
3.5258
3.6341
3.3250
3.3498
3.2390
3.2507
3.0653
2.9274
3.1423
3.3726
2.9880
3.0487
3.3877
3.3415
3.1351
3.1346
3.2390
3.1985
3.4615
3.4583
3.2579
3.4196
3.3000
3.2239
3.3382
3.5583
3.5380
3.5774
3.5283
3.4421
3.4448
3.6570
3.3768
3.2097
3.2976
3.2110
3.3003
3.0998
3.1467
3.2587
3.1916
3.1760
2.9371
3.2534
3.1673
3.2914
3.3237
3.4028
3.2242
3.3499
3.5091
3.1468
3.1787
3.3286
3.3038
3.3832
3.6347
3.5597
3.4038
3.5189
3.6120
3.6353
3.7166
3.3455
3.1921
3.1732
3.3689
3.1205
3.5025
3.3195
3.3008
3.6229
3.5877
3.4091
3.2583
3.1865
3.4641
3.3192
3.3422
3.3554
3.0179
3.2254
3.3526
3.4747
3.3956
3.1540
3.2668
3.2672
3.4473
3.1317
3.2551
3.0251
3.1787
3.5235
3.2373
3.2933
3.5027
3.4589
3.4652
3.3253
3.6514
3.4042
3.6565
3.7021
3.5996
3.5747
3.6345
3.5190
3.2633
3.2655
3.2092
3.3429
3.2942
3.2252
3.4012
3.1297
3.0953
3.2461
3.4194
3.5444
3.6416
3.4104
3.4061
3.3544
3.6230
3.3804
3.2621
3.4207
3.7210
3.8148
3.3484
3.2111
3.1953
3.3601
3.4387
3.6131
3.7175
3.7206
3.6741
3.7103
3.7491
3.6370
3.5815
3.7795
3.9515
3.6791
3.9683
3.4931
3.5975
3.7295
3.6674
3.5797
3.5462
3.5967
3.5238
3.2643
3.4038
3.5796
3.4261
3.3778
3.5249
3.3384
3.2874
3.3300
3.1935
3.4856
3.3403
3.5776
3.5858
3.4334
3.3903
3.3830
3.5450
3.4462
3.5395
3.7449
3.8008
3.5863
3.6389
3.5687
3.5309
3.4545
3.5155
3.4779
3.5007
3.5588
3.7343
3.6524
3.5674
3.5127
3.5594
3.3998
3.7011
3.4863
3.5306
3.5885
3.3725
3.5461
3.4812
3.3198
3.2789
3.7234
3.5384
3.6011
3.5177
3.3780
3.2779
3.5503
3.6977
3.3928
3.3774
3.4983
3.4395
3.5474
3.7918
3.9751
3.9789
3.8189
3.8225
3.8314
3.6688
3.5089
3.3836
3.2490
3.3495
3.3384
3.4986
3.4890
3.6292
3.7227
4.0030
3.9884
4.3126
4.0967
3.7927
3.6731
3.7794
3.8353
3.7953
4.0530
3.8404
3.7582
3.7474
3.9936
3.9171
3.8549
3.6293
3.5335
3.4421
3.1502
3.4270
3.3469
3.3311
3.2258
3.6978
3.6853
3.5595
3.5927
3.9881
3.7413
3.8653
4.0265
4.3091
4.2961
4.0311
3.9703
3.7416
3.6841
3.9246
4.0206
4.0879
3.7372
3.9108
3.8158
3.9511
3.8445
3.6354
3.6323
4.0425
3.8460
3.7901
3.7113
3.6123
3.5193
3.5799
3.3105
3.7521
3.9743
3.8965
3.6059
3.6535
3.6843
3.6908
3.6276
3.4104
3.7473
3.6976
3.7771
3.8753
4.1995
3.8196
4.0942
4.0626
3.7231
3.4282
3.6077
3.5756
3.4032
3.4751
3.4424
3.3656
3.5144
3.4672
3.3983
3.3679
3.5445
3.6276
3.2332
3.2635
3.5159
3.6548
3.5234
3.5110
3.4165
3.3054
3.2791
3.6456
3.1305
3.3446
3.1564
3.0886
3.2128
3.4171
3.6211
3.4473
3.4743
3.6192
3.6663
3.4816
3.8429
3.9275
3.6851
3.6434
3.5367
3.3451
3.3457
3.4997
3.4511
3.5691
3.5573
3.5965
3.6761
3.5678
3.7244
4.0026
3.8038
3.6703
3.6677
3.8331
3.6873
3.6760
3.8579
3.9345
3.6958
3.7438
3.7864
3.6537
3.5689
3.4110
3.7030
3.4785
3.3428
3.2067
3.0998
3.0293
2.9069
3.0963
3.0241
2.9224
2.9259
2.9553
2.9006
3.0977
3.2350
3.0781
3.1572
3.4149
3.1740
3.4840
3.5274
3.8154
3.8404
3.6520
3.6428
3.6950
3.5345
3.3953
3.5366
3.5753
3.7289
3.9718
3.7576
3.5912
3.6456
3.8100
3.5711
3.4874
3.4393
3.5135
3.4176
3.5101
3.7367
3.6131
3.5666
3.4566
3.4264
3.5322
3.4983
3.2388
3.1604
3.4732
3.0655
3.1251
3.0494
3.0149
3.1599
3.1263
3.1334
3.3724
3.5288
3.2614
3.2695
3.2975
3.2600
3.2229
3.0643
3.1897
3.2879
3.0201
3.0640
3.2838
3.1979
3.1589
3.2126
3.2703
3.4375
3.6626
3.1703
3.4110
3.2939
3.4096
3.3059
3.5986
3.5439
3.5256
3.5948
3.5788
3.6644
3.7243
3.9030
3.7397
3.9023
3.7391
3.6842
3.5516
3.6748
3.5506
3.5343
3.7086
3.6429
3.6054
3.5827
3.3638
3.4560
3.3806
3.4945
3.4760
3.3999
3.3166
3.6064
3.7158
3.6515
3.3745
3.5077
3.6735
3.5701
3.6283
3.4548
3.4467
3.6714
3.7089
3.8101
4.2255
3.9285
4.0421
3.8762
3.9365
4.1754
4.0706
3.9211
3.8001
3.7795
3.6894
3.5727
3.7166
3.7798
3.8524
3.9084
3.7981
4.0280
4.0485
4.0834
3.8758
3.9641
4.0249
3.8332
3.9098
3.9181
3.7739
3.7384
3.5734
3.7195
3.7544
3.5845
3.6794
3.8510
3.6121
3.4994
3.6004
3.6283
3.5216
3.3976
3.2721
3.4767
3.8297
3.6175
3.8050
3.4526
3.3864
3.7297
3.6373
3.7980
3.7924
3.7948
3.9806
4.0039
4.2154
4.1646
4.2462
4.1658
4.0522
4.2540
4.0808
4.2739
4.0142
4.0752
3.7430
3.7765
3.6593
3.7468
3.6830
3.7083
3.6415
3.7289
3.6265
3.6117
3.5756
3.9867
3.8846
3.9636
4.2499
3.7723
3.8579
3.6872
3.7163
3.5474
3.6684
3.8920
3.7008
3.7809
3.8721
3.7870
3.6413
3.5933
3.6550
3.7593
3.7801
3.7339
3.6237
4.0162
3.9212
4.0980
3.8014
3.6519
3.4115
3.6311
3.6261
3.7055
3.6392
3.4766
3.6139
3.6541
4.1141
4.0973
3.8516
3.9572
3.9804
3.9661
3.8738
3.8104
4.0433
4.0604
3.8583
3.8713
4.0582
4.0998
3.9566
3.7346
3.8497
3.8337
4.1306
3.9184
3.9993
4.1982
4.1826
4.3974
4.0456
4.2245
4.1110
3.7087
3.8736
3.9416
3.6698
3.6170
4.0487
4.1676
4.3536
4.0847
4.2579
4.2001
4.1836
4.0961
4.1972
4.2867
4.3188
4.0010
4.0845
3.7283
3.8531
3.5363
3.7293
3.6030
3.5931
3.6529
3.7226
3.8354
3.9093
3.8695
4.0241
4.0167
4.1395
4.0161
3.9310
3.6087
4.1104
4.1705
4.1836
3.9220
3.8021
3.9137
3.8997
3.9328
3.9402
3.7662
3.6952
3.6126
3.4441
3.9448
3.6701
3.7528
3.3703
3.4941
3.5664
3.7306
3.8093
4.0175
4.1034
3.6805
3.5220
4.1623
4.0130
3.5683
3.7219
4.0440
3.8719
3.8928
4.1066
3.8080
3.9045
3.9808
3.7477
3.9760
4.1622
4.3439
4.3545
3.9896
4.1296
4.1548
3.7268
3.8374
3.9541
3.9362
3.8335
4.0462
3.9314
4.1436
4.0803
3.8362
3.6643
3.9956
4.1853
3.9212
3.9565
3.8183
3.6422
3.6250
3.6096
3.7562
3.8616
3.6135
3.9006
3.7347
3.7763
3.8035
3.5755
3.2790
3.3325
3.5641
3.5339
3.6631
3.5308
3.5120
3.5087
3.7332
3.5576
3.5509
3.7144
3.5594
3.4076
3.4857
3.8246
3.8055
3.5693
3.5979
3.4883
4.0179
3.7825
3.7214
3.8092
3.6932
3.6641
3.4851
3.5942
3.8720
3.6606
3.5894
3.8384
3.5112
3.5094
3.5358
3.3923
3.2853
3.6378
3.6536
3.5382
3.7240
3.6637
3.7113
3.4242
3.6374
3.4823
3.6286
3.8037
3.7298
3.7936
3.4820
3.5550
3.4287
3.6455
3.7991
3.9467
3.5325
3.5301
3.6259
3.6683
3.7389
3.7255
3.6324
3.7270
3.8061
3.6668
3.7218
3.6279
3.6390
3.8635
3.7883
4.0706
4.0133
3.9721
3.6180
3.7241
3.8159
3.9084
3.7848
3.5921
3.4933
3.5506
3.6941
4.2425
4.0524
3.9941
3.8024
3.6849
3.5611
3.6133
3.7416
4.0191
3.8986
3.9923
3.8937
3.6444
3.8050
3.7800
3.7495
3.9043
4.1208
3.9847
3.6461
3.6556
3.8142
3.6611
3.7056
3.6784
3.7109
3.9590
4.1333
3.6634
4.0367
3.9695
3.5013
3.6132
3.6244
3.6286
3.7493
3.4868
3.4839
3.6860
3.7243
3.6385
4.0965
3.9931
3.9782
3.7744
3.6276
3.5525
3.5399
3.6984
3.8910
3.8088
3.9371
3.7613
3.8460
3.9250
4.4313
4.4300
4.1203
3.5557
3.6820
3.7522
3.5572
3.9334
3.8318
3.7399
3.9244
3.8312
4.0385
3.8932
3.9673
3.9061
3.8309
4.2205
4.1613
4.3229
4.0110
3.7656
3.5194
3.3650
3.5727
3.7332
4.1240
3.8292
3.7941
3.8000
4.0302
3.7689
4.0802
3.7160
3.8177
3.5363
3.5437
3.6338
3.7675
3.5516
3.6913
3.7029
3.7272
3.6428
3.3513
3.6298
3.7022
3.8021
3.7808
3.7328
3.7733
3.6559
3.6386
3.6807
3.4403
3.4657
3.6640
3.4013
3.6455
3.5189
3.2832
3.5156
3.4018
3.7387
3.8095
3.7566
3.9181
3.8787
3.9667
3.8212
3.8262
3.7264
3.7784
4.1879
3.7809
3.3298
3.6281
3.8296
3.7807
3.8890
3.7508
3.7372
3.9001
4.2999
4.3011
3.9341
4.0069
3.7948
3.7574
3.9188
3.4677
3.4131
3.5502
3.6709
3.5660
3.7437
3.7024
3.5749
3.6786
3.6459
3.7767
3.8969
3.6546
3.7000
3.6493
3.6443
3.5612
3.4516
3.4345
3.5064
3.4190
3.5252
3.3577
3.6178
3.2795
3.2829
3.2638
3.4932
3.5853
3.4833
3.7535
3.7469
3.6904
3.4830
3.3709
3.4686
3.8749
3.9871
3.6058
3.5795
3.3523
3.5725
3.8986
3.9554
4.1608
3.9499
3.8203
3.7256
3.6511
3.5324
3.3982
3.6184
3.5988
3.5611
3.9348
3.7480
3.7249
3.5417
3.4268
3.4214
3.2438
3.5442
3.3575
3.2209
3.1932
3.4924
3.3235
3.5109
3.7028
3.6594
3.7497
3.7374
3.6783
3.7798
3.6423
3.9686
4.0987
3.7779
3.6081
3.7400
3.9151
3.8346
3.8104
4.1306
3.9051
4.0553
3.6764
3.7746
3.9273
3.6551
3.4969
3.5999
3.5252
3.6331
3.4575
3.4315
3.4333
3.3890
3.6247
3.2586
3.4971
3.2347
3.2625
3.3465
3.3946
3.6546
3.3840
3.5757
3.3824
3.4592
3.5359
3.7309
3.7136
3.8474
3.8049
3.9306
3.7630
3.9836
3.9887
3.9546
4.2877
4.1289
4.0611
3.9801
3.9840
4.1430
4.0735
3.8720
3.9343
3.8011
3.8803
3.8044
3.9365
4.0923
4.0985
4.2059
4.1918
4.2970
4.3374
3.9485
4.2408
3.9546
3.8440
4.0033
3.9689
3.9033
4.0305
3.9831
3.7900
3.4648
3.6747
3.9439
3.8047
3.7278
3.7234
3.7652
3.5667
3.7179
3.7142
3.6832
3.8389
3.6781
3.7685
3.5701
3.4255
3.5850
3.5603
3.5417
3.6061
3.5379
3.4101
3.6089
3.3125
3.2858
3.5852
3.2885
3.5005
3.5550
3.7506
3.7914
3.5144
3.5444
3.5375
3.2534
3.2532
3.3914
3.7194
3.6871
3.9062
4.2001
4.2145
4.1609
3.6906
3.5589
3.5898
3.6071
3.5041
3.5125
3.5521
3.7017
3.6897
3.7914
3.3452
3.6184
3.8113
3.6170
3.6768
3.5131
3.4513
3.2243
3.5036
3.8835
3.9911
3.6131
3.8906
3.6362
3.6291
3.5638
3.8878
3.7817
4.0193
3.6894
3.9506
3.9325
3.8708
4.0186
3.8347
4.0552
3.7784
3.7460
3.6159
3.7557
3.7985
3.7105
3.7745
4.1522
3.9659
3.6883
3.9645
3.9891
3.6825
3.4648
3.5947
3.6787
3.6813
3.8709
3.9907
3.8204
3.8512
3.9231
4.3385
4.4879
4.3732
4.3223
4.2989
4.3274
3.9060
3.9678
3.8019
3.4982
3.2226
3.3397
3.7523
3.2961
3.1933
3.3193
3.6516
3.8171
3.6801
3.6762
3.6050
3.6529
3.8463
3.5741
3.5076
3.8491
3.5729
3.7009
3.2802
3.4652
3.4900
3.4134
3.4257
3.6455
3.4589
3.5650
3.6219
3.4224
3.5835
3.6575
3.6808
3.9252
3.8535
3.9232
3.6795
3.5952
3.4109
3.5960
3.5834
3.5532
3.5034
3.3362
3.2997
3.2973
3.6460
3.5617
3.9883
3.9128
3.8279
3.7729
3.8372
3.6881
3.6175
3.6043
3.6511
3.8949
3.8333
3.7525
3.6335
3.8175
3.9878
3.7091
3.7002
3.4345
3.5072
3.6329
3.8353
3.8095
3.7555
3.7005
3.5156
3.7042
3.4179
3.4026
3.3110
3.1715
3.4677
3.4464
3.5939
3.4716
3.4229
3.4823
3.4962
3.5960
3.5860
3.4565
3.4992
3.5303
3.3833
3.5339
3.5660
3.8056
3.7795
3.8166
3.8020
3.7398
3.6710
3.6514
3.7809
3.7220
3.7234
3.5030
3.5531
3.3964
3.5338
3.5451
3.5279
3.2844
3.2522
3.4298
3.3627
3.5648
3.4223
3.7036
3.3635
3.5090
3.4228
3.5977
3.6685
3.2089
3.1326
3.2646
3.4009
3.2939
3.3766
3.3785
3.4105
3.6630
3.5685
3.8150
3.7353
3.5738
3.4747
3.5245
3.6286
3.6326
3.9254
3.8775
3.8361
3.7650
3.8075
3.6802
3.6753
3.8953
3.8603
3.7404
3.5841
3.3362
3.4983
3.6136
3.7459
3.8090
3.9682
4.0257
3.6802
4.0793
3.9416
3.8392
3.8127
3.8331
3.5770
3.9372
3.6840
3.6026
3.9193
3.7087
3.8249
3.5284
3.8316
3.6862
3.6140
3.6727
3.7613
3.7459
3.8294
3.7059
3.7226
3.8468
3.8843
3.8896
3.5702
3.8483
3.8120
3.9384
3.8483
3.6985
3.9369
3.7211
3.6286
3.4380
3.8248
3.7148
3.7015
3.7518
3.9687
4.0490
3.8914
4.0530
4.1897
3.9276
3.6288
3.6141
3.5156
3.5685
3.4935
3.5669
3.4623
3.3794
3.8582
3.7252
3.8934
3.7596
3.6549
3.9083
3.8234
3.9655
3.8345
3.8646
3.5467
3.7563
3.5635
3.8033
3.5694
3.5591
3.5709
3.4080
3.5397
3.6469
3.6120
3.4082
3.6482
3.6861
3.6224
3.4484
3.3765
3.4089
3.2831
3.3886
3.1278
3.3988
3.3273
3.1949
3.3609
3.2466
3.1762
3.5361
3.4933
3.3730
3.3225
3.5366
3.5061
3.4278
3.6667
3.5640
3.7690
3.8188
3.0767
3.2315
3.3045
3.2570
3.1640
3.5038
3.5010
3.4944
3.5147
3.5675
3.5315
3.5713
3.4330
3.5778
3.4548
3.6528
3.5805
3.5886
3.6315
3.3631
3.7808
4.0460
4.0840
4.0337
3.8179
3.6649
4.1319
3.7158
3.8362
3.8051
3.7506
3.7345
3.8689
3.9679
4.1235
3.6657
3.6140
3.8326
3.4721
3.5971
3.5884
3.5749
3.8647
3.8940
3.7015
3.5375
3.4007
3.4410
3.4355
3.2796
3.4087
3.4528
3.5798
3.6543
3.6683
3.5973
3.3649
3.5929
3.3061
3.4926
3.5304
3.3203
3.5490
3.4940
3.2833
3.3401
3.3277
3.5779
3.8288
3.6610
3.9775
3.8215
3.7509
3.4630
3.6727
3.7374
3.4205
3.5489
3.6554
3.8086
4.0397
3.7782
3.8769
3.5728
3.5465
3.5076
3.5340
3.7589
3.6516
3.7554
3.8468
4.0606
3.9115
3.9817
4.2076
4.2756
4.0775
4.3104
3.8390
3.9945
3.8516
3.6116
3.4539
3.7955
3.7218
3.7116
3.6188
3.8260
3.9613
3.7543
3.9761
3.8531
3.9537
3.8801
3.7590
3.8241
3.8917
3.6772
3.5260
3.5365
3.5922
3.7182
3.5952
3.5108
3.6409
3.5905
3.4684
3.8172
3.5727
3.8669
3.5717
3.7599
4.0238
4.0774
4.0606
3.7607
4.0005
4.0216
4.1530
3.9379
3.8048
4.1221
3.8291
4.1054
4.0006
4.0968
3.6378
3.7981
3.6127
3.5641
3.7761
3.6946
3.7429
3.8452
3.6639
4.0591
3.4813
3.5502
3.5602
3.5046
3.4295
3.3209
3.2259
3.4766
3.3483
3.5840
3.4242
3.2992
3.4245
3.3625
3.6044
3.6111
3.4117
3.5217
3.7397
3.5056
3.6005
3.7131
3.5584
3.4386
3.8636
3.8202
3.9241
4.0530
4.0172
4.1635
3.9128
3.7536
3.8250
3.7044
3.7712
3.9086
3.6414
3.6657
3.6224
3.3700
3.4779
3.6211
3.6423
3.3742
3.6382
3.6988
3.5674
3.7890
3.8094
3.8816
3.5862
3.8435
3.5930
3.6078
3.7908
3.7593
3.5107
3.4025
3.4741
3.5363
3.5628
3.3194
3.4864
3.3549
3.4776
3.2661
3.4655
3.3077
3.1951
3.4040
3.3826
3.2012
3.2358
3.4168
3.3702
3.0941
3.4854
3.4355
3.4024
3.4725
3.3911
3.6509
3.6167
3.5972
3.7181
3.3596
3.2960
3.2891
3.3075
3.5003
3.5664
3.4873
3.3744
3.3932
3.4219
3.4948
3.3622
3.4582
3.1031
3.0810
3.2637
3.4896
3.2691
3.0971
3.0419
3.3465
3.0215
3.0834
3.2000
2.8280
2.8297
3.0333
3.0875
3.0759
3.0970
2.9428
2.9084
2.7621
2.8837
3.1342
3.0035
2.9828
3.0456
3.0634
3.1859
3.2424
3.2058
3.1208
3.3361
3.4860
3.6596
3.4559
3.3473
3.4502
3.4522
3.3321
3.4133
3.4623
3.8184
3.7803
3.3542
3.5608
3.5481
3.5904
3.9136
3.8936
4.0993
3.8355
3.8944
3.9474
3.6100
3.5342
3.4536
3.5240
3.4680
3.4824
3.2871
3.2374
3.3581
3.4669
3.4030
3.4852
3.6175
3.8885
3.9365
3.7832
3.6982
4.1012
3.8747
3.8033
4.0090
3.6872
3.6426
3.5899
3.6327
3.4594
3.6110
3.8881
4.0962
3.9941
3.9314
3.8743
3.7086
3.5049
3.6114
3.7864
3.9156
4.0163
3.7406
3.5327
3.6647
3.6972
3.6635
3.5455
3.6230
3.6868
3.6204
3.3131
3.2785
3.4242
3.4163
3.4990
3.4642
3.6422
3.6237
3.4249
4.0470
3.7797
3.9800
3.7472
3.6575
3.7273
3.5463
3.4308
3.3981
3.6989
3.5955
3.8267
3.6309
3.6743
3.8335
3.7634
3.3232
3.2372
3.4951
3.7612
3.4949
3.3755
3.5909
3.4842
3.5181
3.8185
3.5279
3.5205
3.7371
3.6349
3.3046
3.3252
3.0300
3.3231
3.3735
3.1420
3.3007
3.4524
3.4373
3.3016
3.3197
3.4105
3.4161
3.4227
3.3387
3.4198
3.3788
3.2949
3.2723
3.2591
3.3753
3.2118
3.1651
3.3631
3.5600
3.3159
3.5111
3.5003
3.5635
3.3926
3.6092
3.7544
3.8472
3.8224
3.5722
3.5708
3.5290
3.6306
3.5170
3.3696
3.5988
3.6396
3.5379
3.5561
3.6652
3.7884
3.6167
3.7128
3.5084
3.7162
3.7744
3.8107
3.8591
3.7537
3.6699
3.6917
3.8587
3.9904
3.7759
3.9767
3.9015
3.8739
3.5435
3.3882
3.5742
3.5993
3.7465
3.7258
3.6059
3.6300
3.6748
3.5413
3.8014
3.6331
3.4524
3.3922
3.3452
3.3606
3.5020
3.7985
3.7525
3.5194
3.3662
3.3234
3.6139
3.2610
3.5581
3.2093
3.4249
3.5039
3.5780
3.5883
3.3237
3.4278
3.5204
3.7119
3.5435
3.4570
3.6031
3.5620
3.7981
4.2316
4.1041
3.8641
3.7017
3.6506
3.5456
3.6950
3.7946
3.6301
3.6563
3.5872
3.8054
3.8402
3.6762
3.7974
3.8610
3.9170
3.6783
3.5306
3.5607
3.4218
3.4251
3.4899
3.5146
3.3557
3.4907
3.5755
3.6637
3.3823
3.3731
3.4071
3.2983
3.3567
3.5205
3.4940
3.6485
3.3395
3.3982
3.3636
3.3934
3.4719
3.6014
3.4471
3.4398
3.4713
3.7416
3.5705
3.7349
3.6180
3.6293
3.7306
3.5349
3.3726
3.5220
3.3440
3.3776
3.3059
3.2444
3.5405
3.6007
3.6170
3.4106
3.5742
3.7939
3.7622
3.6129
3.6013
3.6874
3.7993
3.8079
3.6796
3.9162
3.7537
3.5040
3.5979
3.7052
3.6395
3.5562
3.3552
3.2353
3.1508
3.3671
3.4107
3.2899
3.4515
3.4321
3.3664
3.5111
3.2973
3.2753
3.3691
3.2827
3.4321
3.3537
3.5440
3.5514
3.3912
3.4726
3.4490
3.4694
3.5832
3.5327
3.3583
3.6813
3.3547
3.3560
3.3406
3.2839
3.3844
3.5726
3.7160
3.5730
3.5772
3.4010
3.3894
3.4701
3.4305
3.3636
3.6998
3.5485
3.7134
3.6028
3.7678
3.7133
3.5660
3.5356
3.6225
3.9192
3.6594
3.7388
3.3710
3.2777
3.3890
3.4728
3.4830
3.4858
3.4251
3.5395
3.6842
3.6724
4.0325
3.9672
3.7307
3.7100
3.4735
3.7866
3.6971
3.8567
3.6411
3.7507
3.4770
3.7685
3.6629
3.6307
3.7922
3.8353
3.6412
3.5203
3.6187
3.3107
3.5412
3.3720
3.3345
3.4686
3.3056
3.5800
3.5504
3.3390
3.5813
3.5526
3.5238
3.5590
3.4669
3.4643
3.9450
3.8469
3.6895
3.4265
3.1524
3.4049
3.3428
3.3133
3.4855
3.5620
3.2608
3.3829
3.3636
3.4270
3.2997
3.5905
3.4811
3.6213
3.6329
3.5428
3.7606
3.7043
3.5064
3.4666
3.5299
3.6607
3.4674
3.6525
3.6238
3.8783
3.4915
3.6517
3.6527
3.6251
3.5948
3.6734
3.4995
3.3908
3.6700
3.7519
3.8225
3.6932
3.7996
3.8971
3.4637
3.2915
3.4649
3.5539
3.2102
3.4130
3.2459
3.3188
3.3294
3.4597
3.5757
3.4811
3.2614
3.4617
3.4048
3.0539
3.1636
3.0538
3.1250
3.1713
3.2511
3.5418
3.3737
3.0036
3.0700
3.1103
3.2805
3.3460
3.2214
3.2803
3.5390
3.2326
3.5665
3.5184
3.3335
3.2706
3.2373
3.2831
3.2148
3.2674
3.2799
3.2492
3.7274
3.4095
3.6753
3.9088
3.9009
3.8770
3.8730
3.7076
3.4325
3.5267
3.5604
3.4441
3.2040
3.4636
3.3416
3.3182
3.0996
3.4341
3.3302
2.9771
3.2505
3.2958
3.3004
3.5040
3.8580
3.8223
3.7607
3.5721
3.6286
3.5041
3.4955
3.6107
3.5208
3.5967
3.5961
3.4108
3.4744
3.4818
3.6385
3.5522
3.5464
3.5602
3.4155
3.3425
3.4438
3.2724
3.4333
3.5047
3.1899
3.3954
3.4479
3.4625
3.4323
3.2039
3.5464
3.4634
3.4195
3.2725
3.4304
3.4057
3.3585
3.4591
3.5599
3.5603
3.5194
3.2625
3.4257
3.2506
3.3964
3.3526
3.3667
3.2475
3.1285
2.8696
2.9107
3.2798
3.2442
2.8950
2.9177
3.0177
3.2809
3.0215
3.4321
3.3190
3.3195
3.3041
3.2350
3.3355
3.6012
3.4557
3.4563
3.6257
3.6450
3.7372
3.8334
3.8755
3.5984
3.4996
3.7686
3.7130
4.0625
3.8922
3.7219
3.7497
3.9005
4.0456
4.0626
3.9077
3.9813
3.8159
3.9973
3.8164
4.0857
3.7624
3.7237
3.6365
3.6300
3.7037
3.6467
3.5765
3.7975
4.0756
3.8244
4.2295
4.0885
4.0688
3.5988
3.7844
3.8393
3.7183
3.7143
3.8358
3.7096
3.6199
3.7541
3.4765
3.6205
3.8871
3.9578
3.9701
3.7520
3.6059
3.6325
3.8719
3.5069
3.5787
3.3938
3.4198
3.3463
3.7382
3.8379
3.9442
3.8280
3.8081
3.7254
3.8554
3.8204
3.7859
3.7133
3.8645
3.7418
3.7139
3.8955
3.5541
3.4808
3.7636
3.4055
3.3757
3.6184
3.9993
4.0066
3.9244
3.7361
3.4473
3.6213
3.5361
3.3349
3.6897
3.5124
3.6126
3.6782
3.8310
3.8910
3.8258
3.8867
3.7833
3.6207
3.5124
3.6786
3.1732
3.1977
3.0882
3.0673
3.3045
3.1995
3.1830
3.1512
3.3883
3.5380
3.2749
2.9693
3.2799
3.1447
3.1989
3.1805
3.2048
3.2445
3.2700
3.2741
3.0479
3.1251
3.3625
3.5202
3.5168
3.4652
3.4041
3.2503
3.2781
3.8167
3.8427
3.9956
3.9755
3.9798
3.8757
3.5422
3.3066
3.1565
3.4009
3.2912
3.1991
3.3781
3.2456
3.1903
3.0934
3.2995
3.3508
3.3109
3.0933
3.0889
3.3578
3.3381
3.5371
3.3513
3.6907
3.7083
3.4249
3.4687
3.4896
3.5981
3.3890
3.5241
3.7299
3.7463
3.6886
3.7884
4.1722
3.8942
4.0746
3.8478
3.7457
3.9249
4.2453
3.9388
3.9102
4.0193
3.6846
3.7187
3.5760
3.7738
3.7314
3.8118
3.8433
4.0390
3.9691
3.7819
3.8692
3.6494
3.8880
3.8945
3.7976
3.8268
3.7230
3.6301
3.9325
3.4535
3.4448
3.7745
3.4729
3.4626
3.7425
3.6378
3.1878
3.3181
3.5740
3.6755
3.5998
3.5347
3.1943
3.2283
3.1674
3.1297
3.3877
3.5423
3.5797
3.7998
3.7130
3.8225
3.8622
3.5039
3.5012
3.2287
3.4033
3.2400
3.4143
3.2076
3.3883
3.4686
3.4601
3.3768
3.2053
3.4080
3.3880
3.4906
3.5255
3.5611
3.4506
3.6500
3.8789
3.8076
3.9570
4.1374
3.7970
3.8904
3.9846
3.9255
3.8736
3.7810
3.5689
3.6926
3.5219
3.2933
3.2727
3.4524
3.4516
3.6328
3.4404
3.4889
3.5972
3.5556
3.5924
3.5264
3.7583
3.4473
3.5041
3.5437
3.6805
3.5396
3.4382
3.5719
3.3729
3.3621
3.5282
3.6957
3.5434
3.4638
3.7916
3.8094
3.6708
3.4137
3.6006
3.7586
3.9264
3.4274
3.5646
4.1320
3.9955
3.7723
3.6061
3.5874
3.4868
3.1993
3.2985
3.4169
3.3468
3.4876
3.6860
3.5233
3.3979
3.5504
3.7578
3.7588
4.0450
3.8268
3.9273
3.5739
3.9157
3.7180
3.8431
3.8140
3.7278
3.2203
3.3546
3.4617
3.4452
3.8165
3.6199
3.5486
3.6614
3.2839
3.4479
4.0343
3.5390
3.5335
3.3588
3.5067
3.3821
3.4893
3.5051
3.4312
3.3195
3.5054
3.2183
3.4330
3.3479
3.3181
3.1513
3.0711
2.9297
3.3316
3.6311
3.5637
3.2392
3.1393
3.3990
3.1872
3.0986
3.1601
2.9781
3.0220
3.0887
3.0432
2.9835
2.9403
2.8962
2.9399
3.1437
3.0517
2.9261
3.2973
3.1626
3.0678
3.1875
3.2212
3.3826
3.5780
3.2816
3.2604
3.6265
3.5235
3.3189
3.3927
3.3405
3.6019
3.4021
3.5322
3.4196
3.5883
3.8810
3.6880
4.0084
3.8814
4.1100
3.8713
4.1048
3.9443
3.7730
3.5861
3.7484
4.0617
4.0100
3.8924
3.6441
3.4820
3.5401
3.2898
3.6244
3.7744
3.7970
3.6606
3.6474
3.6437
3.5581
3.3627
3.3190
3.4658
3.4664
3.3716
3.4223
3.2919
3.1007
3.1895
3.1714
3.6059
3.3530
3.2210
3.2186
3.3127
3.2386
3.2755
3.6157
3.6976
3.7400
3.3679
3.2570
3.3451
3.4587
3.5631
3.6889
3.4665
3.4029
3.6644
3.4159
3.2772
3.3067
3.4193
3.3638
3.4695
3.7004
3.6031
3.6778
3.5181
3.8398
4.0176
3.7680
3.6766
3.5740
3.6573
3.9272
3.8622
3.6956
3.6055
3.7439
3.4383
3.6609
3.3892
3.3331
3.4235
3.3064
3.6104
3.2937
3.6770
3.5720
3.4766
3.4188
3.3105
3.4220
3.5553
3.4834
3.4986
3.6033
3.4546
3.4981
3.5586
3.6055
3.3834
3.4266
3.1587
3.3158
3.2084
3.2182
3.4612
3.3982
3.5768
3.6465
3.4920
3.5002
3.5446
3.4665
3.5199
3.3405
3.4779
3.5298
3.5618
3.2987
3.7595
3.9857
4.0355
4.1253
4.0274
3.8950
3.6510
3.8374
3.6101
3.6057
3.5838
3.4214
3.8254
3.9287
3.8352
3.4756
3.6565
3.7137
4.1946
4.0576
3.8652
4.0330
3.7628
3.6397
3.8745
3.7457
3.6739
3.7808
3.5847
3.7752
3.7094
3.6917
3.7308
3.7858
3.8938
4.1475
4.1105
4.3476
4.2271
3.7698
3.9676
3.9757
3.8260
3.7576
3.8200
3.9618
4.0561
4.0350
3.7740
3.6322
3.4639
3.5473
3.5994
3.6725
3.3660
3.5943
3.6919
3.7410
4.0194
4.0172
3.8925
3.6073
3.7086
3.7792
3.8962
3.9176
3.9416
3.8927
3.6821
3.7741
3.6594
3.7421
3.6638
4.3098
3.9717
4.0909
4.3577
4.0068
3.9556
3.9695
3.9401
4.2771
4.1166
4.0068
4.1897
4.1248
3.9527
3.7767
4.0248
3.8341
4.1978
3.9960
3.9237
4.2159
4.3668
4.2688
4.3263
4.3892
3.9983
4.2335
4.2987
4.2706
4.0923
4.3725
4.3734
4.3734
4.3633
4.2342
4.0953
4.1948
4.3883
4.2355
4.0471
3.9571
4.0753
4.1217
3.8329
3.8829
3.9363
3.8690
3.9258
4.0080
3.8584
4.0561
4.0463
4.2446
4.0352
4.0079
3.7361
3.9166
3.8857
3.9163
3.9696
3.9433
3.7010
3.6753
3.7629
3.6866
3.4414
3.7046
3.7729
3.8182
3.6712
3.7271
3.5095
3.6346
3.6174
3.6529
3.3794
3.4015
3.6200
3.5437
3.6819
3.6272
3.8041
3.7835
3.5969
3.4756
3.3767
3.3709
3.5568
3.4672
3.6076
3.7510
3.9256
3.7897
3.7873
3.6408
3.3538
3.6314
3.5749
3.5213
3.4649
3.2441
3.0472
3.0892
3.0743
3.1689
3.0921
2.8947
3.2002
3.1288
3.0887
3.3372
3.5002
3.1705
3.6347
3.6957
3.4926
3.5700
3.5407
3.4870
3.6713
3.6008
3.2460
3.2342
2.9766
3.0974
2.9514
2.9200
2.8788
2.9786
2.9115
3.0970
3.0442
2.8074
2.9650
2.9916
2.9311
3.2695
3.2735
3.3548
3.2802
3.4388
3.5404
3.7025
3.8713
3.9139
3.8515
3.9366
3.9740
3.9801
3.8157
3.7661
3.6899
3.6624
3.6912
3.5840
3.5443
3.3512
3.3535
3.5899
3.7108
3.4965
3.7407
3.6729
3.8540
4.0594
3.9358
3.8960
3.7245
3.8485
3.7253
3.7564
3.8309
4.0254
3.7930
3.5883
3.6576
3.5445
3.4871
3.4768
3.2980
3.3876
3.3923
3.1206
3.2758
3.2893
3.7229
3.5720
3.4279
3.3330
3.5355
3.5363
3.4770
3.5681
3.5781
3.4935
3.7351
3.5404
3.6849
3.4398
3.4160
3.4824
3.4778
3.9537
3.7013
3.3965
3.3027
3.1611
3.4223
3.2418
3.2475
3.4435
3.4478
3.7000
3.4388
3.4040
3.3027
2.9419
3.5084
3.4771
3.5371
3.4810
3.4191
3.0669
3.0710
2.9357
3.2123
3.4526
3.4986
3.3291
3.1717
3.1847
3.3547
3.3222
3.4740
3.3933
3.2641
3.2255
3.1506
3.2868
3.4318
3.1724
3.1734
3.0840
3.1683
3.2199
3.2341
3.0241
2.7023
3.2165
3.3483
3.2681
3.1537
3.5406
3.1654
3.1517
3.2711
3.2087
3.6337
3.5279
3.5081
3.3064
3.5612
3.2896
3.3207
3.1902
3.3643
3.2384
3.1897
3.3857
3.3045
3.3156
3.3298
3.5039
3.4168
3.4886
3.3424
3.5833
3.3077
3.5873
3.4904
3.6193
3.5392
3.5798
3.5722
3.6463
3.6690
3.2474
3.5537
3.7603
3.6773
3.8227
3.7441
3.9960
3.7587
3.8055
3.8252
4.0499
4.0204
3.8247
3.8145
3.7534
3.6815
3.4534
3.6625
3.6718
3.7316
3.6460
3.6088
3.9136
3.9269
3.7280
3.6368
3.7713
3.7140
3.7836
3.6118
3.7290
3.7520
3.7842
3.6439
3.7124
3.6989
3.6810
3.8273
3.7563
3.4526
3.3430
3.5742
3.5256
3.3158
3.4047
3.5265
3.4833
3.5240
3.5821
3.5673
3.6015
3.3876
3.2683
3.2143
3.3064
3.1686
3.1774
3.4192
3.2894
3.3386
3.4984
3.6829
3.6317
3.7037
3.3549
3.0898
3.0575
3.2877
3.3345
3.3695
3.4019
3.4463
3.6018
3.3771
3.4409
3.5552
3.4335
3.6862
3.6741
3.8256
3.4817
3.4999
3.4188
3.3974
3.5461
3.4248
3.6544
3.4632
3.6609
3.6925
3.4608
3.4140
3.5212
3.5486
3.5933
3.4113
3.4151
3.4173
3.5323
4.0146
3.6913
3.9649
3.9236
4.0514
3.7849
3.5971
3.5930
3.4486
3.7668
3.6149
3.1944
3.3386
3.4756
3.4666
3.3213
3.3960
3.3108
3.4597
3.7457
3.6062
3.7163
3.6820
3.8265
4.0176
3.6709
3.6680
3.7601
3.8334
3.6007
3.4243
3.5648
3.1606
3.3471
3.3199
3.2063
3.2085
3.1228
3.2149
3.3542
3.1474
3.2551
3.4380
3.2839
3.1662
3.3163
3.5760
3.3740
3.5097
3.3145
3.4882
3.5498
3.5067
3.9136
3.7376
3.7739
3.6315
3.5447
3.7135
3.7622
3.5434
3.4268
3.3145
3.3474
3.3453
3.4539
3.3019
3.5166
3.3819
3.3806
3.2243
3.1866
3.2849
3.3977
3.4393
3.3700
3.2536
3.4726
3.3346
3.7661
3.6138
3.6137
3.7337
3.3381
3.4861
3.3414
3.2817
3.4600
3.5514
3.6092
3.4271
3.2977
3.1957
3.2234
3.1900
3.1800
3.0984
2.8570
3.2592
3.1976
3.2867
3.1842
3.1841
2.9432
3.0937
3.1672
3.5754
3.3938
3.4696
3.3405
3.5959
3.6848
3.4539
3.3340
3.4459
3.3789
3.5068
3.3962
3.2012
3.3110
3.1927
3.2945
3.1465
3.0868
3.2432
3.3857
3.3061
3.3627
3.0436
3.1506
2.9964
3.0939
3.1767
3.1033
3.0486
3.3453
3.2041
3.5100
3.4720
3.7346
3.7954
3.7483
3.8505
3.8175
3.7785
3.8885
3.9164
3.6229
3.4366
3.4830
3.4885
3.3095
3.2266
3.5137
3.4078
3.5220
3.4929
3.5032
3.7517
3.8120
3.6994
3.4294
3.5412
3.6719
3.5806
3.5732
3.6701
3.8741
3.4877
3.4293
3.3250
3.4666
3.7397
3.7397
3.5085
3.4694
3.4842
3.7341
3.9693
3.6177
3.6557
3.7738
4.0035
4.0809
3.5849
3.6294
3.8640
3.7575
3.8722
4.0437
3.9821
4.2029
4.0979
3.7004
3.9616
4.1754
4.3011
4.1980
3.9304
3.9104
3.7938
3.8220
3.8632
3.9526
4.1786
3.9458
3.8673
3.8738
3.8278
3.9961
4.0769
4.0620
3.6664
3.4813
3.6422
3.6321
3.5242
3.5915
3.5374
3.5639
3.8058
3.5440
3.5787
3.5757
3.3995
3.6316
3.6047
3.8532
4.0094
3.8062
3.7660
3.7280
3.7095
3.7059
3.7908
4.0767
4.0872
4.0765
3.8217
3.7380
3.9931
3.8943
3.9780
3.6477
3.7756
3.8303
3.8682
3.8749
4.1385
4.0163
3.9101
4.0262
3.9913
3.9872
4.0455
4.0650
3.9026
4.0293
4.1832
3.7669
3.8157
3.7156
3.6788
3.7024
3.7384
3.6162
3.8645
3.8806
3.8446
3.5165
3.6658
3.6130
3.6276
3.7768
3.5968
3.6594
3.4542
3.5364
3.6018
3.6379
3.5942
3.4821
3.5157
3.3450
3.1641
3.1991
3.3997
3.1557
3.2580
3.2152
3.1650
3.1753
3.0671
3.1182
3.1320
3.2416
3.3932
3.7516
3.5947
3.4882
3.6133
3.6510
3.7097
3.9517
3.9350
3.9202
3.6735
3.4887
3.3020
3.3441
3.6193
3.5677
3.1968
3.4238
3.2940
3.6000
3.7977
3.7327
3.7726
3.9158
3.8387
3.8472
3.6164
3.4576
3.4803
3.5715
3.1914
3.3303
3.5793
3.1693
3.5059
3.4671
3.3652
3.2253
3.4116
3.5606
3.5998
3.6688
3.5992
3.9745
3.6115
3.7802
3.5931
3.5604
3.5730
3.3926
3.4426
3.2792
3.4263
3.7562
3.6670
3.8452
3.7812
3.7428
3.7099
3.7703
3.4618
3.7654
3.6281
3.5519
3.7568
3.4878
3.6607
3.4907
3.7284
3.6639
3.5507
3.6240
3.8254
3.4448
3.7435
3.7966
3.6499
3.3407
3.2703
3.6135
3.6864
3.7301
3.6663
3.6946
3.9234
3.8082
3.9125
3.7875
3.6123
3.8514
3.5565
3.9330
3.6302
3.8771
3.9565
3.7925
3.9316
3.6290
3.8650
3.6185
3.3415
3.6545
3.4818
3.3851
3.4961
3.5575
3.6668
3.6647
3.6672
3.6467
3.6866
3.7392
3.8597
3.9725
3.8507
3.7655
3.6710
3.4520
3.5239
3.6416
3.6112
3.8467
3.8407
3.8540
3.7526
3.7087
3.6523
3.5220
3.6087
3.5864
3.4366
3.3512
3.7087
3.9273
3.7493
3.7034
3.8685
3.8480
3.5151
3.8173
3.7106
3.9621
3.9401
3.9136
3.9786
3.8716
3.7274
3.5091
3.5112
3.3336
3.4036
3.3071
3.3743
3.4759
3.6141
3.4622
3.5332
3.5178
3.7317
3.7450
3.6371
3.6802
3.4306
3.4476
3.5269
3.1412
3.1677
3.0598
3.3058
3.3657
3.2876
2.9794
3.0391
2.9985
3.0491
3.0437
3.1409
3.0670
2.9803
2.9873
3.0129
2.9488
2.9774
3.0825
3.1298
3.0194
3.1625
2.9850
3.2109
3.2770
3.4227
3.4765
3.5508
3.5231
3.1378
3.3540
3.3349
3.3053
3.0881
3.3643
3.3780
3.5196
3.7376
3.5385
3.3859
3.8481
3.8562
3.4859
3.3078
3.6492
3.5719
3.4635
3.4837
3.6742
3.3822
3.5915
3.4868
3.6727
3.6595
3.6342
3.3114
3.2006
3.4772
3.2736
3.4918
3.4912
3.6164
3.2101
3.3998
3.3210
3.3884
3.5208
3.3944
3.4979
3.2555
3.1295
3.1412
3.1395
3.1239
3.0171
3.2487
3.2605
3.4146
3.5656
3.4795
3.5538
3.8874
3.7928
3.7612
3.9945
3.9336
3.6741
3.5874
3.8461
3.5463
3.7515
3.7167
3.8051
3.8532
3.7108
3.8331
3.7184
4.0389
3.6894
3.8569
3.8940
3.8602
3.9142
4.0575
3.7129
3.7791
3.2706
3.5260
3.5864
3.6397
3.6612
3.4506
3.2961
3.0924
3.4569
3.2720
3.1063
3.3119
3.3612
3.4174
3.3671
3.3690
3.5691
3.5300
3.4765
3.3947
3.6195
3.4962
3.5132
3.7556
3.7607
3.7388
3.7277
3.7278
3.8822
3.7289
3.7253
3.6611
3.6884
3.6977
3.7224
3.7852
3.4933
3.8153
3.7084
3.7601
3.8035
3.7756
3.5623
3.6762
3.4345
3.3415
3.3629
3.4449
3.3237
3.5284
3.4822
3.3724
3.4391
3.7064
3.5091
3.4384
3.5885
3.5124
3.6180
3.6339
3.6508
3.5944
3.9176
4.1885
3.8738
3.9037
3.6211
3.9235
3.8889
4.0490
4.0350
4.3497
4.3072
4.3451
4.2741
4.3483
4.3675
4.2218
4.2516
4.0289
3.9484
4.0037
3.9958
4.2264
4.1025
4.2959
3.7857
3.8829
3.8051
3.8374
3.6057
3.3992
3.4996
3.5282
3.5770
3.5122
3.4098
3.5461
3.4096
3.8225
3.6678
3.5988
3.4433
3.4063
3.3715
3.4210
3.7201
3.3846
3.3238
3.4738
3.4466
3.2684
3.2627
3.4794
3.1495
3.4738
3.2263
3.4889
3.3952
3.5468
3.3445
3.0385
3.0760
3.1757
3.2849
3.4733
3.4755
3.4317
3.2176
3.1216
3.2305
3.2658
3.5605
3.5072
3.4791
3.4535
3.3651
3.4059
3.3030
3.4154
3.4835
3.4769
3.6866
3.5067
3.3762
3.6815
3.6813
3.9144
3.7820
3.7670
4.0039
3.9255
3.8717
3.8641
3.5479
3.5623
3.7482
3.8051
3.6389
3.7431
4.0522
4.0137
4.0883
4.2728
4.2161
3.9544
3.9592
4.2643
4.3901
4.1464
4.0026
4.3564
4.4101
4.2196
4.1749
3.9901
4.0009
4.0545
4.0424
3.9174
4.0180
3.9079
3.8958
4.0726
3.8804
3.6751
3.7617
3.8127
3.7720
3.8655
4.0545
4.0449
3.9199
3.9131
3.7125
4.0762
4.0049
3.9572
3.9688
4.1438
4.3035
4.0285
3.8211
3.7497
3.6052
3.7254
3.6713
3.8225
3.9698
3.9068
3.8333
3.7044
3.7999
3.7953
3.7906
3.6640
3.4607
3.3261
3.3508
3.2723
3.5941
3.4248
3.1541
3.0693
3.1904
3.1757
3.2639
3.2936
3.4523
3.6759
3.7805
3.8571
3.4776
3.5298
3.2187
3.2437
3.3950
3.2735
3.5066
3.4686
3.5285
3.5478
3.5743
3.2846
3.4377
3.1407
3.4729
3.3770
3.1987
3.2602
3.2145
3.2819
3.1494
3.1091
3.5040
3.1851
3.2041
3.1737
3.3222
3.2276
2.9781
3.0593
2.9984
3.1051
3.4418
3.6536
3.5971
3.3247
3.1397
3.2178
3.2815
3.0911
3.1655
3.2427
3.2086
3.2159
3.5154
3.5982
3.7787
3.6809
3.2113
3.2601
3.0126
3.1093
3.2298
2.9882
2.8741
2.9114
2.8224
2.9833
3.3067
3.1527
3.3726
3.2004
3.1472
3.0589
3.1407
3.3533
3.1506
3.2227
3.1600
3.1065
3.1601
3.2533
3.4485
3.1928
3.3452
3.3247
3.3615
3.5859
3.5353
3.5863
3.5524
3.6696
3.6702
3.7321
3.4885
3.4835
3.3936
3.4031
3.5451
3.8929
3.6040
3.7595
3.5581
3.7561
3.7365
3.7334
3.6433
3.4916
3.5633
3.6170
3.3994
3.3030
3.2890
3.4016
3.5843
3.6988
3.5163
3.7079
3.9659
3.6757
3.5971
3.5481
3.4510
3.4772
3.5130
3.5459
3.4092
3.3890
3.4734
3.3031
3.4075
3.3708
3.5758
3.4524
3.4742
3.1856
3.2698
3.2822
3.4048
3.2370
3.1855
3.2751
3.0659
3.5073
3.3318
3.3199
3.3038
3.4468
3.3967
3.4259
3.5854
3.4347
3.6261
3.5016
3.3521
3.3208
3.4345
3.3365
3.4907
3.5614
3.3778
3.5144
3.5374
3.4810
3.5424
3.2733
3.4221
3.5045
3.3553
3.3710
3.4409
3.5945
3.2939
3.4229
3.2474
3.2268
3.2680
3.2164
3.4694
3.2422
3.2871
3.3862
3.1803
3.1168
3.1468
3.1925
3.0831
3.3553
3.2267
3.1439
2.9293
2.9823
3.0055
2.9993
3.0564
3.0112
3.0828
3.1950
3.1207
3.2791
3.3829
3.4769
3.3081
3.4819
3.5674
3.5331
3.5206
3.5088
3.3134
3.4616
3.4724
3.2470
3.4761
3.5782
3.5093
3.7653
3.8872
3.7865
3.9740
3.8729
3.9651
3.8593
3.5727
3.6164
3.1970
3.2571
3.1550
3.3365
3.3950
3.7022
3.6656
3.4527
3.2752
3.1322
3.3789
3.4265
3.3331
3.2051
3.3028
3.2115
3.3950
3.3132
3.3396
3.2937
3.3544
3.1900
3.2488
3.0151
3.1358
3.1576
3.2177
3.2677
3.4569
3.1411
3.3496
3.4895
3.4134
3.2020
3.2168
3.2167
3.4148
3.2541
3.3330
3.2517
3.1564
3.3196
3.3368
3.6171
3.5645
3.5541
3.4064
3.1998
3.2633
3.2205
3.3238
3.4833
3.4656
3.4613
3.3660
3.3262
3.3824
3.3845
3.2825
3.1873
3.1146
3.2918
3.2175
3.2644
2.9798
3.1533
3.0665
3.3234
3.1986
3.4415
3.5815
3.3671
3.5597
3.6526
3.5146
3.4721
3.5914
3.3877
3.5910
3.4111
3.3392
3.5742
3.3976
3.2134
3.2336
3.3708
3.5445
3.4149
3.5332
3.6819
3.4485
3.5407
3.4186
3.5943
3.4653
3.4710
3.5323
3.5654
3.7770
3.6741
3.8856
3.6172
3.8309
3.5321
3.3118
3.4146
3.4010
3.6082
3.7161
3.5727
3.4879
3.4036
3.4650
3.2487
3.4066
3.1564
3.1934
2.9598
3.1553
3.2989
3.1701
3.3281
3.1828
3.2008
3.3864
3.3067
3.2803
3.4646
3.4548
3.4099
3.4336
3.3919
3.3218
3.4247
3.3348
3.6004
3.7183
3.4081
3.4132
3.4656
3.3253
3.4320
3.6273
3.4940
3.7235
3.4594
3.6505
3.8729
3.9038
3.7153
3.6437
3.6059
3.5433
3.4055
3.7281
3.6670
3.7900
3.4416
3.4186
3.4096
3.3222
3.2424
3.1130
3.1397
3.1651
3.0033
3.0326
3.0572
3.0004
3.2469
3.3778
3.6377
3.4210
3.3759
3.6766
3.1860
3.6993
3.6117
3.4604
3.4587
3.5158
3.5570
3.4662
3.5557
3.5621
3.6797
3.4982
3.1877
3.4157
3.3920
3.1834
3.3165
3.4699
3.5930
3.6671
3.9577
3.7630
3.6137
3.5665
3.6527
3.4841
3.4884
3.5892
3.5910
3.6818
3.8841
3.7510
4.0252
3.9922
4.0864
3.9797
3.8476
3.6016
3.5976
3.6418
3.9100
3.8063
3.6453
3.9789
3.7516
3.8654
3.9377
3.8646
3.8312
3.7380
3.6589
3.6822
3.5068
3.4994
3.4758
3.6308
3.7080
3.4988
3.5154
3.5881
3.6061
3.9310
4.0102
4.0310
4.0713
3.9838
3.9532
3.8775
3.7786
3.5383
3.6819
3.5722
3.5144
3.6378
3.7681
3.8982
3.7815
3.4541
3.6518
3.9465
3.5413
3.4516
3.4346
3.4419
3.3644
3.3339
3.4207
3.7712
3.7164
3.4847
3.4038
3.1646
3.2398
3.2910
3.2714
3.2008
3.0283
3.1731
2.9499
3.1664
3.2054
3.3121
3.4012
3.4502
3.6149
3.2993
3.4540
3.4649
3.3560
3.4628
3.4080
3.6344
3.7742
3.6787
3.5402
3.5318
3.5848
3.8563
3.7754
3.4586
3.4953
3.5524
3.6863
3.6024
3.4699
3.7349
3.5904
3.8402
3.6839
3.5856
3.9404
3.6276
3.3057
3.6195
3.5669
3.8285
3.9091
3.7863
3.4727
3.8098
3.7658
3.7188
3.7268
3.3564
3.5265
3.5806
3.5367
3.5577
3.5357
3.3723
3.4294
3.3597
3.4194
3.5391
3.5864
3.6396
3.7114
3.6071
3.6025
3.5528
3.4499
3.6622
3.7847
3.9457
3.8250
4.0454
3.9044
3.8616
3.6200
3.6523
3.6630
3.7062
3.6183
3.6411
3.6925
3.5711
3.4512
3.4005
3.5637
3.6292
3.4747
3.6621
3.6485
3.5880
3.5895
3.3427
3.6246
3.5069
3.5940
3.3559
3.4886
3.5118
3.4690
3.6076
3.5993
3.3750
3.5930
3.5455
3.6494
3.5567
3.5669
3.6957
3.5926
3.8002
3.6314
3.7193
3.8421
3.7372
3.6435
3.8903
3.5707
3.7189
3.9164
3.8639
4.0330
3.8301
3.8327
3.8344
3.8432
3.6269
3.6837
3.5856
3.4426
3.6534
3.6354
3.6585
3.9469
4.0690
3.8768
3.6273
3.7463
3.8126
3.8649
3.8574
3.6987
3.6504
3.6401
3.4853
3.6200
3.6698
3.6719
3.6394
3.8335
3.7710
3.6965
3.7623
3.9084
3.6916
3.8356
4.0225
3.9239
3.8041
3.6842
3.6610
4.0732
3.7209
3.5056
3.7975
3.8472
3.7043
3.7930
3.6100
3.8180
3.5546
3.5255
3.4623
3.5576
3.5835
3.6454
3.8222
4.0855
3.8594
3.5051
3.8102
3.8423
3.7467
3.6096
3.5373
3.7964
3.7860
3.7026
3.4618
3.5941
3.4765
3.3331
3.2699
3.3671
3.3863
3.5986
3.8018
3.3853
3.4820
3.6670
3.5677
3.3334
3.3598
3.4544
3.5170
3.3861
3.5827
3.4550
3.5269
3.7553
3.6328
3.3806
3.6668
3.6387
3.5142
3.4639
3.3923
3.2786
3.6697
3.4861
3.4602
3.5443
3.1696
3.2729
3.0376
3.2120
3.4613
3.3181
3.2612
3.2575
3.1887
3.4496
3.0823
3.4443
3.5515
3.3505
3.2950
3.2710
3.4734
3.5117
3.4617
3.8322
3.5637
3.5336
3.4826
3.6604
3.4637
3.4756
3.4644
3.6095
3.4906
3.5272
3.7324
3.6425
3.5885
3.7097
3.5571
3.7051
3.5214
3.9324
3.8672
3.7982
3.4782
3.3776
3.3207
3.4393
3.4436
3.7368
3.3164
3.3235
3.2714
3.2786
3.3229
3.5431
3.3517
3.3037
3.4031
3.5935
3.5567
3.4965
3.6279
3.8248
3.5752
3.3510
3.6101
3.6327
3.3096
3.2375
3.2363
3.2882
3.3896
3.3490
3.1724
3.4504
3.3877
3.4749
3.4597
3.1507
3.1138
3.4275
3.3933
3.2461
3.1179
3.3136
3.0409
3.0568
3.1729
3.0772
3.0592
3.2056
3.3615
3.2426
3.1974
3.2050
3.1554
3.2162
3.1458
3.2255
3.1632
3.0481
2.9892
2.8775
3.1048
2.9434
3.2695
2.9875
3.2020
3.1090
3.3256
3.2464
3.3413
3.2330
3.2303
3.2770
3.4903
3.5092
3.2514
3.4101
3.3740
3.3509
3.2995
3.3020
3.4973
3.1714
3.2848
2.9959
3.1891
3.3509
3.5414
3.4297
3.4201
3.2891
3.2314
3.2269
3.1407
3.2540
3.2480
3.1208
3.2800
3.4397
3.5151
3.5428
3.5123
3.4865
3.3502
3.3084
3.2918
3.2788
3.2955
3.3395
3.4245
3.2652
3.5419
3.4504
3.3196
3.4848
3.3006
3.2416
3.2125
3.2231
3.1833
3.5277
3.4037
3.4884
3.5063
3.5549
3.3738
3.3513
3.4019
3.3300
3.1331
3.1471
3.3906
3.3203
3.3832
3.2587
3.3480
3.3897
3.2954
3.1068
3.2107
3.4477
3.3571
3.4070
3.1476
3.2927
3.6054
3.5086
3.5180
3.3075
3.2971
3.1566
3.3043
3.2786
3.4026
3.2631
3.3848
3.4759
3.2910
3.7051
3.4148
3.4078
3.4194
3.5362
3.2787
3.4582
3.2713
3.3914
3.1414
3.0543
3.0401
3.3211
3.3950
3.1088
3.2517
3.2068
3.3945
3.3247
3.3337
3.2641
3.2752
3.2225
3.3117
3.2398
3.1980
3.1867
3.0372
3.1661
3.3320
3.2921
3.2468
3.2152
3.3860
3.3203
3.6220
3.1899
3.3072
3.2957
3.2301
3.2955
3.4995
3.2893
3.3660
3.2787
3.4020
3.2584
3.2021
3.1699
3.1669
3.3710
3.4680
3.6145
3.6042
3.6211
3.4960
3.5915
3.3618
3.5038
3.1852
3.3361
3.3641
3.3608
3.3662
3.3451
3.2777
3.4016
3.3763
3.3617
3.3782
3.2385
3.2750
3.3686
3.2226
3.2824
3.2096
3.2025
3.0822
3.3109
3.2579
3.4875
3.4044
3.4779
3.3131
3.2017
3.4136
3.4072
3.2929
3.3563
3.3169
3.2272
3.1811
3.0967
3.3009
3.2168
3.4779
3.2711
3.2159
3.2609
3.1231
3.2180
3.3913
3.2122
3.2872
3.2806
3.1138
3.1383
3.1357
3.2189
3.2889
3.4010
3.2371
3.3282
3.2729
3.1291
3.0618
3.1331
3.2134
3.1208
3.2874
3.1889
3.2907
3.1398
3.1571
3.4264
3.2815
3.1348
3.1320
3.1574
3.2463
3.3547
3.5427
3.5419
3.3248
3.3941
3.3817
3.1875
3.1928
3.1227
3.1806
3.3325
3.1943
3.0456
3.1563
3.0912
3.1825
3.1806
3.3456
3.1668
3.1760
3.0903
3.2725
3.0538
3.0910
3.2011
2.9876
3.2248
3.1435
3.5119
3.3463
3.2910
3.2427
3.2558
3.3705
3.2368
3.3492
2.9710
3.1298
3.1312
3.0031
3.1126
3.0086
3.0758
3.0072
3.1649
3.1058
3.1088
3.2422
3.3420
3.3156
3.5422
3.5112
3.5398
3.2061
3.2367
3.2079
3.3922
3.3819
3.2979
3.2735
3.1469
3.4452
3.4018
3.2664
3.3686
3.3156
3.2883
3.1829
3.3502
3.4619
3.7613
3.7135
3.6745
3.6258
3.6975
3.5268
3.5893
3.6474
3.5374
3.5305
3.4024
3.3603
3.7161
3.5453
3.4339
3.3676
3.4293
3.2837
3.3178
3.1216
3.1355
3.3067
3.1523
3.1448
3.1041
3.4119
3.1627
3.2327
3.3245
3.5857
3.2803
3.2261
3.2094
3.2984
3.3472
3.0933
3.4228
3.3084
3.3248
3.4156
3.3069
3.4175
3.4411
3.5704
3.6268
3.2110
3.2551
3.2571
3.2912
3.4269
3.4363
3.5068
3.5537
3.4804
3.4857
3.3907
3.3688
3.2659
3.1894
3.3580
3.1637
3.4013
3.2600
3.3142
3.3759
3.1581
3.2387
3.1822
3.3036
3.2749
3.2250
3.2545
3.0525
3.1805
3.2853
3.1073
3.1909
3.0652
3.1929
3.0539
2.9214
3.0086
3.0801
3.0023
2.9487
3.2218
3.1578
3.3956
3.3203
3.3808
3.6125
3.3458
3.3254
3.3819
3.4176
3.4709
3.3429
3.4017
3.3370
3.3684
3.3248
3.3963
3.4197
3.3267
3.2173
3.1434
3.1310
3.2479
3.4743
3.1896
3.2635
3.3756
3.1586
3.4239
3.3537
3.4874
3.4625
3.4252
3.3878
3.5011
3.4295
3.5348
3.3137
3.3012
3.3302
3.2597
3.2887
3.4628
3.4185
3.3100
3.4359
3.3268
3.5438
3.5519
3.5241
3.3646
3.5016
3.3002
3.3262
3.5513
3.1977
3.2251
3.1578
3.3369
3.3334
3.2917
3.4263
3.3224
3.3307
3.2557
3.3647
3.3534
3.2219
3.2864
3.2946
3.3241
3.4457
3.4982
3.5421
3.5744
3.3818
3.5900
3.5534
3.5853
3.5924
3.4755
3.4075
3.5280
3.5372
3.3744
3.3589
3.5023
3.4420
3.3130
3.3776
3.3197
3.3891
3.3075
3.4193
3.5907
3.2918
3.4481
3.3014
3.3907
3.4744
3.1938
3.1173
3.3096
3.0777
3.1980
3.1125
3.1926
3.2305
3.3404
3.5630
3.5063
3.6618
3.5284
3.5910
3.4255
3.3197
3.1139
3.2621
3.4299
3.3561
3.3189
3.4952
3.4662
3.5767
3.4824
3.4642
3.3552
3.4756
3.5895
3.3733
3.4731
3.3696
3.4465
3.2987
3.2944
3.1831
3.2358
3.1280
3.3066
3.4171
3.4637
3.2825
3.3201
3.1968
3.3266
3.2233
3.2700
3.2484
3.2392
3.1796
3.2289
3.1830
3.0889
3.2627
3.1914
3.2019
3.3557
3.3418
3.3767
3.3465
3.1829
2.9731
3.0884
3.0844
3.3178
3.1307
3.1597
3.0465
3.1504
3.2739
3.5121
3.1731
3.1737
3.0960
3.4030
3.0979
3.2307
3.1522
3.1362
3.2338
3.5060
3.4401
3.3846
3.3423
3.2209
3.2381
3.1713
3.3018
3.1972
3.0663
3.2146
3.2186
3.2280
3.4129
3.2647
3.3218
3.4356
3.4194
3.3042
3.4237
3.2642
3.3013
3.3066
3.2638
3.2295
3.4469
3.5149
3.3830
3.4290
3.2029
3.3512
3.3894
3.4913
3.4441
3.3147
3.5090
3.4182
3.4968
3.4800
3.4254
3.5135
3.3902
3.5260
3.6048
3.6345
3.4871
3.3817
3.3650
3.3189
3.4889
3.4889
3.6203
3.4553
3.3000
3.3360
3.4586
3.4198
3.4031
3.3195
3.4307
3.5314
3.5124
3.6470
3.6753
3.4385
3.1991
3.3724
3.3419
3.4247
3.3968
3.4476
3.1701
3.2240
3.4821
3.3444
3.2996
3.1922
3.3691
3.2766
3.4170
3.4167
3.3515
3.2744
3.4865
3.4709
3.3396
3.4625
3.4151
3.3968
3.1561
3.4473
3.5193
3.3229
3.1301
3.3050
3.4915
3.2610
3.3616
3.3255
3.4372
3.5732
3.5911
3.4756
3.3923
3.4609
3.3219
3.0986
3.2616
3.1319
3.3535
3.4174
3.4406
3.5125
3.6251
3.4611
3.4917
3.5849
3.3860
3.7971
3.5056
3.4913
3.5277
3.4822
3.4341
3.4139
3.2421
3.2663
3.3826
3.4441
3.1831
3.3726
3.1709
3.1787
3.1779
3.2957
3.2933
3.0565
3.0407
3.0640
3.3195
3.3876
3.4056
3.1483
2.9833
3.0207
3.0790
3.2886
3.3216
3.3073
3.3419
3.1723
3.4423
3.2114
3.2864
3.3103
3.2890
3.3060
3.0843
3.2076
3.1118
3.2464
3.2057
3.2195
3.2343
3.2598
3.2876
3.2944
3.3150
3.1693
3.2045
3.1958
3.2043
3.3514
3.3138
3.2906
3.4196
3.3675
3.4107
3.4420
3.4063
3.5360
3.3235
3.3675
3.3538
3.4646
3.3018
3.4373
3.3433
3.4566
3.4652
3.5773
3.4196
3.4312
3.3642
3.5054
3.3621
3.5184
3.4804
3.4603
3.5121
3.4902
3.4980
3.4922
3.5868
3.2273
3.4477
3.4646
3.5496
3.5297
3.5492
3.4755
3.4220
3.4925
3.3008
3.4926
3.4318
3.4387
3.5023
3.3997
3.2309
3.2794
3.3421
3.3531
3.3545
3.3571
3.3172
3.4591
3.4385
3.4369
3.4451
3.3983
3.4165
3.4650
3.4198
3.4744
3.4345
3.5541
3.6162
3.5249
3.4541
3.4778
3.7096
3.7684
3.6391
3.6241
3.5618
3.6788
3.7092
3.7553
3.6129
3.5291
3.7106
3.8067
3.7615
3.6772
3.7631
3.5199
3.5493
3.6381
3.4538
3.7591
3.7318
3.7457
3.7291
3.6464
3.5512
3.6065
3.8128
3.7424
3.5938
3.8103
3.7051
3.6423
3.9360
3.8362
3.8967
3.7033
3.7165
3.9078
3.7004
3.7438
3.9739
3.6187
3.6933
3.8330
3.9220
3.8079
4.0310
3.6364
3.7988
3.8590
3.7158
3.7796
3.6876
3.7992
3.6192
3.9717
3.8285
3.4878
3.5730
3.4189
3.5337
3.7529
3.3990
3.4511
3.5029
3.5716
3.4420
3.4304
3.2292
3.3466
3.4777
3.4370
3.5397
3.5169
3.5252
3.2551
3.5682
3.4672
3.5251
3.5015
3.2642
3.2515
3.2691
3.4900
3.3763
3.6776
3.3338
3.3516
3.1386
3.2838
3.3565
3.0950
3.2394
3.2874
3.2727
3.4269
3.5693
3.4849
3.5613
3.4188
3.5168
3.5808
3.6190
3.4165
3.6036
3.9243
3.6100
3.5239
3.7984
3.8973
3.7197
3.9866
3.7146
3.5295
3.7121
3.6687
3.7559
3.7329
4.1131
3.9462
3.7666
3.5540
3.4176
3.5503
3.5455
3.4531
3.6368
3.6792
3.2008
3.4066
3.6771
3.4663
3.5547
3.4388
3.3544
3.3358
3.5285
3.6385
3.4672
3.2610
3.5090
3.5442
3.4630
3.5077
3.6427
3.6723
3.7214
3.6666
3.5335
3.6010
3.6716
3.5644
3.4352
3.5413
3.7428
3.4576
3.2451
3.7433
3.5346
3.8078
3.4761
3.4123
3.3776
3.4909
3.5019
3.4612
3.4197
3.7822
3.8416
4.0897
3.7388
3.6597
3.5161
3.3990
3.4730
3.6168
3.3681
3.5041
3.4933
3.6339
3.3454
3.2582
3.0435
3.1714
3.0310
3.3019
3.3625
3.1032
3.0809
3.1499
3.1522
3.1798
3.3347
3.3349
3.1775
3.2827
3.2652
3.1073
3.1455
3.0829
3.2182
3.2302
3.2203
3.3276
3.4047
3.3837
3.3578
3.3362
3.4166
3.3787
3.3827
3.3940
3.3955
3.4302
3.3068
3.2849
3.2706
3.3300
3.1441
3.3906
3.2266
3.1279
3.2922
3.1151
3.1792
3.1863
3.3076
3.2527
3.3171
3.5056
3.2941
3.5989
3.3654
3.5295
3.6413
3.5321
3.4229
3.4946
3.3950
3.4909
3.6825
3.5021
3.3008
3.4453
3.2887
3.0451
3.1551
3.3402
3.3871
3.3267
3.4288
3.2957
3.3298
3.2591
3.1989
3.3035
3.3957
3.3683
3.3792
3.3606
3.6815
3.5914
3.8405
3.6491
4.0123
3.9293
3.7837
3.7520
3.7028
3.5933
3.6907
3.6012
3.6884
3.5294
3.3813
3.4760
3.7122
3.4159
3.2958
3.3853
3.4612
3.3513
3.4882
3.3916
3.3524
3.1661
3.0030
3.0382
3.3861
3.1666
3.4877
3.3745
3.1865
3.2569
3.3735
3.1981
3.3717
3.4598
3.2126
3.3162
3.2494
3.3686
3.6465
3.5233
3.3796
3.5228
3.7116
3.7475
3.7508
3.5781
3.7369
3.4645
3.6231
3.5572
3.4807
3.4885
3.5714
3.4134
3.1530
3.3830
3.2454
3.3463
3.3808
3.4828
3.4121
3.1709
3.4450
3.5125
3.1872
3.4816
3.3826
3.2103
3.5117
3.6816
3.8381
3.9588
3.7871
3.6375
3.6078
3.6799
3.4397
3.2741
3.8152
3.8376
3.8137
3.8637
4.1364
4.0241
3.9808
3.7662
4.0116
3.9379
3.8263
4.1641
4.0698
3.8371
3.7814
3.7507
3.7540
3.5561
3.5246
3.5879
3.8733
3.8234
4.0810
3.8349
4.0082
4.1529
4.1406
4.1815
4.0404
3.9165
3.5782
3.8376
3.9024
3.5131
3.4332
3.5753
3.7670
3.7842
4.1964
3.8556
3.9415
3.8607
3.7691
3.6943
3.5940
3.5312
3.5505
3.7011
3.7121
3.6044
3.5304
3.7334
3.5788
3.7742
3.5112
3.5703
3.7259
3.6465
3.5831
3.6291
3.6773
3.8745
3.6643
3.7847
3.5583
3.6588
3.6449
3.4827
3.6242
3.6357
3.5463
3.5687
3.6699
3.6815
3.5566
3.7773
3.4814
3.5576
3.7543
3.5461
3.8566
3.7592
3.4363
3.7864
3.8347
3.8509
3.7678
3.8302
3.7558
3.8234
3.4452
3.3315
3.3071
3.6931
3.5931
3.5999
3.4784
3.7316
3.6438
3.9140
4.1236
3.7790
3.6180
3.7031
3.8196
3.5770
3.8721
3.6755
3.7475
3.7181
3.8039
3.8656
3.9223
3.7718
3.7506
3.8910
3.6457
3.5756
3.6673
3.4017
3.3913
3.3821
3.3361
3.6610
3.5361
3.6455
3.5900
3.4885
3.6572
3.5496
3.6351
3.5164
3.4956
3.4751
3.5774
3.4846
3.6225
3.7942
3.5621
3.5726
3.6680
3.4591
3.5345
3.5724
3.6974
3.6271
3.7416
3.7550
3.9419
3.8407
3.9110
3.6174
3.6481
3.5800
3.5660
3.5827
3.5384
3.5037
3.4792
3.6466
3.6527
3.4905
3.6176
3.7703
3.6509
3.7594
3.5992
3.6434
3.6292
3.3766
3.5854
3.7463
3.6400
3.4611
3.3228
3.3736
3.4010
3.3758
3.6986
3.5726
3.5772
3.7703
3.3355
3.4602
3.4602
3.6455
3.4866
3.4444
3.3729
3.4693
3.4466
3.3876
3.4257
3.5639
3.5297
3.6979
3.6358
3.7258
3.5650
3.5524
3.6047
3.8378
3.5686
3.6631
3.5452
3.7676
3.6072
3.9181
3.6111
3.4932
3.4570
3.5001
3.3938
3.5595
3.5938
3.4380
3.4666
3.4159
3.3512
3.3984
3.4348
3.3920
3.3746
3.4071
3.2818
3.2784
3.2568
3.1804
3.2818
3.0600
3.1351
3.3760
3.3853
3.3202
3.3583
3.0873
3.1596
3.2234
3.1038
3.1119
3.1268
3.1718
3.1188
3.0938
3.1122
3.2079
3.0974
3.0935
3.2338
3.1945
3.2216
3.1517
3.0543
3.0326
2.9794
3.1289
3.0413
3.0702
3.0169
2.9398
3.1288
3.1567
3.3227
3.4202
3.2545
3.1860
3.1107
3.1924
3.2342
3.1001
3.2604
3.1440
3.0504
3.3811
3.2290
3.1244
3.2524
3.3746
3.2573
3.4313
3.1599
3.2378
3.1687
3.1233
3.1216
3.1112
3.1641
3.2677
3.1907
3.2186
3.1818
3.1637
3.1411
2.9629
3.2302
3.1658
3.2941
3.2369
3.1856
3.2776
3.3742
3.3054
3.2756
3.4375
3.4072
3.5271
3.2897
3.2674
3.2565
3.2846
3.2704
3.2594
3.1171
3.1324
3.2760
3.2020
3.3300
3.4478
3.5942
3.3677
3.6075
3.3256
3.5817
3.5174
3.3830
3.3349
3.3276
3.2643
3.2855
3.3572
3.2223
3.3220
3.3740
3.2688
3.6051
3.5102
3.2849
3.5042
3.3073
3.5089
3.4642
3.3739
3.3679
3.5587
3.5287
3.3859
3.4923
3.3099
3.3073
3.4908
3.4860
3.3950
3.4323
3.3185
3.4296
3.2103
3.4319
3.3159
3.1819
3.3239
3.3084
3.1598
3.3176
3.1967
3.4375
3.4179
3.3149
3.2383
3.3445
3.3562
3.3368
3.3994
3.4970
3.4392
3.3561
3.3208
3.3817
3.3739
3.2431
3.1832
3.0535
3.1238
3.1768
3.2180
3.1760
3.2053
3.3298
3.2229
3.0587
3.3885
3.3782
3.4278
3.5133
3.4540
3.2923
3.2917
3.3575
3.1786
3.2804
3.3014
3.3904
3.4639
3.4329
3.5173
3.2590
3.4352
3.5208
3.4661
3.3135
3.3371
3.3813
3.1753
3.3320
3.2767
3.4600
3.4852
3.1967
3.3189
3.2784
3.3612
3.2869
3.2401
3.4119
3.4330
3.1842
3.0871
3.2236
3.2729
3.3588
3.3614
3.4718
3.3908
3.3507
3.4050
3.1274
3.2906
3.3590
3.1866
2.9283
3.0610
3.0200
3.3158
3.4552
3.6742
3.4174
3.1955
3.3914
3.4568
3.6691
3.4112
3.6015
3.4046
3.5271
3.3759
3.4827
3.6654
3.7840
3.6779
3.4743
3.6628
3.7617
3.7245
3.5851
3.7545
3.6845
3.9060
3.7571
3.9241
3.9376
3.6917
3.5403
3.7837
3.3916
3.3199
3.3841
3.3157
3.4614
3.3283
3.3164
3.5629
3.4695
3.6095
3.4901
3.5270
3.4753
3.6053
3.8550
3.9201
3.9670
3.9874
4.0312
3.6582
3.5238
3.5588
3.2595
3.5058
3.8606
3.8395
3.7292
3.7405
3.6095
3.4760
3.6180
3.4215
3.2487
3.4309
3.4148
3.5425
3.8084
3.6390
3.6458
3.6915
3.5766
3.4699
3.5460
3.6333
3.5710
3.5749
3.6421
3.5388
3.4094
3.2188
3.2768
3.5028
3.4670
3.4188
3.1220
3.3694
3.2551
3.3051
3.2990
3.2697
3.0907
3.3988
3.0414
3.1207
3.2540
3.2218
3.1771
3.1626
3.3720
3.1744
3.3136
3.3763
3.4640
3.4247
3.4791
3.3569
3.3355
3.2736
3.2567
3.1711
3.0180
3.1302
3.0891
3.1452
3.0847
2.8833
2.9756
2.9116
2.9205
3.0546
3.0073
3.1582
2.8671
3.0532
3.0879
2.9510
3.1471
2.8469
3.0472
3.0729
2.9901
3.0063
2.9266
2.9619
2.9584
3.1469
3.2106
3.0377
3.0000
2.8160
3.0451
3.1282
3.1708
3.1686
3.2301
3.1442
3.0475
3.1175
3.1069
3.1205
3.1366
3.1198
3.0751
3.0704
3.1319
3.1830
3.1453
3.2266
3.1123
3.1489
3.0519
3.0995
3.3421
3.2357
3.1741
3.1869
3.1574
3.2566
3.3085
3.2010
3.3988
3.1947
3.1473
3.2233
3.2455
3.1906
3.1711
3.4048
3.3539
3.3131
3.3554
3.4860
3.4368
3.4979
3.5147
3.6560
3.5052
3.7787
3.9692
4.0440
4.0014
3.9821
4.0403
4.0767
4.0221
4.0104
3.9348
4.0322
4.0480
4.0821
4.1690
4.0864
4.3647
3.9395
4.0728
4.2056
4.2007
4.1525
4.1769
4.0730
4.1499
4.2663
4.0976
4.3018
4.4350
4.1990
4.1757
4.1636
4.2551
4.2303
4.0383
3.9843
3.7245
3.9451
3.8579
4.0375
4.1402
4.0344
4.0495
4.2702
4.1638
4.1951
4.1720
4.4982
4.5178
4.0120
4.1575
4.0204
4.0455
3.9426
4.0352
3.9509
4.2574
4.1049
4.2186
4.1848
4.1979
4.1291
4.2836
4.5267
4.4553
4.0870
4.2268
4.2650
4.3578
4.5473
4.6131
4.4454
4.7298
4.6947
4.5007
4.2988
4.2295
4.0347
3.9762
4.0590
4.0231
3.9422
4.1560
3.9752
4.5399
4.2598
4.1262
4.3299
4.3413
4.2832
4.3055
4.1959
4.1385
4.1272
4.0155
4.0583
4.1302
4.1939
4.0679
3.9701
4.0798
4.1722
3.9975
4.1928
4.2109
4.0665
4.0730
4.2695
4.3974
4.6196
4.4661
4.5569
4.4815
4.3899
4.1334
3.9639
4.3261
4.4022
4.2473
4.4867
4.4891
4.4610
4.2109
4.2612
4.1554
4.3705
4.3508
4.2774
4.4444
4.2576
4.1504
4.3075
4.1534
3.9494
3.8695
3.6490
3.7921
3.9911
3.9836
4.3637
4.4548
4.2485
4.1163
4.3613
4.1945
4.3041
4.0168
3.8910
3.5436
3.5211
3.5560
3.7698
3.6289
3.6767
4.1468
3.9371
4.1750
4.0534
4.1549
4.0610
4.1799
4.0101
3.9408
3.7704
3.7710
3.8006
4.2182
4.0089
3.7875
3.6338
3.4596
3.5695
3.8174
3.8424
3.5782
3.6000
3.9005
3.8594
3.7498
3.6570
3.6487
3.7555
3.5808
3.5902
3.5663
3.6202
3.7554
4.0228
3.9008
3.9453
3.9781
3.8529
3.7698
3.7400
3.6529
3.5636
3.4329
3.5586
3.5115
3.5611
3.5028
3.5176
3.5163
3.9345
4.1191
3.9068
3.5961
3.4149
3.2810
3.4152
3.3193
3.5620
3.8461
3.6766
3.6977
3.6724
3.4322
3.9166
3.7200
3.4922
3.5263
3.3500
3.6891
3.8355
3.9581
3.8234
3.7105
3.9065
4.2444
4.3102
4.0059
4.2144
4.1014
4.1462
4.2448
4.1010
3.6426
3.8847
4.0190
4.0642
3.9284
3.7419
4.0850
4.2419
3.9509
4.0838
3.9864
4.1936
4.3215
4.4647
4.3090
4.2529
4.5528
4.2907
4.3328
4.0664
4.0886
4.0320
3.7130
3.7996
3.7957
4.1742
4.2243
4.3609
4.3392
4.0495
4.1689
4.1891
3.9636
4.0372
3.9939
4.4380
4.1727
4.3345
4.2279
4.2338
4.2940
4.2689
4.1045
4.4679
4.1916
4.1249
4.2698
4.6499
4.5791
4.2242
4.1150
4.3284
4.0343
4.0646
3.9500
3.8892
3.8716
3.7743
3.9182
3.9547
4.1243
3.9320
4.4182
4.3508
4.1394
4.2416
4.3911
4.3972
4.6531
4.4609
4.5640
4.5215
4.6493
4.5445
4.2694
4.4963
4.5180
4.7544
4.7696
4.7289
4.6177
4.6489
4.5629
4.6082
4.4514
4.2956
4.5674
4.5717
4.7125
4.8002
4.4545
4.4154
4.4771
4.4860
4.2409
4.3187
4.3161
4.2234
4.2058
4.5509
4.4800
4.4802
4.5330
4.1336
4.6263
4.6797
4.4341
4.4931
4.3321
4.3356
4.4249
4.6194
4.7390
4.9553
4.3815
4.4164
4.3885
4.5122
4.2779
4.1350
4.0821
4.2345
4.1595
4.1073
4.2579
4.2735
4.4111
4.4782
4.6084
4.3509
4.5736
4.6277
4.3562
4.3419
4.3765
4.5884
5.0313
4.6801
4.6962
4.4583
4.1724
4.0340
4.0521
4.2961
4.2754
4.0767
4.3977
4.1579
4.0612
4.0499
4.2227
3.9211
3.9655
4.1477
4.0707
4.0240
4.0900
4.0877
4.1376
4.1343
4.4249
4.1738
4.1473
4.0896
4.1670
3.9786
4.1822
4.1442
4.0782
4.0877
4.5114
4.7102
4.7496
4.8975
4.8258
5.0043
5.0130
4.8003
4.8445
5.0434
4.9325
4.6393
4.4539
4.4512
4.4162
4.4365
4.5514
4.2673
4.5373
4.3608
4.3550
4.5156
4.3143
4.3676
4.2673
4.5878
4.2377
3.8102
4.1819
4.2069
4.3441
4.3646
4.2170
4.0450
4.3182
4.2638
4.5742
4.4342
4.3263
4.2544
4.3704
4.1911
4.1492
4.3038
4.2496
4.4546
4.7151
4.4367
4.5356
4.0585
4.1794
4.1427
4.1009
4.2954
4.3553
4.1103
4.4333
4.3049
4.1644
4.4938
4.4453
4.4181
4.4509
4.4900
4.6779
4.5897
4.6744
4.6765
4.6118
4.5480
4.5528
4.3357
4.7281
4.3382
4.4111
4.1353
4.3225
4.2461
4.2808
4.0832
4.0926
4.1372
4.1347
4.0642
4.0035
4.1000
4.0112
4.0967
4.0354
3.8928
3.9328
3.9386
4.2911
4.0154
4.1736
4.0579
4.1891
4.0632
4.0157
4.1457
3.8201
4.0360
4.0819
4.2276
4.2665
4.2954
4.3956
4.2618
4.4741
4.3702
4.1205
4.2680
3.9725
3.9603
3.9021
4.3846
4.0429
4.1687
3.9418
4.0336
4.0264
3.9924
3.8726
4.1862
4.1455
4.0073
4.2156
4.3510
4.2166
4.0882
4.0868
4.3421
4.2115
4.0288
4.1504
4.2200
4.2453
4.0697
4.1888
4.0394
3.6800
3.7427
3.9598
4.0705
4.1415
4.3467
3.9473
4.1252
3.7532
3.9029
4.1127
3.7896
3.8503
3.9394
4.1805
4.5221
4.3988
4.2828
4.1768
4.2725
4.0550
4.1027
4.0868
4.3591
4.2534
3.8984
4.0391
4.0262
4.0476
4.1147
4.2803
4.1366
4.5270
4.5098
4.6790
4.5521
4.2949
4.3006
4.1714
4.0433
4.3632
4.3199
4.1253
4.1023
3.9180
4.1679
3.9597
4.4120
4.5802
4.3326
4.5595
4.6934
4.5921
4.8165
4.4845
4.2504
4.1866
3.9278
4.2763
4.2401
4.1633
4.1526
4.3311
4.4273
4.2677
4.3183
4.2838
4.1168
4.1152
3.9579
3.8697
4.1017
4.2620
4.3631
4.3512
4.5644
4.1823
4.4301
4.3800
4.2587
4.1950
4.4977
4.3814
4.4212
4.3480
4.3927
4.6821
4.6320
4.4873
4.6870
4.8051
4.6421
4.7377
4.7503
4.5907
4.3754
4.5527
4.4207
4.4852
5.0484
4.9619
4.9456
4.7227
4.8915
4.6450
4.6025
4.2636
4.4414
4.1459
4.3597
4.4248
4.7034
4.4251
4.2306
4.3569
4.5101
4.5966
4.7182
4.5015
4.5056
4.3192
4.9180
4.7492
4.6206
4.7656
4.5678
4.5740
4.7735
4.3345
4.4995
4.6717
4.3439
4.3602
4.5742
4.7406
4.7448
4.6328
4.4767
4.3639
4.2899
4.0772
4.1336
4.2241
4.5595
4.3358
4.2730
4.1442
4.3162
4.3893
4.5771
4.5748
4.3634
4.3192
4.3129
4.2239
4.0931
3.6248
3.5977
3.7228
3.6169
3.7201
3.7270
3.5528
3.6134
3.5859
3.6968
4.0025
3.9433
4.1211
4.1262
3.7638
3.7421
3.9476
4.2324
3.9572
3.8409
3.9472
3.9835
3.9096
4.0854
4.3043
4.3044
4.4167
4.3049
4.2169
4.2343
4.1701
3.8075
3.8910
3.7981
3.8064
3.8739
4.0088
4.0218
3.6902
3.9115
3.7896
3.7784
3.7156
3.5747
3.6143
3.7769
3.9286
3.9226
4.2144
3.7334
3.7537
3.7588
3.9760
3.6893
3.6916
3.8205
4.0202
3.6347
3.5376
3.4863
3.6342
3.8245
3.7841
4.0309
3.8007
3.9700
3.8618
3.8170
4.0553
4.0212
3.6174
3.6842
3.5803
3.6468
3.7873
3.9148
3.8480
3.9435
4.1349
4.1135
4.0282
4.0461
3.8292
3.8372
3.6849
3.7881
3.9863
3.8760
3.7330
3.8061
4.0386
3.8303
3.7400
4.1004
4.1205
3.9757
4.2608
3.9959
4.1922
3.8929
4.0061
3.9131
3.6681
3.5569
3.5602
3.4864
3.6083
3.6936
3.6781
3.8100
3.9140
3.9175
3.9514
3.9989
3.9745
3.9871
3.8552
4.0530
4.0390
3.7546
3.6514
3.5925
3.5873
3.3503
3.2859
3.1460
3.2424
3.3263
3.3913
3.6035
3.3455
3.4061
3.4223
3.5419
3.4990
3.6076
3.8291
3.7903
3.7719
3.6411
3.8155
3.5702
3.7018
3.8615
3.8501
3.8834
4.0111
3.7283
3.7059
4.0065
3.9067
3.8811
3.8014
3.8904
4.2299
4.0715
4.1759
4.2280
4.0642
3.8709
3.8660
4.3919
4.1887
3.9832
4.1145
3.9961
3.8447
3.9960
3.8898
3.5414
3.9540
4.0564
4.0480
4.1203
4.0620
4.0975
3.9900
3.8914
3.9382
3.9573
4.0224
4.1628
4.1773
4.0932
4.2489
4.0824
3.9506
3.9633
4.1551
4.0333
3.8226
3.9320
4.0013
4.0242
3.9612
4.0106
4.0643
4.0913
4.1157
4.2064
3.9546
4.2630
4.0998
4.2435
4.0047
4.1997
4.1953
4.1646
4.0532
4.2298
4.1039
4.2212
4.0713
4.0113
3.9678
3.5478
3.5658
3.5874
3.5601
3.6688
3.7108
3.6072
3.6251
3.8243
3.8276
4.1135
4.2699
4.1588
4.2042
4.2638
4.2012
4.2715
4.2235
3.9248
4.0138
3.8453
3.9269
3.9720
4.0704
4.1741
3.8894
4.0526
4.3676
4.1523
4.2702
4.5816
4.4267
4.4927
4.1298
4.1573
4.2481
4.2211
4.2333
4.5462
4.3675
4.5887
4.3151
4.4263
4.1122
4.1313
4.0318
3.9540
4.1335
3.8623
3.9503
4.1926
4.3215
4.2760
4.2701
4.1136
3.9807
4.0051
4.1159
3.7973
4.0141
4.0117
3.8831
3.9694
3.9864
4.0130
4.1956
4.4446
4.5496
4.1250
4.2634
4.1348
4.0668
4.0324
3.9325
4.0442
4.2032
4.1449
3.9844
4.0862
4.1192
4.0207
3.8291
3.9506
3.8894
4.2199
4.2752
4.0442
4.0360
4.0814
4.1385
4.1830
4.2223
4.2324
4.4558
4.7056
4.2574
4.0709
4.0213
3.9695
3.9787
4.2723
4.0221
4.0227
3.9413
4.0221
4.0108
3.8991
3.9181
3.8800
4.0452
3.8264
3.9067
3.9931
3.9448
4.1114
4.0013
4.0667
4.2460
4.3566
4.3197
4.1306
4.1462
4.0666
4.1192
4.4153
4.4688
4.3462
4.2438
4.0041
4.0275
4.0431
3.9644
3.9150
3.9968
4.0903
4.0684
3.9900
3.9565
3.9836
4.0454
3.8395
3.6432
3.8074
3.8380
3.8565
3.9556
4.1509
3.9752
4.3131
4.1064
4.2885
4.2987
4.2663
4.2138
3.9351
4.0810
4.1938
3.9284
3.9774
4.2688
4.2085
4.3538
4.4095
4.1844
4.1725
4.0385
4.0683
4.0090
3.9863
3.9243
4.0078
4.0391
4.0151
4.1193
4.1784
4.0289
3.9799
4.3739
4.1048
4.2756
4.4414
3.9711
4.1933
4.2708
4.1067
4.3269
4.3028
4.2571
4.1790
4.2452
4.5186
4.7085
4.3577
4.3685
4.0999
4.0234
3.9496
4.2833
4.4300
4.3420
4.2884
4.0326
4.3337
4.1461
4.1217
4.0012
4.1875
4.0612
4.1774
4.1375
3.8906
3.9450
3.8960
3.8136
3.7300
3.7858
3.7462
3.6874
3.7214
3.7007
3.6753
3.9777
3.7029
3.7435
3.7411
3.5913
3.6606
3.7492
3.5182
3.4986
3.6027
3.5013
3.6061
3.4476
3.3503
3.4362
3.3519
3.3335
3.3710
3.2629
3.2452
3.4402
3.3345
3.4687
3.5289
3.6078
3.4156
3.5592
3.4346
3.5019
3.6014
3.6859
3.5296
3.7347
3.7154
3.5502
3.5450
3.4095
3.5948
3.7769
3.5821
3.6929
3.5345
3.5677
3.5052
3.6418
3.4936
3.4390
3.5747
3.5161
3.5953
3.5482
3.3047
3.3999
3.5737
3.5111
3.5204
3.6316
3.6228
3.4935
3.6164
3.5308
3.6884
3.7358
3.5596
3.5074
3.3636
3.4556
3.5513
3.5140
3.5544
3.5053
3.4895
3.4040
3.3718
3.5663
3.5983
3.4399
3.6115
3.6252
3.5076
3.4934
3.4091
3.5178
3.8629
3.7962
3.4733
3.5341
3.4912
3.5384
3.4377
3.7041
3.4645
3.5298
3.6225
3.6158
3.5008
3.4552
3.8141
3.8685
3.7844
3.8450
3.6289
3.7635
3.7215
4.0877
3.7764
3.7434
3.6945
3.8950
4.0781
4.0609
3.8212
3.6083
3.6454
3.5922
3.5364
3.5598
3.4270
3.4847
3.4373
3.5445
3.4944
3.5478
3.5786
3.3945
3.4229
3.4483
3.2044
3.4361
3.5882
3.5533
3.7349
3.8202
3.7559
3.7669
3.7478
3.8725
3.8277
3.7049
3.9923
3.9024
3.6783
3.7346
3.6806
3.7601
3.9230
3.7959
3.9186
3.9365
3.9144
3.9190
3.8728
3.9503
4.0540
4.0288
3.9392
3.8917
4.0385
4.1368
4.3612
4.4580
4.6821
4.2631
4.3987
4.1497
4.1167
4.0090
3.9933
3.9872
3.8688
3.6683
3.5318
3.5721
3.7401
3.7959
3.6691
3.7237
4.0586
3.9678
3.7588
3.8875
3.9111
4.1901
3.9540
3.9856
4.2779
4.1051
3.8300
3.7314
3.9998
4.2229
4.1835
4.0021
4.6454
4.5737
4.3983
4.3682
4.4518
4.4713
4.2280
4.3956
4.0684
4.0952
3.7368
3.8758
3.7570
3.8427
4.0070
3.8987
3.8808
4.0087
3.7460
3.9317
3.7944
3.8667
3.9623
3.9927
3.7951
3.9991
3.9001
4.0521
3.7981
3.9027
3.9504
3.7730
3.8867
4.0273
4.0714
4.1493
3.9636
3.8605
3.6334
3.7015
3.5681
3.6586
3.7121
3.5295
3.7141
3.6097
3.7260
3.8550
4.0442
3.9165
4.2157
4.2934
4.4044
4.3424
4.2645
4.3152
4.3935
4.1911
4.2042
4.2979
4.4301
3.9197
3.9735
4.1602
4.4871
4.3415
4.3564
4.0800
4.4712
4.4415
4.3589
4.2264
4.0974
4.1304
3.8993
3.9809
4.2356
3.9285
3.7379
3.9377
3.6297
3.8315
3.7942
3.9207
4.1866
3.9361
4.0914
3.9973
3.9209
3.9170
4.0067
3.9589
4.0884
4.1888
4.1626
4.3419
4.3254
4.2034
4.3911
4.2200
4.0201
4.0274
4.0860
4.2005
3.9571
3.9353
3.8400
3.8993
4.0888
4.0477
3.9769
4.2660
3.9525
3.9937
4.0400
3.7743
4.0155
4.1737
4.1739
4.1747
4.0078
4.1268
4.2844
3.7764
4.0791
3.9430
4.4233
4.0256
4.3452
4.4935
4.4496
4.3594
4.4545
4.6174
4.5356
4.4415
4.0156
4.1222
4.3236
4.6988
4.2598
4.5248
4.3993
4.2977
4.3887
4.1633
4.0979
4.1980
4.2312
4.0289
4.1104
4.2278
4.0269
3.9582
3.6506
3.7405
4.0133
4.1627
3.9538
3.9272
3.6354
3.7283
3.7195
3.7016
3.9511
3.7604
3.7467
3.7607
3.6030
3.5633
3.6639
3.8453
3.8232
3.6099
3.5807
3.8680
3.6461
3.9278
4.1486
3.8663
3.8427
3.7352
3.9257
3.5269
3.6874
3.9047
3.7942
3.9179
3.8932
3.9099
3.6466
3.6970
3.6731
3.8064
3.6278
3.7742
3.8025
3.9773
3.8580
3.8282
3.6599
3.8778
3.5885
3.7208
3.6060
3.7078
3.8199
3.7364
3.5805
3.6537
3.7940
4.0225
3.8083
3.7919
4.0311
4.2123
3.9129
4.0971
4.2153
4.0241
4.0027
4.1865
4.1086
4.2443
4.1888
3.9507
4.1857
4.0539
3.9378
4.0437
4.1502
4.3540
4.2335
4.0820
4.2112
4.0163
4.1053
4.2494
4.2982
4.0309
4.2411
3.9788
3.9714
4.2522
4.0188
4.0713
4.1816
4.1888
4.1893
4.1132
4.1724
4.1876
4.1198
3.9568
3.9446
4.0715
3.9048
3.9083
3.8324
4.0248
4.1638
4.0402
3.8075
3.9983
3.9427
3.9679
3.9788
3.9229
3.9915
3.8882
3.7617
3.8173
3.7779
3.6001
3.6639
3.9052
3.8527
3.6580
3.9760
3.7467
3.9387
4.0134
4.1100
3.9784
3.8078
3.9707
3.7603
4.0340
3.8068
3.8297
3.8413
3.9768
3.5921
3.8113
3.7177
3.3518
3.8401
3.6688
3.8025
3.7541
3.7195
3.6061
3.5430
3.5649
3.4857
3.5543
3.8200
3.9132
3.9565
3.9436
4.1467
4.0401
3.9476
3.9665
4.1494
4.0379
4.2797
4.2309
4.0697
4.0959
4.0531
3.7405
3.9077
3.7582
3.6331
3.7743
3.8321
3.5727
3.5228
3.8610
4.0561
4.0206
4.1236
4.0905
4.2216
4.2457
4.1406
4.2841
4.1994
3.9857
4.0454
4.0549
4.1107
4.1278
4.0378
4.0718
4.1112
4.4073
4.1955
3.9525
4.1148
4.1237
3.9484
4.0067
4.0109
4.0425
4.0063
4.0366
4.0376
4.2236
4.2412
4.1798
4.2759
4.3860
4.4797
4.4752
4.7087
4.7087
4.7524
4.7434
4.4574
4.4750
4.3212
4.4935
4.6632
4.4748
4.4393
4.4162
4.5281
4.2680
4.1779
4.5492
4.5064
4.4472
4.3408
4.5443
4.6149
4.8459
4.5256
4.5478
4.5394
4.6640
4.7160
4.5481
4.3734
4.4748
4.3228
4.4270
4.2490
3.9964
4.2687
4.1187
4.2868
4.3365
3.9978
4.2492
4.2551
4.1793
4.2113
3.8601
4.0981
3.7024
3.9063
4.1671
4.0994
3.9083
4.1315
3.9353
3.7906
4.0324
3.8565
3.8253
3.8127
3.7575
3.7212
3.8709
3.8660
3.9393
3.8617
3.8124
4.0790
3.8527
3.7231
3.6578
3.7602
3.7236
3.6987
3.5168
3.7835
3.8316
3.8770
3.6502
3.7958
3.6919
3.4888
3.5478
3.5018
3.4734
3.7034
3.7492
3.5687
3.5622
3.5028
3.7059
3.4186
3.4298
3.3882
3.5756
3.5806
3.4600
3.6395
3.8388
3.5874
3.7845
3.6256
3.7730
3.7086
3.5791
3.7864
3.8724
3.4830
3.5177
3.5331
3.4671
3.5929
3.6448
3.8816
3.7817
3.8313
3.9511
3.4975
3.8349
3.8157
3.9340
3.7874
4.0267
3.8889
3.7361
3.5907
3.6962
3.9529
4.1726
4.3706
4.1993
4.4786
4.2145
3.8694
3.9068
4.1708
3.7830
4.0235
4.0895
4.0629
4.5278
4.4089
4.1670
4.1272
4.1225
4.1511
3.9167
3.9132
3.9034
4.0317
4.0171
3.7294
3.9602
3.8708
3.9634
4.2764
4.2362
3.9740
3.9575
3.6668
3.7729
3.7964
3.6420
3.7335
3.7648
3.5561
3.8470
3.9046
3.8474
3.7316
3.8977
3.6612
3.7143
3.6801
3.8483
3.9099
3.4829
3.9719
3.7656
3.6545
3.6868
3.7180
3.6974
3.7776
3.7743
4.0811
3.9741
3.8741
3.6490
3.8080
3.6849
3.9347
3.8993
3.7081
3.7707
3.5896
3.6780
3.7652
3.6532
3.6792
3.6045
3.6239
3.6255
3.6265
3.5920
3.5421
3.5210
3.6271
3.6546
3.8733
3.8895
3.7059
3.6846
3.3707
3.6052
3.6996
3.5608
3.5069
3.4260
3.5687
3.5319
3.5470
3.7743
3.5482
3.5488
3.6602
3.6304
3.4703
3.5495
3.8049
3.7510
3.5534
3.6299
3.7252
3.5479
3.7242
3.7870
3.5827
3.4741
3.6411
3.7749
3.8396
3.9459
3.8675
3.7778
3.6974
3.8285
3.4756
3.5136
3.7278
3.7157
3.6734
3.5772
3.6336
3.5414
3.4235
3.7835
3.5829
3.5723
3.4863
3.5548
3.7083
3.6448
3.6654
3.7930
3.6951
3.8509
3.8221
3.9969
3.8356
3.7691
3.6895
3.9447
3.9031
3.9907
4.0018
4.0391
4.0083
3.6392
3.6817
3.8871
3.7275
3.7453
3.7164
3.7174
3.8265
3.7426
3.3979
3.7477
3.8898
3.5571
3.5522
3.7380
3.8275
3.7748
3.7980
3.7822
3.8608
3.8454
3.7405
3.8045
3.8029
3.6718
3.6192
3.7915
3.7812
3.7181
3.7114
3.5999
3.7128
3.7759
3.6712
3.8079
3.8462
3.7238
3.8827
3.7757
3.7129
3.8240
3.6848
3.6749
3.7296
3.4815
3.5081
3.6040
3.8359
3.7937
3.9945
4.0340
3.9209
3.7386
3.8382
3.7423
3.8555
3.7357
3.8815
3.7925
3.8219
3.8940
3.9928
3.9245
3.5139
3.7882
3.7260
3.7167
3.9428
3.9344
4.1697
3.9898
4.0137
3.9184
3.8789
4.1072
3.9267
3.7452
3.8200
3.6369
3.6103
3.8528
3.8890
3.4640
3.6951
3.6815
3.9200
3.8142
3.6986
3.8062
3.6712
3.8178
3.7484
3.6157
3.6934
3.8380
3.7620
3.8518
3.7969
3.8428
4.2802
4.0624
3.9878
3.9839
3.8252
3.9007
4.0660
4.1169
4.2266
3.9509
3.7794
3.7527
3.6544
3.9146
3.8069
3.7636
3.8258
3.7378
3.8995
3.7032
3.8478
3.6758
3.7336
3.5927
3.8219
3.6746
3.8568
3.7433
3.7083
3.8211
3.6405
3.4046
3.3269
3.5263
3.8008
3.6713
3.6957
3.9345
3.9695
3.7756
3.8589
3.6542
3.4661
3.6784
3.5760
3.7620
3.8538
3.7103
3.7774
3.9162
3.5705
3.6265
3.5218
3.7552
3.7890
3.7488
3.5139
3.6255
3.7284
3.8655
3.8336
4.0217
3.8623
3.8724
3.7126
3.6053
3.5934
3.6117
3.6189
3.8911
3.7163
3.5496
3.6216
3.6647
3.6629
3.5407
3.7264
3.6596
3.4225
3.6433
3.5842
3.6545
3.6879
3.7194
3.6145
3.3302
3.7881
3.7516
3.6268
3.5567
3.9100
3.5370
3.5629
3.5716
3.4790
3.8210
3.6509
3.6375
3.7393
3.8273
3.6990
3.7138
3.7776
3.3833
3.5901
3.5296
3.6811
3.5375
3.6445
3.4240
3.5674
3.6114
3.4748
3.6652
3.5396
3.4077
3.4948
3.6379
3.7210
3.5051
3.4970
3.8170
3.9164
3.7191
3.7264
3.4659
3.6262
3.5626
3.5369
3.5658
3.4432
3.5189
3.6733
3.5930
3.5932
3.6924
3.7309
3.7422
3.6355
3.6079
3.6430
3.6426
3.5397
3.4033
3.4188
3.5113
3.6698
3.3460
3.3249
3.3568
3.6798
3.5744
3.5736
3.5661
3.5432
3.4405
3.5601
3.2761
3.7846
3.6539
3.8204
3.7608
3.8526
3.5440
3.5034
3.2493
3.2440
3.5061
3.3950
3.6034
3.5064
3.2989
3.3871
3.2945
3.3971
3.1037
3.4331
3.1463
3.2921
3.2247
3.1420
3.4186
3.4039
3.2778
3.3124
3.1915
3.2186
3.2412
3.2228
3.3621
3.3386
3.3132
3.1184
3.2917
3.5077
3.4702
3.3516
3.5073
3.5016
3.3096
3.4566
3.1901
3.3263
3.3770
3.5884
3.4626
3.3126
3.3549
3.4391
3.5335
3.4623
3.5425
3.5314
3.3230
3.3874
3.4585
3.3721
3.5788
3.4278
3.6497
3.4849
3.6013
3.6061
3.3581
3.4800
3.6987
3.6772
3.6988
3.6469
3.5565
3.6856
3.5774
3.5820
3.6617
3.5799
3.4955
3.6529
3.8701
3.6838
3.5337
3.5306
3.7366
3.7508
3.6997
3.7710
3.9229
3.6576
3.6342
3.7318
3.6385
3.6657
3.6491
3.4866
3.7185
3.7011
3.5517
3.6749
3.5385
3.3194
3.3173
3.4081
3.3755
3.1667
3.3618
3.2120
3.2623
3.1377
3.3416
3.3133
3.2732
3.3189
3.3878
3.4822
3.5777
3.5740
3.3605
3.3560
3.4137
3.4167
3.5691
3.4331
3.4819
3.4401
3.5986
3.3856
3.5833
3.5520
3.7642
3.7841
3.4959
3.8493
3.6631
3.5577
3.5925
3.7151
3.6557
3.8044
3.8930
3.7144
3.7934
3.7495
3.7925
3.8704
3.8179
3.7466
3.8656
3.6619
3.8117
3.9275
4.0084
3.8914
4.0761
4.0064
4.0205
3.7755
3.9850
3.7600
3.9324
4.0349
4.2650
4.0233
3.9285
3.9191
4.0349
4.2725
4.0650
4.0869
3.9997
3.9560
4.0493
4.0443
3.8625
4.0339
3.9816
3.8898
3.6773
3.6163
3.8077
3.8022
3.7007
3.8741
3.8055
3.7218
3.9291
3.9542
3.8033
4.0088
3.9853
4.1295
3.9693
3.8364
3.8655
3.9529
4.1009
3.9886
4.1064
4.0074
4.0513
3.8898
4.0113
4.0272
3.8939
3.7045
3.8453
3.9987
4.0498
4.0779
3.9858
3.9399
3.8502
3.9001
3.9110
3.9825
4.0282
4.1796
3.9967
3.8093
3.8895
3.8965
3.8750
3.5591
3.6385
3.7093
3.5985
3.7010
3.8576
3.7209
3.7114
3.5827
3.7296
3.7254
3.8914
3.6665
3.7769
4.0403
3.8708
3.8575
3.6805
3.7262
3.6578
3.7775
3.6227
3.6888
3.4376
3.6712
3.8341
3.5417
3.7144
3.8572
3.6499
3.8962
4.0319
3.9234
3.8755
3.8773
3.9993
3.8582
3.9434
3.7655
3.8482
4.0014
3.9237
3.9610
4.0856
3.9709
3.7952
3.8339
3.9472
4.0159
4.0224
3.8433
3.6657
3.6853
3.8338
3.8162
3.7707
3.7166
3.6328
3.6835
3.7346
3.6105
3.6699
3.7913
3.9692
3.8656
3.9027
3.8827
3.7164
3.7345
3.9141
4.0916
4.0933
4.0926
4.0796
3.9719
4.0194
3.9772
4.0020
3.8031
3.5958
3.6398
3.6292
3.4446
3.3973
3.5402
3.6329
3.6860
3.8688
3.7613
3.6461
3.7362
3.7844
3.7679
3.4244
3.4480
3.6069
3.5338
3.5583
3.4768
3.6055
3.5729
3.5968
3.5942
3.5909
3.6876
3.9108
3.9136
3.9866
3.9664
3.6589
3.9015
3.8547
3.8159
3.9531
3.9564
3.7757
3.8715
3.7190
3.8801
3.6852
3.8370
3.7749
3.7783
3.8908
3.9747
3.9544
3.7283
3.7852
3.9587
3.7864
3.7200
3.9229
3.9921
4.1816
4.3258
3.9278
4.0483
4.0981
4.1786
4.2472
3.9878
4.0291
4.3224
4.4431
4.3933
4.3471
4.0231
4.1102
4.1011
4.2029
4.0432
4.3948
4.3023
4.2674
4.0197
4.2471
4.3229
4.3106
4.3959
4.4751
4.3956
4.2298
4.1774
4.2656
4.2931
4.5650
4.3476
4.2717
4.2517
4.0946
4.1007
4.2089
4.2605
4.4714
4.2613
4.0107
4.2345
4.1340
4.3842
4.3332
4.2498
3.9103
4.0054
4.0613
4.2577
4.2012
4.1280
4.1456
3.9576
3.8507
4.0281
3.7580
3.7922
3.8782
4.0063
3.8825
3.9711
4.2163
4.1607
4.2996
4.2451
4.2731
4.1787
4.1606
4.2763
4.3286
4.0725
4.2070
4.2528
4.1359
4.2895
4.3144
4.3799
4.2103
4.2444
4.1723
4.1379
4.1992
4.3372
4.0421
3.8934
4.2711
4.1328
3.9976
4.0629
4.0285
4.0949
4.2081
4.0531
4.2181
4.1364
4.2107
4.1717
4.2513
4.1219
4.1370
4.1161
4.3813
4.4809
4.2008
4.4684
4.1604
4.1526
4.3184
4.1516
4.1295
4.3083
4.2505
4.3572
4.3362
4.0276
4.0239
4.0631
4.0791
4.0953
3.7956
3.7522
4.0735
4.1735
4.0888
3.9999
4.3894
4.1534
4.0617
4.0869
4.1353
4.2473
4.2412
4.2152
4.2866
4.2937
4.3251
4.4780
4.2900
4.2962
4.2602
4.0465
4.3368
4.2916
4.2664
4.0352
3.8541
4.0100
4.3109
4.0417
4.3089
4.4554
4.1303
4.1576
4.1356
4.2709
4.1880
4.1749
4.0133
3.9817
4.2839
4.2069
3.9270
3.8188
4.3210
4.1765
3.9968
4.1590
4.3175
4.2172
4.1825
4.2188
4.0916
4.1213
4.0199
4.3131
4.3600
4.3222
4.3674
4.0367
3.9330
4.1490
4.0861
4.2109
4.2863
4.1648
4.4741
4.2488
4.2238
4.3561
4.0283
4.1284
4.0893
4.3546
4.4921
4.1876
4.0459
3.9165
4.1682
4.2471
4.1370
4.1798
3.9686
4.0217
4.2307
4.1074
4.2115
4.3435
4.4587
4.4077
4.1652
4.1640
4.1466
4.3412
4.2776
4.2683
4.5024
4.4891
4.6129
4.7531
4.5431
4.4264
4.2607
4.3810
4.1494
4.0293
4.1560
4.4120
4.2060
4.3288
4.1227
4.3278
4.5478
4.4602
4.1778
4.3781
4.5036
4.6501
4.3596
4.2078
4.2681
4.3386
4.4629
4.3878
4.4355
4.4219
4.4216
4.3719
4.1737
4.0082
4.3238
4.4030
4.0212
4.4612
4.1342
4.0747
3.9411
4.0467
4.0295
4.3191
4.1914
4.4302
4.0907
4.0802
4.2098
4.1958
4.3877
4.3466
3.7565
3.6948
3.8673
3.9961
3.7522
3.9732
4.3329
4.1765
4.1489
4.2756
4.2706
4.4826
4.5587
4.7259
4.6231
4.8989
4.7374
4.4730
4.5017
4.4577
4.3770
4.3576
4.3746
4.3063
4.3925
4.4287
4.7782
4.6598
4.7616
4.5524
4.5333
4.5459
4.4874
4.4421
4.6710
4.7854
4.6349
4.6096
4.4269
4.4761
4.4440
4.7119
4.9888
4.7264
4.4934
4.8320
4.6105
4.5155
4.5087
4.3948
4.4006
4.5602
4.3127
4.1422
4.2507
4.0566
4.4071
4.1447
4.6613
4.7000
4.5378
4.6614
4.7837
4.7039
4.4207
4.6789
4.6131
4.6940
4.5592
4.6928
4.4883
4.5562
4.7770
4.5695
4.6411
4.4117
4.4283
4.2697
4.8090
4.7992
4.5970
4.4968
4.5627
4.5132
4.3186
4.2978
4.5628
4.5943
4.2896
4.2419
4.2502
4.3519
4.3610
4.2051
4.3178
4.4288
4.3851
4.4602
4.3819
4.3725
4.5235
4.3329
4.6726
4.6827
4.5362
4.5283
4.3639
4.5072
4.4227
4.4989
4.1152
4.3472
4.2281
4.2659
4.2361
4.2503
4.2497
4.3141
4.3544
4.1877
4.1048
4.3100
4.0729
4.4220
4.1567
4.1264
4.2696
4.0338
4.3554
4.3036
4.2224
4.4476
4.1932
4.1262
4.3301
4.1823
3.9735
4.1148
4.1669
4.1243
3.9995
3.8371
3.9466
4.0167
3.8559
4.0170
3.8930
3.9990
4.0327
4.3027
4.3278
4.1642
4.0117
4.0902
4.0395
4.0531
4.0238
4.0045
3.9029
3.9075
3.9723
4.1852
3.9312
4.0603
4.3083
4.2436
4.2300
4.1547
3.8972
4.0700
3.9432
3.9507
4.2142
4.3079
4.1633
4.1905
4.2211
4.2202
4.2920
4.2749
4.1076
4.0723
3.8879
3.9456
3.8782
3.8152
4.1230
4.1749
4.2320
4.2536
4.2089
4.0539
4.1010
4.0952
4.1482
4.1839
4.1403
4.0269
4.0909
4.1830
4.0994
4.0683
4.3136
4.2800
4.0918
4.1676
4.1198
4.0308
3.9864
4.2083
4.1422
4.3176
4.2632
4.0926
4.3052
3.9316
4.0042
3.9988
4.2148
4.2810
4.5418
4.5082
4.3112
4.1168
4.2447
4.5239
4.4355
4.3369
4.5886
4.4249
4.3233
4.2140
4.2593
4.1226
4.1618
3.9787
4.0948
4.0352
4.0371
4.0141
3.8904
3.9944
3.9410
4.0671
3.9834
4.0758
3.9761
3.8987
3.8851
3.9975
4.1073
4.0550
4.0556
4.1416
4.1353
4.1366
4.1222
4.3052
4.0749
4.1068
4.2904
4.1914
4.1163
3.9361
4.0132
3.9411
3.9113
3.7376
3.9648
4.0012
4.1845
4.0190
4.1413
3.9989
3.9912
4.0601
4.0194
4.0056
4.0852
3.9817
3.8605
3.9758
3.8680
4.1324
4.1226
4.2855
4.0662
4.1818
4.1497
4.1549
4.0623
4.0150
4.1108
4.0581
4.0892
4.0364
4.0289
4.1061
3.9324
3.9933
3.8266
4.0038
3.9433
4.0220
3.9823
4.0276
4.0650
3.9441
4.1049
4.1017
3.9031
3.9832
4.0735
4.1151
3.9421
3.9319
3.9142
4.0383
4.2235
3.9153
3.9045
3.8067
4.1228
3.9473
3.9946
3.9765
4.0688
4.2243
4.2315
4.1915
4.0789
4.1155
3.9486
3.9077
3.8486
4.0355
4.0056
3.9696
4.0817
3.9885
4.2528
4.1073
4.2416
4.2351
4.1230
4.1642
4.0487
4.0084
3.9207
4.1133
4.0337
3.8871
3.9453
3.8193
4.1178
4.0934
3.9376
3.9253
4.0551
4.0158
4.0430
4.0808
4.1482
4.2456
4.1955
4.0891
4.1818
4.0902
4.0815
4.2889
3.9872
4.0098
3.9764
4.0287
4.1422
4.2015
4.2324
4.2457
4.0806
4.1976
4.4466
4.4901
4.1342
4.2045
4.1132
4.2121
4.0160
4.0473
4.0029
3.8163
3.9828
3.9916
4.0845
4.1787
3.8600
4.0210
3.8395
4.0090
3.9693
4.0142
3.9408
4.0325
4.1566
4.1310
3.9052
3.9864
4.0750
3.9551
4.0809
4.0686
4.1760
4.0932
4.2657
4.1861
4.2264
4.3764
4.3814
4.1854
4.1931
4.2455
4.3860
4.4547
4.6023
4.5228
4.3840
4.4222
4.3968
4.3250
4.3274
4.2025
4.2430
4.1795
4.4730
4.2315
4.4664
4.5136
4.5457
4.3995
4.3227
4.2507
4.2734
4.3689
4.5876
4.5320
4.5459
4.5524
4.5221
4.3782
4.3792
4.5203
4.1438
4.3224
4.4975
4.5655
4.5812
4.4063
4.5798
4.5335
4.4641
4.3786
4.4898
4.4500
4.2780
4.4342
4.4069
4.5737
4.3116
4.1975
4.1622
4.3880
4.4308
4.7045
4.4953
4.5448
4.7168
4.7521
4.5829
4.6002
4.7903
4.6590
4.6645
4.6666
4.5701
4.5225
4.5534
4.4789
4.5089
4.4377
4.3962
4.6980
4.7995
4.8981
4.5886
4.5663
4.3924
4.3004
4.2953
4.6169
4.5105
4.3255
4.4483
4.4054
4.4839
4.2559
4.4006
4.4125
4.3412
4.3667
4.2790
4.4695
4.3474
4.3782
4.4453
4.5288
4.7655
4.3545
4.5598
4.7098
4.4612
4.3484
4.5418
4.4732
4.4850
4.3887
4.5392
4.4627
4.3505
4.5318
4.4473
4.7130
4.6287
4.3412
4.2288
4.3817
4.1593
4.3466
4.3849
4.3518
4.1853
4.3049
4.4068
4.4155
4.4473
4.3338
4.4507
4.2541
4.2136
4.2982
4.4465
4.6158
4.6848
4.6664
4.5716
4.6519
4.7488
4.7697
4.6688
4.3182
4.2703
4.3051
4.4963
4.4762
4.4008
4.2613
4.3531
4.1009
4.1243
4.1159
4.2187
4.3265
4.1929
4.1149
4.3179
4.2341
4.0274
4.0999
4.0738
4.1128
4.1197
4.3467
4.3683
4.2981
4.0838
4.1773
4.1328
4.0495
4.1505
4.0166
4.0436
4.0123
4.0705
4.3531
4.2423
3.9433
4.0978
4.1338
4.1120
4.2995
4.2606
4.1320
4.1637
4.1089
4.1224
4.1238
4.3718
4.4269
4.2058
4.0436
4.2636
4.2799
4.3432
4.0938
4.0223
3.9304
4.0511
4.0548
4.0270
4.2565
4.0797
4.1760
4.2446
4.0471
4.0437
4.0371
4.3203
4.2724
3.9656
4.0739
4.0727
4.0978
4.2224
4.2020
4.1565
4.1576
4.1863
4.1738
4.3744
4.2584
4.0575
4.1621
3.8976
3.9184
3.9815
4.2724
4.3014
4.2703
4.2899
4.3029
4.2171
4.3820
4.4044
4.3113
4.2061
4.1119
4.2121
4.3342
4.3415
4.3342
4.3362
4.2210
4.3163
4.1711
4.3718
4.4292
4.4921
4.2403
4.0408
3.9638
4.4241
4.3736
4.4140
4.4949
4.3663
4.2715
4.2339
4.3583
4.1300
4.3595
4.4969
4.4624
4.6295
4.4130
4.5301
4.5089
4.5876
4.2122
4.2791
4.2350
4.3524
4.3173
4.4424
4.5054
4.4983
4.5323
4.3576
4.1856
4.2613
4.1994
4.3340
4.2629
4.1989
4.2039
4.3220
4.2586
4.2598
4.4273
4.7672
4.4390
4.4379
4.4358
4.2898
4.2355
4.1843
4.3919
4.1686
4.1972
4.4167
4.2544
4.2820
4.1790
4.2927
4.2344
4.3597
4.1830
4.2255
4.0993
4.2607
4.3184
4.2284
4.2834
4.3514
4.5323
4.5713
4.3967
4.1669
3.9528
4.1358
4.1343
4.3811
4.4017
4.3921
4.2022
4.4168
4.4066
4.2516
4.2493
4.3941
4.2804
4.4867
4.3530
4.4321
4.3707
4.3494
4.3144
4.6075
4.6262
4.5323
4.3596
4.5408
4.2765
4.3700
4.5175
4.5181
4.5962
4.5998
4.5897
4.4099
4.5000
4.1336
4.2193
4.4449
4.2644
4.3046
4.4021
4.3830
4.4730
4.3445
4.2888
4.3416
4.4269
