2.5081
2.3803
2.2448
2.3414
2.2715
2.4522
2.2823
2.4034
2.6973
2.5193
2.4307
2.4553
2.4484
2.6424
2.6578
2.5352
2.4972
2.3171
2.4778
2.5959
2.6456
2.5990
2.6356
2.7330
2.7364
2.6350
2.4739
2.6172
2.7169
2.4535
2.5883
2.7876
2.7296
2.8306
2.8164
2.8506
2.6843
2.8941
2.8333
2.6912
2.6844
2.8173
2.7569
2.5982
2.4838
2.5550
2.5691
2.6298
2.4001
2.4051
2.5453
2.6327
2.6209
2.4155
2.3128
2.4215
2.4164
2.4982
2.6609
2.8650
2.8773
3.1549
3.1122
3.1022
3.3064
2.9247
3.2089
3.1808
3.3186
3.3524
3.3827
3.3646
3.1178
3.0756
2.8562
2.9051
2.7852
2.7653
3.2460
3.1003
3.3470
3.0630
3.0969
3.2151
3.2261
3.2480
3.1861
3.4302
3.4477
3.2717
3.3334
3.3295
3.1361
3.2231
3.6705
3.3324
3.3345
3.0564
3.1918
3.2956
3.5807
3.1358
3.1688
2.9608
2.6921
2.8944
3.1380
2.9526
3.1112
3.3964
3.1949
3.1354
2.6660
3.0319
2.9195
3.1282
3.0042
3.2161
3.3830
3.3190
3.3118
3.2490
3.4123
2.9676
2.9315
3.4064
3.4754
3.3219
3.2885
3.3960
3.7048
3.3578
3.0507
2.9732
3.3166
3.3093
3.1912
3.1799
3.0021
2.7869
2.9459
2.9425
3.0020
2.8276
2.9827
2.8849
2.6194
2.9609
2.9130
2.8622
3.0143
2.8254
3.1138
3.1307
3.1552
3.1601
3.4678
2.8819
3.0385
2.9457
2.7661
2.8261
2.9730
3.1923
2.9905
3.0410
3.0556
3.0758
2.8660
2.9320
2.8457
2.8725
2.6865
2.5804
2.5358
2.7955
2.8100
3.0877
2.8370
2.9563
2.9543
2.8311
2.7262
2.8557
2.7989
2.8260
2.9737
2.9949
3.0590
2.7093
2.9139
2.9566
3.0436
2.9810
3.0364
3.1695
2.9591
3.0509
3.2727
3.0149
3.0623
3.2610
3.3465
3.0481
3.1330
3.2296
3.1746
2.8825
3.2505
3.3124
3.3766
3.4094
3.4215
3.1955
3.6328
3.3312
3.1447
3.0879
3.3403
3.3659
3.1955
3.2578
3.0887
3.0628
3.1209
3.4303
3.4935
3.3826
3.1515
3.2648
3.2407
3.3174
3.1290
3.0677
3.3008
3.3884
3.5437
3.0177
3.0533
3.0967
2.8794
2.9828
3.0990
3.3359
3.1074
3.2097
3.3439
3.2575
3.1545
3.1549
3.3232
3.0178
3.4169
3.1513
3.3981
3.5671
3.5189
3.7128
3.9228
3.5669
3.7129
3.5146
3.7194
3.5824
3.2500
3.5521
3.3837
3.4827
3.6965
3.6246
3.4886
3.0268
3.3560
3.4740
3.5360
3.3484
2.9846
2.9458
3.0667
3.0705
3.1762
2.9645
3.2027
2.9647
2.9291
3.0288
3.3057
2.9360
3.1049
3.0516
3.2585
3.3973
3.3686
3.1274
3.0621
3.1486
3.1178
3.3980
3.3394
3.2517
3.3164
3.4254
3.3295
3.3747
3.1378
3.4365
3.3944
3.2866
3.3516
3.5160
3.2856
3.2578
3.1801
3.4074
3.1568
3.2166
3.5099
3.4816
3.3376
3.3206
3.2498
3.4109
3.1701
3.1502
3.2453
3.2963
3.5365
3.7471
3.5096
3.5674
3.2415
3.2742
3.2719
3.1363
3.2100
3.2195
3.4423
3.3767
3.1672
3.4588
3.3316
3.3361
3.3370
3.2800
3.4563
3.4274
3.4064
3.2104
3.1943
3.4545
2.8302
3.4760
3.3405
3.3901
3.2583
3.2104
3.1696
3.2985
3.5053
3.1184
3.1312
3.2731
3.2042
3.1309
3.5931
3.6711
3.6271
3.4184
3.4617
3.3230
3.3311
3.3714
3.4583
3.4607
3.6276
3.7952
3.9082
4.0091
3.6353
3.9039
3.7403
3.9128
4.4532
4.1994
4.1230
4.1557
4.2025
4.0858
3.8813
3.7070
3.9695
3.7288
3.8714
3.9497
3.8994
3.8366
3.8982
3.7213
3.7810
3.9290
4.1422
4.0533
3.9516
4.0733
3.6018
3.7754
3.6919
3.9496
3.9234
3.8059
4.1061
3.9909
4.1839
4.2848
4.4748
4.4089
3.9660
4.4098
4.1315
4.1666
4.1098
4.1052
3.6192
3.7910
3.6119
3.5344
3.3260
3.6149
3.5212
3.7170
3.9383
3.8659
4.1563
3.8962
3.9225
3.8213
3.6459
3.7485
3.7096
3.2487
3.4382
3.4405
3.3810
3.6605
3.8683
3.8288
3.9351
4.1198
4.0021
3.8798
4.2531
3.8616
3.6487
3.6846
3.5348
3.9779
4.0012
4.0490
3.7390
3.6378
3.7878
3.8050
3.5474
3.3761
3.6317
3.4391
3.6714
3.6103
3.5215
3.3294
3.8809
3.5289
3.5819
3.7403
3.6993
3.9314
3.7578
3.5358
3.4545
3.4768
3.4846
3.8075
3.3232
3.6469
3.5296
3.7521
3.3512
3.3551
3.1315
3.5228
3.8635
3.3731
3.5705
3.3669
3.3891
3.3184
3.2472
3.6678
4.0794
3.7293
3.5553
3.3756
3.7599
3.4758
3.3951
3.4135
3.6568
3.4232
3.3052
3.7432
3.8876
3.7942
3.5418
3.8929
3.3985
3.6485
3.4753
3.3437
3.0244
3.2984
3.3256
3.3017
3.4214
3.4968
3.4126
3.1178
3.4621
3.1713
3.3618
3.1406
2.9641
2.9117
3.1218
3.3749
3.4877
3.3482
3.1504
3.0633
3.0547
2.9253
3.2352
3.0142
3.1972
3.2518
3.1892
3.2571
3.2710
3.2389
2.8755
2.9451
3.2336
3.5222
3.4594
3.2204
3.0802
3.0328
3.2528
3.1601
3.3086
3.2333
3.4476
3.5904
3.5548
3.4912
3.5703
3.7813
3.6475
3.4405
3.4265
3.4929
3.3423
3.3451
3.1517
3.4497
3.0255
3.2869
3.5729
3.6167
3.3636
3.6095
3.4529
4.1068
3.7867
3.7641
3.8495
3.8421
3.8536
3.5322
3.7371
3.4591
3.3328
3.1314
3.2908
3.3062
3.4415
3.6909
3.5434
3.1799
3.8282
3.3555
3.6506
3.7238
3.9056
3.8134
3.8826
4.1094
4.0387
4.1495
4.1912
3.8208
3.6912
3.8684
3.9305
3.8058
3.8290
3.5499
3.2368
3.0169
3.1404
3.4134
3.6609
3.7562
3.4519
3.6534
3.4005
3.3140
3.4972
3.4654
3.6291
3.4823
3.6392
3.6638
3.5487
3.6977
3.7485
3.4845
3.6594
3.7620
3.5353
3.4356
3.3741
3.4182
3.3808
3.6002
3.5465
3.4822
3.5422
3.8383
3.7256
3.3806
3.4925
3.3419
3.5286
3.4700
3.4979
3.5004
3.3657
3.5065
3.5057
3.3824
3.3207
3.7050
3.4370
3.4226
3.0244
3.0411
2.8955
3.1947
3.0226
3.2176
3.4812
3.1054
3.0754
3.0547
3.1827
3.1046
3.2814
3.1945
3.4159
3.3488
3.5255
3.4758
3.3580
3.3331
3.2094
3.2919
3.0430
3.0053
3.0905
3.2268
3.2749
3.1465
3.1182
2.8381
3.1242
2.8446
3.1482
2.9441
2.8897
2.9746
3.0857
3.2422
3.2751
3.0910
2.8945
3.1725
3.0804
3.1142
3.2752
2.8423
2.9866
3.1025
3.0673
3.0477
2.9358
3.0135
3.1358
3.0569
2.9436
2.8940
3.3992
3.1896
2.9646
2.9801
3.5718
3.4257
3.3431
3.3613
3.3194
2.7716
2.9521
3.1624
2.9291
2.9292
3.1471
2.9639
3.1039
2.9528
3.2030
3.4899
3.2782
3.1280
3.0344
2.9355
2.8010
3.1922
3.4115
3.3910
3.0631
3.1759
3.2512
3.4203
3.1057
3.3444
3.2661
3.6516
3.7230
3.8516
3.6819
3.8075
3.8330
3.7737
3.9463
3.7907
3.6831
3.5977
3.3217
3.5017
3.5366
3.5518
3.4953
3.3709
3.2846
3.7629
3.7687
3.6949
3.6675
3.6048
3.4063
3.4852
3.8291
3.4358
3.4577
3.4008
3.4641
3.3268
3.3893
3.7070
3.4009
3.3762
3.5002
3.7744
3.5875
3.7607
4.1140
3.7847
3.5984
3.1869
3.2577
3.2162
3.4221
3.3250
3.0955
3.2602
3.1463
3.3045
3.1722
3.3877
3.3219
3.5320
3.5351
3.4054
3.2824
3.2980
3.3221
3.3312
3.2158
3.3234
3.1872
3.0891
3.0747
2.9276
2.7741
2.7485
2.9150
2.9060
3.2860
3.3886
3.1703
3.2668
3.3088
3.0060
2.9545
3.1872
2.9494
2.9188
2.8797
3.1761
3.0418
3.0518
3.0530
2.9239
2.6193
2.8562
2.9443
3.0563
3.0675
3.2277
3.1351
2.9942
3.0542
3.0334
3.3038
3.1206
3.4450
3.3309
3.0627
3.4117
3.4238
3.3931
3.5534
3.4413
3.5833
3.7371
3.5986
3.4360
3.4660
3.4856
3.5167
3.5663
3.5849
3.3422
3.4511
3.4342
3.6158
3.8402
3.6692
3.6646
3.4406
3.5097
3.7050
3.4703
3.5104
3.8207
3.3597
3.2725
3.5279
3.3229
3.4635
3.3730
3.2497
3.3207
3.6665
3.8381
3.4126
3.3952
3.4506
3.5887
3.4820
3.2236
3.4510
3.1416
3.3459
3.3840
3.5232
3.4091
3.4630
3.7049
3.5199
3.4806
3.4024
3.5069
3.1217
3.3131
3.1649
3.1955
3.1736
3.2601
3.1930
3.4592
3.1799
3.1847
3.1395
3.0546
3.0687
3.0727
3.1249
2.9401
2.9169
2.8439
2.8787
2.8167
2.9512
2.7762
2.8404
3.0098
2.9880
3.0023
3.0946
3.0349
2.9533
3.2218
3.0163
3.2402
2.9400
3.2705
3.1193
3.0093
3.3527
3.3540
3.3418
3.2734
3.3008
3.2104
3.4384
3.6796
3.3259
3.5135
3.3870
3.6246
3.5142
3.2934
3.2048
3.3029
3.2679
3.2489
3.2806
3.4295
3.3782
3.6951
3.6547
3.6291
3.6722
3.4556
3.8951
3.5811
3.6177
3.5791
3.6165
3.5362
3.2248
3.1471
3.1945
3.1647
3.0969
3.2003
3.2565
3.1573
3.0203
3.1881
3.0719
3.1989
3.0272
3.1176
3.1110
3.2218
3.4132
3.4083
3.5069
3.3774
3.2613
3.3465
3.5353
3.3073
3.3686
3.1841
3.2694
3.0320
3.2846
3.2356
3.1846
3.1901
3.0339
2.9474
2.9347
3.2056
3.1359
3.0857
3.3731
3.4176
3.1566
3.2922
3.4903
3.6620
3.8015
3.8616
3.7899
3.7706
3.9916
3.7977
3.7485
3.3821
3.5590
3.4718
3.5822
3.5541
3.7621
3.6764
3.5146
3.5793
3.5227
3.4717
3.5477
3.0902
3.0530
3.1413
3.3028
3.2314
3.1026
2.8753
3.0492
3.0264
3.1007
3.2962
3.3124
3.3460
3.2615
3.2659
3.1498
3.4006
3.7245
3.6355
3.6935
3.6499
3.5681
3.3306
3.3409
3.2232
3.2667
3.2120
3.4072
3.2610
3.2589
3.1022
3.1031
3.3870
3.2872
3.4897
3.1845
3.3546
3.4583
3.5011
3.4753
3.5620
3.4219
3.1874
3.3616
3.0449
3.1395
3.1117
3.1365
3.2541
3.2950
3.1893
3.2537
2.9631
3.1191
3.3488
3.3078
3.2646
3.3301
3.1875
3.3426
3.2274
3.1462
3.0142
3.0680
3.1158
3.3773
3.3134
3.2982
3.5448
3.6477
3.5091
3.4966
3.5491
3.4594
3.3721
3.4780
3.6567
3.5668
3.5914
3.4185
3.2766
3.3969
2.9240
3.2135
3.4109
3.1183
3.1522
3.3093
3.4659
3.5923
3.6929
3.6799
3.4430
3.2975
3.3763
3.5153
3.5619
3.5333
3.4820
3.7664
3.5454
3.7504
3.3018
3.2312
3.2509
3.4977
3.5169
3.6929
3.4830
3.2374
3.2703
3.3766
3.3459
2.9340
3.1198
2.9463
3.1129
3.2906
3.3081
3.5110
3.4661
3.2737
3.1371
3.0896
3.4372
3.5218
3.7167
3.3240
3.1478
3.5105
3.2303
3.1729
3.2710
3.0942
3.1382
3.3864
3.4472
3.5160
3.3867
3.4473
3.4885
3.3063
3.5874
3.5200
3.5817
3.4526
3.3584
3.4951
3.2178
3.6827
3.5574
3.7940
3.8823
3.5968
3.4367
3.5189
3.4307
3.9165
3.5816
3.6341
3.4519
3.6288
3.4929
3.4168
3.3599
3.0621
3.2555
3.3386
3.4923
3.3973
3.6583
3.7302
3.6896
3.8523
3.6032
3.9953
3.9505
3.7585
3.8271
3.5233
3.6157
3.6174
3.4920
3.6679
3.5531
3.4454
3.5640
3.6818
3.4340
3.4578
3.3132
3.5577
3.6027
3.8364
3.7905
3.5522
3.8281
3.6139
3.6299
3.7104
3.5365
3.5864
3.7854
3.4180
3.3257
3.5515
3.3548
3.1980
3.1399
3.3452
3.3048
3.6143
3.4940
3.3596
3.1829
3.2520
3.3791
3.2044
3.0652
3.2760
3.4522
3.3459
3.7156
3.6418
3.8071
3.7218
3.7419
3.6533
3.8365
3.5002
3.4094
3.3077
3.4575
3.3052
3.3569
3.3317
3.3019
3.3201
3.1551
3.3646
3.1644
3.3256
3.4283
3.4437
3.4827
3.4744
3.4055
3.5126
3.5566
3.1636
3.4402
3.5104
3.7597
3.7258
3.9893
3.9582
3.6946
3.7185
3.6950
3.4522
3.3695
3.2907
3.6314
3.3222
3.2725
3.3552
3.4922
3.6717
3.5466
3.5243
3.4404
3.7560
3.8567
3.4931
3.7433
3.7152
3.7485
3.8045
3.5944
3.6883
3.5875
3.5411
3.6650
3.6532
3.6833
3.4894
3.5080
3.5752
3.7100
3.6537
4.0511
4.0012
3.8958
3.7679
3.7082
3.7004
3.6567
3.3816
3.5685
3.3887
3.4447
3.5798
3.4701
3.4314
3.7312
3.4962
3.6251
3.9417
3.7131
3.7263
3.7525
3.8627
3.8728
3.9747
3.9121
4.0513
4.0304
3.7878
4.0328
3.7938
3.7693
3.3570
3.5566
3.7780
3.9884
3.7761
3.8304
3.5262
3.4168
3.1806
3.4060
3.2112
3.3986
3.3878
3.4777
3.5492
3.1782
3.1592
3.4267
3.7408
3.7554
3.6545
3.6056
3.8086
3.3571
3.3812
3.5183
3.6321
3.5570
3.5998
3.6831
3.7985
3.6529
3.3658
3.3998
3.4340
3.5572
3.4817
3.4842
3.6163
3.6820
3.5994
3.4620
3.6074
3.8348
3.5937
3.3621
3.5776
3.5879
3.5668
3.6182
3.5896
3.3463
3.4306
3.5443
3.5831
3.3712
3.5988
3.5700
3.6666
3.7950
3.3035
3.6318
3.4979
3.4102
3.4437
3.4101
3.4168
3.5467
3.5504
3.4227
3.4732
3.8119
3.8608
3.8298
4.0141
3.7429
3.6808
3.4023
3.3752
3.5176
3.5949
3.6273
3.6614
3.7288
3.6687
3.4052
3.4520
3.4988
3.4146
3.4230
3.2776
3.5587
3.6011
3.4994
3.4903
3.5903
3.3790
3.6780
3.6412
3.5470
3.4534
3.6765
3.7011
3.3597
3.6089
3.8047
3.7546
3.5320
3.4808
3.7930
4.3712
4.0818
3.9239
3.7440
3.8246
3.9218
3.8576
3.7765
3.6723
3.9912
3.6824
3.7171
3.7191
3.4109
3.3396
3.6011
3.8097
3.7257
3.7100
3.5939
3.4625
3.5984
3.8212
3.5697
4.1525
4.2310
4.3755
4.5297
4.1908
3.9951
4.2573
4.2839
4.2130
3.9834
4.2845
4.4298
4.2841
4.2383
4.1281
4.1327
4.0890
4.2227
4.0711
4.0266
4.0571
3.6896
4.0191
3.4385
3.8747
4.0712
4.1703
4.4087
4.5084
4.2243
3.9888
3.9882
3.9623
3.9508
4.2483
4.1213
3.9095
3.9959
4.0182
3.8328
3.5316
3.6122
3.7919
3.5761
3.4658
3.3997
3.5036
3.5062
3.6120
3.5833
3.5902
3.8172
4.2330
4.1755
4.2072
4.3977
4.0672
4.0342
4.0668
3.8282
4.1014
4.0426
4.1205
3.7612
4.0047
4.0502
3.8883
4.3863
4.1780
4.5378
4.3006
4.6399
4.7087
4.8138
4.4670
4.3199
4.5958
4.1428
4.4705
4.4229
4.1878
4.3060
3.9779
3.9846
3.9584
3.8751
3.7596
3.9608
3.9643
4.1335
3.9626
4.0847
4.1084
4.1669
3.8222
3.6843
3.9547
4.0421
4.2141
4.1627
3.8417
3.8996
3.9087
4.0081
4.2960
4.3286
4.0203
4.0638
4.2761
4.4538
4.0392
4.0462
4.0832
4.2592
3.9623
4.0429
3.9302
3.8178
4.0187
4.0390
3.7118
3.7516
4.3260
4.0373
4.2823
3.9827
3.7835
3.8771
3.6925
4.2788
4.0507
4.3812
4.3063
4.2981
4.3778
4.7228
4.9816
4.2196
4.2592
4.4032
4.5278
4.3692
3.7884
4.1765
4.0311
4.1055
4.1321
4.3160
4.3398
4.5174
4.5493
4.5209
4.4545
4.6197
4.6493
4.6650
4.6623
4.4966
4.4925
4.7938
4.8756
4.9215
5.0595
5.2929
5.0199
4.8210
4.9580
4.9840
4.7158
4.5582
4.6398
4.6327
4.7536
4.7560
4.5319
4.5366
4.4812
4.8058
4.4634
4.4066
4.9394
4.8267
4.6667
4.5897
4.4218
4.4864
4.4556
4.5418
4.5335
4.3848
4.7651
4.3991
4.5258
4.5413
4.3317
4.2883
4.4621
4.5929
4.3734
4.2501
4.6315
4.4896
4.1516
4.1826
3.9356
4.4924
4.6079
4.5831
4.2289
4.2203
4.2700
4.1750
3.9569
4.0208
3.9531
4.0744
4.0996
3.9749
3.6638
3.7548
3.9327
3.9979
4.0050
4.4421
4.2511
3.9867
4.2845
4.5639
4.5829
4.7790
4.5098
4.5699
4.5919
4.2402
4.0039
4.1484
3.8791
4.0690
4.3068
3.9263
4.1516
4.4371
4.1675
4.0666
4.3209
4.5065
4.4559
4.5712
4.6119
4.8278
4.6254
4.5961
4.7931
4.7515
4.5952
4.8841
4.3557
4.3926
4.3763
4.7326
4.9103
4.6124
4.5646
4.8302
4.7495
4.5072
4.5373
4.4745
4.5903
4.3947
4.4491
4.2096
4.3094
4.0868
3.7830
4.3364
4.4738
4.3656
4.3425
3.9060
4.2062
4.2807
4.0075
4.4284
4.4967
4.2098
4.0243
4.0841
4.0040
4.1292
4.0200
4.0840
4.0008
4.3280
4.3577
4.1431
4.3762
4.5882
3.8945
4.0558
4.4627
4.4374
4.6495
4.3093
4.3688
4.5446
4.6509
4.3975
4.4438
4.3084
4.4603
4.4874
4.3738
4.4267
4.5223
4.4384
4.2700
4.5720
4.3434
4.2174
4.3873
4.2947
4.3739
4.2369
4.1512
4.1635
4.3520
4.6407
4.3736
4.1587
3.9972
4.3412
4.3033
4.5675
4.3826
4.5698
4.4077
4.5284
4.6390
4.3139
4.1041
4.3586
4.2204
4.4338
4.0844
4.1167
4.0400
4.0856
3.9388
3.9042
3.7789
4.1676
3.9650
4.0347
4.1783
4.1080
4.0884
4.0306
4.1028
3.9121
4.0357
3.9090
3.8959
3.8781
4.2059
4.3429
4.4693
4.5452
4.2883
4.3011
4.4357
4.4937
4.5983
4.4717
4.2618
4.5824
4.5009
4.4069
4.6563
4.5809
4.9786
4.6590
4.7165
4.0285
4.0316
4.0341
3.9477
3.6447
4.0481
3.4867
3.6374
4.1244
4.0783
4.1169
3.8827
3.7848
3.9562
3.8906
3.9160
4.0159
3.6648
3.6696
4.0310
4.0748
4.2184
3.8874
3.7371
3.7369
4.0236
4.1221
3.8492
3.7664
3.9513
4.0716
4.4798
4.1778
3.8688
4.0750
3.9070
4.2837
3.9590
4.4326
4.0499
3.8793
3.9588
3.9418
3.9160
4.2306
4.2020
4.2138
4.1463
4.3534
4.4918
4.1094
3.9426
4.2108
4.2335
3.8394
3.5876
4.0072
3.7775
3.8979
4.1198
3.9363
4.0561
3.9899
4.1376
4.1351
4.0074
3.8900
3.9845
3.9690
3.8422
4.0320
3.9879
4.1340
3.8444
3.7577
4.0120
3.9584
3.7768
3.7274
3.5858
3.8808
3.8185
3.8705
3.9103
3.9861
4.1034
3.9957
4.1160
3.9992
3.8630
3.6896
4.1081
4.0593
3.9688
4.0609
4.0409
4.1014
3.7694
3.8779
3.8775
3.6798
3.6644
3.8887
3.5794
3.6003
3.6305
3.8231
3.9286
4.0459
4.1012
3.8467
3.7525
3.7418
3.6961
4.0793
4.3029
3.9634
4.2708
4.2351
3.9597
3.8175
4.0811
4.2060
3.8245
4.2732
3.9943
3.6481
4.0876
4.1283
3.9729
4.0276
3.8739
3.9141
3.8576
3.6331
3.5628
3.6062
3.7131
3.7433
3.8049
3.6060
3.7992
3.8195
4.0830
3.8457
3.7425
3.7057
3.7921
4.0585
4.1836
4.0410
4.0344
3.9129
4.0795
3.9919
4.0145
3.8987
3.8012
3.7592
3.9007
3.7012
3.9233
3.6961
3.8292
4.0292
3.9827
4.0767
4.3036
4.6974
4.0790
4.1602
4.1933
4.1111
4.1998
3.9986
4.4241
3.9390
4.2699
4.1573
4.1518
4.1498
4.0635
4.1034
4.2052
4.4580
4.1343
4.1789
4.1856
4.4042
4.3636
4.4465
4.1658
4.1294
4.3015
4.4926
4.4013
4.0348
4.0471
4.1056
3.9735
3.8741
3.6961
3.7251
3.8580
3.8989
4.0120
3.9054
3.5266
3.7992
3.9302
3.9295
3.7808
3.6578
3.8491
3.7699
3.5682
3.5572
3.4914
3.8047
3.6067
3.7892
3.6892
3.7234
3.8812
3.8986
3.6831
3.8234
3.7129
3.7441
3.7386
4.4727
4.3906
4.4096
4.5578
4.1521
4.2969
4.1056
4.3183
4.0763
3.9886
3.9517
3.6958
3.9089
3.9999
3.9683
4.0290
4.3229
4.2062
4.1211
4.2659
3.9105
4.1550
4.0428
4.1243
4.0354
4.2578
4.0077
3.8493
3.7403
3.9474
3.8436
3.6614
3.8033
3.8665
3.9008
3.6880
4.1092
4.2462
3.9783
4.0995
4.1998
4.1250
3.9068
3.7829
3.7805
3.7186
3.6887
3.8123
3.6420
3.6491
4.0138
3.9077
3.8468
3.7597
3.6115
3.6719
3.5518
3.7280
3.7682
3.6629
3.6309
3.8625
3.7876
3.8237
3.6221
3.4625
3.7490
3.8144
3.4663
3.4378
3.4869
3.8465
3.5597
3.8315
3.5878
3.8234
3.4170
3.3941
3.3329
3.6522
3.6333
3.6416
3.6309
3.8262
3.6521
3.9401
3.6282
3.4245
3.4385
3.5426
3.6653
3.5693
3.6451
3.7032
3.6297
3.7369
3.4413
3.5433
3.9025
3.7882
3.7136
4.1805
3.8814
3.9064
4.0133
3.7277
3.7890
3.8031
3.7060
3.7825
3.5442
3.5209
3.7135
3.7442
3.8323
3.7157
3.7189
3.8798
3.6335
3.9834
3.8345
4.1333
3.7925
3.8111
3.6469
3.6732
3.5189
3.3864
3.4649
3.8902
3.7654
3.8003
3.5490
3.7417
3.8152
3.9324
3.8791
3.7569
3.8252
4.1095
4.1374
4.2120
4.3254
4.2850
4.4393
4.1102
3.8210
4.0003
3.7041
3.9896
3.9581
4.2032
4.1322
4.2099
4.1093
4.3401
3.9967
3.8317
3.9308
3.7341
3.8114
3.7969
3.6669
3.5759
3.7284
3.9539
3.7620
3.5768
3.7934
3.6977
3.8528
3.8433
3.6761
3.4899
3.5715
3.6033
3.6431
3.7273
4.0649
3.7059
3.7564
3.6145
3.8940
3.8804
3.7326
3.6764
3.7279
3.8251
3.7691
3.7069
3.9473
3.7012
3.7781
3.5772
3.5728
3.3498
3.4032
3.4615
3.6231
3.6480
3.5104
3.6924
3.6912
3.7263
3.6347
3.6267
3.8793
3.8119
3.7055
3.8162
3.9052
3.8622
3.7483
3.7037
3.7185
3.6486
3.6277
3.2640
3.5595
3.7129
3.6780
3.8982
3.6506
3.8739
3.7629
3.8875
3.7780
4.1516
3.5459
3.7495
3.7771
3.7363
3.6819
4.0452
4.0311
4.0370
4.1218
3.7605
3.9546
4.2441
4.1326
3.8361
3.7324
3.6389
3.6086
3.8864
3.8038
3.6978
3.6554
3.7359
3.8075
3.6329
3.5956
3.4853
3.6670
3.4204
3.5712
3.8588
3.8572
3.6932
3.6831
3.9410
3.9762
3.8563
3.8653
3.6045
3.7868
3.7105
3.7838
3.7669
3.6034
3.7728
3.7159
3.9069
3.8508
3.8093
3.7872
3.8758
3.9006
3.6376
3.8654
3.8479
3.9670
3.8009
3.6792
3.7901
3.7624
3.5608
3.5813
3.7247
3.8120
4.0300
3.9288
4.3729
4.2259
3.9810
4.0428
3.8682
3.9005
4.0434
3.9591
4.2689
4.2032
4.2232
4.1716
3.8699
3.9491
3.7562
3.6866
3.4773
3.9465
3.8961
3.6765
3.8469
4.1728
3.8961
4.1659
4.0343
3.9128
3.9415
3.7904
3.7439
3.5589
3.5731
3.7303
3.7611
3.7074
4.2913
4.1766
4.2009
4.3303
4.2334
4.2137
4.1467
3.9830
3.8039
3.9113
3.9669
3.7021
3.8435
3.8603
3.7942
3.6442
4.0517
3.8744
3.9406
4.1182
4.0943
4.0901
3.8973
3.9229
3.8449
4.0230
3.9184
4.1077
4.4624
4.0653
4.5679
4.1167
4.3845
4.1715
4.1326
4.0083
4.1566
4.2860
4.0164
4.0639
3.8997
3.8284
3.7813
3.6364
3.6695
3.5773
4.0293
3.5918
3.6753
3.9374
4.0809
3.8669
4.2431
4.3590
4.4819
4.2858
4.3362
4.2651
4.3720
4.2646
4.1849
4.0842
4.1067
4.2715
3.7612
3.5940
3.8519
3.8034
4.4264
4.3843
4.4887
4.1101
3.8622
4.1058
3.9676
4.0270
3.9473
4.0185
4.0861
3.9532
4.0513
3.9453
3.9247
3.8305
3.7329
3.7234
3.7509
3.8133
4.0365
3.8953
3.8449
4.0905
3.7261
3.7403
3.6599
3.7686
3.7434
3.5466
3.4481
3.3463
3.5282
3.2722
3.2029
3.4920
3.5734
3.5749
3.7520
3.7424
3.5562
3.6469
3.5024
3.6250
3.5635
3.6633
3.9576
4.0985
4.2086
3.8910
3.9093
3.8649
3.6194
3.9507
3.8205
4.0757
4.0141
3.8739
3.7781
4.0859
4.0819
4.0606
4.1801
4.1538
3.9338
4.0802
4.0004
4.2037
3.9931
4.0420
4.0270
3.9504
3.6365
3.9948
4.0289
4.0520
3.9185
3.6021
3.6678
3.9374
4.0209
4.0003
3.8632
3.6264
3.7677
3.8290
3.7388
3.9107
3.7824
3.4925
3.4464
3.7318
3.4207
3.5270
3.6606
3.6219
3.8855
3.5825
3.6667
3.5739
3.5740
3.7723
3.7637
4.0663
3.9684
3.7740
3.8257
3.9250
3.8583
3.8759
3.7546
3.9446
4.0422
4.2424
4.1807
4.0894
4.5006
4.1170
3.8321
3.7882
4.0401
3.9328
4.1428
4.1481
3.9824
3.8816
3.9469
3.6969
3.9248
4.1811
4.1904
4.1060
4.3652
4.4764
4.1273
4.1580
4.0365
4.2825
4.4206
4.4107
4.2521
4.4394
4.6203
4.9065
4.9305
4.5822
4.7512
4.7086
4.5887
4.2210
4.2640
3.8998
4.0367
3.8723
4.1777
3.7750
4.0370
3.8480
3.7871
3.8672
3.9372
4.0936
4.0048
3.9169
4.1686
4.1272
4.3039
4.3770
4.2865
4.3984
4.6321
4.7915
4.8520
4.5406
4.5133
4.6058
4.5451
4.4357
4.5232
4.2605
4.4823
4.5168
4.6038
4.6167
4.4077
4.2303
4.1609
4.2245
4.2017
4.2276
4.5440
4.2228
4.3908
4.2944
4.4569
4.1947
4.5866
4.5356
4.4255
4.5970
4.4792
4.3503
4.5151
4.3327
4.3661
4.5750
4.2414
4.4676
4.6022
4.5851
4.0296
4.2474
4.2221
4.2333
4.4526
4.3301
4.2586
4.2079
4.1104
3.9183
3.8093
3.9894
4.1952
4.2635
3.8109
3.9434
4.1584
4.2334
3.9520
3.8904
4.0629
4.1907
4.1228
4.3753
4.3342
4.0418
4.1750
4.6308
4.4534
4.0709
4.4606
4.2631
4.1363
4.2956
4.4034
4.6644
4.4245
4.6732
4.6434
4.5158
4.4442
4.7489
4.3084
4.6652
4.6417
4.2850
4.7360
4.5966
4.3531
4.3982
4.4531
4.5009
4.3673
4.2561
4.5123
4.7131
4.6086
4.4023
4.5808
4.5267
4.5172
4.4624
4.5012
4.5595
4.5788
4.5849
4.1105
4.1034
4.1671
4.2970
4.2625
4.0114
3.8979
3.7499
4.0195
3.9984
4.4201
4.1507
4.3230
4.3098
4.4005
4.3573
4.1310
3.9925
3.9696
3.6677
3.7749
3.9376
3.7251
3.6863
3.8199
4.0038
3.9484
4.0544
4.3508
4.6130
4.4623
4.4273
4.1900
4.1488
3.9247
4.2173
4.1355
4.1470
4.1860
4.1734
4.0757
4.1296
3.7245
3.9842
3.6633
3.9794
4.2955
4.5564
4.1329
4.0162
4.0848
4.1268
4.4032
4.2624
4.3009
4.3981
3.8934
3.9864
4.0236
3.9770
4.0288
4.3239
4.1662
4.1837
4.5236
4.1432
4.2320
3.8836
4.1291
4.1860
4.0111
3.9699
3.8966
3.7906
4.2116
4.1879
4.4038
4.2124
4.2331
4.4108
4.0338
3.9884
4.0030
3.9212
4.1803
4.3664
4.2291
4.4512
4.5216
4.4747
4.5182
4.3389
4.3464
4.1388
3.9351
3.9750
3.9656
4.1023
4.2736
3.9696
4.1889
4.0212
3.9399
3.9775
3.7565
4.0319
4.2162
4.0825
3.9016
3.9215
3.6041
3.6614
3.9570
3.9781
3.6071
3.4226
3.5985
3.3821
3.7757
3.6243
3.6883
3.6076
3.6701
3.9442
3.9015
4.1163
4.1138
4.0259
3.9616
3.9814
4.0920
4.2737
4.2691
4.2305
4.5591
4.5024
4.2380
3.9350
4.1166
3.7099
3.9889
4.0542
3.7296
3.9875
3.9506
4.1417
4.0084
4.3678
4.0095
4.0992
4.2368
4.3870
4.3794
4.4005
4.4715
4.6076
4.6222
4.9153
4.7566
4.8095
4.7646
4.6236
4.8091
4.8644
4.5859
4.5211
4.5115
4.6668
4.3467
4.4385
4.0884
4.3554
4.6703
4.5379
4.3301
4.6867
4.6854
4.6618
5.0342
5.1423
4.8346
4.9396
4.5019
4.7918
4.6289
4.6356
4.7597
4.8770
4.8184
4.7707
4.7250
4.3684
4.4549
4.7383
4.2436
4.3621
4.1390
4.6025
4.2830
4.4973
4.2239
4.2894
4.3611
4.2101
4.4806
4.3350
4.2150
4.3272
4.3583
4.0073
4.1800
4.0864
4.4990
4.6805
4.7869
4.6235
4.3992
4.5483
4.4480
4.2926
4.7511
4.3356
4.4670
4.3903
4.0767
4.3039
4.3909
4.5248
4.5074
4.3862
4.2695
4.2714
4.2949
4.2471
4.3063
4.3318
4.6732
4.5754
4.5720
4.3589
4.3580
4.3938
4.2842
4.2493
4.4108
4.1616
4.3829
4.2724
4.3040
4.6099
4.5522
4.2521
4.3767
4.5772
4.3949
4.5818
4.5937
4.5970
4.5175
4.6709
4.6072
4.7653
4.7329
4.5980
4.8221
4.6612
4.6447
4.7444
4.7740
4.9050
5.0349
5.0177
5.2044
4.9836
4.9084
5.0212
4.7043
4.6249
4.6660
4.5441
4.7337
4.8766
4.2550
4.3105
4.6348
4.4723
4.6605
4.7624
4.6267
4.3480
4.4203
4.3127
4.4901
4.1011
4.3719
4.3133
4.3839
4.3188
4.2875
4.1989
4.6232
4.6844
4.4649
4.2081
4.5045
4.8184
4.3975
4.2058
3.9863
4.2339
4.1412
4.0745
4.0834
3.7146
3.8828
3.7135
3.5608
3.6683
4.0965
4.2970
4.4093
4.5222
4.1110
4.0943
4.3914
4.1537
4.5247
4.0936
4.2241
3.9717
4.2930
4.2786
4.2035
4.1097
4.0584
4.2173
4.2519
4.5115
4.4524
4.5031
4.6968
4.3562
4.3629
4.5685
4.3291
4.2752
3.9288
4.1909
4.1282
3.8721
4.1822
3.9068
3.9809
4.0590
4.0184
4.0984
3.9031
4.0298
4.1064
3.9463
3.8656
3.6698
3.4145
3.4262
3.5718
3.8248
3.7322
3.5731
3.6286
3.9589
4.4837
4.2228
4.4751
4.2912
4.1942
3.9921
4.1465
4.0492
4.0255
3.9210
4.0076
4.1163
4.1569
3.8729
4.0073
3.7442
3.9158
4.0940
4.0799
3.9482
3.9507
3.8554
3.9773
3.8606
3.8880
3.7699
3.7284
4.0682
3.8907
3.8759
3.7494
3.8757
3.8174
3.7360
3.8050
3.7703
3.8907
3.8270
3.8457
3.8597
3.7300
3.6667
3.9146
4.0088
3.9251
3.8202
3.3939
3.3658
3.8051
3.5301
3.4337
3.6760
3.9972
4.0659
4.0339
3.8621
3.9626
3.8153
3.9551
4.0245
4.0587
4.1997
4.4721
4.2684
4.0137
4.2201
4.2094
4.2330
3.8766
3.9986
4.4711
4.4759
4.0591
3.7239
3.9875
4.0262
3.8738
3.9162
3.9221
4.0568
3.9258
3.9820
4.1218
4.1588
4.1586
3.8576
4.0994
4.2818
3.9681
3.9400
4.0709
3.9948
3.7101
3.8299
3.6672
3.6344
3.8447
4.2695
4.2207
3.9516
4.0020
3.8826
3.5732
3.7546
3.7068
3.7728
3.7175
3.7661
3.7875
3.6348
3.4186
3.4476
3.5548
3.6173
3.9103
3.3978
3.2426
3.3886
3.7144
3.5632
3.7373
3.6061
3.7332
3.6112
3.8689
3.8848
3.8216
3.9370
3.9745
3.7164
3.7443
3.9417
3.9423
3.7564
3.4400
3.7042
3.8373
3.7482
3.7714
3.6334
3.6226
3.3383
3.5549
3.6367
3.3913
3.3706
3.5131
3.3374
3.5808
3.8244
3.6007
3.7007
3.6473
3.7181
3.6849
3.9102
3.8509
4.0609
4.2550
4.0672
4.3840
4.2028
4.1760
4.2118
4.4918
4.2852
4.0788
3.8481
4.1178
4.0255
4.3604
4.2904
4.4553
4.4258
4.4076
4.2991
4.2824
4.1220
3.8441
3.6966
4.0340
3.9276
3.9884
4.0367
4.0733
3.8241
4.1160
3.7672
4.1423
4.3621
4.1763
4.1715
4.2062
4.2826
4.1898
4.4310
4.3994
4.5799
4.3134
3.8070
4.2207
4.0881
4.5713
4.1686
4.4041
4.5348
4.3822
4.2930
4.2870
4.2181
4.3431
4.1957
4.5125
4.2855
3.9467
4.1626
4.0235
4.1066
4.0186
4.1140
4.1977
4.1497
4.1438
4.1754
4.1818
4.5672
4.4593
4.4921
4.2542
4.1434
4.0754
3.9952
4.2547
4.4286
4.5415
4.3256
4.5157
4.3334
3.9872
4.2495
3.9957
3.8253
4.2240
4.1334
4.3601
4.4461
4.3039
4.0250
4.0735
4.3253
4.3454
4.1759
4.3665
4.1374
4.1870
3.9409
3.9250
3.9751
3.8637
3.9817
4.2250
3.8817
3.8814
4.1024
3.9650
3.6656
3.6409
3.7309
3.9730
3.7322
3.6399
3.4228
3.4753
3.7063
3.7111
3.7248
3.5697
3.5507
3.6068
3.4189
3.6042
3.5020
3.5680
3.6717
3.6521
3.3437
3.6104
3.8510
3.9428
4.1110
4.1707
4.2599
4.1753
4.0786
4.2362
4.0282
3.7895
3.9893
4.0182
3.9668
4.0183
4.1771
3.8997
3.9608
4.0086
3.9420
4.3774
4.1532
4.3136
4.0482
4.1232
4.0626
4.3628
4.2938
3.9732
3.9904
4.2577
4.2563
4.1948
4.0753
3.9061
3.8776
4.0234
4.0829
4.2146
4.2256
4.3940
4.2266
4.3074
4.4026
4.5097
3.9861
3.7821
3.9458
4.0617
3.9269
3.8396
3.8047
4.2594
4.1822
3.6978
3.7659
3.8541
3.8996
3.7973
3.7798
4.2413
3.8372
3.7985
3.8305
3.8463
3.8134
4.0036
3.9652
3.9022
3.8027
4.1626
4.1437
4.2432
3.9083
4.0132
3.7800
4.0684
3.9259
4.1725
4.3041
4.2495
4.1161
4.1634
3.8186
3.8825
3.9857
3.7146
3.7071
3.7648
3.8342
3.9687
3.9704
3.7832
3.9938
3.9563
4.1937
4.4144
4.1725
4.2054
4.0074
4.1307
4.0847
3.8065
3.9219
4.1704
4.1455
4.0990
3.9420
4.4131
3.9964
3.9564
4.1876
4.3210
4.5216
4.7524
4.5868
4.6180
4.6524
4.4850
4.7363
4.5259
4.3076
4.1785
4.4048
4.6948
4.5841
4.2702
4.3638
4.2464
4.3742
4.1666
4.1682
3.9149
3.8148
4.0988
3.9896
4.2414
4.1248
4.3352
4.2535
3.8277
3.9065
3.8321
4.2703
4.1183
3.9347
3.9119
3.6545
3.6188
3.7197
3.8799
3.8849
4.0478
4.0052
3.8961
3.8103
3.9948
4.0663
4.1157
3.7418
3.8705
4.0033
3.8114
3.8343
3.8053
3.8193
4.1070
4.0494
4.0259
3.9973
4.1074
4.2617
4.0215
4.0652
4.1439
4.1328
4.1028
4.2555
4.1706
4.2303
4.2517
4.0009
4.0295
4.4173
4.3824
4.3778
4.2996
4.5237
4.4291
4.6447
4.3580
4.1741
4.1552
3.8992
4.0918
4.2442
4.4507
4.2536
4.2993
4.3979
3.9743
3.9649
3.7372
3.4874
4.0188
3.9477
3.9346
3.7993
4.1985
4.1251
4.2550
4.1521
3.7135
4.0327
3.8283
3.8124
3.8986
3.8923
4.2512
4.1198
4.2642
3.9967
4.1873
4.1084
4.0833
4.2586
4.0571
3.9666
3.8658
3.9022
3.8362
4.0647
4.1312
4.3036
4.5815
4.2253
4.3951
4.4569
4.3559
4.4350
4.2827
3.9972
4.2727
4.3660
4.3817
4.4851
4.5178
4.2712
4.4387
4.2071
4.2142
4.1565
3.9872
4.2056
4.0979
4.1084
4.2365
4.2267
3.8529
4.0047
3.8912
4.0456
3.9450
3.7782
3.8328
4.0674
4.0600
3.8339
3.7709
3.9324
3.9364
3.9790
3.7625
3.6896
3.7175
3.7506
3.7552
3.5826
3.6358
3.8595
3.8955
3.7630
3.9619
3.9000
4.0100
4.2854
4.3034
3.9474
4.0227
3.9583
3.9366
3.7951
3.7392
3.4170
3.6108
3.5796
3.6276
3.9565
3.9648
3.9555
3.7898
4.0050
4.0055
3.5795
3.7482
3.7876
3.8232
4.0248
3.8366
3.8241
3.7745
3.6828
3.8031
3.6722
3.7157
3.5820
3.7158
3.4971
3.6405
3.8618
3.6646
3.7562
3.7284
3.5569
3.6234
4.0520
3.8298
3.8610
4.1030
4.3292
3.8890
3.9794
4.0839
4.1249
4.3792
4.1199
3.9906
4.4671
4.3726
4.4417
4.6514
4.3901
4.8654
4.6303
4.4516
4.6922
4.6081
4.9443
4.8140
4.7889
4.6950
4.7961
4.8752
4.7241
4.5195
4.7123
4.6560
4.8396
5.0282
5.0247
4.8418
4.7849
5.1174
5.0329
4.8417
4.7704
4.8434
4.8747
5.0588
4.8956
4.9345
4.8720
4.9927
5.0544
4.8949
5.0415
5.2627
5.3980
5.3194
4.9168
5.2738
5.6758
5.4694
5.5325
5.6795
5.4200
5.2467
5.0390
5.3411
4.8435
5.2560
4.8373
4.8081
4.7100
4.4981
4.9133
5.0152
5.4230
5.1410
5.0621
5.2478
5.5198
5.4078
5.3837
5.2766
5.0896
5.0393
5.0477
5.1233
4.8446
4.8620
4.8112
4.7978
4.7132
4.5113
5.0453
4.8357
4.3743
4.7195
4.7411
4.7044
4.6040
4.3476
4.4854
4.5089
4.6417
5.0069
4.6701
4.5460
4.8047
5.0369
5.0564
5.3044
5.3226
5.0732
5.2503
5.2309
5.1024
4.6739
5.2049
5.0438
5.0446
5.1426
5.1834
5.2520
5.0204
5.2240
5.0828
5.4808
5.0277
5.2945
5.2293
5.3799
5.4438
5.0727
5.1365
5.0292
4.9411
5.0365
5.1356
5.0249
5.0127
5.1063
5.2769
5.2700
5.2826
4.9342
5.1717
5.2623
5.4513
5.1769
5.3772
5.2526
5.4513
5.9701
5.6470
5.4700
5.5245
5.3965
5.4466
5.2627
5.1952
4.9693
4.9137
5.2914
5.2218
5.1432
4.8049
5.3111
5.0946
5.0034
4.6826
4.6715
4.8288
4.6344
4.9234
4.9923
4.5646
4.9350
4.8421
5.0790
5.1227
4.9100
4.8125
4.8694
4.7139
4.9167
4.6664
4.4880
4.6481
4.7364
4.8289
4.8056
4.8376
4.7798
4.6619
4.8635
4.6998
4.9388
4.9289
4.7250
4.8784
4.7300
5.1101
4.8966
4.7972
4.9442
5.2869
5.2912
4.8208
5.0133
5.2618
5.1291
5.1143
5.2534
5.4526
5.4672
5.5397
5.5031
5.2665
5.6095
5.3734
5.3731
5.1136
5.0706
5.2366
5.6808
5.5675
5.8123
5.3808
5.2593
5.2965
5.3184
5.3880
5.5490
5.6857
5.7123
5.0975
4.9853
4.9284
5.1568
5.5868
5.4959
5.6841
5.4515
5.0927
5.4463
5.2496
5.7319
5.9656
5.6184
5.4470
5.1509
5.3858
5.5543
5.6571
5.2172
5.1807
5.5441
5.3507
5.4965
5.4820
5.4792
5.5472
5.2653
4.9812
5.1503
5.3816
5.3979
5.6277
5.8887
5.4279
5.5767
5.0734
5.0883
4.8817
4.8360
4.7922
4.8676
5.0515
4.7520
5.2163
4.8165
5.1039
5.0074
5.0088
4.8487
4.9231
5.3998
5.4771
5.6187
5.1689
5.5736
5.6364
5.3254
5.7634
5.1683
5.3684
5.4694
5.5344
5.8544
5.8510
5.6755
5.5270
5.5506
5.7434
5.5072
4.9650
5.1965
5.5743
5.8121
5.6981
5.6881
5.2596
5.3117
5.4079
5.3385
5.1297
5.2506
5.3559
5.2460
5.5755
5.4948
5.5721
5.6091
5.8660
5.4878
5.4365
5.4409
5.2600
5.2277
4.9936
5.1421
4.9477
5.1067
5.1824
5.1251
5.1731
5.4126
5.3166
5.0837
5.2418
5.3621
5.4302
5.2131
5.4587
5.1565
5.7239
5.4983
5.8825
5.9588
5.9184
5.6213
5.4252
5.7196
5.2774
5.4260
5.3701
5.4525
5.3364
5.5726
5.4439
5.0219
5.0786
5.4987
5.4031
4.9039
4.6765
5.0380
4.9868
5.3816
5.0916
5.4353
4.9775
4.7399
4.8090
5.0409
4.8698
4.8997
4.8509
5.1810
4.9880
5.0525
5.1887
5.0317
5.0537
5.2748
5.3075
5.2815
4.8667
4.9532
4.9129
4.9117
4.7067
4.6267
4.4043
4.3849
4.5425
4.9647
4.8042
4.9792
4.9159
4.7760
5.2741
5.2179
4.8607
4.8956
5.4383
4.8669
4.9256
5.1891
5.1524
5.3204
5.1104
4.7253
4.8679
4.5306
4.4130
4.3589
4.5199
4.4835
4.7873
4.9839
4.5730
4.6969
4.4215
4.3532
3.9680
4.4226
4.3000
4.2871
4.3880
4.5797
4.6966
4.4861
4.6007
4.8763
4.8812
4.9283
4.9351
4.8762
4.9947
5.1946
5.1121
5.4297
5.1938
5.2770
5.2873
4.7894
4.6823
4.6291
4.6662
4.5100
4.5082
4.6744
4.6061
4.8324
4.4598
4.5808
4.6879
4.8548
4.9794
4.9379
4.8726
4.8970
4.8287
5.2887
4.9766
5.2215
5.0602
4.8122
5.1167
5.1069
5.1196
4.9282
4.9670
5.2613
5.4422
5.2352
4.9258
4.9734
4.9162
4.9546
5.1583
4.9716
4.6552
4.7567
5.1793
5.0626
4.9590
4.8625
4.8709
5.1143
4.8875
5.1521
4.8396
5.2782
4.8331
4.8085
5.1116
5.3483
5.2463
5.1802
5.5171
5.1991
4.8982
4.5897
4.9198
4.8369
4.6644
4.4439
4.6579
4.6137
4.5073
4.7595
4.9956
4.9238
4.8660
4.9576
4.9138
4.9539
4.6301
4.6975
4.8219
4.3435
4.6716
4.4758
4.3572
4.2212
4.0960
3.9208
3.8090
3.9182
4.2669
4.2837
4.3407
4.1376
4.1314
4.2157
4.1692
4.3250
3.9136
3.7881
3.9631
4.1411
3.9748
4.0830
3.8246
3.9215
3.7737
3.8180
3.9223
4.1094
3.9576
3.9373
4.0185
4.3222
4.2292
4.2921
4.0085
3.9828
3.8189
3.9181
3.7749
3.4264
3.5406
3.5857
3.8475
4.0315
4.0787
4.1235
4.1479
4.1044
4.2250
4.6179
4.5876
4.5790
4.7080
4.5305
4.6464
4.7257
4.4858
4.5522
4.4389
4.7283
4.6956
4.4197
4.4029
4.3339
4.3624
4.4548
4.3750
4.6413
4.4058
4.2911
4.3050
4.4469
4.4588
4.3320
4.2455
4.4196
4.1927
4.4964
4.5436
4.3401
4.3887
4.6311
4.8882
4.9568
4.6299
4.3784
4.7740
4.5387
4.3107
4.3529
4.4131
4.6308
4.5807
4.3581
4.3235
3.7203
3.9411
3.8409
3.8289
4.4361
4.3873
4.5490
4.4347
4.3236
4.1198
4.0931
4.5045
4.2863
4.4754
4.4538
4.8001
4.7891
5.2284
5.3717
5.3091
5.0188
5.0609
5.2464
5.1431
5.2146
4.9138
5.1721
5.3449
5.6724
5.4999
5.6251
5.6098
5.8310
5.8119
6.1075
6.0068
5.5999
5.3426
5.3288
5.6374
5.6177
5.2031
5.3831
5.2129
5.0312
4.8833
5.1030
5.0648
4.7814
4.8700
4.8136
4.6974
4.9026
4.7339
4.8780
4.8451
4.9393
4.9367
5.1524
5.0996
4.6268
4.3642
4.7462
5.1986
5.1692
5.0389
5.2555
5.1564
5.0769
5.4304
5.7634
5.8702
5.5133
5.9159
5.9981
5.9146
5.5735
5.5808
5.5074
5.2825
5.1773
4.9716
5.1949
5.2900
5.2511
5.0282
4.8071
5.0231
5.4088
4.9834
4.5993
4.5215
4.5613
4.6529
4.5485
5.1956
4.7713
5.0116
5.0793
5.2108
4.6807
4.9736
4.9552
5.2821
5.3349
5.6287
5.5948
5.4295
5.4921
5.7396
5.5870
5.4813
5.4880
5.3979
5.7753
5.5444
6.0211
5.6139
6.1834
5.8198
5.6234
5.6213
5.8624
5.4869
5.9947
5.9065
6.1464
5.9375
6.5189
6.4797
6.1711
6.2261
6.0942
6.0877
5.8485
5.7409
5.7457
5.4493
5.7564
5.6408
5.3481
5.5996
5.4901
5.3230
5.2614
5.3542
5.2390
5.3177
5.4986
5.3382
5.5328
5.2406
5.2877
5.4833
5.4633
5.3973
5.5889
5.5358
5.1762
5.0034
4.8207
4.6797
5.3158
5.2972
5.2205
5.2393
5.3795
5.4328
5.2304
4.9624
4.9476
4.9682
5.0361
5.3034
5.4432
5.0827
5.0763
5.0778
5.3694
4.9760
5.4179
5.4843
5.6345
5.2776
5.4671
5.0172
5.0431
5.0501
5.0033
4.7169
4.8809
5.2931
5.3410
5.2549
5.0742
5.2926
5.2932
5.5989
5.4046
5.4934
5.2003
5.5570
5.4880
5.5216
5.4825
5.2229
5.5827
5.5829
5.4663
5.5578
5.4425
5.5736
5.7246
5.6889
5.8966
5.8108
5.9456
5.9095
5.8081
5.7121
5.6699
5.2939
5.4997
5.1171
4.8550
4.8617
4.8732
5.1547
5.0858
4.9810
5.1585
5.4821
5.3913
5.3017
5.7375
5.5938
5.4061
5.4163
5.5803
5.6270
5.4709
5.6983
5.4884
5.4793
5.2020
5.3208
5.1732
5.0351
4.9927
4.7658
4.8340
4.8014
5.1912
5.2658
5.0283
4.8250
4.8677
4.9312
4.9104
5.0316
5.0248
4.5280
4.5101
4.6052
4.5821
4.4930
4.3279
4.4945
4.7294
4.6434
4.4424
4.8856
4.6812
4.6920
4.4599
4.5087
4.5874
4.7273
4.5365
4.8348
4.8198
4.6994
4.8321
4.7939
4.8020
4.5171
4.6263
4.5078
4.2310
4.2084
4.2494
4.3255
4.4059
4.4204
4.6178
4.7714
4.6117
4.4789
4.6257
4.6512
4.5459
4.5042
4.3217
4.5643
4.2309
4.4419
4.3322
4.6616
4.5151
4.4135
4.0955
4.0346
4.3270
4.5178
4.2491
4.3949
4.5055
4.5987
4.4535
4.6461
4.5471
4.6631
4.5607
4.4061
4.6161
4.6521
4.6514
4.3521
4.5939
4.3204
4.6262
4.8351
4.6029
4.6045
4.6303
4.8631
4.6181
5.0075
4.8886
4.8991
4.8861
5.0416
5.1358
4.9020
4.8129
4.8633
5.0690
5.1588
4.9970
5.0052
4.9753
5.0686
4.8506
5.3950
5.3326
5.0954
5.5416
5.2415
5.1331
5.1293
5.0585
4.7754
5.0772
5.4145
5.3342
4.9669
5.2367
5.0449
5.1621
4.9318
4.9095
4.8025
4.8175
4.7033
4.6176
4.6293
4.9630
4.7877
4.7263
4.7268
4.6652
4.8103
4.6766
4.7227
4.6253
4.6791
4.4123
4.3417
4.6320
4.9717
5.0621
4.7625
4.7970
4.8351
4.5831
4.8933
4.6391
4.6767
4.7660
4.7886
4.8858
4.6795
4.9257
4.4233
4.3555
4.4705
4.7937
4.5549
4.6396
4.9316
4.2969
4.2005
4.4820
4.0244
4.1324
4.2857
4.3937
4.0526
4.2237
4.5421
4.8426
4.5688
4.6978
4.3635
4.4294
4.3925
4.2724
4.3123
4.0787
4.0095
4.3517
4.3264
4.5444
4.2507
4.0655
3.9796
4.2533
4.2730
4.5200
4.6976
4.5851
4.5601
4.3879
4.4565
4.4701
4.6207
4.9908
4.9047
4.9552
4.9796
5.1523
5.0091
4.8832
4.7056
5.1891
5.2907
5.4066
5.3023
5.5820
5.0935
5.2597
5.3414
5.2894
5.4515
5.1444
4.9982
5.0139
4.7834
5.2791
4.7910
5.0425
4.8621
4.5731
4.9419
4.9758
4.8303
4.7404
4.7812
4.7582
4.5104
4.8261
4.8311
4.6830
4.6626
4.8356
4.8469
4.7474
4.6295
4.6418
4.4564
4.6593
4.5934
4.8157
4.8109
4.9965
5.3502
5.2030
4.9230
4.8811
5.0036
5.0408
5.0818
5.0051
4.9266
4.9061
5.4599
5.0452
5.2657
5.0627
4.6946
4.7078
4.8194
4.8630
4.9792
4.9078
4.6944
4.7727
4.5914
4.5365
4.5578
4.5904
4.5522
4.8177
4.4759
4.5539
4.3924
4.3385
4.1295
4.1014
4.1109
3.9262
4.1232
4.4370
4.6974
4.3153
4.2528
4.7379
4.5081
4.6212
4.7278
4.6922
4.7615
4.7237
4.5736
4.4921
4.4332
4.6322
4.4165
4.3302
4.4367
4.2190
4.4487
4.4485
4.3286
4.1631
4.3426
4.2758
4.2711
4.5324
4.3688
4.4741
4.4633
4.4804
4.5702
4.7717
4.6961
4.4570
4.4656
4.2353
4.6198
4.5595
4.5337
4.4720
4.2248
4.2048
4.1631
4.1907
4.5754
4.4579
4.3258
4.2217
4.2805
4.2130
4.2804
4.2255
4.0981
4.3734
4.0352
4.3116
4.1025
3.9807
4.1796
3.8783
3.6709
3.7889
3.8204
4.0632
4.3051
4.1200
3.7959
4.0010
4.1362
4.1242
4.2910
4.4154
4.3321
4.3426
4.5419
4.3552
4.5378
4.3761
4.4605
4.3513
4.3695
4.3570
4.0417
4.0544
4.3273
4.0341
4.3491
4.3059
4.2473
4.3155
4.3100
4.2465
4.2232
4.3604
4.4049
4.4041
4.2819
4.4562
4.2048
4.0038
4.0124
4.2619
4.3745
4.5175
4.5715
4.5873
4.4614
4.5383
4.4020
4.0644
4.0105
4.1720
4.2118
4.0785
4.3195
4.6844
4.4649
4.3804
4.1915
4.2587
4.0918
3.9689
3.9939
4.0762
4.3862
4.4324
4.5023
4.4149
4.2736
4.4856
4.6432
4.4585
4.7623
5.0865
4.5642
4.4360
4.2001
4.3368
4.2234
4.3052
4.2450
4.2359
4.2333
4.2409
4.5009
4.3099
4.6910
4.7789
4.7101
4.2906
4.3787
4.3171
4.4190
4.1690
4.2561
4.0229
4.1917
4.2996
4.3181
4.5274
4.5755
4.4674
4.4682
4.6233
4.4198
4.0596
4.1213
4.1775
4.2392
4.1025
4.1650
4.3846
4.3890
4.1253
4.3601
4.3366
4.2987
4.1514
4.1413
4.3205
4.2107
4.1436
4.0370
4.3048
4.4851
4.3573
4.0266
4.2843
4.1064
4.0910
3.9398
4.1039
3.9671
4.3888
4.4986
4.2324
4.1763
4.3897
4.4669
4.4420
4.6185
4.4912
4.6786
4.9242
4.8983
5.0948
4.5750
4.3666
4.5827
4.3026
4.2286
4.4735
4.2757
4.1691
4.3657
4.3251
4.3036
4.1188
4.3047
4.3766
4.3337
4.5268
4.4246
4.4500
4.5006
4.6179
4.3717
4.4363
4.2266
4.0384
4.0602
3.7620
4.0373
4.5164
4.4468
4.1372
4.4008
4.3188
4.2649
4.3151
4.3844
4.0959
4.0775
3.9359
3.9047
4.2210
3.7088
3.9346
4.2894
4.4753
4.1393
3.9538
4.4653
4.6652
4.7532
4.4058
4.3713
4.6666
4.7154
4.5708
4.3087
4.1817
4.0865
4.1304
4.0175
4.0112
4.2638
4.1417
4.2240
4.3204
4.6718
4.3464
4.3079
4.0110
3.8908
4.2242
4.0006
4.2156
4.1817
3.9381
4.0534
3.9006
4.1198
4.1769
4.1988
4.0947
4.4746
4.2046
4.4982
4.3422
4.2883
4.2510
4.1924
4.6045
4.6610
4.0970
4.2610
4.2174
4.2994
4.2018
4.1995
4.1679
4.0793
4.1031
3.9946
3.8225
4.0193
3.8438
3.9380
4.3312
4.4263
4.1550
4.0738
3.8330
4.1417
4.3582
4.3147
3.9328
4.1315
4.3903
4.2596
4.2280
4.1615
4.1575
4.0214
3.9158
3.9026
3.9037
4.0518
4.2349
4.4448
4.7792
4.4214
4.5843
4.6228
4.6894
4.7954
4.7772
4.4645
4.5672
4.5706
4.3742
4.2498
4.4199
4.3979
4.6307
4.6490
4.3663
4.3211
3.9482
4.3095
4.1183
4.0587
3.9610
4.1836
4.4704
4.1258
4.2181
3.8879
4.2289
3.9928
4.6171
4.3880
4.4708
4.5010
4.5104
4.3202
4.2334
4.2105
4.0906
4.2875
4.5588
4.6526
4.1657
3.9218
4.1001
3.9730
4.5155
4.0724
4.2353
4.2712
4.5123
4.5961
4.4844
4.6289
4.6698
4.3573
4.3993
4.6386
4.4794
4.3052
4.5174
4.3693
4.5569
4.3877
4.1297
4.4796
4.2382
4.4333
4.3384
4.4158
4.4321
4.1924
4.3888
4.3583
4.4121
4.6112
4.3890
4.4784
4.3368
4.2006
4.2831
4.2503
4.1973
4.1465
4.0291
4.3337
4.2208
4.4707
4.3065
4.3492
4.3352
4.4237
4.3788
4.6678
4.5978
4.3598
4.6855
4.6309
4.4956
4.6084
4.6538
4.3560
4.4387
4.4238
4.5007
4.5157
4.3024
4.6823
4.8344
4.8395
4.5816
4.2748
3.8386
3.6980
3.8661
4.1514
4.4544
4.3662
4.1949
4.3902
4.3785
4.4178
4.4488
4.5938
4.6400
4.6456
4.4511
4.5277
4.3027
4.2402
4.2448
4.2511
4.4427
4.4420
4.2981
4.5231
4.4874
4.4155
4.4698
4.6488
4.3030
4.1077
4.5535
4.4303
4.3220
4.2277
4.3958
4.2871
4.1456
4.0254
4.1048
4.3748
4.2694
4.5131
4.6128
4.6536
4.4124
4.2060
4.5440
4.3654
4.4327
4.3120
4.3051
4.3757
4.4653
4.2785
4.3242
4.2790
4.3064
4.3575
4.5340
4.6259
4.4955
4.5103
4.7981
4.9373
4.6115
4.5577
4.5893
4.0858
4.3174
4.0984
4.0452
4.6791
4.4845
4.4414
4.6984
4.5285
4.1691
4.3560
4.5628
4.4808
4.5721
4.3793
4.7591
4.6031
4.4369
3.8686
4.1873
3.9040
4.0782
4.2256
4.3928
4.3431
4.3753
4.2169
4.3117
4.5783
4.4503
4.2352
4.3556
3.9175
4.2992
4.0414
4.0804
4.1831
4.0533
4.3890
4.1578
4.3264
4.6849
4.7065
4.5123
4.2660
4.3151
4.0711
4.0071
3.9580
3.8142
3.8787
3.9597
3.8720
4.1052
4.2635
4.4830
4.7990
4.4597
4.2413
4.1544
4.0687
4.3450
4.0996
4.3361
4.3329
4.4430
4.4847
4.5081
4.3849
4.8810
4.5610
4.7888
4.9709
4.6062
4.7583
4.6098
4.4445
4.5784
4.4909
4.5148
4.6064
4.3100
4.4855
4.6539
4.5825
4.3266
4.0296
4.1114
3.9493
3.6348
3.7519
3.8910
4.1066
4.4597
4.4601
4.4648
4.2930
4.2636
4.3414
4.0369
4.3734
4.4849
4.4829
4.5704
4.7287
4.6067
4.4989
4.5999
4.3004
4.4636
4.2530
4.5464
4.3182
4.3049
4.1392
4.1021
4.0146
4.2787
4.1233
4.1786
4.4656
4.4113
4.4476
4.3025
4.5299
4.5828
4.1972
4.3895
4.2757
4.3750
4.5731
4.6929
4.4474
4.4481
4.3544
4.2077
4.6897
4.7073
4.4844
4.5706
4.7958
4.8583
4.7381
4.8411
4.5506
4.6234
4.7631
4.8959
4.6868
4.7460
4.7022
4.8479
4.8454
4.5182
4.5483
4.5292
4.3485
4.1720
4.6959
4.6726
4.7239
4.7405
4.7049
4.9145
4.6846
4.6611
5.0427
4.7077
4.9094
4.9486
4.6804
4.7688
4.4985
4.5063
4.3530
4.5252
4.3715
4.4413
4.0941
4.0419
4.5095
4.6537
4.1562
4.4604
4.4777
4.4405
4.3288
4.1427
3.9769
4.3283
3.9761
3.9170
3.9194
3.8524
3.9815
4.1017
4.2551
3.9277
4.0676
3.8848
4.0091
3.9636
4.0271
4.1473
4.2126
4.3986
4.2394
4.5422
4.7072
4.4474
4.4703
4.3502
4.1255
3.9962
4.2948
4.4706
4.2544
4.0530
3.9328
3.8993
4.0281
4.2101
4.3152
4.3026
4.2972
4.5187
4.3147
4.3097
4.4849
4.1615
4.1852
4.6512
4.4903
4.5997
4.4745
4.4035
4.4618
4.0647
4.3951
4.6224
4.2783
4.1116
3.8061
4.3143
4.4690
4.4841
4.3403
4.3059
4.2162
4.1028
4.2153
3.9253
4.2017
4.2573
4.2899
4.4139
4.2939
4.0853
4.0160
4.5766
4.4524
4.2493
4.2739
4.1792
4.2668
4.3759
4.3922
4.2151
4.2997
4.4834
4.4960
4.4848
4.4542
4.4993
4.4546
4.4600
4.4742
4.5444
4.2823
4.3616
4.5784
4.4457
4.2976
4.3916
4.1140
4.1182
4.1712
4.1525
3.8081
3.8620
4.1058
4.1260
4.1621
4.2557
4.1301
4.1270
4.0076
3.9740
3.9589
4.3516
4.1716
4.3239
4.2805
4.3370
4.3510
4.2881
4.3778
4.3616
4.4918
4.2275
4.3851
4.4988
4.2498
4.7041
4.4575
4.6550
4.6808
4.6402
4.4477
4.6043
4.4072
4.7756
4.4564
4.8299
4.3512
4.2470
4.2286
4.1619
4.1400
3.9131
3.9537
4.0067
4.1568
4.2385
4.3183
4.1493
4.3045
4.2201
4.0712
3.9059
4.2441
4.3318
4.3817
4.4381
4.1704
4.1343
4.3970
4.2876
4.4742
4.2753
4.3437
4.4564
4.4764
4.2889
4.5445
4.5108
4.4584
4.4213
4.3960
4.2991
4.3743
4.5097
4.4048
4.5482
4.3961
4.7453
4.6942
4.2172
4.6374
4.4864
4.4402
4.6837
4.6575
4.4557
4.3785
4.2156
4.3332
4.0417
4.5079
4.0709
3.9811
4.1265
4.1735
4.3385
4.2676
4.1625
4.0628
4.0512
4.1186
4.1804
4.2061
4.3942
4.4166
4.5198
4.3770
4.3795
4.3579
4.4254
4.5152
4.4875
4.5305
4.6126
4.6369
4.6099
4.3711
4.4026
4.4338
4.4532
4.4089
4.2281
4.4281
4.6920
4.7122
4.4743
4.0338
4.3720
4.1866
4.4790
4.3163
4.2261
4.3382
4.2674
4.4909
4.3710
4.4491
4.4206
4.3136
4.4234
4.3971
4.3042
4.0013
4.0418
4.0549
4.1188
4.2443
4.1409
4.4768
4.6795
4.4562
3.9678
3.7963
4.0486
4.2858
4.6478
4.3545
4.3645
4.2703
4.0150
3.8161
4.0130
4.1487
4.1848
3.9018
4.3642
4.1667
4.3358
4.3678
4.4457
4.7164
4.9139
4.6590
4.5342
4.3526
4.6777
5.0047
5.0322
5.0669
4.8530
4.9779
4.9813
4.9886
4.9875
4.9247
5.0842
5.3743
5.1992
5.2086
5.0189
5.0972
4.9073
4.9201
4.8820
4.9092
4.9940
5.2343
4.8987
4.9223
5.0199
5.0831
4.9923
4.9105
5.1829
5.4928
5.3544
5.4330
5.2339
5.1279
4.8454
5.1407
5.4143
5.3887
5.4799
5.7177
5.5280
5.5561
5.7229
5.7188
5.7699
5.5418
5.4659
5.6454
5.2634
5.3519
5.5219
5.5214
5.2906
5.3002
5.1616
5.4888
5.2979
5.1031
5.3320
5.1825
5.3564
5.0879
5.1938
5.3562
5.1072
5.0354
5.1127
5.3837
5.4092
5.3748
5.3997
6.0395
5.7751
5.9000
5.8286
5.5889
5.6491
5.5383
5.4619
5.5421
5.5125
5.6126
5.2662
5.5865
5.4497
5.6480
5.3834
5.3377
5.4032
5.4956
5.3734
5.2560
5.3403
5.2896
5.0984
4.9978
4.8959
5.2554
4.8440
4.7267
4.5486
4.5374
4.6270
4.7119
4.7757
4.4504
5.1115
4.7198
4.4896
4.4138
4.8331
4.8632
4.8618
4.7727
4.5599
4.6377
4.5365
4.7802
4.5267
4.2709
4.4265
4.7129
4.5101
4.6214
4.4907
4.5434
4.5505
4.9093
5.0584
4.9666
4.8919
4.8389
4.8059
4.4722
4.5337
5.0026
4.9396
4.7471
5.0524
4.7716
4.7634
4.6149
4.4841
4.3785
4.4142
4.3135
4.4160
4.5063
4.5519
4.6333
4.6672
4.5242
4.9283
4.7561
4.7220
4.6555
4.6889
4.4087
4.8496
4.7288
4.9052
4.7687
4.8109
4.9075
4.9329
4.9723
4.7422
4.8177
5.0245
5.0270
4.6474
4.5855
4.7088
4.6159
4.7119
4.7461
4.5093
4.8490
4.8877
4.6589
4.7155
4.6692
4.4625
4.5149
4.5374
4.6090
4.6031
4.9301
4.9500
4.9535
4.7638
4.5796
4.8302
4.7851
5.0197
4.7458
5.0856
4.7212
4.9113
4.8139
4.7249
4.9061
5.1292
5.0971
5.1048
5.0583
5.1238
4.9423
5.0213
4.8394
4.7632
4.6862
4.6621
4.6404
4.7657
4.6520
4.5325
4.9795
4.5583
4.6541
4.5013
4.6167
4.7342
4.8968
4.7613
4.6135
4.8321
4.8508
4.7255
4.6948
4.8836
4.7727
4.7698
4.8433
4.6024
4.6186
4.6407
4.5577
4.7053
4.5938
4.9110
4.9242
4.8472
4.9828
5.1471
4.8547
4.7652
4.8500
4.8601
4.4108
4.5166
4.4632
4.5067
4.2810
4.1929
4.3531
4.5047
4.3926
4.4437
4.2565
4.4171
4.3518
4.4236
4.3516
4.4534
4.1662
4.4976
4.2023
4.2313
4.4243
4.5893
4.4050
4.4156
4.2598
4.2909
4.3118
4.4504
4.3134
4.2948
4.2372
4.4919
4.3983
4.2931
4.2992
4.2279
4.3685
4.5453
4.4822
4.3249
4.2011
4.2311
4.3982
4.2534
4.2934
4.3049
4.4719
4.2901
4.3029
4.4448
4.5008
4.3907
4.4383
4.5029
4.4384
4.2913
4.3920
4.0775
4.3500
4.2617
4.1332
4.1756
4.0804
4.1216
4.2900
4.0762
4.0241
4.1725
4.3357
4.2940
4.3966
3.9966
4.2793
4.3222
4.2890
4.3171
4.1315
4.1316
4.2660
4.3238
4.2998
4.1044
4.2274
4.3826
4.0434
4.3569
4.2938
4.0697
3.9857
4.2341
4.3354
4.3516
4.1241
4.0372
4.2124
4.3803
4.2898
4.4820
4.0203
4.2263
4.2667
4.4420
4.6470
4.5752
4.7259
4.4006
4.1445
4.1455
4.3530
4.0805
4.0719
4.2316
4.1570
4.2679
4.4466
4.4736
4.6148
4.5357
4.3293
4.1749
4.2383
4.3651
4.2339
4.3964
4.3530
4.2994
4.5158
4.6507
4.5991
4.3414
4.7857
4.7814
4.8376
4.8374
4.6222
4.3516
4.3247
4.4874
4.4917
4.5537
4.6651
4.3954
4.3027
4.4378
4.5752
4.6774
4.6531
4.2955
4.3144
4.4307
4.1223
4.3655
4.4831
3.9540
4.2435
4.0340
4.2390
4.2649
4.1984
4.1820
4.3670
4.0847
3.8200
3.8302
4.1342
3.8731
4.0042
3.9609
4.0709
3.8998
4.3153
4.3921
4.2111
4.2336
4.2840
4.4681
4.3320
4.1473
3.9723
4.2591
4.0901
4.3282
4.0336
3.9838
4.0586
4.2307
4.0637
4.1636
4.0961
4.3326
4.4150
4.5841
4.9000
4.8180
4.8168
4.7824
4.3958
4.3481
4.5621
4.3644
4.1878
4.4560
4.3168
4.2441
4.3281
4.0325
3.8773
4.2287
4.0505
4.0423
4.1646
4.0737
4.1223
4.2366
4.2369
4.2863
4.4794
4.5312
4.5345
4.4598
4.2786
4.4036
4.2104
4.2161
4.3152
4.2296
4.4523
4.3193
4.0500
4.5052
4.3753
4.2008
4.4192
4.4647
4.4679
4.4975
4.3785
4.1051
4.0560
4.2924
4.8917
4.5357
4.6345
4.5605
4.5294
4.4638
4.1899
4.4049
4.1171
4.2652
4.0995
4.1951
4.2085
4.2062
4.0181
4.2799
4.3267
4.4629
4.5515
4.4124
4.4955
4.3559
4.4482
4.3250
4.4022
4.3976
4.4533
4.7319
4.4300
4.6044
4.5980
4.6961
4.8624
4.8115
4.6920
4.6546
4.5164
5.1858
4.8396
4.7547
4.4519
4.6433
4.5640
4.9065
4.9086
4.7546
4.9099
5.0364
5.2746
5.1615
4.8829
4.9125
4.8437
5.0178
4.9771
5.0159
4.9061
5.0847
4.7771
5.1057
5.0834
5.0120
4.6649
4.9525
4.6663
4.3343
4.5343
4.4968
4.6427
4.5039
4.7882
4.6326
4.5951
4.5471
4.5768
4.7121
4.6673
4.7894
4.7860
4.6551
4.5861
4.4650
4.4305
4.7219
4.5377
4.9887
4.9511
4.6741
4.8372
4.4695
4.4609
4.7670
4.6707
4.4722
4.6253
4.6376
4.5509
4.6841
4.7918
4.7761
4.6469
4.9374
4.5727
4.4763
4.3582
4.5109
4.7468
4.7267
4.7586
4.7349
4.7645
4.5860
4.6546
4.3331
4.5520
4.7106
4.5731
4.8093
4.4457
4.3877
4.2109
4.3749
4.3979
4.2477
4.6724
5.0085
5.0350
4.7042
4.7460
4.7133
4.6259
5.0098
4.7900
4.5910
4.5365
4.8036
4.7849
4.8851
4.8556
5.0169
4.9361
4.6418
4.4755
4.5406
4.6459
4.4789
4.5830
4.4730
4.6522
4.6513
4.6676
4.5635
4.8215
5.0345
4.7250
4.8867
4.6762
4.2976
4.7019
5.1131
4.5927
4.4313
4.7099
4.6688
4.6295
5.0560
4.8797
4.8073
4.7115
4.8284
4.8333
4.6707
4.8576
4.9346
4.8122
4.8567
4.9623
4.5585
4.4846
4.7175
4.5843
4.9143
4.8773
4.6181
4.8494
4.9698
5.1223
4.7344
4.9192
4.7710
4.7052
4.5093
4.5607
4.3674
4.8956
5.0432
4.6499
4.4819
4.6154
4.5181
4.7357
4.6796
4.5130
4.8433
4.8818
5.1085
4.9646
4.8973
4.7732
5.3178
5.2833
5.1811
4.7001
4.5244
5.0811
5.1728
4.5011
4.8337
4.7450
4.8229
4.8433
5.0776
4.8278
4.7639
4.9230
4.7868
5.1481
4.8869
4.6626
4.7546
4.6561
4.7324
4.4874
4.7321
4.6393
4.8528
4.6046
4.4771
4.4978
4.8022
4.5605
4.6272
4.8792
4.7884
4.5833
4.4919
4.6462
4.4363
4.5569
4.4011
4.3825
4.3350
4.6887
4.4782
4.6154
4.2016
4.1840
4.2830
4.6626
4.3875
4.3896
4.4858
4.2920
4.3255
4.3471
4.4039
4.1894
4.2595
4.4865
4.5950
4.3709
4.1758
4.4341
4.6602
4.5216
4.3910
4.8641
4.7021
4.8121
4.9506
4.7550
4.8706
4.8516
4.4399
4.6308
4.1470
4.1164
4.2105
4.4210
4.5528
4.7826
4.6289
4.9468
4.6977
4.6448
5.0830
5.0737
5.1143
5.5187
5.3265
5.1092
5.1546
5.3501
5.3569
5.0328
5.2751
4.8920
4.8533
4.8736
4.7380
4.7151
4.7762
5.0159
5.2683
4.7809
4.8426
4.7188
5.1435
5.0709
4.8509
4.9626
5.0902
5.5458
5.1789
5.4005
5.3188
5.0595
5.1412
5.2813
5.0742
5.3876
5.1752
5.6535
5.1727
5.2831
5.0419
5.0094
5.3276
5.5689
5.4826
5.2902
5.1786
5.1746
5.1551
5.3147
5.4947
5.5175
5.2498
5.4280
5.7146
5.3981
5.3070
5.0781
5.3568
5.6512
5.4135
5.1786
5.2051
5.0049
5.3289
5.3352
5.1402
5.3339
5.1756
4.6379
4.7626
4.9664
5.0700
4.9655
5.0038
4.8612
4.9150
5.2032
5.2928
5.1662
5.2464
4.9703
5.4561
5.6733
5.8085
5.7955
5.7414
5.2277
4.7693
4.4965
4.7579
4.8250
4.6912
4.6970
4.6141
4.5293
4.9055
4.5855
4.5300
4.5557
4.7618
4.5339
4.5332
4.4366
4.3040
4.3295
4.4360
4.3694
4.3773
4.2867
4.4446
4.7585
5.0859
4.7186
4.3933
4.4506
4.7190
4.5831
4.3747
4.3652
4.6130
4.3484
4.1922
4.5793
4.1634
4.6067
4.6094
4.6783
4.7063
4.4910
4.6303
4.6679
4.6907
5.0774
4.8526
4.9688
4.8663
4.7819
4.9016
4.9574
4.7864
4.6739
4.7006
4.3652
4.4480
4.0550
4.3916
4.2750
4.0964
4.2572
4.4344
4.5064
4.7000
4.7118
4.2925
4.3119
4.5764
4.6730
4.5713
4.4708
4.6003
4.6187
4.5381
4.8838
5.0657
4.7054
4.8266
4.8012
4.7891
4.4298
4.5172
4.5554
4.7003
4.5770
4.7408
4.9258
4.6392
4.6140
4.5195
4.6468
4.7739
4.5976
4.3438
4.2861
4.3187
4.4455
4.4001
4.5024
4.2926
4.4128
4.5266
4.3163
4.7311
4.8081
4.6582
4.5268
4.2204
4.0756
4.5398
4.4701
4.6231
4.5343
4.6515
4.7834
4.9049
4.6962
4.8180
4.9834
4.8632
5.0561
4.7137
4.5785
4.3953
4.5844
4.7921
4.8744
5.0747
4.8950
4.9380
4.6225
4.7525
4.8988
5.0151
4.9548
5.0256
5.3979
4.7061
4.4009
4.5928
4.5209
4.6732
4.5060
4.4151
4.2585
4.6449
4.4089
4.3301
4.2788
4.4262
4.4636
4.5641
4.3565
4.3070
4.5154
4.4575
4.6229
4.3641
4.4583
4.2318
4.5188
4.6015
4.9236
4.3108
4.7720
4.7024
4.4640
4.5853
4.5889
4.6178
4.3317
4.5916
4.5098
4.5137
4.1734
4.2582
4.2495
4.0114
4.0615
4.2260
4.1038
4.0786
4.0650
4.1283
4.0100
3.9636
3.8120
4.0547
4.2123
4.3524
4.2693
4.5649
4.4850
4.5181
4.5780
4.4947
4.6138
4.5047
4.0992
4.3518
4.2827
4.3702
4.1479
4.3309
4.4953
4.9815
5.4038
4.6805
4.5304
5.1788
4.8230
4.3700
4.2801
4.2050
4.0927
3.9398
3.8256
4.0050
4.0756
4.0710
3.9741
4.4253
4.2673
4.5400
4.5173
4.4984
4.6848
4.3289
4.1335
3.9436
3.9393
4.4652
4.3979
4.5976
4.3151
4.1844
4.2472
4.1829
4.1039
4.2245
4.1211
4.2748
4.1328
4.0637
3.9463
4.2030
4.3694
4.5195
4.1522
4.2376
4.3283
4.1954
4.0765
3.9331
4.0754
4.1555
4.3605
4.0418
4.1195
3.9031
3.6681
3.7122
3.7583
4.1435
4.0148
3.8106
4.1204
4.0921
3.9014
3.9060
3.7015
4.0907
4.3468
4.3761
4.4424
4.2358
4.2547
4.4105
4.0027
4.0265
3.9119
4.1239
4.0145
4.1382
4.2748
4.4948
4.3039
4.2136
4.0898
4.3294
4.1920
4.2304
4.2887
4.2655
4.3466
4.3068
4.5938
4.4243
4.4463
4.7137
4.4907
4.4466
4.3903
4.2783
3.9922
3.9664
4.2848
4.4760
4.3044
4.2873
3.9986
4.3664
4.3984
4.5408
4.1689
3.9645
4.2747
4.7013
4.3827
3.9793
4.1794
4.3852
4.5618
4.7924
4.7786
4.8285
4.3277
4.6344
4.5264
4.6119
4.1918
4.0673
4.4819
4.4978
4.5839
4.8286
4.8271
4.5342
4.4805
4.4847
4.5165
4.6496
4.3800
4.4735
4.7645
4.7056
4.5391
4.5568
4.4423
4.2690
4.1423
4.1722
3.9610
4.0347
4.4452
4.2878
4.2551
4.0347
4.1296
4.0765
4.0541
3.6930
3.9229
4.0207
4.1087
4.2260
4.0838
4.1718
4.2061
4.5272
4.7533
4.7064
4.5334
4.4394
4.4913
4.5521
4.5250
4.5820
4.2603
4.2497
4.2701
3.9937
4.0356
4.1138
4.2687
4.4778
4.6341
4.4969
4.3576
4.2479
4.2462
4.4512
4.4544
4.7491
4.1819
4.2290
4.4091
4.7872
4.5414
4.4074
4.1800
4.2043
4.1686
4.3424
4.1560
3.8361
4.3616
4.4030
4.3325
4.3783
4.4727
4.3158
4.3775
4.2104
4.4892
4.2393
4.4465
4.3520
4.3707
4.4171
4.3466
4.1651
4.1969
4.2653
4.1880
4.2088
3.5414
3.7353
3.9290
4.0472
4.2833
4.4040
4.1933
4.2113
3.9140
3.8279
4.0799
4.1482
4.0744
3.8193
4.1798
4.4609
4.4100
4.5957
4.4414
4.2109
3.9279
4.1070
4.0069
4.1857
3.8783
4.2194
4.1200
4.1751
4.0800
3.9758
4.2420
4.2072
4.1839
4.0985
4.1105
4.2279
4.1367
4.1356
4.2329
4.1618
4.2517
4.0344
3.9471
3.8045
3.8028
3.8535
4.1183
4.1699
4.2416
4.4813
4.5062
4.1979
4.1684
4.2977
4.3078
4.1860
4.2382
4.4179
4.2959
4.1214
3.9389
4.1009
4.2028
4.2886
4.2507
4.4057
4.3001
4.1398
3.9117
3.7361
3.9045
4.1307
4.0985
3.9366
4.0738
4.0560
4.0847
3.9657
4.2088
3.9486
3.9476
4.4368
4.0686
4.0475
4.0650
4.3170
4.1171
4.1029
4.1763
4.2368
4.5033
4.2075
4.1300
3.9794
4.0582
4.0532
3.8012
3.9990
4.0481
4.2376
4.2605
4.4353
4.5532
4.6848
4.6867
4.6339
4.9955
4.7858
4.9103
4.6908
4.9584
4.7530
4.6648
4.4956
4.9496
4.7917
4.4992
4.6367
4.4905
4.7214
4.7569
4.4789
4.2346
4.4794
4.5888
4.6584
4.3513
4.5165
4.4473
4.6118
4.3918
4.7080
4.6285
4.4754
4.5934
4.5442
4.5021
4.4643
4.5400
4.4594
4.4733
4.4097
4.3024
4.2842
4.4907
4.6019
4.2704
4.3136
4.4653
4.6329
4.8713
4.5813
4.2123
4.2237
4.5760
4.2746
4.7044
4.6057
4.1755
4.4511
4.2820
4.3244
4.5108
4.5353
4.3081
4.3924
4.5090
4.4751
4.8543
4.8908
4.5581
4.8072
4.7743
4.6542
4.7664
5.0777
4.7146
4.7409
4.5524
4.5429
4.2395
4.8644
4.8341
4.4850
4.3996
4.7250
4.8351
4.6320
4.3763
4.5215
4.6559
4.7441
4.6598
4.5767
4.5712
4.5247
4.7882
4.7994
4.8111
4.7278
4.8289
4.9594
4.8422
4.8168
4.6916
4.6858
4.5404
4.5486
4.3332
4.5712
4.5326
4.5234
4.4867
4.2673
4.2759
4.4767
4.6897
4.6968
4.4903
4.4866
4.1723
4.0881
4.2476
4.3673
4.0894
4.2948
4.2897
4.1123
4.3825
4.4676
4.4236
4.3351
4.5555
4.4044
4.7854
4.7304
4.6608
4.3781
4.3990
4.4002
4.2521
4.3606
4.5833
4.4555
4.4791
4.3044
4.3838
3.9533
4.1387
3.9808
4.0536
4.0449
3.9801
3.9846
4.1607
4.5578
4.3243
4.5594
4.2908
4.4015
4.4453
4.1463
4.4689
4.3826
4.6125
4.2243
4.0461
4.3719
4.4876
4.3101
4.0797
4.1616
4.2136
4.2953
4.3414
4.6039
4.7686
4.5789
4.6696
4.7295
4.4110
4.3358
4.4551
4.3316
4.3136
4.4569
4.3965
4.5686
4.5473
4.5790
4.8410
4.5385
4.8679
4.6376
4.6899
4.9465
5.1557
4.9524
5.1611
5.0934
4.7180
4.6713
4.6752
4.6657
4.5402
4.3840
4.6080
4.5206
4.6957
4.4854
4.4052
4.1953
4.1877
4.1557
4.6081
4.8455
4.5199
4.5041
4.3139
4.4143
4.3247
4.4995
4.7138
4.8461
4.7021
4.7847
4.5185
4.7203
4.6045
4.6507
4.9715
4.5060
4.4982
4.4406
4.5308
4.6852
4.7239
5.1543
5.0416
4.8748
4.6403
4.9018
5.0109
4.7564
4.5576
4.5250
4.4834
4.2454
4.2196
3.9954
4.0846
3.8823
4.2207
4.3026
4.4973
4.2962
4.4163
4.6276
4.4962
4.7659
4.3599
4.5599
4.3409
4.2787
4.2499
4.5242
4.3958
4.4496
4.2567
4.5249
4.4115
4.1154
4.3421
3.9397
4.1176
4.2343
4.0777
3.9099
4.0060
4.3725
4.2170
4.2319
4.2574
4.3237
4.4266
4.6181
4.2463
4.4774
4.6402
4.5624
4.6918
4.6870
4.7249
4.6348
4.4686
4.4576
4.3686
4.3483
4.2485
4.1932
4.2682
4.3101
4.2337
4.5386
4.4625
4.7310
4.6260
4.4765
4.7336
4.5004
4.3507
4.2624
4.5085
4.2009
4.2715
4.3172
4.3408
4.5820
4.4449
4.5841
4.3795
4.4704
4.0937
4.3314
4.4492
4.2963
4.2670
4.5386
4.6821
4.7922
4.4296
5.0607
4.6833
4.8496
4.4976
4.1909
4.7258
4.4289
4.5368
4.4977
4.5180
4.8672
4.8017
4.9655
4.9856
5.1208
4.8648
4.9422
4.8803
4.9173
5.3472
5.0222
4.8722
4.8548
5.1522
4.9986
5.1186
4.9410
4.9663
4.8558
4.6976
4.6053
5.0308
4.9744
5.1411
4.9132
4.9933
4.7221
4.7479
4.6111
4.7877
4.7200
4.8312
4.8437
4.9544
5.2112
5.3443
5.2834
5.2162
5.4831
5.2233
5.3888
5.3365
5.2369
5.2724
5.2994
5.4335
5.2895
5.0855
5.0911
5.3495
5.0699
5.2756
5.1255
4.7819
4.5243
4.9123
4.6989
4.7906
4.8623
5.1708
4.7418
4.6834
4.8227
4.7937
5.2397
5.0720
5.0845
5.0514
5.3842
5.1036
5.0182
5.0274
5.0440
5.2176
5.1592
5.0720
4.6141
4.8561
4.9950
4.6354
4.8148
4.9978
4.9750
4.9269
4.9604
5.0341
4.9695
5.1314
4.8159
4.6334
4.9176
5.0300
5.1959
4.8119
4.5777
4.8133
4.9459
4.8792
4.8231
4.5417
4.5029
4.3536
4.5784
4.6328
4.6049
5.0347
5.2493
5.3259
5.1291
5.1324
4.8901
4.5856
4.7363
4.8665
4.3045
4.4055
4.0692
4.5056
4.3034
4.3122
4.4825
4.5062
4.6605
4.8032
4.5847
4.8244
4.9123
4.7789
4.7019
4.8990
4.9039
4.7736
4.4435
4.5771
4.2449
4.0516
4.0681
4.2489
4.0984
4.0354
4.2775
4.4238
4.3368
4.2425
4.2776
4.4090
4.3621
4.3026
4.4263
4.2083
4.0705
3.9700
3.5425
3.7641
3.9695
3.7327
3.8688
4.0205
3.6409
3.6469
3.9479
3.8841
3.9512
3.9825
4.1142
4.2443
4.0615
4.1569
4.2786
3.9720
4.0428
4.1204
4.3528
4.2581
4.1775
4.1550
4.2935
4.0926
4.2329
4.3240
3.9786
4.3474
4.5220
4.5111
4.5895
4.4083
4.3903
4.4280
4.5212
4.1735
4.2851
4.1030
4.1222
4.1539
4.0999
4.3494
4.1878
4.2054
4.2729
4.3759
4.1559
4.1754
4.2358
4.1030
3.7728
3.9047
4.1973
4.3005
4.1676
4.1978
4.0144
3.7977
4.1352
3.8591
3.9523
3.8613
4.1478
3.7520
3.8771
3.8223
3.8683
3.9515
4.0654
3.9890
4.0380
3.7287
3.8404
3.6374
3.7460
3.7571
3.7427
3.9393
4.0893
4.2601
4.1621
4.0458
4.1678
4.2985
4.0798
3.8339
3.7568
3.5790
3.6970
3.9208
4.1275
4.2372
4.1798
4.5159
4.6239
4.4271
4.1640
4.2869
4.2668
4.3588
4.4116
4.1100
4.1543
3.9056
4.1175
4.3219
4.2950
4.1937
4.3625
4.2549
4.3528
4.3571
4.1536
4.2098
4.6277
4.4463
4.4499
4.5814
4.4695
4.5358
4.3727
4.3977
4.2710
4.4520
4.5525
4.3355
4.5659
4.8392
4.7130
4.8578
5.1174
4.8303
4.7965
4.6336
4.7755
4.7514
4.8165
5.1666
4.8038
4.4255
4.4589
4.5534
4.1899
4.1168
4.2415
4.4295
4.5212
4.6093
4.6838
4.6097
4.4700
4.3084
4.3524
4.3149
4.4165
4.3676
4.6676
4.5285
4.8905
4.7871
4.7969
5.1646
4.8887
5.1248
4.6602
4.4503
4.5027
4.5664
4.7550
4.5481
4.4678
4.6268
4.5098
4.5126
4.6255
4.3941
4.3376
4.4345
4.6436
4.3472
4.3981
4.8618
4.6594
5.2125
5.2055
5.2520
5.4505
5.3700
5.4078
5.2707
5.1416
5.0204
4.9823
4.8503
4.6344
5.0353
5.3539
5.4206
5.4422
5.4735
5.2047
4.7489
4.9561
4.7047
4.8460
4.6875
4.7431
4.3584
4.5142
4.8037
4.6692
4.8612
4.7282
4.8901
5.1880
4.8804
4.9624
4.7146
4.5627
4.4912
4.5797
4.7194
5.0483
4.5925
5.0123
4.8403
4.6586
4.7432
4.9395
4.9565
4.9176
4.6482
4.6398
4.5122
4.2966
4.3899
4.3115
4.5191
4.2835
4.4182
4.5061
4.3444
4.4225
4.2733
4.2975
4.4018
4.4475
4.4152
4.5070
4.2778
4.4940
4.6441
4.6913
4.8443
4.6646
4.6212
4.6220
4.3450
4.8464
4.9728
4.7799
4.6647
4.6458
4.8704
4.7593
4.5833
4.9402
4.8898
4.6900
4.7539
4.6332
4.9645
4.9261
4.4765
4.6399
4.3532
4.6588
4.5594
4.8759
4.8289
4.5313
4.1777
4.1741
4.5376
4.4663
4.4263
4.3541
4.2105
4.3981
4.4386
4.3471
4.1906
4.0850
3.9281
4.0128
4.0640
3.9923
4.2646
4.1901
4.1888
4.2922
4.1399
3.9495
3.8530
3.9692
4.0248
3.9469
4.0763
4.2618
4.5863
4.6761
5.0059
4.9564
4.9235
4.9777
4.9526
4.7458
4.7327
4.9454
4.8674
5.0862
5.1495
5.1231
4.5433
4.5367
4.5165
4.9312
4.4696
4.6271
4.3979
4.3516
4.5365
4.5286
4.5732
4.6622
4.5229
4.4426
4.3779
4.4524
4.2264
4.6428
4.6477
4.8062
5.0526
4.6502
4.6944
4.3973
4.2203
4.3967
4.8427
4.6712
4.7044
4.7304
4.6527
4.3663
4.5808
4.4362
4.3297
4.7156
4.9358
4.5687
4.7337
4.7715
4.9199
4.7232
4.5389
4.4451
4.5232
4.5012
4.5394
4.6540
4.5208
4.4132
5.0509
4.7812
4.6990
5.0642
4.9141
5.0119
4.7675
4.9325
4.9547
5.3218
4.6579
4.6866
4.5971
4.6185
4.7051
4.5631
4.5107
4.4101
4.4486
4.4233
4.4982
4.3092
4.8581
4.5563
4.6452
4.7878
4.7948
4.9884
4.7272
4.6267
4.5317
4.6386
5.1587
5.0705
4.4639
4.9249
4.7091
4.4234
4.6632
4.6247
4.9082
4.8527
4.5610
4.9563
4.6515
4.3930
4.3480
4.5355
4.7293
4.3826
4.3438
4.2213
4.2780
4.1543
4.4667
4.4207
4.4156
4.4928
4.2094
4.5083
4.2788
4.5599
4.4537
4.5606
4.6510
4.7518
5.0027
4.5993
4.4801
4.2731
4.2982
4.1219
4.1996
4.0726
4.2929
4.2585
4.2652
4.5429
4.3380
4.2778
4.3404
4.2730
4.1839
4.5790
3.9230
4.3514
4.6721
4.2956
4.1422
4.3538
4.0284
4.2300
3.9981
4.1091
4.3899
4.5112
4.4690
4.2793
4.2660
4.2984
4.1310
4.6928
4.3715
4.5281
4.5382
4.3095
4.0747
4.2202
4.0090
3.9490
4.0944
4.0966
4.3767
4.1525
3.9684
3.9938
3.9723
4.2754
4.3597
4.2762
4.6038
4.3311
4.1319
4.2243
4.2315
4.1783
4.7022
4.5655
4.6972
4.5608
4.6020
4.6913
4.7675
4.6652
4.2828
4.0123
3.9178
4.1928
4.1321
4.3604
4.3315
4.2876
3.9114
4.1744
4.2744
4.1238
4.3392
4.0261
4.2700
4.3588
4.3862
3.9944
4.1184
4.2767
4.2770
3.9972
4.1601
3.9663
4.1856
4.2119
3.9192
4.0440
4.1163
4.1390
4.3374
4.0294
4.1654
4.3897
4.7776
5.0341
5.0018
4.8492
5.1070
4.6036
5.1276
4.7309
4.8694
4.9080
4.7155
4.6892
4.8291
4.4484
4.2023
4.1589
3.9477
4.1865
4.2077
4.1470
4.2124
4.1862
4.1774
4.4095
4.2464
4.3125
4.1869
4.1784
3.6107
3.8535
3.8708
4.1471
3.8509
3.8130
3.5439
3.9372
4.2747
4.4472
4.3345
4.6348
4.6646
4.7823
5.0794
4.7824
5.2449
5.1318
4.7419
4.6672
4.5804
4.2785
4.3912
4.7931
4.7899
4.6469
4.5130
4.3850
4.0994
4.2324
4.3629
4.1229
4.2928
4.3621
4.6580
4.3603
4.2375
4.3436
4.1600
4.1025
4.2834
4.1472
4.1027
4.2069
4.3729
4.5720
4.0859
4.1330
4.2845
4.0854
4.1841
4.2196
4.0424
4.1284
4.2959
4.2074
3.9540
4.1644
4.2765
4.1901
4.1972
4.1128
3.9249
4.0349
4.2513
4.2384
4.4799
4.5929
4.4037
4.2605
4.3634
4.2307
4.2289
4.0344
4.0059
4.1796
4.2493
3.7468
3.9651
3.6949
4.1058
4.0569
3.9884
4.0571
4.0067
3.7829
3.6916
3.9268
4.0390
4.0089
3.7345
3.9539
4.0541
4.1797
4.1164
4.2636
3.9066
3.7504
3.9432
4.0776
3.7739
3.8927
3.9637
3.9888
3.6577
3.8444
4.1279
3.7483
3.9359
3.9929
4.0474
3.7569
3.9210
3.8906
3.7824
4.0667
3.8528
3.6799
3.9195
3.7584
4.1895
4.0948
3.9415
3.8704
3.6355
3.8778
3.6988
3.8475
3.9714
3.9712
3.9921
4.0234
4.1938
4.0383
4.1830
4.1213
4.2522
4.3063
4.2617
4.4010
4.3429
4.1522
4.2928
4.4341
4.5278
4.2407
4.2889
4.2271
4.1346
4.4578
4.5548
4.5025
4.4509
4.0653
4.2481
4.3048
4.2644
4.1322
3.9818
4.0584
4.1961
4.1224
4.0383
3.6263
3.7985
3.7861
3.8453
3.6792
3.7973
3.9625
3.7509
3.9628
4.1645
3.6935
3.7587
3.7946
3.7338
3.7720
3.8378
4.2806
4.2348
3.6996
3.9423
3.8956
4.2763
3.8829
4.0453
3.7010
4.0022
3.6604
3.6095
3.6391
3.6598
3.5951
3.5767
3.6126
3.6486
3.6385
3.8800
3.8663
3.9690
4.1264
4.0509
4.2711
4.1723
3.9865
4.2585
4.1652
4.1349
4.2286
4.2526
4.0362
4.3074
4.0073
3.8723
4.1107
4.3845
4.0534
3.9045
4.1329
4.0529
4.1219
4.1599
4.2696
4.3593
4.3005
4.1752
4.3552
4.4182
3.9927
4.0577
4.0649
3.7703
3.8306
3.7059
4.0457
4.3511
4.2608
4.1847
4.1343
4.0968
3.9782
3.9429
3.8760
4.0694
3.9228
4.0111
4.0191
4.1406
4.3918
4.2650
4.4323
4.4548
4.2474
4.2611
4.2891
4.1087
3.9308
4.1523
4.0740
4.0178
4.0597
4.2780
4.5282
4.4819
4.3558
4.2541
4.1019
3.8937
3.9940
3.9658
3.8555
3.7562
3.6927
3.7584
3.8599
4.4020
4.1486
4.2137
3.9940
3.9076
4.0499
4.0633
4.0401
3.8497
4.0925
4.0099
3.8088
3.7459
3.5596
3.6633
3.6843
3.9226
4.1272
3.9635
4.1330
4.0432
4.2731
4.2566
4.0955
4.3303
4.2917
4.1714
3.9951
4.0946
4.1846
4.1518
4.0799
4.1343
4.1906
4.0150
4.1433
3.7985
4.1498
3.9129
4.0596
4.0554
4.0756
3.8702
3.7016
3.9071
3.8738
4.1199
4.1487
4.0699
3.9442
4.2303
4.4877
4.2528
4.4736
4.1632
4.6054
4.7720
4.6176
4.7060
4.6474
4.6555
4.4941
4.3642
4.2521
4.4617
4.1119
3.8700
4.1775
4.3772
3.9868
4.0547
4.0184
4.2557
4.3131
4.1959
4.3661
4.1546
4.3448
4.1241
4.3309
4.2520
4.1809
4.2157
4.4608
4.6304
4.6940
4.1830
4.4125
4.1209
4.1395
4.3050
4.2798
4.1294
4.0699
4.0403
4.5433
4.4831
4.3794
4.3324
4.4298
4.4933
4.5594
4.5983
4.0391
4.1334
4.2458
4.4999
4.4884
4.1727
4.3158
4.3259
4.4149
4.5327
4.2746
4.3076
4.0310
4.1900
4.1344
4.3460
4.5412
4.1742
3.9246
4.1918
4.3368
4.1915
4.4733
4.3372
4.5314
4.7053
4.6767
4.5996
4.5646
4.2816
4.4727
4.5600
4.3780
4.0445
4.3205
4.2815
4.0037
3.8884
4.1433
4.2464
3.9252
4.2220
4.1802
4.1651
4.0111
4.1060
4.0214
3.9150
3.9679
3.7521
4.0173
4.1725
4.0823
4.0969
4.0526
4.1278
4.3437
4.0695
3.8807
3.9911
3.9865
3.7850
4.0581
3.8336
4.0430
4.0537
4.0626
4.0184
4.3901
4.4739
4.3158
4.1458
4.0812
4.0209
3.9015
4.0545
4.1573
4.2914
3.8157
4.0717
4.0495
4.0354
4.0061
4.1801
4.0616
4.0252
3.7415
4.1428
4.0897
4.1119
3.9483
3.7879
3.7566
3.6967
4.1030
3.9723
4.2622
4.1097
3.8514
3.9965
3.9820
3.9912
3.9181
4.0033
4.0525
3.9386
4.0812
3.9974
3.9863
4.3459
4.0435
4.2291
4.0531
3.9830
4.0877
4.0960
4.0365
4.1909
4.0380
4.3102
4.3056
3.9517
4.0895
4.3352
4.2851
3.9014
4.2981
4.2418
4.3696
3.9836
4.3521
4.3184
4.3045
3.9151
3.9493
4.1266
4.3128
4.1773
4.3241
4.1662
3.7684
4.0263
4.1302
4.1096
4.0558
4.0663
4.0069
3.9214
3.8523
4.3546
4.2861
4.5869
4.0661
4.1704
4.1028
4.3268
3.8874
4.4251
4.4267
4.6323
4.4791
4.1931
3.9409
3.7872
3.8943
4.0226
4.3396
4.5292
4.4088
4.6474
4.4895
4.7583
4.6022
4.4449
4.4853
4.3844
4.1475
4.2581
4.2997
4.1116
4.4498
4.4217
4.3934
4.6470
4.4437
3.9256
4.5590
4.3871
4.3573
4.2591
4.3890
4.4582
4.2364
4.7776
4.5824
4.0782
4.2661
4.4352
4.3360
4.5240
4.6565
4.4251
4.6038
4.4668
4.1954
4.4463
4.5693
4.5917
4.9176
4.6150
4.6255
4.2766
4.1211
4.4002
4.6636
4.3642
4.1728
4.1205
4.8051
4.7966
4.7886
4.4568
4.2872
4.4439
3.9644
4.0706
4.0805
4.3087
4.0606
3.9444
4.1439
4.1323
4.1122
4.2952
4.3588
4.4051
4.4629
4.2470
3.9665
4.2734
4.3007
4.3402
4.4859
4.4086
4.3875
4.3308
4.4219
4.7776
4.2085
4.1378
4.0287
4.0479
3.9994
3.9149
3.6114
3.5030
3.4635
3.5156
3.7046
3.9465
3.9446
4.1087
3.7661
3.6356
3.5979
3.6563
3.8004
4.0670
3.9112
3.7876
3.8358
3.7128
3.9422
3.8373
4.0241
3.9494
3.7035
3.6616
3.8765
3.9655
3.8068
4.0623
4.0033
4.0333
4.1528
4.2055
4.3999
4.0924
4.1466
4.2909
4.3023
4.1582
4.3080
4.3090
4.0740
4.1922
3.8081
4.0539
3.9317
4.1188
3.9373
4.3044
4.1554
3.9766
4.1427
4.0492
3.7960
4.0860
4.1965
4.1022
4.1759
4.0378
4.0249
4.0138
4.0997
3.8410
3.9760
3.8920
4.1563
4.2377
4.4129
4.0291
4.4952
4.1963
4.2261
4.5883
4.2527
4.5311
4.6354
4.5111
4.4442
4.1544
4.1418
4.2876
4.4694
4.3288
4.3075
4.5193
4.3287
4.7588
4.2675
4.3633
4.4725
4.3410
4.5145
4.4239
4.3063
4.3317
4.2226
4.4201
4.5282
4.6288
4.2331
4.3069
4.1653
4.0580
4.1365
4.6691
4.4139
4.4260
4.3056
4.2834
4.0593
4.4238
4.3729
4.5219
4.6415
4.3616
4.3766
4.3741
4.2349
4.0537
4.4508
4.5500
4.4000
4.1472
4.3273
4.4070
4.2667
4.4424
4.4978
4.6405
4.5508
4.4730
4.3308
4.1809
4.2476
4.3511
4.4147
4.3591
4.1980
4.1185
3.9230
3.9594
3.8547
3.9873
4.2270
3.8614
4.1814
3.8560
3.9333
3.9075
3.8389
4.1820
4.0028
3.9236
3.8951
4.1124
4.1280
4.0172
4.0187
4.1032
4.0349
4.1898
4.0430
3.9804
3.9675
3.8956
3.9537
3.8565
4.0118
3.9713
4.1420
3.8133
3.7588
3.8033
3.9189
4.0895
3.9351
3.9934
4.2484
4.1670
4.2421
4.4118
4.1381
4.0879
3.9649
3.9276
3.9767
4.0534
3.8971
4.0625
3.6742
3.8710
3.9730
4.0438
4.1904
4.4021
4.3333
4.0847
4.0655
3.9153
4.0415
3.9389
3.9969
3.7835
4.0523
4.0467
3.8338
3.7223
3.7425
3.6898
3.7334
3.6346
3.7945
3.6669
3.6333
3.7273
3.5888
3.7266
3.6441
3.9741
4.0779
3.8816
3.7088
3.7673
3.9419
3.7716
3.8576
3.7421
3.7003
4.0088
4.0533
4.0122
4.1583
4.0235
3.8449
3.9689
4.1989
4.2122
4.2425
4.2806
4.1432
4.2686
4.5723
4.4327
4.1682
4.0045
4.2700
4.2819
4.4568
4.1238
4.0758
4.3895
4.4236
4.5386
4.4140
4.5708
4.5583
4.5942
4.5853
4.5805
4.5044
4.6215
4.4383
4.3553
4.7861
4.6353
4.5866
4.5480
4.6669
4.7624
4.7352
4.9405
4.4558
4.3688
4.6041
4.4391
4.1133
3.9695
4.1645
4.2101
4.3409
4.2973
4.5725
4.6042
4.7638
4.6784
4.2857
4.3827
4.3992
4.5780
4.4126
4.4731
4.2512
4.6694
4.4911
4.4167
4.3004
4.3482
4.4585
4.3199
4.4576
4.3524
4.3604
4.3927
4.5205
4.6896
4.7163
4.7222
4.4005
4.4957
4.5683
4.8976
4.6368
4.6019
4.5099
4.5207
4.5964
4.7322
4.6179
4.4206
4.3926
4.0630
4.2803
4.2503
4.4813
4.3756
4.2271
4.3493
3.8173
4.0268
4.2264
4.0243
4.4969
4.2829
4.2382
4.5013
4.3847
4.5834
4.5342
4.3297
4.1896
4.1617
4.0219
4.1761
4.2785
4.0693
4.0821
4.4212
4.0715
4.1118
4.0422
4.0997
4.1320
4.3694
4.3560
4.3377
4.2906
4.1006
3.9058
3.8758
3.9851
4.2149
4.4736
4.2120
3.8664
3.6790
3.8116
3.8242
3.8924
4.0687
3.7965
3.7987
4.0492
3.9180
4.0810
4.1033
3.7852
4.0161
3.9697
3.9295
3.9210
3.8009
3.8748
3.9808
4.0413
3.9844
4.0415
3.8952
3.9810
4.0540
3.9833
3.7993
3.8957
4.1291
3.9614
3.6981
3.9429
3.7394
3.7279
3.9674
3.8801
3.9048
3.5853
4.1953
3.9409
3.8544
4.0030
3.8698
3.8341
4.0367
3.9395
3.8231
4.0125
3.7245
3.9274
3.5990
3.8833
3.9317
3.9529
4.1154
4.2094
4.1938
4.2349
4.0421
4.1098
4.0297
4.0403
4.2574
4.0155
4.2077
4.0543
3.9568
4.0696
3.9866
4.0720
3.8481
4.0201
3.7741
3.6345
3.7789
3.6601
3.8780
3.8143
3.9224
3.9062
3.9155
3.8834
3.7632
3.8027
3.9238
4.1756
3.7628
3.8231
3.8619
3.9162
4.2027
4.1199
4.2148
4.0138
3.9881
3.9507
4.2089
3.9597
3.9492
4.1149
3.9350
3.9386
3.9135
3.9494
4.0216
3.9716
4.0251
3.9539
4.4561
4.3961
4.0109
3.9414
4.1030
4.0290
3.8877
3.8894
3.9395
3.8638
4.1186
3.7030
3.8071
3.8899
3.8453
3.8285
3.8443
3.8582
4.1184
3.7120
3.7595
4.1219
3.8712
3.5278
3.9366
3.8177
3.8767
3.8415
3.8101
3.6225
3.7377
3.9209
3.9636
3.9689
3.9798
4.1095
4.3396
4.2687
3.8611
3.9427
4.1417
3.8379
3.9263
3.8473
3.7788
4.1601
4.0124
3.7700
4.1389
4.3570
4.1646
4.0641
3.9445
3.9744
3.9720
4.1108
4.0793
4.0034
4.1879
4.0184
4.3265
4.1522
3.7943
3.8207
4.1350
4.1858
3.6360
3.9387
3.9627
3.7788
4.0497
4.3181
4.1655
3.9148
3.9439
4.1318
4.2433
4.2764
4.1208
4.5760
4.0879
3.9950
4.1013
4.0309
4.1021
4.1478
4.0666
3.9240
3.9208
4.1821
3.9880
3.7634
3.9911
3.9789
4.0114
3.8184
3.9854
4.0989
4.1678
3.8687
3.7144
3.5530
3.5465
3.7430
3.8488
3.7732
3.8749
4.0275
3.9127
3.3817
3.4196
3.5601
4.1953
3.7344
3.8811
3.7670
3.7306
3.6056
3.9031
3.9458
4.0523
3.6482
3.7351
3.9983
4.0456
3.9166
3.8190
3.7888
3.9368
3.9840
3.5380
3.6997
3.7268
3.5713
3.6381
3.8037
3.6097
3.6051
3.8755
3.8437
4.0032
3.6888
3.7105
3.7892
3.7659
4.0472
3.6160
3.7997
3.8052
3.8736
3.7585
3.8893
3.8622
4.0515
3.7820
3.9326
3.7223
3.8900
4.0711
3.9797
3.7591
3.7249
3.8265
3.7336
3.5381
3.3876
3.7239
3.7372
3.7512
3.6367
4.0174
4.1235
3.9009
4.0342
3.9234
4.0827
3.9267
4.0155
4.1897
4.2319
4.1665
4.1854
3.6383
3.5890
3.8203
3.7039
3.7401
3.7168
3.7772
3.8030
3.7694
3.6518
3.5173
3.5890
3.7381
3.7368
4.0093
3.8037
3.8313
3.7016
3.6683
3.4190
3.5650
3.7190
3.5910
3.5959
3.5556
3.6329
3.7692
3.9726
3.7074
3.5989
3.5046
3.3655
3.4701
3.6184
3.6923
4.0965
3.6737
3.5705
3.5817
3.9439
4.0415
4.3946
4.3929
4.5683
4.5791
4.2688
4.1463
4.0326
4.0808
4.2013
3.7716
3.9628
3.9150
3.7683
3.9137
3.8488
3.5033
3.5312
3.6221
3.6582
3.7875
3.5150
3.5137
3.4151
3.4039
3.7338
3.8552
3.6930
3.5900
3.9356
3.7444
3.8958
3.7276
3.7723
3.9800
3.8870
4.0421
3.6017
3.7583
3.8728
3.9585
3.6693
3.6774
3.6928
3.6545
3.7467
3.5881
3.8333
3.5459
3.3097
3.4957
3.8053
3.9155
3.8417
3.7622
3.9047
3.7647
3.8056
3.9238
3.8519
3.8874
3.6683
3.8481
3.6276
3.7621
3.7169
4.0366
4.1018
3.8532
3.8718
3.5459
3.4355
3.6195
3.5945
3.7256
3.5963
3.4365
3.6063
3.6551
3.9351
3.6995
3.9360
3.9706
3.7435
3.7274
3.7050
3.4846
3.8104
3.8033
4.0759
3.8572
3.6937
3.7666
3.3779
3.7533
3.7448
3.6606
3.7870
3.8660
3.7549
3.6331
3.6995
3.9496
3.7190
4.1189
3.6866
3.7057
3.7342
3.6707
3.6857
3.5927
3.5684
3.3802
3.5978
3.4363
3.4568
3.4216
3.4434
3.4610
3.5162
3.6439
3.6779
3.5266
3.5207
3.6204
3.5097
3.8218
3.9963
3.4076
3.6583
3.7383
3.9830
3.8642
3.7993
3.8196
4.0706
3.6699
3.7047
3.9975
4.1236
3.9505
4.1500
3.8001
3.9959
4.1357
3.9765
4.0583
4.1944
3.8215
3.7992
3.9185
3.9178
3.7227
3.8679
3.7380
3.7520
3.9011
4.0549
3.9778
3.7806
3.7264
4.0244
3.8773
3.9230
3.9051
3.9409
3.9876
4.0053
3.8720
3.8335
3.7097
3.8284
3.8911
3.8175
3.7329
3.8982
3.7012
3.7910
3.9147
4.0780
4.0427
4.0018
3.8447
4.0319
3.9274
3.8993
4.2724
4.0362
3.9323
3.9288
3.8689
3.6645
4.0103
3.9822
3.6777
3.8113
3.9393
3.9588
3.9279
3.8623
4.0226
3.5765
3.7005
4.0372
3.8607
3.8089
3.5223
3.6319
3.8448
3.9114
3.7286
3.9067
3.9316
3.9793
3.8204
3.7730
3.6312
4.0870
4.1814
3.9109
3.6051
3.9504
3.7129
3.7382
3.7693
3.9761
3.9656
3.8325
3.6215
3.8009
3.7258
3.5952
4.0677
4.0554
3.9968
3.8408
4.1215
3.9268
4.1213
3.7710
3.7324
3.9160
3.7713
3.9281
3.8401
3.8100
4.0485
4.2216
3.8575
3.9722
3.9168
3.9849
3.7797
3.9508
3.7907
3.9328
3.9270
4.1558
4.0543
4.4097
4.3762
4.1986
4.4826
4.3127
4.5084
4.7362
4.2035
4.2000
3.9178
4.0048
4.0792
4.0865
4.2777
4.2485
4.4352
4.0718
4.5494
4.2894
4.1045
4.4730
4.3404
4.6475
4.6654
4.9277
4.8467
4.5600
4.4686
4.5018
4.5252
4.3559
4.4061
4.3970
4.4618
4.5287
4.6522
4.4824
4.5246
4.4256
4.7292
4.2573
4.1076
4.2426
4.3667
4.5875
4.8819
4.9121
4.6692
4.7322
4.4537
4.5941
4.7723
4.3802
4.3797
4.5439
4.5579
4.6166
4.7218
4.5762
4.8217
4.8942
5.2876
4.9713
4.6891
4.6802
4.6931
4.6419
5.1564
4.6976
4.6494
4.7330
4.8241
4.6696
4.6727
4.4944
4.7427
4.6144
4.3458
4.0288
3.8518
4.1992
4.1068
4.4594
4.3072
4.4105
4.2808
3.9932
4.1871
4.3229
4.4070
4.6542
4.5523
4.5461
4.5419
4.1402
4.6713
4.5366
4.2737
4.3006
4.4421
4.2787
4.4755
4.1893
4.3453
4.1213
4.0406
4.1163
3.7879
4.0321
4.2540
4.1075
4.3519
4.2424
4.2963
4.1942
4.2541
4.5835
4.4270
4.4497
4.5585
4.3343
4.2705
4.2335
4.0748
4.4623
4.3012
4.2420
4.2488
4.4471
4.4298
4.2326
4.3078
4.4407
4.3552
4.4714
4.8470
4.2939
4.3396
4.7900
4.3147
4.6692
4.5980
4.5603
4.3859
4.5859
4.4603
4.4431
4.3633
4.4142
4.1116
4.3324
4.4547
4.9468
4.6053
4.5228
4.3852
4.2097
4.3333
4.2885
4.0937
4.6326
4.5738
4.4074
4.3988
4.3472
4.4031
4.3229
4.4805
4.4691
4.1390
4.4954
4.5767
4.3802
4.4108
4.7845
4.6818
4.4142
4.1938
4.3156
4.3187
4.3670
4.7851
4.4439
4.4209
4.5940
4.4218
4.4733
4.7774
4.5725
4.7379
4.5835
4.5702
4.3941
4.6253
4.4568
4.4127
4.6900
4.5400
4.6894
4.1243
4.0469
4.3428
4.5602
4.4572
4.0596
4.4009
4.3660
4.2171
4.5258
4.7534
4.4694
4.5056
4.3014
4.1384
4.1709
4.1854
4.2545
4.4933
4.3606
4.1411
4.0660
4.2229
4.2690
4.2351
4.2115
4.1487
4.2454
4.1642
4.3535
4.1144
3.9895
4.2304
3.9294
3.9231
4.2417
4.3479
4.4339
4.3223
4.7391
4.3252
4.3025
4.0628
4.3913
4.2224
4.0244
4.0871
4.2042
4.2469
4.4435
4.2797
4.3405
4.2808
4.3574
4.3266
4.7369
4.3576
4.5938
4.4931
4.5532
4.6477
4.6308
4.4691
4.4986
4.7298
4.3047
4.2523
4.3062
4.2456
4.2423
4.0360
4.2344
3.9953
4.2266
4.4508
4.3137
4.3260
4.2284
4.4027
4.3277
4.2617
4.5012
4.4875
4.5268
4.4548
4.2054
4.4735
4.4469
4.3814
4.4630
4.5504
4.5730
4.4536
4.6563
4.4716
4.3291
4.4823
4.3173
4.5755
4.4837
4.6041
4.2770
4.2728
4.4452
4.5309
4.6688
4.5881
4.6452
4.3110
4.3448
4.4103
4.3136
4.2902
4.0010
4.1948
4.4392
4.4439
4.7205
4.6828
4.5446
4.3765
4.2896
4.4970
4.4299
4.4392
4.1869
4.0136
4.1635
4.2626
4.4745
4.4676
4.5847
4.1991
4.2251
4.4542
4.4525
4.5826
4.4233
4.5885
4.9818
5.1364
4.6664
4.5118
4.8532
4.6959
4.6961
4.5638
4.3928
4.2225
4.1625
4.1841
4.7481
4.4931
4.4652
4.6651
4.5665
4.2101
4.3430
4.4874
4.4581
4.5865
4.1474
4.5359
4.5052
4.5369
4.5610
4.2166
4.5151
4.5152
4.5978
4.4320
4.1923
4.1945
4.6415
4.6659
4.3605
4.6109
4.5928
4.4894
4.3420
4.3380
4.3676
4.4830
4.3435
4.4936
4.8260
4.3118
4.2082
4.3901
4.4825
4.4646
4.4179
4.5673
4.1490
4.2694
4.2291
4.2853
4.4293
4.4615
4.3759
4.4197
4.4442
4.5954
4.6519
4.4905
4.4937
4.7002
4.3568
4.3257
4.2383
4.4093
4.0037
4.2885
4.1193
4.2980
4.2283
4.2270
4.0440
4.2457
4.2220
4.4265
4.2619
4.0754
4.3317
4.2239
3.9741
4.3732
4.4250
4.1840
4.5399
4.4830
4.5765
4.3162
4.2872
4.6365
4.3011
4.2002
4.6133
4.5661
5.0581
4.7726
4.6770
4.6109
4.5297
4.6318
4.4726
4.5099
4.0908
4.1202
4.0958
4.2240
4.4098
4.2598
4.3988
4.4074
4.5617
4.2730
4.4483
4.7129
4.3890
4.3305
4.5540
4.4364
4.7162
4.1455
4.4258
4.3434
4.3816
4.6941
4.8179
4.6004
4.3567
4.5309
4.4331
4.2957
4.6966
4.6629
4.5141
4.5598
4.8983
4.9162
4.4043
4.4474
4.5176
4.7880
4.3754
4.4667
4.6218
4.4695
4.4643
4.5089
4.4437
4.4128
4.6560
4.5937
4.5841
4.5069
4.3376
4.5144
4.7679
4.9250
4.7315
4.8231
5.0084
5.0850
5.2658
5.2323
4.9490
5.1327
4.7115
4.9095
4.7832
4.8772
4.5221
4.6241
4.5729
4.7720
4.8665
4.6417
4.7506
4.4472
4.3649
4.8777
5.0108
4.9758
4.7344
4.6036
4.7435
4.4241
4.4117
4.4088
4.1008
4.5401
4.5020
4.5916
4.7268
4.6773
4.3892
4.9190
4.8512
4.8957
4.8018
4.7510
4.7566
4.4846
4.5821
4.5450
4.4495
4.3431
4.3873
4.7541
4.5376
4.6446
4.7520
4.6191
4.2701
4.7795
4.4572
4.5001
4.6740
4.5945
4.1114
4.0784
4.0888
3.8932
3.8430
4.1283
4.1474
4.2998
4.2390
4.2578
3.9968
3.7713
3.8407
3.8207
4.1342
4.2590
4.0230
4.3403
4.1436
4.3492
4.2951
4.1551
4.4651
4.3855
4.4752
4.2546
4.3159
4.2759
4.4939
4.0840
3.8718
3.7321
4.0701
3.9315
3.9073
4.1753
4.1641
4.2401
4.0616
4.6247
4.2204
4.3650
4.2057
4.1616
3.9826
3.9651
4.2476
4.4270
4.4938
4.2806
4.2704
4.1965
4.5072
4.2777
4.2771
4.5409
4.5104
4.4138
4.4206
4.6098
4.5588
4.3982
4.0229
4.0594
4.1379
4.5139
4.0902
4.1484
4.2755
4.3982
4.1028
4.5154
4.1811
4.3899
4.3653
4.3522
4.5891
4.3924
4.4778
4.3749
4.4577
4.1409
4.2809
4.2850
4.2595
4.6410
4.7692
4.6175
4.6213
4.4361
4.4265
4.5428
4.3139
4.5135
4.4754
4.7508
4.5065
4.4716
4.3662
4.3842
4.1825
4.2730
4.3849
4.3624
4.3561
4.2600
4.5315
4.6571
4.2123
4.5067
4.7244
4.8857
5.2390
4.9749
4.6526
4.7674
5.0718
5.1390
4.8757
4.5908
4.6070
4.4174
4.5848
4.4778
4.3041
4.3530
4.3724
4.4292
4.3601
4.4006
4.4406
4.2544
4.5302
4.4947
4.6672
4.3310
4.7333
4.5549
4.2799
4.2804
4.3735
4.2158
4.3528
4.1980
4.4655
4.2891
4.5994
4.5504
4.3542
4.2806
4.3955
4.4036
4.5456
4.3786
4.2024
4.2590
4.5847
4.7312
4.2903
4.3398
4.2581
4.4036
4.4019
4.5896
4.6713
4.7844
4.8533
4.6486
4.8207
4.6765
4.6010
4.6748
4.6235
4.4450
4.5751
4.8232
4.4331
4.3211
4.4035
4.1814
4.1776
4.2330
4.2087
4.0711
3.9876
4.0223
4.1114
4.0512
4.1460
4.0072
4.1405
4.0615
4.5067
4.4292
4.5882
4.4785
4.1535
3.8044
3.7007
3.6592
3.7749
3.7792
3.8695
3.8939
3.9730
4.0062
4.0973
4.1146
3.9334
3.7828
3.9856
4.2341
4.4017
4.3154
4.3492
4.1923
4.2479
4.1319
4.3131
4.3607
4.4130
3.9437
4.0826
3.8435
4.3582
4.2009
4.2650
4.3807
3.9473
4.1525
4.1264
4.0325
4.0786
4.1490
4.2399
3.9084
4.0708
3.9988
4.0107
4.1396
4.2797
4.4471
4.6776
4.5204
4.4332
4.3953
4.6033
4.5984
4.3138
4.3209
4.4452
4.7238
4.6944
4.5818
4.5118
4.3838
4.8092
4.6385
4.5309
4.3668
4.1131
4.0521
4.3629
4.4817
4.6695
4.7669
4.9146
4.7794
4.9884
5.0023
4.9477
4.8315
4.7575
4.4282
4.3386
4.7345
4.2749
4.2639
4.1110
4.1566
4.1479
4.1843
4.0444
4.3276
4.3446
4.2353
4.6211
4.7164
4.5884
4.4661
4.3393
4.5721
4.2826
4.7265
4.2984
4.4082
4.1558
4.5407
4.4336
4.4345
4.3745
4.0284
4.2548
4.4209
4.3420
4.0614
4.3041
4.2889
4.1061
4.1423
3.8940
3.5670
3.4822
3.6203
3.3798
3.4301
3.4029
3.2555
3.5252
3.4630
3.5349
3.4828
3.4637
3.7116
3.6423
4.0451
3.7171
3.6656
3.6001
3.9463
3.9630
4.1736
4.0580
3.9774
3.8642
4.0774
4.0988
4.0890
3.7501
3.6196
3.7564
3.8075
3.8799
3.7945
3.9962
3.8706
3.9748
3.6456
3.7228
4.0637
3.7996
4.1634
3.8684
4.1888
4.1377
4.2561
4.4140
4.3342
4.5347
4.4166
4.1880
4.0443
4.0447
4.1210
4.1226
4.0753
4.2359
4.1595
4.4792
4.6043
4.4090
4.5671
4.3796
4.4357
4.3848
4.4788
4.5249
4.5070
4.4555
4.2808
4.4769
4.3396
4.3341
4.9610
4.7506
4.3708
4.1902
4.4571
4.3659
4.1524
4.3112
4.2872
4.1512
4.3767
4.4512
4.0644
4.3575
3.9846
4.3008
4.5164
4.7191
4.8305
4.7826
4.9017
4.7168
4.5435
4.5276
4.6258
4.6476
4.5081
4.5614
4.3692
4.5534
4.4798
4.4795
4.5591
4.7067
4.7511
4.7093
4.6443
4.5645
4.8694
4.8710
4.4907
4.5364
4.3842
4.3966
4.6816
4.6229
4.3242
4.3394
4.2416
4.5163
4.4648
4.5606
4.4940
4.6228
4.1135
4.3076
4.1379
4.0762
4.4326
4.4729
4.1521
4.3496
4.4691
4.2122
4.2785
4.2475
4.5531
4.6790
4.7323
4.5572
4.6253
4.5585
4.6083
5.0505
4.9036
4.8861
4.6512
4.4794
4.5723
4.6277
4.6880
4.6547
4.5061
4.6525
4.5513
4.6168
4.7179
4.4312
4.4535
4.5790
4.5809
4.7238
4.4959
4.3917
4.5233
4.4530
4.1901
4.4081
4.1994
4.4634
4.4222
4.3986
4.4423
4.1410
4.0110
4.1994
4.3394
4.6499
4.5364
4.2966
4.3081
4.4214
4.2763
4.5268
4.3161
4.2024
4.4256
4.4456
3.9577
4.0328
4.3033
4.0755
4.3733
4.3335
4.4680
4.3638
