3.2422
3.1225
3.1427
3.1290
3.0084
3.2793
3.0599
2.6677
2.8249
2.8630
3.1895
3.0239
3.0665
3.3021
3.1414
3.4038
3.1545
3.1962
3.0632
3.0587
3.0317
2.9152
3.1107
3.2780
3.2209
3.1084
3.2156
3.3291
3.3067
3.2810
3.2602
3.5252
3.2046
3.1092
2.9707
2.9981
3.2299
3.1631
3.1895
3.1502
3.0821
3.4233
3.2588
3.4419
3.1701
3.2575
3.0763
3.3525
3.3815
3.4241
3.4234
3.2806
3.1751
3.2916
3.4572
3.5002
3.3073
3.2827
3.4379
3.2386
3.3001
3.3121
3.0108
2.9650
3.0762
3.0946
3.2098
3.1861
3.1105
3.3069
3.2314
3.1511
3.1902
3.1961
3.1966
3.1754
3.0393
3.0407
3.0864
3.1782
3.2482
3.2560
3.2596
3.2170
3.2029
3.2240
3.1325
3.3072
2.9857
3.2068
3.1177
2.9536
3.2100
3.0679
3.2770
3.4394
3.2766
3.1702
3.2261
3.1971
3.4621
3.3115
3.2478
3.1099
3.2583
3.0676
3.1134
3.3082
3.0791
3.0749
3.1705
3.2214
2.9690
2.8504
3.0719
2.7623
2.9095
2.9370
3.0462
2.9947
3.0751
3.2210
2.9709
3.1554
3.4722
2.9261
3.0860
3.0460
3.1095
3.2638
3.2852
3.3161
3.1156
3.0922
3.3230
3.1558
3.3067
3.4017
3.2783
3.4481
3.1351
3.2292
3.0330
3.2858
3.1353
3.0526
2.7919
2.8677
3.0628
3.2038
3.0253
3.0069
3.0388
3.2446
3.4625
3.1351
3.1834
3.0700
3.0171
3.2112
3.2716
3.2545
3.1601
3.0903
3.0453
3.0890
3.1821
3.1755
3.1429
3.2992
3.2454
2.9522
3.1012
2.8744
3.1135
2.9319
3.1512
3.0740
3.2163
3.3453
3.1523
3.0704
3.0054
3.0117
3.0633
3.0238
3.0347
3.0127
3.0414
3.2484
3.1708
2.9521
3.2658
3.1974
3.1071
3.1833
3.4237
3.2348
3.1681
3.2922
3.4954
3.4673
3.4784
3.4966
3.3900
3.0309
2.9996
3.3365
3.5942
3.5333
3.3413
3.3616
3.4279
3.3451
3.2627
3.1788
3.3237
3.2017
3.1529
3.5119
3.1784
3.2290
3.6041
3.5044
3.4656
3.4085
3.3372
3.4234
3.3574
3.3133
3.1839
3.6887
3.4802
3.5143
3.4069
3.5043
3.1301
3.1435
3.3805
3.4986
3.2261
3.4531
3.4872
3.2328
3.0172
3.1562
3.1606
3.0685
3.1549
3.1352
3.4070
3.5237
3.4805
3.5761
3.2746
3.2665
3.0497
3.3158
3.3981
3.3435
3.3433
3.7582
3.2618
3.1488
3.1106
3.2571
3.2472
3.2200
3.4711
3.6077
3.5601
3.4647
3.5067
3.7513
3.6169
3.4933
3.4600
3.4698
3.4182
3.6422
3.4892
3.1691
3.3178
3.2987
3.2608
3.3362
3.4313
3.3240
3.4866
3.3199
3.4600
3.4565
3.3081
3.3916
3.4585
3.4262
3.5266
3.4793
3.5380
3.7479
3.7873
3.4830
3.4347
3.3894
3.4441
3.4184
3.5043
3.7529
3.4467
3.4177
3.3942
3.3618
3.4730
3.1917
3.4556
3.5838
3.3533
3.4391
3.6036
3.4941
3.6341
3.7015
3.6118
3.7146
3.3935
3.4101
3.2884
3.3587
3.5798
3.4182
3.4445
3.4595
3.4028
3.3974
3.3691
3.5711
3.5561
3.4298
3.3468
3.3575
3.3286
3.7640
3.8639
3.6471
3.5528
3.5470
3.5174
3.3381
3.3413
3.2150
3.4819
3.5993
3.3626
3.3170
3.6014
3.5868
3.4214
3.6656
3.4589
3.2914
3.0224
3.0374
3.1239
3.1084
3.2338
3.2640
3.3215
3.1171
3.1137
3.2382
3.2049
3.1129
3.2655
3.0591
3.0687
3.0148
2.9935
3.0292
3.0761
2.9153
2.9482
2.9778
2.9310
3.0778
3.0741
3.0471
3.0550
3.1668
3.0500
3.0741
2.9607
3.2037
3.1278
3.2767
3.1080
3.1451
3.1618
3.1799
3.1665
3.3798
3.1672
3.0031
2.9594
2.9245
2.9827
2.8994
3.0203
2.9076
2.9398
2.9649
3.2433
3.0668
2.9027
2.9222
2.9123
2.8028
2.8864
3.0608
3.1577
3.2920
3.2063
3.3036
3.4017
3.4091
3.6570
3.3531
3.4942
3.4892
3.5086
3.2170
3.6020
3.3671
3.6546
3.5199
3.5905
3.4265
3.4725
3.4411
3.3024
3.3410
3.3148
3.3678
3.0603
3.0636
3.2850
3.4827
3.3801
3.2323
3.4222
3.4303
3.5159
3.3478
3.5770
3.3976
3.2440
3.2598
3.1496
3.3169
3.2762
3.2565
3.1891
3.3369
3.1325
3.1588
3.0565
3.0237
3.2424
3.3251
3.3378
3.5276
3.4709
3.5600
3.7514
3.7998
3.6100
3.4013
3.6091
3.3303
3.3668
3.3759
3.4252
3.3102
3.2338
3.2033
3.0112
3.0791
3.0101
2.8486
2.9399
3.1139
3.0491
3.1809
3.1040
3.2388
3.5864
3.4142
3.4383
3.3435
3.4082
3.6612
3.5120
3.5095
3.5474
3.5590
3.4649
3.2486
3.4733
3.3936
3.5127
3.4926
3.3655
3.6968
3.5824
3.3105
3.5062
3.4920
3.5013
3.2306
3.6516
3.3906
3.3195
3.2630
3.2952
3.2747
3.3232
3.3051
3.4248
3.2987
3.2071
3.3272
3.2854
3.1990
3.1040
3.0032
3.1893
3.2472
2.9976
3.1017
3.1051
3.1470
3.1364
2.8924
3.2744
3.0724
3.3097
3.5370
3.4544
3.3187
3.1322
3.4970
3.6666
3.9024
3.2540
3.4120
3.3951
3.2327
3.4278
3.4639
3.4966
3.2805
3.5063
3.4205
3.4693
3.3845
3.3256
3.4136
3.4513
3.0063
3.2107
2.9412
3.0334
2.9440
3.2861
3.1828
3.2554
3.2339
3.1424
3.4145
3.6754
3.5390
3.4014
3.3853
3.5087
3.6223
3.3639
3.6774
3.4087
3.6418
3.5422
3.7990
3.9225
3.6779
3.8711
3.5956
3.7872
3.7013
3.4141
3.4242
3.4995
3.4037
3.5701
3.6190
3.7799
3.5104
3.6018
3.7406
3.4541
3.3876
3.2553
3.5000
3.3109
3.3967
3.5441
3.4132
3.5612
3.4725
3.3409
3.1408
3.1849
3.2972
2.9870
3.2035
3.2949
3.2460
3.2157
3.2018
3.4261
3.3444
3.4777
3.2245
3.3141
3.2411
3.6088
3.3034
3.3804
3.4451
3.6116
3.4037
3.3337
3.4360
3.1883
3.2553
3.2101
3.5830
3.5559
3.6182
3.3789
3.1645
3.2473
3.1996
3.3507
3.3069
3.3021
3.1610
3.3459
3.1728
3.1565
3.2577
3.1206
3.1049
3.2230
3.2743
3.0588
3.2570
3.2292
3.3566
3.3883
3.3599
3.1212
3.2204
3.3507
3.4131
3.5533
3.5990
3.3890
3.2852
3.3341
3.2355
3.2198
3.1846
3.2055
3.2134
3.4540
3.4802
3.6414
3.5093
3.6297
3.6998
3.7995
3.3934
3.4503
3.4563
3.3020
3.2221
3.4555
3.3831
3.5100
3.7742
3.6568
3.7889
3.8349
3.7995
3.6188
3.6229
3.7873
3.8282
3.6630
3.6595
3.5854
3.9688
3.7743
3.8599
3.7038
3.6902
3.9111
3.8481
4.2406
4.1027
4.7325
4.4404
4.5191
4.3070
4.3622
4.0566
3.9821
4.0575
3.9233
4.0027
4.0572
4.1218
3.8198
3.7741
3.6360
3.8125
3.9051
3.9094
4.0947
3.9383
3.9619
4.1321
4.0205
4.2937
4.0937
4.3311
4.4759
4.6033
4.6222
4.7770
4.3158
4.2909
4.4804
3.8589
3.9239
3.6999
3.8106
4.1351
3.7236
3.9583
3.7531
3.7428
3.8007
4.0424
4.1325
4.5457
4.2643
4.1076
3.9654
4.4075
3.7806
3.9024
3.8200
3.5729
3.6278
3.7103
3.7031
3.8792
3.7414
3.4430
3.6069
3.7490
3.8208
3.5853
3.4938
3.5910
3.4328
3.5198
3.4205
3.5025
3.5324
3.4587
3.6109
3.5347
3.3953
3.3858
3.6336
3.4716
3.3455
3.3101
3.1079
3.1350
3.2407
3.2836
3.0336
3.0584
3.0398
3.0329
3.1994
3.2306
3.3512
3.2763
3.5256
3.6855
3.9247
4.0703
3.8465
3.7384
4.1179
3.3216
3.5488
3.5481
3.6174
3.6816
3.5292
3.3301
3.3907
3.7122
3.5711
3.5613
3.6619
3.2788
3.2705
3.2716
3.3421
3.4964
3.2301
3.4099
3.3709
3.2743
3.2872
3.5370
3.6725
3.6459
3.4825
3.7511
3.8184
3.6555
3.5412
3.6839
3.1902
3.5533
3.3594
3.8416
3.3110
3.5716
3.6775
3.3478
3.4372
3.2625
3.4543
3.3095
3.5137
3.5406
3.5037
3.3452
3.4578
3.3911
3.5234
3.5692
3.2712
3.5097
3.4154
3.6575
3.6500
3.5701
3.5275
3.5233
3.6559
3.5281
3.6348
3.5822
3.3800
3.4410
3.3117
3.6926
3.5059
3.4447
3.4704
3.6413
3.6966
3.5254
3.2423
3.4147
3.5332
3.6891
3.5710
3.4051
3.3203
3.1861
3.2959
3.3444
3.4097
3.2144
3.2978
3.5984
3.3403
3.4612
3.4312
3.5149
3.6954
4.0397
4.2281
3.4659
4.1313
4.0543
3.9991
3.6625
3.6669
3.7720
3.8864
3.7244
3.4103
3.4747
3.7351
3.3833
3.4758
3.4141
3.6005
3.5673
3.0381
3.4203
3.1711
3.6048
3.3705
3.2951
3.6239
3.7698
3.6016
3.6813
3.8207
3.3436
3.5572
3.7759
3.7384
3.3965
3.5152
3.5939
3.5489
3.4673
3.3481
3.2717
3.5889
3.4329
3.5202
3.3467
3.3987
3.5895
3.3208
3.4631
3.4573
3.7779
3.7484
3.5388
3.6602
3.5544
3.5053
3.8503
3.6103
3.6861
3.7276
3.4305
3.7593
3.9394
3.7784
3.5454
3.8318
3.8615
3.7464
3.7346
3.8099
4.0953
3.7924
3.5223
3.8103
3.8942
3.8467
3.8048
3.8803
3.7586
3.7872
3.8227
3.5485
3.4214
3.8440
4.0676
4.2260
3.7873
3.5740
3.2620
3.3546
3.7415
3.3818
3.8551
3.5228
3.4491
3.5168
3.5034
3.7060
3.6848
3.3483
3.6177
3.4707
3.5238
3.4449
3.5704
3.2415
3.6134
3.4442
3.7600
3.8768
3.7062
4.1022
3.6616
3.5259
3.6666
3.9014
3.8531
3.9806
3.7550
3.7038
3.8849
3.8370
3.6001
3.4097
3.4561
3.5281
3.5338
3.7112
3.6406
3.5192
3.4075
3.6498
3.7182
3.4170
3.4460
3.4072
3.3476
3.3009
3.6413
3.5645
3.2010
3.2920
3.2251
3.5215
3.2618
3.1830
3.1452
3.0327
3.2757
3.4915
3.1091
3.4443
3.2460
3.2546
3.6843
3.1955
3.3740
3.4467
3.8375
4.0192
3.8873
3.9532
3.5318
3.8297
3.6174
3.4382
3.3190
3.5112
3.4823
3.9397
3.6429
3.6597
3.6147
3.9101
4.0298
3.9616
3.7632
3.4849
3.9364
3.8546
3.7629
3.6115
3.7710
4.0520
3.8106
3.6083
3.5573
3.8207
3.6405
3.7762
4.0823
3.5044
3.7052
3.4399
3.6175
3.4977
3.7293
3.6914
3.5453
3.8502
3.6362
3.6352
3.4775
3.4614
3.2974
3.1249
3.2578
3.2361
3.4245
3.1356
3.3040
3.2027
3.3104
3.3144
3.2516
3.2129
3.3533
3.3992
3.2565
3.4443
3.2303
3.4309
3.2900
3.1428
3.1807
3.4108
3.5498
3.5887
3.3578
3.2121
3.3434
3.3432
2.8990
3.3067
3.3504
3.4832
3.6290
3.5877
3.4354
3.4667
3.2486
3.4301
3.4204
3.4575
3.5438
3.7561
3.5457
3.6500
3.6849
3.5778
3.3215
3.6879
3.5613
3.5680
3.4787
3.3942
3.7220
3.7166
3.3532
3.3633
3.4077
3.3022
3.5033
3.6290
3.6227
3.4982
3.4367
3.4617
3.3263
3.2436
3.4820
3.3332
3.1021
3.1844
3.2775
3.3992
3.4416
3.3197
3.3673
3.3413
3.3080
3.0949
3.2914
3.3209
3.3921
3.3821
3.2853
3.3637
3.3496
3.3562
3.5014
3.3024
3.1147
3.3880
3.4154
3.6280
3.5474
3.7692
3.7665
3.7362
3.8332
3.7280
3.9519
3.9124
3.7012
3.9895
4.0721
3.9456
3.9976
3.8841
3.8031
3.4743
3.5138
3.6835
3.6336
3.6894
3.5655
3.5585
3.5869
3.6573
3.6381
3.6640
3.4619
3.2220
3.5870
3.5305
3.6101
3.7454
4.2126
3.6128
3.9515
3.9916
3.8301
3.9110
3.7420
4.1191
3.9527
3.9925
3.8253
3.5488
3.5419
3.6898
3.6879
3.6495
3.9307
3.7354
3.3097
3.6675
3.5324
3.4132
3.6467
3.5559
3.5902
3.7275
3.6244
3.3388
3.7694
3.6804
3.5217
3.6525
3.4985
3.3099
3.3663
3.6711
3.7386
3.5817
3.7916
4.1100
4.3586
4.1185
3.6402
3.3001
3.7172
3.6145
3.5878
3.6327
3.7934
3.8650
4.1666
3.8919
3.8434
3.6837
3.7385
3.5725
3.6917
3.5651
3.6612
3.3808
3.4540
3.7107
3.5090
3.3108
3.3221
3.5025
3.6564
3.5098
3.4505
3.1027
2.9496
3.1177
3.2992
3.2981
3.1453
3.4372
3.6652
3.4407
3.7778
3.5882
3.7788
3.4421
3.5852
3.2882
3.6426
3.9291
4.0762
3.4946
3.7615
3.8297
3.8787
3.7155
3.5255
3.4984
3.8733
3.8464
3.8818
3.6114
3.4263
3.3907
3.5790
3.3727
3.1914
3.5153
3.4478
3.2791
3.6955
3.5891
3.8392
3.7571
3.5510
3.9339
3.6204
3.6725
3.9128
3.9523
4.1400
4.0911
4.0442
4.2722
4.0497
3.6172
3.6764
3.5518
3.4606
3.8083
3.5206
3.2841
3.7569
3.7172
3.7464
3.5914
3.4806
3.5655
3.6137
3.8538
3.4928
3.3967
3.7174
3.9112
3.5927
3.7537
3.8157
3.5003
3.3119
3.7780
3.4723
3.7668
3.3592
3.1653
3.3526
3.4046
3.3596
3.6038
3.5898
3.4259
3.3385
3.3754
3.5531
3.6486
3.9000
3.5585
3.6423
3.3138
3.2013
3.5455
3.5390
3.3751
3.3223
3.3752
3.4794
3.7146
3.4786
3.1898
3.2207
3.5262
3.6310
3.4132
3.5118
3.3714
3.3105
3.4799
3.6840
3.8259
3.6047
3.8362
4.1740
3.8039
3.8014
3.5617
3.5280
3.5921
3.4918
3.5420
3.6267
3.7055
3.8729
4.0416
3.7554
3.3442
3.4665
3.3493
3.4602
3.4448
3.2867
3.4510
3.5933
3.7718
3.6469
3.5675
3.7783
3.6102
3.4651
3.6756
3.4238
3.4332
3.2062
3.4220
3.6353
3.4855
3.7182
3.8203
3.7259
3.9825
3.5321
3.7810
3.4880
3.5248
3.4596
3.2864
3.2506
3.7269
3.6102
3.7883
3.8776
3.7814
3.8133
3.4301
3.6355
3.6144
3.6466
3.3591
3.3088
3.2515
3.1589
3.4880
3.2191
3.5369
3.6914
3.4247
3.5785
3.4366
3.4585
3.2209
3.3335
3.4666
3.5256
3.6934
3.3466
3.7095
3.7529
3.5542
4.0041
3.6292
3.8101
3.8348
3.9006
3.7124
3.5601
3.4691
3.3264
3.3688
3.2070
3.4310
3.4851
3.3040
3.3774
3.4345
3.2391
3.5349
3.4750
3.4607
3.4597
3.7959
3.4243
3.3615
3.3885
3.4163
3.4163
3.7787
3.8304
4.0110
3.9085
3.8576
3.7446
3.6688
3.5256
3.6736
3.5417
3.6459
3.9149
3.5991
3.5192
3.7102
3.9233
3.7071
3.4276
3.3070
3.2277
3.6141
3.3285
3.3590
3.3040
3.3852
3.6015
3.2695
3.4740
3.2923
3.2318
3.3178
3.2497
3.0730
3.2368
3.1180
3.2185
3.3131
3.0651
3.0356
3.2054
3.3175
3.2101
3.3379
3.2116
3.1641
3.0685
3.1139
3.2010
3.2551
3.1729
3.2362
3.1553
3.1471
3.2109
2.9969
3.0822
3.1935
3.1504
3.0991
3.3854
3.7531
3.8052
3.4349
3.5256
3.4705
3.7894
3.3472
3.3985
3.6088
3.6673
3.7567
3.9263
3.8468
3.8223
3.7340
4.2012
3.9214
3.9449
4.0815
3.5948
3.5423
3.9055
3.9197
3.7793
3.5673
3.6972
3.6455
3.6317
3.6669
3.5875
3.6348
3.3825
3.6167
3.5521
3.5587
3.5406
3.6858
3.6525
3.5408
3.4472
3.6165
3.9554
3.5931
3.9697
3.8250
3.9877
3.8699
3.7505
3.5770
3.9992
3.4943
3.5457
3.6402
3.8526
3.6381
3.7380
3.5237
3.8028
3.7226
3.5549
3.6093
3.7764
3.8799
3.7544
3.8717
3.9978
4.1955
3.9131
3.8086
3.7281
3.9813
3.8197
3.6642
3.5011
3.6968
3.7348
3.5948
3.7675
3.9340
3.9042
3.8163
3.9137
3.8380
3.7149
3.6750
3.5726
3.8426
3.9824
3.7655
3.6113
3.3913
3.7662
3.5693
3.7310
3.5542
3.3537
3.6955
3.7909
3.9563
3.5637
3.7495
3.7223
3.7095
3.4030
3.3491
3.2641
3.5964
3.5455
3.4277
3.8756
4.0522
3.6671
3.5409
3.7637
3.7397
3.6719
3.6860
3.8680
3.8397
3.7784
3.7166
3.6590
3.4871
3.5749
3.7336
3.7216
3.5978
3.5703
3.6381
3.5572
3.6269
3.5380
3.3769
3.3502
3.6318
3.5778
3.6369
3.5928
3.4377
3.4684
3.4046
3.4812
3.5232
3.5280
3.6616
3.6734
3.5972
4.0725
3.9536
3.6176
3.5211
3.5540
3.6484
3.4630
3.4613
3.5587
3.5288
3.6723
3.4518
3.7492
3.5599
3.8616
4.1207
3.9775
3.6282
3.7924
4.0137
3.8148
3.6143
3.9065
3.4918
3.9914
4.1579
4.0911
4.0744
3.8728
4.1717
4.0568
4.3777
3.9982
4.0575
4.0945
4.1178
4.2346
4.1483
4.2831
4.0161
4.1003
3.9247
3.8109
3.6600
4.1147
4.0410
3.7940
3.4437
3.7743
3.8070
3.8242
3.6939
3.7195
3.7499
3.6246
3.7523
3.9845
3.6114
3.7858
4.0923
4.2107
3.9356
3.8954
4.0179
3.9625
4.0303
3.9780
4.1646
3.9744
4.1449
3.8105
3.5645
3.7949
3.9062
3.8452
3.8091
4.2220
3.9721
4.2599
4.1527
3.9938
4.0207
3.7323
3.5834
3.5107
3.5200
3.4673
3.6804
3.4755
3.7168
3.8220
4.0404
4.1832
4.1708
3.6124
3.8850
3.8779
3.9707
3.9765
3.8017
3.6891
3.7722
3.7277
3.8099
3.9247
3.9871
3.8630
3.6219
3.6682
3.4890
3.4197
3.7116
4.0140
3.6909
3.8933
3.9495
3.7954
3.6252
3.7386
3.6083
3.3466
3.5355
3.5056
3.5720
3.6246
3.5123
3.6427
3.8358
3.7662
3.5250
3.9207
3.6530
3.8400
3.8691
3.9202
3.7763
3.8277
3.9952
3.8811
3.7408
3.9416
3.6343
3.6115
3.7201
3.7427
3.6028
3.4508
3.4342
3.6793
3.7160
3.5789
3.8582
4.2381
4.1964
3.9771
3.7792
3.7274
3.6845
3.7901
3.4390
3.3293
3.5432
3.7313
3.6320
3.9080
3.7462
3.7397
3.5610
3.6378
3.3344
3.2944
3.4732
3.8888
3.7582
3.7249
3.7249
3.8179
4.0722
4.0415
3.9655
3.7135
3.6137
3.2569
3.4914
3.5476
3.2985
3.4620
3.2295
3.6656
3.5506
4.1007
3.9057
3.5647
3.6804
3.3418
3.4220
3.3680
3.6150
3.5373
3.6126
3.4687
3.5549
3.5222
3.2904
3.4528
3.7008
3.6222
3.6461
3.4422
3.5278
3.4814
3.4310
3.3871
3.3940
3.7816
3.6860
4.0242
3.9369
4.2080
3.7900
3.8036
3.7702
3.6055
3.7237
3.7141
3.7949
4.0479
3.5852
3.4847
3.5444
3.4625
3.3316
3.2539
3.3109
3.2226
3.5919
3.2037
3.5958
3.4573
3.2671
3.5172
3.7674
3.4661
3.9649
3.8002
3.9209
3.9176
3.8761
3.4362
3.7291
3.4505
3.7839
3.6162
3.5917
3.5384
3.4776
3.5555
3.3952
3.3222
3.4193
3.4481
3.5200
3.3069
3.4819
3.7137
3.4583
3.3128
3.2617
3.6097
3.8857
3.8856
3.4466
3.4022
3.3321
3.3936
3.4341
3.4305
3.1528
3.2721
3.3689
3.4800
3.1731
3.3619
3.5438
3.6785
3.8467
3.4714
3.2584
3.3620
3.3198
3.2410
3.1443
3.4337
3.2083
3.3081
3.3979
3.2966
3.5402
3.2477
3.4436
3.4531
3.3241
3.5609
3.7930
3.8005
3.7784
3.6863
3.6250
3.6516
3.7936
3.6417
3.6614
3.4169
3.2794
3.3231
3.5059
3.6577
3.5866
3.2123
3.1833
3.3553
3.2472
3.5256
3.4662
3.3538
3.4189
3.2466
3.5840
4.0843
3.9140
3.7463
3.4777
3.7167
3.8520
3.6220
3.3903
3.3979
3.2977
3.4281
3.2427
3.3960
3.3499
3.0516
2.9550
3.2307
3.1236
3.1730
3.0657
2.9616
3.0037
3.0417
2.9568
3.1018
3.0227
3.0638
3.1307
2.9728
2.8274
3.0407
3.0536
3.0752
3.2862
3.3732
3.3996
3.2943
3.3645
3.3939
3.3383
3.3109
3.1276
3.1964
3.3421
3.2809
3.2977
3.3280
3.2994
3.3204
3.4355
3.1517
3.1923
3.2032
3.3177
3.1254
3.3038
3.2774
3.2179
2.9153
3.1677
3.4800
3.1643
3.2537
3.4349
3.4755
3.3785
3.3139
3.4986
3.6395
3.4015
3.3116
3.6435
3.4993
3.6425
3.6062
3.3827
3.5430
3.4726
3.4039
3.2468
3.1363
3.2042
3.0595
3.1870
3.1667
3.3004
3.1600
3.1464
3.1368
3.2844
3.5898
3.4110
3.3346
3.3401
3.3577
3.5146
3.4460
3.5462
3.6666
3.7145
3.7940
3.7507
3.5766
3.6405
3.4034
3.4914
3.3969
3.3256
3.5077
3.3978
3.3101
3.5676
3.4085
3.5990
3.8216
3.5396
3.7181
3.6643
3.7055
3.6611
3.6874
3.6055
3.5212
3.4048
3.4207
3.5460
3.5505
3.8201
3.6125
3.6819
3.5449
3.6170
3.6752
3.6661
3.5934
3.5178
3.6471
3.4691
3.7175
3.6559
3.3781
3.7398
3.6127
3.8882
3.7740
3.8189
3.9979
4.1974
4.1144
3.9980
4.1390
4.0606
4.0006
4.0376
3.6348
3.8916
3.8297
3.7932
3.8383
3.7541
3.8447
3.8965
3.9222
3.7660
3.7024
3.8576
3.7604
3.7766
3.7184
3.5819
3.6505
3.8634
3.8533
3.7399
3.7392
3.9283
3.7379
3.6720
3.9038
3.9789
3.6681
3.8565
4.1956
4.1735
3.9271
4.3551
4.0296
3.7159
3.7861
3.4935
3.3519
3.4342
3.4046
3.5119
3.4738
3.6772
4.1823
3.8380
4.1674
3.9852
3.9145
3.4742
3.6075
3.8995
4.0783
4.0484
4.0290
3.7907
4.1003
3.9106
3.8654
3.8967
3.9390
3.9525
4.2308
4.0277
4.1544
4.0025
4.3232
4.4010
4.7108
4.2652
4.3458
4.2610
3.8778
3.8070
4.0743
4.2495
4.3132
4.0743
3.9005
3.8643
4.1086
3.8342
3.9721
4.1151
3.9118
3.7067
3.9194
3.7829
3.9180
3.8251
3.6569
4.0872
3.9488
3.6677
3.8436
3.6110
3.5987
3.9165
3.8763
3.9628
3.5258
3.4595
3.7373
3.5744
3.3381
3.3908
3.8855
3.5616
3.3495
3.1383
3.5389
3.7773
4.0041
4.0212
4.0797
3.8103
3.7485
4.3572
4.0788
3.7385
3.7665
3.8449
3.8418
3.6039
3.8693
3.8535
3.7814
3.4231
3.6578
3.5465
3.5231
3.7285
3.5743
3.7248
3.4476
3.6114
3.5734
3.3458
3.4551
3.4037
3.6245
3.5359
3.9219
3.6283
3.7059
3.8442
3.7686
3.6699
3.8145
4.0154
3.5591
3.7779
3.8964
3.4564
3.4842
3.2907
3.2923
3.3816
3.3182
3.2306
3.3383
3.0668
3.3313
3.3159
3.3086
3.3968
3.2500
3.1373
3.3755
3.4217
3.7310
3.5717
3.6809
3.8352
3.9556
3.7482
3.9197
3.8056
3.5430
3.5218
3.7861
3.8987
3.9094
3.6421
3.7771
3.9914
3.9805
3.9649
4.1437
4.2669
4.1575
3.7189
3.9943
3.6470
3.7683
3.7624
3.7568
3.8348
3.5422
3.7097
4.0478
3.6486
3.6034
3.7238
3.2602
3.4636
3.2005
3.3692
3.3516
3.6427
3.5443
3.6757
3.5361
3.9128
3.6690
3.5617
3.5963
3.6163
3.8602
3.5897
3.7095
3.7313
3.3954
3.6071
3.8640
3.9167
3.7212
3.9109
3.6604
3.8389
4.0198
3.7504
3.7733
3.9062
3.6612
3.7448
3.6900
3.6627
3.7632
3.4746
3.5123
3.3296
3.6319
3.6927
3.6053
3.4822
3.7354
3.9137
3.7668
3.6071
3.8071
3.6925
3.6423
3.5204
3.3746
3.4936
3.3344
3.5083
3.6332
3.8000
3.6715
3.7027
3.4229
3.3339
3.5834
3.5972
3.5252
3.7520
3.6248
3.8136
3.5264
3.7525
3.6537
3.7203
3.6417
3.5004
3.3188
3.2859
3.3576
3.3087
3.4545
3.4869
3.4693
3.6699
3.9436
3.6757
3.6489
3.5224
3.5916
3.7859
3.9136
3.6410
3.7386
3.5953
3.3877
3.7588
3.6437
3.6110
3.5388
3.4418
3.3478
3.5163
3.5653
3.3981
3.4941
3.4080
3.3375
3.6823
3.7893
3.4503
3.3483
3.6751
3.6295
3.5306
3.5654
3.4282
3.5500
3.7346
3.7118
3.7466
3.4961
3.6179
3.7797
3.3317
3.6610
3.6448
3.7271
3.8881
3.5795
3.4435
3.3782
3.3429
3.4710
3.4318
3.5596
3.6290
3.5236
3.4102
3.4515
3.5658
3.5855
3.4777
3.5335
3.2877
3.1059
3.2745
3.1085
3.5219
3.5292
3.3238
3.2699
3.3430
3.3360
3.3139
3.4416
3.4182
3.3540
3.3502
3.3243
3.3085
3.5101
3.6416
3.5224
3.6242
3.5300
3.6556
3.5243
3.7264
3.4512
3.4437
3.8181
3.5724
3.4554
3.7552
3.4952
3.3698
3.4638
3.5089
3.4092
3.4865
3.7389
3.4496
3.4061
3.9420
3.5451
3.5968
3.4955
3.4484
3.5339
3.6502
3.4285
3.5902
3.5147
3.5172
3.6833
3.5894
3.8232
4.0374
3.7189
3.5740
3.6685
3.5902
3.4645
3.4255
3.5792
3.5817
3.5019
3.4181
3.6061
3.5216
3.6513
3.7198
3.5161
3.7660
3.7192
3.9959
3.6940
3.6157
3.3866
3.4434
3.5943
3.5111
3.5016
3.7662
3.5727
3.4343
3.7155
3.5111
3.5911
3.4586
3.6409
3.7105
3.5951
3.3740
3.3836
3.6045
3.5203
3.6632
3.7536
3.5692
3.9779
3.8792
3.8614
3.7285
3.4938
3.4445
3.5162
3.5426
3.7225
3.6871
3.8816
4.1843
3.9854
3.7821
4.0104
3.8299
3.7375
3.6781
3.5993
3.5033
3.5840
3.7898
3.6896
3.6676
3.6704
3.3804
3.5758
3.6509
3.7338
3.6966
3.6787
3.8096
3.5497
3.2799
3.1471
3.3067
3.5477
3.5977
3.6356
3.4242
3.5273
3.4865
3.5344
3.4933
3.3529
3.4298
3.3990
3.2696
3.1099
3.2193
3.3216
3.4842
3.3365
3.5232
3.7742
3.6465
3.8432
3.7520
3.7501
3.3717
3.7142
3.6262
3.7126
3.4993
3.5638
3.5081
3.4651
3.3772
3.3636
3.2590
3.3711
3.3683
3.4194
3.4176
3.5844
3.7804
3.7513
3.5536
3.6249
3.8735
3.6824
3.6902
3.8101
3.7626
4.0164
3.8928
3.7409
4.0848
3.8870
4.0972
3.9753
3.9741
3.9955
4.2231
3.9709
3.8969
4.1522
3.9867
3.9543
4.0856
4.2830
4.1255
4.1656
4.5395
4.5105
4.9075
4.2933
4.1998
4.1422
4.3643
4.2254
4.5360
4.4818
4.7920
4.8252
4.7119
4.7409
4.6820
4.9902
5.2265
5.0783
4.8968
4.6738
4.7905
4.4924
4.7743
4.8676
4.8109
4.9081
4.7946
4.5892
4.7581
4.7450
4.8333
5.0196
5.1700
5.6249
5.0319
5.0438
5.2758
5.3292
5.0868
5.2654
5.4700
5.2634
5.3675
5.1425
4.7312
4.6331
4.9386
5.0470
4.8774
5.2122
5.0155
4.8800
4.5643
4.4747
4.2399
4.1049
4.2450
4.5421
4.7680
4.6912
4.2961
4.0146
4.0466
4.1106
4.2218
3.9738
4.1906
4.2400
3.9121
4.0369
4.0204
4.0258
3.9888
4.0000
4.3130
4.5701
4.5965
4.2555
4.3435
4.3358
4.5254
4.1284
3.9609
4.0093
4.4272
4.2898
4.4255
4.0294
4.0275
4.1961
4.1090
4.3910
4.3626
4.6188
4.5990
4.6262
4.7207
4.4940
4.6524
4.8106
4.9412
4.5926
4.7420
4.6522
4.4734
4.6740
4.1690
4.0945
4.2652
4.4906
4.2648
4.6073
4.4450
4.2803
4.2355
4.3521
4.0912
4.0056
4.2867
4.8254
4.3556
4.4028
4.3295
4.4338
4.4447
4.0396
4.1697
4.2487
4.2530
4.6053
4.4173
4.6032
4.1970
4.2867
4.2694
4.2173
4.2505
3.8682
4.5559
4.1710
4.0360
3.9327
3.9658
4.0949
4.1375
4.2517
4.1915
4.4643
4.1694
3.9264
4.0950
4.0664
4.0312
4.2219
4.2752
4.1231
4.0533
3.9181
3.9164
3.8039
4.0748
3.9801
3.7223
3.9005
4.1467
3.8313
3.9005
4.2108
3.9674
4.0880
4.0860
3.9816
4.1607
4.2670
4.3480
4.3457
3.9206
4.3471
3.8678
3.9450
3.7556
3.7484
4.0361
3.8516
4.2413
4.1653
4.0500
4.0212
3.9794
4.0444
4.0266
4.0952
4.0083
4.0273
4.1112
4.0206
3.8521
4.1796
4.2957
4.3505
4.3111
4.4109
4.3557
4.2491
4.1010
4.4145
4.2839
4.2106
4.1222
4.3046
4.0574
4.0548
3.7344
3.7668
3.7358
3.8659
4.0047
4.0014
4.1685
4.2880
4.0752
4.0624
3.9137
4.1974
4.2372
4.2648
4.5369
4.3443
4.1610
4.3365
4.2917
3.5438
3.8051
3.9825
4.0301
4.2301
4.8153
4.2839
4.1999
4.1310
3.8942
3.7893
3.8931
3.8502
3.9413
4.2084
4.2327
4.2964
4.4935
4.2951
4.1365
4.0396
4.1220
4.4589
4.2030
4.3160
4.0967
4.1326
4.0897
4.1961
4.1746
3.9709
4.0304
4.2384
4.1447
4.5804
4.1474
4.2808
4.1691
3.8624
4.1984
4.0518
4.0322
4.3414
4.0443
4.1541
4.2691
4.0292
3.9182
4.1354
4.1079
4.2325
4.4437
4.2403
4.4210
4.0290
4.3578
4.4251
4.2093
4.1011
4.1383
4.4488
4.2426
4.0203
4.2117
4.3007
4.1392
4.0989
3.9179
3.7542
4.2339
4.1620
3.9958
4.2452
4.5009
4.2854
4.0745
4.3995
4.5847
4.4163
4.2640
4.2829
4.5042
4.4157
4.3972
4.1664
4.1337
4.1212
4.3060
4.5385
4.7918
4.7355
4.4924
4.3077
4.6004
4.5882
4.3488
4.6337
4.4923
4.5523
4.5921
4.6145
4.3801
4.6673
4.7012
4.4658
4.6745
4.6777
4.2872
4.4875
4.3703
4.4236
4.2681
4.4220
4.4478
4.7024
4.2711
4.2379
4.2340
4.2894
4.5492
4.4938
4.3304
4.6631
4.5485
4.4330
4.5220
4.6821
4.3355
4.0050
4.2185
4.1297
4.2827
4.3936
4.7792
4.8191
4.2962
4.4949
4.0523
4.2299
3.9828
4.0668
4.1980
4.3095
4.2723
4.0225
4.4076
4.3713
4.3922
4.0024
4.0201
4.3883
4.0348
3.6408
3.9727
3.9501
3.8787
4.2068
4.5626
4.3102
4.3378
3.9491
3.8334
3.8813
3.7812
3.8590
3.9090
3.7411
3.8180
3.7925
4.1600
4.1276
4.1934
4.5231
4.8365
4.9120
4.7371
4.8049
4.6038
4.6095
4.5257
4.5916
4.6943
4.6804
4.3743
4.3443
4.6782
4.2742
4.1573
4.3695
4.5599
4.7349
4.4147
4.7599
4.9073
4.6723
4.8181
5.2409
5.0911
5.1580
4.5254
4.9259
4.6393
4.8808
4.7312
4.4964
4.6469
4.3471
4.3271
4.0909
4.5546
4.0965
4.1905
4.6683
4.7111
4.5709
4.2823
4.6413
4.6476
4.5709
4.4330
4.2231
4.0728
4.3007
4.4485
4.0701
4.1258
4.4623
4.3518
4.3948
4.2907
4.3409
4.2814
4.6149
4.7963
4.5784
4.6118
4.7844
4.7117
4.5022
4.2645
4.5879
4.2680
4.2264
3.7763
4.0029
4.2680
3.9739
4.2610
4.0342
3.8239
3.8207
4.1430
3.9405
3.7082
4.1915
4.2299
4.6824
4.3677
4.3514
4.7776
4.5351
4.6599
4.7817
4.6170
4.6104
4.2297
4.3431
4.2142
4.5651
4.3240
4.2237
4.3780
4.6893
4.7632
4.4236
4.3670
4.8451
4.9436
4.1711
4.5306
4.5920
4.4533
4.5989
4.7649
4.3042
4.4533
4.6201
4.8192
4.8272
4.3556
4.2638
4.7490
4.5017
4.3756
4.4980
4.4804
4.4206
4.6906
4.5169
4.6378
4.3754
4.4092
4.2521
4.3228
4.4682
4.2184
3.8205
3.9682
4.0458
4.3408
4.1598
4.1863
4.4290
4.3613
4.4847
4.2552
4.4497
4.6074
4.7343
4.6423
4.3606
4.4106
4.3028
4.5993
4.2454
4.5283
4.4452
4.2909
4.7788
4.7071
4.9445
4.9497
4.6642
4.2403
4.2947
4.2500
4.2756
4.4733
4.3584
4.6944
4.4629
4.4562
4.3650
4.2880
4.3271
4.5332
3.8072
3.8221
3.8507
3.8086
3.9053
3.9860
3.8775
4.3531
4.3676
4.1241
4.2968
4.4149
4.0804
4.6091
4.3176
3.9704
4.3441
4.1112
4.0339
4.7460
4.5332
4.0519
3.6805
3.9287
3.9093
3.8869
4.2164
3.9582
4.0113
4.0933
4.2419
4.2973
4.2158
4.1214
4.2685
4.1228
4.1383
4.0865
3.8941
3.7067
4.2033
4.2911
4.1523
3.9835
4.2969
4.0292
4.1376
4.0270
4.2318
4.1056
3.9987
4.0198
3.9605
3.9087
3.8664
4.1192
3.9923
3.7833
3.8221
3.5793
3.7311
3.6671
3.8640
3.7601
3.5479
3.7098
3.9122
4.1217
3.9066
4.2679
4.2123
4.1232
4.1881
4.0276
3.8613
3.9567
4.2229
4.1093
3.4773
3.9566
4.3167
4.1392
3.9422
3.7256
3.6539
3.7553
3.4382
3.5552
4.0095
4.1898
3.8549
3.4491
3.4058
3.8049
3.6639
4.0762
4.0765
3.8897
3.8778
3.6977
3.6300
3.6259
3.6165
3.5379
3.4455
3.3496
3.5445
3.8397
3.7118
3.7835
4.1109
3.9333
4.1700
4.1262
3.7850
3.7074
3.7898
3.6077
3.9089
4.0188
3.6987
3.7044
3.5161
3.7902
3.6258
3.8006
3.8877
3.6161
3.8743
4.0727
3.6781
3.6256
3.7090
3.5578
3.4173
3.6247
3.9314
3.7894
3.6460
3.7340
3.8448
4.0915
4.0145
4.0129
4.2655
3.6464
3.7493
3.6735
3.6461
3.4439
3.4619
3.5157
3.6839
3.5339
3.7715
4.0395
3.8511
3.8462
3.6078
3.4154
3.5301
3.8255
3.6713
3.8302
3.6498
3.7413
3.7342
3.8791
3.9705
4.0660
3.6680
3.7472
3.6518
3.7470
3.7178
3.9095
3.8305
3.8154
4.0579
3.8495
3.6522
3.6863
4.0305
3.8971
3.8481
3.9906
3.9785
3.9959
3.9341
4.0651
3.9023
3.9587
3.9692
3.9165
4.0882
4.0707
4.0706
3.8400
3.8992
4.0157
4.2287
4.1455
4.4193
4.7222
4.4674
4.0104
4.1041
3.8911
3.7708
4.2604
4.0265
3.9544
4.0002
4.0010
4.0130
4.0562
3.8802
4.1798
4.2392
3.7791
3.8549
4.0039
3.9126
3.5005
3.8712
3.9999
3.9891
3.9377
4.1225
4.0167
4.1108
3.7682
3.9601
4.2074
3.8901
4.3032
4.2479
4.1105
4.2332
4.5233
4.2772
4.3787
4.0351
4.4961
4.1198
4.0495
4.3157
3.9005
3.8694
4.2600
4.2394
3.9432
4.2565
3.9925
3.9903
3.8113
4.0002
4.1681
3.9279
3.9593
4.1456
4.3304
4.4243
4.3808
3.9723
4.3217
4.3553
4.1415
4.5174
4.4012
3.8396
4.1589
3.9961
4.0944
4.0902
4.3769
4.3525
4.2302
4.3059
3.9176
4.2571
4.1811
3.9529
4.0115
3.6474
3.6658
3.9296
3.8399
3.5924
3.9177
3.6412
3.7204
3.9510
3.8139
4.1895
4.1785
3.8433
4.0093
4.0398
4.1173
3.7655
3.4919
3.8523
3.7337
3.7144
3.9714
3.7436
3.5154
3.8032
3.5502
3.4690
3.7702
3.6269
3.9183
4.2293
4.3034
4.1206
3.9587
4.2420
3.6937
3.8213
4.1939
4.2144
3.7695
3.6838
3.7814
3.7441
3.9538
4.3461
4.1390
4.3689
4.1286
3.9713
3.9496
4.2341
4.1295
3.5879
3.8239
3.9743
3.6104
3.8606
4.1350
3.7518
3.5901
3.5198
3.5885
4.0502
3.8597
3.8923
3.8644
3.9023
3.7726
3.6610
3.6946
3.4463
3.3633
3.6587
3.7105
3.6475
3.6724
3.7049
3.6168
3.7198
3.9249
3.8829
3.9229
3.9054
4.0484
3.9525
3.9862
3.7673
4.0938
4.1515
4.3098
4.2326
4.5131
4.0201
4.1103
4.2400
4.3233
4.0071
4.2059
3.9645
4.5131
4.3048
4.6631
4.4220
4.3467
4.2453
4.0872
4.5455
4.2517
4.1843
3.9912
4.0693
4.2459
4.0545
4.3450
4.1006
4.1972
4.1431
3.9979
3.9879
4.2228
4.1139
4.0830
3.9089
3.6785
4.0581
4.1714
4.0736
3.9703
3.6912
3.9796
3.8504
3.9346
3.8741
3.7818
3.8965
3.7584
3.8398
3.9638
3.7902
3.9964
4.1991
4.2014
3.9870
3.6643
3.6762
3.5792
3.7395
3.9045
4.1940
3.6091
3.7255
3.6816
3.8603
4.0006
4.2617
3.8485
3.9439
4.0839
3.8275
4.0690
3.7279
3.6538
3.6415
3.4606
3.6391
3.6976
3.9201
4.0643
4.0302
3.9959
4.3598
4.0203
4.1480
4.0560
4.3304
4.3168
4.0731
4.3507
3.9709
4.4442
4.2628
4.3058
4.2232
4.1942
4.0544
4.1398
3.8569
4.0573
4.0313
4.1095
4.1158
4.0264
4.1157
4.2692
4.1358
3.9787
3.8248
4.1021
3.9913
3.9219
3.9679
4.3287
4.3265
4.5160
4.3672
4.1434
3.9393
3.9602
3.9921
3.7702
4.0544
3.9058
3.6829
3.8226
3.7476
3.9011
3.9680
4.0405
4.0661
4.2116
4.3354
4.1943
4.0529
4.0786
4.1341
3.8671
3.9758
4.2684
4.0022
3.6870
3.5652
3.8183
4.0435
4.0021
3.7612
3.8666
3.6466
3.7125
3.8620
3.9516
3.9017
4.0568
3.9561
3.9024
3.6957
3.7796
3.9172
4.1836
3.8588
4.1993
4.1794
4.0522
3.8558
3.6406
3.7371
4.0519
4.0244
4.1951
4.1732
4.0123
4.0757
3.7901
3.5849
3.8642
4.1657
4.0104
3.8860
4.0466
3.9871
3.9301
3.8546
3.9263
4.2169
4.1935
3.9193
3.9338
4.0407
3.9074
3.7597
3.8306
3.7864
3.9217
3.9309
3.7691
3.8993
4.2179
3.8453
4.1775
3.8319
3.8863
4.0601
4.2363
3.6709
3.5817
3.5260
3.6029
3.6754
3.5144
3.5717
3.4976
3.6690
3.7150
3.5723
3.7257
3.7123
3.7518
3.9487
3.7627
3.6500
3.5923
3.6330
3.3733
3.7603
3.6860
3.9386
3.8531
3.8771
3.8378
3.7975
3.6772
3.9499
3.8064
3.6077
4.1106
3.7585
3.9692
4.0689
3.9228
4.4816
4.5747
4.1367
4.2515
4.5854
4.9606
4.6925
4.5410
4.8753
4.7329
4.3009
4.4406
4.1382
3.8941
3.8533
3.9208
4.3677
3.7556
4.2974
4.1207
4.5158
4.5257
4.6524
4.5214
4.7362
4.5342
4.2748
3.9929
3.9497
4.3388
4.0901
4.3310
4.2858
4.2742
4.5818
4.3071
4.2799
4.1569
3.9996
4.2149
4.3846
4.2742
4.0834
4.4019
4.5391
4.7184
4.7570
4.4707
4.0608
4.0619
3.6424
4.1401
4.2430
3.9979
3.7383
4.0952
4.2052
4.3505
3.8362
3.8855
4.3319
4.0484
3.7587
3.7028
4.0727
4.0867
4.1406
4.0043
4.0539
3.9405
3.7313
4.1299
3.8803
4.1061
4.2947
4.4821
4.2838
4.0081
4.2069
3.9113
3.9866
4.0474
4.0471
3.9357
3.9761
3.9434
4.2871
4.4090
4.4238
4.3635
4.1109
4.0253
4.1911
4.2132
4.2851
4.1037
4.2815
4.1576
4.4774
4.8115
4.3725
4.0272
3.9882
3.8862
4.6330
4.3642
4.2420
4.1380
3.8289
3.7996
3.7893
4.0695
4.2071
4.1255
4.1765
4.1613
3.8629
3.9776
4.2345
4.0419
3.9508
3.9437
3.8551
3.9738
3.8447
4.1027
4.0996
3.9098
4.1408
4.0755
3.9234
3.8375
3.8937
4.1834
4.2047
4.0979
4.1509
4.0687
4.1581
3.7471
3.9285
4.1321
4.1350
4.0103
4.3370
4.0954
4.0676
3.7416
3.8024
4.2158
4.4701
4.3213
4.0426
4.4728
4.0907
4.2207
4.0892
4.1156
3.9180
3.8368
3.7539
3.8380
3.9377
3.7045
3.6377
3.8884
3.9137
3.8315
3.7130
4.0336
3.9220
3.9686
3.8047
3.8010
4.0189
3.9896
3.9387
3.7302
3.9566
3.9333
4.0852
4.1263
3.9913
4.2731
4.3453
4.2227
4.0528
3.9174
3.6712
3.6378
3.7380
3.9104
3.9270
3.9479
4.0793
4.2217
4.3604
3.9265
4.3757
4.0344
3.8923
3.9693
4.1970
4.2339
4.2374
4.3749
4.2599
4.3185
4.0180
3.9035
4.1840
3.9330
4.0831
4.2971
4.3516
3.9951
3.9437
4.2192
4.3076
4.0758
4.3642
4.8717
4.7205
4.6848
4.6701
4.5032
4.3807
4.5660
4.5795
4.1405
4.3765
4.4664
4.2694
4.0986
3.9026
4.3341
3.9408
4.1297
4.0214
4.1588
4.1717
4.5160
3.8650
4.2508
4.1748
3.9793
4.3784
4.3315
4.2777
4.0741
4.3383
4.0016
3.9492
4.0582
4.1448
3.8817
4.0639
4.1301
4.3594
4.1574
4.1250
3.9287
4.1903
4.0548
3.9631
3.9158
4.1608
3.9783
4.2902
4.4196
4.0206
3.9990
4.2848
4.4760
4.3636
4.2209
4.1463
3.9517
3.7293
4.0805
3.9404
3.8464
4.1119
4.1794
4.0481
3.9708
4.1145
4.3311
4.0995
4.1233
4.0157
3.7524
3.9251
4.1331
4.1466
4.3962
4.1717
4.5059
4.4033
4.1720
4.1078
3.9189
4.0312
4.0759
3.9452
4.1387
3.6953
3.6195
3.9564
3.7507
3.8134
3.6140
3.8938
3.7972
4.0194
3.9869
3.8738
4.1346
4.2523
3.9272
3.6915
3.7157
3.7725
3.8962
4.1594
4.2307
3.9389
4.1325
4.4864
4.2276
4.2483
4.0394
4.1915
4.2561
4.0121
4.0545
3.9427
3.9538
3.7808
3.7377
3.9850
3.8417
4.0673
3.5725
4.1410
3.9957
4.0780
4.3056
3.8919
3.9731
3.6568
3.8132
3.6142
3.7144
3.8880
3.9597
4.0848
4.1097
4.0855
3.7304
3.8668
4.2236
4.4528
4.0675
4.4522
4.4849
4.0452
4.2577
4.0890
3.7357
4.0036
4.1153
3.9853
3.9512
4.0285
3.8489
4.0157
3.7974
4.1271
3.6761
3.9738
3.9614
4.2500
4.1085
4.3237
4.1516
4.0279
4.0544
4.0602
4.1185
3.9562
3.4890
3.8223
3.6279
3.8652
3.8875
3.9207
3.8580
3.6439
4.0335
3.8061
3.9379
3.9326
4.2816
4.4434
3.9463
3.8685
4.0431
3.9765
3.7059
3.7678
3.7356
3.6821
3.8124
3.8751
3.8219
3.9047
4.1627
4.0709
4.1039
3.7817
3.6945
3.6032
3.7742
3.8536
3.8046
3.9573
4.0802
4.1788
3.8783
4.0015
3.7515
3.7439
3.5795
3.6907
3.8140
3.7052
3.7415
3.7430
3.8546
3.8657
3.6841
3.9024
4.0662
3.7914
3.4102
3.4530
3.7097
3.7920
3.5343
3.5269
3.6094
3.8593
3.6868
3.6029
3.5766
3.6765
3.8762
3.9889
3.8643
3.8627
3.8109
3.8753
3.7441
3.8712
3.7653
3.6137
3.4795
3.5174
3.6759
3.6040
3.7829
3.7356
3.6470
3.8132
3.7086
3.8217
3.9197
3.8816
4.0320
4.2815
3.7856
3.9079
4.1055
4.0031
3.9229
4.0309
3.7814
3.5453
3.5619
3.9244
3.6967
3.7774
3.7319
3.4804
3.7163
3.7666
3.8179
3.8295
3.8571
3.8075
3.9865
3.9458
3.7556
3.7307
3.8588
3.6931
3.6195
3.5688
4.1758
3.9301
4.0859
4.0852
4.0103
4.0481
3.5803
3.6695
3.9735
3.8436
3.9609
4.0125
3.8786
3.9436
3.8228
3.8488
4.0573
4.1541
3.9219
3.8151
4.1245
4.0601
4.3511
4.0345
4.1499
4.2013
4.1244
4.0363
3.7525
4.1017
4.2405
3.9826
4.0885
3.9935
3.9493
4.0287
4.3531
4.1070
3.9493
4.0337
3.7914
3.8710
3.8465
3.9966
3.9407
3.9560
4.0639
3.9691
3.9639
4.1977
4.1405
4.0618
4.3989
4.3317
4.4975
4.1449
3.9658
3.8818
3.8735
4.2166
4.1341
4.1138
4.7007
4.2166
4.3438
4.3148
4.2302
4.1100
4.0600
4.2658
4.4480
4.7491
4.2912
4.1095
4.2523
4.2754
4.1105
4.1936
3.9723
4.4421
4.1724
3.9236
3.8465
4.1314
4.0857
4.1357
4.3081
4.2385
4.2584
4.3313
3.7817
4.0767
4.2961
4.1253
4.2121
4.5480
4.1803
4.1016
3.8697
3.7766
4.0270
3.7378
4.0290
3.9141
3.7936
3.9260
4.0502
3.5547
3.8048
4.0036
4.1955
4.3416
4.1437
4.2015
4.0441
4.4655
4.1860
3.9824
4.2627
3.9124
4.1735
4.0108
4.3432
4.0129
3.7975
3.9575
3.7215
3.5477
3.6135
3.6697
3.8683
4.0464
3.8998
4.2551
4.0113
4.0289
4.1507
4.0371
4.3595
4.0060
4.1886
4.1054
4.2500
4.5248
4.5746
4.7101
4.3050
4.1677
4.2498
4.2867
3.9087
4.0802
4.0243
4.3678
4.5309
4.5278
4.0926
3.8457
3.6068
3.8080
3.9121
3.8231
3.9209
4.1575
4.5583
4.4667
4.3574
3.9373
4.0776
4.2507
3.9436
3.6979
3.8353
3.9900
4.0009
3.8520
3.8304
3.7866
3.8784
3.8876
3.9510
3.9677
3.7298
4.0253
4.0179
3.9725
3.9726
3.9263
3.9477
3.9946
4.1329
4.0540
4.0026
4.3025
3.8792
4.2311
4.0177
4.0517
4.1989
4.0756
4.1077
4.1522
4.1255
4.1549
3.9956
4.0938
4.0322
3.8819
4.2039
4.0616
3.8551
4.1678
3.9537
3.7794
3.7289
3.7456
3.9064
3.9279
3.8297
3.8903
4.1035
4.3761
4.1241
4.4688
4.3885
4.4073
4.0292
4.1516
4.2087
4.4802
4.0864
4.5515
4.1312
3.9894
4.0681
4.5115
4.0919
4.5238
3.9873
4.2409
4.1213
3.9534
4.2914
4.0515
4.0837
4.0012
4.1590
3.8723
3.8305
3.6261
3.8746
3.9012
4.1193
4.1823
4.1365
3.9557
3.7639
3.9086
4.0684
4.0946
4.0541
4.0182
4.0193
3.8959
3.7812
3.9283
3.7107
3.8148
4.0083
4.1857
3.9773
3.9613
4.2754
4.2227
3.9753
4.1579
4.1944
3.9250
4.0301
4.2098
3.9072
4.0651
3.8095
3.7258
3.8692
4.0122
3.9846
4.2865
4.1365
3.9182
3.8443
4.1950
3.8818
3.7363
4.0171
3.8161
3.8691
4.0469
3.7256
3.8956
3.8959
3.9072
3.7076
4.0975
3.8335
4.0698
4.0569
3.7360
3.7261
4.1146
4.1390
3.8708
3.7653
3.6897
3.7104
4.0319
4.0743
3.9315
4.1806
4.0696
4.0022
4.1457
4.2277
4.2432
4.1975
4.2657
4.0908
3.8637
4.0634
4.0774
3.9018
3.8906
3.8777
3.7461
4.0471
3.7529
3.9711
3.9101
3.9577
3.9804
4.0107
3.8407
3.8117
4.0024
3.9794
3.9462
3.5872
3.5663
3.7715
3.9041
3.9672
3.9180
4.2386
4.3980
4.1634
4.3442
4.3202
4.6119
4.4551
4.2684
4.0590
4.0043
3.9874
4.0347
4.4997
4.0580
4.2663
4.0848
4.1536
4.1113
4.1176
4.0981
3.9771
3.6508
3.5553
3.6286
3.5748
3.6801
3.9085
4.1768
4.1468
4.0383
3.6282
3.7716
3.8336
3.8777
3.8118
3.7764
3.9085
3.8628
3.8812
4.3663
4.2455
4.0340
4.0029
3.9390
3.5840
3.9155
3.9141
3.7871
3.6932
3.4580
3.5974
3.6643
3.6940
3.7178
3.9647
3.9440
3.9283
3.9895
3.8502
3.8416
4.1429
3.6626
3.6068
3.7009
3.7820
3.5382
4.2714
4.1463
3.9212
3.9191
3.8179
3.8846
3.9681
3.9142
3.9405
4.0292
3.9552
3.7401
3.8797
3.6105
3.8665
3.9702
3.7366
3.7912
3.8929
3.7337
3.8507
4.0846
3.9768
3.9390
4.3362
3.7054
3.9724
3.8410
3.9859
4.1915
3.8311
3.7056
3.9562
3.9238
3.9928
3.7643
4.0825
3.9110
4.0595
4.0212
4.2050
4.2845
4.2057
4.0204
3.8105
4.1590
4.1547
4.1503
4.2813
4.0610
4.0363
4.2072
4.1804
3.8905
3.9415
3.8181
3.7965
3.8029
3.6343
4.0353
3.9921
4.0748
4.1914
4.3766
4.0142
3.8802
3.9959
4.3457
4.3174
4.4317
4.4185
4.3168
3.8212
4.0708
3.8828
4.1171
4.0229
4.0224
4.1281
4.1871
4.4214
4.0949
4.1430
3.8362
3.9577
4.1281
3.8232
3.7483
4.0069
3.7723
3.8679
4.1225
4.1092
3.9266
3.9009
3.8805
3.8830
3.9667
3.8829
3.8126
3.9420
3.8330
3.8589
3.8542
3.7618
4.1213
3.9788
3.7959
3.6768
3.8301
3.6001
3.5670
3.7012
3.6398
3.7988
3.2632
3.5577
3.7840
3.4711
3.3910
3.8432
3.7525
4.1041
4.0188
4.0434
3.9876
3.7959
4.0308
3.9141
3.8838
3.5211
3.9793
3.7853
3.7464
3.7183
4.0272
4.1722
4.0312
4.2570
4.0433
4.2126
4.2102
4.3674
4.1080
4.2521
4.5194
4.2444
4.0948
4.0159
4.0827
4.4730
4.3465
4.4605
3.9764
4.2077
4.2257
4.6669
4.0256
3.9759
3.9831
4.2267
4.1755
3.7829
4.0863
4.4031
4.3597
4.4353
4.3796
4.5226
4.5127
4.3151
3.9769
3.8070
4.3475
4.1043
4.5536
4.1398
4.2045
4.2054
4.4361
4.2821
4.4282
4.2691
4.2014
4.4381
4.5321
4.5154
4.4757
4.5263
4.3951
4.3371
4.2397
4.2912
4.1776
4.1797
4.1436
4.1608
4.2154
4.0486
3.9151
4.0409
3.8111
4.1798
4.0420
4.0550
3.8639
4.0516
3.8413
4.1966
4.2515
4.0962
3.8883
3.9067
3.8854
4.2912
4.0123
3.9771
4.2500
3.9608
3.6528
3.7474
3.7540
4.1026
4.0283
4.0029
3.9379
4.0230
4.1809
4.1671
4.2501
4.5464
3.8321
3.8501
3.8951
3.8739
3.8381
4.1203
3.9553
4.2621
4.0558
4.1935
4.3637
4.1194
3.9933
4.1629
4.2902
4.5640
4.6731
4.5968
4.2469
4.4192
4.4493
4.2128
4.0740
4.2172
4.3415
4.0952
4.1971
4.0453
4.0536
3.7583
3.8795
4.0329
4.2446
3.9724
3.8741
4.1852
4.1424
4.3704
4.3549
4.2200
3.9651
4.1583
4.0437
3.7427
3.8157
3.7209
3.6759
3.8378
3.6355
3.9858
4.2125
3.6177
3.8486
3.7604
3.8786
3.6240
3.7076
4.0285
4.1809
4.2391
3.8868
3.6686
3.7093
4.1908
4.3743
3.9107
4.1346
4.3468
4.0854
4.1255
3.9434
4.1020
3.9613
3.7187
3.9614
4.0800
4.1320
4.3941
4.3806
4.3043
4.3327
4.2154
4.2073
4.2009
4.2379
4.4769
4.0308
4.0986
4.1369
4.0271
3.8897
3.8569
4.0504
3.8883
3.7060
3.6623
3.6958
3.7861
3.6080
3.6742
3.9578
4.2572
4.0662
4.0383
4.1869
4.0527
4.0206
3.9671
3.9752
3.9481
3.9620
4.1578
4.1330
3.9521
3.9335
4.1747
3.9027
4.3561
4.3996
4.3269
4.0849
4.4231
3.9877
4.0508
3.8467
4.0836
4.0888
3.9502
4.1013
4.0040
4.0955
3.9119
4.1425
4.1223
4.3329
4.2183
4.0926
4.0282
4.1993
4.4323
4.4693
4.1992
4.4401
4.2701
4.0698
4.0209
4.1801
4.1101
4.0300
4.0488
3.9741
3.7769
4.1629
4.3330
4.5324
4.4607
4.6476
4.3519
4.3425
4.6808
4.5561
4.3713
4.6001
4.4756
4.5570
4.2788
4.3000
4.2741
4.6199
4.3957
4.3597
4.6115
4.7444
4.4905
4.3532
4.1462
4.2855
4.4336
4.2057
4.0369
4.3642
4.0709
4.0664
4.5084
3.9758
3.9179
4.1035
4.3660
4.0774
4.1526
3.8751
3.6922
3.8263
3.8607
3.9831
3.9931
4.5091
4.3844
4.0348
4.0942
3.8326
4.0067
3.9306
3.9522
4.2140
4.4311
4.1602
4.0207
3.9393
4.3047
4.1488
4.3018
4.3574
4.3275
4.0397
4.4614
4.3627
4.1428
4.3583
4.6494
4.2418
4.2733
4.3382
4.2377
4.2915
4.1402
4.2069
4.1247
4.1229
4.2542
4.4635
4.5031
4.2785
4.5241
4.6384
4.5159
4.5931
4.2948
4.2807
4.1869
4.3404
4.2164
4.0586
4.3668
4.3219
4.0752
4.0629
3.8608
4.2285
4.1278
4.3398
3.9460
3.6710
3.9014
4.0022
3.9034
3.8156
4.2430
4.4759
4.2633
4.3049
4.2615
4.6670
4.6068
4.4683
4.7505
4.6123
4.5546
4.4824
4.5038
4.6272
4.4752
4.5219
4.5786
4.6486
4.2303
4.6299
4.4835
4.1542
4.4310
4.3895
4.4865
4.4976
4.4907
4.5715
4.5810
4.4231
4.6126
4.6855
4.5214
4.4595
4.4828
4.7280
4.5815
4.7123
4.7351
4.6225
4.2904
4.5922
4.8977
4.5251
4.4184
4.4590
4.3388
4.4036
4.5472
4.7561
4.7325
4.5498
4.6576
4.4401
4.4834
4.3266
4.6775
4.3538
4.1598
4.0701
4.1442
4.2422
4.5126
4.2025
4.1945
4.2775
4.1419
4.5359
4.3943
4.2663
4.3394
4.3419
4.5296
4.4448
4.4933
4.1176
4.5941
4.4204
4.6462
4.3741
4.2075
4.4009
4.6494
4.2589
4.0995
4.2859
4.3319
4.2218
4.3543
4.3910
4.6025
4.5509
4.6655
4.5276
4.6338
4.6904
4.7076
5.0313
4.9134
4.6884
4.4536
4.9179
4.5706
4.2413
4.3135
4.4926
4.7768
4.7301
4.4490
4.3117
4.3834
4.4542
4.0721
3.9675
4.0983
4.2201
4.0672
3.9993
4.1730
4.2303
4.2253
4.3958
4.5587
4.3218
4.3159
4.1363
4.2692
4.2041
4.0850
4.1007
4.3467
4.2310
4.5267
4.3975
4.4975
4.3230
4.3537
4.4205
4.3789
4.3363
4.0356
3.9179
3.7494
4.2938
4.5682
4.8032
4.7803
4.4815
4.6796
4.8827
5.0468
4.8182
4.4522
4.4420
4.5369
4.4325
4.4653
4.5464
4.7385
4.3059
4.6387
4.4809
4.5871
4.8368
4.5343
4.9750
4.5600
4.8072
4.5261
4.8731
4.7835
4.9482
4.8231
4.3981
4.2218
4.4358
4.3791
4.5934
4.7467
4.8359
4.8692
4.5269
4.6010
4.5094
4.8482
4.3765
4.2048
4.2700
4.5285
4.5046
4.4979
4.4708
4.4546
4.5027
4.3961
4.4092
4.5348
4.3195
4.4190
4.1236
4.1701
3.9777
3.9816
4.4963
4.5706
4.6924
4.8997
4.8335
4.8609
4.6953
4.5056
4.4129
4.5747
4.6450
4.5518
4.7493
4.7321
4.8059
4.7546
4.9596
4.8598
4.4965
4.3597
4.4970
4.6190
4.6971
4.9313
4.6439
4.7194
4.6633
5.0189
4.9281
4.8288
4.9260
4.8752
4.7157
4.7088
4.7073
4.7392
4.7578
4.8079
4.7509
4.5762
4.3212
4.4443
4.7590
4.5176
4.2953
4.8080
4.9969
5.1502
4.9720
4.9178
4.9641
5.0899
4.8259
4.8673
5.0330
5.1463
5.2518
5.0623
5.5582
5.2332
5.3991
5.3253
5.1189
4.9869
4.7366
4.8497
4.6970
4.4885
4.6962
4.7446
4.9030
5.1793
5.2539
4.9938
5.0692
5.1353
5.0157
4.5501
4.7020
4.9662
4.7347
4.6460
4.9705
4.7906
4.9361
4.9741
4.8139
4.7307
4.5000
4.6350
4.5329
4.7364
4.4723
4.5603
4.5996
4.8011
4.5290
4.3577
4.3772
4.6461
4.8233
4.6290
4.5814
4.5980
4.4247
4.6837
4.8789
4.7837
5.0196
4.6892
4.5502
4.5324
4.6020
4.4677
4.7231
4.4523
4.4188
4.5191
4.8035
4.7106
4.8818
4.6256
4.7977
4.9329
4.6929
4.2158
4.2986
4.4556
4.4244
4.4090
4.5565
4.3592
4.6556
4.8637
4.4901
4.6805
4.8329
4.5746
4.6336
4.8160
5.0917
4.9977
4.6821
4.9118
4.9206
5.2018
4.8654
5.0397
5.1451
4.7299
4.7881
4.3934
4.9593
4.7931
4.6076
4.6328
4.6570
4.7331
4.6501
4.5864
4.6946
4.6974
4.7216
4.7396
4.8247
4.6416
4.9397
4.8961
4.9504
4.7902
4.6669
4.4562
4.8101
4.7900
4.8970
4.8137
4.6115
4.3807
4.4631
4.7375
4.5482
4.4779
4.4857
4.3941
4.6166
4.5858
4.7810
4.6528
4.4552
4.8082
5.0877
4.7344
4.7954
4.6665
4.6249
4.8605
4.7759
4.8471
4.9892
4.8001
4.6539
4.7348
4.6405
4.8420
4.5148
4.5765
4.7095
4.7816
4.8344
4.6028
4.6469
4.7665
4.8529
4.7924
4.8301
4.7165
4.9645
4.9543
4.7559
4.8599
4.8807
4.9192
4.8786
5.0716
4.9077
5.0299
4.6453
4.5989
4.7933
4.8413
4.8733
4.7400
4.5608
4.5097
4.9554
5.0191
4.7059
4.9939
4.7048
4.7480
4.7226
4.3785
4.6302
4.6789
4.7136
4.8260
4.9018
4.6625
4.9757
4.7864
5.1747
5.0721
5.0156
4.7104
4.8890
4.9228
4.5175
4.6921
4.7806
4.7192
4.9798
4.7494
4.5549
4.6289
4.8451
4.7070
4.6854
4.6439
4.8103
4.7360
4.7629
4.6427
4.6013
4.4349
4.8260
4.6721
5.0411
4.8418
4.5946
4.6411
5.1476
4.7316
4.6253
4.7870
4.8758
4.9478
4.7515
5.0061
4.6433
4.4531
4.6757
4.6319
4.6273
4.5696
5.0146
4.8729
4.7536
4.7691
5.1150
4.7401
4.5304
4.5561
5.1223
4.9676
4.7429
4.6700
4.5412
4.7592
4.7347
4.7586
4.9071
4.4987
4.7875
4.9237
4.9842
4.9619
5.1697
5.2161
5.2569
4.9530
4.8608
5.5753
5.1595
5.1534
5.1727
5.1774
5.4231
5.3708
5.0448
5.1229
4.8553
4.7453
4.9033
5.4240
5.1104
4.9062
5.2757
5.2190
5.5174
5.3791
5.2625
5.0814
5.0828
5.0516
5.0660
4.9516
4.7255
4.7460
4.9820
4.7609
4.5794
5.0496
4.7837
4.8016
4.7012
4.4710
4.4579
4.5011
4.5041
4.5817
4.8132
4.8434
5.0681
4.8083
4.7718
5.2793
5.2028
5.2056
5.1248
5.1323
4.9409
5.5286
5.1695
5.2200
5.4807
5.3858
5.1899
4.9242
5.1007
5.1644
5.2827
5.1997
5.0183
5.1837
5.4538
5.3079
5.2447
5.0409
4.8681
5.4599
5.4156
4.7586
4.8018
4.9600
5.1529
5.0447
4.7614
4.7055
4.6423
5.1147
5.0369
4.8663
5.0889
4.9580
5.2472
5.0618
5.1523
5.1991
4.9261
5.1100
4.8294
4.8223
5.1685
5.0137
5.2078
5.2548
5.0205
4.9460
4.7792
5.1844
5.4865
5.3846
5.6005
5.1942
5.1204
5.0736
4.9986
5.2360
5.1798
5.2092
5.2090
5.2192
4.9459
5.4462
5.3741
5.4013
5.1923
5.3195
5.2753
5.1743
5.2359
5.2758
5.4028
4.7916
4.9319
4.9405
4.8842
4.8811
5.0277
5.2000
4.9160
4.8275
5.1150
4.9800
4.9428
4.7062
4.9686
4.8267
4.6098
4.6689
4.5708
4.5958
4.5445
4.3647
4.7568
4.5200
4.7906
5.0848
4.7572
4.4760
4.6069
4.8126
4.9179
5.1003
4.9052
4.9403
4.9428
4.8197
4.9129
5.0112
5.2698
4.9255
5.0864
4.9057
4.9995
4.7578
4.9731
4.7914
4.4890
4.6633
4.7602
4.8495
5.0532
4.8229
5.1557
5.0797
5.2682
4.8488
4.6338
4.6352
4.7049
4.9058
4.6574
4.7649
4.9331
4.8637
4.9001
4.5830
5.0612
5.3147
5.7772
5.2210
4.9993
5.3012
5.1267
5.1377
5.0701
5.0733
4.9001
4.8521
5.1837
5.0534
4.8937
5.0886
5.1282
4.9746
4.7843
4.8237
4.7407
4.6639
4.7801
4.8312
4.9864
4.6271
4.8364
4.8229
4.5560
4.7137
4.8048
4.8525
4.9520
5.0872
4.9633
5.0360
5.0984
5.0114
4.9438
4.7339
4.5024
4.6091
4.4980
4.8052
4.5167
4.4686
4.1826
4.2895
4.4393
4.2308
4.4344
4.4942
4.6447
4.9778
4.5994
5.0371
4.9186
5.0007
4.4495
4.8392
4.8616
5.0382
4.7447
4.9372
4.9931
5.1936
5.2353
5.3856
5.3748
5.3787
4.9473
4.8777
5.2878
5.1804
5.0597
5.1850
5.2068
5.2081
5.2879
4.9628
4.6794
4.8306
5.1016
4.8899
5.0864
5.2064
5.0683
5.2944
5.2817
5.0377
5.3536
5.0820
5.2002
5.1659
5.0273
4.9685
4.9092
4.9442
4.7434
4.7601
5.0497
5.3158
4.8537
4.8607
4.8079
4.9989
4.7302
4.7195
4.9065
4.8738
4.6909
4.6191
4.9764
4.7590
4.5540
4.9525
5.0486
4.8625
4.9551
4.8600
4.8439
4.7387
4.6165
4.8802
5.0079
5.0520
5.0664
4.9227
4.9759
4.6819
4.9569
4.8431
5.1767
4.9648
5.0389
4.9977
5.0193
5.0703
4.9239
4.9964
5.1785
4.7415
5.1617
5.0940
5.0465
4.9610
5.3531
5.2163
5.0893
5.3038
5.5230
5.7052
5.2469
4.9983
5.1648
5.1206
4.9191
4.5353
4.9270
5.2137
5.0646
5.0009
4.8741
4.7059
4.9479
4.8789
4.9683
5.1212
5.1858
5.2835
5.3251
5.3500
5.4266
5.0024
5.0549
5.0655
5.1106
5.2052
5.2643
4.8846
4.8779
4.8962
4.9714
4.9487
5.2239
4.8933
5.0578
5.3489
4.9010
5.0841
5.0595
4.9746
4.8774
5.0599
4.8543
5.2713
5.1375
5.0258
5.2756
5.1641
5.1311
5.0792
4.9080
4.9645
5.0508
4.9979
4.8774
4.9889
4.9251
5.0536
5.4179
5.4383
4.8346
5.4669
5.3699
5.5674
5.0007
5.0135
4.9322
5.1116
4.9445
4.8120
5.0977
4.8337
4.8174
5.2219
5.0393
5.0950
4.7217
4.8276
4.7970
5.1607
5.0286
4.9508
5.2971
4.8098
4.8617
5.0542
4.9162
4.9967
5.0002
5.1744
5.0464
5.1043
5.4541
5.2838
5.1887
5.2765
5.0345
5.2040
5.2741
5.2859
5.1140
5.3985
5.2114
5.3054
5.1727
5.1663
5.3047
5.1296
4.9817
4.9048
4.9706
5.3544
5.0788
4.8918
4.8683
4.8233
4.7422
4.8731
4.5947
4.8087
4.8566
4.8463
5.1001
4.9443
4.9625
4.9621
4.9921
4.9430
5.3103
5.3530
5.5891
5.2528
5.2101
5.4162
5.3896
5.4529
5.3719
5.3471
5.1643
5.1861
5.3591
5.1647
4.9369
5.4266
5.2970
5.0897
5.2009
5.3043
5.1155
5.0899
5.1007
5.1621
5.2436
5.2746
5.3434
5.0925
5.0738
5.5805
5.2423
5.4299
5.6095
5.2400
5.1888
5.0760
5.1568
5.4678
5.3276
5.1514
5.2994
5.0061
5.3670
5.0256
5.0231
5.1741
5.0577
5.1339
5.2402
4.9457
4.9087
4.9881
5.2732
5.1018
4.9232
4.7310
4.6950
4.6533
4.8425
4.9145
5.0998
5.1110
5.1315
5.0203
5.3262
5.3467
4.8570
4.9438
4.7832
4.6896
4.8582
4.6720
5.0526
5.1637
5.3051
5.2513
5.1597
5.0367
4.9457
5.2876
5.1061
5.2136
4.9487
5.1159
4.9061
4.9167
4.7250
4.6063
5.0250
4.9286
5.0820
4.8094
5.1310
4.7100
4.9727
5.0543
5.1689
5.1419
5.3908
5.4148
4.9477
5.1529
4.9987
5.0096
5.0783
4.7502
4.7263
4.3698
4.6507
4.6769
4.5246
4.6166
4.5734
4.6343
4.8218
4.8585
4.8344
4.6940
4.7038
4.6127
4.4510
4.7889
4.3158
4.3187
4.2768
4.5630
4.4044
4.6680
4.7579
4.5191
4.6250
4.4646
4.3632
4.4764
4.4896
4.4483
4.2675
4.4503
4.1117
4.0055
4.3529
4.2880
4.3404
4.3421
4.1373
4.2802
4.5159
4.4958
4.2519
4.5716
4.0593
4.1955
4.4356
4.4538
4.0549
4.2500
4.2740
4.3877
4.3078
4.2636
4.2808
4.3173
4.4288
4.0407
4.1123
4.1376
4.4447
4.1620
4.0719
4.0249
4.2102
3.8265
3.9703
4.0566
4.3405
4.1838
4.1033
4.3571
4.1512
4.0444
4.3647
4.3515
4.1681
4.1638
4.2102
4.0391
4.1096
4.1199
4.4232
4.2694
4.0171
4.1884
4.3474
4.5398
4.5218
4.4589
4.4863
4.8558
4.7681
4.4765
4.4652
4.4971
4.6661
4.5865
4.5472
4.7743
4.8295
4.6171
4.2127
4.1867
4.4029
4.4105
4.5525
4.8787
4.3137
4.3717
4.6256
4.6348
4.3450
4.2916
4.5239
4.3387
4.6353
4.3658
4.3285
4.3441
4.5141
4.2372
4.1005
4.1464
4.2048
3.9803
4.3100
4.3667
4.3778
4.2603
4.5599
4.4820
4.4171
4.3864
4.3592
4.2385
4.2431
4.0384
4.1620
4.2541
4.4218
4.2375
4.1926
4.3697
4.5135
4.3455
4.2462
4.3450
4.2991
4.3432
4.2634
4.2504
4.2755
4.2207
4.3660
4.2409
4.0883
3.8757
4.1113
4.0349
3.9812
3.6836
4.1799
4.4483
4.6607
4.4521
4.0406
3.9382
4.0713
4.3135
4.1498
4.2734
4.2431
4.0844
4.2213
4.1555
4.2794
4.3990
4.5043
4.3988
4.5476
4.5652
4.5473
4.7870
4.4854
4.4112
4.3480
4.5880
4.3116
4.6951
4.4155
4.6170
4.6212
4.5210
4.8264
4.2231
4.2322
4.7311
4.4120
4.5222
4.6313
4.4923
4.8593
4.4748
4.5835
4.8699
4.7311
4.5633
4.7607
4.6920
4.6748
4.5272
4.9107
4.5461
4.6756
4.9212
4.7436
4.5985
4.4518
4.5424
4.2883
4.2122
4.3162
4.3744
4.5830
4.5312
4.4234
4.4013
4.4240
4.4287
4.3162
4.2936
4.2523
4.2477
4.1636
4.3652
4.3894
4.3441
3.9243
4.1550
4.3259
4.2484
4.3820
4.4289
4.2996
4.4225
4.3907
4.2974
4.2478
4.4600
4.6198
4.5270
4.1356
4.4074
4.5438
4.7908
4.3679
4.3125
4.4154
4.4134
4.5574
4.6435
4.9863
4.7695
4.4908
4.3668
4.4139
4.3610
4.4762
4.7916
4.5495
4.7083
4.6118
4.5295
4.5941
4.8030
5.1275
4.5390
4.6112
4.1449
4.6840
4.3922
4.7714
4.5965
4.2946
4.3661
4.3256
4.6107
4.5078
4.3798
4.5267
4.7108
4.3431
4.5639
4.3502
4.3350
4.4078
4.6035
4.5071
4.3628
4.6079
4.2921
4.4789
4.2165
4.4196
4.4522
4.5117
4.5772
4.6170
4.5500
4.6576
4.5459
4.3100
4.6301
4.3519
4.3336
4.2243
4.2925
4.5390
4.3256
4.3421
4.5920
4.3107
4.2021
4.2950
4.2324
4.2742
4.1560
4.3165
4.3243
4.1742
4.1906
4.1087
4.1639
4.3757
4.2277
4.2830
4.2121
3.9279
4.0982
4.0130
4.2202
4.0860
4.1914
4.2541
4.4210
4.2578
4.2566
4.4747
4.5021
4.3484
4.3786
4.1743
4.2559
4.5112
4.6155
4.4306
4.4265
4.6218
4.5050
4.5199
4.3557
4.3216
4.2638
4.4586
4.6401
4.4807
4.6150
4.5362
4.4562
4.3188
4.2100
4.1970
4.8158
4.4222
4.4029
4.8045
4.6242
4.9525
4.5999
4.1565
4.2113
4.5339
4.2109
4.0990
4.2404
4.3592
4.4411
4.5095
4.3731
4.4537
4.5956
4.5962
4.3373
4.1808
4.1193
4.2666
4.2398
4.4779
4.6477
4.3489
4.3783
4.6086
4.9226
4.6016
4.5293
4.2488
4.2487
4.3925
4.5430
4.3515
4.6912
4.3112
4.6236
4.7451
4.7201
4.4428
4.5217
4.5129
4.7232
4.8223
4.7748
4.4380
4.6530
4.4028
4.5393
4.7728
4.4101
4.1357
4.6829
4.5636
4.7902
4.7109
4.6668
4.6608
4.6937
4.7371
4.8393
4.7198
4.7979
4.6604
4.8967
4.7350
4.6494
4.4268
4.6323
4.6268
4.6918
4.9398
4.7437
4.5606
5.0640
4.9963
5.0867
5.1167
4.6411
4.5766
4.7481
4.5131
4.5110
4.4478
4.4771
4.2566
4.5016
4.8065
4.5439
4.3856
4.4190
4.5855
4.5091
4.3564
4.4048
4.4315
4.3948
4.1625
4.3929
4.5415
4.3073
4.1978
4.4268
4.3922
4.4567
4.4809
4.5919
4.5267
4.3895
4.3169
4.4432
4.4420
4.5407
4.7247
4.7841
4.8770
4.7511
4.5887
4.8541
4.5962
4.8655
4.7839
4.8783
4.8707
4.8327
4.7777
4.5057
5.0916
4.9306
4.8427
4.5857
4.8213
4.8685
4.7729
4.2241
4.5469
4.3686
4.7286
4.7023
4.5565
4.4308
4.5498
4.6015
4.6533
4.7572
4.7312
4.5148
4.4359
4.6622
4.6824
4.7486
4.7163
4.6441
4.6708
4.7901
4.4407
4.3466
4.6988
4.7175
4.5098
4.5157
4.9834
4.9972
4.8985
4.6132
4.9712
4.5931
4.7576
4.7296
4.5432
4.9355
5.0223
4.7513
4.5675
4.4113
4.7129
4.5621
4.6100
4.2142
4.6192
4.5129
4.2327
4.5126
4.5013
4.5276
4.9185
4.7488
4.7526
4.7298
4.7308
4.9915
4.6086
4.3536
4.7890
4.7970
4.6833
5.2437
5.0179
5.0535
4.9996
5.0348
4.8575
4.7765
4.8384
4.7351
4.6835
4.8840
4.7310
5.0224
4.6051
4.4152
4.4421
4.4092
4.4493
4.6490
4.5157
4.5448
4.7733
4.9283
4.7702
4.3564
4.3273
4.3493
4.1785
4.2249
4.5286
4.6241
4.4203
4.5426
4.3703
4.4469
4.1375
4.2346
4.2159
4.0084
4.2721
4.2712
4.3958
4.4023
4.5587
4.8262
4.4659
4.4524
4.5362
4.4032
4.4469
4.4159
4.5877
4.5460
4.2137
4.3190
4.4097
4.2861
4.5145
4.4949
4.5290
4.5699
4.4213
4.4245
4.4261
4.9121
4.7331
4.9686
4.6279
4.4521
4.4793
4.7428
4.8565
4.8679
5.1530
4.9133
4.9854
4.9002
4.9985
5.1866
4.8851
4.9867
4.9920
5.1176
4.8659
4.5711
4.7711
4.4806
4.7001
4.5240
4.9336
4.5774
4.3558
4.7543
5.0038
4.8824
4.6088
4.6192
4.7339
4.9434
4.5227
5.0510
4.8985
4.7736
4.7140
4.6911
4.6995
4.7774
4.7194
4.5026
4.6846
4.6769
4.8236
4.5658
4.5448
4.4941
4.0111
4.1725
4.1708
4.3996
4.5583
4.5894
4.2280
4.4668
4.3541
4.2615
4.2201
4.4223
4.5569
4.7485
4.5626
4.5041
4.7540
4.8102
5.2236
5.1813
5.0635
4.5698
4.3314
4.9080
4.7914
4.7172
4.4497
4.5572
4.4471
4.3028
4.1594
4.3462
4.4143
4.2086
4.3457
4.4007
4.1749
4.2797
4.5491
4.1906
4.5051
4.1647
4.1863
4.4840
4.6176
4.4792
4.7906
4.2451
4.1634
4.0727
4.1465
4.2380
4.2774
4.4279
3.9827
4.1693
3.9577
3.9955
4.1432
3.9479
3.9161
4.1502
4.3895
4.1720
4.0365
4.3752
4.4094
4.3101
4.3570
4.4954
4.3734
4.3268
4.3571
4.4125
4.3653
4.2825
4.0591
4.5519
4.3608
4.4401
4.5515
4.4844
4.7100
4.8771
4.5886
4.4799
4.3894
4.1094
4.0599
4.0055
4.1997
4.2321
4.2072
4.7244
4.3874
4.3487
4.1581
3.9016
4.2290
4.5822
4.4292
3.9638
4.0382
4.0215
3.7855
3.9775
3.9301
3.8321
3.8604
4.0863
4.0329
4.0715
4.1512
4.4169
4.6405
4.3690
4.3151
4.4420
4.1806
4.5227
4.4002
4.4727
4.5665
4.7395
4.7007
4.5761
4.2127
4.3183
4.0964
4.0290
4.4616
4.7228
5.0001
4.7872
4.7165
4.8810
4.8623
4.7570
4.4954
4.7704
4.6149
4.6478
4.7137
4.9940
5.0032
5.2296
5.2042
4.8070
4.5617
5.2632
5.0385
5.0536
5.3380
4.8511
5.0324
5.1494
5.5890
4.8095
4.9156
4.8538
4.5966
5.0876
4.8218
4.8037
4.6345
4.6918
4.2818
4.7001
4.6806
4.5059
4.6563
4.4911
4.5240
4.3441
4.7686
4.7509
4.5521
4.6676
4.7476
4.4748
4.3014
4.4253
4.4560
4.4955
4.4685
4.6815
4.4450
4.4833
4.8342
4.5363
4.7906
4.3507
4.1815
4.3888
4.4972
4.5542
4.8023
4.6036
4.6142
4.5243
4.6580
4.7094
4.4900
4.6637
4.3650
4.3867
4.5635
4.2818
4.8436
4.6014
4.9930
4.5660
4.5027
4.4194
4.6795
4.8898
4.6448
4.5977
4.5887
4.3533
4.6719
4.9382
4.3196
4.6872
4.4232
4.4925
4.6584
4.9513
5.0693
5.1556
5.0776
5.0782
5.1729
5.2173
4.4892
4.9867
5.1558
5.2680
4.8437
4.5950
4.7840
5.0286
4.7718
4.3512
4.5651
4.8411
4.7994
4.6264
4.5501
4.9796
4.9579
4.3309
4.3665
4.5180
4.5394
4.4310
4.6782
4.7250
4.7596
4.6211
4.8187
4.6643
5.0033
4.9509
4.6849
4.4841
4.9432
4.8160
4.8066
4.9118
4.4346
4.2770
4.3980
4.3970
4.4276
4.4675
4.6043
4.7067
4.8865
5.0603
4.9260
4.7127
4.8726
4.4883
4.5057
4.7402
4.8022
4.7976
4.9674
4.4912
4.7165
4.4788
4.3641
4.6035
4.6629
4.3926
4.4497
4.2711
4.3309
4.1381
4.0007
4.2532
4.4649
4.1441
4.6327
4.5238
4.3886
4.6918
4.8304
4.7259
4.3630
4.0496
4.2080
3.9610
3.7907
3.9100
3.9439
4.0758
4.0971
4.4982
4.3412
4.5041
4.5941
4.4711
4.4718
4.4662
4.6698
4.7932
4.6025
4.4508
4.6627
4.4200
4.3501
4.4346
4.3016
4.6547
4.7780
4.5697
4.6280
4.6370
4.6211
4.7695
5.0313
5.0237
4.7334
4.8816
4.9314
4.9844
4.8341
4.7459
4.5116
4.5435
4.8536
4.6887
4.7072
4.7771
4.5319
5.0217
5.1351
5.1710
5.3033
4.8037
4.6131
4.9642
4.8164
4.4436
4.7992
4.8479
4.7082
4.6590
4.4274
4.7415
4.5785
4.5885
4.8198
4.6749
4.6813
4.9141
5.0187
5.1488
4.9268
4.6304
4.5322
4.7487
4.4747
4.7829
4.4779
4.6862
4.4419
4.4614
4.5331
4.8549
4.5398
4.4477
4.4025
4.5005
4.5460
4.5268
4.6889
4.6191
4.6803
4.3328
4.4051
4.3409
4.7683
4.7884
4.6994
4.9673
4.7805
4.8462
4.4209
4.9916
4.7366
4.4318
4.6976
4.6994
4.1461
4.1768
4.3514
4.6094
4.7526
4.6275
4.8702
4.5236
4.6921
4.7943
4.5608
4.2700
4.2896
4.0719
4.3533
4.4338
4.1992
4.3932
4.2776
4.5348
4.4813
4.5785
4.3843
4.4389
4.5019
4.3543
4.2310
4.3158
4.1352
4.3660
4.1625
4.4408
4.7780
4.9181
4.8823
4.6788
4.1840
4.4638
4.4608
4.2930
4.1822
3.8857
3.8420
3.9746
4.0522
4.1437
4.4062
4.2432
4.2898
4.6724
4.6088
4.4560
4.1534
4.2797
4.4223
4.3452
4.5412
4.4968
4.5880
4.3089
4.3579
4.5648
4.2688
4.4312
4.4595
4.0215
4.0145
4.0495
3.8314
3.9157
3.8615
4.2204
4.4060
4.3582
4.3132
3.8850
4.0482
4.0592
3.9708
4.0676
4.0897
4.1312
3.9261
4.1250
4.2164
4.3949
3.9932
4.6227
4.1622
4.4035
4.4604
4.4877
4.3110
4.4610
4.4648
4.7790
4.4124
4.3605
4.2562
4.3895
4.4803
4.4659
4.2079
4.5411
4.5468
4.4115
4.5881
4.5941
4.4696
4.3520
4.5049
4.3840
4.5727
4.3837
4.4550
4.3442
4.2767
4.4526
4.3178
4.7605
4.5369
4.4805
4.6670
4.5754
4.7922
4.7407
4.6609
4.9701
5.1350
5.0756
5.5917
4.9776
5.0329
5.3987
5.1096
5.1129
4.7245
4.6884
4.9959
4.7111
4.8481
4.9523
4.8558
4.8671
4.6816
4.6467
4.7166
4.8425
4.8016
4.7346
4.7041
4.6626
4.6608
4.9641
4.7800
4.5186
4.4359
4.6593
4.3808
4.9037
4.7661
5.1438
4.8117
4.8472
4.3696
4.3190
4.4808
4.1807
4.2758
4.2505
4.4747
4.5404
4.4993
4.3357
4.2516
4.3995
4.1751
4.1418
4.1817
4.3250
4.2956
4.3775
4.1405
4.2377
4.2261
4.3417
4.2853
4.2330
4.1669
3.9634
4.1768
4.4061
4.2832
4.3342
4.5026
4.5071
4.5064
4.5991
4.5134
4.5957
3.9200
3.8294
4.2139
4.0253
3.9998
3.9421
4.0606
3.9465
4.0738
4.0938
4.0527
3.7383
4.0153
3.9324
3.9063
3.7394
3.6817
3.8914
3.8048
3.6813
3.4933
3.4427
3.5306
3.9257
3.7393
3.6921
3.8414
3.8494
3.8832
3.8870
4.2869
4.1669
3.8235
3.7557
3.9407
4.1353
4.0763
3.8409
3.8678
4.0632
4.2680
4.2599
4.0521
4.2666
4.5023
4.1259
4.1365
4.5559
4.0879
4.1846
4.3276
4.4051
3.8561
3.9579
4.0357
4.0537
3.9469
4.3716
4.2009
4.4061
4.5352
4.3974
3.9480
4.0712
4.1476
4.4303
4.4556
4.4792
4.4618
4.2399
4.4356
4.4229
4.3914
4.0478
4.1756
4.0058
4.1678
4.2341
4.1510
4.4529
4.3107
4.3741
4.6615
4.2426
4.0893
4.2302
4.1975
4.6842
4.6516
4.7013
4.4884
4.3936
4.4373
4.3135
4.6383
4.0524
4.5307
4.2470
4.2805
4.1545
4.2067
4.5774
4.2084
4.3666
4.7080
4.6017
4.4949
4.7144
4.4713
4.2624
4.4763
4.4127
4.1307
4.2326
4.5470
4.4235
4.4938
4.5212
4.6523
4.4567
4.3645
4.3712
4.5748
4.0868
4.4389
4.4374
4.2555
4.3641
4.6916
4.4969
4.3200
4.4476
4.4778
4.4405
4.5044
4.5180
4.6148
4.5626
4.4266
4.5942
4.4369
4.6323
4.2580
4.1014
4.1923
4.4329
4.3958
4.6735
4.4843
3.9997
4.4287
4.7301
4.4431
4.5238
4.6114
4.7063
4.6590
4.6872
4.3576
4.8003
4.8658
4.8954
4.6110
4.4521
4.5540
4.8374
4.8169
4.7138
4.4167
4.2060
4.2126
4.2243
4.2962
4.1623
4.1401
4.1782
4.2317
4.2342
4.3486
4.4906
4.3686
4.1405
4.3045
4.5322
4.3238
4.1913
4.3480
4.2432
3.9434
4.3338
4.2782
3.9897
4.0781
4.1074
4.3935
4.1853
4.1349
4.0824
4.2541
4.3144
4.2254
4.0473
4.1527
4.1163
4.3750
4.1657
4.1790
4.0954
4.1616
4.1174
4.1301
4.0903
4.3064
4.1328
4.0117
4.1107
4.1461
4.3679
4.2898
4.1481
4.3726
4.6667
4.3522
4.4696
4.3618
4.4332
4.2625
4.2007
4.2617
4.5860
4.5330
4.1956
4.1188
4.1097
4.1929
4.1238
4.0022
3.9667
3.9647
4.0207
3.9512
3.8551
3.9990
3.7863
4.0724
4.2772
4.1375
3.9449
3.8329
4.2131
4.2262
4.3007
4.4834
4.0960
4.0043
4.1303
4.1553
4.1691
4.4228
4.6433
4.4265
4.2530
4.8189
4.6736
4.3935
4.4240
4.2646
4.9030
4.7878
4.9965
4.9557
4.7292
4.5872
4.7872
4.5113
4.3478
4.2849
4.5000
4.5155
4.5346
4.3212
4.5413
4.5111
4.8130
4.4395
4.7896
4.7538
4.8683
4.7518
4.9363
4.4279
4.7911
4.9391
5.0268
4.9214
4.6616
4.6634
4.7166
4.5448
4.7012
4.9482
4.7990
4.5916
4.3076
4.4895
4.7328
5.3079
4.7904
4.9714
4.7981
4.9936
4.9828
4.9064
4.8709
4.7916
4.8813
4.5613
4.4387
4.2367
4.3375
4.1985
4.5065
4.4763
4.5468
4.6368
4.5289
4.5070
4.3234
4.3692
4.4269
4.3883
4.4480
4.5377
4.5586
4.6954
4.6394
4.7517
4.5939
4.4512
4.6056
4.6266
4.3626
4.3720
4.4049
4.5196
4.6461
4.8922
4.9717
4.6356
4.6099
4.7405
4.4842
4.4104
4.6981
4.8060
4.6323
4.4483
4.6158
4.8565
4.6131
4.4491
4.4025
4.7905
4.9366
5.0171
5.1451
5.0464
4.8700
4.8069
4.7643
4.6415
5.0005
4.5857
4.7910
5.0146
5.0255
4.9615
4.6604
4.6118
4.5358
4.4108
4.5476
4.5135
4.7010
5.0596
4.8473
4.6834
4.4360
4.5351
4.8307
4.5143
4.9583
4.5538
4.7504
4.3177
4.2762
4.1162
4.4436
4.5169
4.7116
4.3444
4.4682
4.3437
4.4513
4.6625
4.6011
4.5772
5.0725
5.0344
4.8995
5.0677
4.6490
4.5058
4.5253
4.4096
4.6981
4.9281
4.8951
4.9845
4.7864
4.9748
4.8829
4.8586
4.7920
4.6505
4.7303
4.8978
4.7790
4.7697
4.8978
4.9267
4.6936
4.6497
4.7148
4.7423
4.7845
4.7449
4.8915
4.6216
4.6953
5.0949
5.3929
5.1990
5.1480
5.1881
5.2461
5.0371
5.3114
5.2860
5.2088
5.1319
5.2119
4.5753
4.8441
4.9443
5.0734
4.9810
4.9468
4.9011
5.0722
5.2017
4.7799
4.9730
4.8968
5.0959
4.7501
4.9263
4.5185
5.0795
4.9812
4.9808
4.9303
5.0600
5.2141
4.7672
4.3690
4.5697
4.9729
4.9903
4.6490
5.0250
4.7369
4.5071
4.4750
4.5851
4.8187
4.8532
5.0381
4.8896
5.0930
4.8383
5.0260
4.9855
4.7518
4.7242
4.7773
4.7062
4.4732
4.6983
4.7646
4.4324
4.4328
4.5936
4.5790
4.4420
4.6395
4.6539
4.6718
4.8640
4.6159
4.5842
4.6426
4.8619
4.6371
4.5556
4.8693
5.3311
4.8045
4.5544
4.5189
4.6409
5.0876
4.3806
4.1769
4.6566
4.7408
4.4762
4.6965
4.1599
4.6117
4.8569
4.4589
4.2017
4.3861
4.3025
4.3143
4.2485
4.5793
4.5352
4.7568
4.6929
4.7146
4.7113
5.1208
4.8196
5.0179
4.9391
4.8279
4.8591
4.8483
5.1241
5.4581
5.5438
5.4514
5.0801
4.9851
4.8848
4.9703
5.1418
5.1008
4.8502
4.3762
4.8480
4.8993
4.9577
5.0846
4.9304
4.8098
5.3947
5.2079
5.0470
5.1470
5.2524
5.6754
5.4770
5.2946
5.0906
5.1347
5.0839
5.1603
5.1822
4.8051
4.4319
4.8383
4.7791
4.7044
4.7683
4.6476
4.4770
4.7211
4.7932
4.8320
5.0582
4.9855
4.8333
4.8241
5.0638
4.9228
5.1202
4.9380
5.3827
5.0537
5.0412
4.8834
4.7829
5.0018
4.7427
4.6270
5.0616
4.9517
4.7820
5.2383
5.1301
5.2406
5.2175
5.6055
5.3897
5.0532
5.5767
5.4887
5.0462
5.1284
5.3054
5.1342
4.8118
5.5114
5.2941
5.4573
5.3556
5.0622
5.2801
5.1869
5.5338
5.5131
5.1311
5.0598
4.8059
4.8700
4.9774
5.0724
5.7396
5.4489
5.5070
5.2484
5.1522
5.2660
4.7645
4.8760
4.8204
4.9334
4.8860
5.0860
5.2163
4.8560
4.6999
4.9383
5.0700
4.8921
4.8355
5.0111
4.9810
4.9827
4.8893
5.3211
5.1284
5.0027
4.7732
4.9241
4.9772
4.9801
5.2034
5.4971
5.3440
4.8358
4.6562
4.7985
4.6159
4.5057
5.1008
4.6918
5.1270
4.7934
4.6780
4.6698
4.6003
4.6577
4.5157
4.8458
4.8681
4.9370
5.0129
5.0262
4.6598
5.1848
5.2505
5.3515
5.2302
4.9619
5.3080
5.3698
5.1079
5.3616
5.1951
5.1300
5.2591
5.4689
5.2839
5.5410
5.4087
5.3285
5.0816
5.3739
5.2606
5.3635
5.4296
5.4501
5.5563
5.5002
5.4377
5.4695
5.4803
5.2952
4.9204
5.5154
5.7257
5.7073
5.4368
5.5568
5.3877
5.6296
5.4472
5.3580
5.5884
5.5938
5.6504
5.6370
5.5228
5.2887
5.1022
4.9640
4.7678
5.1613
5.1072
5.5875
5.2280
5.1336
5.6039
5.5654
5.1649
5.0238
5.3820
4.9214
5.0692
5.1631
5.2697
5.1533
5.4757
5.4381
5.4682
5.5696
5.2016
5.1766
5.2230
5.1667
5.4767
5.4087
5.3636
5.7517
5.3330
5.4936
5.3000
5.3863
5.1604
5.5800
5.6445
5.6193
5.7192
5.4254
5.5617
5.7422
5.3661
5.2735
5.4397
5.7809
5.4177
5.8196
5.3733
5.7062
5.5000
5.3493
5.3805
4.9519
5.2706
5.0984
5.3236
5.0863
5.1648
5.0878
5.0509
4.9292
4.6302
4.8856
4.6521
4.4153
5.0512
5.0617
4.7678
4.5946
4.8892
4.6727
4.8405
4.7694
4.9575
4.7137
4.7169
4.6718
4.7666
4.6193
4.5962
4.9546
4.6719
5.0648
5.1695
5.0348
4.6332
4.7835
4.3649
4.4160
4.4573
4.5714
4.7424
4.8106
4.6020
4.5271
4.7677
4.8308
5.0351
4.8942
5.1052
4.6027
4.9362
4.8634
4.9061
5.0394
4.6745
4.8166
4.7836
4.5491
4.7118
4.8279
4.6723
5.0970
5.1680
5.6246
5.6159
5.4376
5.2236
5.1458
5.2933
4.9506
5.2634
5.0830
4.8683
4.9846
5.2223
4.9818
5.0316
5.1695
4.8828
4.6727
4.8840
4.5520
4.4042
4.6696
4.8708
4.5902
4.9202
4.8918
5.0413
4.8019
5.1541
5.2244
4.7737
5.1486
5.0673
4.8856
4.5831
5.0687
5.2729
5.0766
4.7958
4.7436
4.6742
4.7747
5.1499
4.8401
4.9860
4.7051
5.2230
5.1375
5.0616
4.8239
4.9850
4.8546
5.1875
4.9690
4.9945
5.1313
4.9256
5.0675
5.3670
4.9259
4.9650
5.0965
5.0430
4.7977
5.2171
5.2308
4.9216
4.9138
4.6994
4.8173
5.0563
4.9751
4.9114
5.1274
4.7712
4.6546
4.7718
4.9134
4.8803
5.2004
4.9680
4.8306
4.9660
4.7345
4.9354
4.8100
4.5298
4.7537
5.1305
5.1260
5.1263
5.0712
5.1557
5.4868
5.2873
5.3569
4.8609
4.9630
5.0026
4.9561
4.9898
4.7009
4.5375
4.4212
4.5577
4.9796
4.5468
5.1254
5.3454
5.4625
5.4676
5.3546
4.8224
5.0475
5.0603
5.3870
5.2931
5.5080
5.0531
5.1544
5.4186
5.4314
5.1815
4.8382
4.8057
4.9621
5.3246
5.1886
5.3595
4.7147
4.8246
4.7850
4.7780
4.9362
4.8797
4.7595
5.1804
5.1726
5.2954
4.8770
4.7574
5.0553
4.9425
5.1013
5.1969
5.2803
5.4074
4.9436
5.0613
5.0843
5.0222
5.2226
5.6007
5.5502
5.6433
5.4633
5.4839
5.7717
5.4944
5.2460
5.3951
5.2030
5.3950
5.3260
5.3212
4.9973
5.3965
5.3647
5.2664
5.1928
5.3689
5.4768
5.3753
5.4867
5.3455
5.3113
5.3842
5.3911
5.6209
5.8057
5.6703
5.6269
5.7999
5.6001
5.5879
5.3609
5.5317
5.4784
5.4496
5.6366
5.2826
5.7518
5.4956
5.2528
5.1962
5.7817
5.6261
5.2659
5.3478
5.5756
5.4647
5.5915
5.3456
5.6180
5.4778
5.3748
5.4211
5.4100
5.3301
5.2876
5.1037
5.4930
5.2138
5.1652
5.1520
5.3800
5.7509
5.5504
5.4276
5.3898
5.4182
5.0675
5.6099
5.5273
5.2162
5.5372
5.5186
5.5403
5.7692
5.8115
5.8256
5.9128
5.7340
5.6827
5.1781
5.2753
5.1853
4.9586
5.4967
5.2170
5.6555
5.4969
4.9934
5.3040
5.0025
4.9486
5.0192
5.4010
5.0398
5.4473
5.0223
5.2764
5.2036
5.1558
5.1382
5.5116
5.3536
5.1344
5.1276
5.2525
4.9204
5.1462
5.2848
5.1742
5.4579
5.3912
5.3775
5.1138
5.6325
5.5049
5.4391
5.5076
5.5968
5.3530
5.1756
5.2308
5.3076
5.5494
5.4574
5.4015
5.3087
5.5943
5.6047
5.5666
5.4060
5.4959
5.5387
5.3833
5.6565
5.5682
5.6127
5.5765
5.4888
5.5259
5.3718
5.0047
5.6131
5.6519
5.7045
5.8289
6.0458
5.5545
5.3432
5.4024
5.6439
5.4549
5.5688
5.7712
5.3359
5.1187
5.4323
5.1233
5.0702
4.7704
4.8994
4.9295
4.8631
5.1102
4.9431
5.2244
4.7454
5.1971
5.1013
5.1312
4.9899
5.3751
5.2327
5.5606
5.1787
5.2147
5.0872
5.0793
5.0299
5.3429
5.0997
5.2941
5.1507
5.4669
5.7028
5.5832
5.5303
5.2865
5.0950
5.1165
5.3697
5.1511
5.4897
5.5552
5.4857
5.2838
4.8550
5.0860
5.3536
5.4817
5.3017
5.2829
5.4095
5.1676
5.1817
4.8770
5.3600
5.2561
5.4667
5.5853
5.5908
5.3614
4.9210
4.7849
5.1316
5.2681
5.2531
5.2049
5.2404
5.4025
5.4615
5.3603
5.5470
5.7750
5.6286
5.5689
5.3002
5.5422
5.2807
5.4908
5.7281
5.7696
5.7139
5.5319
5.4651
5.3018
5.2689
5.4503
5.4320
5.2169
5.5043
5.4138
5.4934
5.1734
5.2533
5.5376
5.4770
5.5417
5.4022
5.2765
5.5504
4.9722
5.0494
5.3503
5.8615
5.9457
5.3650
6.0533
5.5036
5.3357
5.4920
5.0970
5.1332
5.0077
5.0535
5.6726
5.3955
5.6934
5.6924
5.4647
5.2184
5.2805
5.5829
5.3993
5.6010
5.7271
5.4337
5.4233
5.2685
5.1540
5.0701
5.5709
5.5309
5.6232
5.6753
5.5896
5.5631
5.2115
5.4518
5.4750
5.4125
5.5027
5.5497
5.2537
5.4490
5.1645
5.1439
5.2506
5.3756
5.1820
5.2075
5.1295
5.5222
5.4877
5.5989
5.7646
5.7992
5.6681
5.6510
5.6901
5.5909
5.6842
5.7513
6.1011
5.5597
5.2226
5.3615
4.9937
5.3779
5.4916
5.4024
5.2988
5.2780
5.3321
5.4323
5.5052
5.2925
4.9903
5.2551
5.3008
5.4276
5.6728
5.6870
5.2507
5.6124
5.6621
4.9682
5.2272
5.5063
5.2519
5.0881
5.6398
5.7037
5.6319
5.6468
5.4433
5.8515
5.6135
5.3051
5.4902
5.4658
5.6612
5.1506
5.1188
5.1867
5.6567
5.2805
5.5119
5.3111
5.5099
5.5106
5.5251
5.6843
5.5692
5.5714
5.7589
5.5473
5.5401
5.5502
5.8164
5.7726
5.5301
5.5705
5.5322
5.6112
5.6451
5.1928
5.5450
5.4291
5.6196
5.5599
5.5173
5.8873
5.4956
5.5910
5.3598
5.4134
5.7230
6.2112
5.8074
5.6977
5.6022
5.6696
5.6334
5.2530
5.5178
5.7474
5.2872
5.5785
5.8113
5.6423
5.6872
5.5359
5.4808
5.9128
5.8163
5.8623
5.6102
5.8507
5.9129
5.8342
5.4771
6.0152
6.0674
5.7145
5.8043
6.0144
5.9505
5.7897
5.6157
5.6493
5.9631
5.6318
5.8751
5.9578
5.9977
5.8234
6.0691
5.7002
5.4148
5.5876
5.5295
5.3681
5.3714
5.6399
5.5300
5.3556
5.5471
5.4257
5.2365
5.6485
5.5757
5.8781
5.7437
5.4509
5.9678
5.7054
6.0920
5.9861
5.9551
5.9991
5.9380
6.1354
6.1183
5.7570
5.6437
5.7109
5.7343
6.2650
6.3460
6.0085
5.9314
5.8728
5.8146
5.8084
5.5696
5.3784
5.2837
5.7565
5.7750
5.6620
5.8217
5.5873
5.5294
5.6034
5.6220
5.5058
5.3218
5.1195
5.0798
5.0886
5.5365
5.8849
5.3749
5.2864
5.1223
5.5843
5.3621
5.5007
5.4448
5.4942
5.4584
5.4465
5.3110
5.7679
5.2427
5.0902
5.4758
5.7744
5.9919
5.7145
5.5662
5.5546
5.9037
5.7208
5.0679
5.5756
5.3647
5.0391
5.4823
5.7390
5.4379
5.2000
5.3266
5.5757
5.6932
5.6358
5.5556
5.6743
5.7286
5.6018
5.2860
5.0097
5.1980
5.5967
5.6858
5.4417
5.7758
5.4476
5.9089
5.4382
5.8885
5.6205
5.7939
5.6558
5.6989
5.3831
5.3346
5.5872
5.7519
5.7538
5.9559
5.9233
5.7234
5.5478
5.4237
5.4006
5.3767
5.4838
5.7077
5.7731
5.3764
5.3935
5.5606
5.5917
5.6108
5.4090
5.5587
5.7997
5.9215
5.7326
5.8784
6.1187
6.1576
6.0817
6.2191
5.9713
5.8095
5.7225
5.7487
5.5327
5.6754
5.4901
5.8289
5.5689
5.0943
5.2863
5.3033
5.2383
5.1682
5.5974
5.4170
5.3926
5.6291
5.3562
5.6395
5.6325
5.2910
5.3780
5.6055
6.1203
5.6695
5.7754
5.5347
5.8606
5.5295
5.7892
5.7829
5.9319
5.6569
5.7982
5.7381
5.7996
5.7640
5.5713
5.9553
5.6211
5.3807
5.3121
5.4476
5.2878
5.2966
5.5668
5.3472
5.3610
5.6481
5.4490
5.5895
5.5762
5.4721
5.7994
5.2892
5.5135
5.5078
5.5504
5.4923
5.7482
5.4561
5.5144
5.5773
5.2757
5.5235
5.4849
5.4684
5.3275
5.2809
5.1240
4.9377
5.0053
5.1627
5.5393
5.1842
5.3569
4.9555
5.5285
5.6218
5.4271
5.6504
5.6401
5.5242
5.7952
5.1968
5.4051
5.8062
5.3700
5.4385
5.5101
5.6842
5.4768
5.6841
5.3544
5.6481
5.6533
5.5054
5.2265
5.0382
5.4889
5.7129
5.4959
5.3683
5.1405
4.9847
5.4272
5.4966
5.2941
5.7559
5.9755
5.7826
5.7090
5.1617
4.9288
5.1405
4.7387
4.7845
5.4852
5.2480
5.3602
5.0288
5.1262
4.8312
4.9915
5.0931
5.0339
5.3756
5.4615
5.2609
4.8371
4.9222
4.8903
5.1107
4.8939
4.8292
5.0379
5.2567
5.6543
5.4623
5.4601
5.3171
5.1405
4.9679
4.9491
5.1027
5.4164
5.3513
5.5044
5.5086
5.3531
5.2212
5.5274
5.3593
5.6976
5.7851
5.2436
6.0659
5.5383
5.5568
5.1036
5.4494
5.3541
5.0251
5.2260
5.4424
5.4800
6.0075
5.4361
5.4971
5.6515
5.7254
5.7420
5.7884
5.8623
5.7352
5.7485
5.8654
5.7028
5.7368
6.0436
5.6001
5.6674
5.6675
5.9998
5.5799
5.4825
5.4329
5.6307
5.8824
5.8962
5.7897
5.6096
5.7114
5.9504
5.7907
5.7918
5.8936
5.7553
5.7335
6.0315
5.8740
5.3235
5.4616
5.7920
5.8143
5.6888
5.7908
5.8996
5.7307
6.0277
5.6401
5.9409
5.5372
5.7277
5.5627
5.3620
5.8726
5.6957
6.0358
5.3988
5.8004
5.7495
5.4844
5.5452
5.4808
5.7265
5.6172
5.6762
5.9285
5.8027
5.4417
5.7615
5.3772
5.1698
5.4363
5.3243
5.4296
5.8018
5.6185
5.9642
5.5517
5.7078
5.5367
5.5168
5.8623
5.9277
5.8125
5.9051
5.8811
5.6995
5.7702
5.9467
5.8523
5.5147
5.5048
5.6319
5.5654
5.8133
5.7230
5.6584
5.8612
5.6969
5.9461
5.8332
5.8188
6.0202
6.2996
5.8909
6.1693
6.1363
6.5671
5.9398
5.5508
5.6536
5.5922
5.7274
5.6761
6.0187
5.7322
5.6201
5.6451
5.5040
6.0214
6.0180
6.2737
5.9527
5.8289
6.0073
5.7758
5.3511
5.5377
5.3811
5.4107
5.4020
5.4413
5.6399
5.6507
5.7671
5.6595
5.6042
5.3114
5.8466
5.7391
5.5693
5.7560
6.1949
5.8700
5.6571
5.4101
5.8239
5.9215
5.5532
5.6825
5.2230
5.2066
5.5222
5.7115
5.3539
5.5962
6.0526
5.5632
6.0987
5.8638
5.7087
5.7884
5.4858
5.2865
5.6140
5.3438
5.2738
5.5815
5.9162
5.5662
5.5522
5.6639
5.1637
5.2120
5.3803
5.1776
5.3095
5.0899
5.2621
5.0395
5.0965
5.5059
5.1019
5.2811
5.4189
5.2966
5.3414
5.2295
5.1864
5.0836
5.1832
5.0361
5.4073
5.6458
5.7484
5.4468
5.5096
5.4654
5.5449
5.7684
5.3976
5.6374
5.4887
5.4056
5.3258
5.5382
5.6205
5.3368
5.2742
5.3596
5.3730
5.3664
5.6495
5.8518
5.5635
5.7981
5.9211
5.8399
5.8193
5.7096
5.8919
5.7884
5.8949
5.3370
5.4619
5.4918
5.5605
5.4668
5.6892
5.4582
5.5195
5.7616
6.2493
5.8794
5.7389
5.7888
5.5910
5.3935
5.4970
5.9072
5.7656
5.6568
5.3971
5.5424
5.9543
5.6062
5.6024
5.4901
5.4450
5.4077
5.1789
5.0291
5.3015
5.4982
5.7171
5.4323
5.2906
5.5053
5.3716
5.6814
5.8896
5.6750
5.2654
5.3512
5.2936
5.3709
5.6308
5.8129
5.9384
5.8268
5.7904
6.4100
5.9869
5.7448
5.4877
5.4064
6.0314
5.7087
5.4966
5.7698
5.6366
5.5194
5.6165
5.5074
5.5010
5.2311
5.0057
5.8234
5.4152
5.1627
5.2813
5.1014
5.0452
5.2794
5.0184
5.2036
4.8627
5.1511
5.3479
5.0028
5.4114
5.2662
5.3272
5.4906
5.4159
5.1210
5.0475
5.3227
5.0485
5.1275
4.8669
4.9548
5.1016
5.0489
5.1799
5.0116
5.0204
5.0614
5.2693
5.1855
5.1625
5.1248
4.8973
5.2984
5.2489
4.9639
5.0912
5.0996
4.7272
5.1823
4.7121
5.1775
5.3990
5.5161
5.3785
5.4263
5.5344
5.7620
5.5690
5.2157
5.6798
5.5041
5.8927
5.9637
6.3073
5.5645
6.0189
6.0304
5.7243
5.6783
5.7015
5.6692
5.5636
5.8000
5.4316
5.5657
5.5903
5.6547
5.6157
5.6650
5.6449
5.5019
5.4684
5.3789
5.5105
5.2815
5.1233
5.1394
5.0712
4.9379
5.2495
5.6558
5.3124
5.3283
5.4425
5.4253
5.3902
5.3509
5.4182
5.6271
5.4380
5.0258
5.4984
5.1028
5.3340
5.6156
5.5780
5.3206
5.3243
5.5861
5.8070
5.7935
5.5287
5.3101
5.3659
5.3230
5.4014
5.3793
5.7759
5.5110
5.5218
5.6706
5.3564
5.6386
5.5011
5.4771
5.6415
6.0665
5.8667
5.9268
5.4581
5.6659
5.2959
5.9467
5.9038
5.9788
5.6322
5.6136
5.3764
5.6414
5.8926
5.6170
5.6390
5.7108
5.9045
6.1860
6.1253
5.9977
5.9026
5.9440
5.7496
5.9980
5.7143
6.1598
5.9078
5.8973
6.1342
5.7580
5.6132
5.9284
5.9905
6.2078
6.3302
6.0999
6.4248
6.2327
6.4570
6.1026
5.8857
6.2436
6.4031
6.2302
5.8753
6.3254
6.3206
6.3658
6.1969
6.3134
6.6749
6.6428
6.2676
6.2787
6.3844
6.2790
6.2576
5.9780
5.7968
6.3086
5.9131
6.1271
5.9915
5.9124
6.0221
6.2363
5.9323
5.9483
5.7469
6.0659
6.0178
6.2050
5.8143
5.8461
6.2294
6.0267
6.0322
6.2487
6.5699
6.4098
6.2945
6.4926
6.5262
6.5368
6.3048
5.9587
6.0401
5.9412
6.1134
5.6227
6.2932
6.2812
6.5600
6.1795
6.1903
5.8826
6.0969
6.3471
6.0985
6.4018
6.6050
6.3374
6.2592
6.4149
6.3803
6.0377
6.3420
5.9985
6.4773
6.3718
6.4190
6.2559
6.0123
6.2943
6.3305
6.3209
6.4483
6.3256
6.1914
6.0202
6.0640
5.9678
5.7668
5.9118
5.9927
6.0125
6.1158
6.1658
6.2101
6.4592
6.2858
6.3193
6.3431
6.1710
6.1042
6.0931
6.2928
6.4481
6.5505
6.0234
5.9424
5.9259
6.2086
5.6938
5.8967
5.9905
6.6099
6.3088
6.3668
6.1385
5.9270
5.2262
5.2673
5.7742
5.7801
5.6146
5.3230
5.5286
5.1693
5.4320
5.5450
5.4083
5.6305
5.6905
5.7230
5.7873
5.7728
5.7834
5.5492
5.3429
5.7592
5.6546
5.7181
5.9668
5.6310
5.5306
5.9299
5.9189
6.0987
6.2128
6.3219
5.7913
5.8820
5.5958
5.7976
5.8793
5.6998
5.7163
6.2577
5.7618
5.4402
5.2137
5.5118
5.5475
5.4642
5.6351
5.6897
5.8125
5.7509
5.3244
5.5772
5.3690
5.6051
5.6064
5.5696
5.9498
5.8192
5.8775
5.6303
5.5348
5.1163
5.4483
5.2911
5.0911
5.3770
5.5240
5.4621
5.4868
5.5445
5.7149
5.8124
5.7480
5.8394
5.6234
5.3932
5.7033
5.8805
5.8540
6.0414
5.6841
5.1985
5.0739
5.3689
5.1047
5.2442
5.2408
5.4431
5.9630
5.6308
5.3052
5.6254
5.5867
5.9952
6.1616
5.8534
5.6377
5.6912
5.7097
5.9962
6.0377
6.0663
5.5663
5.7257
5.5444
5.4798
5.4085
5.3150
5.5634
5.6047
5.9315
5.7820
5.4913
5.4925
5.6296
5.5571
5.4999
5.4838
5.8400
5.5871
6.0268
5.8952
5.5210
5.8041
5.7185
5.7505
5.6154
5.3962
5.0221
4.9977
5.3822
5.3752
5.5206
5.5552
5.5853
5.8172
5.6977
5.9918
5.2691
5.2210
5.0958
5.1040
5.1547
5.0836
5.4124
5.6560
5.6208
5.6696
5.8789
5.5467
5.5913
5.2378
5.2101
5.7063
5.1999
5.6664
5.6310
5.2497
5.1871
5.1558
5.4942
5.4212
5.0323
5.0098
4.8863
5.3231
5.4119
5.2528
5.6295
5.6196
5.1497
5.5656
5.4676
5.6383
5.3680
5.6448
5.5156
5.7895
5.9428
5.3990
5.6350
5.3834
5.4854
5.3984
5.6952
5.4588
5.6064
4.8722
5.1907
5.3282
5.7054
5.5016
5.4244
5.4910
5.6950
6.2111
5.5021
5.7490
5.6617
5.4873
5.3031
5.1696
5.4986
5.3483
5.4518
5.6465
5.4701
5.3496
5.1290
5.1533
5.3487
5.1470
5.1306
5.4763
5.3586
5.4296
5.4498
5.3116
5.3473
5.3068
5.4592
5.0176
5.3505
5.3590
5.2664
5.3037
5.5081
5.3651
5.3918
5.7828
5.8959
5.3686
5.3210
5.0631
5.4463
5.3444
5.3493
5.1865
5.4823
5.5482
5.6376
5.5411
5.3939
5.3913
5.3263
5.6590
5.4126
5.4003
5.6061
5.3913
5.3971
5.8555
5.3185
5.3417
5.4340
5.4859
5.4475
5.3883
5.3524
5.4237
5.4696
5.2837
5.5785
5.7506
5.8505
5.5154
5.5160
5.2867
5.2110
5.2972
5.4202
5.0854
5.0371
5.3184
5.1538
5.4180
5.7409
5.6583
5.5233
5.4167
5.4096
5.2355
5.5708
5.5711
5.3224
5.2515
5.4744
5.7453
5.4522
5.0482
4.8931
5.6564
5.6641
5.6623
5.6502
5.4723
5.7665
5.3319
5.4277
5.4632
5.6126
5.9515
5.5467
5.6540
5.5693
5.4362
5.6745
5.3446
5.1626
5.3592
5.4284
5.6837
5.5672
5.6683
5.2119
4.8565
4.6954
4.8779
5.0176
5.2904
5.3686
5.5458
5.1868
5.6208
5.7476
5.7609
5.7844
5.8389
5.6277
5.7400
6.0337
5.7014
5.9250
5.9692
6.1328
6.0686
5.8717
6.0316
5.3490
5.9914
5.5434
5.5268
5.8382
5.6555
5.6450
6.1786
5.7189
6.0968
6.1544
5.6276
5.3929
5.5536
5.8177
5.6441
5.6548
5.5048
5.5647
5.6772
5.8069
5.7565
5.6372
5.5452
5.7372
5.7863
5.9146
6.0129
6.3723
6.1172
5.2868
5.8340
5.6800
5.6928
5.7806
5.9457
5.9330
6.0469
6.0420
6.1268
6.6988
6.3720
6.1630
6.1113
6.5119
6.1800
6.2448
6.5122
6.0206
6.0862
5.8950
6.0327
5.8221
5.9186
5.7383
5.9146
5.5448
5.7087
6.0813
5.7983
6.3509
5.9047
5.7719
6.1688
6.5386
5.9207
6.0776
6.1024
6.1633
6.0391
5.9201
6.0308
5.9391
5.8275
5.8990
5.7891
6.1928
6.2235
5.8366
6.1207
6.1475
6.0368
6.0142
5.9700
6.5711
6.2335
5.9744
6.2142
6.1687
6.3480
6.2261
6.2036
5.9624
6.0844
5.9031
5.2654
5.7085
6.0194
5.6456
5.8127
5.7582
5.3620
5.8182
5.8426
5.8853
5.1052
5.9416
5.9042
5.6822
5.8791
6.0298
5.5219
5.8383
6.1027
6.0635
6.2408
6.2810
6.1275
6.0204
5.6674
5.8050
5.5555
5.9110
5.6526
6.0184
6.1392
5.8909
5.8978
5.8447
5.7302
5.6209
5.6197
5.6761
5.4117
5.6430
5.8656
5.8729
5.8656
5.7510
6.1081
5.8061
6.0849
5.6837
5.6512
5.8527
6.0283
5.6231
5.8050
6.2201
6.2845
6.3968
5.9122
5.9504
5.7372
5.7811
5.7717
5.7304
6.1942
5.8900
5.8803
5.8261
5.7977
5.7571
5.6792
5.8611
5.7703
5.8506
5.8641
5.8589
5.9901
5.9564
5.9348
6.2466
6.0633
6.0085
5.4021
5.7308
5.8920
5.7896
5.5403
5.6322
5.7887
5.9157
5.8313
5.8608
5.6905
5.5616
5.2004
5.5082
5.3283
5.0554
5.3051
5.3412
5.4536
5.3060
5.4667
5.6775
5.4971
5.6420
5.9245
5.7384
5.8586
5.7509
5.8123
5.6082
6.0055
5.4788
5.3208
5.7435
5.8192
5.6014
5.7794
5.9824
5.4611
5.7650
5.5017
5.4735
5.7276
5.6178
5.6048
5.7190
5.5237
5.2913
5.4578
5.2827
5.3609
5.6347
5.7406
5.3465
5.5175
5.6873
5.9801
5.9392
5.5862
5.2033
5.5812
5.6863
5.7249
5.9501
5.2625
5.7861
5.5387
5.6926
6.0091
5.4755
5.1485
5.5233
5.4663
5.8185
5.6048
5.6563
5.8487
5.5343
5.1646
5.3582
5.1146
5.1096
5.5447
5.2398
5.4971
5.7886
5.8072
4.9440
5.2506
5.2231
5.0917
5.1389
5.2328
5.6852
4.9223
4.9932
5.4330
5.3161
5.2727
5.5418
5.6367
5.7916
5.7496
5.5020
5.4656
5.4955
5.3883
5.8496
5.7933
5.5229
5.1301
5.1770
5.6894
5.5709
5.4258
5.4621
5.6870
5.5971
5.6848
5.6179
5.3327
5.5617
5.8505
5.6179
5.6176
5.6474
5.7461
5.6955
5.9464
5.9213
5.9381
6.2791
5.8651
5.8708
6.1871
6.1978
6.0648
6.1292
6.1902
6.0532
5.8057
6.0509
6.2359
5.9318
5.5231
5.7441
5.9007
5.5351
5.7657
5.9027
6.1656
5.9100
6.1911
5.7901
6.0109
6.1309
6.0998
5.4719
5.5007
5.4591
5.6969
5.9503
5.4041
5.7242
5.6610
5.7235
5.9942
6.1183
6.5770
6.0535
6.1779
5.8298
6.1130
6.1188
6.1293
6.4530
6.1993
5.8722
6.0003
6.1782
6.0337
5.9975
5.9561
6.6803
5.9230
6.3787
5.8227
5.7575
6.0841
5.8069
6.4346
5.7782
6.1617
6.2033
6.2967
6.7046
6.7016
6.1931
5.9963
5.7602
6.1684
6.3107
5.9930
6.2640
6.1573
5.9652
6.1814
6.3945
6.0509
6.1442
6.2942
6.0192
6.1457
6.0701
6.1111
5.6975
5.7503
5.9752
5.8884
6.2144
5.8498
5.8448
5.9771
6.0011
5.8393
5.8571
6.0762
5.6482
5.7355
6.1809
5.8453
5.8757
5.8126
6.0103
5.9465
6.0420
6.2578
5.8045
6.2593
5.7510
5.8805
6.0073
5.8761
5.9872
6.0331
6.0812
6.3295
5.8482
6.1958
6.0662
6.0274
5.8557
5.5441
6.0508
5.5689
6.1140
5.8737
6.0786
6.2419
6.0817
5.9593
5.7785
5.8571
5.9279
5.9662
5.6576
6.1360
5.9981
5.7487
6.2244
5.9550
6.0816
6.0502
6.0604
5.8643
5.8080
5.9014
6.0820
5.9949
6.2715
5.8939
5.9370
6.0675
6.0960
5.9236
5.5936
5.9315
5.6322
5.9369
6.3211
5.6919
5.6363
5.4486
5.3819
5.6475
5.3169
5.4377
5.3429
5.3916
5.7275
5.8732
5.5750
5.8652
5.8220
5.9220
5.8242
5.7636
5.4845
5.7518
5.6719
5.4348
5.4448
5.4013
5.3440
5.5218
5.1572
5.6658
5.8696
5.4858
5.4175
5.3002
5.2987
5.3026
5.2616
5.3238
5.4309
5.2953
5.3630
5.5194
5.5191
5.5235
5.4471
5.3186
5.5866
5.7795
6.0358
5.5871
5.7985
5.3928
5.5453
5.6806
5.6913
5.4849
5.2960
5.5611
5.4220
5.7609
5.4332
5.4867
5.4668
5.2349
5.3796
5.1019
4.9134
4.9537
5.3924
5.2525
5.1945
5.3824
5.7264
5.7344
5.4834
5.6323
5.8148
5.6870
5.7100
5.6255
5.3606
5.3982
5.5395
5.3925
5.8986
5.6654
5.2390
5.2613
5.2495
5.1774
5.3756
5.5632
5.4295
5.6438
5.4829
5.5416
5.5915
5.2160
5.1023
4.9743
5.2214
5.1145
5.0092
5.2758
5.3134
5.3961
5.0950
5.4439
5.4689
5.4259
5.3229
5.6817
5.7231
5.4509
5.4513
5.2503
5.5610
5.0751
5.5736
5.5743
5.6988
5.4677
5.7783
5.7241
5.9529
5.5499
5.8094
5.7863
5.9124
5.7858
5.8782
5.9190
6.3080
6.1155
5.7385
5.7880
5.9632
5.9628
6.1515
5.8956
5.7220
5.4076
5.6519
5.4392
5.5126
5.8140
5.2762
