3.2483
3.1342
3.0254
3.1243
3.1951
3.0466
2.8857
2.9968
2.8058
2.8965
2.6521
3.0590
3.0472
3.2666
3.0314
2.9403
2.8532
2.8286
2.7495
2.8860
3.0044
2.9315
3.0289
3.0707
3.0128
3.3771
3.4903
3.2946
3.2517
3.2444
3.2298
3.3105
3.3546
3.1393
3.3180
3.2217
3.0397
3.0476
3.2515
2.9205
3.1110
3.1431
2.9805
3.0736
3.4195
3.3517
3.3074
3.3285
3.2907
3.5955
3.5562
3.7312
3.7859
3.5271
3.5930
3.8215
4.3157
4.0637
4.1032
3.8668
3.8873
3.4831
3.6793
3.2288
3.3616
3.4361
3.3666
3.4871
3.5345
3.5824
3.8109
3.7861
3.6752
3.4656
3.2401
3.3157
3.2535
3.3153
3.1464
3.3173
3.3643
3.3086
3.1352
3.2829
3.2256
3.3963
3.4450
3.3154
3.5868
3.5363
3.9565
3.7805
3.3899
3.6067
3.5655
3.7287
3.6206
3.6451
3.6906
3.3327
3.4870
3.4729
3.5946
3.4305
3.5354
3.5054
3.6816
3.6154
3.5246
3.6149
3.6495
3.3909
3.5728
3.6958
3.2294
3.3915
3.4660
3.3621
3.5297
3.3107
3.5676
3.6845
3.7771
3.5259
3.4415
3.5648
3.5696
3.5511
3.5600
3.7830
3.2720
3.6795
3.6922
3.5650
3.4938
3.5771
3.4848
3.8529
3.6740
3.7528
3.5138
3.5279
3.3245
3.4384
3.5846
3.6011
3.2303
3.4397
3.3563
3.3567
3.1764
3.6451
3.4540
3.3897
3.5071
3.7689
3.4800
3.2871
3.4637
3.5892
3.4290
3.3714
3.7238
3.7578
3.8035
3.4966
3.6160
3.2659
3.6895
3.8951
3.4986
3.6142
3.3730
3.0295
3.4184
3.4556
3.3565
3.4526
3.5937
3.8800
3.6860
3.9631
3.8236
3.6953
3.8640
3.7576
4.1006
3.6889
3.5671
3.5487
3.7514
3.4956
3.2766
3.4751
3.5164
3.5473
3.6856
3.8059
3.5465
3.7433
3.7487
3.3260
3.7172
3.9043
3.5855
3.6251
3.7044
4.0501
3.7238
3.4821
3.7866
3.6560
3.5342
3.4319
3.6358
3.6068
3.5712
3.3501
3.6152
3.6103
3.3939
3.8095
3.6059
3.8465
3.9508
4.0118
3.8817
4.0981
4.1118
4.2420
4.1535
3.6090
3.7540
3.7866
3.5756
3.8922
3.7441
3.5907
3.7596
3.8012
4.0113
3.9179
3.5363
3.6167
3.4496
3.4014
3.6027
3.5567
3.3064
3.3709
3.3705
3.5063
3.5742
3.2851
3.8831
3.5522
3.5348
3.5152
3.2952
3.3289
3.4046
3.6940
3.6816
3.6548
3.7856
3.4790
3.3436
3.4653
3.3320
3.3603
3.2223
3.3104
3.2519
3.3022
3.2049
2.9382
2.9869
3.2668
3.3634
3.0836
3.1003
2.9317
3.0187
3.1185
3.2116
3.2424
3.3067
3.1038
3.3442
3.3866
3.3186
3.2801
3.3887
3.3822
3.7951
3.1462
3.1625
3.2873
3.0777
3.0585
2.9747
3.0630
3.2044
3.2060
3.1822
3.2523
3.3491
3.4676
3.4356
3.3086
3.2879
3.6944
3.4229
3.3047
3.2007
3.3074
3.0736
3.1676
3.1410
3.1223
3.1209
3.1866
3.1975
3.2329
3.2346
3.1491
2.9754
3.1028
3.3211
3.3607
3.5227
3.5517
3.6031
3.1607
3.3489
3.1010
3.2586
3.5131
3.5154
3.3484
3.3640
3.4498
3.6955
3.5633
3.5409
3.3636
3.6262
3.4022
3.3725
3.3767
3.1513
3.3093
2.9770
3.2521
3.2190
3.2264
3.3700
3.2966
3.5584
3.3577
3.3386
3.2355
3.6750
3.5140
3.4529
3.6092
3.1795
3.4260
3.4276
3.5575
3.4053
3.1918
3.1295
3.1269
3.3868
3.4724
3.2468
3.4330
3.1908
3.1729
3.1839
3.3300
3.5430
3.4755
3.2117
2.7944
3.2764
3.0420
3.1189
3.0454
3.1000
3.3040
3.2526
3.1698
3.1632
3.2112
3.4107
3.4576
3.4138
3.2220
3.0565
3.2152
3.2574
3.4838
3.4658
3.1555
3.1728
3.1984
3.2027
3.1968
3.2110
3.1627
3.1676
3.4377
3.2938
3.4930
3.2570
3.2020
3.0430
3.3728
3.1731
3.0434
3.1844
3.3168
3.0646
2.7447
3.0882
3.2122
3.1602
3.2145
3.1370
3.1954
2.9361
2.9177
2.9703
3.2588
3.2849
3.0538
2.9763
2.9049
3.2580
3.4796
3.4185
3.1996
3.5106
3.1423
3.2317
3.2664
3.3342
3.2747
3.2126
3.1096
3.1571
3.5984
3.1105
3.1220
3.2552
3.3682
3.4266
3.5503
3.6585
3.5100
3.3732
3.5041
3.6809
3.5190
3.3535
3.5119
3.6453
3.4092
3.5177
3.3015
3.4810
3.2613
3.2151
3.3319
3.5493
3.5039
3.3272
3.5568
3.5319
3.3183
3.3999
3.5698
3.2920
3.4098
3.5012
3.3953
3.3429
3.5552
3.0948
3.1898
3.1967
3.3828
3.4462
3.4132
3.4122
3.4020
3.4331
3.3806
3.5076
3.4991
3.4273
3.5093
3.5443
3.6510
3.5688
3.6814
3.2852
3.4223
3.5472
3.4368
3.2406
3.4505
3.8318
3.5527
3.4425
3.5741
3.2594
3.6352
3.4452
3.5333
3.4266
3.2321
3.3400
3.6451
3.5739
3.4416
3.3538
3.4024
3.4438
3.6394
3.5795
3.5243
3.8631
3.7434
3.8178
3.5489
3.6613
3.5215
3.2997
3.5422
3.6238
3.2634
3.4918
3.1653
3.3253
3.1944
3.4223
3.3312
3.3225
3.2747
3.1492
3.3139
3.2801
3.3052
3.2635
3.1633
3.1651
3.1868
3.0640
3.0568
3.0580
3.1971
3.0536
3.3432
3.1656
3.1111
3.0649
3.1340
3.0844
3.1995
3.1110
3.0539
3.1219
3.0445
3.1821
3.2957
3.1886
3.1629
3.2893
3.1782
3.3768
3.3093
3.2967
3.4052
3.0880
3.1296
3.2810
3.1261
3.0517
3.0743
3.0075
3.0064
3.0785
3.1961
3.1334
3.1047
3.1734
3.0304
3.2758
3.2387
3.2099
3.3463
3.1936
3.4436
3.3462
3.4635
3.2790
3.4163
3.3884
3.2966
3.4316
3.3614
3.4912
3.8965
3.7544
3.9032
3.5795
3.2904
3.3691
3.5802
3.3576
3.3380
3.3704
3.2969
3.2585
3.5497
3.7201
3.9806
3.9536
4.0942
3.6619
3.8083
3.6798
3.6672
3.6135
3.3894
3.4580
3.4494
3.3660
3.2716
3.3261
3.3157
3.3565
3.5578
3.6234
3.4174
3.3977
3.3823
3.4060
3.4033
3.3620
3.4210
3.7428
3.4631
3.4223
3.6108
3.6374
3.8912
3.8508
3.9511
3.7856
3.6365
3.7094
3.8440
3.8285
3.8945
3.7689
3.8901
3.9361
3.9574
3.9196
4.1305
3.9192
4.1022
3.8989
4.0532
3.9749
3.9395
4.0063
3.5846
3.6003
3.7199
3.9391
3.7445
3.5266
3.5858
3.6411
3.7577
3.4830
3.5242
3.7131
3.4264
3.4355
3.3790
3.4990
3.4087
3.4142
3.3051
3.3982
3.4970
3.6744
3.4162
3.5165
3.8539
3.6769
3.6569
3.5755
3.6263
3.5418
3.6374
3.7631
3.7067
3.6520
3.7900
3.8157
3.7174
3.7355
3.9391
3.8138
4.0365
3.7695
3.7187
3.9312
3.9217
3.8603
3.9633
3.7417
3.9556
3.5739
3.7953
3.7990
3.9223
3.6169
3.9048
3.8028
3.7973
3.5568
3.7124
3.7445
3.5884
3.6899
3.7613
3.6737
3.6688
3.4462
3.5243
3.5013
3.4964
3.4154
3.3922
3.4227
3.4061
3.3385
3.6466
3.5308
3.5363
3.1718
3.7356
3.6803
3.6477
3.5313
3.4125
3.6692
3.5725
3.4509
3.5300
3.4934
3.5904
3.9168
3.8735
3.8426
3.6545
3.6083
3.4569
3.3411
3.4859
3.5769
3.5289
3.5367
3.6672
3.5360
3.5659
3.7283
3.6023
3.6105
3.6297
3.6962
3.9633
3.9268
3.7703
3.6323
3.7683
3.4102
3.5945
3.8081
3.7838
3.8089
3.8134
3.9261
4.2005
3.9198
3.9833
3.7495
3.7327
3.8309
3.7861
3.6730
3.5595
3.8847
3.6128
3.8235
3.7505
3.7292
3.9719
4.0585
3.9524
3.8349
3.9083
4.0113
4.1188
3.9487
3.8609
3.8167
3.8892
4.0274
4.2901
4.2174
4.0509
4.0290
4.0817
4.0685
3.9258
3.8494
3.8233
3.7692
3.9372
3.6727
3.8415
3.7642
3.7642
3.6739
3.6574
3.8346
3.8983
3.9685
4.2113
4.0229
3.9263
3.9049
3.9530
3.8256
3.5800
3.7425
3.7609
3.9865
4.0371
3.9671
4.1278
4.1369
4.0857
4.0114
4.0145
4.1182
3.8902
4.1754
3.9917
3.9871
4.0184
3.8580
4.0555
4.0605
3.9771
4.0495
3.8998
4.2733
4.0241
4.0423
3.9589
3.8361
4.1102
3.8696
3.8182
3.9410
4.1592
4.1432
4.0524
4.1271
4.1483
3.8721
3.9183
4.0462
3.9905
4.1325
3.9004
4.0184
4.2821
4.2594
4.0529
3.9695
3.7922
3.9044
3.7556
3.9280
4.1303
4.0648
4.1690
4.2817
4.2701
4.2499
4.1990
4.0007
4.1761
4.0002
4.1057
3.9643
4.1669
4.2440
4.0639
3.9816
3.8358
3.8355
3.8430
3.9880
3.9420
4.2840
4.0722
4.1912
4.0921
4.1191
4.1358
3.9802
3.7680
3.9205
4.1798
3.7761
3.7803
3.7163
3.6499
3.7245
3.8048
3.9574
3.8199
4.0678
3.7980
3.8666
4.0291
3.9685
3.8657
4.0508
3.9747
4.1663
4.0798
4.3148
4.1329
3.9813
4.0257
3.9974
4.1452
4.2347
4.0239
3.9215
4.0209
4.0201
3.8862
3.9738
4.1037
4.2891
4.2576
4.1058
4.3465
4.4722
4.2877
4.0885
4.1650
4.2056
4.1037
4.1416
4.2517
4.2143
4.1035
4.1909
4.1930
4.0267
4.0979
4.0583
3.9301
3.8389
4.0667
3.9536
4.0538
4.0375
3.9188
3.9294
4.0142
3.9208
4.1600
3.9588
4.1642
4.0757
3.8321
4.0432
4.3630
4.0231
4.1705
4.1346
4.3703
4.4306
4.0654
4.3981
4.1972
4.5766
4.4657
4.2040
4.2886
4.0336
4.2280
4.3546
4.1186
4.3560
4.7543
4.5859
4.3024
4.3116
4.2984
4.4224
4.2932
4.1389
4.1052
4.0061
4.0326
4.0581
4.1295
4.1263
3.9818
4.1611
3.9280
3.8723
4.0469
4.0764
4.0936
4.2490
3.9133
4.0481
3.9668
4.0978
3.9813
4.1849
4.2271
3.9630
3.9554
4.1356
4.5045
4.2560
4.0871
4.1844
4.2970
4.0352
4.3639
4.2406
4.1475
4.0796
4.2196
4.3661
4.2954
4.4786
4.4869
4.6721
4.4008
4.2986
4.2604
4.4241
4.0984
4.3366
4.2260
4.3746
4.3334
4.5485
4.4058
4.2994
4.3503
4.3321
4.0793
4.3808
4.2101
4.1452
4.2000
4.2758
4.1619
4.2282
4.4990
4.5990
4.3694
4.4215
4.7735
4.5650
4.5096
4.5734
4.3449
4.3468
4.5190
4.3768
4.3525
4.2699
4.2855
4.3464
4.3164
4.2639
4.1254
4.5450
4.2840
4.1051
4.0950
4.2999
4.1876
4.3050
4.3499
4.0369
4.3064
4.3302
4.3604
4.2826
4.2033
4.1761
3.9462
3.9221
3.9061
4.1752
4.3247
4.0182
4.0791
3.8985
3.8926
4.1018
4.0548
3.7641
4.0930
3.8088
3.7234
3.8826
3.9506
3.8751
3.8678
4.0620
3.8353
4.0146
3.9324
3.6654
3.7438
3.8636
3.9785
3.8804
3.7268
3.8270
3.9360
3.9806
4.4344
4.2894
4.2458
4.3387
4.4000
4.3389
4.0502
4.1784
4.0787
3.9245
4.0666
3.9214
3.9520
4.1415
3.9910
3.9747
4.3448
4.0438
4.2875
4.0757
4.1030
4.1052
3.9709
4.0475
4.0698
4.2062
4.1027
4.2071
4.1048
4.1562
4.1452
4.2200
4.1550
4.3677
4.2834
4.1957
4.2123
4.2532
4.1455
3.9063
3.8962
4.0271
3.9170
3.8839
3.8358
3.9493
3.9695
3.9134
4.1408
3.9199
3.9383
3.8347
3.8008
3.8289
3.8046
3.8308
3.9570
4.0088
4.0409
3.9498
3.8766
3.8151
3.6793
3.9444
3.7757
3.8727
3.9486
3.6858
3.6470
3.9086
3.7180
3.8338
3.7969
3.8760
3.7587
3.9381
3.6632
3.9519
3.9010
3.7329
3.7033
3.6982
3.5973
3.7424
3.5745
3.4892
3.4725
3.5626
3.4211
3.5754
3.8556
3.8458
4.0479
4.1447
3.6239
3.8225
3.8500
4.0370
3.9333
3.8732
3.7811
3.8663
3.8713
3.9255
4.1689
3.9981
3.8114
3.8679
3.7878
3.6043
3.7937
3.8367
3.8928
3.8611
3.9266
3.8367
3.7579
3.8568
3.8264
3.7208
3.6719
3.7775
3.8147
3.9360
3.9771
4.0346
3.8529
3.8174
3.8387
3.9423
3.8263
3.9214
3.7172
3.6285
3.7177
3.6707
3.6934
3.6739
3.6567
3.5008
3.6944
3.6203
3.7537
3.9127
3.7089
3.7402
3.7258
3.7037
3.7731
3.6036
3.7137
3.6441
3.5561
3.7562
3.7653
3.9129
3.6933
4.0530
4.1447
4.2271
4.1200
4.0418
4.1299
3.9459
3.8429
3.8928
3.9490
3.6365
3.6322
3.6685
3.8094
3.8557
3.8119
4.0650
3.8925
3.7347
3.9368
3.9588
3.9825
3.9521
3.9134
4.0382
4.0811
3.9151
4.0012
3.8397
3.8599
3.5421
3.7333
3.5878
3.7210
3.7411
3.6816
3.9274
3.8329
3.5828
3.7927
3.6987
3.6784
3.8331
3.9627
4.0852
3.9050
3.8864
3.8947
4.0234
3.7447
3.9437
3.9771
3.8378
3.6324
3.8187
3.6758
3.6940
3.7023
3.8081
3.9926
3.8954
4.0422
4.0589
3.7472
3.9176
3.9459
3.8501
4.0465
3.9709
4.2065
4.0798
4.0759
4.0524
3.7642
3.9716
3.9250
3.9392
4.1310
4.1567
4.1685
4.0565
4.0538
4.0344
4.0124
3.9107
4.0525
3.8411
3.9917
3.8707
4.0100
4.0380
3.9984
4.0187
4.0498
4.0180
4.0604
4.0285
4.0606
4.1289
4.0163
4.2918
4.2512
4.2154
3.8211
3.8584
3.9817
4.0358
3.9928
4.0218
4.0803
3.9732
3.9944
4.0820
4.0613
4.0772
4.0912
4.0999
3.8655
3.9199
3.9234
4.0451
4.0407
4.0921
4.1112
4.0828
4.3160
4.0305
4.2203
4.2673
4.0648
4.2035
4.1977
4.0195
4.2308
4.1378
4.1659
4.0640
4.1762
4.3498
4.2913
4.5340
4.3340
4.2078
4.3139
4.3495
4.1797
4.2151
4.1892
4.1436
3.9542
3.7952
3.9666
4.0687
3.9096
4.1043
4.0191
4.0231
3.9457
4.1097
4.1492
4.2609
4.0950
3.9758
4.1713
4.1492
4.0701
4.1255
4.1606
4.0375
4.0545
4.1747
4.0260
4.1086
4.2126
4.3227
4.1225
4.3258
4.2678
4.2196
4.2419
4.3044
4.1942
4.2388
4.0503
4.1423
4.0994
4.1007
4.1182
4.1544
4.1443
4.2427
4.3802
4.4348
4.4644
4.3900
3.9587
4.2033
4.1244
4.0756
4.1858
4.1605
4.1778
4.2478
4.3934
4.4377
4.3635
4.1565
4.1450
4.1499
4.1137
4.1209
4.1583
4.4145
4.4900
4.4060
4.2479
4.4482
4.6411
4.4999
4.4974
4.6329
4.5066
4.5821
4.5401
4.3727
4.2580
4.3369
4.3472
4.3448
4.4111
4.5433
4.5995
4.5257
4.6562
4.7455
4.4719
4.2978
4.4910
4.0504
4.0383
3.8570
4.0455
3.8328
4.0763
4.1377
4.1611
4.2516
4.5142
4.3150
4.2441
3.9756
3.8507
3.9006
3.9974
4.2762
3.9408
3.8928
3.8118
3.8795
4.0040
4.2180
4.4350
4.2505
4.1298
4.1544
4.2887
4.2759
4.3656
4.3418
4.1099
4.0844
4.4557
4.7132
4.6508
4.4848
4.4720
4.7347
4.4278
4.1741
4.0140
4.0973
4.2741
4.2127
4.0031
3.8260
4.2387
4.3206
4.1130
4.0007
4.4737
4.4743
4.1997
4.0483
4.3384
4.3447
4.4078
4.7464
4.3860
4.3034
4.4793
4.1918
4.0993
4.0190
4.0397
4.0332
4.1465
4.0609
4.2076
4.0891
3.9882
4.1968
4.2748
4.3119
4.0717
4.2017
4.2731
4.2996
4.0963
4.1834
4.1933
4.3585
4.3361
4.5203
4.5686
4.4091
4.4856
4.4123
4.4361
4.4698
4.3825
4.3152
4.0400
3.9056
4.1294
3.8548
3.9422
4.1887
4.3783
4.1063
4.2489
3.9459
4.0166
4.1242
4.1986
3.9561
4.1648
3.9789
3.8274
3.6975
4.0695
3.9704
4.1372
4.1486
4.0507
3.8589
4.2305
4.2128
4.1398
4.1929
3.9590
4.0247
4.2728
4.3128
4.2800
4.4414
4.4935
4.4541
4.2918
4.6279
4.8445
4.7113
4.9906
4.9850
4.5838
4.7438
4.4381
4.8740
4.4661
4.6694
4.4792
4.1690
4.5332
4.2853
4.5923
4.7880
4.6111
4.4268
4.6076
4.5423
4.4843
4.4466
4.4601
4.2863
3.9864
3.8965
4.4265
4.4209
4.1379
4.1623
4.3106
4.5969
4.4136
4.8651
4.4865
4.5227
4.9439
4.8397
5.0834
4.6799
4.6350
4.9060
4.5497
4.5467
4.5629
4.4993
4.5321
4.1789
4.0195
4.4093
4.5303
4.3017
4.2202
4.2267
4.2600
4.2955
4.3892
4.5469
4.5477
4.7310
4.9500
4.9327
4.5988
4.8867
5.0177
4.4836
4.6310
4.4780
4.3365
4.6132
4.5415
4.2931
4.3414
4.1831
4.1931
4.5654
4.2387
4.3513
4.6063
4.6304
4.8339
5.1147
5.0585
4.9510
4.9580
4.9379
4.9557
4.5582
4.3489
4.3523
4.3505
4.7905
4.9431
4.8065
4.6535
4.4449
4.3625
4.4073
4.4751
4.5370
4.4119
4.8486
4.9160
4.9412
4.6954
4.7607
4.4865
4.5538
4.2981
4.6095
4.4492
4.2618
4.4109
4.4596
4.5417
4.6918
4.3879
4.2029
4.2468
3.9895
4.3753
4.4581
4.1886
3.9591
4.3667
4.5261
4.2945
4.5378
4.4154
4.1386
4.2388
3.8463
4.2515
4.2024
4.3427
4.3705
4.6172
4.7580
4.7801
4.6154
4.7042
3.7853
4.1482
4.5170
4.1481
3.8061
3.7951
3.6774
3.8986
3.7558
3.5928
3.7654
3.6822
3.7025
3.6132
3.8112
3.7726
3.8259
3.5532
3.8679
3.6372
3.9695
3.6909
4.0152
3.8320
3.8682
4.0747
4.0438
4.0875
4.0741
3.9924
3.9978
4.1696
3.9921
4.1373
4.1648
4.2509
4.0294
4.0040
4.2546
4.2711
4.2214
4.2637
4.3408
4.2714
4.0630
4.0818
4.2133
4.1973
4.5144
4.2005
4.1905
4.3406
4.2840
4.0832
4.2342
4.0435
3.8773
3.9146
3.9696
3.8708
4.1014
3.9794
4.2224
3.8529
3.9411
3.9403
4.1212
4.0927
4.3045
3.8672
4.2741
4.4463
4.3495
4.3098
4.4363
4.6044
4.8765
4.7807
5.0780
4.9313
4.7540
4.6511
5.1396
4.9507
5.0232
4.8292
4.4488
4.5681
4.4087
4.2958
4.6588
4.4098
4.2931
4.5160
4.5789
4.1590
4.3525
4.1453
4.3317
4.2195
4.0758
3.9402
4.2363
4.0445
4.0149
4.3941
4.6391
4.6177
4.2743
4.5162
4.4459
4.5413
4.4643
4.1483
4.1519
4.1291
4.2309
4.0684
4.2363
4.2303
3.9258
4.2759
4.1334
4.2490
4.4746
4.1385
4.2071
4.0961
4.2276
4.6371
4.5978
4.3410
4.1036
4.1315
4.1247
3.7949
3.8377
4.1573
3.9282
4.0206
3.8201
3.7367
4.1526
3.8402
4.0548
3.9947
4.0626
4.1321
4.1495
4.1648
4.1575
4.5645
4.1302
4.0602
4.1177
3.8892
4.0797
4.0742
4.1793
4.0602
4.0552
4.2669
4.2129
4.2032
3.8346
3.9827
4.0046
4.0069
3.9845
3.9046
4.1268
4.4002
4.1736
3.9867
4.0713
4.4850
4.4159
4.5761
4.6003
4.5338
4.6101
4.6920
5.0356
4.8181
4.8310
4.9330
4.6338
4.8375
4.6614
4.5147
4.3830
4.7786
4.4923
4.6441
4.4624
4.2432
4.4453
4.3813
4.2183
3.9942
4.3401
4.3091
4.2037
4.5401
4.2702
4.2629
4.1259
4.2222
4.2923
4.3392
4.6220
4.4770
4.7157
4.4023
4.4654
4.3988
4.0841
4.1708
4.1538
4.1993
4.2590
4.2317
4.4651
4.4401
3.9822
4.2033
4.5727
4.6142
4.3905
4.5601
4.6676
4.8587
4.7445
5.1775
4.8312
4.8389
5.2134
4.9542
5.0618
5.1424
5.3635
5.0217
5.0911
5.3001
5.0238
5.6687
5.3429
5.2722
5.4386
5.4415
5.0809
5.4241
5.3710
5.4108
5.2686
5.2978
5.3702
5.2177
5.3013
4.8366
5.5413
5.6520
5.5172
5.1299
5.8441
5.8718
5.5193
5.4777
5.3084
5.0103
5.0511
5.1403
5.0136
5.0257
5.2995
5.7906
5.9661
5.5895
5.6808
5.5796
5.5850
6.0750
5.5822
5.7708
5.4558
5.5774
5.8128
5.3886
5.4454
5.3588
5.0572
5.3454
4.9768
5.0944
4.8230
4.7629
4.7980
5.0354
5.0317
4.9745
5.1680
5.1995
5.0923
4.7473
4.4280
4.2347
4.3013
4.2678
4.2171
4.2051
4.4210
4.1241
4.2758
4.4401
4.0409
4.0558
4.2052
4.3300
4.4511
4.4241
4.1584
4.1239
4.3199
4.6003
4.4116
4.7113
4.5852
4.6330
4.1598
4.2823
4.2900
4.2992
4.1508
3.8192
4.1234
3.9751
4.4095
4.4605
4.8247
4.8524
5.0347
4.9940
4.5275
4.7101
4.4719
4.8307
4.8479
4.6342
4.2574
4.5548
4.5237
4.8903
4.7642
4.2988
4.5114
4.4759
4.3810
4.4846
4.6102
4.7811
5.0360
4.9705
4.7558
4.8375
4.7382
4.9665
4.8153
4.5876
4.5231
5.2773
5.2224
5.0622
5.4989
4.8818
4.4236
4.5491
4.7083
4.6202
4.0178
4.4016
4.1394
4.6223
4.2256
4.2660
4.3598
4.3195
4.2602
4.1875
4.2106
4.3620
4.1034
4.2219
4.3611
4.2745
4.5165
4.4472
4.5009
4.6702
4.3631
4.3599
4.5717
4.5421
4.5564
4.4398
4.3292
4.3584
4.4284
4.7235
4.5162
4.3535
4.4909
4.1547
4.6221
4.5702
4.4929
4.4999
4.4382
4.1268
4.3495
4.1864
4.1108
3.9595
4.0395
4.2777
4.0581
4.4095
4.3131
3.8852
4.0283
3.8135
4.0358
3.8605
4.0649
3.9696
3.8126
4.0262
3.9172
3.6555
3.7652
3.5684
3.8008
3.7372
3.6718
3.6213
3.7799
3.9394
3.8157
3.6481
3.7856
3.9907
4.1385
3.8586
4.1503
3.9170
4.1656
3.9837
4.2201
4.0290
4.3160
4.0306
3.9008
4.2924
4.0918
3.8013
3.6836
3.8192
4.0644
3.8686
4.0501
4.2990
3.9031
4.2341
4.1817
3.9832
3.9204
4.1597
4.3834
4.2695
4.2356
4.0106
3.9683
4.0135
3.9390
3.8180
3.6228
4.2483
4.2231
4.1003
4.2145
4.1448
4.0543
4.3573
4.6809
4.3356
4.6622
4.2474
4.1821
4.0105
4.0808
4.2117
4.5093
4.3116
4.1837
4.3136
4.3644
4.1642
4.2525
4.2113
4.0760
4.0308
4.1521
4.1190
3.8982
3.9894
4.0986
4.1426
4.3152
4.1499
4.1906
4.3651
4.5219
4.3243
4.0562
4.1776
4.1160
4.3161
4.5723
4.0460
4.1509
4.2308
4.0744
3.9644
3.9791
4.1569
3.9981
4.1728
4.2386
4.1884
4.4304
4.3656
4.0692
4.0639
3.9989
3.9725
3.8842
4.0532
3.8270
3.9435
3.8348
3.9656
4.0052
4.0413
4.0200
4.1131
4.0313
4.0673
4.0154
4.3138
4.6425
4.7252
4.7087
4.7807
4.7025
4.6971
4.6841
4.5199
4.5966
4.8555
4.5672
4.2218
4.4796
4.4166
4.5808
4.4151
4.3990
4.2990
4.1178
4.2488
4.0479
4.1763
4.1297
4.3155
4.0212
4.0339
4.2179
4.3890
4.2159
4.3851
4.2885
4.5721
4.5262
4.1876
4.1710
4.5562
4.2362
4.3839
4.2447
4.1573
4.3440
4.5598
4.2525
4.2710
4.4538
4.2846
4.1939
4.5981
4.1544
4.1270
4.1981
4.1605
4.4754
4.5111
4.4059
4.4474
4.4047
3.8816
4.0356
3.8755
3.9158
3.8577
3.9026
3.9933
3.9322
4.0235
3.9445
4.2162
4.3317
4.0961
4.1835
4.1843
4.2568
4.3000
4.2629
4.2095
4.2753
4.4239
4.2888
4.1820
4.3680
4.3285
4.2985
4.1564
4.0392
4.0604
4.2182
4.1400
3.9605
3.9113
3.8986
3.7017
3.7390
3.9399
4.0267
3.8291
3.8307
3.9826
3.9766
3.8363
3.7656
3.8317
3.7566
3.6499
3.6830
3.6243
3.8064
3.9381
3.8338
3.7718
3.6710
3.6107
3.6220
3.9541
3.5909
3.6777
3.8772
3.8029
3.8045
3.7223
3.8846
3.4966
3.7403
3.6487
3.7418
3.7401
3.5748
3.7445
3.8406
3.5621
3.4260
3.3866
3.5760
3.4539
3.4636
3.3819
3.4164
3.5328
3.5256
3.4090
3.5298
3.6203
3.3060
3.3149
3.2832
3.5718
3.4378
3.5015
3.5751
3.5181
3.9186
3.5723
3.7814
3.9239
3.7092
4.0074
3.7993
3.8933
3.7223
3.4766
3.6363
3.6798
3.5355
3.5220
3.8087
3.9299
3.8968
3.7287
3.7692
3.7020
3.8121
3.7422
3.8070
3.6784
3.8572
4.0647
4.0433
4.2042
4.2407
3.9628
3.7671
3.7404
3.6982
3.8685
3.7840
3.9925
3.6634
3.5935
3.7794
3.8853
3.7151
3.6876
3.7611
3.6371
3.7361
3.9411
3.8240
3.7843
3.8658
3.7526
4.0734
3.7622
3.5985
3.8429
4.0676
4.3283
4.5227
4.1028
4.1074
3.7300
3.8960
3.8533
3.8931
3.8511
3.7155
3.8588
3.7263
3.7915
3.9789
3.9619
3.7423
3.6887
3.8507
3.6062
3.7132
3.6251
3.6321
3.5739
3.4874
3.7085
3.4527
3.4429
3.7445
3.6085
3.6935
3.6678
3.4840
3.6388
3.5969
3.5827
3.5542
3.7130
3.6600
3.6589
3.8329
3.9247
3.9656
3.9856
3.8621
3.8573
3.7620
3.9408
4.0424
4.0074
3.7545
3.8245
3.9793
3.5080
3.5253
3.7616
3.5501
3.6179
3.5630
3.6006
3.5131
3.7416
3.6145
3.5437
3.6020
3.6170
3.7280
3.7433
3.6312
3.7119
3.7315
3.6787
3.9453
3.9174
3.8214
3.8793
3.9891
3.8138
4.0015
3.9846
3.7832
3.7525
3.7673
3.8360
3.6572
3.5317
3.4808
3.5465
3.5478
3.4443
3.6101
3.5616
3.6136
3.7632
3.7429
3.9005
3.9774
3.7987
3.7617
3.6873
3.7639
4.1419
3.9092
3.9215
3.9835
4.1327
3.9249
3.9771
3.7792
3.8862
3.7915
3.6343
3.8065
3.7794
3.7382
3.8879
3.8307
3.9340
3.9607
3.8979
4.0804
3.9950
3.9844
3.8671
3.6846
3.6895
3.7585
3.8055
3.8414
3.6753
3.7829
3.7555
3.7220
4.0297
4.1125
4.0561
3.9806
4.1773
4.2973
4.3282
4.1611
4.2452
4.3217
4.3358
4.2735
4.2474
4.4597
4.5246
4.3838
4.4590
4.3271
4.2068
4.0800
4.0156
4.1802
4.2930
4.0171
4.1889
3.9411
3.9793
4.0762
4.1096
4.1308
4.3767
4.5275
4.3996
4.9695
4.9362
4.9002
4.6272
4.5243
4.5608
4.6059
4.4282
4.4825
4.4919
4.3642
4.5084
4.7993
4.8881
5.1537
4.4645
4.4261
4.5339
4.4226
4.4751
4.5476
4.8769
4.7775
4.8035
4.6615
4.5356
4.4067
4.6896
4.5744
4.6129
4.6317
4.3970
4.4929
4.3766
4.3751
4.3908
4.5356
4.1754
4.4543
4.7505
4.7887
4.3896
4.5136
4.3704
4.2805
4.3412
4.3889
4.2384
4.5924
4.5875
4.7351
4.5213
4.4227
4.3004
4.6710
4.4122
4.4392
4.4515
4.4076
4.5143
4.3733
4.4994
4.2450
4.5039
4.3122
4.1586
4.4325
4.0936
4.2365
4.4330
4.3879
4.3560
4.3507
4.6281
4.3916
4.4682
4.5363
4.6858
4.6334
4.4711
4.6756
4.5088
4.2897
4.3827
4.1131
4.5214
4.2527
4.3509
4.0578
4.4597
4.2923
4.5533
4.5022
4.3687
4.3696
4.4755
4.4184
4.3014
4.4749
4.3251
4.2941
4.2235
4.3470
4.2459
4.2881
4.1509
4.2720
4.2466
4.2920
4.5517
4.4585
4.5301
4.2207
4.4084
4.1321
4.4677
4.2248
4.1856
3.8490
4.2575
4.2237
4.2062
4.2622
4.3864
4.2360
4.2510
4.1686
4.1549
4.3047
4.0975
4.0836
4.1568
3.9975
4.1449
4.1759
4.2657
4.3839
4.3070
4.1654
4.0665
4.1217
4.0936
4.1486
4.3340
4.1315
3.8603
3.9200
3.8972
4.2297
3.7187
4.0514
3.9753
4.1687
3.8940
3.8706
3.7294
3.8451
3.9564
3.9756
4.0017
3.9380
3.8464
3.8664
4.2759
4.1295
4.1068
3.9192
3.9883
3.9692
3.9776
3.9911
4.1743
4.2869
4.3363
4.4395
4.2762
4.1793
4.1668
3.9056
4.4008
4.4114
4.7386
4.6398
4.2352
4.6269
4.9298
4.6389
4.4733
4.3553
4.5944
4.7867
4.4872
4.4388
4.8184
4.5310
4.6451
4.8255
4.6631
4.5703
4.3239
4.8785
4.8096
4.7483
4.5164
4.7344
4.7295
4.5318
4.4801
4.3915
4.4641
4.4847
4.5043
4.3069
4.0628
4.2882
4.3835
4.4808
4.5401
4.7186
4.8024
4.5216
4.3295
4.2676
4.3608
4.4228
4.4542
4.3361
4.2958
4.3173
4.2280
4.2184
4.5151
4.2598
4.1390
4.2084
4.1304
4.2505
4.2227
4.6642
4.7734
4.8174
4.6540
4.7404
4.7868
4.6867
4.5493
5.0077
4.7631
4.6716
4.5408
4.5919
4.4041
4.3020
4.5887
4.4696
4.5622
4.3534
4.3291
4.4701
4.3772
4.4443
4.2190
4.3569
4.2657
4.5425
4.2868
4.2636
4.4803
4.4029
4.2322
4.2669
4.2925
4.4207
4.4158
4.3600
4.2984
4.3651
4.3662
4.2574
4.3208
4.6766
4.5034
4.6512
4.6187
4.7571
4.4922
4.6679
4.5040
4.2479
4.4668
4.5403
4.7173
4.5378
4.5829
4.4390
4.3695
4.2032
4.3071
4.2477
4.3607
4.1746
4.1435
4.4407
4.0253
4.2357
4.5028
4.2064
4.3319
4.4308
4.4219
4.3699
4.4315
4.5251
4.3022
4.1997
4.3810
4.3028
4.6506
4.3534
4.3888
4.2051
4.2445
4.1744
4.3685
4.4028
4.4610
4.2682
4.4189
4.4081
4.3087
4.2296
4.1656
4.2665
4.1921
3.8765
4.0553
4.2155
4.2604
3.9135
4.0470
3.8792
3.7976
3.8447
3.8729
4.0221
3.9743
4.2011
3.9702
3.9086
3.8604
4.0389
4.3730
4.3255
4.4300
4.1733
4.2558
4.1770
4.2198
4.2117
4.2155
4.2586
4.0774
4.1060
4.0193
4.1003
4.3074
4.4197
4.5444
4.4759
4.5743
4.4594
4.4378
4.0267
4.3642
4.3371
4.3923
4.3643
4.2609
4.2583
4.1314
4.1632
4.2127
4.2898
4.5954
4.2891
3.8923
4.0604
4.3710
4.1127
4.2057
4.0029
3.9715
4.1871
4.2976
4.1739
3.9452
4.2080
4.1731
4.2338
4.2224
4.0230
4.2390
4.0595
4.3656
4.2305
4.5552
4.3914
4.4510
4.3900
4.5904
4.6823
4.4218
4.6010
4.5522
4.6731
4.6363
4.6608
4.8172
4.6886
4.5785
4.6944
4.6004
4.4469
4.4852
4.5580
4.4492
4.2938
4.2942
4.0709
4.1880
4.0750
4.0608
4.2889
4.4921
4.4985
4.4316
4.2487
4.2152
4.3020
4.3924
4.3324
4.3490
4.1982
4.2092
4.1426
4.0794
3.9591
4.0937
4.2204
4.0807
4.1805
4.0017
3.6599
3.8527
3.9177
4.0140
4.1371
4.0149
4.0253
4.1717
4.4958
4.3353
4.3356
4.2462
4.1795
4.3653
4.3498
4.4162
4.4437
4.4457
4.2946
4.3646
4.1782
4.4231
4.4036
4.4552
4.6344
4.7184
4.5930
4.5242
4.3364
4.4003
4.2783
4.3894
4.6465
4.6188
4.4976
4.4799
4.4952
4.6696
4.5752
4.5162
4.4160
4.4109
4.6666
4.4893
4.4253
4.4625
4.6360
4.7449
4.3675
4.2043
4.3570
4.2395
4.2229
4.3090
4.4425
4.4723
4.1905
4.4362
4.3785
4.2385
4.4851
4.4986
4.5159
4.4857
4.5398
4.4549
4.5287
4.4269
4.4534
4.3962
4.5470
4.1538
4.4069
4.4720
4.6013
4.4126
4.3466
4.1881
4.4009
4.4231
4.5353
4.6152
4.6188
4.4632
4.6643
4.5041
4.4663
4.5049
4.3816
4.2553
4.1689
3.9253
4.1428
4.0000
4.2519
4.2035
4.0738
4.0818
4.0219
4.0045
3.9471
4.0178
4.0710
4.0767
4.1239
3.9633
4.1158
4.0909
4.0014
4.1171
4.0027
4.0891
3.9286
4.0345
4.1275
3.9692
4.0491
4.0067
3.9698
3.8914
3.8918
4.1009
4.0218
4.0925
4.0296
3.9936
4.0043
3.9448
3.7890
4.0365
4.0500
3.9695
3.9641
4.2514
3.9084
4.0415
4.2717
4.1592
4.0066
4.1083
3.9383
4.1006
3.9566
4.2217
4.1784
4.5131
4.2960
4.4720
4.2250
4.3998
4.3161
4.1140
4.1024
4.1341
4.1092
4.2160
4.1684
4.2707
4.2450
4.1003
4.1365
4.2242
4.0950
4.2240
3.9319
3.9599
3.9091
3.8932
4.1693
4.0822
4.0578
4.1284
4.1289
3.8305
4.0805
4.2611
4.0113
4.2314
4.2400
4.2398
4.1658
4.1935
4.2145
4.1463
4.1908
4.1947
4.1546
3.9682
4.0365
4.1589
4.1965
4.4248
4.2258
4.0642
4.1353
4.1263
4.2385
4.2106
4.4056
4.4074
4.3537
4.4543
4.4832
4.1828
4.6175
4.4283
4.5299
4.4468
4.3924
4.5306
4.6058
4.2454
4.3786
4.1438
4.5057
4.4595
4.3903
4.5515
4.6413
4.5356
4.5758
4.6697
4.7570
4.7878
4.2953
4.8595
4.3024
4.2622
4.2940
4.0461
4.0424
4.2287
4.2508
4.0889
4.2181
4.0069
4.1602
4.2653
4.2282
4.3138
4.3226
4.1837
4.2104
4.3158
4.3986
3.9739
4.1073
3.9204
4.0069
3.8884
3.9131
3.9227
3.9994
4.0586
3.9426
3.9779
4.0373
3.7519
3.8228
3.8729
3.7398
3.9634
4.0199
4.0697
3.9809
4.2794
4.1099
4.1991
4.0104
4.2112
3.9493
4.1064
3.9965
4.1330
4.1454
4.1667
4.0319
4.1736
4.0639
3.8705
4.0790
4.1098
4.2117
4.2102
4.2826
4.2939
4.2831
4.5071
4.2748
4.3417
4.4555
4.3690
4.1663
4.2986
4.1269
4.1677
4.2201
4.1487
4.1881
4.3662
4.2806
4.3316
4.4167
4.3029
4.0492
3.9993
4.0539
4.2275
3.7820
4.0097
3.9245
4.0205
3.8405
3.9854
4.0132
4.3803
3.8243
4.0689
4.0311
3.7329
3.9239
4.1384
4.2066
4.0527
4.0904
4.2175
3.9163
4.1610
4.0561
4.1216
4.3137
3.9399
4.1713
4.1692
4.1105
4.1540
4.2014
3.9872
3.8602
3.9900
3.8310
4.1451
3.6658
4.0323
4.1182
4.1152
4.2714
4.3221
4.3274
4.5794
4.3471
4.3654
4.5392
4.4032
4.3511
4.2388
4.3250
4.3653
4.1718
3.9241
4.0256
4.2947
4.2309
4.2181
4.1367
4.3031
4.2717
4.0386
4.0414
4.1557
4.2238
4.0349
4.1204
4.1089
4.1452
4.2278
4.1867
4.2586
4.1959
4.3586
4.5475
4.5484
4.2138
4.1913
4.1032
4.0953
3.9215
3.8162
4.0291
3.9887
4.2181
4.3117
4.1042
4.2501
4.2529
4.0124
4.1432
4.1984
4.1627
4.3701
4.3505
4.3487
4.5331
4.1624
4.4529
4.3873
4.4924
4.2617
4.3433
4.1250
4.3626
4.3225
4.1962
4.2175
4.4361
4.4573
4.1899
4.2493
4.0098
4.4351
4.3591
4.4031
4.2478
4.5078
4.2578
4.5888
4.3639
4.4076
4.2853
4.2279
4.1710
4.0802
4.0095
4.0111
4.0443
4.1180
4.2067
4.0050
4.2512
4.3032
4.2597
4.2789
4.2559
4.2447
4.2595
4.4222
4.0493
4.2200
4.3861
4.6874
4.6234
4.5341
4.7795
4.7616
4.6008
4.3209
4.6107
4.3892
4.6089
4.6618
4.6774
4.5236
4.6039
4.6247
4.5895
4.8914
5.0302
4.6626
4.4074
4.8694
4.8086
4.6993
4.7862
4.5034
4.8778
4.7750
4.8444
4.7928
4.9178
5.0086
4.6027
4.7741
4.6866
4.6853
4.5588
4.4692
4.6659
4.9168
4.6715
4.6382
4.5227
4.7058
4.5396
4.7692
4.5825
4.5096
4.7005
4.8911
4.7764
4.7522
4.7373
4.5865
4.7412
4.7224
4.4767
4.4912
4.5189
4.8618
4.6942
4.7568
4.8581
4.6577
4.7956
4.7438
4.8634
4.5719
4.3232
4.7085
4.5273
4.7445
4.3986
4.3105
4.6029
4.4013
4.4949
4.4127
4.2922
4.4352
4.1315
4.2100
4.2172
4.0117
4.3417
4.2337
4.4203
4.5655
4.4303
4.4021
4.2438
4.4605
4.2193
4.2780
4.3235
4.3684
4.2949
4.0417
4.1676
4.2109
4.2340
4.2370
4.3063
4.1749
4.1781
4.2110
4.2475
4.2426
4.3350
4.4896
4.4580
4.3490
4.1947
4.1399
4.0864
4.3172
4.2643
4.3021
4.2516
4.3230
4.4000
4.3280
4.4511
4.2783
4.2153
4.2282
4.3206
4.5289
4.4922
4.3827
4.2552
4.2449
4.0898
4.0065
4.1094
4.2066
4.1600
4.1583
4.2815
4.0074
4.2289
3.9843
4.0468
4.0253
4.2281
4.2104
4.2228
4.0533
4.3102
4.2399
4.2546
4.2103
4.1748
4.0789
4.0637
4.0885
4.1228
4.0290
4.1553
4.2242
4.2074
4.3598
4.4292
4.1583
4.3535
4.3774
4.1412
4.0967
4.0824
3.8532
4.1151
4.0698
4.1686
4.0794
3.9396
3.7516
3.9180
4.1998
3.9112
3.9575
4.0604
4.1405
4.1091
4.2955
4.3927
4.4440
4.0505
4.2253
4.2072
4.2799
4.0978
4.1774
4.0564
3.9330
3.7486
3.4600
3.9100
4.2309
4.1066
3.9808
4.2637
4.1390
4.0834
3.9663
4.0542
3.9535
4.0726
4.0937
4.1167
4.1834
4.1048
3.9652
3.8925
4.1792
4.3022
4.3676
4.3699
4.7218
4.2444
4.4009
4.3068
4.3854
4.3448
4.2367
4.1557
4.2292
4.0705
4.1770
4.3080
4.4164
4.2522
4.5543
4.3199
4.1073
3.9735
4.0520
4.1564
4.3154
4.2468
4.1291
4.1165
3.9146
3.9902
4.1631
4.3350
4.2781
4.1496
4.2383
3.9345
4.1012
4.1337
4.2853
4.2985
4.2727
4.1318
4.0390
4.0434
3.8585
4.0004
3.8757
4.1682
4.1105
4.0982
4.1915
4.1724
4.1761
4.2161
4.0672
4.1683
4.0024
4.0128
4.1980
4.0028
4.2173
4.0932
3.8826
3.7539
3.9483
4.0374
3.8187
4.0852
4.2801
4.2926
4.3011
4.1792
4.2778
4.1486
3.9345
4.2672
4.2060
4.2486
4.2246
4.1677
3.9168
3.9992
3.9689
4.1240
4.0463
4.1200
4.3920
4.2800
4.1559
4.1721
4.3515
4.2256
4.2877
4.2117
4.2936
4.2054
4.3128
4.0908
4.3515
4.1903
4.0874
4.2047
4.2892
4.4953
4.1269
4.1397
4.2142
4.2546
4.2327
4.1363
4.2863
4.2980
3.9536
4.0339
4.1287
3.9707
4.0865
4.1528
3.8781
4.4329
4.4795
4.2400
4.4020
4.3069
4.1150
4.1871
4.1602
4.6480
4.3525
4.6751
4.5267
4.4568
4.3061
4.2618
4.4363
4.3678
4.2953
4.3363
4.3266
4.7966
4.7365
4.5989
4.4641
4.4362
4.4979
4.6644
4.4393
4.2243
4.0677
4.3684
4.2830
4.3279
4.4154
4.4755
4.4483
4.5734
4.2476
4.3966
4.5085
4.5990
4.2914
4.3649
4.3194
4.4382
4.4003
4.8346
4.5266
4.5877
4.4164
4.4959
4.4616
4.2856
4.2603
4.4295
4.4757
4.4235
4.2170
4.4252
4.2488
4.5167
4.4374
4.5034
4.4105
4.0919
4.2107
4.3851
4.2974
4.4760
4.3368
4.0453
4.2306
4.3245
4.1527
4.2072
4.3123
4.2180
4.6104
4.4140
4.3272
4.4480
4.3543
4.3309
4.4266
4.6863
4.4911
4.5549
4.5025
4.6225
4.4141
4.6315
4.6410
4.5298
4.3996
4.6511
4.4154
4.5775
4.5112
4.2722
4.5319
4.3435
4.3112
4.5612
4.4688
4.3994
4.2654
4.3950
4.3455
4.3796
4.3737
4.3502
4.1373
4.1240
3.9488
4.1015
4.1779
4.1845
4.3233
4.2232
4.4170
4.2616
4.2481
4.3729
4.2808
4.1751
4.3320
4.3423
4.4327
4.3909
4.3982
4.4616
4.3349
4.2642
4.4479
4.3751
4.6385
4.4907
4.7308
4.5998
4.7407
4.8747
4.8278
4.5203
4.6689
4.5369
4.6406
4.6408
4.6897
4.4364
4.5167
4.3138
4.5558
4.5243
4.4603
4.1746
4.5691
4.6269
4.6303
4.2914
4.3957
4.1740
4.2774
4.5962
4.2847
4.2557
4.3836
4.3974
4.4275
4.3782
4.5126
4.3205
4.3907
4.3778
4.3910
4.5104
4.5363
4.7588
4.4883
4.7602
4.6216
4.7610
4.8652
4.7423
4.4819
4.4726
4.3887
4.6383
4.4375
4.4292
4.5711
4.3299
4.4869
4.6294
4.7056
4.6928
4.5643
4.4643
4.5685
4.5947
4.6525
4.9741
4.7194
4.9725
4.8170
4.7510
4.6906
4.4563
4.7334
4.5806
4.5488
4.4530
4.7283
4.6108
4.5344
4.5935
4.6059
4.3178
4.4875
4.4786
4.5959
4.7391
4.8885
4.6888
4.6025
4.6317
4.3498
4.5066
4.4751
4.3502
4.3603
4.2888
4.4186
4.4873
4.6118
4.5903
4.5536
4.5566
4.7521
4.5680
4.9375
4.8626
4.8084
4.6118
4.6735
4.4452
4.2176
4.2302
4.3305
4.4325
4.1446
4.1136
4.3233
4.1846
4.2856
4.3175
4.3607
4.5539
4.6457
4.4843
4.3563
4.4927
4.4892
4.4801
4.8276
4.5797
4.5478
4.5693
4.6113
4.5325
4.5751
4.7266
4.5373
4.6540
4.5745
4.7612
4.6735
4.7371
4.7558
4.8545
4.8733
4.9354
4.9376
4.9644
4.7405
4.7535
4.7627
4.6599
4.6209
4.8324
4.4739
4.3973
4.4850
4.4745
4.5210
4.4950
4.1848
4.2645
4.3404
4.2991
4.3078
4.3117
4.3371
4.4360
4.4294
4.6940
4.6972
4.3802
4.3421
4.4807
4.4011
4.5432
4.7536
4.5011
4.6300
4.5041
4.6630
4.4047
4.3229
4.4082
4.3266
4.3499
4.4474
4.4622
4.6022
4.5718
4.4005
4.4729
4.2937
4.4620
4.3705
4.6348
4.6357
4.4507
4.4694
4.4399
4.2334
4.3207
4.1755
4.1629
4.1237
4.1801
4.3915
4.4861
4.2462
4.3125
4.2666
4.7666
4.7664
4.3710
4.4553
4.4151
4.3442
4.6096
4.5314
4.5233
4.5916
4.2545
4.5002
4.2593
4.2092
4.3814
4.1176
4.5072
4.3380
4.1420
4.0604
3.8765
4.0574
3.9245
4.1120
4.1886
4.0725
4.4029
4.1375
4.3249
4.3381
4.5396
4.1379
4.0724
4.0555
4.0371
3.8593
4.0352
4.0036
4.0042
4.1771
4.0257
4.1929
4.3707
4.1607
4.0947
4.2318
4.1193
4.0544
4.1643
4.3194
4.3004
4.3265
4.1567
4.1599
4.3506
4.2106
4.0803
3.9393
4.0396
4.1116
4.1950
4.1680
4.1495
3.9994
3.9176
3.8213
4.0573
4.2175
4.0640
4.3192
4.0615
4.0605
4.0842
4.0812
4.3399
4.1915
4.2033
4.1405
4.0453
4.0796
3.8616
3.9269
3.9511
4.0260
3.8144
4.0862
4.0774
3.8450
4.0162
3.8157
3.9300
3.9864
3.9730
3.9869
3.9876
4.0609
4.1146
4.0499
4.0202
4.1292
4.1266
4.1547
3.9703
3.9457
4.2131
4.2890
4.0425
4.1972
3.8953
3.9161
4.0648
4.1398
4.0848
3.9880
4.2075
4.1536
4.3070
4.4742
4.1394
4.0738
3.9285
4.0394
4.1279
3.9732
4.0773
3.9429
3.8974
4.0453
4.0647
4.0560
4.1544
4.1047
4.2792
4.4550
4.2833
4.3154
4.2686
4.2531
4.2951
4.4092
4.3194
4.4157
4.2101
4.3108
4.3300
4.3695
4.3560
4.4160
4.5743
4.5088
4.6137
4.7138
4.5769
4.4938
4.3653
4.3025
4.3597
4.3005
4.1319
4.2386
4.1049
4.2497
4.4913
4.4108
4.1089
4.2069
4.1350
4.2456
4.1332
4.3029
4.5174
4.5225
4.6112
4.8992
4.5378
4.4039
4.3480
4.4028
4.3967
4.5688
4.5605
4.5092
4.4248
4.1880
4.3621
4.3382
4.3939
4.4146
4.1281
4.2347
4.1990
4.2656
4.3427
4.3125
4.3923
4.4794
4.3668
4.2531
4.5482
4.5675
4.6710
4.5691
4.6765
4.5855
4.4579
4.5602
4.5502
4.3150
4.1851
4.2340
4.2470
4.5265
4.6628
4.5478
4.5148
4.7588
4.7385
4.6557
4.6782
4.5601
4.3963
4.3939
4.4815
4.5137
4.5724
4.5376
4.4651
4.3836
4.5646
4.6847
4.4424
4.6304
4.5254
4.3383
4.3513
4.3571
4.2837
4.2264
4.2563
4.3193
4.1357
4.0582
4.0537
4.1095
3.9733
4.2808
4.2396
4.3302
4.5908
4.6013
4.3260
4.2858
4.5078
4.4591
4.2373
4.2254
4.3986
4.5168
4.3437
4.4586
4.5434
4.4114
4.3880
4.4521
4.4994
4.3510
4.4532
4.6524
4.5957
4.5327
4.4316
4.4159
4.2410
4.3440
4.5734
4.2394
4.5084
4.3244
4.2453
4.1190
4.0668
4.1368
4.4940
4.0884
4.0871
4.3321
4.2123
4.5394
4.5780
4.3621
4.2341
4.0934
4.2001
4.1906
4.1439
4.2800
4.2401
4.2430
3.9126
4.2151
4.2307
4.0687
4.3079
4.2335
4.1853
4.2443
4.1486
4.2847
4.3596
4.0268
4.6474
4.3353
4.4241
4.3809
4.2348
4.4337
4.5228
4.0723
4.1416
4.1667
4.1044
4.0858
3.8718
4.2338
4.1342
4.0706
4.0683
4.2915
3.9574
3.8929
3.8723
3.9276
3.8731
4.1093
4.1713
4.3914
4.3169
4.2533
4.4239
4.3687
4.5998
4.4760
4.1677
4.2806
4.1947
4.5063
4.5689
4.2861
4.4247
4.4153
4.0718
4.1606
4.2416
4.4938
4.0019
4.2825
4.2979
4.4970
4.6697
4.5584
4.6578
4.4868
4.5929
4.4648
4.3506
4.1965
4.7451
4.2656
4.2786
4.2823
4.5224
4.4690
4.2553
4.1823
4.4292
4.4184
4.3383
4.6013
4.4255
4.6864
4.6630
4.5374
4.7442
4.5945
4.4924
4.6169
4.6652
4.5299
4.9018
4.8202
4.6699
4.6222
4.4977
4.3482
4.7480
4.8321
4.6702
4.4560
4.2058
4.3090
4.4867
4.4200
4.6325
4.6509
4.5435
4.3300
4.2434
4.2588
4.3985
4.1365
4.3413
4.1706
3.9247
4.3591
4.4865
4.4000
4.5954
4.3571
4.2417
4.4407
4.1465
4.1360
4.4977
4.4585
4.5502
4.2180
4.3888
4.4374
4.3448
4.4487
4.5450
4.5320
4.3308
4.6227
4.3736
4.4302
4.5829
4.4614
4.3282
4.0132
4.1914
4.3559
4.2596
4.5053
4.5795
4.7360
4.6157
4.3950
4.3875
4.3823
4.3558
4.0235
4.1576
3.7383
4.4405
4.2122
4.1954
4.1799
4.3190
4.3987
4.4701
4.5614
4.1869
4.5990
4.4063
4.5787
4.6697
4.5733
4.7755
4.6712
4.3971
4.3699
4.4402
4.5931
4.5042
4.5753
4.5629
4.8151
4.8639
4.9343
4.5536
4.4878
4.7484
4.7973
4.8411
4.8309
4.5434
4.6756
4.6082
4.6244
4.8928
4.9672
4.5786
4.7009
4.5979
4.7468
4.5761
4.8008
4.9560
4.8953
5.0638
4.9528
4.8841
4.8384
4.8026
4.7414
4.9913
4.9198
4.8328
4.8572
4.7642
4.5518
4.7029
4.5418
4.7735
4.6535
4.5844
4.3852
4.3382
4.6085
4.4069
4.5028
4.4998
4.3852
4.3625
4.4662
4.3451
4.7081
4.2333
4.3080
4.2322
4.3205
4.5146
4.4366
4.1511
4.0472
4.3239
4.2143
4.1855
4.2632
4.5977
4.5425
4.6524
4.3412
4.2475
4.1150
4.3972
4.3149
4.2723
4.7214
4.7009
4.3971
4.5272
4.4736
4.6218
4.3298
4.4005
4.6164
4.5209
4.4483
4.3197
4.4351
4.2869
4.5774
4.5471
4.7719
4.7078
4.8572
4.9519
4.8058
4.6066
4.8544
4.6695
4.4603
4.3185
4.3048
4.5472
4.4430
4.6514
4.5228
4.6073
4.6083
4.4243
4.6075
4.5556
4.4762
4.6596
4.6742
4.7453
4.7989
4.7853
5.0070
5.0471
4.7609
4.6396
4.6481
4.6318
4.8043
4.6339
4.7869
4.6815
4.4072
4.8916
5.0839
4.7736
4.6074
4.6196
4.5163
4.5338
4.5943
4.3458
4.2790
4.5242
4.6097
4.6106
4.3150
4.2313
4.3963
4.5405
4.4603
4.2552
3.9898
4.4210
4.5437
4.5056
4.4420
4.3786
4.4705
4.2306
4.4254
4.3682
4.4845
4.5631
4.5311
4.4312
4.5166
4.4186
4.5931
4.6889
4.7363
4.4743
4.6178
4.4354
4.1813
4.3204
4.1784
4.4095
4.3015
4.4254
4.2418
4.5514
4.4106
4.4400
4.4083
4.5128
4.4484
4.3485
4.2940
4.0831
4.2916
4.0524
4.2572
4.4994
4.4265
4.3640
4.5048
4.8125
4.8132
4.6289
4.4849
4.4326
4.1425
4.3013
4.1163
4.6019
4.4367
4.3132
4.4793
4.4746
4.2522
4.1916
4.6946
4.6013
4.7415
4.9944
4.6068
4.6881
4.8283
4.7844
4.7077
4.5082
4.3890
4.5849
4.4413
4.8459
4.5739
4.5726
4.5214
4.2929
4.3733
4.4482
4.4371
4.3402
4.5827
4.8528
4.7702
4.6633
4.6873
4.8437
4.7578
4.8870
4.7761
4.7868
4.7227
4.5352
4.5760
4.8105
4.8190
4.7003
4.7493
4.7429
4.5431
4.5726
4.8749
4.3064
4.5680
4.5556
4.6893
4.6152
4.5692
4.6266
4.4730
4.5442
4.5737
4.6982
4.8200
4.6981
4.5879
4.6140
4.5024
4.6847
4.5158
4.5788
4.5533
4.6907
4.6772
4.6010
4.6440
4.7413
4.7224
4.8960
4.9472
4.7533
4.5636
4.6676
4.7776
5.0787
4.7563
4.7957
4.5906
4.5239
4.8798
4.4500
4.5902
4.7225
4.7503
4.6541
4.6709
4.4237
4.7734
4.5447
4.3914
4.6144
4.6096
4.6056
4.4713
4.4396
4.3183
4.2465
4.5301
4.2371
4.2451
4.2474
4.3571
4.4619
4.3646
4.5208
4.2147
4.1964
4.5568
4.5715
4.5845
4.7149
4.3665
4.7671
4.6366
4.8830
4.6565
4.6110
4.4223
4.3752
4.3932
4.3968
4.4249
4.4101
4.3116
4.6983
4.4891
4.7132
4.5030
4.7582
4.6152
4.7707
5.0059
4.6464
4.7397
4.5778
4.6093
4.6075
4.2985
4.4574
4.6080
4.4102
4.4042
4.5489
4.6650
4.5081
4.5803
4.4068
4.5128
4.5397
4.3846
4.6580
4.4068
4.5688
4.6420
4.5962
4.6062
4.5721
4.5590
4.2524
4.1093
4.2810
4.0902
3.9361
4.2995
4.2256
4.2747
4.3382
4.2127
4.4958
4.5922
4.2589
4.2525
4.5123
4.4992
4.2777
4.4518
4.2697
4.6300
4.6718
4.4928
4.5531
4.6247
4.5486
4.5949
4.4382
4.6077
4.6172
4.3598
4.7673
4.7706
4.7926
4.4966
4.3221
4.4847
4.7169
4.6621
4.4798
4.5579
4.4391
4.5764
4.6092
4.2485
4.3970
4.4950
4.4146
4.4546
4.4277
4.6177
4.5844
4.5212
4.5892
4.5280
4.5625
4.6121
4.8146
4.7186
4.3828
4.6125
4.6709
4.5622
4.7771
4.8363
4.7471
4.6170
4.6125
4.7694
4.3776
4.6994
4.7249
4.7381
4.7711
4.6779
4.6935
4.8669
4.7111
4.7176
4.6286
4.5267
4.5594
4.6989
4.5506
4.3984
4.6520
4.7583
4.5440
4.6893
4.5457
4.5579
4.5471
4.6056
4.5963
4.3802
4.3807
4.2759
4.5343
4.3091
4.4588
4.4991
4.5567
4.4311
4.3177
4.5256
4.5678
4.6635
4.6393
4.3176
4.4827
4.4855
4.5366
4.6908
4.4067
4.4180
4.5946
4.4353
4.2565
4.2787
4.3793
4.6066
4.5179
4.5614
4.3470
4.3906
4.5336
4.4170
4.2563
4.4882
4.3871
4.7157
4.5952
4.6021
4.7945
4.9695
4.5385
4.7178
4.6611
4.6757
4.5976
4.7291
4.7453
4.4747
4.6218
4.4843
4.3360
4.5226
4.4206
4.6208
4.4693
4.4619
4.3534
4.6741
4.5371
4.6717
4.5767
4.7908
4.6092
4.2902
4.6284
4.6594
4.6705
4.7320
4.7812
4.8361
4.7261
4.6801
4.6033
4.5169
5.1226
4.9912
4.9395
4.6848
4.8825
4.8874
4.7092
4.5898
4.7031
4.5981
4.5782
4.7007
4.6469
4.6373
4.7625
4.7801
4.8562
4.8012
4.8417
4.8433
4.9311
5.1042
5.1016
5.0678
5.2062
4.8662
5.0483
5.0714
4.9503
5.0102
4.9812
4.7507
4.7194
4.7201
4.6377
4.7283
4.5987
4.6088
4.6276
4.6644
4.6167
4.4851
4.4102
4.4360
4.5021
4.3339
4.3026
4.6610
4.4488
4.6399
4.4501
4.2511
4.4490
4.2063
4.3379
4.5237
4.3605
4.3723
4.2141
4.0411
4.2485
4.0470
4.1249
4.2058
4.1414
4.1297
4.3108
4.5723
4.2689
4.7224
4.3656
4.3999
4.3636
4.4040
4.4627
4.4620
4.4053
4.3203
4.7004
4.5038
4.3021
4.5478
4.3410
4.2111
4.1925
4.2319
4.2482
4.2579
4.3618
4.3426
4.2437
4.2818
4.3860
4.5134
4.3953
4.4193
4.5824
4.4952
4.3879
4.5050
4.2429
4.5914
4.3112
4.5062
4.3572
4.1768
4.5527
4.1395
4.1799
4.3648
4.2625
4.2613
4.3071
4.1448
4.4149
4.2391
4.1754
4.1056
4.1281
4.1919
4.2425
4.2874
4.4363
4.2743
4.2959
4.4254
4.4388
4.5253
4.3981
4.5556
4.4809
4.5092
4.4825
4.5653
4.6135
5.1097
4.9398
4.9567
4.7071
4.7987
4.7531
4.6703
4.5103
4.6621
4.6464
4.7689
4.5637
4.7687
4.7164
4.9810
4.9795
4.6764
4.9318
4.6722
4.3860
4.5863
4.4560
4.4737
4.4766
4.5665
4.6739
4.4667
4.5085
4.7639
4.9089
4.7245
4.6570
4.7166
4.6695
4.8456
5.0300
4.8953
4.9324
5.1927
4.9312
4.5113
5.0521
5.0819
4.9468
4.9654
4.7471
4.9586
4.7149
5.1575
4.6054
4.7718
4.7611
4.8605
4.7333
4.6348
4.7611
4.7685
4.7646
5.1550
5.0459
4.8671
4.9025
4.7009
4.6641
4.6393
4.5961
4.8430
4.8171
4.8684
4.9226
4.8311
4.8770
4.6673
4.4145
4.6769
4.6012
4.9127
4.8405
4.8991
4.8605
4.8040
5.0135
5.0490
5.0848
4.7537
4.6088
4.4658
4.6439
4.7123
4.5555
4.5875
4.7312
4.5213
4.6993
4.6649
4.6306
4.8234
4.7213
4.5134
4.5556
4.5552
4.6541
4.5434
4.5740
4.7568
4.7560
4.8403
4.9446
4.9254
4.9365
4.7403
4.7616
4.4521
4.7638
4.7321
4.9229
4.8888
4.7815
4.8515
4.7887
4.8195
4.6485
4.6516
4.5971
4.8188
4.5831
4.6697
4.5465
4.4948
4.6416
4.6445
4.7435
4.9510
4.7032
4.6159
4.7187
4.7438
4.6013
4.8627
4.9428
4.8590
5.0501
4.4316
4.4647
4.7103
4.7525
4.8315
4.9127
4.7838
4.5695
4.5735
4.4825
4.2222
4.4304
4.6556
4.5470
4.5784
4.7789
4.7795
4.8981
4.7563
4.6979
4.5193
4.5702
4.7245
4.7377
4.8144
4.6986
4.7389
4.6739
4.7229
4.8717
4.5381
4.6203
4.8007
4.8889
4.6306
4.6445
4.7948
4.8101
4.6239
4.5608
4.2187
4.4743
4.3422
4.3644
4.4373
4.4854
4.4966
4.6858
4.4125
4.6944
4.3820
4.7005
4.6312
4.8365
4.7154
4.7155
4.4362
4.1651
4.2249
4.3893
4.5347
4.5976
4.2949
4.5038
4.4543
4.5715
4.6937
4.5151
4.5643
4.5241
4.5356
4.6156
4.8074
4.6448
4.6749
5.0266
4.9698
4.6477
4.8248
4.9511
5.1011
5.1334
4.9258
4.7305
4.6079
4.8340
4.9124
4.8478
4.5536
4.8253
4.5205
4.5661
4.6188
4.4267
4.2634
4.3780
4.4272
4.4937
4.4752
4.6717
4.5732
4.5544
4.6213
4.7436
4.7359
4.6733
4.8128
4.6433
4.4209
4.5051
4.6730
4.4070
4.5483
4.6211
4.6481
4.3976
4.6395
4.3469
4.3917
4.3221
4.2375
4.2430
4.3666
4.3962
4.5066
4.3978
4.4719
4.3560
4.4654
4.4473
4.6469
4.3937
4.3251
4.1782
4.2976
4.0967
4.2146
4.5487
4.5804
4.3646
4.1626
4.3289
4.4544
4.5148
4.2470
4.1102
4.1776
4.1257
4.2112
4.0429
4.0702
3.9697
4.1497
3.9451
4.2090
4.3922
4.2829
4.4451
4.3951
4.5290
4.7618
4.7799
5.0810
4.8609
4.6840
4.4014
4.5431
4.3353
4.4911
4.3281
4.5229
4.6917
4.3975
4.3113
4.4282
4.4430
4.5672
4.6686
4.4181
4.6388
4.5599
4.6485
4.5505
4.7282
4.5970
4.6674
4.3741
4.4541
4.1493
4.1982
4.5526
4.6758
4.5775
4.4852
4.5023
4.6896
4.6594
4.3442
4.4925
4.2825
4.4010
4.2636
4.3351
4.3029
4.4964
4.5184
4.5926
4.6132
4.5313
4.2270
4.1734
4.1733
4.5932
4.3706
4.2946
4.2461
4.2491
4.3507
4.3947
4.0971
4.1350
3.9351
4.0634
4.0388
4.0686
4.1692
3.9784
3.9214
3.9750
3.9480
4.0106
4.0425
3.8838
3.9702
4.1587
4.2411
4.1958
3.8972
3.9243
4.1229
4.0037
3.9244
4.0214
4.0280
3.9352
3.8881
3.8655
4.0804
4.2967
4.4637
4.3246
4.2619
4.0280
4.1092
4.3819
4.1450
4.1465
4.0189
3.9876
3.9398
3.9210
4.0092
3.8989
3.9706
3.9446
4.0903
3.8665
3.8233
3.7999
4.0449
4.1793
3.8959
4.0095
4.1171
4.0274
4.0404
3.9413
4.0767
4.1925
4.3063
4.1528
4.1462
3.9864
3.9837
3.9119
4.1687
4.3008
4.2617
4.0706
4.2219
4.1682
4.2192
4.0882
3.9414
4.1797
4.1819
4.0703
4.0861
4.2117
4.0828
4.0415
4.1437
4.0885
4.1106
4.3283
4.1263
4.2965
4.2625
4.2204
4.1454
4.1281
4.0796
4.0138
3.9728
4.0522
4.1879
4.0892
4.3216
4.2122
4.2797
4.4546
4.4726
4.5653
4.5921
4.6151
4.4638
4.1306
4.2330
4.4403
4.3023
4.6620
4.6068
4.6986
4.6718
4.3964
4.3586
4.4758
4.3197
4.4367
4.3771
4.4618
4.4457
4.2346
4.0941
4.3798
4.3355
4.3496
4.0210
4.0743
4.0692
3.9796
4.0759
4.0891
4.0005
4.0434
4.1234
4.1092
4.0853
4.0196
4.0375
3.8955
4.2626
4.2171
4.0596
4.1067
4.2082
4.2906
4.2979
4.0337
4.2448
4.1330
4.2705
4.3345
4.2008
4.1688
4.1079
4.0818
4.5783
4.7628
4.2050
4.1866
3.9892
4.1097
4.2269
4.4129
4.3450
4.1853
4.2473
4.1821
4.1364
4.0733
4.0546
4.1017
3.9920
4.0686
4.0000
3.8827
4.0100
3.9950
3.8205
4.0676
4.0313
4.0944
4.1202
3.9490
4.0169
3.7932
4.0071
4.0605
4.1527
4.2054
4.2309
4.2559
4.3207
4.2663
4.1543
4.2659
4.1106
4.1272
4.1179
4.0986
4.0815
4.3133
4.1578
4.2540
4.3522
4.4528
4.2015
3.9844
3.9066
3.8903
4.0081
4.1679
4.1664
4.3928
4.4467
4.1970
4.2749
4.3763
4.4123
4.3408
4.1913
4.1772
4.6005
4.4206
4.2814
4.2427
4.4339
4.2067
4.1764
4.2167
4.2945
4.1482
4.2820
4.4455
4.3610
4.1950
4.0230
4.0134
3.9995
4.0537
4.0364
4.2760
4.3133
4.1502
4.1625
3.9931
3.9440
3.9988
3.9861
3.8266
4.1713
4.1232
4.0757
4.1950
4.0984
4.0636
4.0585
4.1426
3.9049
3.9732
3.9521
4.0881
4.2781
4.1429
4.0716
4.1697
4.1800
4.0908
4.1474
4.1975
4.2511
4.1241
4.1829
4.1376
4.2054
4.1632
4.1622
4.1784
4.1148
4.0603
4.3173
4.2419
4.2536
4.3267
4.1011
4.2221
4.3532
4.3547
4.1614
4.0233
4.1124
4.1727
4.2483
4.3040
4.3311
4.1772
4.0679
4.2272
4.1556
4.1348
4.1265
4.1644
4.1754
4.1726
4.1361
4.1160
3.9641
4.1728
4.0319
3.9542
4.0469
3.9200
3.8825
3.8244
3.9891
3.9940
4.1176
4.0711
4.1822
4.1433
4.1383
4.0203
4.2109
3.9930
4.2892
4.0110
4.1173
4.1237
4.2465
4.1856
4.1544
4.3608
4.2603
4.2530
4.3160
4.2284
4.1903
4.1283
4.2448
4.3812
4.1686
4.0474
4.1314
4.2744
4.2383
4.1756
4.2540
4.1290
4.3060
4.6619
4.4255
4.5760
4.4597
4.3935
4.2994
4.3704
4.4976
4.1953
4.4883
4.3274
4.2030
4.4779
4.5026
4.3870
4.2210
4.2817
4.1663
4.0602
4.0869
4.3094
4.3314
4.2705
4.2263
4.1912
4.0799
4.1379
4.1449
4.2115
4.0712
4.2742
4.2526
4.1976
4.1704
3.9543
3.9830
4.1452
4.2103
3.9123
3.9826
4.0302
4.2035
4.0449
3.9305
4.1179
4.2972
4.2997
4.3170
4.2052
4.3400
4.2315
4.3065
4.1496
4.1540
4.2223
4.1197
4.1612
4.2001
4.3393
4.2626
4.1737
4.1993
4.0652
3.9372
4.0702
4.1585
4.1050
4.1178
4.1162
4.1865
4.0663
3.9278
4.1022
3.9068
3.9882
3.9797
4.0553
4.1254
4.0135
4.0471
4.1588
3.9738
4.0308
3.9653
4.3288
4.1790
4.0994
4.2238
4.2282
4.2264
4.0446
4.1204
4.1868
4.0692
4.1570
4.0830
4.0635
4.2873
4.3956
4.2354
4.1792
4.2247
4.1813
4.2230
4.1303
4.1909
3.9581
4.2932
4.2863
4.2627
4.2834
4.2977
4.2113
4.1246
4.0954
4.1183
4.2118
4.3227
4.3145
4.4654
4.3180
4.5629
4.3667
4.3104
4.3907
4.2317
4.4585
4.3527
4.2911
4.2549
4.2817
4.5268
4.5329
4.2263
4.4569
4.2554
4.3085
4.3334
4.2325
4.4488
4.3944
4.2412
3.9680
4.1564
4.1501
4.3131
4.1094
4.2106
4.1127
4.2191
4.1972
4.3034
4.3164
4.3194
4.4057
4.2471
4.3112
4.2630
4.2709
4.1072
4.2546
4.1772
4.1821
4.2121
4.2651
4.2668
4.2482
4.1166
4.0826
3.9381
4.0024
4.1692
3.9733
4.1561
4.1084
4.2449
4.0753
4.0486
4.0427
4.0868
4.0311
3.9602
3.9172
3.8679
4.1340
4.0928
4.2696
4.4011
4.2032
4.2530
4.1786
3.9689
4.1065
4.0793
4.1045
4.0630
3.9936
4.1011
4.1174
4.1884
4.3629
4.3301
4.3361
4.2052
4.2933
4.3301
4.1245
4.1490
4.1608
4.1188
4.4964
4.3202
4.1502
4.2448
4.1539
4.3353
4.4120
4.3684
4.1085
4.1665
4.1199
3.9689
4.0391
4.1694
4.3368
3.9438
4.1129
4.1078
4.0941
3.9234
4.1160
4.1182
4.1846
4.1148
4.1492
4.2152
3.9639
4.0672
4.0177
4.2031
4.2722
4.2908
4.2122
4.0952
4.2004
4.4982
4.4389
4.2857
4.2018
4.1464
4.3309
4.1985
4.1710
4.2372
4.4442
4.3997
4.1753
4.4136
4.4113
4.4660
4.4237
4.5021
4.4305
4.3957
4.4071
4.3463
4.4354
4.3076
4.2828
4.4643
4.4119
4.3112
4.1793
4.3767
4.1848
4.1920
4.1896
4.1337
4.0702
4.2594
4.1615
4.2100
4.0936
3.9922
4.0143
4.1837
4.2329
4.1492
4.1147
4.1128
4.0737
4.0611
4.0291
4.1652
4.1255
3.8877
4.0913
3.9347
3.9889
4.0123
3.9200
4.1021
4.1996
4.1527
4.0597
4.1324
4.2423
4.1047
4.1189
4.2482
4.3492
4.3485
4.0649
4.1471
4.3411
4.4601
4.2422
4.4451
4.1681
4.5108
4.2472
4.3153
4.7624
4.3267
4.3604
4.5090
4.2359
4.3936
4.1686
4.1566
4.3120
4.3005
4.3536
4.2153
4.2300
4.2276
4.2752
4.2351
4.2650
3.9358
4.2226
4.3281
4.3132
4.3021
4.2535
4.0451
4.0046
4.2198
4.3127
4.2843
4.2083
4.0630
4.1223
4.1174
4.2331
4.1700
4.0879
4.3246
4.3351
4.1743
4.2902
4.3529
4.2786
4.1994
4.2541
4.1915
4.1553
4.1476
4.1676
4.1658
4.1281
4.1810
4.2220
4.1621
4.1525
3.9014
4.0539
4.1341
4.2852
4.1866
4.2158
4.1152
4.2180
4.0022
4.1321
4.2069
4.2657
4.1097
4.2867
4.0948
4.0291
4.0644
4.1146
4.1089
4.1505
4.2516
4.2237
4.2564
3.9818
3.9904
3.9525
4.1221
4.2350
4.0624
4.1284
4.3807
4.2040
4.1128
4.2325
4.2213
4.1685
4.0748
4.1674
4.1622
4.1817
4.0003
4.0992
4.1215
3.9842
4.0137
4.0369
4.2405
4.0214
4.0371
4.0901
3.9120
4.1171
4.0177
4.0854
4.1824
4.2689
4.2170
4.1659
4.1972
4.1414
4.2250
4.1313
4.2425
4.2260
4.0625
4.1932
4.1520
4.1886
4.1653
4.1919
4.3122
4.1177
4.4200
4.2546
4.4043
4.3319
4.3395
4.1617
4.2570
4.2478
4.2836
4.2232
4.2774
4.2299
4.1623
4.0374
4.0510
4.2863
4.3678
4.2436
4.0915
4.0331
3.9815
4.1724
4.3113
4.3687
4.4270
4.3968
4.3132
4.4965
4.3286
4.5936
4.3652
4.4142
4.2004
4.2296
4.1775
4.1902
4.2609
4.2343
4.3223
4.2623
4.2379
4.2872
4.3793
4.2663
4.1048
4.1359
4.0781
4.1755
4.2520
4.2991
4.1787
4.2787
4.0254
4.5101
4.3511
4.1417
4.2049
4.2894
4.3159
4.3453
4.1798
4.2350
4.3114
4.1779
4.2710
4.4484
4.1881
4.0197
4.2286
4.3314
4.5353
4.2937
4.2493
4.2083
4.2324
4.1052
4.1283
4.1244
4.2660
4.0340
4.0571
4.2089
4.1132
4.1541
4.3089
4.2874
4.1119
4.0454
4.2897
4.1482
4.0333
4.1755
3.9486
4.0667
4.1590
3.9942
4.0757
4.0119
4.0560
3.8510
3.8344
3.9950
4.1496
3.9181
3.8668
3.9874
3.9496
3.8903
4.0493
3.9664
4.1644
4.0636
3.9494
3.9582
3.9754
3.9872
3.9081
4.0985
4.1171
4.0941
4.1466
4.0399
3.9964
4.0281
4.0019
3.8254
4.0170
3.8412
3.9538
3.9304
3.8882
4.0482
4.0531
4.0397
4.0828
4.0978
3.8606
4.1667
4.0290
3.9076
3.9869
3.9398
3.8739
3.9143
3.8752
3.9268
3.9791
4.0588
4.0197
3.9399
4.1335
4.0234
3.9209
4.0005
4.0782
3.9314
3.9686
3.7489
3.9076
3.9193
3.9181
4.0946
3.9023
4.0042
3.9671
3.9002
4.0718
3.9962
4.1707
4.0022
3.9899
4.0521
4.0148
4.0503
4.1211
3.9697
4.0442
4.0096
3.8513
3.8496
4.1101
4.0263
4.1261
3.9101
4.1499
4.1283
3.9936
3.9905
3.9447
4.0320
3.9396
3.8532
4.1842
4.1114
3.9634
4.0721
4.0415
4.1419
3.9891
4.0599
4.1185
3.8950
3.8986
3.9851
3.9025
4.1861
4.0606
4.0912
4.1381
4.1135
4.1204
4.0973
4.0370
4.0627
4.1181
4.1330
4.1130
4.2822
4.0470
4.0853
4.0201
4.2597
4.0188
4.0798
4.1719
4.0527
4.2019
3.9342
4.0774
3.9613
4.0470
3.9222
4.0611
4.0958
4.2822
4.1183
4.4146
4.0597
4.3447
4.2588
4.1335
4.1149
4.1998
4.1278
3.8616
4.1363
4.0963
4.2825
4.2212
4.1158
4.2317
4.2996
4.3318
4.1346
3.8790
3.9449
4.1498
4.1692
4.1049
4.1844
4.0576
4.0857
4.1262
4.1944
4.1436
4.2487
4.2648
4.1999
4.1616
4.1788
4.0065
4.0889
4.1296
4.0826
4.0627
4.1054
4.1681
3.9903
4.0069
4.0356
4.1679
4.1176
4.0242
4.0659
4.0116
4.0369
4.0127
4.0959
3.9989
4.1744
4.2408
4.3186
4.2600
4.2497
4.2034
4.1572
4.0561
4.1577
4.2157
4.0712
4.1566
4.1324
4.1254
4.2953
4.1270
4.2754
4.2045
4.1926
4.2964
4.3081
4.2386
4.2712
4.1833
4.1505
4.2078
4.3309
4.3410
4.2068
4.2501
4.3963
4.3416
4.1650
4.3172
4.0816
4.2269
4.1776
4.3648
4.1417
4.3624
4.2113
4.2114
4.2333
4.2244
4.2283
4.1600
4.0963
4.2278
4.3774
4.3361
4.2751
4.2912
4.2350
4.3827
4.5957
4.2627
4.2010
4.0927
4.1535
4.1613
3.9391
3.9974
4.1169
4.2077
4.2544
4.1441
4.0903
4.0189
4.1685
4.0462
4.2301
4.2474
4.0949
4.2749
4.2351
4.1582
4.0112
4.2198
4.1885
4.2655
3.9796
4.1160
4.1814
4.4062
4.2081
4.4146
4.3408
4.0973
4.1963
4.1275
4.1843
4.1829
4.0776
4.3358
4.3387
4.0830
4.1514
4.0928
4.0756
4.1912
3.9806
4.1422
4.1172
4.0949
3.9907
4.0616
4.1583
4.2239
4.0553
4.0543
4.1131
4.0718
3.8973
4.1791
4.1195
4.0850
4.1076
4.2086
4.2806
4.2629
4.1578
4.2169
4.1274
4.1679
4.1661
4.2907
4.0771
3.9831
4.0878
4.1783
4.1544
4.3812
4.0321
4.3388
4.2408
4.0675
4.1910
4.2098
4.2038
4.2209
4.1560
4.2280
4.2563
4.2821
4.0339
4.0812
4.0713
4.1840
4.0900
4.1978
4.0151
4.1176
4.0267
4.1701
4.0938
4.1238
4.0033
4.1286
4.1652
4.1224
4.1321
4.0728
4.0897
4.1773
4.2784
4.2533
4.2173
4.0710
4.2067
4.1462
4.0803
3.9771
3.9299
4.0809
3.7454
4.0479
3.9405
3.8717
4.0258
4.1217
4.0597
4.0044
3.9777
4.0233
4.0830
4.0834
4.0405
3.9514
4.1375
4.1014
4.0718
4.1289
4.0842
4.2727
4.2027
4.1646
4.0970
4.1602
4.2008
4.2248
4.1347
4.1768
4.1954
4.2478
4.3252
4.3615
4.4076
4.3600
4.2542
4.0784
4.1257
4.2459
4.3742
4.1926
4.2315
4.3124
4.2183
4.3653
4.5381
4.4831
4.3625
4.2379
4.4859
4.3624
4.8155
4.6458
4.5505
4.7291
4.8202
4.7203
4.6917
4.4243
4.4223
4.5950
4.6141
4.3483
4.2979
4.7547
4.5083
4.4534
4.4101
4.4451
4.5397
4.3523
4.5338
4.5247
4.5101
4.4611
4.4128
4.5875
4.6002
4.3802
4.7449
4.5486
4.4457
4.7100
4.5538
4.5674
4.8080
4.8339
4.5616
4.6899
4.6044
4.7206
4.4670
4.4391
4.4956
4.3661
4.3453
4.4169
4.3745
4.3007
4.5210
4.4871
4.4512
4.4405
4.7352
4.3605
4.5672
4.7345
4.2715
4.7329
5.0258
5.1382
5.0033
5.0762
4.9715
4.7819
4.9032
4.6540
4.7262
4.5342
4.6729
4.9690
4.7381
4.6322
4.4971
5.1863
4.8963
5.1785
4.6598
4.7341
4.5980
4.7482
4.7638
4.6825
4.8744
4.7542
4.6913
4.7562
4.8686
4.7795
4.7429
4.9054
4.9655
4.6471
4.7961
4.9876
4.8422
4.8821
4.8686
4.7737
4.6157
4.6279
4.8995
4.6149
4.6789
4.5928
4.7608
4.6681
4.8452
4.7961
4.8636
4.8627
4.7785
4.7403
4.5224
4.4839
4.8069
4.6297
4.6475
4.5455
4.5869
4.7363
4.5314
4.6825
4.5889
4.5333
4.6263
4.8811
4.3007
4.2848
4.3554
4.5886
4.3975
4.6295
4.4511
4.4041
4.6253
4.6263
4.5547
4.6936
4.6200
4.2804
4.6415
4.6644
4.4892
4.5303
4.6112
4.5592
4.6219
4.6973
4.5271
4.8200
4.7522
4.6844
4.7812
4.6240
4.5352
4.6117
4.5982
4.5831
4.4795
4.4365
4.4201
4.4526
4.8688
4.6543
4.7070
4.7217
4.5130
4.6005
4.7898
4.7245
4.7925
4.4231
4.4963
4.5217
4.7016
4.5178
4.3919
4.3931
4.4040
4.4087
4.4285
4.5133
4.4388
4.5163
4.3996
4.5985
4.6272
4.7616
4.5533
4.8017
4.8386
4.7251
4.5169
4.6098
4.8973
4.6505
4.6650
4.4075
4.5300
4.7207
4.5459
4.4487
4.5791
4.6463
4.3470
4.4599
4.5440
4.7048
4.4616
4.7210
4.4453
4.6731
4.4893
4.4182
4.4491
4.5908
4.5509
4.5416
4.5041
4.4539
4.4771
4.4832
4.4522
4.4009
4.5730
4.5779
4.5867
4.5585
4.5281
4.7194
4.7016
4.8177
4.5481
4.5871
4.5398
4.4440
4.6854
4.6385
4.5836
4.6557
4.6540
4.6723
4.7557
4.8981
4.8437
4.8735
4.9075
4.8948
4.7401
4.5406
4.6667
4.7826
4.7579
4.6269
4.8368
4.8867
4.6676
4.5741
4.6615
4.7103
4.5412
4.3409
4.5163
4.3543
4.4547
4.7886
4.4255
4.3471
4.3762
4.1421
4.3630
4.2432
4.2835
4.3413
4.2643
4.1725
4.1406
4.2149
4.3100
4.4186
4.4603
4.3582
4.6597
4.5978
4.4571
4.4810
4.7698
4.3384
4.3135
4.4215
4.4089
4.4764
4.4459
4.1527
4.2937
4.4698
4.2674
4.2816
4.4863
4.6703
4.3909
4.3663
4.4256
4.6518
4.6620
4.8520
4.4842
4.4822
4.4578
4.3863
4.6490
4.3268
4.4419
4.4017
4.5151
4.3650
4.3943
4.5232
4.2103
4.1190
4.2007
4.2405
4.2272
4.3737
4.2219
4.2436
4.2159
4.3908
4.3239
4.2239
4.4188
4.5404
4.6588
4.4761
4.3998
4.4476
4.8352
4.5953
4.5015
4.3206
4.5103
4.7116
4.8451
4.7183
4.6734
4.5952
4.4062
4.3721
4.4755
4.3365
4.0476
4.1227
4.2897
4.1554
4.2400
4.2995
4.5865
4.3245
4.4624
4.6495
4.3648
4.4514
4.2785
4.3307
4.4806
4.5017
4.2794
4.5118
4.5468
4.7450
4.5224
4.5205
4.6412
4.2935
4.6504
4.7546
4.4419
4.5839
4.5174
4.5432
4.4648
4.6476
4.3752
4.2978
4.4507
4.5977
4.4883
4.2844
4.5921
4.4640
4.6940
4.7690
4.4342
4.5375
4.5224
4.5236
4.3775
4.5106
4.6741
4.5948
4.4278
4.7474
4.6641
4.4473
4.3870
4.4681
4.3919
4.4965
4.2909
4.5175
4.4066
4.2914
4.2266
4.3986
4.3605
4.4883
4.6414
4.6133
4.7669
4.5834
4.7312
4.7386
4.6040
4.6612
4.7636
4.2631
4.4643
4.6594
4.5027
4.3597
4.4256
4.5801
4.4675
4.3839
4.4728
4.4880
4.4116
4.3524
4.4341
4.3753
4.2641
4.7269
4.4668
4.5846
4.9049
4.5994
4.4911
4.4604
4.5096
4.5130
4.5318
4.6680
4.6054
4.5690
4.4694
4.4170
4.7154
4.5921
4.9327
4.9447
4.8179
5.0208
4.8219
4.6568
4.6791
4.7114
4.7915
4.8634
4.8856
5.0687
5.0641
4.4079
4.6871
4.7259
4.7521
4.6306
4.4350
4.8343
5.1402
4.8792
4.8781
4.9456
5.0737
4.9387
5.1359
5.0639
5.0670
5.3793
5.2591
5.1089
5.0203
4.8111
4.9551
4.8944
4.7026
4.5167
4.6723
4.6588
4.7531
4.7294
4.7920
4.7722
4.8332
4.7873
4.5720
4.9475
4.9327
4.8230
4.9521
4.8344
4.8281
4.6158
4.4382
4.5494
4.6536
4.7029
4.6927
4.7361
4.8200
4.8284
4.5834
4.2437
4.2828
4.3723
4.3721
4.2630
4.2565
4.2770
4.3069
4.4146
4.3387
4.4468
4.5402
4.2767
4.2550
4.6696
4.0107
4.2437
4.5339
4.4777
4.5997
4.5175
4.9333
4.6297
4.7955
4.4813
4.5618
4.5128
4.5015
4.4937
4.4795
4.6072
4.3149
4.7471
4.6637
4.4314
4.7181
4.8081
4.5806
5.0313
4.7693
4.7606
4.7575
4.7552
4.8836
4.7210
4.6798
4.6391
4.5823
4.5874
4.5327
4.5537
4.2688
4.4188
4.2879
4.6008
4.2794
4.5236
4.4648
4.5856
4.3710
4.2111
4.4081
4.3754
4.5767
4.3728
4.4841
4.2727
4.1821
4.4586
4.2402
4.2366
4.4780
4.1729
4.3986
4.1343
4.0499
3.9966
3.9488
4.1374
4.3465
4.4653
4.6861
4.3677
4.3241
4.4629
4.4081
4.5698
4.0050
4.0043
4.2889
4.2451
4.2394
4.3671
4.1885
4.2799
4.1139
4.1452
4.2447
4.0090
4.1418
4.0952
4.0780
4.1861
4.0054
3.8978
4.1919
4.3028
4.1995
4.1272
4.1416
4.2847
4.3404
4.2931
4.3422
4.3361
4.7611
4.4478
4.4125
4.4442
4.2328
4.4827
4.3616
4.1975
4.3594
4.1766
4.3168
4.3538
4.1196
4.0147
3.9420
3.8667
4.1032
3.9999
4.0421
4.1700
4.2664
4.4958
4.1102
4.2372
4.1338
4.0774
4.1178
4.0966
4.1305
4.0569
4.1572
4.1454
4.2112
4.1674
3.9379
3.9145
4.1459
3.9942
3.9003
3.7802
4.1315
3.9160
3.8534
4.0716
3.9969
4.0219
3.8357
3.8299
3.7648
3.8484
3.8311
3.8307
3.7749
3.8386
3.9452
3.8452
4.1231
3.9606
3.9310
4.1093
4.0201
4.0547
3.9324
4.0536
4.1995
4.0088
4.1524
4.2711
4.0688
3.9028
4.0160
3.8178
3.9575
4.0201
3.8948
4.1139
3.9776
3.8923
4.0600
4.0835
3.8864
4.0538
3.9004
3.9455
3.8483
3.9971
3.8731
3.9331
4.1235
3.9731
3.8532
3.9546
3.9059
3.9545
3.8637
3.7490
3.7859
3.9806
3.9603
4.1824
4.2452
4.2386
3.9256
3.9644
3.9009
3.8188
3.7295
3.7437
3.8139
3.9045
4.0623
4.0209
3.9040
3.8614
3.7863
3.9115
3.7292
3.6879
3.9895
3.9910
3.9971
3.9041
4.0877
4.0598
4.2824
4.2299
4.5773
4.1242
4.3787
4.0971
4.1011
4.3248
4.3089
4.3419
3.9320
4.0672
3.8871
4.1169
4.2348
4.0029
4.0491
4.1541
4.0429
3.8505
3.7507
4.2670
3.9654
3.9827
3.9406
3.8978
4.2713
4.1739
3.9949
3.9314
3.9304
4.0002
3.9207
3.8990
4.2183
4.2067
4.3142
3.9595
4.0331
4.0880
4.2706
4.2638
4.2961
4.3468
4.3248
4.2522
4.1377
4.2344
4.2757
4.2059
4.3012
4.4107
4.1669
4.0782
4.2532
4.2092
4.2129
4.2387
4.2939
4.1441
4.1205
4.1846
4.3734
4.4391
4.0980
4.1778
4.1890
4.0043
4.3362
4.5053
4.2467
4.3237
4.7609
4.4339
4.4133
4.3106
4.3641
4.7496
4.8546
4.9252
4.4901
4.5683
4.4163
4.2621
4.4875
4.4417
4.8039
4.5989
4.5954
4.3125
4.5546
4.2388
4.3138
4.5991
4.6552
4.6494
4.4957
4.3769
4.8581
4.6810
4.6433
4.7280
4.5584
4.5571
4.5519
4.5332
4.5362
4.4795
4.3673
4.4060
4.2736
4.2545
4.6534
4.5015
4.7484
4.7759
4.6926
4.1463
4.2620
4.4164
4.1885
4.3941
4.2344
4.4455
4.5317
4.3221
4.5453
4.4972
4.4780
4.6118
4.3644
4.2863
4.3429
4.4922
4.3409
4.5217
4.6818
4.4641
4.4305
4.2618
4.3658
4.4385
4.4091
4.3033
4.2069
4.3718
4.5045
4.3503
4.3378
4.5587
4.4275
4.6161
4.4173
4.3432
4.4606
4.4479
4.5356
4.5509
4.5262
4.4545
4.4638
4.5940
4.5664
4.4909
4.2913
4.2895
4.6212
4.5899
4.5408
4.5885
4.4621
4.5582
4.4862
4.3310
4.3159
4.4033
4.3968
4.3415
4.5197
4.5508
4.3842
4.2000
4.2830
4.3181
4.4206
4.1692
4.4989
4.3549
4.2799
4.3988
4.4482
4.3905
4.4510
4.6551
4.6225
4.5556
4.3350
4.3133
4.3371
4.5595
4.4945
4.6252
4.4845
4.3516
4.4189
4.8280
4.6910
4.5213
4.3783
4.8492
4.8545
4.6582
4.6660
4.2772
4.5131
4.5352
4.2965
4.5864
4.6809
4.6623
4.3336
4.7140
4.5069
4.3058
4.2702
4.3993
4.4774
4.6382
4.7223
4.7709
4.5580
4.4525
4.4121
4.4300
4.2960
4.2916
4.1488
4.2366
4.0252
4.3125
4.2549
4.2092
4.4749
4.4674
4.2623
4.3020
4.3700
4.2582
4.0618
4.0783
4.3804
4.1469
4.0919
4.2539
4.1588
4.1617
4.2076
4.1471
4.4481
4.6521
4.4952
4.3206
4.2687
4.4065
4.4619
4.5359
4.2857
4.3117
4.1941
4.4050
4.3779
4.3343
4.3989
4.3673
4.5098
4.3106
4.7044
4.3973
4.3477
4.2176
4.3954
4.3258
4.3181
4.2993
4.2137
4.4453
4.3729
4.3563
4.4114
4.3136
4.3076
4.3796
4.4837
4.2619
4.1393
4.1958
4.1831
4.3578
4.3734
4.0856
4.2259
4.2336
4.1656
4.4144
4.2856
4.1453
4.2799
4.4729
4.2015
4.0623
4.2392
4.1476
4.2283
4.1445
4.1683
4.2786
4.1780
4.2735
4.4001
4.1671
4.2101
4.4973
4.4621
4.3770
4.2745
4.1953
4.1424
4.2967
4.2761
4.2705
4.3189
4.1790
4.1446
4.0968
4.1428
4.2388
4.0577
4.2478
4.1784
4.2710
4.3222
4.0914
4.1567
4.1940
4.2852
4.3454
4.2106
4.3387
4.4856
4.5519
4.2532
4.1862
4.1972
4.1610
4.4689
4.4263
4.2316
4.5564
4.4372
4.3423
4.4925
4.3494
4.2544
4.2736
4.3833
4.2828
4.2661
4.1915
4.1985
4.2777
4.2816
4.3237
4.0741
4.2831
4.1654
4.1369
4.1101
4.2829
4.2150
4.3446
4.1968
4.0347
4.1573
4.1762
4.2611
4.2310
4.2120
4.2549
4.3259
4.2782
4.1662
4.1617
4.3763
4.0969
4.2875
4.2106
4.2121
4.2618
4.0643
4.0986
4.2612
4.2044
4.3246
4.2190
4.4439
4.3613
4.4473
4.2104
4.1677
4.3242
4.3002
4.1080
4.3969
4.3212
4.3737
4.4603
4.3705
4.1385
4.1957
4.3152
4.3412
4.1540
4.2133
4.2622
4.0515
4.0957
4.1616
4.1666
4.0646
4.2847
4.3383
4.1797
4.1798
4.2986
4.0973
4.1960
4.1537
4.3548
4.1177
4.3070
4.2147
4.1580
4.0973
4.1637
4.2107
4.0962
4.2148
4.2597
4.3038
4.2407
4.2919
4.1519
4.2475
4.2733
4.2923
4.2193
4.3005
4.2609
4.2541
4.1863
4.1075
4.1413
4.2204
4.1830
4.1408
4.0955
4.2693
4.0121
4.2766
4.1617
4.3530
4.4209
4.4779
4.5970
4.3768
4.3242
4.4216
4.5869
4.4989
4.2262
4.3647
4.3709
4.2713
4.3421
4.3072
4.0609
4.2735
4.1049
4.2110
4.0595
4.0085
4.1044
4.1268
4.1690
4.0616
4.0886
4.0624
4.0380
3.9516
3.9075
4.0375
4.0000
4.0712
3.9435
4.1673
3.7277
4.0930
3.9330
3.9809
4.1556
3.8918
4.1386
4.1304
3.9802
4.2063
4.0831
4.1132
4.1686
4.0779
4.1494
4.1684
4.0748
4.1090
4.2301
4.3591
4.1489
3.9665
4.1402
4.0690
3.9476
4.0133
4.1614
4.0142
3.9033
3.9831
4.0958
4.0345
3.9252
3.9989
4.0361
3.8691
4.1350
4.0994
4.2222
4.3356
4.1421
4.1226
4.1149
4.0556
4.2010
4.1579
4.2516
4.1714
4.1788
4.1953
4.1580
4.0701
4.1420
4.0484
4.0786
3.9625
3.8719
4.0653
4.2069
3.9766
3.9718
4.1005
4.0320
4.3596
4.4293
4.2642
4.2809
4.3408
4.3676
4.2628
4.1220
3.9648
4.2356
4.1738
4.1738
4.2317
4.1733
4.0776
4.2882
4.2057
4.3263
4.5608
4.2392
4.3718
4.2119
4.2024
4.0487
4.0648
4.1585
4.1962
4.1461
4.0313
4.2632
4.2816
4.2217
4.2726
4.1312
4.1209
4.2566
4.2996
4.3294
4.2616
4.0368
4.2704
4.1861
4.2693
4.4502
4.1309
4.2223
3.9789
4.1764
4.2150
4.1808
4.1410
4.1175
4.2928
4.2230
4.3467
4.3989
4.2704
4.2767
4.1306
4.1528
3.9941
4.0357
4.1368
4.2540
4.1521
4.3319
4.1353
4.2944
4.3551
4.1937
4.1150
4.3311
4.2886
4.1878
4.1014
4.0869
3.9001
3.9668
3.9898
4.1914
4.1444
4.1231
4.0911
4.3042
4.1160
4.3010
4.2350
4.2381
4.3282
4.4040
4.2698
4.2033
4.3279
4.3285
4.4315
4.3881
4.3615
4.3846
4.1233
4.1769
4.1623
4.3595
4.2196
4.2048
4.1208
4.3301
4.2467
4.1855
4.0628
4.1694
3.9491
4.0757
4.1114
4.1185
4.2364
4.2311
4.1460
4.0298
4.1409
4.2018
4.1368
4.3035
4.1627
4.0246
4.1077
4.1886
4.2834
4.3271
4.2863
4.0414
4.1374
4.3028
4.3228
4.2287
4.1620
4.2614
4.2116
4.1903
4.1899
4.2407
4.2888
4.1748
4.2073
4.3235
4.2333
4.1864
4.1877
4.1743
4.1288
4.2397
4.3087
4.1417
4.2964
4.0907
4.1740
4.1933
4.1211
4.4269
4.3095
4.1043
4.1415
3.9858
4.1281
4.1202
4.2939
4.2379
4.0840
4.1633
4.1659
4.3680
4.1828
4.1118
4.2755
4.2383
4.2087
4.2856
4.2219
4.3455
4.2021
4.2587
4.2700
4.3032
4.0888
4.2540
4.2058
4.3506
4.1465
4.0695
3.9693
4.0311
4.3185
4.1912
4.0998
4.0683
4.2305
4.4067
4.3465
4.1436
4.1977
4.1751
4.5154
4.0749
4.1406
4.1576
4.1357
4.2826
4.0197
4.2503
4.1774
4.0732
4.2086
4.1846
3.9839
4.3969
4.3292
4.1253
4.0692
4.2187
4.1599
4.4035
4.3544
4.4427
4.1353
4.3363
4.3591
4.3978
4.5169
4.5739
4.4611
4.2376
4.3667
4.3808
4.1080
4.3777
4.1652
4.2464
4.1877
4.1833
4.1774
4.1661
4.2338
4.3234
4.5067
4.1982
4.1044
4.0256
4.1634
4.1117
4.0726
4.0985
4.0150
4.0346
3.9797
4.0366
4.1770
4.0379
4.2899
4.2163
4.1433
3.8768
4.1648
4.0782
4.0149
4.2149
3.9657
3.8722
3.9507
3.9092
3.8863
4.0078
4.1690
3.9518
3.9582
3.9733
4.2292
4.0224
4.0446
4.1214
4.0251
4.0550
4.0130
3.7385
4.0271
4.2815
4.2625
3.9463
4.0767
4.3740
4.0692
4.1799
4.0021
4.1297
4.3582
4.3373
4.1378
4.1537
4.2172
4.2335
4.1475
4.1739
4.1847
3.9390
4.1979
4.1212
4.1518
4.1053
4.1233
4.0795
4.0587
4.2704
4.2657
4.1019
4.0502
4.0397
4.2338
4.1281
4.0550
4.2185
4.3046
4.3620
4.0381
4.0455
4.0941
3.9877
4.3904
4.2742
4.2783
4.1654
4.2181
4.2779
4.3502
4.0862
4.3192
4.3713
4.3376
4.2687
4.1104
4.2881
4.4694
4.1610
4.1077
4.1871
3.8992
4.1137
4.1983
4.0707
4.1403
4.0018
4.1350
4.0968
4.0873
4.0869
3.9738
4.0858
4.1551
4.1386
3.9928
3.8203
4.1341
4.1483
3.9156
3.9359
4.1483
3.9816
4.1315
4.1747
4.0674
4.1046
4.2042
4.1583
4.1086
4.0259
4.3721
4.1487
4.0297
4.1268
4.2862
4.1474
4.1098
3.9625
3.9950
3.9644
3.8218
3.9861
3.8244
4.0684
3.9661
4.0482
4.0593
3.8919
3.8916
3.7855
3.9257
4.0172
3.9457
3.9353
4.0400
4.3330
4.0750
4.2546
4.3528
4.0902
3.9849
4.0245
3.8862
3.8230
3.8025
4.1466
3.7381
3.7329
3.8267
3.8356
4.1046
3.8224
3.8773
3.9076
3.8888
3.8765
3.8720
4.0394
3.9601
3.9727
3.9368
3.9324
3.9061
3.9585
3.9618
3.9473
3.9178
4.2404
4.1703
4.0912
4.1721
3.9793
3.9753
3.8820
3.8812
4.1877
4.0199
3.9423
4.1371
4.0015
4.0538
3.8136
3.8590
4.1366
3.9956
3.9486
3.9231
4.0519
4.0758
4.2095
4.2476
4.1774
4.1932
4.0836
4.0790
3.8681
4.1054
4.1439
4.2693
4.2969
4.3752
4.1061
4.1478
4.1361
4.0701
4.1880
4.0173
4.0722
4.2783
4.0321
4.2534
4.1919
4.2636
4.1011
4.1669
4.2309
4.0253
4.3202
4.4371
4.3791
4.0573
4.6054
4.4429
4.3507
4.3596
4.3314
4.3260
4.4571
4.8121
4.6618
4.5941
4.3149
4.2766
4.0487
4.2704
4.2010
4.3199
4.3354
4.5870
4.3799
4.5563
4.6268
4.9125
4.8272
4.7313
4.6426
4.8753
4.5362
4.3271
4.2635
4.3637
4.4043
4.2729
3.9722
4.0742
4.1715
3.9840
3.9569
4.2258
4.3829
4.4636
4.1606
4.0661
4.2355
4.2268
4.5478
4.2646
4.4675
4.2738
4.3093
4.1565
4.1953
4.2845
4.2422
4.3397
4.5929
4.1568
4.0292
4.0535
4.1042
4.1290
4.1687
4.0322
4.1994
4.3959
4.0468
3.9693
4.1243
4.1149
4.0183
4.0836
4.0628
4.1880
3.9484
4.1050
4.0239
4.1299
4.1005
4.1783
4.1703
4.0874
3.8142
3.8991
4.0544
4.0209
3.8188
3.8538
4.1865
4.1889
4.1312
4.0857
3.9269
4.1239
4.0622
3.9416
4.0768
4.1675
4.1990
3.9492
4.1855
4.2497
4.0282
4.0716
3.9255
3.8966
3.8149
3.8076
3.6210
3.6356
3.7801
3.7541
3.9220
3.8071
3.8887
3.6104
3.8182
3.9228
3.9584
3.9444
4.1934
3.9483
3.9494
4.0330
4.0833
3.9891
4.2550
3.9281
3.8399
3.9466
4.2791
4.0528
4.2305
4.2980
4.0710
3.8153
4.0188
4.1840
4.0449
3.9293
3.8538
4.0346
4.0883
3.9757
3.8868
3.9767
4.0927
4.3088
3.9364
3.9979
4.0377
4.2505
4.2910
4.4866
4.2924
4.1849
4.3286
4.0128
4.1309
4.3594
4.1716
4.3169
4.4077
4.4214
4.0537
4.2473
4.0328
4.1943
4.0767
4.0250
4.2059
4.2104
4.2279
4.0016
4.0203
4.0388
4.1579
4.2845
4.3375
4.1757
4.1218
4.1289
4.3397
4.4306
3.9356
4.1272
4.1680
4.2096
4.1209
4.2324
3.8577
4.1113
4.2717
4.0346
4.1560
3.9570
4.2357
4.0968
4.1783
3.9335
4.0805
4.3270
4.3023
4.4096
4.0419
4.2031
4.4843
4.3247
4.2990
4.2430
4.2376
3.8693
3.9893
4.3072
4.1248
4.1690
4.1223
4.4097
4.2510
4.0054
3.8688
3.9069
4.0404
4.1024
4.0752
4.2007
4.4885
4.2744
4.0663
4.0288
4.1848
4.0122
4.0678
4.0102
4.1383
4.1144
3.8446
3.9082
3.9412
4.1912
3.9902
4.2127
4.4202
4.2112
4.0619
4.0924
4.1929
4.2225
4.5031
4.4375
4.2937
4.5539
4.3057
4.3739
4.5060
4.2313
4.2583
4.2897
4.2542
4.3488
4.5403
4.4540
4.4719
4.3376
4.3592
4.3407
4.4908
3.9297
3.9870
3.9223
3.9030
4.1579
3.9490
3.8291
3.9398
4.1356
4.0677
3.8990
4.0327
4.1186
3.9585
4.1889
4.3365
4.3230
4.4395
4.2682
4.2138
4.5490
4.4555
4.0894
4.0978
4.2852
4.5380
4.5989
4.6680
4.2317
4.2856
4.0570
4.2677
4.6541
4.6601
4.6213
4.6291
4.2984
4.6778
4.6367
4.5150
4.5245
4.4702
4.7594
4.8656
4.6486
4.5269
4.4393
4.5847
4.1839
4.1157
4.2162
4.0345
4.1946
4.1384
3.9825
4.1740
4.0296
4.1277
4.3919
4.1947
4.1194
4.2363
4.0675
4.2265
4.3910
4.0795
4.1126
4.4130
4.3151
4.4862
4.2100
4.1689
4.3164
4.5686
4.3192
4.5317
4.4045
4.3329
4.5275
4.1677
4.2263
4.4666
4.3086
4.4271
4.4006
4.3259
4.4723
4.6201
4.4505
4.5275
4.2850
4.3130
4.0993
4.1698
4.2154
3.9676
4.1568
4.5342
4.3172
4.0564
4.1950
4.0243
4.1307
4.1587
4.2367
4.3822
4.6956
4.6560
4.3384
4.5424
4.3729
4.3284
4.4072
4.0852
4.1621
4.0278
3.9822
4.0092
4.1511
4.0211
4.1619
3.9690
4.1355
4.1704
4.0186
4.0923
4.1713
4.0356
4.3271
4.3193
4.1238
4.3514
4.0364
4.2398
4.3788
4.2281
4.4253
4.3153
4.2944
4.4999
4.4089
4.2785
4.1945
4.2404
4.1027
4.1800
4.1991
4.1447
4.2579
4.1557
4.2668
4.3531
4.1098
4.0641
4.0603
3.9971
4.0621
4.0419
3.8559
4.0793
4.2705
4.5316
4.3855
4.5947
4.2433
4.1688
4.6416
4.3038
4.6327
4.5461
4.5039
4.4962
4.3160
4.2335
4.3705
3.9837
4.0595
4.1378
4.5198
4.1400
4.2830
4.3475
4.2191
4.1561
4.1621
4.2337
4.2633
4.1437
4.2160
4.4673
4.7150
4.3949
4.4784
4.5056
4.2506
4.1934
4.2396
4.2356
4.1826
4.4489
3.9159
4.1182
4.0014
4.1114
4.1741
4.2236
4.1472
4.1564
4.0866
4.0326
4.1670
4.1775
4.1555
4.2143
4.0971
3.9565
4.1245
4.3141
4.2897
4.0602
4.2804
4.2533
4.4825
4.3388
4.8084
4.2301
4.2970
4.3901
4.2443
4.3240
4.0397
4.2859
4.2904
4.1591
4.2979
4.3533
4.2592
4.2435
4.2798
4.2773
4.3547
4.3624
4.3297
4.4565
4.5942
4.4736
4.3963
4.3103
4.3838
4.6159
4.4925
4.1849
4.0123
4.0428
4.1062
4.0781
3.9782
4.1114
4.1005
4.2599
4.1550
4.1178
3.9984
4.1409
4.0536
4.2579
4.0997
4.1420
3.9605
4.0359
3.9531
3.9512
4.0018
3.8784
4.0977
3.8541
4.0317
4.0778
4.0293
3.9699
3.9074
4.0288
4.0632
4.0165
3.8749
4.2887
4.0110
4.0637
3.8992
3.9709
3.7962
3.9942
3.9894
4.2045
3.7676
4.0582
4.2616
4.4039
4.5624
4.6887
4.6534
4.7870
4.4999
4.3894
4.2859
4.5980
4.2933
4.4146
4.3456
4.5828
4.5936
4.6274
4.3987
4.7057
4.5243
4.3341
4.4777
4.4649
4.6179
4.2361
4.3762
4.4131
4.2905
4.2587
4.4477
4.5864
4.4948
4.5039
4.3549
4.4240
4.6129
4.4742
4.4661
4.6533
4.4838
4.4264
4.4117
4.5153
4.6470
4.5233
4.6016
4.3299
4.5439
4.6986
4.4817
4.9413
4.5717
4.5196
4.5632
4.5807
4.6333
4.5738
4.6251
4.6851
4.8558
4.4272
4.3179
4.1849
4.1727
4.1900
4.2561
4.2338
4.2527
4.5339
4.2227
4.3175
4.5304
4.2993
4.0436
4.1904
4.2510
4.3516
4.3056
4.5755
4.3758
4.4753
4.4076
4.3943
4.5962
4.7398
4.7884
4.4473
4.6106
4.4640
4.5427
4.4845
4.5450
4.6489
4.4296
4.4569
4.3847
4.4978
4.4832
4.4585
4.2974
4.4485
4.1873
4.2913
4.4716
4.6318
4.5452
4.4464
4.4834
4.1298
4.2042
4.1545
4.3369
4.6111
4.5069
4.4554
4.3550
4.3591
4.2743
4.2612
4.4727
4.1388
4.3152
4.5693
4.3054
4.2885
4.2469
4.6948
4.6100
4.4031
4.3416
4.4037
4.3335
4.3227
4.2468
4.4806
4.6434
4.6615
4.4770
4.5415
4.7848
4.5321
4.4467
4.5155
4.5324
4.4808
4.5205
4.5387
4.7828
4.6289
4.7194
4.7610
4.7878
4.5835
4.1947
4.2383
4.2790
4.4506
4.5041
4.3343
4.4245
4.5559
4.6926
4.6828
4.5423
4.5040
4.6678
4.5876
4.3780
4.6321
4.5813
4.3249
4.4907
4.5444
4.7284
4.5215
4.8060
4.9289
4.7157
4.5294
4.9961
5.1887
5.1166
4.7445
4.8014
4.3895
4.7146
4.6008
4.5877
4.3379
4.4233
4.3018
4.3779
4.4908
4.2703
4.3548
4.4050
4.2629
4.3361
4.4417
4.5852
4.0985
3.9142
4.2921
4.4375
4.2982
4.2398
4.5230
4.4447
4.1882
4.2032
4.2221
4.3763
4.1675
4.1605
4.1251
4.1799
4.1007
4.1964
4.3768
4.0375
3.9883
3.8762
3.9334
4.1182
4.2317
3.8972
4.0029
4.2340
4.1586
4.2870
4.3187
4.1535
4.0490
4.0687
3.9908
3.9762
3.8704
4.2374
4.2273
4.3199
4.3902
4.3838
4.3379
4.1614
4.5440
4.5034
4.2489
4.2289
4.1331
4.0769
4.5458
4.4472
4.0028
4.1628
4.1318
4.2536
4.1554
4.2829
4.6499
4.6209
4.4847
4.5896
4.4294
4.0529
4.4541
4.5076
4.5035
4.5251
4.5187
4.1954
4.3237
4.1968
4.0761
4.0368
4.0542
4.1070
3.8566
3.9870
4.0557
4.0421
4.0247
4.0610
3.9962
4.2053
4.0808
4.0313
4.1529
4.0634
4.0857
4.1759
4.3815
4.2185
4.2121
4.1761
4.2713
4.0697
4.1715
3.9943
4.2614
4.1892
4.1909
4.0508
4.0149
3.9903
4.0516
3.8590
3.8223
3.9426
3.9627
3.9965
3.7813
3.8570
4.0389
3.8247
3.9072
3.8568
4.0456
4.0590
4.0333
4.0820
4.0753
3.8751
4.1571
4.0347
3.9750
3.9919
4.1362
4.2588
4.1494
4.1956
4.0408
4.1253
4.5184
4.3170
4.3379
4.3094
4.0974
4.1533
4.0010
3.9454
4.2614
4.1313
4.3124
4.0824
4.1445
4.3818
4.1289
4.1988
4.0128
4.3062
4.1044
3.8055
3.9593
4.1104
3.9902
4.0307
4.0782
3.9262
3.9129
4.0105
4.0355
4.0787
4.0134
3.9133
3.8887
3.8612
3.9589
3.9930
4.1416
4.0063
4.1409
3.9235
3.8994
4.2918
4.0411
4.1135
3.9196
3.8134
3.9144
4.0629
3.8308
4.0004
4.0514
3.9958
4.0186
4.0869
4.0847
4.1740
4.2354
4.4222
4.0013
3.9955
4.0477
4.0623
4.1337
4.2037
4.0847
4.1130
3.9081
3.9647
3.8664
4.1279
4.2109
4.1533
3.9536
3.8551
3.9109
3.8162
3.9234
3.9952
3.9013
3.9190
3.9739
3.8904
3.8567
4.0282
4.0173
3.9796
3.9687
3.9715
4.1090
4.1168
3.9271
3.9870
3.7277
3.7113
3.8555
3.8991
3.7347
3.8667
3.7885
3.8785
3.9032
3.9084
3.7735
3.6980
3.9018
4.0168
3.8832
3.7511
3.7737
3.8099
3.8565
3.8775
3.7402
3.8741
3.7910
3.6544
3.6803
3.7696
3.8534
3.6776
3.8366
3.6837
3.8164
3.8857
3.7394
3.8695
3.8996
3.8879
3.7753
3.9371
3.8792
4.0469
4.0139
4.0348
3.8318
3.8742
3.6814
3.8373
3.8761
4.0098
3.8045
3.9685
3.9286
3.8488
4.0060
3.9774
3.9790
3.9150
3.9170
3.8185
3.8963
3.9435
3.9567
3.9884
4.0456
3.8858
4.0335
4.3037
4.0465
3.9924
4.2225
4.1902
3.8581
3.8833
3.7662
3.9896
3.9137
3.9056
4.1564
4.1012
4.0226
4.0483
4.0180
3.9390
3.9954
3.9621
4.1614
4.0208
4.0029
4.0001
3.9970
3.8856
3.7061
3.8243
3.9839
3.9705
3.7837
3.9678
3.9395
3.8526
3.9090
3.8938
3.9357
3.8718
4.0791
4.0711
4.2205
3.9689
4.0413
4.0508
3.8631
3.9092
3.8241
3.8758
3.8564
3.8121
3.7588
3.8120
3.9332
3.8993
3.7952
3.8962
3.8672
3.8774
3.8509
3.8306
3.8967
3.8621
3.8360
3.9806
3.7653
3.8516
4.0414
3.8497
3.9194
4.0007
3.8630
4.0260
4.0788
4.2316
3.9513
4.0909
4.0435
3.9477
3.9420
3.8780
4.0832
4.0208
4.0438
4.2726
3.9996
4.0804
3.9589
4.0529
4.0760
4.0646
3.9193
3.9961
3.9457
3.8713
3.9339
4.2006
3.8822
4.2119
3.9679
4.1467
4.2174
4.1877
4.4810
4.4080
4.1975
4.2793
4.2889
4.1070
4.2824
4.2535
4.3183
4.3055
4.1044
4.1594
4.1653
4.3520
4.2940
3.8567
3.8951
3.8687
4.0287
3.9367
4.0226
3.8135
3.9168
3.8683
3.9788
3.7656
3.8422
4.0584
3.8291
4.0564
4.0558
4.1372
3.8942
3.9740
3.9036
3.9258
3.8164
4.0164
3.8770
4.0421
3.7720
3.9569
3.8347
3.7275
3.7417
3.8037
3.7603
3.9214
3.8917
3.9351
3.8748
3.8654
3.8493
3.9745
3.8077
3.9332
3.8530
4.0088
4.0515
4.0917
3.9857
3.9926
3.8211
3.8133
3.7889
3.9414
3.8077
3.8794
3.8831
3.9061
3.8100
3.9170
3.8793
3.9035
3.8480
4.0195
3.9736
3.8421
3.8742
3.8713
4.0291
4.0465
3.9610
4.0122
3.9885
3.9302
4.0435
3.9498
3.9053
4.1396
3.9477
4.0563
3.9318
4.0676
3.9273
3.9754
3.9069
3.8387
3.9285
4.0551
4.1351
3.9436
3.8501
3.8919
3.7679
3.9979
4.0298
3.8438
3.9276
4.1087
4.0049
4.1466
3.8704
4.0713
4.0273
3.8546
4.0467
4.0391
4.0075
3.9764
4.0804
4.1067
4.1535
4.1646
4.1693
4.1749
4.2247
4.0597
4.3274
4.2743
4.1307
3.9745
4.0999
4.0580
4.0168
4.0246
4.0594
4.1689
4.2182
4.0365
4.1183
4.1746
4.0372
4.0533
4.0013
4.0231
4.0204
3.9584
4.1227
4.1858
4.0666
4.0658
4.1079
4.0740
4.1718
4.0682
4.1625
4.1002
4.0705
3.9261
4.1937
3.9295
3.8388
3.9721
3.9528
3.7980
3.9659
4.3958
4.1086
4.1895
4.1038
4.1361
4.2513
4.2684
4.0550
4.3135
4.1537
4.0092
4.2381
4.0494
3.9713
3.9617
4.0789
4.2227
4.1488
4.1238
4.2895
4.1501
4.3076
3.9745
3.9896
3.9086
4.0931
3.9503
4.1688
3.9802
4.1639
4.4952
4.3137
3.9568
4.1688
4.2486
4.0184
4.1335
3.8992
4.0965
3.9564
3.9287
3.7961
4.0083
3.9533
4.1351
4.3419
4.2545
4.0745
4.2414
4.1495
4.1652
4.1106
4.1513
4.1192
4.2595
4.0359
4.0520
4.1272
4.2220
4.0447
4.0318
4.1316
4.0861
4.0716
3.9699
4.1002
4.1627
4.0722
3.9680
3.9644
3.8764
3.9624
4.0981
3.8155
3.9649
4.0213
4.0947
4.1336
3.9085
4.0067
4.0167
4.0653
3.8866
4.0048
4.2209
3.9911
3.9349
3.6807
3.8719
3.8486
3.8058
3.7829
3.9138
3.9732
3.8579
3.9955
3.8881
3.9509
3.8953
4.0155
4.1168
4.0311
3.9589
4.2012
4.2296
4.2101
4.2048
4.1582
4.0630
3.8344
3.9247
3.9401
3.9096
3.9885
4.2164
4.0686
4.0109
3.9616
3.8942
4.2119
4.0823
4.0318
3.9700
4.0193
4.1290
3.8893
4.0450
4.2290
4.2210
4.1288
4.2933
4.3896
4.2137
4.1745
4.3252
4.2246
4.3805
4.2242
4.2121
4.3052
3.9565
3.9090
3.7778
3.7384
3.9249
3.9993
3.8243
3.7922
4.0714
3.8484
3.8609
3.7899
3.8138
4.0216
3.9392
3.9057
3.9665
3.7466
3.8333
3.9418
3.7991
3.8113
3.8147
3.8195
3.9476
3.7976
3.8997
3.9490
4.1171
3.9459
3.8035
3.9693
4.1485
4.1632
4.1745
4.2551
4.1738
4.1120
4.1523
4.1259
3.9476
4.0795
4.2256
3.8931
3.8728
3.9192
3.9673
4.0158
3.7991
3.8827
4.1134
3.9576
4.0656
4.0212
3.9308
4.1651
4.0727
4.0669
4.1836
4.2135
4.3855
4.3029
4.2600
4.1613
4.2807
4.4805
4.2719
4.3053
4.4176
4.3127
4.3213
4.3622
4.2788
4.2845
4.2257
4.1625
4.1397
4.1537
4.2474
4.3382
4.2087
4.3054
4.2640
4.3977
4.2219
4.1049
3.9553
4.1458
4.1736
4.0660
4.1023
4.3137
4.2864
4.1492
4.2488
4.2736
3.9999
4.1101
4.0878
4.2521
4.4471
4.2125
4.3459
4.1627
4.2261
4.1861
3.9588
3.9983
3.9310
3.9334
4.0951
4.0334
4.0311
4.0112
3.9823
4.0544
4.0104
4.0736
4.0514
4.1225
3.9674
4.1117
4.1266
4.0745
4.1860
4.1107
4.1264
4.1505
3.9830
4.2899
4.2398
4.0167
4.1603
4.0281
4.0604
3.9818
4.0864
3.9539
4.0029
3.9076
4.1239
3.9292
4.0289
4.1653
4.2002
4.0881
4.2640
3.9946
4.1100
4.1033
4.0552
4.1153
4.4661
4.2624
4.2148
4.3237
4.0637
4.0075
4.1173
4.2712
4.1803
4.0895
4.2804
4.1855
4.3584
4.1843
4.0801
4.1246
4.2466
4.1398
4.2602
4.1211
4.2095
4.2206
4.0842
4.2000
4.2348
4.1098
3.9277
4.1160
3.8261
3.9791
4.1045
4.0029
4.0691
4.0143
4.1363
4.0509
4.1113
3.8967
4.1222
3.9244
4.0526
3.8652
4.2127
4.0090
4.0845
4.0468
4.0705
3.9485
4.0640
4.0795
4.1026
3.8622
3.8754
3.9302
4.0187
3.9589
4.0524
3.9777
3.7827
3.8367
3.9404
3.9404
3.8744
3.9905
3.7467
3.9404
3.9407
4.1111
4.0265
3.9143
3.9777
3.7997
3.8983
3.7853
3.8449
3.9433
3.8404
4.0315
4.2163
4.0675
3.9545
4.0809
4.0085
4.1145
3.9369
3.9833
3.9947
3.9340
3.8395
3.9229
3.8936
3.9586
3.8707
4.0177
4.1250
4.1365
4.1099
4.0152
3.8043
3.8406
3.8724
3.9424
4.1519
3.9430
3.9332
4.0377
4.0231
4.0397
3.8889
3.8556
3.8122
3.9154
3.9137
3.8569
3.7170
3.9175
3.8908
3.8915
3.8966
4.1161
4.0542
4.0124
3.9026
4.0273
3.9052
3.8270
3.8669
3.9546
4.0574
4.0365
3.9554
3.8428
3.9578
4.0576
3.9191
3.9749
3.8777
3.9713
4.0941
4.0103
4.0166
4.0082
4.0924
4.0663
4.0113
4.1471
4.0272
4.1539
4.1720
4.0376
3.9981
3.9983
3.9974
3.8959
3.7924
4.0509
4.2034
3.8537
3.7727
3.8093
3.8083
3.8794
3.9208
3.9098
3.9414
3.9655
3.7522
3.9748
4.0261
3.8822
3.8704
4.1087
4.0033
4.2395
4.0352
4.0407
3.8514
3.9627
4.0390
3.9128
3.8585
3.7516
3.9233
3.7028
3.8779
3.9956
3.9371
3.9657
3.8945
3.8705
3.9224
3.8808
3.9243
3.9531
3.8853
4.1193
3.8507
3.9565
3.9790
4.0181
3.9483
4.0716
3.7594
3.8631
3.8466
3.8394
3.8517
3.8379
3.9697
3.9572
3.7681
3.7961
3.9206
3.9469
3.9223
4.0947
4.0023
3.8400
3.8388
3.9738
3.9291
3.8861
3.8976
3.9092
3.9091
3.8892
3.8542
4.0103
3.9208
3.9556
3.9323
3.7458
3.8092
3.7064
3.8362
3.9611
3.9130
3.9460
4.0866
3.9460
3.8334
4.0549
3.8829
3.7679
3.8477
3.9924
3.9681
4.0148
4.0991
4.2084
3.9112
4.0069
3.8927
4.0282
4.0284
3.9860
4.1636
3.8762
3.8579
4.0765
3.9988
4.0610
4.1045
4.1568
3.9462
4.1315
4.0333
4.0587
4.1596
4.0686
3.9376
4.0564
3.8586
4.0711
3.9991
4.1859
4.2318
4.1307
4.0592
4.0739
4.0863
4.1430
4.0964
4.0605
4.0675
4.0658
3.9013
4.1019
4.1478
3.9246
3.9050
3.9993
3.8888
4.0589
4.1775
4.1152
4.3318
4.1906
4.3788
4.4277
4.2830
4.3232
4.3280
4.3012
4.2845
4.3261
3.9992
4.1526
3.9587
4.1403
4.0349
4.1177
4.1040
3.9833
3.9546
4.1984
3.9488
4.1112
4.1880
4.2470
4.1545
3.9362
3.7639
4.1010
4.0008
4.0379
4.1287
4.1639
4.0592
3.9821
4.0012
4.0751
4.2093
4.2909
4.1378
4.3172
4.1906
4.1210
3.9151
4.1295
4.1608
3.9355
4.2151
3.9755
4.1595
3.8887
4.0519
3.9565
4.1979
3.8798
3.9404
3.9509
3.9164
4.0235
3.8545
3.8463
3.9579
3.8534
3.9383
4.0547
4.1483
4.2565
4.2359
4.3418
4.4383
4.2388
4.3166
4.1494
4.3174
4.3055
4.3259
4.6170
4.3095
4.4306
4.3796
4.1030
4.4587
4.1825
4.3433
4.8479
4.2193
4.3275
4.2731
4.2248
4.0872
4.2654
3.9568
4.1873
4.2084
4.2089
4.3232
4.1500
4.4585
4.1507
4.3993
4.1985
3.9268
4.1048
3.9187
3.9099
3.9473
4.1370
4.1173
4.0028
4.0104
4.0856
4.3511
4.0603
4.0644
4.1858
4.4073
4.1829
4.1816
4.1486
4.0548
4.1676
4.1425
4.0929
4.4032
4.3253
4.3392
4.2504
4.1166
4.4488
4.5367
4.5035
5.0240
4.5079
4.1511
4.2883
4.4274
4.5496
4.5376
4.5643
4.6878
4.6244
