4.4042
4.6421
4.5445
4.6723
4.6016
4.4723
4.6251
4.6362
4.3772
4.2901
4.2046
4.2543
4.5290
4.7325
4.4637
4.6389
4.5888
4.6082
4.7080
4.6789
4.6295
4.5651
4.6160
4.3184
4.3032
4.4217
4.2695
4.3108
4.2047
4.3232
4.2797
4.4667
4.5397
4.7096
4.6117
4.4833
4.4112
4.6165
4.3685
4.4621
4.3234
4.3437
4.5380
4.3703
4.3846
4.4017
4.3697
4.3019
4.3699
4.3031
4.3998
4.3836
4.3401
4.3523
4.3107
4.2107
4.1828
4.0423
4.0715
4.0742
4.0453
3.9877
4.2261
4.0099
4.0070
3.9702
4.1376
4.0001
4.1140
4.1922
4.1828
4.0553
4.0075
4.0297
3.9738
4.0624
4.0087
4.0084
4.0892
4.1408
3.9601
4.0614
4.0784
4.1276
4.0261
4.2428
4.0757
4.0490
4.1936
4.1244
4.0098
4.2507
4.2481
4.1006
4.1117
4.2805
4.1845
4.1290
4.1476
4.2174
4.1712
4.2103
4.1664
4.3129
4.2685
4.1291
4.0801
4.1308
4.0520
4.2583
4.0975
4.0724
4.2622
4.2308
4.3029
4.2242
4.1280
4.3570
4.0478
3.9299
4.0426
4.0657
3.9905
4.0878
4.0770
4.1169
4.1461
4.0046
4.0556
4.0349
4.0807
4.0768
3.9252
4.1172
4.0219
4.1186
4.0328
3.9955
4.0545
4.0235
4.0746
4.0654
4.1151
4.1877
4.0817
4.1490
4.1384
3.9373
4.0098
4.1803
4.2839
4.2995
4.1759
4.1360
4.1238
3.9930
4.1441
4.2070
4.0395
4.1585
4.3481
4.3613
4.3068
4.2005
4.2564
4.1125
4.1570
4.1340
4.1083
4.0816
4.3208
4.2929
4.4667
4.3494
4.4663
4.3701
4.3611
4.3135
4.3191
4.0946
4.2465
4.1723
4.0271
4.1789
3.9311
3.9920
4.0371
4.0404
3.9202
3.9403
4.0226
4.0014
3.9376
4.1739
4.1167
4.2520
4.1069
4.0647
4.1718
4.0316
3.8975
3.9532
3.8719
4.1104
4.0619
3.9389
4.0773
4.1045
4.1563
3.9522
3.9202
4.0581
4.2172
4.1908
4.0747
3.9462
3.9891
3.9796
4.1562
4.0958
4.0951
4.0271
4.0532
4.1919
4.1422
4.1541
4.1289
4.0862
4.0605
4.0980
4.1197
4.1311
4.1004
4.0531
4.0272
3.9697
4.1000
4.1492
4.0371
4.1428
4.0833
4.2173
4.0436
4.0283
4.2255
4.0378
4.1429
4.0804
4.1236
4.2734
4.2124
4.2202
4.3858
4.4084
4.3348
4.2922
4.3046
4.2515
4.2243
4.4339
4.1896
4.1439
4.3487
4.3662
4.3923
4.4918
4.4834
4.5288
4.4502
4.5465
4.4681
4.6258
4.5066
4.5554
4.4974
4.4249
4.3862
4.5713
4.5609
4.5624
4.5930
4.5071
4.6715
4.3907
4.2818
4.2824
4.4837
4.4714
4.3278
4.2968
4.4998
4.3262
4.6258
4.7814
4.4890
4.3779
4.5444
4.5259
4.5504
4.7504
4.6416
4.6271
4.6475
4.6626
4.4149
4.6110
4.6382
4.4851
4.4795
4.4872
4.4296
4.5217
4.6490
4.7012
4.3554
4.4715
4.3268
4.3311
4.1765
4.3809
4.3745
4.1918
4.2358
4.2436
4.6545
4.5782
4.6517
4.7711
4.7493
4.7818
4.8504
4.6339
4.6055
4.3584
4.3165
4.3786
4.6629
4.5177
4.6118
4.7525
4.6669
4.5577
4.3634
4.4175
4.3925
4.5066
4.4390
4.1882
4.5331
4.4733
4.3233
4.4961
4.3827
4.1432
4.2872
4.4087
4.3791
4.3346
4.3661
4.3327
4.5060
4.4758
4.6138
4.4624
4.3164
4.3128
4.4687
4.4230
4.3991
4.5119
4.5814
4.3676
4.3626
4.4897
4.4386
4.3298
4.5110
4.6460
4.5125
4.4068
4.4274
4.6009
4.6982
4.5923
4.5891
4.6038
4.4686
4.3846
4.6338
4.3475
4.3915
4.4795
4.4228
4.4187
4.6005
4.4027
4.4102
4.3692
4.4330
4.6618
4.6467
4.6145
4.8591
4.8019
4.6266
4.6923
4.5185
4.5057
4.6157
4.5254
4.4459
4.6478
4.4755
4.7500
4.6970
4.5604
4.5571
4.8604
4.9737
4.6711
4.8351
4.8460
4.5642
4.6895
4.7792
4.6213
4.6150
4.9521
4.7620
4.6896
4.8540
4.9024
4.9207
5.0196
4.9777
5.0628
4.7268
4.8627
4.8283
4.9756
5.0476
4.8347
4.8105
4.9084
4.8084
4.6772
4.6499
4.7252
4.6876
4.8059
4.8430
4.8582
4.9823
5.1222
4.8419
4.9777
4.7680
4.8526
4.9342
4.9181
4.9489
4.9657
4.7969
4.9057
5.0533
4.7000
4.7542
4.7922
5.1268
5.2212
5.0661
4.9493
4.6812
4.8535
4.7321
4.7927
4.7604
4.8392
4.9381
4.8004
5.0112
5.1974
4.8562
4.9478
5.0120
4.9098
4.9059
4.8134
4.8549
4.7932
4.8618
4.9069
4.9084
4.9561
5.0624
4.7450
4.6599
4.6801
4.9244
5.0169
4.8352
4.9448
4.7679
4.9323
5.0902
5.0867
5.1161
5.0598
5.2923
5.1704
5.0259
4.9158
4.8622
4.8350
4.8712
4.9642
4.8150
5.0796
4.6882
4.9148
5.0324
5.0798
5.3187
5.0616
4.8990
4.9078
4.8975
4.8404
4.7119
4.6084
4.8031
4.4609
4.4945
4.3120
4.2545
4.4532
4.5827
4.5976
4.5949
4.7542
4.7446
4.6781
4.6988
5.0357
4.5851
4.5945
4.8746
4.6876
4.8087
4.9899
4.7827
4.7667
4.8007
5.0469
4.9450
4.9439
4.8302
4.7262
4.8000
4.7500
4.6497
4.6614
4.7681
4.8263
4.7830
4.4885
4.5930
4.6426
4.5863
4.5510
4.5926
4.6389
4.5811
4.7579
4.7721
4.7690
4.9528
4.9320
4.9957
4.9710
4.7068
4.7530
4.8818
4.9339
4.9242
4.9240
5.0852
4.8119
4.9660
5.1107
5.1823
5.0328
5.1522
5.0262
4.9506
5.0767
5.2032
5.2924
5.4744
5.0874
5.0357
5.3754
5.0509
4.9214
5.0602
5.1001
4.7584
4.9665
4.9593
5.0545
5.0146
4.9869
5.0135
5.0512
5.0285
5.2468
5.1775
5.1923
5.0116
5.0803
5.1205
5.0212
4.7865
4.8082
4.7591
5.0588
4.8535
5.0403
4.9556
4.9609
4.7585
4.5943
4.8283
4.8853
4.6642
4.5944
4.6306
4.8746
4.6932
4.7683
4.6361
4.8059
4.7693
4.5324
4.6585
4.5921
4.5703
4.7593
4.7449
4.6101
4.5728
4.6715
4.6217
4.6711
4.6621
4.6583
4.7124
4.7388
4.6024
4.6138
4.6928
4.5133
4.5755
4.7270
4.6371
4.5647
4.7420
4.7842
4.7830
4.6269
4.4950
4.4473
4.3978
4.3530
4.5472
4.4370
4.4924
4.3758
4.5454
4.5192
4.7824
4.5093
4.5084
4.4504
4.5355
4.4065
4.5334
4.5695
4.4031
4.6332
4.7404
4.7146
4.5073
4.5505
4.7123
4.6308
4.6207
4.6723
4.3620
4.9830
4.8228
4.7343
4.8899
4.9094
4.9088
4.8116
4.7003
4.9701
4.8640
4.8724
5.0267
5.2678
5.1737
5.0487
4.8239
5.0887
5.0347
4.9107
4.8555
5.0761
5.1343
5.0232
5.0244
5.0446
5.0318
4.9874
5.1596
5.0727
5.0992
5.1056
5.1586
5.0662
5.3661
5.0835
5.4663
5.1933
5.2390
5.1423
5.0723
5.2171
5.1849
4.9413
4.7349
4.6279
4.8612
4.8542
4.7709
4.4560
4.5861
4.7111
4.7326
4.8164
4.8443
4.9353
4.9496
4.8175
4.8072
4.9014
4.9886
4.7247
4.6395
4.5427
4.7385
4.7858
5.0427
4.7773
5.0743
5.0140
4.9559
4.8815
4.9529
4.8529
4.9367
4.8896
4.8607
4.8800
4.9904
4.8527
4.8021
4.8512
5.4412
5.2045
5.2164
5.2252
5.1372
5.2093
5.2214
5.0003
5.1121
4.9198
5.1771
5.0901
4.9489
5.2600
5.2780
5.4486
5.2033
5.2455
5.2098
5.2106
5.1642
4.9944
4.8147
5.0233
4.8725
4.9554
5.0832
5.2531
5.0664
5.2318
5.1852
5.3032
5.3334
5.0260
4.7872
5.2226
5.0666
4.9441
5.2464
5.4035
5.2744
5.0937
4.8617
5.0894
5.2344
5.0159
5.0097
5.5987
5.7136
5.2876
4.9705
5.1115
5.2051
5.0076
5.0645
5.2656
5.2267
5.0498
5.0230
4.9612
5.1089
5.1856
5.3884
5.1647
5.1917
5.1990
5.2571
5.1889
5.3746
5.4410
5.3108
5.4610
5.4135
5.2241
5.2104
5.3552
5.3228
5.0947
5.1421
5.0942
5.0186
4.8915
4.9899
5.0161
4.9419
4.8387
4.7608
4.8744
4.8496
4.7658
4.7905
4.8683
4.8928
4.8354
4.9470
5.1072
4.8830
4.9950
4.8957
5.0070
5.0905
5.0781
4.8450
5.1303
5.0764
4.9343
4.8769
5.0438
4.8553
4.9295
4.9558
4.8790
4.9766
5.0630
4.8183
4.9655
5.1727
4.9690
4.7364
4.9070
5.0462
4.8055
4.8162
4.8546
4.8106
4.8328
4.9717
4.8075
4.8775
5.1320
5.0341
5.2862
5.3839
5.4345
5.1111
5.2488
5.2324
5.0803
5.2584
5.2817
5.2064
4.9974
5.1310
5.0080
5.0935
5.0279
5.0784
5.0330
5.3788
5.3192
5.3422
5.2722
5.0406
5.2061
5.2435
5.3007
5.5557
5.2079
5.2515
5.5339
5.3553
5.6181
5.4274
5.1338
5.0438
5.1164
5.1559
5.1207
5.2970
5.3139
5.2050
4.9661
4.8060
4.8553
4.8749
5.0675
5.0356
5.2043
5.4470
5.4902
5.4465
5.6874
5.5184
5.7225
5.2315
4.9551
5.0983
4.9686
5.4420
5.3725
5.2690
5.1234
5.0534
5.1413
5.3231
5.2355
5.1424
5.0931
5.0981
5.0644
5.1036
4.8330
5.1178
5.1498
5.2838
5.0193
5.1664
5.4542
5.1646
5.4053
5.2484
5.0092
5.1846
5.1874
5.3939
5.4347
5.1260
5.3800
5.3662
5.0224
5.3536
5.2602
4.9988
4.9630
5.0908
4.9696
5.3448
5.3433
5.0427
5.2333
4.7490
4.9119
4.9858
5.0253
4.8469
4.9501
5.1653
4.8310
4.9200
5.0115
4.9721
5.3083
5.1258
4.9699
4.6360
4.8386
4.8722
4.9039
5.1985
5.1634
5.1765
5.2516
5.1369
5.1417
5.1049
5.1982
5.0609
5.0254
5.1621
5.0805
5.0931
5.1145
5.1776
4.8601
5.1197
5.2155
5.1981
5.1461
5.1964
4.8559
5.0402
5.0845
5.0850
5.1314
5.0806
4.9758
5.0341
4.8108
4.9566
4.9048
4.9184
4.8814
5.0399
4.8616
4.7908
4.9556
4.7588
4.8613
4.7557
4.8542
4.9323
4.9459
5.0738
5.1560
4.8769
4.7740
5.0593
5.1376
5.3409
5.3097
5.3677
5.3296
5.3069
5.5037
5.6659
5.3970
5.6591
5.7252
5.8685
5.4909
5.4933
5.4989
5.2821
5.4609
5.2750
5.3411
4.9987
5.2037
4.9803
4.8132
5.0814
4.9132
5.1227
5.0582
5.2757
5.2415
5.4785
5.2088
5.1206
5.3673
5.1033
4.9443
5.0280
4.9931
5.0722
5.1569
5.1835
5.0619
4.9639
5.1354
5.0342
4.7335
4.8126
4.9162
5.2163
4.9016
5.0024
5.0059
5.0211
4.5837
4.9689
4.9301
4.9658
4.9657
5.2270
5.3300
5.2830
5.1683
5.2367
5.2262
5.0947
5.1403
4.8076
4.9171
5.1013
4.9553
4.9124
4.8689
5.2058
5.2315
4.9850
5.0943
5.0879
5.0373
5.0352
5.0138
4.9997
4.8683
5.0292
5.0595
4.9306
5.0220
4.8393
4.8486
4.7919
4.7928
4.9807
4.8253
4.9230
4.9497
4.6840
4.8239
5.0841
4.9178
5.0224
5.0409
5.3477
5.1864
5.3109
5.1205
5.2508
5.0768
4.8622
4.9541
4.9796
5.2171
5.0408
5.1379
5.2947
4.9817
5.1974
4.9892
5.0083
5.0436
4.7917
4.9615
4.9086
4.9842
4.7426
4.7301
4.8929
4.7272
4.7599
4.8382
4.8436
5.0145
4.8351
4.9528
5.2415
5.1394
4.8311
5.0396
4.9467
4.8005
4.7612
4.8727
5.0125
4.7858
4.7953
4.9743
4.8476
4.8585
4.7446
4.8468
4.8483
4.8343
4.7720
4.9289
4.7833
4.8188
4.5671
4.8989
4.5761
4.9547
4.9363
5.0933
5.1255
4.9119
5.0654
5.0166
4.9324
5.1382
5.1128
4.8448
4.7622
4.8513
4.9304
4.7907
5.0242
4.9939
4.7995
4.9479
4.9621
4.7700
4.7339
4.8168
4.8128
4.9318
4.7394
4.9270
4.8090
4.9370
5.0121
4.8887
5.1657
5.0288
5.0764
4.9893
4.9389
4.8688
4.8635
5.0968
5.0215
4.8624
4.7416
4.9086
4.7708
4.8440
4.8957
4.9586
4.9262
4.8149
4.9409
4.7038
4.6896
4.8854
4.8047
4.8574
4.8186
5.0923
5.2905
5.1208
5.0779
5.2611
5.2777
5.1554
4.9192
5.0009
4.9609
4.8336
4.8350
4.8736
4.8043
4.8429
4.6936
4.8463
4.7002
4.6686
4.6784
4.8142
4.8332
4.7670
5.0543
4.9931
4.8403
4.9940
4.8464
4.7520
4.6245
4.9586
4.6550
5.0642
5.0391
5.2553
5.2070
4.8691
4.9179
4.8089
4.8092
4.7728
5.0144
4.9326
4.8959
5.0146
4.9799
4.8367
4.9593
4.9378
5.0816
4.9884
5.1097
4.9131
5.0692
4.9862
5.0989
5.0468
4.9858
5.2384
5.0647
5.0054
4.9196
4.8091
4.8230
4.7664
4.8506
5.0349
5.2644
4.9254
5.0230
5.1219
5.0201
5.1844
5.2392
5.2178
5.0255
5.1084
4.9603
4.9369
4.7525
5.0588
4.9214
4.9867
5.0394
5.0891
5.0510
5.0257
4.9462
4.9681
4.9807
4.9261
4.9294
4.6535
4.7557
4.8396
4.9258
4.9360
5.0109
4.9375
4.7847
4.7507
4.9403
5.0556
5.0169
5.0234
4.9030
5.1587
4.9661
5.0958
5.1247
4.9240
5.0947
5.2017
5.1952
5.3816
5.1773
5.2926
5.2170
5.3791
5.2801
5.3670
4.9553
5.3305
5.0700
5.0105
4.9854
5.0351
5.0436
5.1148
5.0631
4.9105
5.0660
5.3528
5.2727
5.1133
5.0757
5.1499
5.0983
5.3357
5.1071
5.0411
5.0086
5.1017
5.2480
5.5292
5.3469
5.6720
5.3997
5.1107
5.0878
5.2437
5.0288
5.3227
5.3628
5.1896
5.1170
5.1363
5.4662
5.4667
5.3840
5.1122
5.2197
5.2001
5.0951
5.2664
5.2206
5.2652
5.3939
5.2988
5.4451
5.1442
5.4376
5.4323
5.3388
5.2299
5.2579
5.4432
5.4908
5.4247
5.2522
5.2319
5.2643
5.1818
5.1148
5.1818
5.2564
5.4317
5.2769
5.4681
5.5480
5.1576
5.1600
5.4846
5.3406
5.5665
5.5401
5.2786
5.1234
5.3108
5.3350
5.3617
5.1766
5.0160
5.1826
4.9913
5.0112
4.8452
5.0260
4.9111
4.7213
4.9200
4.9558
4.9085
5.1167
5.0262
4.9821
5.0556
5.1491
5.0630
5.0498
5.0864
5.0649
4.8219
4.8269
5.0148
5.0316
4.8210
4.8829
4.8150
5.0017
4.9597
4.9222
5.2360
4.9501
5.0760
5.1479
5.2387
5.0571
5.0366
4.9579
4.9835
5.0270
5.1898
4.9760
4.9708
5.1026
5.1157
5.1327
5.2151
5.0819
5.0776
5.2274
5.3758
5.4780
5.7744
5.6880
5.2801
5.0172
5.1553
5.3758
5.3128
5.4296
5.2384
5.2634
5.3431
5.1802
5.1800
5.1333
5.2640
5.2677
5.2046
5.1989
5.1374
5.1104
5.1127
5.1326
5.1486
5.0187
5.2953
5.2964
5.5011
5.3156
5.2744
5.3236
5.3645
5.5207
5.4184
5.2260
5.5205
5.7581
5.6236
5.5747
5.5689
5.7153
5.4526
5.4367
5.3305
5.3570
5.4350
5.3802
5.2847
5.1079
5.3872
5.0461
5.1880
4.8903
4.9988
5.1354
5.0186
4.9101
5.2220
5.5760
5.3490
5.4054
5.5305
5.2472
5.4102
5.2648
5.6248
5.1913
5.2424
5.2809
5.4949
5.2862
5.3465
5.2730
5.4559
5.1731
5.1715
5.3601
5.5682
5.4560
5.5284
5.3638
5.5485
5.2675
5.1581
5.4333
5.0858
5.1050
5.2492
5.3070
5.2942
5.4627
5.5292
5.7685
5.5728
5.5630
5.5280
5.6142
5.5201
5.4236
5.3831
5.2767
5.4227
5.5078
5.6625
5.7949
5.7613
5.8658
5.7885
5.8500
5.7300
5.8244
5.4543
5.5395
5.7101
5.5537
5.6211
5.4227
5.4979
5.5464
5.3629
5.4158
5.4565
5.2942
5.4420
5.2339
5.3575
5.3788
5.3008
5.8244
5.5765
5.3760
5.3192
5.3718
5.1947
5.2815
5.4444
5.2352
5.3396
5.2460
5.2976
5.2986
5.2880
5.3841
5.5327
5.2818
5.3184
5.5558
5.5827
5.6569
5.8602
5.8046
5.7195
5.6049
5.5154
5.2516
5.3661
5.3530
5.1343
5.5225
5.3666
5.1640
5.1389
5.1318
5.1446
5.2012
5.0273
5.2629
5.5133
5.4723
5.4460
5.3690
5.3951
5.3701
5.3365
5.4486
5.2032
5.6597
5.4825
5.5048
5.7163
5.3502
5.5200
5.6149
5.3726
5.2859
5.2577
5.4633
5.5376
5.2465
5.4590
5.0569
5.2837
5.4190
5.4000
5.3794
5.2727
5.1766
5.0424
4.9946
5.2693
5.3515
5.1675
5.2753
5.3564
5.1878
5.4570
5.5433
5.5848
5.3363
5.3792
5.4216
5.3247
5.3314
5.4676
5.5377
5.4786
5.5888
5.6019
5.4973
5.2826
5.6671
5.4611
5.4238
5.2964
5.6053
5.4672
5.6287
5.2069
5.3217
5.3463
5.4536
5.6523
5.7406
5.5954
5.5547
5.5498
5.6068
5.7001
5.7844
5.6633
5.4804
5.4788
5.5682
5.6550
5.8971
5.6482
5.2351
5.6560
5.6576
5.7123
5.7072
5.6499
5.6195
5.5547
5.6252
5.5830
5.4393
5.4611
5.4367
5.1973
5.5244
5.5999
5.3824
5.4778
5.4478
5.5621
5.6477
5.5523
5.7290
5.3867
5.5732
5.3976
5.4334
5.5030
5.5688
5.3594
5.3048
5.3227
5.4422
5.4554
5.4938
5.5763
5.5852
5.3980
5.4908
5.3338
5.6144
5.5484
5.4410
5.6932
5.4752
5.6286
5.4733
5.4268
5.7278
5.7858
5.7461
5.5156
5.5473
5.4681
5.7480
5.7230
5.5292
5.6820
5.6194
5.6259
5.5222
5.4011
5.5536
5.4339
5.5146
5.5030
5.6873
5.6279
5.8553
5.7549
6.0759
6.0106
5.8056
5.7647
5.5987
5.7142
6.1251
5.9775
6.0037
5.7312
5.8978
5.8684
5.9908
6.1339
5.8709
5.8858
6.1046
5.9041
5.9395
5.8087
5.8841
5.8114
5.9959
5.8884
5.7683
6.0747
5.9868
5.8291
5.7153
5.7728
5.7855
5.7640
5.9141
5.9429
5.8009
5.6885
5.6443
5.7771
6.0300
5.5322
5.6895
5.4634
5.5446
5.5839
5.4878
5.7358
5.6110
5.8014
5.5518
5.5232
5.3721
5.5641
5.2495
5.2060
5.2825
5.4645
5.3845
5.7103
5.7571
5.5680
5.6242
5.4092
5.6131
5.6398
5.6183
5.7469
5.6208
5.7618
5.7746
5.8202
5.6411
5.9289
5.8672
5.6351
5.5786
5.6112
5.8674
5.7710
5.8645
6.0083
5.6400
5.8472
5.7623
5.8415
5.8038
5.7348
5.9547
5.7267
5.8375
5.6473
5.9339
5.7553
5.7343
5.9284
5.9495
5.8341
5.8539
5.7689
5.7936
5.8941
5.9864
5.4593
5.6201
5.4886
5.6534
5.5742
5.9998
5.6355
5.3959
5.3943
5.8047
5.6945
5.5768
5.7749
5.6828
5.6402
5.6451
5.8002
5.4120
5.3251
5.4546
5.4850
5.4430
5.7238
5.4311
5.4134
5.5704
5.5266
5.6621
5.7436
5.8347
5.5425
5.4620
5.5201
5.3973
5.5841
5.5006
5.8366
5.4656
5.5633
5.5033
5.5075
5.4808
5.4935
5.4635
5.3868
5.4280
5.2440
5.5073
5.6923
5.2708
5.0820
5.4012
5.4173
5.6102
5.5623
5.4135
5.4189
5.4359
5.4179
5.2190
5.0867
5.3453
5.3498
5.3809
5.2780
5.3515
5.5387
5.7860
5.5416
5.3381
5.8147
5.7973
5.7566
5.7641
5.8706
5.8804
5.9928
5.9415
5.6298
5.9101
5.7941
5.7253
5.6834
5.6142
5.6803
5.7521
5.9734
6.0225
5.9618
5.9303
5.9504
6.1162
6.1443
5.9864
5.8014
6.1618
5.9920
6.0937
6.3093
6.0568
6.0622
5.8433
5.7531
5.8724
5.8296
5.9727
6.0077
5.8662
6.2186
5.9911
6.1145
6.1353
5.9650
6.1078
6.0824
6.2741
6.5362
6.2668
6.2130
6.0633
6.0055
6.1109
5.7612
5.8087
5.7261
5.7094
5.8115
5.7600
5.5642
6.0177
5.7071
5.7117
5.7946
6.0030
5.7876
5.8005
5.6837
6.2270
6.2500
6.1688
5.9311
6.0810
6.1185
6.1501
6.0266
6.2459
6.0463
6.1591
6.1732
6.2764
6.0492
5.9192
5.9376
5.7430
5.8354
5.9077
5.6561
5.8851
5.9159
5.8865
5.5706
5.7901
5.7230
5.6312
5.8518
5.7973
5.5138
5.7548
5.7874
5.8018
5.7344
5.5242
5.4195
5.6489
5.9918
5.7745
5.7765
5.7361
5.8837
6.0531
5.9497
5.9300
5.6556
5.5653
5.7812
5.6898
5.6108
5.5941
5.6479
5.7031
5.5160
5.6782
5.6788
5.6594
5.7867
5.5153
5.3936
5.4538
5.4019
5.4048
5.7011
5.6353
5.6480
5.5633
5.4447
5.4827
5.3492
5.3348
5.5976
5.8065
5.6273
5.6866
5.4858
5.4696
5.2514
5.3949
5.4704
5.4911
5.6541
5.5138
5.6784
5.9242
5.4838
5.4897
5.5171
5.2795
5.5803
5.7474
5.8140
5.6008
5.8323
5.6488
5.4067
5.6891
5.6573
5.7558
5.8487
6.0887
5.7620
5.6463
6.0765
5.7916
6.0984
5.7151
5.6936
5.7658
5.6848
5.6228
5.5922
5.7335
5.7628
5.9762
5.8609
5.5012
5.4716
5.4727
5.6185
5.4746
5.3607
5.4189
5.1860
5.3349
5.4820
5.3355
5.2674
5.4400
5.4343
5.3053
5.0187
5.2681
4.8743
5.0104
4.9059
4.7332
4.9489
5.0271
5.0981
5.0713
5.1452
5.1632
4.8756
5.0319
5.0469
4.9926
5.0921
5.0906
5.3344
5.0810
5.1789
5.2817
5.3901
5.4264
5.4833
5.2744
5.3132
5.2143
5.1424
5.2260
5.2074
5.0518
5.0932
5.1033
4.8939
4.9930
5.1496
4.9551
4.7664
4.6746
4.7088
4.8820
4.8140
5.2113
5.0405
5.0727
5.1293
5.2188
5.1112
4.9880
5.0784
5.0470
5.0922
4.9085
5.1200
4.8004
4.7666
4.8710
4.7930
4.6222
4.7571
4.7007
4.8637
4.8946
5.0431
4.8754
4.7507
4.7324
4.8993
5.0327
4.9990
4.9304
5.2201
5.0166
4.9849
4.8629
4.8725
4.9519
5.0787
4.8281
4.7479
4.9064
4.8839
4.8882
5.4329
5.3017
5.1385
5.0751
4.9047
4.9070
5.0231
5.1288
4.8034
4.9964
5.0458
4.8147
4.8226
4.9970
5.0759
5.4215
5.1819
5.0229
4.8319
4.9776
5.0226
4.9785
4.8987
4.8693
4.7845
5.0829
4.7805
4.7722
4.8430
4.5376
4.6688
4.5385
4.5047
4.5508
4.6769
4.7019
4.6170
4.9242
4.7139
4.9462
4.9525
4.8917
4.6601
4.8030
4.8128
5.0333
4.8553
4.8978
4.7484
4.9194
4.7251
4.7465
4.6572
4.8668
4.8387
4.7759
4.8521
4.6968
4.9197
5.0897
5.1498
5.0853
4.9901
5.2193
5.1693
5.1514
5.2560
5.1263
5.2423
5.0127
5.0106
4.9058
4.8129
4.8547
4.7598
4.8768
5.0072
4.9242
4.9383
4.7579
4.7573
4.8109
4.9052
4.8661
4.9624
4.9465
5.0419
4.9650
5.0011
4.9115
5.1847
5.1715
5.1687
5.0328
4.9903
4.9857
5.0366
4.9582
4.6385
5.0666
4.8490
4.8974
4.9494
4.9078
4.7489
4.9373
4.8217
4.6752
4.8633
4.9008
4.5570
4.6890
4.7785
4.6942
4.5080
4.8047
4.5267
4.5289
4.6993
4.7710
4.7847
4.7348
4.8431
4.7822
4.9411
5.0096
4.9456
4.8306
4.7706
4.6862
4.8827
4.8186
4.7182
4.8557
4.8386
5.0204
4.9233
4.8377
4.9246
4.9049
5.0344
4.9847
5.0415
5.0379
4.8854
5.1317
5.0035
4.9608
5.0112
5.0726
4.9671
4.9902
5.0932
4.9828
5.0303
5.0414
5.0607
5.0710
4.8552
5.1032
4.9279
5.0211
4.8825
4.6884
4.8427
4.7189
4.9283
4.8765
4.9573
4.7706
4.8822
5.0266
5.0141
4.9785
5.0257
4.9914
4.9502
4.8901
4.9911
4.9823
5.0065
5.1588
4.9290
5.0578
4.8325
4.7900
4.7558
4.9615
4.6606
4.8205
4.8592
5.0466
4.9240
4.8412
4.7839
4.7331
4.8605
4.8784
4.9321
4.9490
5.1095
5.0520
5.0679
4.9689
4.9381
5.0375
5.0411
5.0078
4.9122
4.8275
4.7338
4.8397
4.9317
5.1709
4.9932
4.8069
4.8422
4.9274
4.7748
4.8459
4.7410
4.6919
4.7083
4.5884
4.6909
4.9700
4.6922
4.7469
4.6439
4.6462
4.7467
5.0078
4.9602
5.1088
5.0368
4.9334
4.9534
4.7535
4.8622
4.8022
5.0233
5.0145
4.8979
5.0664
4.7533
4.8481
5.0061
4.9280
4.7530
4.8140
4.9018
4.7154
4.7056
4.7616
4.8067
4.8356
4.8283
4.7254
4.7000
4.7508
4.7716
4.6535
4.7780
4.7082
4.8842
4.9357
5.0933
4.9704
4.9570
5.0322
4.9661
4.8666
4.7639
4.8349
4.9263
4.8839
4.8031
4.8619
4.9109
5.0374
5.0916
4.9159
4.8925
4.7845
4.9351
5.0836
4.9830
5.0653
5.2652
4.9763
4.9657
5.0107
4.7699
4.8888
4.8416
4.8618
4.9947
4.7242
4.7691
4.7218
4.8288
4.7855
4.6509
4.8247
4.8661
4.5555
4.7119
4.7767
4.7308
4.7274
4.7001
4.9463
4.6445
4.6689
4.7473
4.6751
4.7845
4.7569
4.7651
4.7672
4.6380
4.7012
4.6110
4.8393
4.8899
4.6956
4.6618
4.8725
5.0077
4.9269
4.7873
4.7560
4.6865
4.7615
4.7210
4.8734
4.7656
4.8440
4.8734
4.9043
4.8957
4.8059
4.7425
4.6263
4.8141
4.7064
4.6561
4.6403
4.7441
4.7103
4.7585
4.6380
4.5972
4.6622
4.9065
4.7822
4.8360
4.7407
4.7547
4.6927
4.8279
4.7649
4.7725
4.6992
4.6992
4.5939
4.7119
4.8484
4.7412
4.5320
4.6654
4.6621
4.9143
4.8932
4.7588
4.8590
4.9536
4.9369
4.8097
4.9084
4.6384
4.5811
4.6445
4.8182
4.7257
4.8576
5.0343
4.7271
4.7579
5.0559
4.8611
4.9818
4.9683
4.7921
4.9580
5.0588
4.8463
4.6261
4.8713
5.0494
5.0672
4.8675
4.9286
4.9757
4.8589
4.8970
4.9391
5.0149
4.9251
4.9631
4.8070
4.5539
5.0864
4.6157
4.7320
4.6760
4.6715
4.8328
4.6852
4.8836
4.9399
5.0169
5.0446
4.9824
5.0489
4.9993
4.9692
4.8017
4.9639
4.8510
4.8789
4.9864
5.0493
5.3662
4.8865
4.8279
5.1517
5.1223
4.9153
4.7753
4.8498
4.9397
4.7031
4.4853
4.7043
4.8465
4.8800
5.1349
4.9101
5.0321
5.1073
5.0468
4.9896
4.8738
4.9305
4.8501
4.9239
4.9445
4.7465
4.8497
4.8769
5.2328
5.1316
5.0855
4.7683
5.0758
5.0912
5.1912
5.3075
5.1596
5.0359
5.0481
5.0619
5.0553
4.9876
4.7658
5.1771
5.0649
4.9548
4.8665
4.8530
5.0174
4.8635
5.0992
4.8303
4.9884
4.8108
4.9874
4.8950
4.9603
4.9940
4.8820
5.2369
5.1540
5.2482
5.5116
5.5182
5.2951
5.3960
5.2840
5.1121
5.2783
5.4835
5.2845
5.1528
5.0850
4.9805
5.1438
5.2364
5.2229
5.3796
5.1189
5.2922
5.4734
5.4397
5.2145
4.9477
5.2008
5.1570
5.2670
5.0543
5.1178
5.0203
5.1600
4.9763
4.9844
5.1986
5.0045
5.0936
5.1226
5.0206
5.1185
5.1527
5.0739
5.4715
5.0009
5.0635
5.1326
5.2939
5.4205
4.9180
4.9279
4.9496
4.9990
5.0557
4.8146
5.1211
5.0393
5.1729
5.1083
4.9695
5.1757
5.1906
5.3611
5.4917
5.3551
5.1685
4.9206
5.1629
5.1505
5.1848
5.2482
5.3119
5.0556
5.2447
4.9356
5.3983
5.2213
5.1202
4.9281
5.0577
4.9346
5.0501
5.3110
5.3256
5.2616
5.1444
5.1464
5.1069
4.9542
5.0077
4.9577
5.2290
5.1366
5.0714
5.1261
5.2415
5.3774
4.9506
5.0465
5.1705
5.0696
5.0035
4.8481
4.8428
4.9168
4.9268
4.8224
4.9024
5.0347
5.2486
5.2230
5.2762
5.1703
5.2094
4.9646
5.2436
4.9959
5.0530
5.1319
5.2239
5.0638
5.2362
5.2891
5.2682
5.2160
5.2143
5.0153
5.0643
5.2040
4.8589
4.7397
4.6429
4.7851
4.6489
4.7751
4.6634
4.7648
4.7590
4.7771
4.6108
4.7667
4.8541
4.8463
4.7114
4.6741
4.6741
4.8182
4.8083
4.5823
4.9179
4.7815
4.8645
4.7637
4.8774
4.6839
4.9506
4.7438
4.8620
4.9517
5.0751
4.8542
4.7654
4.9882
4.8665
4.8503
4.9698
4.8315
4.6825
4.7652
5.0150
4.8530
4.6837
4.8545
4.8446
4.9046
4.9500
4.9997
5.1176
4.9214
4.8298
4.8296
4.7987
4.8520
5.1376
4.7977
4.8140
4.9630
4.9764
4.8877
5.1309
4.9415
4.9145
4.8571
4.9908
5.0097
5.0260
4.9759
5.1153
5.0020
5.2125
4.9552
4.9331
4.9199
4.9972
4.8638
5.0781
5.0559
5.2129
5.0894
5.1522
5.2789
5.0993
4.8996
5.2187
5.0131
5.1913
4.9169
5.0364
4.9523
5.0236
4.8971
4.8983
5.0322
5.0990
4.9394
5.0870
5.0263
5.0644
5.0223
5.1659
5.3435
4.9747
5.3401
5.1906
4.9011
4.8837
5.1633
5.1650
4.9926
5.0462
5.1549
5.1056
4.9584
4.8828
5.0741
5.5122
5.2801
5.1559
5.3243
5.1263
4.9503
5.0037
4.9180
5.0233
5.2606
5.3514
5.3039
5.1704
5.1743
5.3021
5.4688
5.3069
5.3404
5.4207
5.2075
5.2058
5.3389
5.1506
5.2454
5.1695
5.0382
5.1770
5.1281
5.1044
5.1987
5.1978
5.2487
5.5256
5.3740
5.4667
5.2161
5.2064
5.1836
5.2989
5.2252
5.0550
5.1001
5.0164
5.0925
5.0277
4.9400
5.1792
5.5136
5.3235
5.1739
5.0147
5.0976
4.9005
5.0895
5.0353
5.0237
5.0374
5.2582
5.2351
5.1267
5.1130
5.3202
5.1703
5.1286
5.3054
5.2875
5.2369
5.4688
5.3327
5.3681
5.3055
5.2850
5.4076
5.2073
5.3195
5.0728
5.2961
4.8797
4.9921
5.0218
5.0563
5.1024
5.3354
5.5631
5.3216
5.2966
5.5238
4.9134
4.7218
4.9129
4.9968
5.0803
5.4088
5.2368
5.0819
5.1024
5.1602
5.1883
5.1020
4.8659
5.1181
4.9952
5.0415
5.1857
4.8972
5.0771
5.0591
5.1677
4.9124
5.1053
5.2110
5.0433
5.2034
4.9557
5.0032
5.0621
5.3063
4.9089
5.1544
5.1340
4.8661
4.7304
4.7957
4.8752
4.7800
4.8434
4.6147
4.7992
4.7890
4.7336
5.1990
4.9907
5.0250
5.0244
5.0886
5.0681
4.9171
5.1628
4.9871
5.0898
4.7947
5.0254
5.0127
5.4460
5.2278
5.2376
5.1298
5.0072
5.0700
4.8852
5.0091
4.9569
4.9677
5.0792
5.2793
5.2493
5.0949
5.0409
5.1286
4.9033
5.1651
5.2022
5.2643
5.2283
5.2385
5.3753
5.3742
5.3925
5.4072
5.6769
5.5001
5.3727
5.2980
5.3181
4.9339
4.9906
5.1156
4.9899
5.3400
5.3508
5.1470
5.2208
5.3829
5.3977
5.1895
5.1516
4.9127
5.0656
4.7284
4.9490
5.2109
5.1464
4.8114
4.8768
4.9010
4.6719
4.7160
4.8024
4.6415
4.7775
4.7340
4.8854
4.8787
5.0691
4.8340
4.9214
5.0969
4.8940
4.8256
4.8239
4.6794
4.8441
4.9277
4.8699
5.0671
4.9088
5.3170
4.8382
4.9541
4.9490
4.8336
4.9163
4.8024
4.8820
4.8471
4.7930
4.8457
4.6555
4.6885
5.2142
5.0463
5.0790
5.0953
5.2874
5.2147
5.1962
5.3353
5.0493
5.0629
5.2872
5.1546
4.8882
4.8938
5.0354
5.2541
5.2343
5.3044
5.2140
4.9748
5.2675
5.0472
5.0623
5.1278
5.2792
5.1885
5.1323
5.5070
5.3475
4.9359
5.1819
5.2955
5.3118
5.2727
5.2044
5.1738
5.2563
5.3047
4.9394
4.8096
4.9376
5.0569
5.1971
5.1235
5.4088
5.3920
5.4396
5.3382
5.1008
5.4142
5.0857
4.9179
5.2309
5.0038
4.9580
5.1973
5.1151
5.1742
5.2925
5.2747
5.0884
5.2794
5.2865
5.5224
5.5213
5.2365
5.2193
5.1150
5.0991
5.1771
4.8925
4.8393
4.9584
4.8278
5.3614
5.2406
5.4108
5.3052
5.4114
5.3809
5.2723
4.9939
5.1380
5.1033
4.9868
5.1110
4.8450
5.1940
5.2422
4.9999
4.9972
5.0516
5.2769
5.2527
5.2307
5.1381
5.0706
4.9951
4.9484
4.5602
4.8361
4.7342
4.7470
4.9518
5.0138
5.0513
5.3316
5.2736
5.4799
5.1570
5.0651
5.2031
5.1272
5.1312
5.0703
5.1835
5.1024
5.4174
5.1850
5.0806
5.3533
5.3286
5.4334
5.2895
5.3153
5.2087
5.2496
5.1683
5.4580
5.4156
5.2845
5.1209
4.9582
5.1913
5.1846
5.3357
5.4432
5.1477
5.4641
5.6196
5.1616
5.1396
5.2283
5.2415
5.2448
5.2408
4.9806
5.2406
5.1768
5.1196
5.1937
5.3491
5.1094
5.0839
5.1390
5.2471
4.9696
4.9961
5.0259
5.2454
5.2723
5.2641
5.3328
5.3482
5.2289
5.1473
5.0274
4.9506
5.2556
5.2603
5.1728
5.0391
5.0772
5.1496
5.3823
5.1866
5.3130
5.2012
5.1254
4.9914
4.8230
5.0093
5.1004
5.0929
5.1999
5.3007
5.1759
5.3645
5.2807
5.2468
5.3948
5.4319
5.5312
5.4924
5.1881
5.0542
5.3270
5.6190
5.6960
5.6775
5.6685
5.5989
5.5075
5.5728
5.6076
5.2186
5.4477
5.4775
5.3972
5.3560
5.3953
5.0867
5.1958
5.1143
5.1328
4.9650
5.1133
5.3137
5.6593
5.5708
5.4366
5.3289
5.6799
5.2858
5.2615
5.4069
5.1125
5.2714
5.3400
5.4467
5.4057
5.2611
5.3590
5.2354
5.1131
5.2056
5.2372
5.2005
5.1604
5.3921
5.3597
5.4924
5.5180
5.4524
5.0660
5.2081
5.2012
5.1232
5.2799
5.2999
5.1127
5.1762
5.1951
5.1096
5.5234
5.4422
5.2455
5.4503
5.3765
5.2024
5.1869
5.2613
5.2091
5.1501
5.1736
5.2220
5.0147
4.9437
4.9334
5.1073
5.2276
5.3475
5.1516
5.2437
5.2533
5.1961
5.3971
5.3844
5.1027
5.2200
5.3029
5.4736
5.4763
5.4515
5.4828
5.3712
5.3818
5.3696
5.1212
5.0491
5.0936
5.4823
5.3120
5.0580
5.2308
5.1755
5.1768
4.9426
4.9434
5.0279
5.0268
5.0743
5.1920
5.1130
5.1137
5.1182
5.2780
5.2180
5.0577
5.2204
5.0205
5.1403
5.0427
4.7755
4.7732
5.2094
5.1445
5.1844
5.1379
4.8859
4.9316
4.9018
5.1770
5.2266
5.1596
5.4614
5.1124
5.3909
5.1691
5.1309
5.0437
5.4045
5.0725
5.2311
5.3878
5.2590
5.0313
5.0041
5.1901
5.1446
5.1903
5.1073
5.1943
5.5000
5.3402
5.2589
5.2601
5.3523
5.2059
5.3541
5.1982
5.2188
5.3085
5.2887
5.0511
5.1599
5.1596
5.1452
4.9739
4.9398
4.9044
4.7677
4.6860
4.7973
4.8952
4.9958
4.9946
4.8217
4.9913
4.9801
5.1323
4.8922
5.0468
5.0934
5.2615
4.9865
5.3596
5.0799
5.0690
5.2159
4.9084
5.1522
5.0110
5.2923
5.3005
5.2347
5.2047
5.2378
5.4672
5.2200
5.2286
5.1843
5.1987
5.2382
5.0840
5.1214
5.1387
5.2769
4.9286
4.8173
4.9880
4.8792
5.0677
4.9542
4.8606
5.0025
4.9910
4.8462
5.2345
4.7559
4.9182
4.8188
5.1972
5.4062
5.3158
5.2256
5.0889
5.2525
5.4004
5.1019
5.1725
5.3627
5.2176
5.2300
5.1969
5.1863
5.1671
5.2346
5.2609
5.2351
5.1454
5.3009
5.2725
5.1759
5.2932
5.0726
5.2413
5.2791
5.2761
4.9383
4.9880
4.8565
4.8202
4.7661
4.9245
4.8551
5.1332
5.3418
5.4316
5.4974
5.1988
5.2789
5.1518
5.0406
5.0587
5.1159
5.0015
5.2623
4.9878
4.8632
4.9042
5.2008
5.2644
5.3094
5.6758
5.4655
5.5205
5.7106
5.6350
5.2908
5.2152
5.3344
5.3492
5.2042
5.0256
5.1106
5.2578
5.0580
5.2530
5.3417
5.2107
5.0519
5.1541
5.1246
5.4483
5.2772
5.3020
5.1925
5.1952
5.1164
5.3816
5.0967
5.1637
5.2250
5.0661
5.2326
5.2537
5.3061
5.2515
5.0087
5.2199
5.3620
5.3308
4.9463
5.1672
5.1923
5.4171
5.2538
5.2970
5.5056
5.2636
5.4811
5.3704
5.3085
5.2680
5.1134
5.3525
5.2056
5.2825
5.1954
4.9374
5.2656
5.4383
5.6759
5.4329
5.5990
5.4313
5.3621
5.8289
5.3684
5.6134
5.5372
5.6565
5.7111
5.4485
5.6167
5.3146
5.5087
5.4258
5.2931
5.4458
5.3606
5.5414
5.7989
5.3611
5.4272
5.3590
5.5392
5.3770
5.1446
5.5325
5.4361
5.3659
5.2773
5.3173
5.3250
5.5686
5.5897
5.7438
5.8461
5.6393
5.7082
5.4166
5.3764
5.6182
5.5778
5.7169
5.5739
5.7794
5.5316
5.5363
5.3955
5.2848
5.3959
5.0932
5.3224
5.2189
5.3864
5.4735
5.3980
5.3347
5.1682
5.3418
5.3040
5.4300
5.3152
5.4022
5.3839
5.2423
5.5426
5.5944
5.7488
5.6776
5.4971
5.2950
5.6325
5.5100
5.5626
5.2881
5.2256
5.4672
5.4210
5.4898
5.6933
5.4332
5.6509
5.5564
5.3518
5.2108
5.3582
5.4689
5.2575
5.3488
5.4353
5.3448
5.3425
5.1781
5.3654
5.3831
5.3479
5.4807
5.4608
5.2362
5.3251
5.5013
5.4698
5.4064
5.6926
5.7125
5.8034
5.6129
5.6686
5.6371
5.7660
5.4940
5.5010
5.4188
5.2162
5.3587
5.2204
5.5654
5.4330
5.2838
5.4295
5.2418
5.3874
5.0599
5.3041
5.3247
5.5452
5.6507
5.4406
5.3105
5.4619
5.3594
5.3770
5.5129
5.5933
5.6889
5.4263
5.4364
5.4091
5.2457
5.1697
5.2980
5.3496
5.1673
5.3622
5.4293
5.4131
5.6162
5.3743
5.2862
5.2897
5.2670
5.4015
5.2870
5.1270
5.3120
5.3419
5.2377
5.0456
5.3915
5.2466
5.3039
5.0937
5.0506
5.2059
5.2625
5.2103
5.1929
5.2836
5.1176
5.1283
5.2873
5.1883
5.1074
5.2803
5.1384
4.8682
4.9921
4.9793
5.1721
5.1874
5.1264
4.9895
4.9074
4.7594
4.8486
4.8405
5.2074
4.9584
4.9831
5.0378
5.2242
5.1359
5.0831
5.1826
4.8075
4.9992
4.7999
4.9264
5.1391
4.8896
5.0098
5.1609
5.3423
5.3610
5.3839
5.3064
5.3385
4.9682
5.3988
5.1166
5.2026
5.3858
5.2256
5.1266
5.4199
5.3524
5.3412
5.3084
5.2654
5.2068
5.4686
5.5160
5.4850
5.4382
5.6051
5.5399
5.4578
5.3228
5.4033
5.7053
5.7908
5.8114
5.8341
5.5470
5.6771
5.4857
5.5113
5.6418
5.4323
5.4003
5.3867
5.4529
5.2436
5.1161
5.0323
5.1445
5.2293
5.3803
5.2677
5.3588
5.0727
5.2997
5.4229
5.3290
5.3322
5.1437
5.0829
5.0257
5.0570
5.1487
5.2384
5.2800
5.2366
5.2513
5.1356
5.3385
5.1833
5.2330
5.4800
5.3432
5.4705
5.6120
5.6064
5.7030
5.3471
5.2753
5.7946
5.9036
5.8593
5.7224
5.6021
5.7836
5.4982
5.3911
5.4200
5.3169
5.3176
5.1857
5.1564
5.2136
5.3305
5.4933
5.5814
5.1375
5.4812
5.6860
5.4744
5.5269
5.4887
5.4362
5.6886
5.8185
5.6105
5.5242
5.5914
5.6382
5.8402
5.8418
5.8269
5.6235
5.6969
5.6285
5.7070
5.5284
5.6716
5.6368
5.7014
5.6651
5.7793
5.5148
5.8442
5.6565
5.9126
5.7764
5.8948
5.7101
5.6035
5.6628
5.7501
5.9250
5.7292
5.5637
5.8551
5.4467
5.5477
5.5722
5.2091
5.4141
5.3731
5.2845
5.5239
5.3840
5.4371
5.4661
5.2275
5.1844
5.3464
5.3298
5.3352
5.2057
5.1938
5.4004
5.4745
5.2088
5.2489
5.2782
5.3407
5.5172
5.5390
5.5297
5.5528
5.2429
5.5461
5.4438
5.5623
5.3638
5.4805
5.2891
5.3142
5.4228
5.2269
5.3534
5.3548
5.5538
5.5657
5.5949
5.6195
5.5151
5.7143
5.6071
5.3985
5.3549
5.4677
5.7068
5.6361
5.6220
5.4476
5.3791
5.3451
5.3256
5.3955
5.4906
5.5951
5.6177
5.6583
5.6231
5.3529
5.4494
5.3341
5.5577
5.3549
5.3393
5.4238
5.2575
5.5669
5.7528
5.7738
5.8244
5.9606
5.8354
5.6590
5.6574
5.6012
5.3713
5.2479
5.7071
5.5469
5.6172
5.3501
5.5556
5.8478
5.5863
5.5449
5.7912
5.6897
5.3183
5.6732
5.4805
5.6113
5.6471
5.5916
5.7694
5.6344
5.7138
5.5832
5.3743
5.4746
5.4825
5.6558
5.6499
5.4356
5.7195
5.6719
5.4175
5.6558
5.7999
5.9373
6.0630
5.8168
6.0969
5.5131
5.4895
5.4182
5.6099
5.6461
5.6807
5.8197
5.4255
5.2222
5.5272
5.4525
5.6739
5.5432
5.6993
5.7187
5.7308
5.6638
5.6439
5.7895
5.7760
5.4094
5.6646
5.4173
5.4438
5.2516
5.3554
5.7865
5.5931
5.4512
5.8748
5.8984
6.0214
5.9502
5.9291
5.5537
6.0556
6.1227
5.7831
5.5944
5.6489
5.6066
5.6605
5.5850
5.7288
5.7820
5.4244
5.7268
5.6932
5.7217
5.8223
5.3999
5.6946
5.6108
5.6808
5.7926
5.9625
5.9081
5.9417
5.9915
5.8492
5.6957
5.7683
5.7401
5.7363
5.8831
5.9953
5.9318
5.7874
5.6704
5.7011
5.6620
5.7735
6.0539
6.0119
5.7647
5.8482
5.7320
5.7701
5.8660
6.0518
5.8420
6.1616
5.9267
5.9363
5.8551
5.8908
5.8845
5.6116
5.5521
5.7990
5.6383
5.8170
5.5010
5.6436
5.8449
5.6269
5.7543
5.6125
5.4243
5.5564
5.3238
5.4384
5.5367
5.4958
5.5954
5.8203
5.6913
5.5552
5.6084
5.4923
5.3152
5.5612
5.6090
5.5715
5.6460
6.1658
6.0620
5.8528
5.9296
5.7059
6.0312
5.7827
5.7633
5.5973
5.5293
5.6234
5.5266
5.6549
5.6780
5.5481
5.3319
5.2517
5.4790
5.3272
5.1489
5.5759
5.5638
5.6530
5.4344
5.6049
5.4395
5.5307
5.4676
5.3998
5.3523
5.4353
5.5045
5.3197
5.5035
5.5513
5.6781
5.3458
5.2881
5.1404
5.1965
5.0733
5.2216
5.0304
5.3106
4.9851
5.1062
5.0532
4.9689
4.9434
5.0026
5.2581
5.1096
5.4427
5.4174
5.6238
5.5374
5.4444
5.3963
5.5070
5.6746
5.7038
5.8157
5.4694
5.5005
5.7808
5.5528
5.3281
5.2617
5.3060
5.3655
5.4822
5.4973
5.5711
5.4402
5.4930
5.3069
5.1628
5.3525
5.5269
5.3187
5.3490
5.3023
5.4136
5.7799
5.5011
5.5865
5.3876
5.3271
5.5435
5.6814
5.6460
5.5682
5.6752
5.4684
5.3808
5.4791
5.3986
5.5687
5.6211
5.5611
5.6897
5.5669
5.4429
5.7108
5.7536
5.8374
5.7932
5.7738
6.0335
6.4213
6.2302
5.9081
6.0186
5.7448
5.8665
6.0095
5.8148
6.0967
5.8399
6.0733
5.9886
6.0451
5.7023
5.7179
5.7547
5.6254
5.7025
5.5821
5.4409
5.4312
5.4137
5.4253
5.5011
5.5240
5.6000
5.8009
6.1054
5.7272
5.7253
5.3931
5.4588
5.5883
5.6401
5.5268
5.4509
5.2892
5.2842
5.6233
5.5050
5.4371
5.4482
5.1423
5.0103
5.2345
5.3388
5.2499
5.2833
5.3730
5.3252
5.2104
5.1630
5.2630
5.3139
5.6247
5.3213
5.4698
5.3831
5.2244
5.2934
5.2280
5.1336
5.3890
5.3585
5.5796
5.4988
5.4883
5.4766
5.2638
5.2149
5.3172
5.3720
5.4397
5.2759
5.4541
5.5114
5.4089
5.6002
5.7073
5.7374
5.8415
5.7322
5.6637
5.4810
5.2230
5.4225
5.3978
5.3002
5.2593
5.1704
5.1972
5.4001
5.2190
5.4101
5.5375
5.5298
5.5780
5.4719
5.4210
5.2331
5.2470
5.1428
5.2910
5.4052
5.4992
5.4849
5.5813
5.8249
5.7663
5.6145
5.7032
5.9494
5.6775
5.8045
5.4516
5.3377
5.5013
5.5955
5.3777
5.2988
5.3307
5.3683
5.4363
5.2447
5.4752
5.5907
5.3182
5.3250
5.3455
5.6349
5.8809
5.8347
5.8155
5.7015
5.8227
5.7977
5.6829
5.5690
5.6074
5.5092
5.4726
5.9800
5.7887
5.9520
5.8496
5.6905
5.8059
5.8813
5.7421
5.6879
5.7822
5.9147
5.8681
5.8555
5.5546
5.6728
5.7391
5.5138
5.4976
5.3796
5.4055
5.4283
5.6229
5.1756
5.2785
5.4879
5.4407
5.2131
5.4017
5.2425
5.2842
5.3570
5.3683
5.5359
5.4925
5.3268
5.1458
5.3236
5.4022
5.5181
5.4892
5.5556
5.3774
5.0363
5.0907
5.1016
5.1484
5.0767
5.2563
5.2639
5.2918
5.4132
5.6105
5.4616
5.3834
5.4828
5.4493
5.3535
5.4421
5.3489
5.3939
5.4338
5.5436
5.4738
5.3467
5.5495
5.5490
5.6855
5.3968
5.7231
5.4095
5.4165
5.3274
5.1431
5.4902
5.4345
5.4170
5.3157
5.4869
5.3886
5.3386
5.3521
5.4686
5.6006
5.5802
5.6229
5.7238
5.6050
5.6241
5.6306
5.7533
5.5045
5.4629
5.4287
5.3594
5.3862
5.5737
5.6516
5.5754
5.7077
5.6744
5.7018
5.6295
5.5168
5.5298
5.5614
5.6752
5.5031
5.4086
5.5730
5.7015
5.5722
5.4986
5.2811
5.5180
5.4323
5.3807
5.4439
5.5282
5.5843
5.4373
5.5476
5.4890
5.3772
5.6205
5.1575
5.3058
5.1436
5.4194
5.3786
5.4998
5.4635
5.4738
5.3623
5.3835
5.5532
5.6069
5.4473
5.4603
5.3082
5.4555
5.4913
5.6025
5.5931
5.4508
5.4916
5.3673
5.4389
5.2366
5.4536
5.5131
5.8287
5.6974
5.6594
5.6198
5.4301
5.8363
5.8146
5.7609
5.6488
5.5554
5.9417
5.6144
5.5481
5.6590
5.6157
5.7042
5.7070
5.9000
5.5926
5.8121
5.7284
5.8461
5.8382
5.7740
6.0568
5.8178
5.5883
5.3767
5.6025
5.4535
5.3001
5.4208
5.3425
5.5874
5.7327
5.8053
5.6061
5.5645
5.4398
5.3224
5.6459
5.4483
5.3777
5.4580
5.4902
5.5226
5.6659
5.4343
5.4754
5.6961
5.7432
5.6128
5.4843
5.5087
5.5092
5.5276
5.4836
5.4349
5.3355
5.4987
5.2983
5.1893
5.3697
5.3908
5.6685
5.4526
5.3807
5.3334
5.4200
5.2797
5.2894
5.2370
5.0803
5.3594
5.5073
5.4036
5.2379
5.3806
5.7988
5.6419
5.6287
5.6221
5.7146
5.7683
5.6728
5.6224
5.7024
5.5331
5.6503
5.4627
5.5811
5.6235
5.4942
5.3640
5.4483
5.4660
5.2095
5.2657
5.1991
5.2692
5.5035
5.4566
5.1796
5.2218
5.4129
5.5424
5.4203
5.5392
5.6987
5.6066
5.3020
5.3533
5.5575
5.5818
5.6475
5.4778
5.5690
5.2937
5.0896
5.3916
5.2361
5.5175
5.4761
5.7840
5.8279
5.7387
5.8226
5.5786
5.8804
5.7649
5.9505
6.0544
5.7723
5.8775
5.8388
5.5485
5.8533
5.5938
5.9344
5.9343
5.8914
5.6653
5.5372
5.5733
5.4003
5.5260
5.5683
5.5180
5.5188
5.4192
5.7159
5.5645
5.7275
5.4277
5.5620
5.3849
5.3824
5.3609
5.3635
5.3284
5.2784
5.3994
5.2635
5.2859
5.5216
5.3670
5.4587
5.2706
5.2842
5.1455
5.1552
5.2980
5.3447
5.1711
5.1357
4.9895
5.1942
5.2109
5.1380
5.1041
5.7057
5.4195
5.4156
5.3669
5.4055
5.7285
5.7149
5.8688
5.9113
6.0194
5.8587
5.5292
5.4287
5.4426
5.5231
5.0742
5.1519
5.2023
5.4912
5.3370
5.2522
5.4479
5.6115
5.6333
5.5134
5.4261
5.6622
5.9943
5.8789
5.7340
5.3423
5.4547
5.5368
5.6576
5.8432
5.8696
5.9329
5.6646
5.8444
5.6973
5.9358
5.9371
5.6635
5.8170
5.7023
5.9087
5.5399
5.6734
5.7163
5.4495
5.6547
5.4800
5.5859
5.4316
5.5302
5.5694
5.5635
5.3512
5.4130
5.7299
5.5765
5.4885
5.6300
5.3457
5.5157
5.4870
5.4699
5.5737
5.6307
5.4808
5.5427
5.2981
5.3559
5.7347
5.8205
5.6811
5.7105
5.8726
5.8803
5.6478
5.7662
5.5729
5.5765
5.6710
5.4857
5.5057
5.5617
5.5460
5.4781
5.3011
5.2857
5.3975
5.5441
5.4645
5.3734
5.3762
5.4146
5.3634
5.3787
5.4275
5.4075
5.5603
5.6638
5.6633
5.4459
5.2650
5.3038
5.2414
5.1597
5.1882
5.2841
5.2318
5.2917
5.3160
5.3507
5.2883
5.3712
5.4107
5.4013
5.5914
5.6054
5.5365
5.5877
5.2644
5.3789
5.6067
5.5635
5.3894
5.5347
5.3352
5.3385
5.4563
5.5818
5.5134
5.8046
5.5550
5.4618
5.3692
5.1606
5.2208
5.3132
5.4524
5.3804
5.5207
5.5907
5.4244
5.2394
5.4790
5.4072
5.3417
5.3864
5.5125
5.4848
5.5843
5.4479
5.5713
5.4865
5.3529
5.5894
5.6122
5.5022
5.6661
5.4700
5.4893
5.7566
5.5846
5.3786
5.5276
5.5515
5.6797
5.4580
5.6367
5.7758
5.6589
5.5068
5.2931
5.5146
5.4728
5.4356
5.4368
5.4035
5.3956
5.2891
5.2200
5.1573
4.9614
4.8632
5.0908
4.9702
5.1103
5.0125
5.0177
5.1349
5.4343
5.2248
5.2911
5.3096
5.2248
5.4009
5.3250
5.5803
5.4783
5.5605
5.3578
5.5060
5.4810
5.3624
5.5877
5.5421
5.5845
5.4254
5.6909
5.4649
5.4929
5.4540
5.7362
5.4931
5.3131
5.3355
5.3137
5.3370
5.3355
5.2722
5.3072
5.3173
5.3914
5.7095
5.6608
5.6464
5.6740
5.2673
5.2612
5.1501
5.3711
5.1775
5.1726
5.0373
5.1848
5.2629
5.2854
5.4095
5.5756
5.3622
5.6972
5.6083
5.3393
5.5347
5.3580
5.3174
5.5743
5.4164
5.2067
5.3308
5.1704
5.3299
5.1061
5.4434
5.6397
5.3557
5.1311
5.5316
5.2973
5.3016
5.2892
5.3756
5.3879
5.2050
5.4197
5.5339
5.6799
5.7086
5.4507
5.7205
5.7474
5.3513
5.3111
5.3685
5.2377
5.1865
5.1674
5.2272
5.3059
5.1657
5.2297
5.2560
5.2978
5.4007
5.4301
5.2838
5.3959
5.4828
5.1580
5.1730
5.1862
5.1526
5.1893
5.1804
5.0106
5.1171
5.2207
5.1618
5.3058
5.3895
5.3633
5.4208
5.5710
5.1950
5.3025
5.2132
5.1347
5.2959
5.3249
5.4782
5.3094
5.0809
5.1213
5.2941
5.2006
5.1621
5.0307
5.0822
5.2592
5.4080
5.4368
5.3388
5.5300
5.6343
5.4235
5.4109
5.1653
5.4663
5.2205
5.4803
5.4914
5.4504
5.3897
5.4737
5.2926
5.1638
5.5974
5.6176
5.8193
5.5795
5.5559
5.4050
5.1617
5.4419
5.5290
5.2658
5.2132
5.4365
5.1720
5.0362
5.2748
5.4701
5.3861
5.0517
5.5611
5.5158
5.2257
5.4551
5.2497
5.6209
5.6289
5.6795
5.7073
5.4359
5.1767
5.3338
5.2453
5.2395
5.1569
5.2434
5.2422
5.3617
5.1987
5.5559
5.6009
5.5727
5.5937
5.4368
5.5138
5.2385
5.3242
5.5086
5.4374
5.4140
5.4602
5.5639
5.5723
5.4028
5.3872
5.3665
5.5855
5.6249
5.5438
5.5949
5.4476
5.5905
5.4804
5.5529
5.4068
5.2870
5.2619
5.3862
5.3120
5.1357
5.4629
5.4516
5.6252
5.3913
5.2253
5.3869
5.4091
5.5971
5.6147
5.8630
5.8138
5.6431
5.4201
5.2751
5.5058
5.5562
5.5978
5.6977
5.5634
5.3421
5.2138
5.4742
5.6106
5.6023
5.7372
5.6565
5.7313
5.8498
5.6971
5.7596
5.6913
5.5734
5.6172
5.5462
5.6126
5.5209
5.3783
5.3755
5.4233
5.6387
5.4352
5.2479
5.2130
5.2020
5.3638
5.3441
5.4028
5.3331
5.4379
5.2789
5.4449
5.1296
5.3866
5.4000
5.2485
5.1927
5.2565
5.1975
5.3530
5.3490
5.2321
5.1706
5.2945
5.2900
5.3358
5.4182
5.3590
5.3548
5.2734
5.3263
5.1492
5.2175
5.4477
5.1888
5.4374
5.4071
5.4977
5.6631
5.5045
5.2139
5.3027
5.1916
5.1679
5.3444
5.1779
5.1723
5.1198
5.2185
5.1491
5.3506
5.1802
5.2037
5.2483
5.3629
5.4157
5.3488
5.3766
5.3899
5.1996
5.3605
5.2147
5.1949
5.3132
5.3704
5.3164
5.0556
5.4953
5.2711
5.0982
5.3015
5.4241
5.6461
5.4582
5.6478
5.6841
5.6508
5.4131
5.3392
5.5179
5.4751
5.3106
5.2612
5.2883
5.1585
5.3264
5.2547
5.3765
5.3283
5.3368
5.1844
5.4025
5.2858
5.1484
5.0997
5.2701
5.1205
5.3598
5.2292
5.0714
4.8051
5.0584
4.9542
5.2901
5.1349
5.0359
5.1217
5.1375
5.3131
5.1942
5.0022
5.2078
5.3206
5.1912
5.6789
5.6592
5.4171
5.3347
5.3220
5.3046
5.1774
5.2023
5.2993
5.3476
5.1391
5.1325
5.3870
5.3829
5.3082
5.4453
5.4296
5.2270
5.3210
5.5131
5.5237
5.2718
5.3348
5.3111
5.2515
5.1979
5.0075
5.2985
5.3707
5.0132
5.2357
5.1052
5.2283
5.1621
5.2839
5.4371
5.1691
5.0140
5.2569
5.1196
5.0597
5.1799
5.2617
5.6084
5.3376
5.3555
5.2534
5.1279
5.3641
5.3631
5.1303
5.2480
5.3921
5.4912
5.1085
5.1762
5.2135
5.0267
5.1834
5.2796
5.1827
5.2310
5.2803
5.2838
5.3667
5.3840
5.2883
5.2995
5.3927
5.2885
5.0134
4.8834
5.1599
5.1767
5.2646
5.2362
5.2941
5.4692
5.3552
5.3644
5.4975
5.4700
5.2065
5.4473
5.4799
5.5238
5.7120
5.6358
5.3919
5.5002
5.5106
5.3240
5.1054
5.2088
5.0500
5.3435
5.1979
5.3388
5.2270
5.3022
5.2885
5.2608
5.3631
5.2260
5.3334
5.4912
5.3070
5.7785
5.4560
5.5418
5.5721
5.5981
5.5990
5.3237
5.6942
5.8053
5.8267
5.6226
5.7771
5.7525
5.8303
5.4019
5.3786
5.5198
5.4564
5.5571
5.4328
5.5185
5.3740
5.4413
5.5384
5.6016
5.4075
5.5856
5.4007
5.6602
5.6161
5.6646
5.5005
5.6540
5.6528
5.9042
5.8887
6.0356
5.9403
6.0318
5.8631
5.9770
5.9073
5.9433
5.9546
5.8379
5.8921
5.8174
5.8246
5.6608
5.7249
5.6160
5.5177
5.8293
5.6813
5.6077
5.7700
5.6693
5.9633
5.6023
5.3338
5.3436
5.2428
5.2456
5.2985
5.2386
5.6078
5.8255
5.6290
5.7314
5.7423
6.1137
5.7696
5.3872
5.5396
5.6115
5.4538
5.4157
5.7275
5.5074
5.6158
5.7432
5.3649
5.7744
5.5876
5.3824
5.6004
5.5329
5.4553
5.5644
5.5720
5.3992
5.4493
5.4906
5.8220
5.7924
5.7909
5.7005
5.8936
5.7743
5.8455
5.4662
5.8952
5.9944
5.8460
5.7036
5.7636
5.8182
5.6470
5.5858
5.7606
5.6997
5.7115
5.5859
5.9343
5.8357
6.1096
5.7201
5.8094
5.9580
5.7132
5.8037
5.5459
5.8522
5.5801
5.5959
5.7165
5.6839
5.6001
5.4510
5.3849
5.3123
5.3626
5.6908
5.6774
5.6258
5.7942
5.6379
5.6678
5.6909
5.5330
5.5525
5.7546
5.5762
5.8264
5.6894
5.9035
5.9428
5.8584
5.5540
5.6771
5.3591
5.4008
5.4105
5.4183
5.3498
5.1628
5.3994
5.5221
5.3168
5.3880
5.3059
5.2581
5.1466
5.3819
5.2526
5.2933
5.4257
5.5872
5.5309
5.4352
5.4076
5.5772
5.3432
5.2366
5.3232
5.5646
5.5672
5.3846
5.5359
5.4562
5.5444
5.3269
5.5200
5.3900
5.3644
5.3784
5.4656
5.5836
5.6270
5.5463
5.3604
5.6699
5.4176
5.3154
5.5074
5.7261
5.3615
5.6418
5.7052
5.5614
5.7308
5.9097
5.6546
5.6819
5.4171
5.2525
5.4859
5.4677
5.2537
5.1410
5.1692
5.3727
5.5292
5.4757
5.3992
5.2019
5.5059
5.5511
5.5001
5.5189
5.2412
5.3335
5.5040
5.3788
5.6172
5.4533
5.5781
5.7568
5.6892
5.5873
5.4874
5.5263
5.8666
6.0833
5.7548
5.6037
5.6097
5.6807
5.7838
5.7128
5.6217
5.7120
5.6887
5.6069
5.6001
5.4940
5.6249
5.5456
5.3942
5.2976
5.6000
5.5989
5.6497
5.6180
5.6285
5.2907
5.4054
5.4408
5.3523
5.3440
5.4676
5.6147
5.5980
5.8941
5.7131
5.8122
5.7679
5.7484
5.6651
5.4213
5.4081
5.6269
5.6785
5.5948
5.6009
5.6375
5.8404
5.6700
5.7771
5.8252
5.7692
5.8888
6.0738
5.4522
5.5458
5.6984
5.6528
5.6553
5.8215
5.5901
5.6643
5.9558
5.8479
5.6399
5.6647
5.5806
5.6604
5.7594
5.6361
5.5519
5.7066
5.5000
5.7668
5.7143
5.6879
5.7107
5.8163
5.9303
5.6837
5.8474
5.9371
5.4485
5.7326
5.6966
5.7806
5.5896
5.7912
5.5990
5.7510
5.6897
5.4326
5.4632
5.6515
5.7216
5.6542
5.7488
5.4620
5.7398
5.8511
5.7477
5.7204
5.6639
5.6980
5.5446
5.8807
5.7382
5.8469
5.7002
5.8069
5.7252
5.8218
5.8814
5.7580
6.0095
6.0740
5.9142
5.6424
5.7930
5.8782
5.8192
5.9456
5.6339
5.6943
5.7737
5.5963
5.6091
5.6483
5.4525
5.5231
5.7253
5.8123
5.4333
5.4823
5.5745
5.5766
5.5025
5.4439
5.4742
5.4473
5.5038
5.5712
5.6075
5.4381
5.4667
5.5608
5.3432
5.3316
5.5259
5.4877
5.4181
5.4155
5.3449
5.4880
5.3390
5.4647
5.3597
5.3751
5.4089
5.2696
5.6257
5.6807
5.6587
5.6270
5.5628
5.6396
5.6884
5.9242
5.6042
5.5322
5.4714
5.3779
5.4293
5.7375
5.7522
5.8013
5.6595
5.4556
5.5040
5.6696
5.6104
5.7207
5.7344
5.4246
5.7094
5.7731
5.7584
5.4465
5.5398
5.6967
5.6086
5.6915
5.8130
5.7221
5.8308
5.8471
5.9557
5.6821
5.8606
5.8168
5.8971
5.9272
5.7417
5.7782
5.8161
5.7041
5.8507
5.9641
6.0843
5.8166
5.9710
5.9073
5.8876
6.0085
5.9800
6.1043
5.9738
6.2263
6.1092
5.9515
6.1059
5.8784
6.0276
5.7261
6.1289
6.0098
6.0567
5.9690
5.9761
5.8468
5.7376
5.9130
5.8870
5.7174
5.7649
5.7171
6.0925
5.9584
6.0134
6.3107
6.2659
5.9610
5.7561
5.6626
5.6330
5.7171
5.6373
5.8064
5.7013
5.6654
5.4766
5.5832
5.7691
5.9737
5.7618
6.0558
5.5972
5.9737
5.7782
5.4782
5.5723
5.5828
5.4382
5.7152
5.4859
5.5049
5.4734
5.3852
5.8889
5.7149
5.4763
5.5969
5.7464
5.6800
5.6358
5.7476
5.9124
5.7361
6.0601
5.6909
5.9199
5.7614
5.8973
5.7639
5.6091
5.6869
5.8102
5.6811
5.9809
5.6917
5.7163
5.6856
5.6252
5.8103
5.8917
5.7911
5.6671
5.6303
5.5785
5.6970
5.7584
5.7382
5.4595
5.5962
5.4497
5.2979
5.3175
5.1983
5.2238
5.2495
5.1588
5.0582
5.2636
5.4825
5.5385
5.3934
5.4531
5.6201
5.5848
5.3314
5.4004
5.4584
5.4455
5.3328
5.5595
5.4039
5.2714
5.1521
5.2933
5.3929
5.4914
5.5537
5.4409
5.3692
5.7105
5.7214
5.9134
5.7977
5.8707
5.8946
5.7588
5.6636
5.5811
5.7252
5.6974
5.5256
5.6044
5.8200
5.7699
5.8716
5.9767
5.8472
6.0928
5.8200
5.7801
5.6812
5.6536
5.7556
5.9969
5.8665
5.9590
6.1975
5.9159
6.0763
5.5567
5.4911
5.4575
5.5048
5.2662
5.3194
5.1078
5.1876
5.3787
5.4844
5.5512
5.4706
5.5609
5.3937
5.5516
5.5788
5.7014
5.2617
5.4023
5.4121
5.1860
5.1974
5.1812
5.3405
5.3607
5.0546
5.2599
5.6308
5.5951
5.3538
5.5148
5.2714
5.3740
5.6138
5.4817
5.6416
5.5513
5.5240
5.4007
5.3499
5.3175
5.4792
5.4396
5.5730
5.5915
5.4498
5.7134
5.7922
5.8614
6.0385
6.0230
5.7169
5.6071
5.6811
5.7784
5.7635
5.5795
5.7089
5.9558
6.2072
5.7034
5.6646
5.4353
5.6430
5.4200
5.4809
5.4900
5.3382
5.3005
5.4368
5.4884
5.3998
5.4852
5.6726
5.4076
5.5672
5.6349
5.4907
5.4995
5.6179
5.7388
5.6460
5.5872
5.5586
5.7508
5.6694
5.7375
5.7883
5.7898
5.8542
5.8330
5.7570
5.5682
5.6231
5.3040
5.5473
5.6404
5.7198
5.4355
5.6470
5.7492
5.5028
5.5907
5.7367
5.7367
5.8165
5.6250
5.7529
5.7740
5.6730
5.3676
5.7523
5.9517
5.6847
5.5363
5.6950
5.7295
5.4992
5.5642
5.3806
5.5033
5.5007
5.7812
5.6919
5.6856
5.7172
5.7982
5.5336
5.4423
5.5231
5.4140
5.3999
5.5185
5.6840
5.6527
5.6716
5.7328
5.7094
5.9325
5.8101
5.7634
5.6709
5.5117
5.3085
5.5615
5.3725
5.3556
5.5069
5.5528
5.5967
5.7552
5.6796
5.5987
5.5683
5.5819
5.3893
5.5148
5.3949
5.5041
5.6661
5.9069
5.7083
5.5698
5.6204
5.9264
5.7633
5.8262
5.8095
5.4969
5.4589
5.5368
5.6485
5.6298
5.4892
5.6410
5.6282
5.6944
5.7686
5.9273
5.8010
5.7702
5.6529
5.8544
5.3979
5.7391
5.2894
5.2532
5.2199
5.1004
5.1942
5.3883
5.4563
5.1342
5.2890
5.4866
5.7332
5.7789
5.7003
5.4948
5.5769
5.4578
5.4431
5.4544
5.2913
5.5449
5.6880
5.7106
5.8345
6.2209
6.1201
6.1367
5.6429
5.8088
5.5293
5.6339
5.8127
5.6483
5.7266
5.6822
5.8761
5.8932
5.6508
5.5342
5.4346
5.7061
5.5667
5.7514
5.5193
5.6696
5.6760
5.8527
6.1229
5.7753
5.9599
6.1666
5.9781
6.0543
5.7919
6.0121
6.2016
6.3829
6.1754
5.9942
6.1595
5.8699
5.9915
5.6778
5.5934
5.5805
5.3890
5.6008
5.7890
5.7438
5.3523
5.6181
5.6858
5.8649
5.8050
5.6550
5.5775
5.7458
5.9226
5.9516
5.7121
5.7188
5.6123
5.5790
5.6425
5.5754
5.8853
5.7215
5.5279
5.5317
5.8031
5.8426
5.7672
5.8266
5.5842
5.8046
5.7376
5.7419
5.6579
5.4143
5.4723
5.7333
5.7403
5.4953
5.7087
5.8868
5.7344
5.7511
5.8064
5.9265
5.7291
6.1606
5.8222
5.9179
5.9301
5.9375
5.9502
5.8132
5.8018
6.1368
6.2540
6.2259
6.0521
5.8489
5.7419
5.7197
5.4904
5.5647
5.8297
5.7963
5.9673
5.5541
5.5939
5.6725
5.4975
5.6241
5.6205
5.5775
5.7400
5.6131
5.7239
5.8497
5.6930
5.6122
5.3869
5.8809
5.7057
6.0670
5.6182
6.1031
6.1148
6.0542
5.6541
5.4964
5.2674
5.4102
5.3456
5.2559
5.4149
5.4533
5.4497
5.5789
5.8078
5.6518
5.3339
5.6770
5.8677
5.8321
5.5427
5.5251
5.4850
5.5273
5.3806
5.4101
5.5548
5.6420
5.4084
5.5615
5.4397
5.7608
5.6320
5.5126
5.4373
5.4591
5.3173
5.4580
5.5942
5.2256
5.2699
5.3588
5.4727
5.5236
5.3950
5.4647
5.2790
5.6358
5.7531
5.5166
5.7684
5.7733
5.3843
5.5608
5.3721
5.4421
5.3677
5.3085
5.5293
5.3231
5.6914
5.6733
5.7641
5.5894
5.6463
5.6533
5.8950
5.6620
5.7615
5.5196
5.4915
5.6142
5.3800
5.4264
5.7838
5.6989
5.6705
5.8219
5.8137
5.9877
5.8993
6.0329
6.1414
5.8218
5.9379
5.8752
5.9430
6.2655
6.1922
6.0737
6.2191
5.7939
5.7852
5.5884
5.5025
5.4060
5.4086
5.4714
5.2792
5.2998
5.6192
5.2962
5.1671
5.1922
5.2281
5.2215
5.3941
5.3020
5.5528
5.2931
5.1998
5.1807
5.4609
5.2708
5.0244
5.1474
5.2585
5.2096
5.1640
5.3170
5.2593
5.6380
5.5481
5.6450
5.4594
5.3188
5.2396
5.2854
5.4316
5.6811
5.3960
5.6089
5.5206
5.1312
5.2982
5.2248
5.4482
5.0152
5.2402
5.3175
5.3557
5.5855
5.6793
5.4397
5.5115
5.6378
5.6784
5.7135
5.6409
5.5293
5.3301
5.3226
5.4139
5.4848
5.5803
5.4180
5.3301
5.4867
5.6086
5.9613
5.7697
5.5861
5.8832
5.9100
5.7485
5.4452
5.2715
5.7081
5.3607
5.4030
5.2561
5.4002
5.5699
5.3925
5.5448
5.6055
5.4278
5.7558
5.7333
5.7307
5.9000
5.8013
5.5377
5.6633
5.7261
5.6409
5.6015
5.4680
5.4177
5.3558
5.5193
5.4691
5.5749
5.6621
5.5702
5.1050
5.5657
5.5523
5.5610
5.7531
5.7314
5.9637
5.7678
5.6676
5.5469
5.9669
5.6506
5.5475
5.8058
5.5739
5.4910
5.6188
5.7473
5.8304
5.4412
5.4191
5.4196
5.3823
5.5250
5.5646
5.3473
5.3700
5.7713
5.6928
5.9938
5.8846
5.9684
5.6197
5.7773
5.5687
5.5859
5.7378
5.5392
5.6202
5.5862
5.6462
5.4452
5.4329
5.7813
5.5673
5.5205
5.5841
5.5964
5.5262
5.5699
5.4602
5.8521
5.9301
5.5559
5.5388
5.7464
5.7993
6.1011
6.0606
5.9775
5.9164
5.8824
5.5230
5.7888
5.8353
5.4289
5.5589
5.4005
5.6207
5.7977
5.5407
5.3695
5.7045
5.6929
5.6747
5.6312
5.4984
5.4162
5.5202
5.2323
5.3262
5.7413
5.7656
5.6012
5.4320
5.5000
5.4351
5.4272
5.3809
5.2172
5.3376
5.3905
5.4814
5.5497
5.4543
5.3528
5.1043
5.2292
5.3776
5.2507
5.1795
5.4722
5.9078
5.6861
5.6098
5.8150
5.5649
5.6021
5.5004
5.8769
5.7843
5.8224
5.4746
5.4094
5.5439
5.7172
5.6269
5.5649
5.6217
5.6340
5.8176
5.8859
5.7079
6.0414
5.9624
5.6596
5.7035
5.6142
5.6504
5.7738
5.5395
5.5952
5.5762
5.5009
5.5576
5.3807
5.6096
5.4803
5.5798
5.8389
5.6309
5.9047
5.7104
5.6767
5.3508
5.5763
5.5378
5.6652
5.7377
5.7340
5.6558
5.5560
5.3363
5.5588
5.5264
5.9122
5.5174
5.4589
5.4820
5.6039
5.3915
5.6234
5.5175
5.4524
5.5080
5.5743
5.4721
5.4347
5.4175
5.4356
5.5292
5.3628
5.5212
5.5763
5.6272
5.5437
5.6443
5.5440
5.6532
5.5503
5.6045
5.7127
5.4941
5.4765
5.4664
5.3150
5.4823
5.3882
5.3141
5.3172
5.5689
5.4522
5.6478
5.3048
5.6396
5.4949
5.5148
5.3816
5.5562
5.1121
5.3434
5.3400
5.4043
5.4111
5.0505
4.9257
5.1560
5.0830
5.0623
5.0297
5.1935
5.5024
5.3414
5.3538
5.3348
5.5197
5.4546
5.6116
5.3858
5.4624
5.4258
5.3000
5.3248
5.3517
5.2842
5.4530
5.3723
5.2902
5.5819
5.3118
5.3100
5.5531
5.3497
5.4744
5.1100
5.7419
5.7054
5.2691
5.5350
5.4261
5.3516
5.3866
5.2057
5.4618
4.9500
5.3944
5.3641
5.3672
5.4397
5.4717
5.3270
5.4444
5.4573
5.4324
5.3855
5.4711
5.8421
5.5428
5.4960
5.2669
5.0993
5.1888
5.0892
5.3376
5.1170
5.1394
5.0312
4.9849
5.0834
5.3366
5.4100
5.2445
5.3685
5.3379
5.2179
5.3852
5.5257
5.6054
5.5972
5.2826
5.3184
5.2453
5.3441
5.5971
5.3265
5.3098
5.3560
5.2179
5.0402
4.9524
5.3662
5.6607
5.4508
5.3933
5.3876
5.2817
5.1934
5.5789
5.5211
5.4154
5.4928
5.5315
5.8380
5.7454
5.7048
5.4680
5.3167
5.3423
5.3951
5.3945
5.3536
5.4523
5.5696
5.3926
5.5333
5.2860
5.3061
5.2442
5.4285
5.4807
5.3477
5.5738
5.6661
5.8351
5.6828
5.7543
5.5532
5.6786
5.6571
5.7668
5.6978
5.6696
5.4846
5.7313
5.8586
6.0679
5.9083
5.7887
5.9055
5.6482
5.8571
6.0269
5.6412
5.7742
5.6314
5.7605
5.8244
5.6705
5.8982
5.6732
5.7010
5.5097
5.4454
5.7920
5.9160
5.9075
5.8794
5.8931
5.7309
5.8446
5.7233
5.8879
5.9902
6.0789
6.3103
6.1714
5.7817
5.7747
6.1772
6.0206
5.7542
5.5509
5.7664
5.6525
5.7319
5.5581
5.7510
5.8807
5.9047
5.6741
5.8742
5.8870
5.7410
5.7795
5.6009
5.4991
5.5825
5.4118
5.7213
5.7263
5.3364
5.3936
5.8195
5.3505
5.5496
5.4171
5.6368
5.6193
5.4539
5.6426
5.7003
5.5403
5.4541
5.7395
5.4806
5.4848
5.5587
5.6392
5.5683
5.7994
5.6125
5.8191
6.0199
5.8933
5.7950
5.7958
5.8330
5.6979
6.0841
6.0807
6.2206
5.5966
5.4342
5.5220
5.7197
5.6140
5.7466
5.6492
5.4663
5.8487
5.7929
5.7220
5.6861
5.8289
5.9253
6.0106
6.0371
5.7169
6.0486
5.5684
5.8065
5.8723
5.7060
5.5807
5.4459
5.5288
5.4244
5.3784
5.7320
5.5562
5.5611
5.6460
5.3456
5.4290
5.7199
5.5757
5.4777
5.4898
5.6003
5.3889
5.6891
5.2032
5.4012
5.7051
5.6074
5.5027
5.4856
5.3507
5.3529
5.0985
5.3059
5.3257
5.4063
5.5313
5.4004
5.4045
5.6440
5.5005
5.7817
5.5122
5.7256
5.6036
5.6221
5.3735
5.3990
5.5709
5.5063
5.6868
5.5985
5.5781
5.4753
5.5700
5.5675
5.4658
5.4252
5.3392
5.4821
5.6894
5.9229
5.4632
5.8396
5.7058
5.9234
5.6356
5.6757
5.6617
5.7844
5.6731
5.6559
5.7603
5.6312
5.5499
5.7650
5.5247
5.6829
5.4765
5.5618
5.8100
5.5921
5.4273
5.3017
5.6063
5.6832
5.6673
5.5136
5.7705
5.5811
5.6297
5.5638
5.5494
5.7114
5.7344
5.8745
5.7565
5.7606
5.4924
5.6493
5.9179
6.0953
6.1497
6.0621
5.9123
5.9650
5.9978
5.9560
5.8970
6.0917
6.0352
5.9563
5.6699
5.6706
5.6799
6.0558
5.8573
5.5986
5.9838
6.0259
6.1826
6.1216
5.9159
6.0830
6.0712
5.8694
5.9400
6.0332
5.7412
5.6340
6.0909
6.0868
6.3533
6.1402
5.8433
6.0079
5.9958
5.8645
5.7902
5.8237
5.8761
6.0152
5.7896
5.8537
5.7761
5.9741
6.1593
5.8529
5.7142
5.9406
6.0644
5.8411
5.7616
5.9409
5.9212
5.6497
5.5753
5.2838
5.2164
4.9291
5.0344
5.3954
5.2918
5.2826
5.2308
5.1829
5.2174
5.1560
5.0773
5.2331
5.2793
5.3628
5.4993
5.3620
5.2384
5.4772
5.2864
5.6060
5.4837
5.5502
5.3979
5.5870
5.4106
5.3694
5.0991
5.3951
5.4873
5.3777
5.2997
5.4842
5.4482
5.5387
5.6664
5.9201
5.8636
5.9231
5.5885
5.6739
5.8115
5.6604
5.5882
5.7876
5.6301
5.6563
5.6344
5.3951
5.5588
5.5346
5.8907
5.7056
5.6971
5.7084
5.7510
5.5806
5.5408
5.5153
5.6956
5.6819
5.7088
5.5693
5.4258
5.5192
5.4996
5.3443
5.5145
5.7761
5.6831
5.9308
5.8146
5.9049
5.8190
6.0636
6.1212
6.3726
6.0337
6.0167
6.0334
5.7677
5.8068
5.5925
5.8362
5.9458
6.0639
5.7319
5.6276
5.9622
5.7045
5.8296
5.8521
5.7348
6.1651
5.9201
6.0560
5.8355
5.5597
5.8819
5.7362
5.7024
5.5882
5.6714
5.4912
5.6822
5.6697
5.4834
5.6294
5.4599
5.6493
5.6314
5.5063
5.5832
5.5929
5.5209
5.3494
5.5661
5.3061
5.4430
5.4739
5.2319
5.4502
5.4629
5.4857
5.5669
5.8084
5.8521
5.8778
5.3705
5.3919
5.3228
5.5859
5.5193
5.6815
5.5265
5.6971
5.7203
5.6646
5.5157
5.4304
5.4996
5.8657
5.5678
5.7286
5.5497
5.5323
5.6165
5.6416
5.4878
5.5005
5.7253
5.6209
5.6525
5.6103
5.7540
5.6790
5.6050
5.4894
5.6069
5.6524
5.8764
5.6670
5.7388
5.7859
5.8362
5.8064
5.7133
5.6516
5.4860
5.7737
5.8089
5.7538
5.6179
5.7392
5.6212
5.4950
5.6283
5.5335
5.6307
5.4686
5.6788
5.6948
5.4029
5.7959
5.5389
5.7745
5.9786
5.6521
5.6376
5.5071
6.0148
5.8409
5.5075
5.3800
5.6288
5.6189
5.5810
5.7399
5.4195
5.7173
5.9330
5.4802
5.6056
5.5348
5.3732
5.2817
5.3015
5.3100
5.3628
5.6753
5.7827
5.7155
5.5812
5.7399
5.7417
5.4945
5.4448
5.6078
5.4212
5.3959
5.3188
5.4835
5.4609
5.3991
5.5865
5.3768
5.4154
5.3784
5.5741
5.6821
5.6238
5.8764
5.6742
5.8097
5.6422
5.4812
5.6407
5.4889
5.1758
5.0896
5.5747
5.5184
5.1531
5.3022
5.5314
5.3676
5.3839
5.5119
5.3860
5.3088
5.1591
5.4516
5.6469
5.5249
5.4081
5.5109
5.5725
5.6861
5.6432
5.5676
5.4038
5.2267
5.3646
5.3792
5.4074
5.2062
5.2433
5.5371
5.3573
5.5170
5.6237
5.7730
5.7258
5.7676
6.0155
5.8642
5.5510
5.7185
5.4577
5.7429
5.9616
5.6813
5.4869
5.1390
5.3175
5.1724
5.3699
5.3474
5.6304
5.4693
5.1723
5.2685
5.1693
5.0909
5.2747
5.1967
5.2625
5.3045
5.2532
5.2940
5.4433
5.1863
5.3774
5.4867
5.5384
5.8506
5.7138
5.8380
5.7291
5.8268
5.6297
5.6463
5.8510
5.8033
5.6206
5.7121
5.5359
5.4397
5.0819
5.4990
5.5868
5.7939
5.6164
5.7219
5.5882
5.5108
5.7491
5.7506
5.6887
6.1472
5.8984
5.5766
5.6783
5.4383
5.6549
5.8992
5.5965
5.8067
5.8828
5.7833
5.8678
5.7211
6.0717
6.0413
5.9915
6.1271
6.1283
6.0341
5.7142
6.1239
6.0055
6.0146
6.0851
5.8760
5.7098
5.6514
5.8847
5.9746
5.8716
5.6515
5.9052
5.7195
6.1634
5.9050
6.3693
5.8712
5.5691
5.6543
5.7859
5.5922
5.4524
5.4337
5.3326
5.4358
5.2065
5.5886
5.5170
5.5027
5.6024
5.5775
5.4003
5.5498
5.5505
5.5577
5.5756
5.5044
5.4114
5.4262
5.5552
5.4084
5.7560
6.0633
5.9982
5.8493
5.5997
5.7079
5.6533
5.8824
5.7418
5.5522
5.7930
5.6028
5.5078
5.7878
5.6727
5.9068
5.8510
6.0294
5.7159
5.5834
5.3368
5.5193
5.4824
5.5128
5.3050
5.2792
5.0477
5.1828
5.1459
5.1986
5.2393
5.6040
5.3346
5.5507
5.4720
5.1139
5.3952
5.4163
5.4063
5.0493
5.2859
5.3984
5.5471
5.6209
5.3733
5.4252
5.4404
5.2464
5.3377
5.4050
5.2067
5.4255
5.4448
5.5404
5.6369
5.5008
5.3143
5.2488
5.6499
5.5194
5.4616
5.1244
5.2722
5.5918
5.2489
5.3090
5.4077
5.2679
5.4441
5.2904
5.4106
5.5161
5.5904
5.7411
5.5602
5.4980
5.3986
5.5643
5.3529
5.5364
5.5654
5.3333
5.1398
5.3603
5.3294
5.1258
5.2049
5.5547
5.5951
5.6669
5.5650
5.4308
5.4477
5.5403
5.5439
5.3753
5.6464
5.6280
5.6502
5.4666
5.4492
5.6796
5.5329
5.4899
5.4083
5.2788
5.4645
5.4888
5.6653
5.6602
5.7425
5.7738
5.7179
5.3616
5.5349
5.3351
5.4370
5.3364
5.4787
5.7586
5.7405
5.6173
5.6854
5.7125
5.4993
5.5468
5.6451
5.4339
5.3839
5.5716
5.8086
5.7599
5.6634
5.7006
5.6091
5.4991
5.5044
5.8866
6.0363
5.5973
5.6254
5.4199
5.4725
5.3960
5.7017
5.8510
5.9291
5.5137
5.6314
5.4986
5.3360
5.6030
5.5782
5.4792
5.3211
5.2568
5.5978
5.7181
5.5862
5.7316
5.7723
5.4680
5.6190
5.0974
5.4290
5.3244
5.3340
5.1846
5.2294
5.3176
5.3050
5.3638
5.5936
5.3011
5.5932
5.6563
5.7756
5.8792
5.5158
5.4768
5.3799
5.4721
5.3200
5.2151
5.4233
5.7711
5.7678
5.6093
5.6950
5.6410
5.7240
5.5146
5.8271
5.4546
5.5452
5.7232
5.7359
5.6248
5.4594
5.6117
5.3193
5.2699
5.4749
5.6862
5.6432
5.8232
5.6825
5.8278
5.6467
5.2549
5.4243
5.6803
5.9510
5.7363
5.6546
5.5482
6.0387
5.7047
5.8764
5.5345
5.5852
5.3485
5.2123
5.3377
5.6156
5.3706
5.6012
5.2923
5.4558
5.4304
5.2632
5.5493
5.6320
5.4937
5.4485
5.1441
5.2236
5.2361
5.3707
5.2855
5.5135
5.4946
5.4159
5.4033
5.3355
5.3229
5.2907
5.3700
5.4076
5.5799
5.6911
5.4198
5.3003
5.5035
5.4325
5.5839
5.5934
5.2941
5.5870
5.7200
5.3079
5.4888
5.4968
5.5507
5.5895
5.5036
5.4177
5.4867
5.6269
5.2005
5.4196
5.4700
5.4804
5.4443
5.4676
5.5662
5.6086
5.4260
5.3297
5.2355
5.5723
5.3199
5.4727
5.4245
5.4534
5.4198
5.4801
5.3373
5.3653
5.3555
5.3490
5.7490
5.7318
5.7226
5.7525
5.8485
5.8911
6.0196
5.6849
5.7051
5.7401
5.4139
5.8714
5.9072
5.5388
5.4348
5.4652
5.8259
5.5188
5.3573
5.0912
5.3021
5.6868
5.3624
5.2812
5.3520
5.3690
5.6031
5.5952
5.6664
5.9009
5.4835
5.8487
5.7063
5.9421
5.7372
5.6229
5.4627
5.7051
5.5899
5.5120
5.6096
5.7868
5.4564
5.6386
5.4064
5.3325
5.5703
5.6849
5.5733
5.4780
5.5328
5.5441
5.3857
5.3861
5.3158
5.2854
5.5030
5.6806
5.8605
5.6685
5.6389
5.6872
5.2905
5.5310
5.4827
5.6520
5.3704
5.7072
5.4886
5.7222
5.4401
5.2850
5.5479
5.7366
5.4452
5.4133
5.5077
5.5339
5.6002
5.7896
5.7756
5.7831
5.8716
5.7227
5.6729
5.9007
6.1283
6.0200
5.7690
5.9125
5.7864
5.4704
5.9453
5.8955
5.7656
5.6946
5.6588
5.4962
5.6855
5.7060
5.7292
5.8695
5.9193
5.8225
5.9919
5.7646
5.8677
5.6764
5.7997
6.1952
6.4206
6.0623
5.8405
5.8801
5.6286
5.5747
5.8401
5.5563
5.7841
5.4343
5.5340
5.5344
5.6788
5.6267
5.6380
6.0881
5.8156
5.8882
5.9322
6.1145
5.9732
6.2041
6.0386
5.7434
5.7634
5.6886
5.6906
6.0245
5.7430
5.8071
5.7368
5.5620
5.8994
5.6357
5.7188
5.5243
5.7024
5.6783
5.7022
5.6762
5.4830
5.6270
5.6584
5.9544
5.5323
5.8240
5.4447
5.4805
5.3870
5.5988
5.4564
5.4338
5.4658
5.3581
5.6354
5.6849
5.4798
5.5922
5.5906
5.6372
5.7679
5.7902
5.7825
5.8145
5.6299
5.5922
5.8355
5.7825
5.9700
5.6933
5.5714
5.6726
5.4870
5.5614
5.1543
5.2772
5.5353
5.7348
5.7659
5.8175
5.5421
5.7504
5.6849
5.3952
5.5010
5.5858
5.8215
5.5396
5.8031
5.7460
5.6611
5.3782
5.3281
5.2287
5.1216
5.2345
5.4967
5.7395
5.7347
5.4923
5.4152
5.5776
5.4079
5.6561
5.5210
5.4979
5.6096
5.5068
5.5267
5.1389
5.5042
5.4754
5.4834
5.6735
5.4591
5.3329
5.4163
5.4212
5.5715
5.6088
5.5233
5.4030
5.5340
5.4367
5.3079
5.2092
5.3943
5.2701
5.3927
5.6221
5.8947
5.5894
5.5537
5.5419
5.3327
5.3901
4.9208
5.1348
5.5307
5.6796
5.4717
5.5928
5.6134
5.6743
5.6121
5.4298
5.7081
5.3629
5.7397
5.6093
5.4561
5.4589
5.3801
5.6280
5.2628
5.6759
5.7586
5.5706
5.4405
5.4029
5.7962
5.6247
5.8902
5.6982
5.8280
5.7927
5.7240
5.6086
5.4942
5.3840
5.9179
5.5667
5.8013
5.8310
5.5766
5.9176
5.9972
5.6141
5.6524
5.9170
5.8580
5.9162
5.7159
5.7146
5.6776
5.4917
5.2698
5.5028
5.7892
5.4272
5.2920
5.3509
5.2749
5.2490
5.4073
5.7210
5.5528
5.4892
5.6677
5.5475
5.6829
5.5865
5.4560
5.4864
5.5413
5.7256
5.7500
5.5079
5.6649
5.5836
5.6324
5.6128
5.3828
5.7225
5.6716
5.7480
5.7166
5.2908
5.1233
5.5659
5.4637
5.2778
5.4841
5.4964
5.4362
5.5739
5.1834
5.6991
5.4568
5.5888
5.8474
5.5063
5.6316
5.6654
5.6423
5.8600
5.3236
5.2590
5.6731
5.7494
5.6296
5.5883
5.8205
5.5896
5.3886
5.4775
5.3889
5.6052
5.5425
5.2570
5.4883
5.6975
5.5301
5.4258
5.5922
5.7349
5.6756
5.7002
5.5899
5.7637
5.9243
6.0331
5.8578
5.7207
6.0025
5.6784
5.6371
5.8812
5.9403
5.9605
5.8401
5.7038
5.9523
5.8311
5.7019
5.7302
5.8503
5.6700
5.7024
5.5154
5.4592
5.2191
5.2980
5.3933
5.4908
5.5439
5.2927
5.1705
5.4407
5.5484
5.5815
5.4507
5.5566
5.4450
5.4737
5.5985
5.5604
5.4960
5.6509
5.2395
5.8456
5.7727
5.4976
5.6117
5.4544
5.4020
5.5489
5.4988
5.7908
5.7200
5.5976
5.8852
5.7006
5.5426
5.5192
5.4687
5.4143
5.6090
5.6467
5.5039
5.6500
5.4839
5.7049
5.7509
5.8486
5.8753
5.6378
5.4739
5.3840
5.5023
5.5407
5.3661
5.4802
5.5412
5.3574
5.2259
5.3279
5.3091
5.4754
5.2228
5.0088
5.2726
5.1209
5.2897
5.2395
5.2819
5.2322
5.1324
5.0498
5.1427
5.2542
5.3540
5.2149
5.1278
5.3121
4.9749
5.1687
5.1565
5.1660
5.5739
5.2461
5.4948
5.6967
5.6532
5.5771
5.4359
5.4170
5.4773
5.5164
5.7363
5.4783
5.2342
4.8946
5.1769
5.4816
5.3509
5.2879
5.2506
5.3142
4.9616
4.9500
4.9706
5.1035
4.8904
5.0682
4.9816
5.1309
5.5303
5.4877
5.5401
5.6309
5.6948
5.6347
5.5662
5.4914
5.7127
5.6424
5.9051
5.7351
5.6831
5.4914
5.5747
5.4778
5.4038
5.5667
5.9573
5.5879
5.4204
5.6568
5.6156
5.3981
5.2534
5.5434
5.4627
5.6122
5.3767
5.3512
5.3343
5.3448
5.3675
5.4762
5.4239
5.4322
5.6691
5.4249
5.5672
5.2753
5.6386
5.4653
5.7383
5.4804
5.2565
5.5536
5.7192
5.4147
5.4025
5.3675
5.6894
5.5314
5.3651
5.4418
5.6266
5.9053
5.6250
5.4088
5.5003
5.6822
5.5586
5.5431
5.5806
5.5262
5.5306
5.6265
5.6418
5.4728
5.4525
5.6714
5.6513
5.7344
5.6034
5.3412
5.3283
5.5396
5.3539
5.5434
5.1109
5.3010
5.1210
5.4443
5.6817
5.5570
5.3810
5.4478
5.5435
5.3701
5.2586
5.4738
5.4113
5.1613
5.2383
5.3115
5.3021
5.1959
5.3995
5.1764
5.1584
5.3493
5.2166
5.2450
5.3346
5.4310
5.6336
5.5021
5.3821
5.3153
5.4572
5.2946
5.3235
5.5978
5.5237
5.3622
5.4537
5.5763
5.6442
5.4416
5.2977
5.5796
5.3859
5.3736
5.2857
5.5657
5.6393
5.4803
5.5225
5.3984
5.4185
5.2948
5.5960
5.6111
5.8337
5.9539
5.6969
5.6799
5.7170
5.6090
5.7566
5.5653
5.5361
5.8211
5.3441
5.4295
5.8114
5.6326
5.4269
5.3127
5.3940
5.5998
5.3562
5.5608
5.5326
5.6844
5.6678
5.4995
5.6977
5.9096
5.8355
5.8663
6.1326
5.7217
5.8098
5.9776
6.1851
5.9223
5.8039
5.6889
5.4690
5.3137
5.3409
5.4304
5.2600
5.2651
5.1975
5.2995
5.5224
5.3792
5.7538
5.7631
5.7122
5.6198
5.6584
5.6558
5.8930
5.4068
5.5884
5.8203
5.5945
5.7112
5.8410
6.0199
5.6823
5.5088
5.5223
5.4832
5.6980
5.2500
5.2408
5.3204
5.5724
5.5333
5.3716
5.5991
5.7104
5.7170
5.8143
5.7452
5.5022
5.6438
5.3369
5.8229
5.5946
5.7437
5.3903
5.4914
5.7216
5.7377
5.6645
5.6185
5.6943
5.7532
5.5689
5.5558
5.6638
5.6581
5.5444
5.5646
5.6010
5.5401
5.5410
5.6323
5.2268
5.3003
5.3807
5.2841
5.6425
5.6142
5.7200
5.8032
5.5975
5.4655
5.3565
5.4461
5.4312
5.4858
5.6026
5.4697
5.5413
5.1419
5.3127
5.3456
5.3543
5.4198
5.3019
5.2690
5.0353
5.3097
5.2385
5.3669
5.3427
5.4284
5.5369
5.4996
5.7141
5.6660
5.6235
5.5809
5.5306
5.3785
5.2836
5.5963
5.5003
5.7030
5.3733
5.4429
5.1993
5.4252
5.3145
5.3178
5.2656
5.1126
5.0986
5.1871
5.1062
5.5192
5.4038
5.2548
5.4208
5.5210
5.7840
5.8442
5.5799
5.4204
5.4621
5.5871
5.6091
5.7466
5.5541
5.6930
5.6868
5.5644
6.1311
5.9188
6.1619
6.0466
5.9646
5.6811
5.7138
5.4449
5.5470
5.6293
5.7012
5.7146
5.8287
5.2894
5.8141
5.5947
5.8349
5.4334
5.4532
5.5616
5.6348
5.5042
5.7483
5.6071
5.8139
6.0132
5.9271
5.8905
5.9930
5.8726
5.9936
5.7688
5.7733
5.6390
5.7008
5.5923
5.6141
5.6776
5.7096
5.6513
5.3561
6.0224
5.7778
5.6113
5.6502
5.6011
5.6340
5.5059
5.7707
5.4802
5.5767
5.7876
5.8184
5.9388
5.4858
5.5789
5.6843
5.6326
5.7858
5.3682
5.6368
5.7681
5.7191
6.0638
6.1219
5.7517
5.8753
5.7346
5.6757
5.4884
5.5240
5.4975
5.5282
5.4847
5.3259
5.6025
5.6348
5.4518
5.6004
5.4258
5.3064
5.6243
5.3778
5.5766
5.5948
5.5837
5.6043
5.5543
5.4130
5.4228
5.4434
5.4293
5.5644
5.8225
5.9223
5.6312
5.5065
5.6724
5.8363
5.6717
5.4373
5.4222
5.5806
5.6845
5.7343
5.5376
5.6055
5.3395
5.6995
5.7416
5.5244
5.5942
5.6646
5.3574
5.3729
5.4076
5.5298
5.5941
5.8749
5.8206
5.5270
5.6308
5.8084
5.4513
5.8437
5.3403
5.7109
5.6355
5.6682
6.1087
5.8971
5.8786
5.8015
5.7095
5.7681
5.6655
5.8310
5.7737
5.7101
5.6129
5.6795
5.6072
5.6480
5.5016
5.7048
5.9487
5.4495
5.8257
6.0262
6.0246
5.7972
5.7830
5.6643
5.2072
5.7037
5.7377
5.7590
5.7646
5.5940
5.8363
5.6118
5.6710
5.8601
5.8418
5.7333
5.6166
5.7437
5.4596
5.6904
6.0020
5.9426
5.6406
5.7207
5.6180
6.0665
5.5869
5.8233
5.9361
5.6114
5.3059
5.4426
5.4739
5.3428
5.6366
5.5667
5.7359
5.4882
5.3191
5.3329
5.5203
5.6596
5.6725
5.7517
5.7691
5.9937
5.9220
5.8278
5.9643
5.7376
5.5783
5.6690
5.8972
5.6088
5.8327
5.8300
5.7716
5.8633
5.5814
5.7905
5.7652
5.6355
5.4107
5.7687
5.7025
5.6487
5.5777
5.4480
6.0490
5.8528
5.8712
5.7450
5.4813
5.7199
5.6383
5.8649
5.5576
5.8809
6.1272
5.9246
5.4706
5.5284
5.3164
5.4399
5.2052
5.6695
5.5075
5.7768
5.6480
5.7857
5.5079
5.7624
5.6229
5.7467
5.8626
5.8395
5.6162
5.7089
5.3166
5.4142
5.4794
5.4597
5.4656
5.6796
6.1086
5.9681
6.0801
5.8767
5.8573
5.8273
6.0271
5.8865
5.7724
5.7702
5.7486
5.6372
5.4644
5.6457
6.0143
5.5015
5.8361
5.7376
5.7889
5.7644
5.8720
6.0305
5.9181
5.8428
5.9254
5.7136
5.8262
6.0744
5.9508
5.6557
5.7214
5.8985
5.9474
5.7993
5.5331
5.7556
5.4117
5.6785
5.6889
5.7100
5.5112
5.6664
5.5139
5.3299
5.5068
5.7013
5.5280
5.7137
5.9095
5.4639
5.5621
5.7487
5.7455
5.9571
5.5753
5.6996
5.6916
6.0759
5.9014
5.5274
5.6805
5.3979
5.5580
5.6496
5.5233
5.4676
5.7734
5.7780
5.4838
5.9149
5.7112
5.8652
5.7984
6.1305
5.9145
5.7022
5.7327
5.5384
5.7057
6.1028
5.5000
5.5840
5.6346
5.6221
5.5280
5.6977
5.6307
5.8928
5.7247
5.6212
5.5767
5.6799
5.6645
5.7520
5.3681
5.6627
5.5633
5.7211
5.7780
5.6644
5.8251
5.7798
5.4404
5.4784
5.7016
5.7209
5.9200
5.9708
5.8618
6.0560
5.9657
5.9039
5.6313
5.6127
5.7259
5.6298
5.5828
5.7483
5.7419
5.6201
5.8943
5.4781
5.5569
5.5961
5.6541
5.7869
5.6538
5.5758
5.6315
5.6923
5.7334
5.7577
5.6187
5.3780
5.5035
6.0655
5.9725
5.9584
5.6751
5.7139
5.7099
5.6204
5.8157
5.6344
5.8806
5.5206
5.7339
5.5138
5.6166
5.5900
5.6608
5.4714
5.6506
5.7806
5.5913
5.6819
5.4690
5.4174
5.3929
5.2726
5.3480
5.3314
5.3413
5.7118
5.6178
5.6322
5.1370
5.3762
5.6127
5.5884
5.7006
5.5032
5.6329
5.7198
5.6583
5.7392
5.6408
5.7285
5.7180
5.5785
5.4883
5.4604
5.3231
5.6637
5.3028
5.4335
5.3170
5.5242
5.1740
5.3382
5.4037
5.4220
5.4217
5.5460
5.7663
5.5753
5.4530
5.3912
5.3840
5.7516
5.3645
5.6616
5.6777
5.6374
5.5072
5.8046
5.6231
5.6004
5.8921
5.5334
5.7615
5.5058
5.4303
5.4459
5.7631
5.5243
5.3973
5.3104
5.3465
5.6773
5.3866
5.6962
5.4978
5.7001
5.8083
5.5739
5.5843
5.4434
5.7890
5.3243
5.6757
5.6823
5.5760
5.3260
5.6790
5.5636
5.6413
5.4261
5.4659
5.6229
5.4701
5.4435
5.7978
5.7393
5.6200
5.8500
5.8685
5.7675
5.9046
5.8735
6.1559
5.8851
5.7410
5.5708
5.6740
5.5339
5.5413
5.6089
5.9504
5.8107
5.8044
5.8287
5.8900
5.6372
5.6033
6.0669
5.6695
5.5431
5.5395
5.5729
5.5264
5.6500
5.6157
5.5470
5.3205
5.4634
5.6660
5.3395
5.5658
5.3611
5.4790
5.4640
5.3827
5.6598
5.3633
5.6834
5.6647
5.6090
5.5945
5.7659
5.6862
5.5365
5.5833
5.6935
5.5837
5.7888
5.9400
5.8598
5.7698
5.9203
5.9846
5.9392
5.9714
5.6963
5.7053
5.5325
5.4217
5.5837
5.6755
5.3677
5.1030
5.2184
5.0821
5.4595
5.3613
5.5708
5.6230
5.5112
5.6515
5.4261
5.6554
5.5148
5.5360
5.4524
5.4795
5.3708
5.4256
5.1869
5.5698
5.3322
5.2522
5.1404
5.2168
5.2865
5.5236
5.6434
5.6538
5.9426
5.7041
5.5823
5.4265
5.4600
5.4964
5.7193
5.7356
5.8241
5.7137
5.9029
5.9469
5.8463
5.5517
5.3183
5.5059
5.4436
5.4330
5.5530
5.6457
5.4360
5.3636
5.5279
5.2753
5.6248
5.5608
5.5615
5.6810
5.6510
5.7146
5.5268
5.5403
5.6531
5.7844
5.9016
5.6752
5.6589
5.6905
5.7097
5.7092
5.7051
5.5213
5.5722
5.5312
5.7265
5.5057
5.8235
5.6127
5.7573
5.6775
5.2877
5.5019
5.6140
5.5046
5.6440
5.2498
5.3074
5.3272
5.2084
5.1229
5.3788
5.2343
5.3168
5.0672
5.3282
5.5092
5.5793
5.5379
5.8482
5.7571
5.8341
5.7041
5.7439
5.5635
5.4046
5.8738
5.7272
5.6169
5.5245
5.5327
5.5978
5.8118
5.5006
5.6002
5.4140
5.5703
5.3412
5.6259
5.6193
5.4936
5.5725
5.6121
5.3831
5.5452
5.5319
5.4324
5.6412
5.4088
5.5525
5.4517
5.5497
5.5553
5.5903
5.5723
5.4677
5.5517
5.5877
5.4970
5.5145
5.3882
5.6253
5.7059
5.3971
5.6363
5.4000
5.4050
5.6558
5.6122
5.5443
5.5350
5.5410
5.5460
5.4533
5.5217
5.5124
5.5039
5.3455
5.5041
5.4652
5.7079
5.3823
5.9273
5.6082
5.4849
5.4552
5.0129
5.2979
5.4283
5.3915
5.3789
5.2892
5.5859
5.5122
5.5297
5.2975
5.3437
5.5646
5.5464
5.5137
5.6540
5.4384
5.2878
5.4684
5.2190
5.3947
5.6817
5.8662
5.8808
5.7682
5.7388
5.8095
5.7148
5.7153
6.0147
5.7811
5.4844
5.8384
5.6756
5.6735
5.4619
5.6645
5.5419
5.6089
5.6984
5.4132
5.3901
5.6659
5.4910
5.5376
5.6621
5.5827
5.6561
5.4735
5.5183
5.8030
5.6028
5.3394
5.6479
5.6735
5.7822
5.9152
5.8895
5.6462
5.5214
5.3304
5.4940
5.5156
5.5922
5.6361
5.4499
5.5453
5.7176
5.7500
5.7218
5.7983
5.7882
5.6717
5.5669
5.3377
5.3908
5.6321
5.8495
5.6355
5.5386
5.3927
5.6182
5.4106
5.6284
5.8016
5.4923
5.7982
5.6337
5.2640
5.5495
5.9465
5.8941
5.8330
5.8539
5.8822
5.8175
5.7349
5.7981
5.7996
5.8896
5.5930
5.4181
5.8178
5.6833
5.8785
5.7165
6.0376
5.9367
5.8016
5.8322
5.7000
5.6749
5.8142
5.7132
5.7480
5.6525
5.3955
5.4588
5.4518
5.4724
5.6867
5.5020
5.5014
5.3012
5.6873
5.3934
5.5570
5.5998
5.4633
5.3824
5.6363
5.6734
5.3982
5.4490
5.4643
5.4746
5.7396
5.6683
5.6882
5.5820
5.5585
5.4105
5.5199
5.4430
5.0324
5.4319
5.5072
5.7710
5.5674
5.5187
5.3899
5.3601
5.4137
5.7661
5.7676
5.7331
5.8392
5.8073
5.3807
5.3230
5.3971
5.5243
5.6104
5.5758
5.4901
5.7343
5.3480
5.5309
5.7355
5.5806
5.7248
5.4879
5.8260
5.8853
5.7122
5.7301
5.7300
5.4516
5.4464
5.5427
5.4647
5.5037
5.5261
5.3740
5.3950
5.5143
5.7004
5.8084
5.6720
5.3755
5.5167
5.4062
5.4429
5.6993
5.5306
5.5740
5.5326
5.7772
5.6676
5.9879
5.6346
5.6532
5.7951
5.8128
5.8833
5.8267
5.7421
5.8899
5.7096
5.7678
5.4505
5.5356
5.5475
5.7569
5.7172
5.7775
5.5871
5.7543
5.5218
5.4521
5.5911
5.4643
5.5497
5.4457
5.5905
5.5635
5.7464
5.6239
5.4197
5.4986
5.5812
5.6024
5.6549
5.4174
5.5649
5.6187
5.7122
5.5935
5.8343
5.7359
5.7959
5.7098
5.5000
5.6153
5.5364
5.5967
5.8153
5.5230
5.6259
5.8976
5.8287
5.6969
5.6773
5.5475
5.6459
5.4206
5.7221
5.6575
5.6594
5.7459
5.5008
5.5824
5.5763
5.5771
5.3998
5.4273
5.4653
5.4763
5.5297
5.5676
5.6002
5.7338
5.6303
5.2912
5.4374
5.5159
5.4214
5.4166
5.6691
5.3453
5.5070
5.2670
5.2288
5.5505
5.8376
5.6804
5.6160
5.6947
5.6606
5.4828
5.6548
5.6366
5.4210
5.3999
5.9555
5.9018
5.6547
5.6843
5.4858
5.5720
5.5471
5.4831
5.4869
5.2520
5.6376
5.8510
5.8663
5.7203
5.6612
5.4887
5.3429
5.6351
5.5183
5.6857
5.5364
5.7245
5.5858
5.7173
5.8223
5.7694
5.7356
5.6104
5.5023
5.9427
5.9800
5.8823
5.5676
5.7728
5.7516
5.6672
5.6413
5.7374
5.7528
5.6311
5.5821
5.5265
5.7265
5.9792
5.9269
5.7276
5.7070
5.7709
5.7117
5.3524
5.4270
5.4168
5.3677
5.2906
5.3541
5.5312
5.5172
5.4916
5.9029
5.6657
5.6114
5.5516
5.4514
5.5099
5.2895
5.3352
5.4832
5.4615
5.2730
5.5680
5.6690
5.6613
5.5451
5.4661
5.2670
5.4022
5.5491
5.6505
5.3488
5.6014
5.1843
5.2937
5.3321
5.3662
5.3167
5.6090
5.6266
5.4295
5.2948
5.2686
5.5133
5.2514
5.3363
5.4910
5.2234
5.3602
5.4803
5.6045
5.7579
5.6228
5.8746
5.6651
5.9299
5.7837
6.3502
5.9134
5.7678
5.6056
5.5512
5.3912
5.6371
5.6794
5.5054
5.4346
5.7546
5.6031
5.9288
5.3170
5.3850
5.5304
5.4187
5.3460
5.9331
5.9153
5.8127
5.8471
6.1661
5.7762
5.8358
5.8936
6.1552
5.9289
5.8932
6.0658
5.9636
5.8819
5.8304
5.9289
5.7543
5.8224
5.5384
5.8156
6.0194
5.7259
5.9895
5.8023
5.5788
5.7036
5.5117
5.5949
5.4752
5.3974
5.3803
5.3545
5.8586
5.4930
5.6154
5.6835
5.5415
5.7289
5.6080
5.2667
5.2190
5.5711
5.4882
5.6494
5.4714
5.7947
5.6616
5.5467
5.4050
5.3642
5.3393
5.5175
5.5221
5.6139
5.6424
5.4647
5.3021
5.4638
5.4880
5.4202
5.5146
5.1739
5.3667
5.6127
5.3591
5.6527
5.6012
5.1948
5.5783
5.4073
5.2058
5.4234
5.4085
5.6297
5.6673
5.8701
5.7373
5.6416
5.1056
5.2220
5.5104
5.4649
5.3866
5.4401
5.4979
5.5068
5.3582
5.4827
5.5362
5.5774
5.5341
5.3088
5.4554
5.3498
5.5087
5.2561
5.2128
5.5437
5.3322
5.4473
5.5149
5.3527
5.1817
5.3884
5.2656
5.3779
5.4474
5.3251
5.3779
5.1037
5.6292
5.7769
5.7292
5.8877
5.6268
5.5022
5.5977
5.4386
5.6613
5.6871
5.8511
5.7326
5.5961
5.8077
5.6844
5.8359
5.6993
5.8888
5.7378
5.8151
5.6718
5.8023
5.7213
5.7149
5.9245
5.8477
6.1081
6.0342
5.7509
5.6459
5.7087
5.6683
5.7195
5.7150
5.7087
5.8820
6.1757
5.6676
5.7810
5.6914
5.9470
5.6266
5.8674
5.8758
6.3918
5.9177
6.1330
5.9298
5.8684
5.9136
5.7824
5.8995
5.8616
6.2462
6.1011
6.1140
5.8428
6.1178
6.2513
6.3918
6.2320
6.0327
5.9885
6.0065
5.9440
6.2031
6.1720
6.1801
5.9576
5.8640
5.5062
5.7298
5.6778
5.6662
5.6732
5.4545
5.5818
5.6095
5.3998
5.4660
5.5087
5.6160
5.3783
5.4067
5.4171
5.7276
5.2116
5.3856
5.4514
5.6422
5.7611
5.8966
5.7940
5.6254
5.4067
5.7032
5.5052
5.4529
5.5058
5.4297
5.6475
5.6263
5.6117
6.2090
5.7179
5.5729
5.5933
5.5907
5.6811
5.8106
5.7193
6.0238
6.1038
5.8528
6.0616
5.8688
5.9233
6.0724
5.7722
6.2510
6.0400
6.0768
5.8624
5.7971
6.0580
5.8972
6.1908
6.0082
6.3150
5.8868
5.7908
5.8028
5.7496
5.6032
5.4378
5.4854
5.5732
5.3776
5.3955
5.7581
5.5568
5.5723
5.5028
5.3111
5.3135
5.4282
5.1702
5.1798
5.5163
5.6011
5.9684
5.9791
5.6763
5.5958
5.7869
5.7344
5.5752
5.8441
5.7471
5.7361
5.6234
5.5645
5.5003
5.5905
5.6487
5.7105
5.7220
5.7133
6.0048
5.7725
5.6237
5.6411
5.5138
5.8049
5.5356
5.6447
5.6275
5.7887
5.6469
5.7994
5.6778
5.7842
5.9687
5.8703
5.7825
5.3331
5.2385
5.5905
5.6710
5.8532
5.7021
5.3380
5.3397
5.4380
5.3070
5.5428
5.4520
5.3972
5.5247
5.4066
5.6225
5.4529
5.3511
5.4275
5.5028
5.6639
5.5172
5.3418
5.4504
5.3907
5.3802
5.3753
5.3657
5.4279
5.5064
5.4843
5.8159
5.7073
5.7958
5.5248
5.4376
5.5058
5.6223
5.5252
5.4772
5.2953
5.2178
5.4418
5.2245
5.3623
5.6783
5.6386
5.3838
5.3898
5.4797
5.2271
5.2663
5.3323
5.2746
5.1869
5.1986
5.2797
5.3389
5.4510
5.6476
5.6446
5.6457
5.5747
5.5314
5.4614
5.4346
5.6159
5.9168
5.7505
5.6573
5.7118
5.7165
5.6229
5.7258
5.7764
5.5392
5.4651
5.7185
5.6466
5.7546
6.0383
5.8058
5.7907
5.7370
5.6560
5.7425
5.6666
5.9576
6.1724
5.9875
6.2907
6.2063
6.0982
6.0408
6.4480
6.0618
6.0315
5.9090
6.0700
5.9608
6.0842
6.2287
5.9545
6.0443
6.2934
5.8879
5.8342
6.1340
6.0464
5.9547
6.2608
5.8989
5.8891
5.9103
5.7861
5.9468
6.1106
5.6908
5.7793
5.8576
6.0451
5.9580
5.8497
5.9212
6.0310
5.7752
5.6158
5.6731
5.6657
5.4691
5.5861
5.6171
5.6854
5.7949
5.7017
6.1203
6.1571
6.0523
6.1785
6.0179
5.9105
6.0542
6.1425
5.9139
6.1141
6.4999
6.0744
6.1652
6.0516
5.9578
6.1268
5.8930
6.0019
5.9428
5.8317
6.1733
5.8844
5.9558
5.8536
5.9292
5.7614
5.7224
5.5988
5.6435
6.0451
6.2544
5.9726
6.1391
6.0663
6.1045
5.8613
5.9985
5.9364
6.0377
5.9968
5.8792
6.1368
6.0913
5.9164
5.8767
6.0772
5.5423
5.9283
5.9322
5.8938
6.0906
6.0418
5.8282
6.1912
5.9887
5.6419
5.7665
5.8598
5.8980
5.4515
5.6252
5.5391
5.7738
5.8124
5.8370
5.7595
5.6506
5.6777
5.6301
5.6049
5.6186
5.3251
5.5992
5.6311
5.5115
5.4376
5.3874
5.3229
5.3787
5.6809
5.5539
5.7386
5.7126
5.6660
5.6539
5.7852
5.6522
5.6001
5.6331
5.5767
5.6099
5.5060
5.7285
5.7712
5.4608
5.5571
5.5390
5.4825
5.8121
5.5892
5.7486
5.6302
5.2266
5.4315
5.3603
5.2230
5.5797
5.4997
5.5573
5.5961
5.8227
5.5772
5.7684
5.7010
5.5376
5.6587
6.0158
6.0624
6.1198
5.9067
5.8241
5.7468
5.7147
5.6418
5.8365
5.7364
5.6937
5.7699
5.8685
5.9665
6.0532
6.1475
5.9373
5.8551
5.8174
5.3507
5.5874
5.4627
5.5884
5.6620
5.8676
5.7982
5.6577
5.6068
5.4831
5.7042
5.8492
6.0760
6.0235
5.9730
6.2913
6.2568
6.0604
5.8640
6.1690
6.0486
5.7689
5.7133
5.5703
5.5941
5.4522
5.5461
5.5991
5.6256
5.8705
5.5862
5.5383
5.7416
5.6804
5.7414
5.6159
5.5654
5.6250
5.5841
5.6396
5.7527
5.7974
5.5623
5.6174
5.8293
5.6240
5.7292
5.8130
5.8608
6.0394
6.0389
6.1910
6.2320
6.2462
5.9063
6.1227
5.8319
5.7659
5.7022
5.5933
5.7919
5.8151
5.8958
5.7746
5.9021
5.9324
5.9719
5.8064
6.1184
5.9115
6.1203
6.0020
5.8056
6.1202
6.3052
6.0780
5.9230
5.8926
6.0420
6.1342
6.3129
5.9682
6.1758
5.9502
6.0168
6.2434
6.3037
5.9654
5.9705
5.5267
5.7626
5.8702
5.8299
6.0418
5.9589
5.9311
6.0280
5.9061
6.0061
5.8966
6.2901
6.2140
5.9778
5.6811
5.6562
5.7897
5.6381
5.9519
6.0827
5.8261
6.2703
5.9580
6.2366
6.2527
6.1456
5.9212
5.9569
6.0390
6.2050
6.0770
6.1046
6.0382
5.9851
5.8681
6.0864
5.9706
6.1369
6.1120
6.0692
6.0936
6.2787
6.3170
6.2957
6.0954
6.0775
6.0799
5.9706
6.1131
6.0675
6.1248
6.0191
5.9849
6.1775
6.1048
6.2701
5.8029
5.7202
5.7240
5.8739
5.6416
5.6124
5.6955
5.8822
5.8920
5.8694
5.8178
6.0199
5.9257
5.9492
5.8559
5.8818
6.2055
6.1491
5.8577
6.0078
6.0388
5.9388
5.9820
5.9693
6.2526
6.4131
5.8523
5.8718
5.9791
6.2229
5.8954
6.1779
6.1694
6.1302
6.1011
5.9939
5.6401
5.7711
5.8137
5.9205
6.0244
5.9381
5.9661
5.9224
6.3660
6.0575
5.9778
5.9574
6.3375
6.1712
6.0438
6.0469
6.0898
6.0553
6.1396
6.1055
6.0355
5.9733
5.7398
5.9546
6.0628
6.1007
6.1647
6.2419
6.0954
5.8436
5.9112
5.9021
5.8115
5.6573
5.6846
5.7443
5.8037
5.8150
5.7439
5.6558
5.8769
5.6263
5.6970
5.8007
5.6731
5.9510
5.9860
5.9696
6.0709
6.0981
5.9870
6.0622
6.0861
6.0737
6.0781
5.9972
5.9545
6.0818
6.1057
6.1681
6.0474
6.1320
5.8173
5.7933
6.1380
5.8747
6.0609
6.0265
6.0672
6.0093
5.9954
6.0737
6.2543
6.3043
6.3770
6.0332
6.0922
5.9830
5.9384
5.7675
5.5793
5.6433
5.4990
5.6856
5.9347
6.0250
5.9741
5.7519
6.0138
6.1678
5.8740
5.9540
6.1848
5.9486
5.7010
5.9062
5.7327
5.6067
5.6459
5.8467
5.9863
5.8589
5.7001
5.8721
5.9507
5.7135
5.7836
5.5829
5.6545
5.5357
5.7436
5.9528
5.6555
5.7614
6.1029
5.9267
5.8460
5.7979
5.8236
5.8672
5.8212
5.8256
5.7112
5.9919
5.8160
5.7805
5.9242
5.8633
6.0930
6.1560
6.3353
6.2533
6.1942
6.4182
6.3440
6.2884
6.2304
6.3651
6.0441
6.0087
6.0778
6.4709
5.9270
6.1829
6.3948
6.3510
6.2273
6.1260
5.9680
6.1746
6.0608
5.8630
6.0893
5.8970
5.8014
6.0107
6.1719
5.8431
6.1242
5.8968
5.6716
5.7151
5.7571
5.9184
6.0295
5.8455
5.7228
6.0035
5.8686
5.8588
5.8899
6.0351
6.0525
6.0396
5.9755
5.9077
6.3009
5.8572
5.8280
5.9604
6.0636
5.7053
5.8924
6.3959
6.1281
5.9712
6.1519
5.9731
5.8691
5.7783
5.8280
5.9451
5.7795
5.7675
5.8355
6.0772
6.0874
5.9401
5.8098
5.7243
5.9120
5.7671
5.6798
5.6234
5.8545
5.6368
5.7248
5.6655
5.5841
5.5119
5.8195
5.9660
5.6978
5.4877
5.6337
5.9466
5.8482
5.9067
5.7509
5.6966
5.7122
5.7038
5.9900
5.9925
6.0415
5.8677
5.7393
5.8058
5.8545
6.0524
5.8836
6.1371
6.2623
6.3835
6.2886
6.4109
6.3571
6.2846
6.3111
6.0818
6.3186
6.4613
6.3079
6.2277
6.1540
6.0931
5.9921
5.7096
5.9073
5.8778
5.9377
5.8758
5.9181
5.8872
6.0799
6.0756
6.0700
6.0646
6.2380
6.2563
6.0841
6.2686
6.2764
6.4172
6.5017
6.2717
6.2153
6.1951
6.2197
6.3972
6.3625
6.1494
6.2674
6.2044
5.9771
6.2109
6.3214
6.3520
6.1807
6.0748
6.2697
6.3303
6.0280
6.1548
6.0412
6.2064
6.3787
6.2048
5.8128
6.0744
6.4063
6.3004
6.2804
6.2346
6.1592
5.9231
6.0956
6.1507
6.0659
6.2486
5.9045
6.0569
5.8893
5.7643
5.8835
5.9294
5.8433
5.6152
5.9460
6.0581
5.8321
5.7387
6.1862
6.1143
5.6959
5.9221
6.0814
5.7066
6.0506
6.0404
6.2633
6.1263
6.2984
6.1614
6.1391
5.8905
6.1380
6.1371
5.9834
5.9572
5.8354
5.9759
6.0288
6.0115
6.0541
5.9648
6.1542
6.0260
5.9584
6.2923
6.3732
6.3980
6.2034
6.3399
6.5203
6.3146
6.3857
6.4838
6.4572
6.3291
6.6325
6.5717
6.6387
6.6201
6.3117
6.4339
6.2840
6.1188
5.9507
5.9747
6.2571
6.1043
6.1567
6.1804
6.1552
5.9612
6.2025
6.3117
6.3650
6.0345
6.2046
6.2644
5.9960
6.1445
6.1090
6.1522
6.0668
6.2719
6.0694
6.2355
6.3303
6.1513
6.0310
6.1796
6.1552
6.0026
5.8076
5.9125
6.0350
5.9169
5.7809
5.7105
6.0061
5.8810
6.2510
6.4343
5.9590
6.0319
5.9850
5.9463
5.7274
5.9264
6.1027
5.7817
5.7297
5.7130
5.9300
5.9793
5.9337
5.9330
6.0999
5.9864
5.8069
5.7155
5.7825
5.7757
5.6353
5.6116
5.6429
5.6668
5.5954
5.4796
5.5476
5.9085
5.8902
5.6270
5.7372
5.5260
5.7351
5.8445
5.9464
5.8925
6.0366
5.8877
5.7644
5.7416
5.6221
5.9347
5.9382
5.6568
5.7057
5.6067
5.8680
5.9932
5.9272
6.0566
5.6892
5.6669
5.9189
5.8685
5.8169
6.0162
