4.8172
4.6418
4.7433
4.5881
5.0055
5.4583
5.2724
5.2820
4.9004
4.6852
4.4527
4.6012
4.5165
4.1410
4.1668
4.2271
4.2939
4.2385
4.0342
4.0047
4.1536
4.3102
4.2419
4.1519
4.2726
4.4748
4.3527
4.7066
4.5437
4.5969
4.6552
4.5489
4.6235
4.3213
4.2322
4.3624
4.3635
4.5765
4.8258
4.6969
4.3626
4.3043
4.7716
4.7244
4.6636
4.4812
4.4188
4.5572
4.5749
4.5862
4.5534
4.4280
4.4121
4.2808
4.4241
4.2743
4.5943
4.7312
4.8452
4.6277
4.4450
4.2801
4.2558
4.3393
4.4003
4.5371
4.6634
4.5914
4.5735
4.6771
4.9199
4.7191
4.8648
4.8160
4.8884
4.6670
4.5429
4.7851
4.4877
4.7036
4.6209
4.6181
4.5197
4.4876
4.5448
4.3917
4.4462
4.3171
4.2690
4.4324
4.3911
4.3554
4.2266
4.1411
4.1942
4.2383
4.2703
4.3619
4.3413
4.6148
4.5036
4.5813
4.4935
4.5940
4.7126
4.6859
4.7608
4.8600
4.7341
4.7881
4.8255
4.8619
4.6982
4.7466
4.8602
5.0582
4.8681
5.0689
4.8682
4.8849
4.9625
5.0196
5.0194
4.8398
5.1519
4.8167
4.8712
4.8471
4.8605
4.9685
5.1194
4.9475
4.9257
4.5484
4.9012
4.8224
4.9365
4.9006
4.8224
4.8520
4.7597
4.6189
4.6027
4.6648
4.6920
4.6596
4.7701
4.9907
5.0042
4.8422
4.8575
4.8254
4.9062
5.0192
4.9358
4.7626
4.9551
4.9889
4.9659
4.8144
4.9082
4.9179
4.5243
4.8397
4.5489
4.4938
4.5855
4.6008
4.7464
4.9765
4.9204
4.8707
4.7226
4.8549
4.8680
4.7243
4.8049
4.7840
4.8303
4.9101
4.9113
4.9376
4.7172
4.8590
4.8258
4.5783
4.6634
4.8089
4.6429
4.8998
4.6319
4.8035
4.7330
4.7194
4.7764
4.6170
4.6493
4.3559
4.6247
4.6036
4.8011
4.3763
4.4167
4.6921
4.5258
4.5122
4.6233
4.8698
4.6896
4.7496
4.7962
4.8048
4.7760
4.8634
4.6077
4.5636
4.6390
4.6727
4.5624
4.5690
4.5937
4.7579
4.7069
4.9650
4.5505
4.5181
4.6276
4.8379
4.6557
4.4094
4.5996
4.9738
4.6579
4.9977
5.2723
4.9475
4.7863
4.6141
4.6829
4.8101
4.8736
5.1063
5.0892
5.0929
5.0288
5.1877
5.2620
5.0637
4.8817
4.8703
4.8224
4.8877
4.9856
4.8609
5.0236
5.2296
5.2859
5.1858
5.2162
5.1195
5.2719
5.3422
5.2289
5.0394
5.0807
5.0652
5.2266
5.2459
5.1536
5.0516
4.9968
5.2771
4.9416
5.1863
5.1177
4.9827
4.9062
5.0676
4.9916
5.1976
4.9720
4.9761
4.9030
4.9823
4.9083
4.8978
4.8899
4.5721
4.7907
4.7577
4.8763
4.9632
4.7783
4.8578
5.0026
5.2056
5.1151
5.1047
4.9225
4.6169
4.9503
4.9268
4.8542
4.7483
4.6242
4.9419
4.9010
4.9361
5.0789
5.2502
4.9460
5.2074
5.1164
5.2099
5.2904
5.4952
5.1451
5.0687
5.1600
5.0658
5.0629
4.9552
5.0773
4.9989
4.9343
4.9096
5.0182
4.9099
4.8089
5.0613
4.9675
5.0500
5.2075
5.4087
5.2457
5.2499
5.3182
5.3120
5.3006
5.1391
5.2868
5.2260
5.1963
5.1566
5.2065
5.1940
5.1281
5.0857
5.0157
4.8136
5.0247
5.0289
4.9959
4.9414
4.9159
5.3203
5.1141
5.0846
4.9835
5.0605
4.9317
4.9259
4.9818
5.1796
5.0137
4.9264
4.9394
4.9980
5.0253
4.9974
5.3193
5.3486
5.1890
5.0909
4.9300
5.1866
5.0585
5.2046
5.2179
5.0991
5.1292
4.9168
5.0106
5.2509
5.1112
5.0167
5.0662
5.1169
5.3222
5.2311
5.3081
5.0740
4.9664
5.0124
4.9795
5.0910
4.9769
5.0087
5.1016
5.2872
5.0892
5.0433
4.8128
5.1188
5.1826
5.0224
5.0580
5.1145
5.2785
5.1224
5.1044
5.0716
5.0789
5.1810
5.3221
5.1603
5.1552
5.1736
5.2340
5.0682
5.1827
5.0787
5.1817
5.3397
5.2374
5.2088
5.2777
5.2480
5.2426
5.2580
5.3782
5.0742
4.9962
5.2426
5.1358
5.1673
5.0211
5.1761
5.1890
4.8689
5.0473
5.1536
5.1500
4.9385
4.8811
5.1340
5.0963
5.1584
4.9264
5.0643
5.0168
5.2176
5.0569
5.2132
4.9584
4.9943
4.8305
4.8066
4.8926
4.7574
4.7416
5.0611
4.9196
5.2444
5.2332
5.1117
5.0889
4.9498
5.1952
5.3301
5.0913
5.1264
5.0513
5.1849
5.1745
5.1764
5.1187
5.0854
4.9107
5.0421
5.1548
5.0689
5.0246
5.1132
5.1617
5.1511
4.9138
4.9530
4.9522
5.0467
5.0479
4.7884
4.8255
4.7775
4.8682
4.9283
4.9694
5.0620
4.9246
4.9098
4.8686
5.0208
4.8135
4.6099
5.0326
4.8740
4.6717
4.8746
4.8181
5.0117
4.7469
4.6129
4.6001
4.7781
4.8406
5.0570
5.0004
4.8076
4.8881
4.9386
5.0223
4.9378
4.9254
4.7137
4.7360
4.9075
4.9236
5.1191
4.9791
5.0533
4.9992
5.1074
5.0768
5.0009
4.9771
4.9166
5.0049
5.0419
5.0932
5.0041
4.9921
4.8808
4.8429
4.7215
4.9897
4.9359
4.8847
4.7539
4.8135
4.9984
4.9498
4.6792
4.9755
4.9511
5.0754
4.9400
5.0962
4.9519
5.0857
4.9355
5.0560
5.0326
4.7991
4.8467
4.8603
5.0086
4.8745
5.1496
5.0314
5.0325
5.0873
5.1753
5.1731
5.0951
5.1711
5.4881
5.2044
5.0341
5.3411
4.9727
5.1789
5.0214
4.8633
5.0607
5.0703
5.0794
4.9527
5.0928
4.8423
5.0236
5.1035
4.9376
5.0484
4.8542
4.8679
4.6607
4.6411
4.8819
4.9450
5.0035
4.9832
4.8926
5.0049
5.0278
4.9236
5.1720
5.0157
4.7698
4.9651
4.9869
4.8339
4.8162
4.6641
4.8713
4.7972
4.8895
4.9147
5.2286
5.1741
5.2049
5.0899
4.8957
4.9545
5.0960
4.9702
5.0343
4.9047
4.8706
4.6800
4.9303
4.9218
4.9626
4.9815
4.8953
5.0927
5.0103
4.8986
5.1925
4.8829
4.8624
5.1595
5.0645
4.7840
4.8444
5.1078
4.9652
4.9309
4.9621
4.9766
4.9841
4.8475
4.9447
4.8946
4.9126
4.8191
4.8476
4.7471
4.9810
5.0619
4.6987
4.8030
4.6425
4.8697
4.6104
4.6382
4.8261
4.6069
4.5802
4.6361
4.6077
4.5656
4.7562
4.7931
4.7448
4.7844
4.9603
4.9814
4.7350
4.7319
4.8203
4.8928
4.9571
4.7609
4.8290
4.9651
4.7939
4.7528
4.6551
4.7026
4.5950
4.7567
4.7723
4.8205
4.7095
4.9580
4.9711
4.9561
4.7566
4.7796
4.6966
4.7713
4.6821
4.7512
4.6468
4.7771
4.5944
4.4354
4.5316
4.5574
4.5329
4.6227
4.4868
4.5735
4.6884
4.6617
4.5894
4.4863
4.5190
4.5581
4.4596
4.5353
4.4821
4.4683
4.5598
4.5697
4.6273
4.7513
4.7095
4.5427
4.7079
4.5735
4.6767
4.6691
4.8076
4.8887
4.8430
4.8772
4.7410
4.7491
4.8607
4.8312
4.7728
4.8511
4.6577
4.6902
4.8183
4.7240
4.8201
4.8865
4.5947
4.8803
4.9228
4.7918
5.0405
5.0521
5.0163
5.0135
4.8900
4.9140
4.8347
5.0661
4.9768
4.9365
4.8163
4.9088
4.5789
4.7531
4.9160
4.8234
4.6044
4.7785
4.9034
4.8599
5.0808
4.9248
5.0087
5.0086
4.8190
5.0562
4.7937
4.7795
4.5642
4.5763
4.6341
4.6325
4.8742
4.9395
5.1110
4.7740
4.5374
4.6418
4.5009
4.5086
4.2012
4.3595
4.3457
4.4860
4.4580
4.2567
4.5440
4.7091
4.5473
4.4378
4.7719
4.8097
5.0254
4.9349
4.7746
4.7461
4.8085
4.8037
4.7716
4.6609
4.8908
4.9063
4.9710
4.9375
5.1648
4.9015
4.9164
4.9866
4.9046
4.9446
5.0283
4.9204
5.0626
4.8638
4.9513
4.9618
4.8114
4.9243
4.7228
4.8088
5.0846
4.9441
4.7684
4.7268
4.7882
4.8142
4.9382
4.8454
4.7414
5.0117
5.0241
4.8173
4.8618
4.9966
4.7193
4.9524
5.0906
5.0725
5.0051
4.8582
4.8211
4.8177
4.8358
4.6901
4.8700
4.7666
4.6527
4.8543
4.8346
4.7805
4.7440
4.7571
4.7748
4.7422
4.9193
4.9140
4.7215
4.7904
4.9308
4.9277
4.9056
4.9451
4.9366
4.8079
4.8447
4.9379
4.9091
4.9936
4.8157
4.7979
4.7623
5.0375
4.9356
4.9380
4.9374
5.0593
5.0868
4.8879
4.7695
4.8122
4.8392
4.7744
4.7603
4.9878
4.7543
4.8464
4.8443
5.0478
4.7512
4.8762
4.7764
4.8177
4.9359
5.0840
5.1431
5.1428
5.1159
4.7638
4.7554
4.8894
4.9486
4.8288
4.8881
5.0744
4.9501
5.0413
4.7335
4.7069
4.8326
5.1082
4.9656
5.1082
5.0357
4.9765
4.9198
4.5037
4.6566
4.8125
4.6055
4.8080
4.8045
4.7057
4.7971
4.5566
4.6587
4.7612
4.9970
4.8314
5.0136
5.0157
4.9352
5.1402
5.1692
4.9838
4.9318
4.6956
4.6662
4.8117
4.8383
4.8950
4.6110
4.7179
4.6557
4.6055
4.7925
4.8826
4.7983
4.8349
5.0531
4.9494
5.1397
5.1434
4.7502
4.7125
4.7596
4.7607
4.8131
4.9789
4.7841
4.8700
4.9876
4.9112
5.0192
4.9056
4.7335
4.7278
4.9288
4.9349
4.7906
4.7322
4.5809
4.7228
4.7838
4.6664
4.7470
4.6147
4.7997
4.8045
4.9831
4.7938
4.7662
4.8008
4.7509
4.7634
4.9448
4.7984
4.7531
4.9476
5.0756
4.9457
4.9840
4.9018
4.8459
4.7902
4.6953
4.6782
4.7153
4.8005
4.7326
4.5736
4.6508
4.4403
4.5222
4.4571
4.7596
4.6423
4.7979
4.7505
4.5373
4.5648
4.7378
4.5671
4.5646
4.9093
4.8831
4.9863
4.9322
4.7574
4.7048
4.9421
4.9671
4.9128
4.8192
4.7881
4.5310
4.7000
4.7318
4.5959
4.6720
4.6894
4.6234
4.7842
4.8143
4.7501
4.6142
4.6354
4.9100
4.6426
4.6948
4.6656
4.5516
4.8074
4.8161
4.9494
4.7278
4.7530
4.7296
4.6288
4.7270
5.0294
5.0190
4.8519
4.8884
4.5898
4.6476
4.5607
4.6256
4.8604
4.6000
4.8227
4.7097
4.7106
4.7983
4.8239
4.7325
4.8072
4.8395
4.8041
5.1557
4.9141
5.0282
5.0353
4.9311
4.6354
4.7053
4.6444
4.6662
4.7560
5.0012
4.7748
4.9630
4.5697
4.7223
4.9486
5.0976
4.7659
4.7944
4.7546
4.9655
4.8484
4.8323
4.9073
4.8182
4.8114
4.8983
4.9219
4.8602
5.0064
5.1086
4.9035
4.7472
4.8502
5.1327
5.0310
5.0791
4.9791
4.8574
4.8034
4.9072
4.9670
4.8029
4.9032
4.9387
4.9628
4.8482
4.8646
4.6525
4.7342
4.5837
4.4763
4.5109
4.5121
4.5033
4.5659
4.5016
4.4417
4.5424
4.5509
4.4699
4.6280
4.4471
4.5285
4.4992
4.5567
4.5336
4.5436
4.6015
4.6301
4.6900
4.6141
4.6537
4.7617
4.6002
4.5643
4.4416
4.5223
4.4429
4.4356
4.4560
4.2526
4.2864
4.3186
4.2499
4.4572
4.4619
4.3519
4.5113
4.6375
4.4755
4.4045
4.4220
4.5715
4.4675
4.4676
4.5176
4.5199
4.4064
4.6075
4.8583
4.6824
4.5832
4.5363
4.5382
4.5548
4.5744
4.5395
4.4077
4.4371
4.3559
4.3869
4.5493
4.4811
4.6377
4.6647
4.5575
4.5787
4.5233
4.7233
4.6234
4.4523
4.6413
4.6832
4.6162
4.4122
4.5842
4.5973
4.7777
4.6090
4.5413
4.4591
4.6120
4.5469
4.4375
4.3500
4.3312
4.2907
4.5147
4.4896
4.6274
4.6350
4.5999
4.6115
4.8158
4.6154
4.7265
4.7747
4.8886
4.8775
4.7870
4.7604
4.5521
4.5175
4.5176
4.6623
4.6183
4.6779
4.9120
4.8272
4.5170
4.6525
4.7755
5.0033
4.9709
4.9467
4.6912
4.8041
4.7868
4.6391
4.7918
4.9629
4.8789
4.8808
5.0292
4.8980
4.8467
4.8756
4.5769
4.6070
4.6602
4.6300
4.8607
4.6334
4.7786
4.9593
4.7677
4.8471
4.9214
4.8167
4.9461
4.7593
4.9836
4.9608
5.0442
4.6557
4.9771
4.9404
4.8893
5.0082
5.2139
5.0038
5.0792
5.1094
5.0889
4.8649
5.1204
5.0181
5.1186
5.1080
4.8245
4.8015
5.0199
4.9388
4.8406
4.9625
4.8621
4.9636
4.9385
5.1479
5.0684
5.3414
5.0204
5.0444
4.9544
4.9990
5.0334
5.1040
5.0532
5.1837
5.1205
5.0974
5.0758
4.8086
4.9406
4.9146
4.7287
4.6045
4.7706
4.5530
4.7387
4.6449
4.4711
4.7079
4.7393
4.8295
4.7550
4.9726
4.7656
5.0235
5.0151
4.8817
4.7060
4.6551
4.6545
4.7068
4.6514
4.7387
4.9161
4.9433
4.8625
5.2070
5.1683
5.0604
4.9488
4.8521
4.9096
4.9894
4.8076
4.6492
4.7654
4.7942
5.0577
4.9765
5.1004
4.7953
4.7342
4.8097
4.9343
4.8748
4.9933
5.0513
4.9893
4.9081
4.8086
4.7355
5.0274
4.9996
4.8050
4.7524
4.8447
5.0616
4.6763
4.5674
4.7975
4.8757
5.1063
5.1315
4.9735
4.9529
4.7973
4.6747
4.7062
4.7237
4.7081
4.9231
4.9765
4.9364
4.8114
4.6232
4.6361
4.9051
4.8978
4.7601
4.7791
4.8138
4.7158
5.0156
4.9015
4.9959
4.7909
4.8619
4.9330
5.2162
4.8861
4.9025
4.7248
4.8554
4.9724
4.9920
4.7110
4.4614
4.6555
4.5535
4.3885
4.6091
4.7782
4.7689
4.7743
4.7037
4.5788
4.6969
4.5724
4.8099
4.6543
4.7461
4.7127
4.7627
4.6329
4.7416
4.7673
4.9288
4.6904
4.8327
4.4776
4.7446
4.7731
4.6176
4.6692
4.3100
4.4787
4.7260
4.7149
4.7474
4.7098
4.5564
4.5662
4.5794
4.6458
4.6737
4.6290
4.8393
4.6219
4.4649
4.7052
4.6637
4.6192
4.5037
4.6874
4.6824
4.6318
4.6596
4.6844
4.9153
4.6932
4.7254
4.6930
4.4109
4.6834
4.7533
4.5573
4.7043
4.5489
4.6443
4.7411
4.7539
4.5517
4.4652
4.4831
4.4294
4.6380
4.3901
4.4553
4.3258
4.3586
4.3108
4.3635
4.4272
4.5154
4.4465
4.6104
4.6938
4.7037
4.8928
4.7134
4.5284
4.4335
4.5805
4.3794
4.3781
4.4874
4.6093
4.9074
4.8927
4.8584
4.6445
4.5167
4.7505
4.6560
4.7315
4.6363
4.7044
4.9126
5.0631
5.2711
5.3987
5.1255
5.1231
5.0897
5.0132
4.9913
4.7640
4.7034
4.4339
4.4604
4.5687
4.6616
4.5272
4.5871
4.9687
4.5102
4.3574
4.3511
4.4221
4.3149
4.3868
4.2921
4.3663
4.6192
4.1337
4.1336
4.1657
4.0317
4.0706
4.1849
4.1543
4.4059
4.4331
4.3685
4.4465
4.4195
4.4845
4.4016
4.5549
4.4623
4.4393
4.4612
4.2026
4.5053
4.3231
4.3970
4.3281
4.4599
4.6002
4.3785
4.3754
4.3956
4.4183
4.3291
4.1977
4.3484
4.3259
4.2164
4.2364
4.1368
4.2877
4.3011
4.3486
4.4190
4.4372
4.5333
4.3587
4.3906
4.4612
4.5302
4.4661
4.4680
4.4355
4.5413
4.3913
4.3418
4.0783
4.1822
4.3081
4.0546
4.2472
4.1813
4.1185
4.3605
4.4163
4.4581
4.3314
4.4239
4.4646
4.6586
4.5900
4.2587
4.5259
4.7280
4.5552
4.4212
4.5059
4.4323
4.3907
4.4311
4.3667
4.5337
4.4301
4.5591
4.8058
4.6423
4.7926
4.8092
4.8953
5.0242
4.9697
4.9787
4.7807
4.8236
4.6978
4.8458
4.7149
4.5492
4.7059
4.9617
4.7605
4.8517
4.5062
4.4312
4.4174
4.5589
4.6691
4.6135
4.4681
4.4223
4.3812
4.2103
4.2080
4.2739
4.0219
4.0315
4.1010
4.1717
4.2222
4.2655
4.2537
4.2825
4.3129
4.4035
4.4622
4.4160
4.5933
4.4500
4.4454
4.5418
4.6085
4.8564
4.6611
4.7818
4.7057
4.8344
4.7226
5.0517
4.7457
4.6656
4.8556
4.8151
4.8876
4.8569
4.6869
4.5652
4.6182
4.7487
4.5826
4.5813
4.6748
4.5039
4.5275
4.5385
4.4334
4.4415
4.5327
4.6355
4.5335
4.4165
4.4615
4.5582
4.4713
4.6402
4.3747
4.5314
4.5655
4.5287
4.3164
4.4506
4.4615
4.7095
4.6949
4.5676
4.5778
4.5750
4.6316
4.6793
4.5959
4.7432
4.8487
4.7598
4.7523
4.4636
4.6640
4.8401
4.7186
4.6978
4.9669
4.7303
4.8214
5.0011
4.7180
4.7024
4.4728
4.5852
4.7658
4.4980
4.5763
4.4788
4.5639
4.6001
4.5663
4.5446
4.5461
4.4808
4.5196
4.5045
4.6215
4.5695
4.5429
4.6502
4.6697
4.6706
4.7569
4.9707
4.6310
4.7317
4.6293
4.8204
4.8090
4.9226
4.9628
4.8869
4.8242
4.9759
5.0377
4.8807
4.8795
5.1663
5.0323
5.0294
5.3324
5.1175
5.1982
5.0347
5.0471
5.1277
5.0656
5.2801
4.9280
4.9380
5.0059
5.0176
5.1795
5.3525
5.2366
5.3116
5.3974
5.4125
5.3310
5.1899
5.1542
5.0373
5.2919
5.1394
4.9329
4.9436
5.0332
4.9325
4.9084
4.9390
4.8441
4.7355
4.8079
4.9565
4.8795
4.9142
4.9039
4.8245
4.9261
4.9976
4.7972
4.7556
4.8255
4.7735
4.8446
4.6188
4.6060
4.6185
4.5561
4.7902
4.8215
4.9306
4.9283
4.8747
4.8273
4.9420
4.7153
4.6980
4.6246
4.7751
4.8426
4.8727
5.0609
5.1658
5.2584
5.1923
5.2394
5.3177
5.2686
5.1776
5.0632
5.1999
5.0298
5.1947
4.9906
5.2624
5.2261
4.9909
5.1028
5.0614
5.1892
5.1600
5.1478
5.1293
5.0608
5.0879
5.0830
5.0596
5.1025
5.2859
5.3799
5.2590
4.9929
5.0325
5.0040
5.1077
5.0915
4.9945
4.9624
5.1378
5.0962
4.8233
4.8841
4.8232
4.8547
4.8855
4.9169
4.8341
4.7429
4.8365
4.7056
4.7888
4.7535
4.8504
4.8279
4.8854
4.7078
4.9739
4.9473
4.9266
5.0157
5.0151
4.7806
4.8394
4.8141
4.8146
4.9384
4.8987
4.9309
4.8370
4.9266
5.0239
5.0470
4.8714
5.0228
5.0040
5.1250
5.0110
4.9151
5.1264
4.7999
4.9530
4.8586
4.8778
4.9514
4.8598
4.8591
5.0878
5.0838
4.8942
4.8602
5.1211
5.0752
4.7336
4.8113
4.7114
4.8064
4.8604
4.9693
5.0313
4.9335
4.7717
4.8787
4.7836
4.8663
4.7896
4.6651
4.7081
4.7952
4.8591
4.7718
4.8969
4.9271
4.8988
4.8453
4.8005
4.8060
4.6988
4.5962
4.5660
4.6060
4.5782
4.6473
4.6316
4.5372
4.7108
4.5265
4.3962
4.5401
4.6092
4.7824
4.4827
4.4658
4.4433
4.6635
4.5904
4.5426
4.5857
4.6772
4.7674
4.5896
4.7833
4.6568
4.6355
4.7611
4.6134
4.5781
4.7272
4.6622
4.5732
4.7498
4.7128
4.5758
4.6099
4.6367
4.6552
4.8672
4.5964
4.6146
4.6400
4.6720
4.7504
4.6276
4.7213
4.8796
4.7703
4.8693
4.7665
4.7158
4.9259
4.7612
4.6539
4.7418
4.7430
4.7705
4.8955
5.1003
5.1374
4.9684
4.7853
4.9548
5.1153
5.1067
4.8756
4.7255
4.7644
4.9440
4.7213
4.7261
4.6950
4.8677
4.9682
4.8978
5.0408
4.9585
5.0008
5.0999
5.0013
5.0013
4.9062
5.0160
4.9692
5.1652
5.1963
5.2057
5.4396
5.1965
5.0762
5.1809
5.0890
5.1572
5.1083
5.0608
5.0535
5.0588
5.0030
5.0135
5.0384
5.0680
4.9056
5.0241
4.8731
4.9936
5.0779
4.8738
4.6976
5.0323
5.0756
4.8891
4.9761
4.7948
4.8512
4.8044
5.0569
4.8389
4.7440
4.9170
4.6052
4.7457
4.7620
4.7631
4.7090
4.7001
4.7350
4.7284
4.6032
4.7032
4.7681
4.7310
4.7361
4.6659
4.8833
4.9254
4.9042
4.9451
4.8590
4.8791
4.8143
4.8167
4.6951
4.7824
4.7166
4.6685
4.5147
4.6729
4.8087
4.8359
4.8874
4.8298
4.8047
4.5912
4.7545
4.7893
4.7868
4.8136
4.9148
4.8366
4.9038
4.7104
4.7285
4.7860
4.7991
4.7369
4.8779
4.7212
4.6753
4.7902
4.7949
4.9328
5.0128
4.9192
4.9326
4.9465
5.0150
4.8800
4.6928
4.8359
4.7103
4.5988
4.6523
4.7201
4.7280
4.8230
4.7602
4.7139
4.9457
4.7855
4.7733
4.7922
4.8033
4.7077
4.6741
4.6009
4.5755
4.5121
4.5699
4.4988
4.6460
4.6291
4.6757
4.5620
4.8089
4.6372
4.4943
4.5171
4.6530
4.5926
4.6478
4.6817
4.5410
4.6442
4.6271
4.6378
4.6891
4.6491
4.5980
4.6585
4.7267
4.6036
4.6130
4.4843
4.4420
4.6463
4.7672
4.5355
4.6341
4.5356
4.5645
4.4684
4.3804
4.3183
4.3556
4.5575
4.3890
4.3884
4.4358
4.5374
4.5590
4.5483
4.6343
4.6996
4.8342
4.7983
4.8822
4.6561
4.6160
4.6264
4.7593
4.6822
4.6516
4.6210
4.5682
4.4619
4.6447
4.5926
4.5361
4.4986
4.5960
4.6177
4.5384
4.6235
4.6127
4.5755
4.6475
4.4598
4.6587
4.5631
4.6340
4.3952
4.5130
4.4640
4.7167
4.4991
4.5011
4.4482
4.5398
4.5437
4.5715
4.4969
4.5066
4.6491
4.4680
4.7712
4.6606
4.6763
4.8716
4.8175
4.7370
4.7581
4.8552
4.8227
4.7684
4.7284
4.6671
4.6407
4.7154
4.5676
4.6607
4.6201
4.7317
4.8365
4.9090
4.7769
4.8854
4.8605
4.8640
4.7782
4.6610
4.7322
4.7304
4.6863
4.9900
4.9555
4.8846
4.7481
4.7935
4.8765
4.9724
5.0307
4.9782
5.0391
4.9271
4.9912
4.5991
4.5304
4.7665
4.6466
4.6690
4.7167
4.8156
4.7983
4.6827
4.6751
4.7804
4.9847
4.9055
4.9296
4.7952
4.9368
4.9948
4.8137
4.9127
4.9334
4.8155
4.9381
4.8445
4.9748
4.6930
4.7085
4.6311
4.7615
4.6770
5.0007
4.8974
4.9334
4.8437
5.1153
4.8487
4.8876
4.8500
4.8875
4.5388
4.5972
4.6570
4.5645
4.5858
4.5549
4.4952
4.5559
4.4679
4.5310
4.4636
4.4684
4.6108
4.4272
4.3804
4.4542
4.4876
4.4304
4.6139
4.6125
4.6079
4.5685
4.6262
4.6834
4.5840
4.6070
4.7011
4.5398
4.6770
4.6725
4.4304
4.4936
4.7016
4.7135
4.8384
4.7585
4.6834
4.6691
4.8868
4.8419
4.6365
4.7086
4.6898
4.5140
4.6614
4.5800
4.8236
4.8651
5.0153
4.6623
4.5735
4.6608
4.6640
4.6442
4.7297
4.5899
4.6171
4.6012
4.5540
4.5615
4.5290
4.5876
4.5696
4.3948
4.5299
4.7202
4.4916
4.5539
4.6390
4.7388
4.6686
4.7727
4.7537
4.8070
4.8390
5.0145
4.9144
4.9013
4.8025
4.9792
4.8773
4.8445
4.7141
4.6565
4.7248
4.5748
4.6200
4.6628
4.7418
4.7151
4.7161
4.7710
4.8605
4.8441
4.7121
4.8167
4.8614
4.8620
5.0142
4.9301
5.0657
4.9842
4.6986
4.9870
4.8462
5.0582
4.9393
5.0544
5.1551
5.0813
5.1128
4.9482
4.8335
4.7929
4.8358
4.9279
4.6869
4.6296
4.7615
4.7501
4.8067
4.9149
4.8373
4.8688
4.6894
4.6378
4.7898
4.7481
4.9414
4.8647
4.7845
4.8322
4.8373
4.8220
4.7660
4.7523
4.6895
4.5769
4.6281
4.5680
4.4702
4.5436
4.6783
4.5952
4.6997
4.6511
4.5906
4.5627
4.5637
4.6973
4.6668
4.5493
4.5085
4.7300
4.5631
4.7402
4.6522
4.8515
4.7579
4.6328
4.6535
4.6566
4.7439
4.6365
4.5539
4.7514
4.6488
4.6342
4.6556
4.5135
4.5480
4.4558
4.4226
4.5836
4.5731
4.5040
4.5046
4.6636
4.5968
4.4855
4.5807
4.7159
4.6516
4.4775
4.5519
4.7411
4.4872
4.5288
4.5020
4.4691
4.3964
4.4978
4.3506
4.4460
4.4584
4.5127
4.5203
4.6074
4.5785
4.6747
4.6256
4.5089
4.6618
4.6028
4.6177
4.5085
4.3984
4.6312
4.7786
4.6313
4.4902
4.5391
4.5089
4.6656
4.6157
4.6391
4.6182
4.7931
4.5894
4.6521
4.6890
4.5706
4.6141
4.3660
4.4644
4.6086
4.4651
4.4320
4.3518
4.4712
4.3135
4.3279
4.3649
4.4327
4.4832
4.6442
4.6277
4.5420
4.6618
4.6455
4.6101
4.6560
4.7172
4.6815
4.5316
4.5444
4.6573
4.6290
4.5463
4.7203
4.7259
4.6013
4.4857
4.4541
4.6308
4.6095
4.6988
4.7494
4.5040
4.4789
4.5408
4.4459
4.3439
4.4607
4.3006
4.4456
4.4484
4.3854
4.3323
4.4959
4.4185
4.3994
4.4120
4.5950
4.4342
4.6169
4.4542
4.4797
4.4627
4.4010
4.4629
4.5474
4.4752
4.3671
4.4982
4.3452
4.3350
4.4793
4.3900
4.4404
4.3637
4.5143
4.5497
4.4340
4.3461
4.3561
4.3811
4.4295
4.3436
4.3945
4.3574
4.3309
4.2847
4.3425
4.2616
4.3146
4.4049
4.3959
4.3944
4.3185
4.1675
4.3798
4.3654
4.3247
4.2999
4.3405
4.3440
4.3629
4.4089
4.3949
4.5545
4.4616
4.4177
4.2734
4.3273
4.3882
4.4346
4.5421
4.2879
4.3806
4.3644
4.4406
4.5473
4.4958
4.5781
4.5494
4.5058
4.4122
4.5499
4.5859
4.4857
4.4062
4.4799
4.5782
4.4797
4.5814
4.4512
4.5190
4.4715
4.4948
4.5307
4.5412
4.5991
4.7023
4.6412
4.5586
4.6178
4.5923
4.5909
4.5208
4.4883
4.5233
4.6165
4.5598
4.5838
4.6497
4.5918
4.5023
4.5876
4.5447
4.6556
4.5774
4.6337
4.5493
4.5894
4.6026
4.6256
4.4483
4.4811
4.6342
4.6829
4.6512
4.6199
4.5671
4.4873
4.4911
4.5356
4.4711
4.6897
4.7663
4.5151
4.5113
4.4363
4.4355
4.4483
4.7164
4.6182
4.6216
4.6466
4.5275
4.4421
4.4823
4.5628
4.5683
4.5241
4.4008
4.4371
4.5645
4.7079
4.8913
4.7858
4.8152
4.7318
4.7772
4.8168
4.6783
4.6218
4.7818
4.6883
4.9732
4.6565
4.7730
4.6921
4.6269
4.6492
4.6338
4.5488
4.6439
4.7664
4.6897
4.5894
4.7953
4.5146
4.4990
4.4537
4.6083
4.4055
4.4010
4.3594
4.3768
4.4063
4.3603
4.4373
4.3301
4.5153
4.7610
4.6333
4.7602
4.6502
4.6363
4.6195
4.5031
4.5472
4.5044
4.4338
4.6258
4.5539
4.5173
4.6793
4.7276
4.6470
4.4953
4.4805
4.7848
4.6336
4.5432
4.6233
4.5047
4.5006
4.6374
4.5001
4.6088
4.5839
4.5155
4.3012
4.4180
4.5346
4.4436
4.4352
4.4206
4.5902
4.4739
4.3627
4.3649
4.4654
4.3717
4.3984
4.2915
4.4274
4.4249
4.3417
4.4998
4.3911
4.4385
4.3199
4.3090
4.3590
4.2419
4.3286
4.3684
4.3774
4.2834
4.2698
4.2272
4.3160
4.2974
4.4368
4.2555
4.3228
4.3727
4.3922
4.5261
4.5550
4.5425
4.3417
4.4323
4.3145
4.4376
4.4301
4.3639
4.5030
4.4769
4.4285
4.2807
4.4107
4.4313
4.3718
4.5038
4.5782
4.4333
4.3936
4.5469
4.2570
4.4755
4.3281
4.4111
4.2432
4.2170
4.3248
4.4110
4.5421
4.3928
4.3626
4.4494
4.4035
4.3525
4.4820
4.3957
4.4312
4.4255
4.3474
4.4427
4.4256
4.4242
4.4896
4.6357
4.6667
4.7139
4.6752
4.6377
4.7705
4.6999
4.5729
4.5622
4.6888
4.6959
4.4303
4.4263
4.3755
4.3471
4.3437
4.3569
4.4356
4.5106
4.6425
4.6000
4.6814
4.8897
4.8133
4.7412
4.7465
4.5117
4.5851
4.5979
4.5109
4.6486
4.7006
4.7056
4.7935
4.6444
4.8126
4.7573
4.9998
4.9749
5.1017
5.0398
5.1290
4.9721
5.1738
5.2397
5.0897
4.9987
4.8836
4.9050
5.0201
4.7706
4.9082
4.7409
4.8232
4.9728
5.1655
5.1937
5.1233
5.1628
5.0388
4.9576
4.9767
5.1799
5.0726
5.3769
5.1277
5.1705
5.0706
5.1610
5.0602
5.1927
5.1302
5.0841
5.1599
5.0832
5.0626
5.0091
5.0464
4.9165
5.1415
5.1040
4.9112
4.9663
5.0520
5.0909
5.1259
4.9619
4.9544
4.9756
5.0350
5.0527
5.1407
4.9984
4.7853
4.6777
4.6216
4.4679
4.7712
4.8345
4.8475
5.0155
4.8657
5.1366
5.2591
5.0984
5.2158
5.0636
4.9937
5.0371
4.9174
4.9747
4.8323
5.0229
5.0727
4.9549
4.8662
4.9083
4.9066
4.9379
5.0226
5.0539
4.8113
4.9230
4.8430
4.7799
4.7136
4.6363
4.7104
4.6322
4.5976
4.5657
4.7885
4.8816
4.7680
4.8101
4.8442
4.8369
4.7211
4.6793
4.5518
4.5068
4.6998
4.5751
4.5630
4.6206
4.9842
4.8529
4.8041
4.8113
4.8450
4.6837
4.5487
4.5161
4.6832
4.6950
4.5628
4.4313
4.7829
4.5916
4.8878
4.6085
4.6227
4.7054
4.9417
5.0675
4.8431
5.0143
4.8375
4.6646
4.8043
4.8097
4.7160
4.6210
4.5987
4.6131
4.7574
4.8331
4.7504
4.7001
4.6441
4.4808
4.6346
4.7190
4.7336
4.6464
4.6914
4.6132
4.5955
4.5020
4.5231
4.6954
4.6825
4.7557
4.9023
4.7753
4.8900
4.8111
4.9205
4.9314
4.7630
4.7081
4.6347
4.5497
4.6254
4.4344
4.5415
4.6383
4.6841
4.7200
4.5562
4.6195
4.8405
4.6630
4.7096
4.7260
4.8769
4.7920
4.7581
4.7730
4.8311
4.7457
4.6543
4.7747
4.8166
4.8613
5.0217
5.2450
5.2156
4.9937
5.0624
5.0628
5.1501
5.1088
5.1580
5.2085
5.2472
5.2641
5.1151
5.0844
5.1564
5.1661
5.1190
5.0566
5.0084
5.1001
4.8844
5.1128
5.0705
5.0029
5.0384
5.0447
4.8719
4.9156
5.0116
5.0484
5.1401
5.1178
5.1061
4.9629
4.9273
4.9128
4.8952
4.9388
4.7584
4.7243
4.7653
4.8350
4.8142
4.8476
4.7271
4.7917
4.9752
4.9524
4.8570
4.7388
4.7643
4.8108
4.6608
4.6523
4.6916
4.8346
4.6871
4.5494
4.6261
4.4499
4.5794
4.5806
4.6009
4.6777
4.6304
4.7172
4.8258
4.6438
4.7021
4.5418
4.6790
4.7917
4.8208
4.8273
4.6724
4.6823
4.4646
4.5726
4.6999
4.6948
4.8497
4.7145
4.7423
4.7844
4.7828
4.7131
4.7502
4.7753
4.6749
4.5297
4.5675
4.6198
4.5639
4.6974
4.5288
4.6207
4.4561
4.6704
4.6605
4.6629
4.6415
4.5505
4.6856
4.6528
4.6231
4.7435
4.6767
4.5742
4.6173
4.7499
4.5705
4.7783
4.7690
4.5701
4.6253
4.7099
4.8736
4.8990
4.9162
4.9494
4.7816
4.6815
4.6549
4.4871
4.5227
4.5479
4.6715
4.4780
4.6288
4.5917
4.3928
4.4801
4.4433
4.6266
4.7176
4.6733
4.6214
4.4767
4.6199
4.6108
4.5845
4.5586
4.5213
4.5909
4.6299
4.7378
4.4924
4.5618
4.5211
4.4775
4.4408
4.5539
4.5476
4.6025
4.5098
4.5069
4.5555
4.5960
4.4865
4.5920
4.5095
4.3258
4.4189
4.5090
4.3878
4.4619
4.4860
4.5472
4.6794
4.5804
4.8347
4.8038
4.7624
4.6257
4.7433
4.6561
4.8637
4.8577
4.8545
4.8545
4.7536
4.9255
4.8902
4.6839
4.7774
4.6734
4.6366
4.7321
4.8042
4.6487
4.4386
4.6324
4.3973
4.3834
4.3129
4.4187
4.5314
4.4910
4.4590
4.3664
4.3145
4.4971
4.4981
4.4416
4.4660
4.5710
4.6325
4.7036
4.5637
4.5384
4.6682
4.6411
4.5081
4.3670
4.5339
4.4411
4.4740
4.5030
4.5066
4.6828
4.9541
4.9327
4.9833
4.9182
4.9373
4.9573
4.9234
4.9472
5.0935
5.1233
4.8285
4.8062
4.7555
4.7463
4.8731
4.9620
5.0634
4.9081
4.9044
4.8601
5.0624
4.9333
4.8852
4.8548
4.8916
4.6932
4.7077
4.4795
4.3664
4.3693
4.6087
4.7319
4.6465
4.9214
4.6590
4.7942
4.7465
4.9418
4.8278
4.8213
4.7884
4.7692
4.8192
4.6544
4.4688
4.4705
4.5635
4.5746
4.5763
4.6712
4.5406
4.6607
4.6742
4.6941
4.6434
4.7796
4.7793
4.8974
4.7781
4.7567
4.7103
4.7228
4.7009
4.8105
5.0296
4.9420
4.7769
4.8318
4.9216
4.8301
4.6933
4.5059
4.6729
4.6765
4.4586
4.7184
4.9467
4.7370
4.6490
4.5422
4.7919
4.6086
4.8004
4.6364
4.6588
4.5825
4.7210
4.7447
4.6782
4.7472
4.6707
4.6345
4.5405
4.5958
4.6975
4.8399
4.8695
4.7438
4.5431
4.7379
4.6035
4.5060
4.5178
4.7208
4.5795
4.7695
4.6532
4.7273
4.7324
4.4793
4.5802
4.5249
4.5480
4.6039
4.5485
4.5587
4.6307
4.6492
4.7585
4.7407
4.8477
4.7658
4.8773
4.6682
4.8294
4.6653
4.7246
5.0280
4.9553
4.9152
4.7270
4.9180
4.9202
4.9351
4.7741
4.6026
4.6301
4.6398
4.7138
4.7644
4.9137
4.8126
4.8583
4.8300
4.8255
4.8889
4.8513
4.7549
4.7481
4.5917
4.4970
4.6016
4.7603
4.6818
4.6324
4.6284
4.5372
4.4820
4.7324
4.6723
4.7248
4.6722
4.6830
4.7353
4.7710
4.6663
4.6571
4.7164
4.8217
4.6155
4.7682
4.8806
4.8651
4.6166
4.9216
4.7312
4.8961
5.0393
4.8534
4.9677
4.7702
4.8232
4.6540
4.5681
4.6689
4.5888
4.6683
4.5557
4.6696
4.7434
4.8351
4.7385
5.0257
4.7582
4.9272
4.8513
4.8366
4.7036
4.8141
4.9158
4.9455
4.7968
4.9295
4.7999
4.8539
4.8983
4.8599
4.8203
4.7224
4.5695
4.6374
4.6301
4.6162
4.6323
4.5064
4.4823
4.5474
4.4410
4.4150
4.5246
4.4423
4.7010
4.7188
4.6245
4.5569
4.4681
4.6532
4.5431
4.6514
4.6761
4.9823
4.6397
4.5717
4.5949
4.7471
4.8041
4.5984
4.6064
4.7523
4.5065
4.6708
4.6114
4.4894
4.5863
4.7799
4.7313
4.7136
4.6811
4.7865
4.6893
4.7795
4.9137
4.7004
4.6155
4.5216
4.5543
4.4701
4.5886
4.6535
4.6617
4.6122
4.4286
4.6571
4.5477
4.6469
4.6900
4.6922
4.5919
4.7714
4.6726
4.6431
4.3591
4.6216
4.6102
4.7054
4.6903
4.7145
4.6126
4.6651
4.5516
4.5153
4.6954
4.6359
4.7049
4.7226
4.6153
4.7037
4.5623
4.4989
4.5984
4.3996
4.4824
4.6283
4.6903
4.7238
4.6808
4.6191
4.7098
4.6602
4.7823
4.5318
4.6004
4.9119
4.7323
4.9506
4.8869
4.8295
4.7992
4.6701
4.4511
4.5694
4.6459
4.4362
4.5991
4.5325
4.5110
4.4514
4.4950
4.4385
4.3741
4.4330
4.5479
4.4689
4.6837
4.5955
4.6654
4.6071
4.6461
4.7004
4.5969
4.5742
4.5029
4.4655
4.5160
4.4768
4.5363
4.5593
4.5600
4.3442
4.5662
4.4649
4.5867
4.6752
4.4901
4.4178
4.4844
4.5914
4.6917
4.7872
4.5044
4.6443
4.5991
4.5461
4.5877
4.5869
4.7282
4.6034
4.5821
4.4033
4.4722
4.3703
4.2201
4.4664
4.5250
4.5362
4.5505
4.4676
4.5089
4.5395
4.3753
4.3019
4.2914
4.2585
4.2969
4.2910
4.2390
4.2560
4.5247
4.4079
4.3833
4.4641
4.4084
4.4243
4.5414
4.4356
4.3854
4.5019
4.6527
4.5445
4.4996
4.6450
4.4698
4.6376
4.6092
4.5493
4.6489
4.6950
4.7966
4.7329
4.8114
4.8725
4.8660
4.8295
4.9274
4.7031
4.8258
4.7873
4.6931
4.6492
4.6527
4.5933
4.5555
4.7815
4.8051
4.8678
5.0094
5.0354
4.8297
4.7068
4.7139
4.5505
4.5998
4.7522
4.6844
4.5803
4.6707
4.5963
4.5144
4.7986
4.8632
4.7624
4.8679
4.6073
4.5867
4.6808
4.6746
4.7578
4.8580
5.0610
4.8044
5.0123
4.7945
4.6922
4.8648
4.7779
4.5541
4.7635
4.5767
4.6419
4.6885
4.5917
4.6175
4.4073
4.3841
4.5055
4.7014
4.6753
4.5635
4.7628
4.6379
4.6020
4.6166
4.7855
4.6828
4.6169
4.7121
4.6550
4.7491
4.8297
4.8510
4.8259
4.8995
5.1326
5.0808
5.0173
5.0966
5.1310
5.0943
4.8662
4.9860
4.9924
4.7559
4.7280
4.7229
4.8551
4.6989
4.6405
4.7108
4.6732
4.5788
4.4450
4.6879
4.7373
4.8645
4.8950
4.8644
4.7719
4.7842
4.6633
4.7101
4.8520
4.4542
4.5654
4.6447
4.8118
4.8476
4.7902
4.6056
4.5643
4.3945
4.4782
4.5434
4.5505
4.4930
4.6634
4.5933
4.6815
4.5412
4.5949
4.6098
4.7827
4.6417
4.7411
4.7899
4.7996
4.8751
4.8231
4.8988
4.7594
4.6928
4.7688
4.7126
4.8400
4.8611
4.7633
4.8748
4.8961
4.8852
4.6268
4.6161
4.5268
4.5744
4.5775
4.6284
4.6661
4.6384
4.6931
4.6602
4.5821
4.5055
4.6002
4.6769
4.6504
4.6977
4.7167
4.5841
4.6477
4.6379
4.7358
4.7898
4.7670
4.8843
4.9401
4.6352
4.6446
4.6526
4.6687
4.5697
4.5006
4.5116
4.7367
4.7330
4.6477
4.7045
4.7831
4.7703
4.8459
4.6879
4.9932
5.0672
5.0757
4.7577
4.6950
4.8638
4.8321
4.8633
4.8811
4.7080
4.7813
4.7549
4.8975
4.8477
4.7731
4.7093
4.7699
4.7898
4.7988
4.6970
4.7118
4.8183
4.8847
4.8855
4.8449
4.7186
4.6858
4.6826
4.7236
4.6917
4.9043
4.9351
5.0610
4.9744
4.7784
4.9710
4.8785
5.0729
4.9212
4.7949
4.7482
4.7314
4.6919
4.8982
4.7062
4.5568
4.7021
4.7271
4.6938
4.7906
4.6941
4.6979
4.6370
4.8184
4.8179
4.6266
4.5138
4.5058
4.4734
4.5932
4.5536
4.6105
4.6168
4.6525
4.7019
4.7052
4.8192
4.5788
4.5986
4.6155
4.9446
4.7144
4.5621
4.8083
4.9376
4.7236
4.7532
4.5937
4.6948
4.7099
4.7706
4.5396
4.5848
4.7660
4.6670
4.8203
4.8105
4.5276
4.7214
4.7823
4.6386
4.5155
4.5378
4.7224
4.6989
4.7114
5.0158
4.8905
4.8194
4.8553
5.0239
4.8168
4.6931
4.5599
4.7148
4.7290
4.5010
4.7186
4.5765
4.8020
4.8106
4.7530
4.6610
4.8052
4.7556
4.6908
4.6913
4.8587
4.6929
4.6515
4.7614
4.6581
4.8566
4.7646
4.5870
4.6089
4.6281
4.6946
4.7456
4.6662
4.5916
4.7795
4.6170
4.4500
4.5539
4.6576
4.7172
4.6018
4.6770
4.6344
4.6478
4.5450
4.5397
4.5810
4.5500
4.6987
4.5477
4.5084
4.6315
4.4841
4.4213
4.6256
4.6090
4.6409
4.6742
4.7201
4.8794
4.5789
4.6737
4.5767
4.7119
4.6354
4.7913
4.8066
4.7503
4.6073
4.7913
4.8803
4.9692
4.8588
4.9465
4.8079
4.9233
4.8900
4.7227
4.7059
4.8927
4.7095
4.6309
4.7656
4.9264
4.6998
4.7060
4.8666
4.7451
4.9188
4.8247
4.8751
5.0042
4.9909
5.2695
5.0510
5.1704
4.9895
5.0147
4.9331
4.7879
4.6222
4.7093
4.5724
4.6378
4.6506
4.6088
4.6707
4.5891
4.6279
4.7309
4.7961
4.8180
4.5853
4.6177
4.6292
4.8746
4.7461
4.6314
4.5693
4.5158
4.7174
4.8330
4.6927
4.6873
4.7314
4.8817
4.6800
4.7808
4.9252
4.9410
4.6911
4.6830
4.5498
4.7932
4.7429
4.5581
4.5593
4.7925
4.7378
4.7386
4.8129
4.7190
4.7040
4.7445
4.7219
4.7157
4.4980
4.7789
4.8419
4.6945
4.7453
4.8013
4.7613
4.7952
4.6521
4.6433
4.7070
4.5923
4.6929
4.6823
4.6691
4.5946
4.7237
4.4507
4.6389
4.5975
4.7249
4.8693
4.7499
4.6648
4.7893
4.7557
4.6286
4.5729
4.6938
4.6888
4.5866
4.6324
4.5575
4.5720
4.5716
4.4973
4.5889
4.6353
4.4590
4.4276
4.5696
4.5544
4.4970
4.5755
4.6816
4.6721
4.7656
4.6247
4.5991
4.6960
4.7485
4.7124
4.6702
4.6692
4.6187
4.5374
4.7552
4.6683
4.6045
4.6245
4.6898
4.5975
4.7263
4.5064
4.7184
4.6766
4.6020
4.5845
4.6050
4.6538
4.6734
4.4954
4.5709
4.6644
4.7325
4.8001
4.7267
4.7753
4.7925
4.6821
4.8197
4.5638
4.5045
4.3589
4.5981
4.6696
4.7113
4.7008
4.7159
4.8233
4.7083
4.8348
4.7422
4.7456
4.7001
4.6449
4.6377
4.6974
4.6311
4.7630
4.6891
4.7362
4.5753
4.7275
4.7409
4.8340
4.8078
4.6894
4.7152
4.5704
4.6454
4.5110
4.6447
4.7118
4.5182
4.8861
4.8351
4.7588
4.7393
4.6952
4.9372
4.7106
4.7965
4.7351
4.7661
4.7862
4.8609
5.0007
5.0259
4.8533
4.7572
4.8604
4.8532
4.7848
4.9090
4.9022
4.7907
4.8286
4.6886
4.7795
4.6904
4.8146
4.8603
4.9959
4.9042
4.9571
4.7567
4.9442
4.9574
4.7755
4.9116
4.9084
4.7023
4.9473
4.7952
4.7122
4.8075
4.9595
4.9248
5.0209
4.9982
5.0640
4.9035
4.9866
5.0205
5.0351
4.9338
4.8631
4.8614
4.8193
4.9258
4.9175
4.8583
4.8718
4.9614
4.8970
4.8777
4.7991
4.8191
4.6150
4.6782
4.5754
4.7152
4.7390
4.7624
4.8851
4.7774
4.8110
4.5606
4.6484
4.6893
4.7220
4.6844
4.7481
4.6810
4.6878
4.9268
4.6913
4.7248
4.7193
4.7449
4.7480
4.7184
4.7803
4.6628
4.7772
4.8018
4.8158
4.8508
4.8173
4.8151
4.8265
4.8805
4.6750
4.7774
4.7266
4.5586
4.7021
4.6042
4.8029
4.7615
4.6468
4.7257
4.7915
4.6069
4.5930
4.7816
4.9043
4.8975
4.9500
4.9016
4.7380
4.7991
4.7126
4.8338
4.7652
4.7014
4.5578
4.5530
4.6223
4.6239
4.6912
4.6891
4.5505
4.5539
4.5263
4.6067
4.7100
4.5961
4.7320
4.7934
4.7190
4.7993
4.7516
4.6613
4.6117
4.7560
4.7598
4.6918
4.8478
4.8787
4.7941
4.8433
4.7388
4.9083
4.8074
4.7930
4.7558
4.7044
4.7303
4.5906
4.7732
4.6978
4.7911
4.7790
4.8024
4.9591
4.7890
4.9352
4.8810
4.9068
4.7674
4.8741
4.8409
4.8441
4.9428
4.8068
4.7024
4.8543
4.8115
4.7615
4.8494
4.8688
4.7330
4.7758
4.7236
4.6898
4.7587
4.8449
4.6739
4.9935
4.8825
4.8576
5.0091
5.1448
4.9055
4.9029
4.7675
4.9108
5.0573
5.0171
5.0720
5.1733
5.2810
5.2147
5.1481
5.0554
5.0323
5.1991
4.9482
5.0148
4.9486
4.8531
5.2921
4.8848
4.9725
4.8996
4.7394
4.7911
4.7196
4.7644
4.6653
4.8914
4.8506
4.8606
4.9234
4.9631
4.9278
4.9505
4.9108
5.0086
4.8280
5.0017
5.0114
4.9795
4.9150
4.7904
4.6656
4.5819
4.5878
4.8259
4.6478
4.6582
4.7212
4.7103
4.8082
4.8690
4.8012
4.7463
4.6244
4.4865
4.8598
4.6648
4.6308
4.6836
4.6940
4.7617
4.7056
4.8256
4.8150
4.7059
4.6578
4.8048
4.7659
4.5432
4.6964
4.6502
4.6313
4.7621
5.0076
4.8184
4.7418
4.5472
4.6201
4.8579
4.9274
4.6649
4.8099
4.6368
4.7316
4.7795
4.7785
4.8098
4.8285
4.7091
4.8019
4.7370
4.5562
4.6045
4.6684
4.6965
4.7985
4.6829
4.7473
4.7718
4.8205
4.7614
4.7043
4.7546
4.6343
4.6254
4.5728
4.6344
4.6699
4.7165
4.6701
4.7017
4.5899
4.6115
4.7316
4.6558
4.6683
4.7495
4.6711
4.7499
4.6922
4.7049
4.8905
4.7923
4.8187
4.8880
4.8235
5.0035
4.8789
4.9894
5.0897
5.1720
4.9783
4.7138
4.7397
4.9481
5.0388
5.1120
5.0448
4.8781
4.8756
4.8947
4.7831
4.7940
4.7995
4.5663
4.7654
4.6629
4.6422
4.8918
4.8621
4.9195
4.9010
4.9258
4.8245
4.7966
4.7552
4.7052
4.6391
4.5528
4.7341
4.7142
4.5878
4.7701
4.7205
4.6837
4.5164
4.6084
4.8443
4.6340
4.6144
4.6239
4.6657
4.6263
4.5120
4.6748
4.7998
4.8715
4.6720
4.8071
4.7239
4.7486
4.8103
4.8404
4.6578
4.8213
4.8172
4.9463
4.8124
4.6519
4.6356
4.7019
4.6378
4.8146
4.6892
4.8326
4.8905
4.7661
4.9417
4.8586
4.7977
4.9491
4.7045
4.7175
5.0108
4.8905
4.8254
4.8519
4.8513
4.7308
4.7412
4.8021
4.9143
4.8096
4.8850
5.0855
5.0067
5.0391
5.0846
5.1093
5.0352
4.7921
4.9017
4.9748
5.0774
4.9452
4.9025
4.8775
4.8080
4.8108
4.8345
4.7783
4.8437
4.8040
5.0131
4.8516
4.6706
4.7700
4.5896
4.6847
4.7246
4.6121
4.6690
4.4863
4.4956
4.5171
4.5953
4.6427
4.6014
4.7446
4.6345
4.6399
4.6287
4.6537
4.6640
4.5945
4.7215
4.6644
4.6118
4.7115
4.7163
4.6604
4.8270
4.7873
4.8782
4.8360
4.8975
4.9048
4.8008
4.9011
4.7073
4.6736
4.6873
4.8224
4.8978
5.0504
4.7927
4.9415
5.0352
4.8457
4.7939
4.9202
4.8381
4.9030
4.8442
4.7761
4.7832
4.7439
4.8005
4.9601
4.8893
4.8271
4.9951
4.7454
4.7923
4.8305
4.8958
4.9803
4.9420
5.0564
4.9009
4.8065
4.8831
4.9698
4.9846
4.8042
4.8489
4.7410
4.8221
4.7116
4.8117
4.9565
4.9205
4.8631
4.9137
5.0519
4.9183
5.0358
4.9517
5.1925
5.0684
5.0313
5.0712
4.9645
4.9916
4.9740
4.8513
4.8594
4.9023
5.0088
4.8841
5.0720
5.3051
5.0118
5.2274
5.1461
4.9049
4.8927
5.0341
4.9034
4.8481
5.0293
4.9324
4.8147
4.9987
4.9554
5.0828
4.9542
5.1510
4.9183
5.1540
5.1190
5.0076
4.9723
4.9400
5.1337
5.0555
5.0268
4.8763
5.0172
5.0530
4.9062
4.9527
5.1352
4.9844
5.0009
4.9343
4.9670
4.9068
5.0410
5.1660
5.2119
5.0889
4.9244
4.8692
5.0106
4.8556
5.1443
5.0185
5.1536
4.9515
5.1663
4.9715
4.9961
4.9432
5.0217
5.1071
5.0543
4.8780
4.8236
4.9470
4.9854
4.9973
4.9168
4.8582
4.8888
4.8837
4.9651
4.9740
4.9275
4.9921
4.6691
4.9401
4.9312
4.9278
4.8139
4.8245
4.6594
4.6080
4.9047
4.9626
4.9910
4.8588
5.1575
4.9771
5.0553
4.9822
5.0616
5.0497
5.1138
4.9556
5.1820
5.0552
5.0327
4.9736
4.9012
4.8527
4.6779
4.6430
4.7338
4.8545
4.7390
4.8415
4.9093
4.9574
4.9058
4.9041
4.7882
4.9926
4.8156
4.8807
4.8978
5.1386
5.0778
4.9641
5.0790
4.9741
4.9969
4.9077
5.0745
5.1574
4.9439
4.9103
5.0578
4.7890
4.8065
4.8434
4.9117
4.9098
4.8209
4.7477
5.0099
4.8239
5.0634
5.1178
5.2470
5.1692
5.1843
5.0530
5.1263
5.0471
5.1753
5.1316
5.1986
4.9385
4.9032
4.9966
4.8894
4.8585
4.9980
4.9677
5.1299
5.0811
5.0646
5.1767
5.0665
5.0388
5.1560
5.1083
5.2353
5.0929
5.2983
5.2139
5.2055
5.1135
5.1742
5.1038
5.1715
5.0885
5.1117
5.2957
4.9734
5.0695
4.9549
5.0547
4.9847
4.9570
4.9776
4.8767
5.1115
5.0321
4.9503
4.8657
5.0394
5.0474
4.9478
4.8880
4.9086
4.8755
4.9182
4.9875
5.2298
4.9057
4.9937
4.9063
5.0329
4.9188
4.7970
4.9532
4.9213
4.8075
5.0105
4.8425
4.8008
4.7598
4.8257
4.8245
4.8604
4.7529
4.7619
4.8509
4.7656
4.7698
4.8993
5.0487
4.9321
4.9200
4.8111
4.9456
4.7841
4.8262
5.0011
4.8337
4.8975
4.6951
4.9897
4.8025
4.9036
4.9996
4.8195
4.9617
4.9764
5.0376
5.0603
5.1916
5.1307
5.1755
5.2265
5.3457
5.1522
5.1773
5.2224
5.1245
5.1281
5.0587
4.7785
4.8708
4.8975
4.9068
4.9021
4.8672
5.0107
5.0167
4.9843
4.9788
4.8783
4.7343
4.7816
4.7564
4.7915
4.9446
4.9971
4.8839
5.0107
4.8883
4.8962
4.8990
4.9713
5.0372
4.9375
4.8442
5.0945
4.9573
4.8608
4.8544
4.8880
4.8739
4.8475
4.8193
4.8960
4.8039
4.8924
4.8947
4.8103
4.8094
4.7997
4.7095
4.6918
4.6907
4.7797
4.9144
5.0399
5.0256
4.8837
4.7649
4.7666
4.7434
4.8409
4.8048
4.8853
4.7987
4.7462
4.7139
4.8401
4.6426
4.7055
4.5760
4.7091
4.6477
4.4837
4.5642
4.6688
4.7032
4.6553
4.9015
4.7557
4.8792
4.8754
4.9013
5.0963
4.9391
5.0328
4.9466
4.8766
5.0976
5.0654
5.0028
4.9249
4.9491
4.8688
4.9590
4.7482
4.8723
5.0090
5.0779
5.0865
4.9983
4.9871
5.0418
4.7995
4.9485
5.1210
4.9261
4.9479
4.8797
4.9492
4.9054
4.9381
4.9627
4.9903
4.8980
4.9767
4.8567
4.8608
4.9186
4.7719
5.0250
5.0589
4.8819
4.7860
4.7745
4.8756
4.8643
4.8974
4.9298
4.8483
4.6944
4.7361
4.9659
4.8944
4.8560
4.7615
4.6705
4.6742
4.5854
4.6449
4.8157
4.9749
4.7217
4.6906
4.7245
4.7380
4.7903
4.7868
4.7154
4.6164
4.6005
4.7476
4.8061
4.7069
4.7740
4.6060
4.6567
4.6053
4.5603
4.6881
4.5972
4.6473
4.7550
4.6581
4.6385
4.6009
4.6188
4.4732
4.5842
4.5098
4.5698
4.6033
4.5804
4.5924
4.6704
4.7850
4.8083
4.6392
4.9276
4.5663
4.7263
4.7917
4.7781
4.7562
4.6685
4.7468
4.8116
4.6282
4.6737
4.7965
4.7758
4.9659
4.7541
4.7126
4.7622
4.8137
4.8035
4.7163
4.6916
4.6920
4.5593
4.6931
4.7286
4.8123
4.8845
4.9207
4.8305
5.0806
5.0698
4.8996
5.0981
5.0713
5.3366
5.1388
5.1625
5.0975
4.9948
4.9369
4.7837
4.7191
4.6741
4.7595
4.7762
5.0503
5.0247
5.0955
5.0012
4.9258
4.9549
5.0829
4.9810
5.0240
4.9705
4.8519
4.6805
4.8420
4.8152
4.9014
4.8496
4.8374
4.8703
4.8931
4.9012
4.8490
4.9567
4.8408
4.7435
4.7903
4.6927
4.9326
4.9384
4.6233
4.8364
4.8497
4.7718
4.6882
4.7896
4.7827
4.8164
5.0377
4.9236
4.8721
4.9659
4.7123
4.8606
4.7722
4.7551
4.8298
4.6978
4.7847
4.8808
4.9844
5.0817
4.8523
4.8114
4.8290
4.8444
4.8582
4.9969
4.7591
4.9985
4.8815
4.8539
4.8614
4.7939
4.9582
5.0187
4.9769
5.0897
4.9052
4.7856
4.6748
4.6038
4.6424
4.6473
4.8035
4.8443
4.8529
4.6095
4.4991
4.5739
4.7954
4.6990
4.8391
4.9278
5.0389
4.8466
4.8166
4.7937
4.5824
4.6705
4.5109
4.6209
4.5141
4.5799
4.6399
4.4205
4.5402
4.5630
4.4813
4.4058
4.4473
4.5599
4.5525
4.4926
4.5757
4.6256
4.7116
4.7063
4.4930
4.7764
4.6610
4.6496
4.6487
4.4835
4.4458
4.3623
4.4354
4.3298
4.5364
4.5547
4.5116
4.5927
4.4465
4.3465
4.4388
4.5032
4.4420
4.4950
4.5163
4.5758
4.5104
4.6112
4.6180
4.6031
4.6935
4.5324
4.5795
4.4315
4.5823
4.6112
4.6167
4.8227
4.6630
4.7156
4.6261
4.5393
4.7268
4.6347
4.5022
4.5544
4.6714
4.7444
4.6978
4.5952
4.6281
4.6486
4.4133
4.4396
4.2771
4.6750
4.7817
4.6695
4.7570
4.7270
4.6638
4.7219
4.5202
4.5148
4.6738
4.4951
4.5602
4.7397
4.7125
4.7838
4.9998
4.8004
4.8111
4.6850
4.7053
4.6599
4.7522
4.7211
5.0336
5.0108
4.8518
5.0105
5.0615
4.9182
4.9588
4.8007
4.8968
5.0239
5.0719
4.9229
4.8307
5.0408
4.7651
4.6642
4.4727
4.5184
4.7107
4.6431
4.7091
4.7271
4.5832
4.6951
4.7993
4.4795
4.5985
4.7976
4.6929
4.7356
4.8588
4.8828
4.8839
4.8727
5.0161
4.9517
4.9795
4.6515
4.5118
4.5992
4.7374
4.8741
4.6435
4.9325
4.9505
5.0692
4.7333
4.7039
4.7266
4.7206
4.4842
4.6161
4.6430
4.5124
4.6181
4.6597
4.6657
4.6074
4.5947
4.7969
4.6948
4.7046
4.7076
4.8140
4.7157
4.7170
4.6122
4.7612
4.7620
4.5963
4.5688
4.6208
4.5492
4.6273
4.3947
4.6114
4.4522
4.5559
4.6108
4.5402
4.5156
4.7592
4.6360
4.7395
4.7729
4.7971
4.8416
4.7246
4.6495
4.7672
4.9319
5.0415
4.8082
4.8252
4.7636
4.8611
5.2389
5.2383
5.5109
5.4818
5.2262
5.1816
5.1713
5.1493
5.1207
5.0573
5.0186
5.0559
4.9710
5.0876
5.1050
5.0488
5.0425
5.4205
5.3335
5.1201
5.0507
5.2581
5.1551
5.2285
4.9036
4.9340
4.8494
4.8557
4.9152
4.6866
4.8932
4.9333
4.9884
4.9478
4.9999
4.8430
5.1591
5.0161
4.8341
4.7148
5.0145
4.9261
4.7069
4.6884
4.5869
4.5309
4.9239
4.9291
4.8848
4.8462
4.9631
4.8273
4.8034
4.6618
4.8825
5.0995
5.0645
5.0095
4.7786
4.9237
4.9009
4.8372
4.9146
4.9577
4.8035
4.9748
5.0454
5.0849
4.9322
5.0552
4.7878
5.1079
5.2355
5.1170
5.2531
5.1428
4.9563
4.9564
4.8515
4.8828
4.7614
4.7448
4.7507
4.7097
4.7855
4.8988
4.8056
4.9454
4.9455
5.0933
5.2554
5.2919
5.2462
5.4768
5.4179
5.2999
5.4809
5.1874
5.2400
5.4663
5.5295
5.3462
5.5288
5.5132
5.6188
5.3650
5.3789
5.4076
5.5899
5.4634
5.3942
5.4449
5.5268
5.5140
5.7439
5.9169
5.6462
5.7315
5.6066
5.4749
5.7000
5.6115
5.8602
5.7960
5.7308
5.8214
5.9082
5.6581
5.8365
5.6830
5.7726
5.6840
5.6697
5.7337
5.6298
5.2904
5.3301
5.1534
5.1242
5.0983
4.9613
5.2039
5.1764
5.1613
5.0433
5.2423
5.2598
5.3209
5.1384
5.3245
5.1410
5.2493
5.4367
5.3838
5.4590
5.4250
5.3512
5.4459
5.2006
5.4450
5.5465
5.7206
5.4160
5.4718
5.3857
5.3606
5.3140
5.3243
5.2770
5.5636
5.2915
5.3759
5.0848
5.1915
5.4276
5.4999
5.4786
5.5097
5.5959
5.5632
5.6444
5.5333
5.4033
5.6568
5.7507
5.6046
5.7067
5.4610
5.5339
5.4218
5.3164
5.6816
5.5757
5.4322
5.6872
5.5357
5.3985
5.3761
5.6640
5.4103
5.5179
5.4579
5.5215
5.5743
5.4568
5.5051
5.4772
5.2435
5.3351
5.5925
5.6093
5.2956
5.4602
5.5951
5.6182
5.6690
5.6673
5.6018
5.4769
5.5019
5.5137
5.4927
5.7156
5.4386
5.4560
5.4008
5.3269
5.2006
5.3355
5.5017
5.5249
5.4192
5.5971
5.4185
5.4128
5.3695
5.1113
5.0411
5.2207
5.2551
5.3433
5.3950
5.5002
5.3421
5.1250
5.1921
5.1377
5.4331
5.1950
5.2156
5.4693
5.3716
5.4222
5.4164
5.3460
5.3289
5.1828
5.3393
5.2272
5.1572
5.3245
5.3033
5.3517
5.2453
5.2894
5.2630
5.1172
5.0926
5.1927
5.1844
5.4830
5.5013
5.3795
5.4912
5.2059
5.4323
5.5426
5.4106
5.2652
5.2826
5.2004
5.4155
5.1122
5.0704
5.1037
5.1494
5.2266
4.9846
5.2798
5.2345
5.1851
5.1800
5.0491
5.1181
5.2177
5.3196
5.1832
5.2387
5.3762
5.5381
5.2346
5.2488
5.2955
5.2647
5.2470
5.0500
5.3150
5.4550
5.3395
5.3053
5.4887
5.4310
5.3005
5.4485
5.6104
5.2878
5.4061
5.2820
5.3239
5.4896
5.3766
5.2838
5.3681
5.3938
5.2412
5.1432
5.0652
5.2436
5.2052
5.2756
5.2410
5.3641
5.0984
5.2293
5.3163
5.1100
5.2374
5.3806
5.2659
5.4960
5.2707
5.2741
5.1650
5.0904
5.1489
5.1580
5.2989
5.2807
5.1729
5.2970
5.2108
5.2955
5.0656
5.2442
5.3113
5.3893
5.3163
5.3091
5.2207
5.1762
5.3829
5.2114
5.2133
5.2246
5.0793
5.1130
4.8607
4.9276
5.0858
5.3248
5.2078
5.2400
5.1465
5.0459
5.1227
5.3178
5.1314
5.3191
5.1567
5.4223
5.3537
5.1391
5.4846
5.2635
5.1099
4.9979
5.1766
5.4190
5.2775
5.3643
5.2026
5.0201
5.0353
5.0867
5.0763
4.9541
4.9909
5.0492
5.1918
5.4291
5.2758
5.4658
5.2608
5.4120
5.1035
5.2313
5.1256
5.2287
5.2424
5.3850
5.2531
5.5084
5.2602
5.2522
5.0072
5.0719
5.1598
5.4578
5.1034
5.0536
5.2574
4.9913
5.0147
4.9455
5.2405
4.9086
4.7780
4.9328
5.0667
5.0070
5.0254
5.0577
4.8677
5.1583
5.3215
5.1265
5.1902
5.1934
5.2861
5.2654
5.3456
5.0271
5.2141
5.1223
5.2773
5.2083
5.2341
5.2251
5.0117
5.2607
5.0335
5.1513
5.0683
5.1760
5.0734
5.3621
5.2671
5.2011
5.1144
5.1743
5.3937
5.1823
5.1320
5.2817
5.2725
5.4135
5.2768
5.4605
5.3070
5.3179
5.4388
5.2712
5.4013
5.4075
5.5240
5.5170
5.6010
5.5143
5.2952
5.2741
5.3489
5.3393
5.1427
5.2560
4.9449
4.9418
5.2169
5.3655
5.2696
5.1530
5.1380
5.0710
5.2537
5.3433
5.5150
5.1868
5.6676
5.2642
5.5073
5.2509
5.1536
4.9754
5.1486
5.1009
4.9830
5.0133
4.7555
4.8653
4.9364
5.0656
4.9627
4.7041
4.7522
4.8781
5.1399
5.1366
5.2100
5.0233
5.1079
5.0784
5.1703
5.2755
5.1802
5.0383
5.0875
5.1145
5.0402
5.2903
5.3512
5.2198
5.1404
5.2012
5.4300
5.3368
5.1832
5.1754
5.1555
5.1630
5.2943
5.0180
5.1464
5.2271
5.2127
5.1723
5.4731
5.5175
5.4496
4.9818
5.1906
4.9939
5.0817
5.4811
5.4359
5.4034
5.2436
5.1800
5.0522
5.1955
5.0622
5.0986
4.9624
5.1738
5.2498
5.2323
5.1308
5.0645
5.1647
5.1448
5.0825
5.1040
5.0859
5.0104
5.0134
5.0504
5.1731
5.0172
4.8622
4.8546
4.8083
5.0636
5.1599
5.0854
5.0061
5.0467
5.1245
4.9868
5.1067
5.4231
5.1134
5.1899
5.0287
4.9163
5.1428
5.1060
5.4002
5.3390
5.5482
5.2642
5.2565
5.2375
5.5108
5.5705
5.2709
5.2390
5.6194
5.2262
5.3281
5.4840
5.4173
5.3489
5.4896
5.2944
5.3610
5.2316
5.2917
5.4427
5.6437
5.4294
5.4792
5.7137
5.7112
5.7432
5.7003
5.7299
5.6696
5.1958
5.2655
5.1968
5.3003
5.3280
5.3963
5.4707
5.5653
5.2856
5.5046
5.5489
5.3312
5.4052
5.6095
5.5520
5.5782
5.3459
5.3150
5.2579
5.0084
5.3430
5.2344
4.9151
5.1100
5.1061
5.1499
5.1431
5.0271
5.3263
5.2757
5.5920
5.5268
5.1708
5.3089
5.3003
5.2652
5.2113
5.1518
5.0689
5.0414
5.0454
4.9883
5.1398
5.2104
5.4239
5.1395
5.4019
5.4431
5.2470
4.9460
4.9015
4.9759
5.0953
5.3758
5.4094
5.5530
5.3956
5.3490
5.3107
5.3749
5.2581
5.3146
5.2935
5.3544
5.2835
5.4799
5.7330
5.6920
5.5769
5.6154
5.3583
5.2203
5.1295
5.1516
5.0754
5.1244
5.1713
5.1760
5.0257
5.0201
5.0858
5.1240
5.2224
5.5139
5.1072
5.0567
5.3147
5.0424
5.2462
5.1513
4.7305
4.9463
5.0810
5.1075
5.0924
5.1543
5.0486
5.0033
5.1593
5.1368
5.2011
5.0221
5.3203
5.1568
5.2922
5.0759
5.1258
5.0886
4.8419
4.9397
5.1600
5.0800
5.0429
5.2256
5.3118
5.1946
5.1699
5.1253
5.0050
5.1523
5.1281
5.1733
5.0272
4.9439
4.9116
5.0179
5.0592
5.2667
5.4063
5.1993
5.1142
5.1733
5.0958
5.1279
4.9387
4.9104
4.9966
5.1025
5.1166
5.2910
5.4361
5.4637
5.1321
5.1510
4.9124
5.1466
5.3326
5.1575
5.0440
5.2091
5.0265
5.1153
5.0316
5.1652
5.2023
5.1562
5.2022
5.2251
5.0512
5.0981
5.0422
5.1168
5.2403
5.2021
5.1650
5.2649
5.1587
5.3375
5.3027
5.2631
5.1984
5.3668
5.2639
5.0779
5.2782
5.2598
5.3244
5.1312
5.0801
5.1580
5.4069
5.1460
5.0263
5.2029
5.3475
5.2895
5.1240
5.1236
5.2803
5.4152
5.4803
5.3556
5.3237
5.2223
5.3941
5.1947
5.2921
5.0688
4.8306
4.9226
4.9090
5.3293
4.8512
4.9150
4.9598
5.2579
5.2445
5.2888
5.5034
5.2537
5.0269
5.0866
5.1166
5.0216
4.9304
4.8576
5.1230
5.0850
5.2355
5.3633
5.1960
5.1309
5.3510
5.1581
5.0742
5.2210
5.1506
5.2466
5.3423
5.2219
5.0399
5.0695
4.9389
5.1824
5.1487
5.1134
5.1205
5.0262
4.8683
5.0464
5.0501
4.9215
4.9304
4.9216
4.8288
4.9334
5.1341
5.0565
5.1144
4.8649
4.9884
5.0471
5.0337
5.1985
4.9984
5.0501
5.2942
4.8858
4.9770
4.9723
4.9203
4.9483
4.8440
4.9399
4.9390
5.1151
4.8854
5.0654
5.1146
5.0820
4.9386
5.0362
4.8569
4.8826
4.8237
4.8134
5.0051
4.8256
4.8942
5.0845
5.1355
5.2431
5.2208
5.3584
5.1328
5.1346
5.2887
5.1531
5.4459
5.4942
5.5232
5.3263
5.3902
5.1964
5.3167
5.0333
5.0187
4.8995
5.0886
4.9437
4.7821
4.9432
5.0636
4.9105
5.1105
4.8106
5.0435
5.0250
5.0330
5.2618
5.0540
5.1094
5.0871
4.8902
4.9653
5.0051
5.1342
5.0893
5.0612
4.9032
5.0655
4.7525
4.8677
4.6468
4.9383
4.8332
5.0032
4.9190
5.1734
4.8153
4.8385
4.9942
5.0004
5.2059
5.2449
5.2925
5.1464
5.1122
5.2069
5.1865
5.1350
5.0277
5.0470
5.1709
5.2627
5.1434
5.1308
5.2756
5.2190
5.3631
5.6057
5.5972
5.3032
5.4133
5.0019
5.2274
5.3329
5.3771
5.2825
5.0894
5.1925
5.0741
5.3494
5.1554
5.0086
5.2844
5.0895
5.1889
5.0944
5.0860
5.3451
5.0851
5.0723
5.0516
4.8832
4.8746
5.0678
5.0127
4.9271
5.0447
5.0986
4.8859
4.6854
4.9302
4.7694
4.7147
4.7362
4.8074
5.0637
4.9611
5.0427
5.2448
5.4407
5.3960
5.4112
5.2281
5.1394
5.0612
5.0555
4.9243
5.0407
4.9953
5.3141
5.4045
5.4149
5.3939
5.2757
5.2724
5.1446
5.1231
5.2398
5.1984
5.3470
5.0301
5.2560
5.3336
5.1179
5.1164
5.3035
5.0092
5.2693
5.1999
5.0635
5.1159
5.0238
5.1583
5.2008
5.2927
5.2745
5.4599
5.2196
5.1346
5.2709
5.2885
5.1726
5.0726
5.1287
5.1538
5.1393
5.1631
5.0888
5.2646
5.3425
5.0721
5.1913
5.1658
5.1344
5.1241
5.2579
5.2779
5.0618
5.0948
5.2238
5.1567
5.2702
5.1685
5.2255
5.0485
5.1160
5.1617
5.1674
5.2360
5.1861
5.0927
5.2689
5.3240
5.3151
5.0278
5.1697
5.1266
5.1069
5.1767
5.2151
5.1019
5.0505
5.1848
5.1418
5.1910
5.1351
5.1474
5.1402
5.0004
5.0034
5.0535
4.9626
5.1274
5.1118
5.1256
5.2137
5.0565
5.1176
5.4343
5.4155
5.5782
5.2476
5.2690
5.0876
5.2629
5.2949
5.3654
5.2307
5.2777
5.3709
5.3894
5.2427
5.3507
5.0750
5.1578
5.2611
5.2782
5.2863
5.2443
5.1475
5.0817
5.0662
5.1163
5.2928
5.0904
5.1118
5.1137
5.2095
5.0715
5.2800
5.1539
5.2261
5.4706
5.5868
5.4893
5.3059
5.2357
5.2650
5.1796
5.1639
5.2513
5.1763
5.3483
5.3612
5.3498
5.1791
5.1511
5.0319
5.1063
4.9750
4.9092
4.9936
5.1842
5.1618
5.0502
5.1289
4.9980
5.0446
5.0933
5.2516
5.1582
5.1927
5.1628
5.0540
4.9669
5.0660
5.0169
5.1236
5.1916
4.9686
5.1276
5.1328
5.0705
5.1198
5.2136
4.9941
5.0718
5.0394
5.0706
5.0154
5.2269
5.2523
4.9845
5.2466
5.2453
5.1371
5.1563
5.1258
5.1558
5.0173
5.0345
4.8565
4.9762
4.8930
5.0083
5.1152
4.9639
4.8864
4.8711
4.8947
4.8375
4.8710
4.9848
5.1071
5.0007
4.9023
4.7449
4.9244
4.9095
4.8536
4.8387
4.7854
4.8839
5.0660
5.0158
4.8470
4.9506
4.7880
4.9966
5.0116
5.0866
5.0032
5.0821
5.0808
4.7571
4.8917
4.7753
4.7821
4.8633
4.9352
5.1522
5.1489
4.8924
5.1642
5.2819
5.2733
5.0485
5.0822
5.3444
5.1140
5.2757
5.0709
4.9453
4.9859
5.3083
5.1077
5.1359
4.9975
4.9684
4.8924
5.0448
5.0169
5.2435
5.3016
5.3997
5.4397
5.1558
5.2644
5.3010
5.2550
5.1310
4.9189
5.0912
5.0380
5.0182
5.1327
5.1288
5.3277
5.2893
5.3930
5.5833
5.3467
5.2392
5.3697
5.3412
5.4106
5.4602
5.2313
5.1514
5.2396
5.1935
5.2194
5.2853
5.3713
5.2338
5.2883
5.1476
5.1566
5.2054
5.3405
5.4417
5.1808
5.1142
5.0678
5.3674
5.4949
5.3401
5.7120
5.5179
5.2290
5.1956
5.1706
5.2696
5.3047
5.7191
5.1957
5.1325
5.0159
5.2347
5.3000
4.9223
5.0665
5.1852
5.1042
5.0854
5.2455
5.0909
5.1589
5.0575
5.1981
5.2185
5.1569
4.9040
4.9542
5.2217
5.0858
5.2693
5.1656
5.1306
5.0972
5.2011
5.1504
5.0722
5.1150
5.0214
5.2372
5.1351
5.1139
5.0823
5.0286
5.0522
5.0099
4.9648
5.0970
4.9290
4.9466
5.1273
5.1793
5.0689
5.3056
4.9972
5.2661
5.1747
5.2100
5.1221
5.1041
5.1235
5.0595
5.2990
5.0083
4.9130
5.0190
4.8069
4.8813
4.9907
4.7675
4.8401
4.9662
4.6992
4.6033
4.6232
4.5266
4.6512
4.9668
4.8206
4.9507
4.7341
4.8019
4.9943
4.9938
5.0580
5.1148
5.2377
4.8863
4.6148
4.8814
4.7731
4.7434
5.0164
5.0965
5.0209
4.9444
4.8877
4.7928
4.9253
5.0060
5.0824
5.1125
5.1256
5.0819
5.0459
5.0925
5.0251
4.8658
4.8234
4.8435
5.0262
4.8585
4.9986
5.1497
4.9112
5.0193
5.0907
4.9275
5.1038
5.0425
4.9581
4.8445
4.9716
4.8694
4.9109
5.0342
4.9712
4.6435
4.7144
4.7967
4.6746
4.7300
4.9644
4.6371
4.7818
4.6831
4.7126
4.7855
4.7203
4.6081
4.6395
4.5591
4.6467
4.6492
4.7933
4.8792
4.7264
4.7396
4.8731
4.9097
5.0683
4.8895
5.0540
5.0765
5.0840
5.0200
5.1327
5.2377
5.1805
5.0868
5.2547
5.1209
5.2154
5.0421
4.8406
5.0808
5.0525
5.0661
5.2282
5.1843
5.2190
5.0865
5.0039
4.9856
5.0416
5.0505
4.8371
4.7218
4.7783
4.8615
4.8350
4.7648
5.0434
5.0311
4.7912
4.8286
5.1434
4.9996
5.0592
5.0165
5.1884
5.0683
5.1083
5.0492
5.1912
5.0555
4.9693
4.9895
4.7836
4.7696
5.2314
5.1303
5.0506
5.0906
5.1681
5.0666
5.0938
5.0506
5.0966
4.9004
5.1929
5.0239
5.0916
4.9541
4.9375
4.9985
4.7882
4.6468
4.9203
5.1326
4.8474
4.6474
4.9901
4.9220
4.9025
4.8198
4.9131
4.8293
4.7828
4.6106
4.6451
4.6705
4.8811
4.9694
4.9601
4.8169
5.0040
4.7566
4.7996
4.7408
4.9826
5.0411
5.0040
4.8358
4.9213
4.9792
4.8572
4.8574
4.7364
4.9317
4.7687
5.1632
5.1767
5.1349
5.1112
5.0715
5.0132
5.0961
5.2567
4.9212
5.0312
4.8351
5.0565
4.9603
4.8071
4.7000
4.8070
4.6768
4.8416
5.0705
5.0637
4.9520
5.1657
5.0986
5.0225
5.0752
4.7546
4.9911
5.2605
5.1927
5.1830
4.8993
5.0354
4.9237
4.7604
4.9228
4.9771
5.0023
5.0922
4.9185
4.9146
4.8278
5.0260
5.2935
5.2040
5.1164
5.0411
5.2362
5.3272
5.2065
5.1881
5.1567
4.9547
5.0859
5.0551
4.9780
4.9537
5.1115
5.1836
5.0450
5.0655
5.0774
4.9818
5.3096
5.3157
5.2288
5.0943
5.0552
5.2540
4.9883
5.1749
5.0998
4.9799
5.0783
4.8982
4.9800
5.0119
4.9878
5.1144
5.0908
5.0011
4.9600
5.0216
5.2283
5.1349
5.0083
5.3093
5.2861
5.1513
5.2198
5.4077
5.2498
5.1630
5.2612
4.9795
5.0468
4.9927
5.0002
5.1696
5.2674
5.2222
5.4032
4.9769
5.2136
5.0469
5.1330
5.1728
5.3602
5.2066
5.1839
5.1443
5.2098
5.1121
5.2724
5.4957
5.2293
5.1064
5.1796
5.1073
5.0433
5.2581
5.2573
5.0691
5.2332
5.4477
5.5271
5.1835
5.2890
5.4564
5.3746
5.5607
5.7206
5.7409
5.5631
5.5421
5.3912
5.3955
5.2503
5.3195
5.2763
5.1872
5.3297
5.2943
5.0206
5.1179
5.1479
5.0943
5.2436
4.9189
5.0241
5.1127
5.1734
5.0070
4.9510
4.8009
4.7221
5.0608
5.0612
5.0481
4.9233
4.8463
4.9397
4.9969
4.8126
5.0615
4.6344
4.9038
4.8767
4.8122
4.7362
5.0659
5.1675
5.0060
4.9582
5.0060
5.2307
5.1448
5.2406
5.1236
5.1845
5.0199
5.0078
4.9796
5.0507
5.1142
5.1814
4.9483
5.0855
5.2422
5.1866
5.0859
5.3410
5.3356
5.3980
5.3298
5.0930
5.0440
5.0833
5.1446
4.9618
4.6909
4.8050
4.9025
4.8330
4.8176
4.7393
4.7646
4.8290
5.0978
5.0022
5.1471
4.8251
5.1618
4.7994
4.7890
4.7725
4.6454
4.8190
4.7257
4.8724
5.0850
4.8602
4.9341
4.9419
4.8291
4.7551
4.7182
4.6444
4.6388
4.6736
4.6418
4.7264
4.6829
4.7267
4.6429
4.6683
4.7021
4.7330
4.9065
4.9125
4.9645
4.7727
4.8418
4.9460
4.8703
4.9683
4.7599
4.9411
4.9061
4.9780
5.0452
4.7256
4.8334
5.1632
5.1523
5.0318
5.0542
4.8957
4.9144
5.1206
4.9668
4.7784
4.8987
5.1905
5.0408
5.2409
5.0574
5.1449
5.1688
5.1024
5.1745
5.1734
5.0626
5.0511
5.0863
5.0301
5.2164
5.0621
5.1309
5.0730
5.2272
5.1829
5.2549
5.2527
5.5030
5.4332
5.5444
5.1824
5.5671
5.4590
5.4815
5.3771
5.3408
5.6590
5.5375
5.4576
5.2677
5.2663
5.3513
5.2087
5.3737
5.1206
5.0675
5.0775
5.1597
5.1893
5.0063
5.4781
5.6681
5.3235
5.4001
5.3423
5.1322
5.1432
5.2898
5.1708
5.2166
5.2279
5.3242
5.4963
5.4938
5.3655
5.2496
5.0986
5.0995
5.1862
5.3795
5.3686
5.1812
5.1155
5.3178
5.4375
5.5873
5.3468
5.1955
5.0607
5.1821
5.0083
5.0155
5.1757
5.1423
5.2589
5.5707
5.2915
5.3298
5.1504
5.2500
5.6564
5.3668
5.4150
5.4030
5.4869
5.3060
5.4466
5.5097
5.4682
5.3820
5.6168
5.5580
5.3570
5.3982
5.2788
5.2901
5.5493
5.3637
5.3520
5.2892
5.4051
5.7694
5.6863
5.4782
5.2048
5.3728
5.3592
5.5282
5.6050
5.5734
5.4570
5.3482
5.3864
5.4778
5.3762
5.4878
5.5363
5.4360
5.5411
5.6444
5.7536
5.4154
5.4987
5.5986
5.5877
5.5776
5.7779
5.6418
5.7080
5.6120
5.6448
5.6221
5.4588
5.4993
5.3198
5.2821
5.2003
5.0821
5.0965
5.1437
4.9176
5.0402
5.0386
5.0052
5.0936
5.1586
5.1039
5.5228
5.3559
5.3672
5.2039
5.4026
5.2931
5.4216
5.2966
5.2721
5.0395
5.0071
5.0657
5.0543
5.2483
5.0662
5.1128
4.9770
5.1151
4.9681
4.9813
4.8918
4.9864
5.0911
5.1655
4.9557
5.1072
5.0353
5.0497
5.3928
5.1483
5.2499
5.1499
5.1938
5.3219
5.3377
5.2987
5.2136
5.1140
5.1315
5.1868
5.3205
5.2690
5.0270
5.3999
5.2200
5.1715
5.1559
5.2601
5.2831
5.3600
5.1971
5.1229
5.1848
5.1204
5.2284
5.2994
5.2244
5.3377
5.2906
5.4356
5.5786
5.5394
5.3478
5.2760
5.2636
5.2054
5.1594
5.1617
5.2059
5.0824
5.1625
5.3430
5.2799
5.3376
5.2531
5.1674
5.2792
5.1509
5.4555
5.2199
5.1497
5.2112
5.3014
5.4873
5.6605
5.6030
5.4035
5.3514
5.2384
5.3220
5.1836
5.1432
5.3118
5.2795
5.3813
5.1983
5.3346
5.4008
5.2452
5.4220
5.2800
5.0188
5.2136
5.0388
5.0395
5.2231
5.0747
5.0828
4.8804
4.8352
5.0789
4.8527
4.9504
5.0990
5.0161
5.2534
5.1034
5.0022
5.0058
5.0952
5.2722
5.5356
5.5246
5.1773
5.3207
5.1541
5.3989
5.4426
5.1877
5.1758
5.2106
5.2589
5.3611
5.5377
5.4665
5.4514
5.5833
5.5721
5.5612
5.5327
5.6848
5.3705
5.2589
5.3373
5.1152
5.2698
5.4449
5.3508
5.6581
5.5563
5.5871
5.5087
5.3915
5.2694
5.3839
5.2522
5.2301
5.1580
5.3644
5.1510
5.3903
5.3830
5.5014
5.4805
5.4115
5.3517
5.3140
5.1245
5.0241
5.2472
5.2873
5.1802
5.1090
5.0009
5.0514
5.0450
5.1351
5.1724
5.1985
4.9977
5.3086
5.0787
4.9421
5.0646
4.9854
5.0620
5.2873
5.1144
5.0570
5.1439
5.1819
5.1435
5.3842
5.6543
5.3313
5.1554
5.1721
5.2775
5.2067
5.4019
5.2160
5.2125
5.2432
5.1996
5.2047
4.9604
5.0008
4.7997
4.7925
4.8391
4.8041
5.1292
5.0098
5.2111
5.2393
5.3785
5.2951
5.2080
5.0781
5.1239
5.0975
4.8386
5.1864
5.1463
4.9593
5.0994
5.0400
4.9994
4.9883
4.9293
4.9221
4.9108
4.7603
4.8506
4.8857
4.8719
5.0582
4.9169
5.2631
5.2217
5.0553
5.1664
5.0664
5.0844
5.0417
4.9621
5.0604
5.1381
5.0792
5.0054
5.0449
4.9526
4.9669
5.0097
5.0406
5.0185
5.2385
5.0581
4.9122
5.1426
5.0144
4.9684
5.1019
5.3011
5.3111
5.3032
5.2086
5.0570
4.9832
5.0570
4.9942
4.9280
5.0343
4.8966
4.7370
4.8493
4.7953
4.8237
5.0240
5.0828
5.0504
5.0129
5.0838
5.0669
5.0544
5.1197
5.1917
5.0914
4.9978
5.1104
5.3996
5.1492
4.9871
5.1118
5.0365
5.1276
5.2164
5.2151
5.1501
5.0140
5.1333
5.2671
5.1596
5.3661
5.2000
4.9743
4.9990
4.9087
4.8570
4.7599
5.0236
5.0543
5.1289
5.1083
5.1845
5.1966
5.0416
5.0638
5.1779
5.2422
5.3240
5.2463
5.4027
5.3789
5.5751
5.4932
5.3612
5.1409
5.4664
5.6572
5.4496
5.7179
5.5247
5.6775
5.4655
5.4311
5.4267
5.4044
5.2739
5.2773
5.1938
5.1832
5.1552
5.2542
5.2508
5.4417
5.3582
5.3554
5.2129
5.4486
5.3573
5.3680
5.1573
5.0889
5.3860
5.1658
5.3133
5.0073
5.1874
5.1631
5.0946
5.3949
5.3383
5.2973
5.3449
5.4035
5.3930
5.3485
5.2051
5.3562
5.2748
5.5204
5.5439
5.3616
5.2683
5.1973
5.0563
5.0907
5.1144
5.0817
5.0967
5.0887
5.0413
5.0075
5.2150
5.4736
5.2535
5.1654
5.2620
5.1675
5.1004
5.1705
5.2989
5.0555
5.3497
5.2284
5.3239
5.3306
5.3936
5.3790
5.3245
5.4685
5.4971
5.4557
5.1641
5.4862
5.5102
5.3612
5.5218
5.2620
5.2943
5.1148
4.8472
4.9826
5.0934
4.9894
4.7932
4.8636
4.9367
4.9661
5.0827
5.0940
5.1069
5.0009
4.9438
4.7660
4.7614
4.7407
4.8275
4.8479
5.0156
5.2478
5.1476
5.2230
5.3578
5.2182
5.0180
5.2127
5.1220
5.2044
5.3825
5.3186
5.0427
5.1003
5.3896
5.0799
5.2306
5.4076
5.0636
5.0055
5.1581
5.1710
5.0517
5.0103
5.0527
5.1002
4.9587
5.1624
5.3060
5.0756
5.0410
5.1211
5.0828
4.9949
5.1738
4.9194
5.0687
5.1008
4.7253
4.9864
5.1079
4.8376
5.0316
5.1291
5.0506
5.0234
4.8608
5.2353
5.1238
5.4397
5.2795
5.6842
5.2678
5.5374
5.4819
5.5322
5.5620
5.2960
5.4673
5.6505
5.6442
5.6257
5.6975
5.7087
5.5111
5.4313
5.3334
5.5140
5.4046
5.3880
5.1010
5.0449
5.4002
5.3391
5.1800
5.4261
5.3503
5.0309
5.2616
5.0152
4.9745
5.3606
5.0428
5.3102
5.4250
5.0972
5.3905
5.2647
5.2008
5.1339
5.0494
5.1035
5.0217
5.0571
4.7117
5.0669
4.8607
4.7923
4.6503
4.8961
4.7722
4.7832
4.8202
4.9870
5.1109
5.0413
5.0410
5.0767
4.9130
4.8203
4.9449
5.0002
4.8268
5.0285
4.8980
4.8401
4.9546
4.8993
4.9212
5.0026
5.0249
5.0425
4.8523
5.0070
5.1388
5.1959
5.1247
4.9773
5.1369
5.2351
5.0663
5.2225
4.9961
5.1206
5.0041
5.1268
4.9624
5.0477
4.9779
4.8528
4.8675
4.8477
4.8129
4.7584
4.7644
4.4661
4.5767
4.5310
4.5587
4.3885
4.4627
4.4342
4.3367
4.3528
4.2241
4.3377
4.6061
4.5447
4.5818
4.6561
4.7286
4.7249
4.8160
4.8340
4.8467
4.7673
4.7791
4.9878
4.7639
4.8212
4.9654
4.7828
4.6041
4.5978
4.6662
4.9204
4.8520
4.7363
4.7378
4.9673
4.9959
4.9134
4.8144
4.8560
5.1254
5.2654
4.9987
4.8841
4.9258
5.0990
5.0778
5.0612
5.0466
5.0675
4.7901
5.0082
5.0448
5.0498
5.2474
5.0675
5.1838
5.0388
5.1031
5.3405
5.2003
5.2279
5.1108
5.0696
5.2171
5.3345
5.2886
5.2609
5.0695
5.0812
4.9083
4.9509
5.1567
4.9886
5.0319
5.1383
4.9621
5.4981
5.5573
5.1481
5.2747
5.3319
5.2405
5.2039
5.2645
5.0108
5.0600
5.0963
5.3387
5.1158
5.0807
5.0645
5.0152
5.0597
4.8364
5.0039
4.9108
4.8859
4.8874
4.8822
4.7278
4.7302
4.8138
5.0230
4.8303
4.8667
4.8073
4.8554
4.9773
5.0965
5.0457
4.9205
5.1590
4.9088
4.8213
5.1727
5.0484
4.9054
4.9518
5.0942
5.1669
5.0397
5.0066
4.8639
4.7269
5.0387
5.0195
4.8714
4.8726
4.8770
4.8758
4.6715
4.5719
4.6000
4.5072
4.7634
4.6876
4.7392
4.6196
4.7237
4.7002
4.7265
4.9418
4.9211
4.9404
5.0213
4.9554
5.0301
5.0442
4.8501
4.8619
4.9724
4.8491
5.0642
5.0177
5.0902
5.0388
5.0913
5.1965
5.2812
5.2294
4.9216
5.0437
4.8084
4.8639
4.9150
5.0409
4.8462
4.9919
5.0091
4.9555
5.0529
5.2282
5.0996
5.1240
5.2388
5.3013
4.9194
5.0962
4.9439
5.0257
5.0496
4.8072
4.8259
4.7956
4.7748
4.8781
5.0407
5.1158
4.9234
5.0353
4.9977
4.9528
5.1791
5.2015
5.1330
5.2633
5.0973
5.1057
5.1152
5.2315
5.1320
5.2472
5.0877
5.1807
5.4399
5.2385
5.1221
5.1796
5.1579
5.2177
4.9768
4.7550
4.9718
5.1159
4.8939
4.8640
5.0466
5.0366
4.9692
4.8244
4.9144
4.8768
5.0857
5.1546
5.0285
5.0072
4.9473
5.1068
5.2166
5.0070
4.9539
5.0404
5.1319
5.2728
5.2268
5.2018
5.2164
4.9934
4.8881
4.8324
4.9819
5.0479
4.7689
4.6700
4.9267
4.9196
4.9355
4.8172
4.7452
4.7647
4.7744
4.7710
4.6250
4.6449
4.6884
4.5921
4.6226
4.7197
4.6627
4.7349
4.7234
4.7930
4.8476
4.7868
4.7603
4.9069
4.8270
4.9388
4.9623
4.9644
4.8016
4.8322
4.8268
4.5852
4.4157
4.5402
4.6474
4.7870
4.7063
4.6708
4.7635
4.8160
4.7614
4.7452
4.7743
4.5936
4.8029
4.7201
4.6183
4.6374
4.6714
4.6386
4.6297
4.8173
4.7458
4.7670
4.9310
4.6726
4.8716
4.6236
4.8169
4.8234
4.7276
4.6329
4.7409
4.6637
4.6840
4.5245
4.5038
4.6361
4.6822
4.7753
4.6622
4.7293
4.7029
4.5804
4.4686
4.6428
4.5858
4.5001
4.6247
4.6546
4.7803
4.7780
4.6540
4.5180
4.5244
4.4859
4.6176
4.5707
4.6923
4.7370
4.7655
4.7170
4.7168
4.7403
4.6081
4.7381
4.4730
4.6115
4.7880
4.8265
4.8318
4.7068
4.7537
4.9428
4.9842
4.7996
4.8917
4.8424
4.7079
4.5389
4.5970
4.5629
4.8775
4.7373
4.5977
4.6312
4.6831
4.7623
4.5606
4.4722
4.7270
4.7771
4.6764
4.8424
4.9936
4.9010
4.7347
4.6991
4.8118
4.7045
4.7667
4.8799
4.7917
4.6521
4.8253
4.6449
4.6875
4.4843
4.7009
4.6821
4.6621
4.5755
4.5355
4.6697
4.6338
4.9207
4.7146
4.6179
4.7401
4.8969
4.9407
5.0487
4.9749
4.9133
4.7556
4.5720
4.6964
4.8096
4.7055
4.6992
4.8132
4.7847
4.7848
4.9042
4.9631
4.8448
4.9410
5.0876
4.8626
4.8239
4.9512
4.8979
4.8082
4.6876
4.9052
4.8894
4.6847
4.7097
4.7324
4.7284
4.5416
4.6203
4.6372
4.7729
4.5456
4.6527
4.7491
4.9342
4.8821
4.7980
4.6566
4.5565
4.4603
4.3448
4.5342
4.6091
4.7725
4.6285
4.5799
4.6438
4.5117
4.5442
4.5126
4.4586
4.5719
4.5374
4.6029
4.4638
4.6171
4.8112
4.7418
4.7197
4.7722
4.5287
4.7408
4.8116
4.7714
4.9955
4.8026
4.8739
4.7618
4.9172
4.7222
4.6836
4.9102
4.7341
4.6419
4.8370
4.5835
4.6559
4.7748
4.7384
4.6187
4.9879
4.9456
4.7495
4.9388
4.8422
4.9720
4.8788
4.7869
4.9777
4.9561
4.8503
5.0800
5.0624
5.0737
5.0797
5.2223
5.0198
5.0070
4.9570
5.0400
4.9037
4.8405
4.9103
4.9692
4.9627
4.9775
4.7828
4.9633
4.8041
5.1123
5.0054
4.9779
4.9512
5.3778
5.0543
5.1228
4.9908
4.9870
4.8784
4.7541
4.9889
4.9849
4.8722
4.9500
4.9782
4.8685
5.0920
5.1742
5.1259
5.0735
5.0786
4.9918
5.0322
4.8575
5.0120
4.8842
4.9356
5.0439
5.1620
5.1386
5.0632
5.0425
5.0762
5.0252
5.0106
5.0914
4.9650
5.0001
5.1488
5.0849
4.9790
4.7162
4.5872
4.5067
4.7826
4.8365
4.8381
4.7861
4.8855
4.8949
4.8762
4.9302
5.0752
4.8476
4.8852
4.9806
5.2422
4.8564
4.8058
4.9305
4.8746
5.0133
4.8713
4.8798
4.6755
4.7568
5.0424
5.0509
5.0948
4.9664
4.7744
4.9113
5.1427
5.1526
5.0381
4.7829
4.9446
4.7737
4.6324
4.8492
4.9023
4.9144
4.9647
5.0222
4.9081
4.9078
4.8886
4.7026
4.7331
5.0502
4.9654
5.0774
5.1432
5.1530
4.8825
5.0934
5.0403
4.9367
4.9147
4.8506
4.8093
4.7305
4.8610
4.8839
4.5599
4.7261
4.6705
4.7443
4.6473
4.4554
4.6783
4.9003
4.9363
5.0113
4.8158
4.8416
4.9022
4.7951
4.6149
4.6550
4.5417
4.6069
4.7613
4.6741
4.6263
4.7547
4.7166
4.8008
4.8063
4.8791
4.7213
4.8559
4.8127
4.8231
4.8419
4.6765
4.9823
5.0684
5.0908
4.9065
5.1034
5.0927
5.0556
5.0935
5.2735
5.3241
5.4320
5.2377
5.0846
4.9422
4.9052
5.2961
5.0888
4.9266
4.9714
4.9740
4.8895
5.1540
4.7685
4.9538
4.8353
4.9377
5.0310
4.8838
5.1122
5.0152
4.8885
4.8217
4.9716
4.9604
4.9970
4.9514
4.8839
4.7747
4.8029
4.9148
4.7942
4.8445
4.9966
4.9500
4.7888
4.7906
4.7523
4.7828
4.8007
4.7580
4.8441
4.9317
4.8501
4.6354
4.8703
5.0550
5.1546
4.9321
4.8986
5.1079
4.9214
4.7994
4.7212
4.6438
4.7043
4.7568
4.6493
4.7612
4.6436
4.6476
5.0379
4.9772
4.8944
4.9070
5.0617
4.9958
4.9876
5.1973
4.7370
4.9794
4.9337
5.0247
5.0478
5.1284
5.0981
5.4458
5.0083
5.0712
4.9905
4.9920
4.9888
5.1189
5.2314
5.0233
5.1208
5.0161
5.0303
5.0182
5.0364
5.3427
5.1867
5.3649
5.1845
5.1417
4.9664
4.9262
4.9659
4.9843
5.0112
5.0164
4.9070
4.8754
4.8343
4.9894
4.9935
4.8823
4.8170
4.7279
4.9045
5.0095
4.9045
5.0613
5.0118
4.8643
4.8861
4.8786
4.8846
5.2658
5.2829
5.2205
5.0912
5.0941
4.8522
5.0584
4.9119
4.9562
4.8460
4.8191
4.9756
5.1521
5.0770
5.4636
5.2369
5.1357
4.9259
5.0649
4.9972
5.1888
4.9321
5.1438
4.9749
5.0277
4.9986
4.9007
5.1186
5.4429
5.2981
5.0434
4.9357
5.0374
4.8704
5.1188
5.3908
5.3139
5.4414
5.2307
5.2063
5.1136
5.0774
5.0898
4.9657
4.9822
5.0831
4.9628
5.0801
5.0784
5.0279
5.2450
5.1322
5.2472
5.1658
5.1824
5.3327
5.0895
5.2775
5.0731
5.0741
4.9887
4.9923
5.0341
5.1990
5.0418
5.0785
4.9364
4.9787
4.9632
4.9406
4.7269
4.8058
4.9616
4.8988
4.9455
4.8088
4.9910
5.0041
4.9945
5.1192
4.7278
4.8903
4.8729
4.9313
4.9082
5.0260
5.1607
5.2051
4.9946
5.0046
4.9588
4.8904
4.9761
4.9990
4.9111
4.9326
4.9093
4.9802
4.9048
4.8813
5.0869
5.1134
5.0532
5.2808
5.3200
5.0077
4.9569
4.8531
4.9475
4.7894
4.7864
4.9081
4.8626
5.0250
5.0853
5.0859
5.2385
5.3063
5.1030
4.9158
4.9902
4.9877
5.0048
4.9547
4.8827
4.7853
4.7808
4.9552
4.9996
4.8684
4.9799
5.2304
5.0865
5.2831
4.9499
5.1567
5.1860
5.1615
5.1242
5.3508
5.2378
5.1293
5.0865
5.2663
5.3771
5.1321
5.1492
5.2625
5.4455
5.1771
5.2243
5.3733
5.1323
5.1926
5.0836
4.9493
5.1014
4.8480
4.9347
4.8641
4.8944
4.9172
4.8374
5.1279
5.0713
4.9207
4.8173
4.8350
5.0614
5.0557
4.9490
4.8600
4.8972
4.8780
4.8133
4.9181
4.7076
4.9566
5.0589
4.9469
4.8829
4.7990
4.8542
4.9855
4.9443
5.1568
4.8324
4.8689
4.8254
4.8532
4.6284
4.7730
4.6528
4.5259
4.7495
4.8065
4.8437
4.7837
4.8270
4.6389
4.6283
4.9143
4.7646
4.7851
4.7282
4.7922
4.8349
4.8420
5.1929
4.9561
5.0230
5.0162
5.0013
4.9929
4.9251
5.1565
5.3052
5.1695
5.0471
5.1304
4.9689
5.0355
5.1052
5.3763
5.3714
5.5629
5.4986
5.5036
5.1856
5.0570
5.1119
5.3714
5.3302
5.2024
5.1612
5.1324
5.1139
5.3342
5.1388
5.3801
5.2328
5.3209
5.3788
5.2687
5.1912
5.1617
5.1131
5.0101
5.0839
5.1993
5.1313
5.3165
5.0695
5.3241
5.1281
5.0782
5.1237
5.0712
5.2942
5.2315
5.2457
5.2090
5.0959
5.1401
4.8219
4.9822
4.9719
5.0421
5.0215
5.0629
5.2158
4.9764
5.0460
4.9831
5.1224
4.9111
4.9525
5.1271
5.2773
5.1875
5.1976
5.1929
5.1300
5.0617
5.1150
5.1377
5.1469
5.1637
5.0824
5.2195
5.1861
5.3025
5.3537
5.2210
5.3532
5.2241
5.1046
5.1137
5.1688
5.0223
4.9977
4.9351
5.1031
5.1524
5.0498
4.9797
5.1182
5.0204
5.1470
5.1647
5.1704
5.1447
5.1735
5.0377
5.0742
5.0201
5.0602
4.8356
4.8853
4.9279
5.1596
5.0172
5.0700
5.0409
5.1322
4.9246
4.9316
5.2322
5.3759
5.2339
5.2034
5.1143
5.2950
5.2994
5.3172
5.2337
5.0195
5.0993
4.9084
4.8367
5.0645
4.7846
4.9299
4.9664
4.9876
5.0636
5.0202
5.1354
4.9228
5.0943
5.0443
5.1472
5.0826
5.1998
4.9686
4.9658
5.0112
5.0765
5.1543
5.4445
5.2554
5.2914
5.1107
5.0566
5.0811
5.0882
4.9144
5.1717
5.0585
5.2575
5.0218
5.0417
5.0982
4.9998
4.8444
5.2161
5.2480
5.0406
4.9133
4.9927
5.1944
5.1562
5.0439
5.3127
5.1505
5.2300
5.1729
5.3139
5.2560
5.2343
5.2863
5.3388
4.9180
5.0648
5.1940
5.1492
5.1394
5.0182
4.9073
5.1584
5.0503
4.9626
4.9124
4.8053
4.8952
4.9389
4.9221
5.0906
4.9852
5.0905
5.2520
4.9965
4.9835
4.9986
5.2442
5.1508
4.8877
4.8070
5.0412
5.2343
5.0285
5.0268
5.1552
4.9616
5.3365
5.1944
5.0738
5.1899
5.0526
5.1480
4.9665
4.9967
5.1568
5.2960
5.3534
5.0083
5.2216
4.9799
5.1089
5.2628
5.0174
4.9191
4.9268
4.9364
4.9792
5.1230
5.0987
5.0462
5.1670
5.0032
4.9627
4.9013
4.9947
4.7596
4.8463
4.8507
4.9690
5.1423
4.9927
4.9519
5.0030
4.9570
4.8060
4.8130
4.7447
4.8221
4.9498
4.8573
5.0395
5.1237
5.0648
4.9997
5.0656
5.1811
5.1512
5.1789
5.3006
5.1361
5.2312
5.3033
5.1566
5.2150
5.1929
5.3869
5.2522
5.2043
5.3147
5.3622
5.3797
5.1612
5.3872
5.2252
5.2211
5.2681
5.2820
5.3871
5.1500
5.2661
5.3015
5.3170
5.1823
5.2159
5.0800
5.3384
5.3379
5.4832
5.1746
5.1934
5.1179
5.0035
4.9657
5.2402
5.0455
4.8800
5.0970
5.0743
5.1505
5.2854
5.2667
5.3120
5.4135
5.3039
5.3249
5.0998
5.2753
5.3904
5.3035
5.4112
5.2349
5.2290
5.2048
5.3326
5.3560
5.1726
5.2125
5.3204
5.3003
5.3880
5.2456
5.3053
5.0859
5.0023
4.9793
5.0339
5.0361
4.9204
4.9447
4.9990
5.1092
4.9744
5.0556
5.0675
5.0009
5.1177
5.2342
5.2201
5.0343
4.9919
5.1257
5.2014
5.0340
5.0430
5.0521
5.0860
5.0409
5.0199
5.1163
5.1299
5.1457
5.1248
5.4293
5.2574
4.9718
4.9480
5.2442
5.1641
5.1542
5.4227
5.4120
5.1475
5.1351
5.1966
5.0413
4.9969
5.0562
5.2444
5.1169
5.2584
5.2718
5.2938
5.4687
5.2034
5.1025
5.2919
5.0237
5.0246
5.0917
5.3355
5.1247
5.0723
5.2975
5.0822
5.1379
5.3542
5.5114
5.4524
5.3666
5.3242
5.2146
5.1973
5.3536
5.2333
5.2543
5.1415
5.2122
5.1401
5.0595
5.1720
5.0874
5.0425
5.0305
5.1717
5.0122
5.0985
5.1335
4.8269
4.8748
4.9817
5.0583
4.8198
4.8203
5.0053
5.0209
5.2605
5.2996
5.1821
5.0098
5.0722
5.0118
5.3085
5.3816
5.4409
5.5794
5.4058
5.1744
5.0047
5.1771
5.2897
5.2015
5.0815
5.2503
5.2021
5.0920
5.0689
5.1584
4.8722
5.0024
5.0161
5.2927
5.1302
5.1049
5.1977
4.9724
5.1001
5.2127
5.1791
5.0306
5.1019
4.9390
5.0030
5.0715
5.0488
5.1935
5.0968
5.2604
5.4956
5.4245
5.3420
5.2637
5.2039
5.2387
5.1970
5.0278
4.9757
5.0968
4.8448
4.9682
5.0343
5.0907
5.0932
5.0501
4.9485
4.9120
4.8694
4.9615
5.0386
5.0710
5.0095
4.9823
5.3042
5.1385
5.1296
5.0487
5.1419
5.3121
5.3898
5.3128
5.2768
5.1809
5.2171
5.2718
5.2915
5.3540
5.4982
5.4053
5.5463
5.6295
5.6143
5.4630
5.4034
5.3353
5.3304
5.2059
5.1292
5.1052
4.9819
4.9220
5.0641
5.0266
5.1472
5.1000
5.1420
5.0189
5.0670
5.1774
5.1633
5.2863
5.1358
5.0521
4.9947
4.8853
5.1390
5.0868
5.0811
4.8738
4.9724
4.7710
4.9266
4.9761
4.8789
5.0442
5.1386
5.1036
5.0196
5.0935
5.1533
5.0861
4.9497
5.2188
5.2598
5.4199
4.9688
5.2159
5.3029
5.1828
5.2491
5.3704
5.2685
5.2127
5.0738
5.2706
5.1769
5.4477
5.2706
5.3340
5.2352
5.4468
5.4199
5.2884
5.2885
5.2515
5.1957
5.3702
5.1511
5.3209
5.3327
4.8801
5.1347
5.0539
5.2500
5.0280
4.8327
4.9024
5.0847
4.9225
5.0194
4.7439
4.9359
4.9527
5.2008
5.0401
5.3085
5.2207
5.4935
5.2437
5.4767
5.5445
5.4992
5.4575
5.5069
5.5963
5.5314
5.3583
5.6609
5.3077
5.1411
5.1645
5.2649
5.3540
5.3715
4.9602
5.1942
5.1892
5.0181
5.1689
5.0390
5.0216
5.1445
5.1662
5.2375
4.9974
5.2410
5.2016
5.1561
5.2380
5.0834
5.2402
5.1972
5.1884
5.0941
4.9751
4.8866
5.1165
4.9915
5.1551
5.1200
5.1033
5.2073
5.2024
5.1517
5.1034
5.1670
5.1171
5.0832
4.8938
5.0032
5.1982
5.0784
5.0279
5.1289
5.1139
5.0191
5.0034
5.0834
5.0272
5.1282
5.0904
5.2656
4.9740
4.9740
5.1885
5.4383
5.2341
5.3443
5.1387
5.1498
5.1231
5.1066
5.1622
4.9600
4.8707
4.9443
5.2289
5.3840
5.0612
5.1029
5.2095
5.1054
4.9708
4.9449
4.8383
5.1686
4.9487
4.7717
4.8322
4.9430
4.8977
5.0879
5.0555
5.1805
5.2192
5.2610
5.1163
5.1652
4.9652
5.2056
5.0206
5.1558
5.2117
5.1902
5.2543
4.8570
5.0822
5.1619
5.1812
5.1554
4.8935
4.9671
4.8648
5.0069
4.9297
5.1535
5.2333
5.0174
5.0464
4.9698
4.8287
4.9049
4.9131
4.6616
4.7378
4.7582
4.8204
4.9241
4.8618
4.8938
4.9928
5.1245
5.2038
5.2154
5.1932
5.1759
4.9790
4.9550
5.1472
5.4250
5.1406
4.8883
5.0810
5.0263
5.0417
5.0415
4.8613
4.8592
4.8780
5.1786
5.0282
5.1541
5.1550
5.1326
5.1463
5.0274
4.9765
4.9586
4.9103
4.9679
5.0422
4.8820
5.1346
4.9741
5.1729
5.1429
5.0014
5.1357
4.9849
4.8755
4.9151
4.9156
4.8758
5.0524
5.0843
5.0548
5.0069
4.8870
5.1122
5.0248
5.0650
4.9994
4.7740
4.8547
4.9301
5.0680
4.9851
5.0204
5.0708
5.0029
4.9874
5.0351
4.8278
4.9936
4.8902
4.9202
4.9576
5.1330
5.1599
4.9722
5.1690
5.1819
5.2063
5.1527
5.0758
5.3427
5.1189
5.2006
5.2873
5.1297
5.3013
5.1094
4.9343
5.2760
5.2122
5.1768
5.1764
5.2383
5.3038
5.3414
5.1069
5.2613
5.3817
5.2067
5.1769
5.4348
5.1749
5.3240
5.5139
5.2548
5.5896
5.1518
5.2606
5.3357
5.0873
5.2632
5.1610
4.9412
5.0338
5.0416
4.8711
4.8544
5.0028
5.0783
5.1636
5.2934
5.3126
5.3842
5.2181
5.4229
5.1793
5.1976
5.0972
5.1413
4.8929
4.9248
4.8024
4.8934
5.0142
4.8731
5.0692
5.0484
4.9642
4.8766
4.8041
5.0163
5.0717
4.9731
4.9332
4.9456
4.9596
4.9315
4.7747
4.8511
4.8920
4.9882
4.9129
4.9137
4.9064
4.8236
5.0139
4.9830
5.0033
4.9292
4.9307
5.0489
5.0662
5.0485
5.3130
5.3020
5.2850
5.1609
5.1946
5.2420
5.2723
4.9696
5.2773
5.4531
5.2274
5.1517
5.1532
5.3552
5.2650
5.2415
5.2930
5.2074
5.2242
5.1669
4.8727
5.1758
5.0719
5.1227
4.8824
4.9772
4.9651
5.0395
5.0250
4.9252
5.0921
5.1188
4.9475
5.1002
5.1115
4.8980
5.1075
4.9583
4.9770
5.0473
4.9933
4.7573
4.7627
4.8321
4.9657
4.9005
4.7852
5.0251
5.1829
5.2196
5.2158
5.2945
5.3037
5.1232
5.1147
5.2554
5.1198
5.1566
5.4111
5.2331
5.1808
5.1114
5.0555
4.9246
4.8877
5.1590
4.9458
4.9276
5.0115
4.9258
5.0182
4.9830
5.0473
5.1973
5.1695
5.2779
5.1956
5.0851
4.9956
5.0871
5.1174
5.1475
4.9395
5.1794
5.2607
5.2819
5.0783
4.9785
5.0225
5.0432
4.9257
5.1413
5.1505
5.2783
5.1397
5.1137
5.1489
5.0979
5.1436
5.1837
5.3104
5.3764
5.2703
5.4438
5.2686
5.1267
5.2001
5.2410
5.3023
5.1628
4.9610
4.9979
4.9336
4.9605
5.0289
4.8471
4.9478
5.0138
5.0313
4.8674
4.9536
5.0705
5.0022
4.9323
4.8480
4.9066
4.9252
4.9352
4.9584
5.1691
5.1921
4.9057
5.0717
5.1253
5.1043
5.0250
5.0591
5.0318
5.0882
4.9738
5.0647
4.9874
4.9332
4.8851
4.8089
4.9335
4.8529
4.6856
4.8208
4.9346
4.9733
4.9965
5.0331
5.0937
5.1765
5.0399
5.0230
5.0935
5.2826
5.1274
4.9814
4.8816
5.0214
5.2037
5.1125
5.2318
5.2089
5.3679
5.2530
5.1724
5.0870
5.1632
5.2743
5.0535
5.0264
5.2373
5.0987
5.1534
4.9747
5.0744
5.1327
5.1884
5.1304
5.0909
5.2707
5.2549
5.1080
5.1900
5.1799
5.1089
5.0017
5.0325
5.0804
5.0721
5.2462
5.4367
5.0838
5.1612
5.3330
5.1926
5.0545
5.3184
5.4097
5.2426
5.1993
5.3541
5.0950
5.0807
5.3128
5.1656
5.1189
5.4261
5.1188
5.1194
5.0224
4.9896
5.0317
5.0838
5.0758
5.0426
5.0423
5.0879
5.1795
5.1214
5.0945
4.9467
5.0957
4.9622
4.9201
5.0016
4.9657
5.0663
4.8839
4.8560
5.0247
5.2480
5.0484
5.0879
5.0368
5.0063
4.9677
5.1351
5.1405
5.0192
5.0379
4.9999
4.7181
4.8421
4.9252
4.8926
5.0883
5.0318
4.9647
4.9184
5.0187
5.1376
5.0609
4.6807
4.8020
4.9205
4.8237
4.9995
4.9488
5.0325
5.2336
5.2800
5.2345
4.9646
4.9532
4.8044
4.8899
4.8648
5.0178
4.8362
4.8650
4.8860
4.8074
4.7814
5.0819
5.1088
5.2270
5.1296
5.1358
5.2192
5.2088
5.0084
5.0251
4.7576
5.1611
4.9227
4.9649
4.8730
4.9748
4.9325
4.9998
4.8258
4.9176
4.9967
5.1374
4.9766
4.9566
4.8943
5.0171
4.8722
5.1154
5.1825
5.1601
5.1225
5.2100
5.2172
5.0680
4.9959
4.9990
5.2219
4.9674
5.0823
5.2330
5.0605
5.1466
5.1234
5.0228
5.1574
5.0477
5.1000
5.1943
5.0716
5.1881
5.2809
5.1038
5.0074
5.0967
5.1760
5.2212
5.1612
5.0662
5.1197
4.9479
4.9414
5.2126
5.0069
5.0217
5.0170
5.0238
4.9586
4.9628
5.0517
5.0609
5.1178
5.0168
4.9547
4.7983
4.7584
4.7390
4.8013
4.7733
4.7676
4.8756
4.9965
4.9437
4.9600
4.7626
5.0259
5.0630
5.0067
4.9771
4.9419
5.2057
5.0788
4.8216
4.8637
4.8830
4.7774
4.7863
4.7382
5.0441
4.9026
4.8667
4.7329
4.9109
4.8559
4.9213
4.9553
5.0774
5.0670
5.1052
5.0138
4.8394
5.1117
5.1671
4.8139
5.0833
4.9667
4.7428
4.8940
4.8812
4.8148
4.8239
4.8379
4.7795
4.7096
4.6831
4.8160
5.0091
4.9343
4.7017
4.9111
4.8171
5.0494
4.9227
4.7808
4.7519
4.7585
4.8264
4.7673
4.9490
4.8677
4.9137
5.1087
5.1133
5.0415
5.2928
5.1961
4.9828
5.1624
5.0345
5.0487
5.2488
5.2588
5.1728
5.0887
5.1464
5.1586
5.3330
5.2768
5.2639
5.2754
5.2971
5.2247
5.1624
5.2552
5.2118
5.1337
5.2894
5.4965
5.0707
5.2413
5.4629
5.4122
5.3987
5.3956
5.4262
5.5433
5.6378
5.6374
5.3922
5.4797
5.5704
5.3015
5.2015
5.1875
5.1998
5.0102
5.1936
5.3269
5.4653
5.5076
5.5499
5.4161
5.1828
5.1195
5.2743
5.2653
5.3081
5.5058
5.3225
5.3614
5.5515
5.4459
5.5318
5.4472
5.3691
5.4296
5.2281
5.2320
5.3356
5.3903
5.3533
5.2453
5.4019
5.3551
5.2350
5.5078
5.2986
5.2425
5.2515
5.2525
5.5028
5.3504
5.2447
5.2124
5.2628
5.1376
5.4261
5.2529
5.3830
5.3240
5.3771
5.3194
5.4614
5.3916
5.3871
5.4327
5.4980
5.2240
5.3035
5.3571
5.3371
5.3346
5.5342
5.4885
5.6907
5.4536
5.4547
5.3211
5.3766
5.5148
5.3473
5.3712
5.4647
5.4529
5.4336
5.2117
5.1359
5.1657
5.1828
5.6869
5.3753
5.6178
5.3152
5.7357
5.5061
5.5015
5.4590
5.5116
5.5239
5.5358
5.6366
5.3634
5.6063
5.4654
5.4965
5.3308
5.4217
5.6339
5.5206
5.5338
5.7232
5.5429
5.7609
5.7705
5.7028
5.5095
5.4345
5.4952
5.4366
5.1543
5.1342
5.4877
5.5405
5.4592
5.5852
5.3642
5.2361
5.3306
5.3435
5.2925
5.4428
5.4202
5.5782
5.3968
5.4004
5.5702
5.6091
5.5848
5.5139
5.4110
5.3860
5.1436
5.5919
5.5229
5.7492
5.8362
5.6656
5.6154
5.5114
5.4851
5.4063
5.3076
5.2667
5.2684
5.3014
5.4256
5.3165
5.4522
5.3702
5.4843
5.5004
5.5830
5.6014
5.6799
5.5696
5.4289
5.3979
5.4371
5.3836
5.4416
5.5620
5.4340
5.3055
5.4548
5.4395
5.3588
5.2240
5.4297
5.3664
5.5944
5.3685
5.3836
5.7512
5.5553
5.5577
5.6370
5.5982
5.4813
5.4105
5.4835
5.3409
5.3460
5.5481
5.3890
5.3079
5.2598
5.4382
5.3391
5.4508
5.6999
5.7563
5.8054
5.9410
5.8546
5.7851
5.6991
5.8387
5.7740
5.6281
5.8449
5.8766
5.6685
5.6231
5.5204
5.4497
5.3782
5.2942
5.4513
5.5225
5.4835
5.5552
5.5648
5.4006
5.3034
5.4106
5.3898
5.3602
5.4921
5.4306
5.5361
5.4523
5.3886
5.3715
5.4365
5.3707
5.3337
5.5876
5.8174
5.5821
5.5817
5.4946
5.6640
5.3840
5.5300
5.4487
5.5850
5.5246
5.5418
5.5902
5.5751
5.4750
5.4349
5.3214
5.3164
5.2316
5.1648
5.5072
5.4293
5.3216
5.3856
5.3751
5.4545
5.5207
5.6410
5.7852
5.5999
5.6272
5.4589
5.5792
5.5469
5.3347
5.3426
5.3869
5.4427
5.5760
5.5008
5.6384
5.7559
5.6333
5.5579
5.8164
5.6255
5.7514
5.7616
5.6378
5.5159
5.6782
5.5234
5.4069
5.3814
5.7004
5.5816
5.5467
5.4859
5.3474
5.5635
5.6541
5.6865
5.5453
5.4061
5.5922
5.4922
5.5694
5.4550
5.5230
5.6809
5.7596
5.6413
5.5657
5.8059
5.7875
5.5647
5.5772
5.8082
5.5685
5.4733
5.4424
5.5790
5.3745
5.4736
5.5725
5.3323
5.5082
5.6226
5.8609
5.8361
5.7280
5.6706
5.6856
5.5130
5.4810
5.5114
5.4976
5.4230
5.3555
5.4932
5.6113
5.2774
5.3140
5.0244
5.1134
4.8965
4.8854
4.7824
4.7690
4.7758
4.7493
4.7595
4.8302
5.0808
5.2649
5.1415
5.3994
5.3840
5.3533
5.4472
5.5286
5.4590
5.5409
5.4133
5.6540
5.3653
5.3934
5.5873
5.4343
5.1733
5.2479
5.3653
5.5347
5.5024
5.5313
5.4362
5.5783
5.3595
5.2873
5.4804
5.3917
5.5992
5.4439
5.1936
5.4293
5.5032
5.4555
5.4660
5.6183
5.3807
5.4607
5.6783
5.7343
5.5558
5.5879
5.4499
5.6685
5.5981
5.5615
5.4535
5.5710
5.5383
5.4911
5.3325
5.4793
5.2530
5.3279
5.5564
5.6142
5.5377
5.5664
5.3951
5.3890
5.2565
5.5494
5.6557
5.5186
5.4517
5.5385
5.4076
5.6656
5.5434
5.4584
5.4600
5.1385
5.1695
5.2765
5.3395
5.2593
5.4877
5.4081
5.3022
5.4180
5.2112
5.4400
5.4706
5.5364
5.5660
5.3964
5.6056
5.6400
5.4921
5.3467
5.3731
5.5962
5.7394
5.6036
5.5430
5.4682
5.4469
5.7783
5.6164
5.7791
5.4134
5.5849
5.7099
5.6882
5.5316
5.6422
5.3901
5.4740
5.4241
5.4826
5.5137
5.5964
5.5200
5.3343
4.9249
5.3377
5.2326
5.2668
5.0069
5.0733
5.0225
4.9504
5.0336
5.1126
5.1613
5.0032
5.2075
5.2495
4.9614
5.1269
5.2202
5.0743
5.1029
4.9868
5.1189
5.0919
4.9837
5.0635
4.8627
4.9804
4.9244
4.8631
4.8420
4.7030
4.6683
4.7234
4.9164
4.7013
5.0052
4.8608
4.9738
4.8795
4.8570
4.8122
4.9952
5.1146
5.0840
5.0540
4.9420
4.8149
4.8793
4.9295
4.9081
4.7833
4.7231
4.5900
4.7477
4.9809
4.8737
4.7823
5.1170
5.0234
4.7916
4.6825
4.6982
4.7809
4.7296
4.7419
4.7644
4.7643
4.9350
4.7250
4.6633
4.7484
4.7346
4.9856
4.9244
5.0763
5.0306
4.9949
5.1891
5.2553
5.2452
5.1745
5.0604
5.2496
5.4269
5.4776
5.3184
5.4136
5.3467
5.4743
5.1329
5.3052
5.3631
5.0514
5.1446
5.3366
5.2443
5.3143
5.3042
5.0942
5.2694
5.0915
5.1736
5.3563
5.4155
5.3254
5.4988
5.3528
5.4239
5.2959
5.0918
5.2748
5.2193
4.8226
5.2054
5.2036
5.0333
4.9279
4.8900
4.7795
4.7552
4.8179
4.7792
4.7669
4.7149
4.7627
4.6704
4.7659
4.7581
4.7917
4.6746
4.8557
4.6818
4.9079
4.6796
5.0432
4.8180
4.6726
4.8065
4.6927
4.6790
4.6772
4.7852
4.6227
4.8947
4.9847
4.9063
5.0134
4.9405
5.0690
5.1222
5.0343
5.0216
4.9612
4.9152
4.9005
4.7188
4.9297
4.8737
4.7856
4.5605
4.6741
4.8840
4.9030
4.7126
4.9251
4.9794
4.9316
4.8970
4.7261
4.7984
4.8080
4.9252
5.1499
5.0749
5.1318
5.1400
5.1319
5.0575
5.0363
5.0101
5.0407
5.2342
5.2803
5.1926
5.1238
5.0517
5.2225
4.8705
4.9771
4.8210
4.8562
4.7667
4.9238
4.8385
