5.0831
5.0298
5.0053
5.0002
4.9677
5.0224
5.1042
5.2115
5.2385
4.9006
4.9185
4.8768
5.0744
5.2778
5.0795
5.3589
5.2093
5.1813
4.9904
5.0014
4.9937
5.0867
5.2570
5.4103
4.9722
5.0086
5.1721
4.9980
5.1360
5.0083
4.9871
5.2062
5.1886
5.0968
5.0169
4.6910
4.8241
4.7956
4.8674
4.8780
5.0729
4.9209
4.9935
4.8362
4.9480
4.9889
4.9111
5.1411
4.9022
4.9437
4.6732
4.8108
4.6901
5.0824
4.9836
4.8013
4.7754
4.7843
4.6789
4.8577
5.0104
4.7530
4.6911
4.9712
4.6527
4.7111
4.9428
4.8946
4.7308
4.7113
4.4570
4.5450
4.5790
4.6675
4.5127
4.7021
4.6609
4.4965
4.7148
4.5670
4.5337
4.5423
4.7037
4.6686
4.6595
4.7292
4.6861
4.6846
4.6779
4.6917
4.7123
4.7914
4.8631
4.6305
4.9245
4.8903
4.9781
4.9725
4.8201
5.1287
4.9954
4.7756
4.9683
5.0190
4.7987
4.8444
4.8307
4.8766
5.0919
5.0040
4.7743
5.1041
4.9796
4.9578
4.7530
4.9490
4.9780
5.0403
5.0589
5.0288
4.9868
4.8721
4.9615
4.9161
5.0292
4.8909
4.9077
5.1371
5.0074
4.7878
4.9915
4.8684
4.7763
4.8434
4.8362
4.7975
4.9022
4.8556
4.8769
4.8320
4.7733
4.8726
4.6793
4.6053
4.8271
4.7793
4.8574
4.7763
5.0344
4.9818
4.8639
5.0948
5.0166
4.9264
4.9147
4.9495
4.9100
4.9816
4.5518
4.8838
5.0327
4.8116
4.9589
5.1258
5.2283
5.0364
5.1334
5.3730
5.3453
5.0729
4.9730
5.1147
5.3172
5.4801
5.1175
5.1603
5.3309
5.2320
5.2274
5.0417
5.2064
4.8599
4.8831
4.6626
4.7293
4.7839
5.1023
4.8485
5.0679
4.8579
4.8776
4.9901
4.9933
5.0481
4.9490
5.3443
5.1342
5.1419
4.8490
5.1285
5.1388
5.0279
4.9238
4.8459
4.7322
5.0790
5.0366
4.9724
5.1562
4.9449
4.9959
5.0388
5.1419
4.9568
5.0614
4.8527
4.9846
5.0076
4.9630
4.9961
4.9277
4.7904
4.9453
4.8230
4.5489
4.5270
4.4888
4.6778
4.5961
4.6965
4.6831
4.5587
4.5745
4.4671
4.5854
4.7348
4.8392
4.7922
4.6988
4.7970
4.5074
4.6340
4.7690
4.6110
4.6930
4.5830
4.6496
4.4899
4.5400
4.5284
4.5587
4.5709
4.4769
4.3544
4.4960
4.3043
4.3525
4.2081
4.4187
4.3368
4.1131
4.3569
4.2562
4.2286
4.3421
4.3715
4.3600
4.2291
4.2294
4.3167
4.3159
4.3371
4.3870
4.5806
4.4864
4.5367
4.4069
4.4728
4.5050
4.5589
4.3706
4.3782
4.4946
4.4683
4.4323
4.5536
4.4083
4.2711
4.3703
4.4655
4.5286
4.4528
4.2934
4.3393
4.2082
4.3521
4.4656
4.3307
4.5422
4.4802
4.5530
4.5553
4.6405
4.5955
4.6566
4.5468
4.3865
4.5890
4.5709
4.3527
4.6913
4.6804
4.5676
4.5559
4.4932
4.4659
4.5216
4.4145
4.4838
4.5786
4.6821
4.4514
4.2708
4.5080
4.5432
4.5511
4.5676
4.7479
4.7832
4.7298
4.5860
4.6293
4.5263
4.5081
4.8860
4.6769
4.6242
4.8411
4.7160
4.6369
4.8574
4.7192
4.7585
4.6736
4.6379
4.8847
4.6710
4.7131
4.6747
4.7281
4.7948
4.8970
4.9059
4.7523
4.7892
4.8956
4.8978
4.6733
4.7037
4.6921
4.8379
4.9049
4.7624
4.7735
4.7437
4.7271
4.7241
4.8574
4.6654
4.7479
4.6639
4.6968
4.6373
4.5959
4.6202
4.6563
4.6699
4.9613
4.6930
4.8610
4.9025
4.9324
4.8829
5.0120
4.9405
5.1873
5.3152
5.1432
5.3063
5.0702
5.1410
4.8786
4.9806
4.9124
4.9642
4.8916
5.0668
5.1426
5.1696
5.2179
5.3344
5.1901
5.1264
5.0043
5.1178
4.8769
5.0464
5.1255
5.0814
5.0958
4.9594
5.2359
5.2606
5.2345
5.1877
5.1933
5.0578
5.3351
5.0635
5.1562
5.2815
5.1543
5.1347
5.2168
5.1746
5.1470
5.1739
4.9645
4.8978
4.9558
5.1657
4.9874
5.0122
4.8512
4.8515
4.9755
5.0071
4.7865
4.7351
4.9545
4.9127
5.0474
4.7948
4.9184
4.7968
4.8280
4.8661
4.7587
4.9577
4.9920
4.8694
4.9226
4.8449
4.9741
4.9661
4.8677
4.9851
4.8182
4.9402
4.9030
4.8061
4.7997
4.7971
4.6117
4.7264
4.6698
4.6382
4.6190
4.7337
4.5834
4.5559
4.4698
4.4132
4.5597
4.5339
4.4133
4.3680
4.3824
4.4634
4.2800
4.3692
4.2819
4.3707
4.4137
4.5589
4.5620
4.5664
4.6249
4.4635
4.4116
4.2824
4.3016
4.3670
4.2546
4.3988
4.4966
4.5557
4.5748
4.6439
4.6264
4.8957
4.8639
4.6756
4.6953
4.7016
4.6109
4.4744
4.5057
4.4968
4.5576
4.5789
4.4958
4.4404
4.6876
4.6547
4.4308
4.4499
4.4663
4.3472
4.4225
4.4681
4.4990
4.5281
4.6381
4.5673
4.5075
4.5087
4.5242
4.6361
4.6616
4.7566
4.6928
4.8823
4.6154
4.7391
4.6110
4.6748
4.5089
4.4341
4.7147
4.6021
4.7667
4.5934
4.6287
4.5369
4.4262
4.6189
4.5609
4.7674
4.5777
4.6259
4.6067
4.5576
4.5421
4.4578
4.5741
4.7249
4.6523
4.6753
4.7755
4.7921
4.7295
4.7104
4.5446
4.5708
4.5466
4.5380
4.7651
4.6253
4.7325
4.7032
4.6365
4.6860
4.5061
4.3978
4.3685
4.4195
4.5089
4.5437
4.5380
4.5609
4.5787
4.5114
4.4184
4.7737
4.6367
4.5818
4.5138
4.6904
4.5932
4.7713
4.7786
4.7856
4.7626
4.5975
4.3974
4.5228
4.5013
4.3827
4.4172
4.4095
4.6830
4.6865
4.7146
4.7835
4.8183
4.9167
4.7201
4.5996
4.7457
4.8928
4.7265
4.9127
4.7495
4.8065
4.7288
4.7986
4.7923
5.0064
4.8816
4.9612
4.9593
4.7742
4.9747
4.8220
4.6381
4.6022
4.3780
4.4690
4.6731
4.7200
4.9617
4.9438
5.0124
4.8009
4.7577
5.0052
4.9947
4.9966
4.7557
4.7223
4.7614
4.8250
4.7749
4.6903
4.7002
4.6359
4.7232
4.7655
4.9898
4.6921
5.0176
4.9208
4.9951
5.0208
4.8389
4.8911
4.9511
4.7834
4.9987
4.7647
5.0665
5.0254
4.7479
4.7800
4.9575
4.9726
4.7015
4.7754
5.1961
4.9543
5.2035
5.0336
4.8636
4.9624
4.8492
4.7590
4.7158
4.7479
4.6813
4.7124
4.5540
4.7365
4.9596
4.9965
4.9844
4.6539
5.0263
4.8773
4.9494
4.7506
4.8506
4.8941
4.7558
4.6923
4.7818
4.6374
4.8673
5.0368
4.8825
4.8437
4.7810
4.7743
4.6810
4.6415
4.6848
4.9144
4.9772
4.8475
4.9516
4.7676
4.8919
4.8024
4.9489
4.6844
4.7725
4.7321
4.7170
4.6136
4.6171
4.6282
4.6162
4.5445
4.6792
4.7105
4.7089
4.6745
4.7033
4.7451
4.6866
4.7289
4.6949
4.6722
4.5580
4.5602
4.7368
4.7782
4.6199
4.6911
4.6502
4.6224
4.6642
4.7797
4.6314
4.4898
4.6350
4.8431
4.9337
4.6691
4.6287
4.5445
4.7814
4.7789
4.6782
4.5691
4.6866
4.5439
4.3713
4.3454
4.6687
4.7406
4.6101
4.7137
4.3773
4.5164
4.6241
4.6650
4.5148
4.7392
4.6972
4.5097
4.6061
4.5199
4.5966
4.5155
4.3183
4.6791
4.8524
4.6717
4.7231
4.8027
4.9006
4.8779
4.6824
4.6882
4.6821
4.6674
4.6756
4.6646
4.5654
4.6812
4.8304
4.7819
4.9007
5.1797
5.0739
4.8122
4.9966
4.8385
4.8481
5.3096
5.1522
5.3625
5.3143
5.1496
5.1758
5.0530
5.2463
5.3443
5.3849
5.0071
5.1395
4.9517
4.9321
5.1766
4.8664
4.8242
5.0629
4.9530
4.6955
4.9923
4.9525
4.9260
5.1392
5.1974
5.1755
5.3179
5.1364
4.9464
5.1091
5.2464
5.4449
5.3778
5.1788
5.2066
5.2690
5.4356
5.3665
5.1691
5.0219
5.0278
5.0748
5.1035
5.1605
5.0244
5.2013
5.2049
5.2245
5.4870
5.2369
5.1196
4.9214
4.8386
4.8701
5.0413
4.9042
4.7947
4.8475
4.8178
4.8248
5.0255
4.9256
4.8089
4.8993
5.1306
4.9594
4.9899
5.0226
4.8777
5.0676
5.1110
5.3564
5.2293
5.2926
5.0036
4.8280
5.2542
5.0935
4.9579
5.0559
5.3483
5.1582
4.8756
4.7913
5.0278
5.0978
5.0848
5.2515
5.1456
5.2073
5.1676
5.0389
5.1152
4.9914
5.0868
4.9249
5.0033
4.9692
4.9230
4.8505
4.7220
4.6657
4.7088
4.9897
4.7284
4.7083
4.6909
4.8104
4.9954
4.8326
4.9412
4.6992
4.8511
4.7246
4.8641
4.6722
4.7197
4.7817
4.9060
4.5757
4.6259
4.7428
4.7023
4.4877
4.5508
4.4791
4.4431
4.6790
4.6650
4.8132
4.7458
4.7866
4.7609
5.3286
5.0410
4.9234
4.8803
5.1957
5.1288
5.0496
4.9397
4.7477
4.8043
4.8944
4.9335
4.8914
4.7880
4.9587
4.9459
5.0667
5.0116
4.9369
4.9173
4.9550
4.9117
4.9763
4.9624
4.7724
4.9160
5.0293
5.0436
4.9447
5.0942
4.8735
4.7983
4.7954
4.9640
5.0154
4.9387
4.9339
4.7008
4.7606
4.7900
4.7342
4.7264
4.8842
4.8733
4.8704
4.8378
4.8122
4.6881
4.5516
4.5150
4.6578
4.7084
4.4260
4.6354
4.6463
4.7598
4.7207
4.8945
4.8412
4.6284
4.6598
4.7326
4.8955
4.7623
4.5756
4.7914
4.7728
4.8004
4.8674
4.7130
4.7712
4.5907
4.6491
4.7870
4.8039
4.6554
4.6606
4.4345
4.5970
4.6748
4.4849
4.7192
4.5833
4.5708
4.3888
4.3596
4.5527
4.4552
4.5265
4.5146
4.4635
4.4684
4.3319
4.4919
4.4558
4.4725
4.5509
4.6671
4.7145
4.5928
4.5408
4.5217
4.7253
4.5104
4.6606
4.5722
4.6192
4.5140
4.6461
4.5028
4.6339
4.4799
4.3973
4.4654
4.6137
4.3889
4.3461
4.2659
4.4473
4.4264
4.4102
4.3139
4.4402
4.6309
4.6564
4.6915
4.7072
4.8144
4.7459
4.4340
4.5386
4.3928
4.4885
4.4574
4.5337
4.5419
4.5799
4.7040
4.6580
4.6616
4.4852
4.6898
4.7678
4.7492
4.8748
4.9097
4.6332
4.5923
4.3900
4.3670
4.6875
4.7696
4.7939
4.6701
4.8747
4.9656
5.0652
4.9549
4.9072
4.9630
4.6265
4.8284
4.8722
4.8527
4.8258
4.7820
4.8285
4.9115
4.7569
4.9554
4.7850
4.8181
4.7283
4.6479
4.3754
4.7312
4.7375
4.6047
4.5986
4.8406
4.6402
4.6508
4.6547
4.7438
4.8127
4.6222
4.7662
4.7600
4.7430
4.6848
4.8417
4.7620
4.8934
4.7097
4.7364
4.6449
4.5557
4.8959
4.8422
4.9191
4.9645
4.9415
4.8395
4.9741
4.7447
4.8525
4.8136
4.7960
4.6232
4.8114
4.9013
4.8751
4.9685
4.9265
4.6686
4.7346
4.7924
4.9794
4.8606
4.9332
4.8703
4.8502
4.7823
4.7576
4.7210
4.7673
4.9382
4.7978
4.6663
4.6974
4.7085
4.7393
4.6212
4.6523
4.6417
4.4799
4.5231
4.6332
4.5371
4.7421
4.6150
4.6541
4.6237
4.4099
4.6941
4.6588
4.7450
4.5430
4.5335
4.4447
4.6235
4.4508
4.5039
4.7619
4.5493
4.5998
4.6110
4.4960
4.4401
4.5370
4.6319
4.6510
4.5156
4.4498
4.6357
4.5732
4.6300
4.6714
4.6360
4.5997
4.6045
4.6963
4.7008
4.5816
4.6750
4.7752
4.7663
4.5342
4.6532
4.6112
4.7102
4.5672
4.5797
4.5677
4.6467
4.6047
4.5152
4.5771
4.5228
4.3433
4.4363
4.6385
4.6391
4.6632
4.5872
4.5855
4.6048
4.5608
4.5221
4.4820
4.4895
4.5124
4.7735
4.5488
4.5854
4.5730
4.5573
4.6099
4.7022
4.5819
4.4608
4.6206
4.6911
4.5396
4.3591
4.4937
4.2395
4.3462
4.3872
4.4882
4.3572
4.4001
4.5525
4.5747
4.4118
4.4023
4.5718
4.5376
4.4666
4.4451
4.4428
4.5365
4.4583
4.5463
4.4840
4.4313
4.4147
4.3804
4.2566
4.4252
4.4388
4.3239
4.5430
4.4687
4.5088
4.2673
4.5382
4.4999
4.5666
4.6070
4.5824
4.7238
4.5262
4.4463
4.5922
4.5053
4.3924
4.4682
4.3188
4.5797
4.7537
4.6698
4.5283
4.5384
4.3479
4.3748
4.2623
4.3492
4.3926
4.4793
4.3266
4.4073
4.3416
4.3930
4.3823
4.3667
4.4683
4.3871
4.4364
4.5387
4.5401
4.3567
4.3894
4.2989
4.3692
4.5785
4.3714
4.4836
4.4486
4.6439
4.4978
4.3415
4.3092
4.4060
4.1534
4.1984
4.2736
4.3962
4.3737
4.4558
4.5022
4.4836
4.4505
4.4897
4.5123
4.4102
4.3400
4.4436
4.5213
4.4942
4.4386
4.3999
4.3708
4.3920
4.3645
4.3918
4.5812
4.4899
4.3169
4.4093
4.3806
4.4708
4.4341
4.3940
4.3991
4.4200
4.4019
4.2987
4.4728
4.4942
4.4611
4.5977
4.5618
4.5583
4.5408
4.4396
4.4934
4.4856
4.6071
4.5137
4.4741
4.4336
4.4937
4.4415
4.4124
4.4608
4.5099
4.5538
4.4923
4.6250
4.5792
4.4896
4.4376
4.5711
4.4253
4.5454
4.5105
4.4003
4.4010
4.5391
4.6561
4.5405
4.3684
4.4483
4.5222
4.5179
4.5477
4.5378
4.5893
4.6650
4.4772
4.4452
4.5519
4.4805
4.4560
4.3870
4.2674
4.5016
4.4061
4.2503
4.3858
4.2840
4.1797
4.2532
4.2339
4.3953
4.4604
4.3056
4.4012
4.4422
4.4576
4.3565
4.2690
4.1332
4.3633
4.3032
4.3334
4.2119
4.2405
4.3629
4.3743
4.4548
4.3743
4.3070
4.2871
4.2131
4.3812
4.3757
4.3385
4.3479
4.4348
4.3863
4.3430
4.4268
4.3365
4.3793
4.2628
4.2863
4.4623
4.4482
4.2987
4.4353
4.3817
4.4667
4.4693
4.4230
4.3938
4.3514
4.4343
4.4402
4.3673
4.3041
4.2178
4.3931
4.4191
4.3904
4.3046
4.3860
4.4149
4.3238
4.3589
4.2961
4.3874
4.3256
4.4562
4.4345
4.3066
4.3772
4.3138
4.3245
4.2653
4.2930
4.3682
4.4105
4.3959
4.4891
4.4520
4.3528
4.4098
4.4924
4.4073
4.4701
4.3904
4.4904
4.4797
4.3882
4.4092
4.3677
4.3004
4.2016
4.4043
4.6367
4.6562
4.5089
4.4253
4.6335
4.6595
4.5277
4.5441
4.4865
4.3832
4.3544
4.4688
4.5955
4.4954
4.5322
4.5896
4.5573
4.4795
4.6060
4.3978
4.4298
4.4171
4.3292
4.3924
4.4233
4.3889
4.3585
4.4537
4.4637
4.5920
4.3441
4.2893
4.4381
4.5163
4.3211
4.3796
4.2716
4.2035
4.3496
4.3737
4.4386
4.4724
4.4387
4.3138
4.4443
4.3699
4.4207
4.4231
4.3628
4.2991
4.3769
4.4753
4.4002
4.4371
4.5765
4.6256
4.5599
4.5672
4.6916
4.6612
4.6049
4.6215
4.6975
4.6948
4.5598
4.6611
4.5297
4.5320
4.5547
4.5780
4.6313
4.7053
4.6891
4.6016
4.6197
4.6268
4.6724
4.7370
4.6712
4.5078
4.4936
4.6110
4.5804
4.5034
4.5874
4.6534
4.7073
4.5951
4.6029
4.5972
4.7732
4.5888
4.5911
4.5381
4.4458
4.4631
4.4316
4.4187
4.5148
4.4622
4.4712
4.5537
4.5124
4.7109
4.5454
4.7146
4.6096
4.7296
4.7312
4.6184
4.5425
4.6693
4.7369
4.7751
4.6759
4.7916
4.6284
4.7099
4.7771
4.6633
4.6534
4.7841
4.6887
4.9259
4.7774
4.8273
4.5467
4.7628
4.8721
4.6869
4.7075
4.5960
4.6204
4.5165
4.5236
4.6696
4.5749
4.4461
4.5060
4.3348
4.4921
4.4360
4.4089
4.4101
4.4800
4.5633
4.5942
4.5721
4.8038
4.8123
4.6455
4.5046
4.7719
4.7378
4.7483
4.5388
4.6826
4.5613
4.5468
4.7048
4.4923
4.4604
4.5193
4.4303
4.4757
4.3237
4.3823
4.4594
4.4095
4.5011
4.3934
4.3886
4.5054
4.5711
4.4741
4.4090
4.4716
4.5390
4.6772
4.6659
4.6152
4.4661
4.5944
4.6393
4.6614
4.5350
4.4065
4.4223
4.5272
4.6375
4.5942
4.6172
4.6378
4.7100
4.5998
4.5735
4.6640
4.6470
4.6887
4.4866
4.4932
4.4641
4.5443
4.4225
4.5642
4.4277
4.1783
4.2706
4.3658
4.3344
4.4628
4.4847
4.4668
4.4142
4.4591
4.3753
4.4559
4.6143
4.6953
4.5106
4.3981
4.6550
4.5377
4.6638
4.6130
4.5338
4.6052
4.7001
4.4991
4.4386
4.5320
4.5511
4.4644
4.4190
4.6397
4.4685
4.5317
4.5269
4.3978
4.4806
4.4914
4.4415
4.4306
4.3733
4.4019
4.4684
4.5532
4.3557
4.3766
4.4467
4.5686
4.6029
4.6340
4.6572
4.6906
4.8015
4.6948
4.7363
4.7740
4.6462
4.8388
4.7659
4.7408
4.7302
4.7370
4.7256
4.6741
4.7160
4.5927
4.6241
4.7633
4.4234
4.5603
4.7191
4.5628
4.7016
4.7023
4.7423
4.5946
4.5883
4.6789
4.6433
4.5929
4.6537
4.5266
4.7884
4.6715
4.6051
4.5600
4.3962
4.4831
4.3409
4.3090
4.4628
4.4342
4.3902
4.3136
4.4467
4.4970
4.4369
4.5160
4.5030
4.5206
4.3580
4.5606
4.6187
4.4928
4.5733
4.5453
4.6885
4.5084
4.7055
4.8300
4.6452
4.5433
4.6447
4.5542
4.7089
4.7731
4.8169
4.7314
4.8357
4.7975
4.8104
4.7191
4.9091
4.7699
4.7814
4.6356
4.7949
4.7518
4.9886
4.8354
4.7214
4.6200
4.7281
4.7317
4.8315
4.6791
4.7518
4.7605
4.8996
4.7818
4.7571
4.6182
4.6878
4.6182
4.7816
4.5989
4.6643
4.7156
4.7485
4.7229
4.9644
4.8513
4.8918
4.7348
4.8337
4.5575
4.5616
4.6830
4.6566
4.6519
4.5742
4.6395
4.7122
4.5753
4.5495
4.5390
4.6568
4.5728
4.6116
4.7198
4.7882
4.5896
4.5060
4.6042
4.7742
4.6728
4.6063
4.6721
4.8869
4.4715
4.7676
4.8347
4.5841
4.5770
4.5316
4.6681
4.5670
4.6417
4.7155
4.5530
4.4463
4.5010
4.4363
4.4518
4.3371
4.5839
4.5302
4.5010
4.6357
4.5569
4.4631
4.4844
4.4805
4.5314
4.4965
4.6484
4.6712
4.4501
4.3368
4.4966
4.5959
4.5269
4.6131
4.5267
4.6957
4.5592
4.6072
4.6273
4.5670
4.4714
4.5235
4.5394
4.5765
4.4848
4.4673
4.5257
4.6864
4.6944
4.7492
4.8274
4.6441
4.7600
4.7137
4.8500
4.6515
4.7753
4.8348
4.7008
4.6961
4.6451
4.6487
4.7341
4.6440
4.7413
4.7745
4.8759
4.8829
4.6354
4.7241
4.7240
4.8251
4.6808
4.8601
4.8247
4.7227
4.6210
4.5785
4.5442
4.6150
4.6554
4.5745
4.5510
4.4999
4.5159
4.6133
4.5892
4.4784
4.5612
4.7089
4.4739
4.5049
4.6705
4.5559
4.5309
4.5831
4.5412
4.7219
4.6818
4.6695
4.4916
4.5928
4.6778
4.6590
4.7316
4.8444
4.8131
4.8964
4.7714
4.8409
5.0092
5.0566
5.0131
4.7178
4.8103
4.8809
4.8726
4.7870
4.8423
5.0352
4.9363
4.9738
5.0405
4.8801
5.1687
4.9694
5.0200
4.9958
4.8404
4.7908
4.7697
4.8197
4.8615
4.9698
4.9630
4.8423
5.0420
5.0757
5.1694
4.9561
4.9967
4.8335
4.8362
4.9435
5.0127
4.9802
4.9798
5.0568
4.8218
4.8947
5.0173
4.9416
5.0714
5.2214
5.1237
4.9801
5.0716
5.0812
5.0405
5.0138
5.1633
4.9711
4.9400
4.7738
4.7240
4.9239
4.9527
4.8664
4.8510
4.9646
4.9011
4.8604
4.9148
4.7561
4.9660
4.8343
4.8378
4.7659
4.8050
4.9466
4.7738
4.9926
5.0907
4.9657
4.9253
4.9275
4.9453
4.9147
4.8395
5.1174
4.8991
4.9809
4.8562
4.9114
4.7448
4.8085
4.8275
4.8530
4.7563
4.7312
4.6268
4.6382
4.6375
4.7449
4.6818
4.6318
4.8240
4.9222
4.7517
4.9138
4.8169
4.5459
4.6414
4.6440
4.7110
4.6673
4.8024
4.7966
4.7900
4.8150
4.8543
4.8902
4.7772
4.8481
4.8487
4.7572
4.6555
4.8038
4.6931
4.9048
4.8495
4.9499
4.9648
4.9948
5.0253
4.9619
4.7322
4.7353
4.6814
4.7712
4.5060
4.6198
4.5206
4.4347
4.6083
4.5779
4.5555
4.5621
4.5410
4.5591
4.5268
4.5138
4.6513
4.5219
4.5618
4.4996
4.5603
4.6650
4.7532
4.7610
4.8948
4.8509
4.6528
4.5686
4.8141
4.6679
4.6644
4.7017
4.6866
4.7638
4.9314
4.8031
4.8265
4.8043
4.8948
4.8905
4.8177
4.8866
4.9421
4.9277
4.7716
4.7657
4.6296
4.6744
4.8319
5.0022
4.9204
4.8489
5.0826
4.8005
4.9113
4.9022
4.7755
4.8204
4.9707
4.7012
4.7001
4.6939
4.6358
4.8350
4.7825
4.8743
4.6394
4.7750
4.8877
4.5651
4.6767
4.7805
4.8147
4.7308
4.6977
4.8510
4.7666
4.7993
4.7713
5.0526
5.0377
4.7441
4.8227
4.9938
4.9140
4.7636
4.7624
4.7150
4.8346
4.9779
4.8485
4.8170
4.7595
4.7285
4.8044
4.7759
4.6852
4.6120
4.8170
4.7956
4.8943
4.8023
4.7829
4.6958
4.8042
4.7107
4.7097
4.7554
4.7839
4.9317
4.8407
4.9420
5.0551
4.8247
4.9248
4.9341
4.9124
4.8038
4.8298
4.8892
4.8820
4.6369
4.6076
4.6143
4.6096
4.7452
4.8041
4.7412
4.6931
4.7710
4.6629
4.7365
4.8186
4.7841
4.7447
4.8538
4.9893
4.8330
4.9492
4.9448
4.9536
4.8700
4.7098
4.8904
4.8867
4.7874
4.7103
4.7720
4.7321
4.7196
4.8744
4.7452
4.6626
4.7973
4.7967
4.6045
4.5587
4.5033
4.6050
4.8093
4.5799
4.8254
4.9351
4.8854
4.9680
4.8772
4.8252
4.7783
4.8387
4.7357
4.5494
4.6533
4.7094
4.6804
4.6718
4.8461
4.7883
4.8582
4.8016
4.7989
4.8487
4.8390
4.8292
4.6703
4.7846
4.7367
4.6060
4.6657
4.8271
4.9990
4.9030
4.8602
4.7664
4.6795
4.9023
4.7484
4.8806
4.7308
4.8442
4.7885
4.8389
4.7622
4.6575
4.8186
4.8189
4.9433
4.8719
4.8454
4.9439
4.7490
4.9179
4.7617
4.6820
4.6554
4.6634
4.6363
4.5253
4.8316
4.6153
4.6705
4.7187
4.9087
4.7413
4.8171
4.7543
4.8689
4.9796
4.8998
4.8981
4.8061
4.6298
4.5557
4.7037
4.5371
4.5369
4.6392
4.7014
4.6888
4.7449
4.8615
4.7527
4.8378
4.9035
4.7160
4.5809
4.7135
4.8560
4.8100
4.7967
4.6070
4.7297
4.7665
4.7219
4.8918
4.8415
4.7672
4.8351
4.9614
4.7014
4.8143
4.6892
4.6966
4.7861
4.6930
4.8729
4.8260
4.9658
4.9582
4.8246
4.7652
4.7264
4.7875
4.6867
4.8401
4.6424
4.6064
4.6168
4.5701
4.6195
4.7302
4.6667
4.6640
4.5757
4.7349
4.6321
4.6479
4.7664
4.8250
4.5819
4.6129
4.5523
4.5741
4.5911
4.7597
4.7460
4.6017
4.4790
4.5705
4.7608
4.5814
4.6068
4.6839
4.6870
4.7728
4.8454
4.7939
4.8563
4.7235
4.7960
4.6692
4.5994
4.6947
4.6864
4.7207
4.7332
4.7119
4.6091
4.6621
4.7596
4.6763
4.5203
4.6475
4.8209
4.7142
4.7222
4.8220
4.6967
4.6616
4.5413
4.5673
4.5016
4.7573
4.7362
4.8994
4.8151
4.6115
4.7659
4.8541
4.7619
4.8827
4.8755
4.5618
4.6256
4.8247
4.7125
4.7359
4.7549
4.9139
4.8023
4.7076
4.5922
4.6411
4.7069
4.7548
4.5452
4.7493
4.8272
4.8732
4.9620
5.0291
4.9306
4.8466
4.7548
4.7382
4.7204
4.7732
4.7727
4.8621
4.8037
4.9553
4.8350
5.0232
5.0373
4.9594
4.9154
4.8642
4.8733
5.0015
4.9027
4.9358
4.8326
4.7733
4.7861
4.8214
4.8386
4.9578
4.9039
4.8325
4.8341
4.9594
4.7557
4.6323
4.5177
4.5662
4.7052
4.6904
4.6876
4.7554
4.7625
4.8775
4.9052
4.7867
5.0000
4.9703
4.7540
4.9143
4.7989
4.6792
4.6771
4.8813
4.7049
4.7200
4.8169
4.8960
4.7661
4.7604
4.8501
4.8386
5.0200
4.7461
5.0067
5.0611
5.0946
4.9326
4.9328
4.8989
4.9513
5.0866
4.9269
4.8471
4.8009
4.8207
5.0311
4.9336
5.0295
4.9231
4.9911
5.0209
4.8669
4.8841
5.0045
5.0046
4.8469
4.9238
4.7863
4.9386
4.9467
4.7815
4.8031
4.8965
4.9337
4.9517
4.9984
4.9972
4.8675
4.8255
4.9627
4.8615
4.8833
4.9181
5.0544
5.0955
5.1557
4.9952
4.9361
4.9070
4.8990
4.8294
4.8438
4.8715
4.9593
4.9397
4.8017
5.0017
4.7629
5.0189
4.9674
4.7801
4.8281
4.7383
4.6863
4.7948
4.7920
4.8626
5.0151
4.8244
4.7405
4.8516
4.6701
4.7726
4.6959
4.6965
4.8253
4.7999
4.7388
4.8813
4.7530
4.8901
4.6410
4.6563
4.6138
4.5554
4.7741
4.7812
4.8209
4.8121
4.7366
4.7510
4.6079
4.7066
4.7979
4.8459
4.8725
4.8224
4.6353
4.7137
4.5381
4.7386
4.7798
4.7285
4.8076
5.1257
4.8222
4.7914
4.7592
4.7938
4.7131
4.5826
4.7688
4.7704
4.6802
4.7871
4.7793
4.9050
4.8716
4.7172
4.8522
4.9291
4.8821
4.7327
4.7367
4.7513
4.5930
4.6606
4.7008
4.5642
4.6774
4.5693
4.5803
4.6596
4.7117
4.6182
4.7064
4.6766
4.7616
4.6154
4.6944
4.6279
4.7468
4.6535
4.5662
4.6401
4.5484
4.4705
4.5292
4.5785
4.5814
4.6147
4.6426
4.8417
4.6707
4.7539
4.5654
4.6309
4.6167
4.7064
4.5915
4.6714
4.6489
4.5917
4.7536
4.5762
4.6965
4.6440
4.6905
4.5522
4.7039
4.8099
4.9611
4.9783
5.0238
4.7328
4.7052
4.7435
4.7318
4.6666
4.6929
4.6850
4.5794
4.5448
4.5436
4.4910
4.4134
4.4673
4.5351
4.5797
4.4311
4.6888
4.6316
4.8099
4.8004
4.7922
4.5677
4.6670
4.6818
4.7420
4.9292
4.6973
4.8155
4.7512
4.8390
4.9969
4.8602
4.7536
4.5439
4.5721
4.7077
4.6105
4.8443
4.9357
4.7087
4.6382
4.7347
4.5274
4.6795
4.7962
4.9059
4.7393
4.7859
4.6892
4.6918
4.8424
4.7013
4.8341
4.7489
4.6422
4.6289
4.4814
4.4789
4.6697
4.7385
4.8265
4.7460
4.6719
4.7993
4.6613
4.7535
4.5962
4.5166
4.5329
4.5581
4.7140
4.5798
4.5099
4.7057
4.6952
4.8322
4.7057
4.7848
4.6845
4.6614
4.6546
4.6791
4.6245
4.5219
4.6042
4.6341
4.7297
4.7606
4.5732
4.4853
4.5070
4.6618
4.6520
4.6065
4.6746
4.6429
4.5870
4.5154
4.4529
4.4087
4.4745
4.4761
4.6314
4.6073
4.4720
4.4862
4.4916
4.6016
4.6413
4.6189
4.5429
4.6008
4.6565
4.5171
4.6108
4.4740
4.6726
4.5615
4.5830
4.5158
4.5662
4.7800
4.7228
4.7654
4.7336
4.5965
4.5047
4.6013
4.6698
4.5552
4.6454
4.5410
4.5486
4.7027
4.6737
4.7057
4.7104
4.7411
4.8085
4.8280
4.8368
4.9766
4.8435
4.8521
4.9672
4.8705
4.8515
4.9013
4.6564
4.7019
4.5321
4.6159
4.6898
4.7518
4.8872
4.9824
4.7572
4.9809
4.8541
5.0008
4.9628
4.8838
4.9599
4.8412
4.8879
4.8210
4.7655
4.6098
4.6501
4.7409
4.7317
4.6299
4.6317
4.6975
4.6936
4.6846
4.6377
4.7415
4.7732
4.6438
4.7252
4.8614
4.6957
4.8483
4.8759
4.8698
4.9479
5.0065
4.8915
4.8448
4.8527
4.9702
4.8937
4.9872
5.0780
4.8815
4.8652
5.0569
5.1398
4.9573
4.9375
5.1298
5.1118
5.1705
4.8567
5.0929
4.9276
4.8496
5.0123
5.0742
5.1003
4.9346
4.9430
4.8792
5.1706
5.0548
5.1498
5.1019
5.0313
4.9142
4.8156
4.8221
4.6438
4.6959
4.7840
4.8373
4.7143
4.8182
4.6200
4.7332
4.8139
4.8410
4.9618
5.0410
4.8527
4.7117
4.8295
4.8017
4.8481
4.6849
4.6475
4.6695
4.6320
4.6290
4.8111
4.6698
4.7688
4.7987
4.7785
4.7617
4.8522
4.8467
4.8708
4.9158
4.8849
5.0158
4.8717
4.9710
5.1036
5.2293
5.0822
5.2462
5.1935
5.0795
4.9207
5.2303
5.0642
5.0499
5.1698
5.0007
5.0573
4.9868
4.9730
4.6902
4.6993
4.9584
4.8094
4.7786
4.9425
4.8244
4.8167
4.7768
4.9325
4.9388
4.7943
4.8768
5.0553
5.1295
5.1120
5.2321
5.1404
5.3124
5.1139
5.1146
5.0821
5.0308
4.9460
4.9911
5.1804
4.8550
4.8377
4.7790
4.8941
4.8586
4.9457
4.7702
4.8136
4.8714
4.8318
4.8900
4.6630
4.9532
4.9441
5.0117
4.8752
4.8036
4.8144
5.0464
5.0101
4.8080
4.8214
4.8411
4.7689
4.7464
4.7893
4.8687
4.8207
4.7283
4.8377
4.7045
4.7091
4.6335
4.7477
4.7936
4.6568
4.6708
4.8019
4.8683
4.7705
4.5559
4.7651
4.7108
4.6735
4.7014
4.6397
4.6246
4.5725
4.4331
4.4295
4.5329
4.6905
4.5890
4.5723
4.5367
4.4768
4.5279
4.5878
4.6111
4.6732
4.6830
4.7423
4.6591
4.7896
4.5244
4.6501
4.5558
4.6177
4.6856
4.7520
4.5575
4.6824
4.8579
4.8878
4.9009
4.9469
5.0301
4.8690
4.9834
4.8750
4.9434
4.8272
5.0250
5.0395
4.9574
4.9839
4.8612
4.7258
5.0177
4.8780
4.9644
5.0948
4.9216
4.8502
4.9052
4.8739
4.9356
4.8945
5.1464
4.9410
4.9106
4.9984
5.0053
4.8948
4.9087
4.9983
4.9541
4.8071
4.8058
4.8542
4.8127
4.9638
4.8839
4.9087
4.9278
4.8321
5.0022
4.8561
4.9127
5.0009
4.9043
4.8238
4.8706
4.8649
4.7290
4.8177
4.8162
4.8546
4.9575
4.7733
4.7563
4.9294
4.9773
5.0689
4.8479
4.8940
4.9980
4.9983
4.9546
5.0951
4.9576
4.8513
4.7823
4.8481
4.7985
4.9552
4.9142
4.8529
4.8381
5.0134
4.9525
4.8996
4.8003
4.7823
4.9789
5.0015
4.9101
4.8050
4.8600
4.8923
4.9651
4.9341
4.9474
4.7214
4.8588
4.8813
4.8447
4.8084
4.7920
4.6630
4.7311
4.7458
4.6419
4.7040
4.6388
4.7845
4.6111
4.8610
4.6707
4.7159
4.6666
4.4645
4.5071
4.6321
4.6364
4.6474
4.6525
4.7432
4.6124
4.8771
4.7814
4.7726
4.8330
4.8796
4.7071
4.8124
4.7526
4.8778
4.7565
4.8805
4.7827
4.7715
4.7956
4.9200
4.9933
4.8264
4.8316
4.8014
4.7623
4.5549
4.7594
4.6580
4.8027
4.9222
4.8479
4.7363
4.8937
4.9840
4.8895
4.9588
5.0046
4.8881
4.9624
4.8327
4.8165
4.9189
4.8615
4.8590
4.9367
4.9270
4.9366
4.9034
4.8205
4.9340
4.8598
4.9084
4.9740
4.8886
4.9402
4.7694
4.9580
4.9128
4.8107
4.9679
5.1149
4.9092
4.7274
4.7706
4.8475
4.6399
4.6230
4.6964
4.7080
4.9024
4.6832
4.6619
4.8393
4.9554
4.8922
4.7779
4.8461
4.9036
4.8563
4.9007
4.9550
4.8701
4.8576
4.7912
4.9314
4.8947
4.9135
4.9142
4.9104
4.8456
4.9205
4.8074
4.8874
4.7574
4.7772
4.7904
4.7234
4.6354
4.5136
4.3226
4.3958
4.7370
4.5584
4.6332
4.8572
4.7653
4.8804
4.8715
4.8814
4.7838
4.7869
4.8467
4.8615
4.6363
4.7052
4.7364
4.8188
4.8754
4.8035
4.7784
4.7831
4.8933
4.8809
4.7007
4.7503
4.7077
4.8002
4.6197
4.6176
4.7802
4.8240
4.6493
4.7233
4.6058
4.5458
4.6355
4.7720
4.7151
4.8264
4.8620
4.8570
4.7625
4.7576
4.7625
4.7046
4.5974
4.6160
4.5502
4.4932
4.5475
4.5793
4.7669
4.6486
4.6378
4.6635
4.6984
4.8030
4.6135
4.6892
4.6363
4.6651
4.8429
4.6420
4.8441
4.5945
4.6823
4.5841
4.6708
4.6925
4.5894
4.6470
4.7942
4.6635
4.8096
4.6758
4.6588
4.6331
4.7166
4.6906
4.8301
4.8260
4.6237
4.7398
4.6881
4.7455
4.6475
4.6838
4.7104
4.7414
4.9500
4.8692
4.7415
4.5883
4.8095
4.7324
4.7893
4.8500
4.8268
4.7602
4.7493
4.7765
4.6567
4.5506
4.7183
4.7097
4.6454
4.6430
4.6768
4.8535
4.8710
4.9208
4.7513
4.7802
4.7622
4.8151
4.6234
4.8480
4.6923
4.9657
4.7648
4.8637
4.7680
4.7990
4.7951
4.8189
4.7270
4.6321
4.8321
4.7370
4.8325
4.7214
4.7118
4.7348
4.7303
4.8401
4.7650
4.6234
4.5613
4.6412
4.5986
4.4857
4.5313
4.6895
4.5807
4.6915
4.7387
4.6940
4.8847
4.9844
4.8125
4.7855
4.8185
4.7075
4.7552
4.8063
4.8347
4.8945
4.5743
4.5941
4.6234
4.7142
4.7785
4.8572
4.8352
4.8675
4.7573
4.7048
4.6593
4.6578
4.6183
4.7006
4.7660
4.6969
4.9161
4.8889
4.7291
4.9513
4.8244
4.8020
4.8133
4.8887
4.8636
4.9853
5.0500
4.7294
4.7344
4.7646
4.8146
4.6421
4.7263
4.7857
4.8947
4.7218
4.7934
4.9398
4.9308
5.1145
5.0040
5.0080
4.9897
5.0001
5.1235
5.0809
5.0803
5.0627
4.9427
4.8067
4.7537
4.8696
4.8846
4.7677
4.6271
4.5967
4.5954
4.5151
4.5180
4.6315
4.6370
4.7340
4.7594
4.6851
4.6984
4.7328
4.8384
4.7750
4.9370
4.8331
4.7625
4.7426
4.7594
4.8784
4.8207
4.9464
4.7656
4.7471
4.6676
4.7500
4.8164
4.8166
5.0702
4.8306
4.7265
4.7858
4.7039
4.6105
4.7037
4.6485
4.5425
4.6697
4.5752
4.4816
4.4924
4.5409
4.6145
4.6993
4.6147
4.8071
4.7794
4.7712
4.8502
4.7873
4.7102
4.7090
4.8598
4.9876
4.9933
4.8170
4.8959
4.8169
4.7744
4.8561
4.8092
4.9366
4.7768
4.8234
5.0878
5.0162
5.0555
5.1366
5.0781
5.1198
5.0884
5.0286
5.0816
5.0817
4.9691
4.9486
5.1013
5.1329
5.0295
5.1252
5.1184
5.0416
4.8883
4.9675
5.0454
5.0857
5.0694
4.9758
4.8935
4.9484
5.0026
4.8915
4.7871
4.8979
4.9317
4.9624
4.9076
4.7293
4.8359
4.9458
4.9794
5.0863
4.9062
4.9524
4.8037
4.9558
4.8958
4.8278
4.7941
4.8351
4.8414
4.7684
4.6488
4.7829
4.7094
4.6445
4.7603
4.6433
4.6503
4.7187
4.8257
4.7255
4.7520
4.6855
4.7938
4.6162
4.7481
4.6047
4.7612
4.5679
4.6600
4.6305
4.8362
4.9729
4.8018
4.8144
4.7786
4.5382
4.6788
4.8427
4.8237
4.7853
4.6255
4.6911
4.7581
4.7078
4.6980
4.6985
4.8060
4.7825
4.7597
4.8408
4.9025
4.7553
4.8168
4.7268
4.8234
4.6442
4.7189
4.6485
4.8422
4.8059
4.8202
4.5960
4.5253
4.6772
4.6402
4.5573
4.5469
4.8606
4.9043
4.8568
4.9569
4.8060
4.8949
4.8226
4.7328
4.6906
4.7147
4.7701
4.7669
4.7185
4.6803
4.6396
4.7786
4.7544
4.6984
4.7886
4.5755
4.5946
4.7059
4.6029
4.5417
4.6793
4.5628
4.6215
4.8028
4.6800
4.8433
4.6664
4.6857
4.6914
4.6331
4.5183
4.5754
4.6298
4.5869
4.7999
4.7632
4.6903
4.6720
4.6606
4.6813
4.6684
4.6800
4.7631
4.8257
4.7926
4.6641
4.7113
4.8610
4.8770
4.9488
4.9188
4.8593
4.7314
4.6275
4.6280
4.6861
4.7145
4.6820
4.7712
4.7238
4.8815
4.7355
4.6474
4.7042
4.6495
4.6012
4.7246
4.8309
4.8551
4.6912
4.7769
4.6408
4.7776
4.8559
5.0264
4.9309
4.8202
4.7681
4.6319
4.9054
4.7630
4.8372
4.7426
4.6234
4.7639
4.7298
4.7216
4.6975
4.7281
4.8304
4.8637
4.6625
4.7850
4.7945
4.7160
4.8906
4.8399
4.6521
4.7440
4.6861
4.8576
4.8205
4.9216
4.8187
4.8527
4.8408
4.8397
4.8478
4.7726
5.0083
4.7501
4.8826
4.8363
4.9867
5.0033
5.0789
5.0679
5.0350
4.7645
4.7625
4.8052
4.8919
4.8809
4.9883
4.8355
4.8706
4.8762
4.9047
4.9500
4.8946
5.0114
5.0113
4.8953
4.9912
4.7826
4.6878
4.9150
4.8412
4.8491
4.6614
4.6929
4.7409
4.9571
4.9464
4.9317
4.8350
4.7654
4.7954
4.9229
5.0009
4.9506
4.9629
4.9036
4.7687
4.7814
4.8188
4.7553
4.6536
4.6518
4.6796
4.7156
4.8176
4.8362
4.9293
4.8817
4.8018
4.8398
4.9227
4.7491
4.7708
4.6713
4.8367
4.6754
4.6401
4.6281
4.7410
4.7657
4.8831
4.7504
4.7481
4.7345
4.6299
4.5922
4.8441
5.0140
5.0629
4.7918
4.7481
4.8084
4.9907
4.8379
4.9406
4.9315
4.9255
4.7639
4.9492
4.9431
4.8582
4.8582
4.7701
4.9554
5.0673
5.0642
5.1886
4.9812
4.9596
5.1172
5.1171
5.0306
4.9671
5.0659
4.8673
4.8660
4.7339
4.8058
4.8370
4.8978
4.7130
4.8886
4.8409
4.9667
5.1535
4.8474
4.8436
4.8491
4.7946
4.8611
4.8876
4.6322
4.6467
4.7179
5.0296
4.8802
4.7525
4.6586
5.0429
4.7536
4.6360
4.8314
4.8016
4.8033
4.6745
4.6407
4.5673
4.7925
4.7917
4.6689
4.7508
4.8502
4.9152
4.8765
4.8621
4.7185
4.6632
4.5810
4.6389
4.7413
4.7278
4.7371
4.7092
4.9144
4.9699
4.7509
4.8644
4.8974
4.8932
4.9830
4.9038
4.7620
4.9195
4.8521
4.9826
4.9539
4.8520
5.0519
5.1665
4.9689
4.9822
4.9000
4.7997
4.7935
4.8839
5.0767
4.8908
5.0082
5.2507
5.0771
4.9832
4.8445
4.8876
4.8954
4.7855
4.9068
4.9945
4.7991
4.9505
4.8866
4.7435
5.0301
4.8927
4.7425
4.6991
4.7313
4.5876
4.6525
4.6903
4.6357
4.6027
4.7820
4.5361
4.5230
4.5953
4.6050
4.7206
4.6974
4.7322
4.4419
4.6852
4.7640
4.8627
4.9083
4.8674
4.8457
4.8081
4.9373
4.8639
4.8222
4.7052
4.8440
4.6671
4.7651
4.6523
4.7978
4.7123
4.7458
4.6584
4.6116
4.6745
4.6566
4.6791
4.7313
4.6342
4.8178
4.7834
4.8179
4.7431
4.7149
4.7012
4.8290
4.9722
4.8482
4.8331
4.9744
4.8912
4.9453
4.8585
4.8854
4.7731
5.0224
4.8517
5.0706
5.0885
5.2144
4.9810
5.0442
4.8699
4.7621
4.7362
4.7350
4.8278
4.8235
4.8885
4.8689
4.6019
4.7024
4.5656
4.6278
4.7426
4.9389
4.8448
4.7991
4.9014
5.0180
4.7801
4.9369
4.7664
4.7575
4.8145
4.7369
4.7948
4.9527
4.9631
4.9682
4.8999
5.1388
4.9924
5.0967
5.1612
5.2665
5.1299
5.0739
5.1602
5.0135
4.9744
5.1442
5.3707
5.1689
5.1554
5.2094
5.2332
5.3076
5.4084
5.2173
5.2649
5.2708
5.3379
5.2522
5.2313
5.0729
5.1868
5.0692
5.0227
5.2620
5.1913
5.0487
5.0102
5.0019
5.0765
4.9386
4.7466
4.9180
4.8234
4.9149
4.9467
4.8509
4.8570
4.7067
4.9529
5.1128
4.9491
5.1120
4.7923
4.8791
4.9082
4.7820
4.8747
4.7664
4.6390
4.8442
4.8371
4.8181
4.8725
4.9981
4.9963
4.7011
4.7433
4.6268
4.8210
4.8099
5.0326
4.9054
5.0070
4.7910
4.9695
4.9421
4.9978
4.8816
4.7925
4.9365
5.0217
4.9483
4.9807
4.8064
4.8422
4.8064
4.8149
4.7319
4.6519
4.5737
4.7276
4.8164
4.6412
4.5278
4.7335
4.6449
4.8126
4.7011
4.7003
4.5992
4.9080
4.9611
4.9166
4.7336
4.6017
4.4992
4.6697
4.5563
4.6890
4.6645
4.6142
4.9139
4.9418
4.9043
4.8199
5.0005
4.6410
4.7836
4.8987
4.8971
4.6010
4.7190
4.7545
4.9723
4.8805
5.0253
4.8166
4.8815
5.0748
4.6956
4.6806
5.0264
5.0932
5.1889
5.2879
5.2983
5.3648
5.3613
5.3838
5.3136
5.3726
5.3251
5.3671
5.3687
5.5001
5.5198
5.3531
5.5392
5.4017
5.4859
5.4791
5.4409
5.4876
5.3373
5.4347
5.3864
5.1263
5.0623
5.1339
5.2125
5.1083
5.1834
5.0795
4.9519
5.0309
5.1078
5.0958
5.3872
5.0979
5.0683
4.9899
4.8996
5.1609
5.3615
5.1805
5.1777
5.1795
5.1748
5.3583
5.2546
5.1774
5.0917
5.2095
5.1125
5.0675
5.1636
5.0527
5.0182
5.0240
5.1383
5.1792
5.1584
5.1376
5.1864
5.0923
5.0876
4.8568
4.8350
4.9025
4.9003
4.9480
5.2511
5.3158
5.5071
5.2492
5.2404
5.1897
5.3021
5.1908
5.3013
5.2512
5.2440
5.4017
5.2204
5.1550
5.0939
5.4299
5.4600
5.4758
5.2029
5.3362
5.3053
5.2904
5.1380
5.1537
5.1705
5.1727
5.1718
4.9658
4.9962
5.2783
5.0878
5.1999
5.0296
5.1135
4.8858
5.0295
4.8847
5.1341
5.0178
4.9250
5.1618
4.9088
4.9076
4.8778
4.9542
4.9835
5.0586
4.9312
5.0545
4.9051
4.9194
4.8777
4.7146
4.7179
4.8356
4.7409
4.6180
4.6657
4.6478
4.7625
4.8228
4.7778
4.6022
4.6853
4.5961
4.6337
4.6213
4.6494
4.7809
4.8005
4.8644
4.6931
4.7894
4.8454
4.9757
4.9186
4.6353
4.8487
4.5897
4.7569
4.6559
4.8659
4.7987
4.7985
4.9263
4.8861
4.8722
4.7642
4.5502
4.6663
4.5919
4.5872
4.6509
4.5653
4.6887
4.7019
4.6187
4.7608
4.7998
4.6714
4.5389
4.6062
4.5382
4.6076
4.6272
4.6946
4.6722
4.7761
4.6566
4.7637
4.8257
4.6856
4.6515
4.4579
4.5014
4.5322
4.6620
4.8786
4.7050
4.7703
4.7200
4.7537
4.7224
4.5879
4.6995
4.8146
4.6489
4.6538
4.5849
4.6829
4.7148
4.7170
4.8177
4.7210
4.8074
4.7047
4.5770
4.8074
4.9536
4.9316
4.9112
4.7619
4.9750
5.1177
5.2188
5.2926
4.9389
4.9080
4.9425
4.7269
4.8247
4.8219
4.8367
4.7273
4.7294
4.9065
4.7642
4.7099
4.6229
4.5514
4.5083
4.5099
4.6118
4.7160
4.7022
4.7750
4.5769
4.4478
4.6571
4.7282
4.7779
4.9048
4.7461
4.6740
4.7666
4.5816
4.7724
4.8123
4.8003
4.6885
4.6496
4.8017
4.7848
4.7406
4.7035
4.8892
4.7905
4.9280
4.8652
5.0068
4.8951
4.6768
4.9078
4.8286
4.8738
4.6596
4.7288
4.6478
4.7755
4.9453
4.8842
4.7553
4.8283
4.6736
4.7521
4.8812
4.8832
4.7627
4.6276
4.7519
4.7431
4.8237
4.6198
4.9200
4.8061
4.7715
4.7901
4.8845
4.6432
4.9296
4.7322
4.6253
4.7062
4.5947
4.4839
4.5939
4.5914
4.5701
4.5695
4.5162
4.6112
4.5703
4.5644
4.4885
4.6403
4.6078
4.5548
4.4640
4.6780
4.6522
4.6159
4.7189
4.8990
4.7514
4.6788
4.8576
4.5854
4.6437
4.6761
4.5831
4.6614
4.5125
4.6487
4.5308
4.5126
4.7019
4.8260
4.6822
4.7745
4.8121
4.6208
4.6840
4.6529
4.8136
4.8275
4.8676
4.8036
4.8117
4.8979
4.8652
4.9027
4.9080
4.8700
4.7701
4.7860
5.0511
4.9426
4.8884
4.7297
4.6514
4.6952
4.7224
4.6545
4.7890
4.8413
4.9801
4.7781
4.9764
4.8792
4.8319
4.6879
4.8995
4.8524
4.7686
4.6851
4.8461
4.7774
4.8087
4.8551
4.7756
4.9648
4.8097
4.8731
4.8420
4.8616
4.7962
4.9369
4.8882
4.9574
4.9891
4.9247
4.8302
4.8341
4.8435
4.8935
4.8776
4.8554
4.9259
4.9724
4.9725
4.7938
4.8840
4.8139
4.9489
4.8061
4.7947
4.8600
4.6996
4.7985
4.5992
4.8107
4.7550
4.6891
4.7524
4.9156
4.9314
5.0070
4.8718
4.9617
4.8982
5.1329
4.9134
5.0006
5.0003
5.0508
5.0119
4.8831
5.0459
5.1543
5.1874
4.9596
4.8307
5.0362
4.9959
4.8092
4.9432
4.9423
4.9268
4.8188
5.1383
5.0384
4.9961
4.9232
4.8787
4.8990
5.0931
5.0228
5.2192
4.9958
4.9806
5.0264
4.9549
5.2762
5.3258
5.1761
5.2427
5.3054
5.1451
5.1725
5.2192
5.1529
5.1671
5.0273
5.1353
4.9999
4.9963
5.1152
5.1742
4.9757
5.0151
5.0083
4.9892
4.9855
5.0279
4.8664
4.9798
5.0375
4.9253
5.0500
4.9339
4.9931
5.2152
4.9117
5.0906
5.1390
5.1167
5.2513
5.2527
5.2634
5.1036
5.0012
5.0144
4.9423
5.0674
5.0103
4.9720
5.1719
5.2903
5.3638
5.2291
5.3183
5.3937
5.1296
5.1307
5.2007
5.1469
5.1523
5.2481
5.4698
5.2553
5.2294
5.1268
5.1289
4.9666
4.8476
4.7716
4.8439
4.9453
4.8136
5.0188
4.9263
4.9981
4.9481
4.8103
4.9873
4.8934
4.9432
4.9359
4.9639
4.9762
5.0580
5.1725
5.2497
4.9283
5.0547
5.0882
5.1531
5.0587
4.9941
5.1364
5.1684
5.1754
5.1411
5.2093
5.3568
5.2931
5.0712
5.2106
5.1157
4.7895
4.8950
4.8979
4.9827
5.0466
4.9464
5.0108
4.9908
4.8165
5.0064
4.9437
4.7934
4.7935
5.0371
5.0095
4.9157
4.9188
5.0020
4.9863
5.0591
5.0558
4.8677
5.0784
5.1168
5.0347
5.0134
4.8807
5.0763
5.1639
5.0476
5.1238
4.9762
5.1798
5.0697
5.0690
5.1950
4.9955
4.8535
4.8280
4.9065
4.9829
5.2361
5.2504
5.0988
5.2198
5.0443
5.1061
5.2641
4.8963
4.8719
4.6715
5.0276
4.9981
5.0829
5.0459
5.0672
5.0179
5.1164
4.9695
4.8524
4.8243
5.0737
4.9450
4.8603
5.0630
5.0419
5.1010
5.1604
4.9624
4.7814
4.8446
4.9637
4.9225
4.9707
5.0068
4.9666
4.8287
5.0734
5.1421
4.8646
4.8668
4.9805
5.0004
4.9301
4.8864
5.0242
4.8517
5.0814
5.1034
5.0614
5.0225
4.9263
4.9568
5.0460
4.9425
5.0124
4.8566
4.9098
4.9198
4.9879
4.8300
4.8890
5.0012
5.0746
4.9164
4.9875
4.9922
5.0147
5.0082
4.9699
4.9786
5.0975
4.8082
5.0186
4.9817
5.0669
4.9845
5.1720
5.0750
4.8772
4.9696
4.9423
4.7827
4.7440
4.7644
4.7377
4.7790
4.6922
4.7422
4.6441
4.7342
4.8027
4.7346
4.8591
4.9519
5.1108
4.9113
4.9270
4.8686
5.0787
5.0874
5.0444
4.8152
5.1832
4.9355
4.9005
4.9465
5.0122
5.0206
5.0828
5.1838
5.1933
4.9919
4.8765
4.8917
4.8011
4.8961
4.8713
4.8598
4.9383
4.9351
4.8131
4.9430
4.7780
4.8730
5.0575
5.2417
4.9577
5.2222
5.0542
5.0606
4.9920
4.9289
5.0960
5.2524
5.2377
5.1673
5.0439
5.2412
5.2826
5.2206
5.1740
5.2449
5.2263
5.2008
5.1243
5.2139
5.2006
5.0464
5.0034
5.2139
5.2123
5.2820
5.1346
5.0028
5.0198
4.9482
5.0172
5.3496
5.2766
4.9734
4.9985
4.9658
5.0232
5.3506
5.3495
5.1414
5.3000
5.0244
5.0080
4.9638
5.0533
4.9316
5.0383
5.0272
4.9519
5.0746
5.0935
5.0520
4.9452
4.8262
5.0212
4.9702
5.0519
5.0116
5.1744
4.9442
4.9358
5.1256
5.0600
5.1157
4.9145
5.2305
4.9441
5.1070
5.2353
5.4465
5.5246
5.2930
5.4292
5.3855
5.3505
5.1208
5.2860
5.0678
5.2241
5.3523
5.0701
5.1758
5.2396
5.2657
5.1436
5.2111
4.9184
4.9150
4.9560
4.9261
4.8666
4.8264
4.9456
5.1492
5.0808
5.4030
5.2665
5.1917
5.1242
5.3551
5.0404
5.0771
5.1921
5.1887
5.1279
5.0696
4.9967
5.0026
5.0368
5.1172
5.0661
5.1539
5.0936
5.1389
4.9109
5.0284
5.0379
5.1668
5.2666
5.2887
5.1719
5.2631
5.2491
5.3362
5.3138
5.1742
5.1191
5.0269
5.2302
5.0180
4.9957
5.1195
5.0190
5.0114
5.2041
4.8469
4.9030
5.0426
5.1481
5.0407
4.9356
5.0710
4.9530
4.9742
4.8090
4.9459
4.8177
4.7735
5.1172
5.0950
5.3285
5.0684
5.1723
4.8553
5.0259
4.9059
4.7145
4.9014
4.7282
4.7850
4.9194
4.8710
4.9245
4.8017
4.6413
4.8683
4.9744
5.0457
4.9982
5.2581
5.0671
5.0380
4.9340
4.9349
5.1038
5.0182
5.1207
5.1238
5.2627
5.1965
5.1556
5.4127
5.2667
5.2757
5.3815
5.3148
5.1922
5.4213
5.3412
5.5469
5.1670
5.3180
5.4623
5.6528
5.5372
5.4729
5.2627
5.3666
5.4496
5.6233
5.3274
5.2609
5.2927
5.3202
5.4147
5.3738
5.4665
5.3334
5.1510
5.4859
5.4028
5.5614
5.2214
5.3951
5.1669
5.1945
5.4481
5.2346
5.1886
5.0785
5.1681
4.9844
5.1381
5.2357
5.0806
5.0312
5.1112
5.1182
4.9403
5.1029
5.2403
5.2105
5.0543
5.2821
5.3401
5.1849
5.2406
5.3218
5.3199
5.6203
5.3990
5.4946
5.5078
5.3750
5.0646
5.1859
5.1221
5.1370
5.1605
5.0334
5.0838
5.1936
5.1558
5.2247
4.9900
5.0379
5.1537
5.1001
5.1099
5.1943
5.0692
5.4770
5.2555
5.1961
5.1613
5.2312
5.2249
5.3776
5.4118
5.3796
5.5069
5.3956
5.5492
5.4705
5.2628
5.5546
5.3697
5.2220
5.3904
5.2189
5.3372
5.3728
5.2630
5.3138
5.2690
5.3333
5.2449
5.2061
5.3045
5.2271
5.0755
5.1670
5.1114
5.2161
5.4035
5.2757
5.5324
5.2404
5.5621
5.3016
5.2282
5.3402
5.1345
5.1267
5.2127
5.3324
5.5290
5.5063
5.4071
5.3926
5.4719
5.7441
5.3505
5.3099
5.4909
5.5047
5.7186
5.5137
5.4232
5.5025
5.6240
5.4663
5.2798
5.4631
5.3198
5.1497
5.5693
5.4649
5.4845
5.3781
5.3518
5.2457
5.4498
5.2582
5.1371
5.0412
5.0790
5.2318
5.2082
5.1207
5.0484
5.1263
5.3038
5.1262
5.3695
4.9822
5.2551
5.1577
4.9799
5.0933
5.2138
5.0319
5.0477
5.0947
4.9148
5.1495
5.2114
5.2131
5.1200
5.1185
4.9837
5.1948
5.0197
5.1793
5.5040
5.3563
5.3324
5.4159
5.4270
5.4840
5.5296
5.5001
5.5232
5.5615
5.3772
5.4018
5.3777
5.4736
5.4805
5.5299
5.5509
5.5898
5.4006
5.4413
5.4350
5.6091
5.4962
5.2806
5.3045
5.4197
5.2890
5.1056
5.3223
5.3219
5.2837
5.0012
5.2493
5.0941
5.2145
5.3766
5.2612
5.2255
5.3820
5.4475
5.3953
5.4499
5.2783
5.2706
5.2867
5.2746
5.0668
5.1973
5.3179
5.1305
5.1316
5.0799
5.2099
5.0588
5.0964
5.1271
5.0608
5.0145
5.1370
5.2497
5.4004
5.3453
5.2947
5.4660
5.3741
5.4386
5.2646
5.3406
5.2470
5.2793
5.3869
5.0803
5.0894
5.2076
5.3883
5.4317
5.2792
5.3478
5.1589
5.2013
5.1600
5.3132
5.2116
5.0818
5.2029
5.1995
5.3149
5.3211
5.1437
5.0283
5.1067
5.0599
4.9322
4.9236
5.1850
5.0827
5.0088
5.0180
5.1662
5.3670
5.2738
5.0626
5.2678
5.2997
5.1836
5.4543
5.3849
5.2217
5.1195
5.2553
5.0781
5.1169
5.2940
5.2586
5.3982
5.3176
5.2662
5.3597
5.3672
5.3536
5.3317
5.2233
5.3279
5.2522
5.1808
5.2256
5.2948
5.5021
5.2511
5.0977
5.2569
5.1013
5.1800
5.0538
5.1331
5.1022
5.2892
5.2255
5.1785
5.1166
4.9267
5.0543
4.9033
5.0586
5.0046
5.1247
4.8966
5.2179
5.1378
5.0479
5.1645
5.1585
4.9700
5.0413
5.1918
5.3127
5.1705
5.1996
5.0837
5.2582
5.2790
5.4367
5.1782
5.0107
5.2581
5.2096
5.2322
5.0970
5.1737
5.2162
5.0368
5.1211
5.1353
5.1832
5.1464
5.1072
5.1749
5.1600
5.2056
5.2110
5.1506
5.0122
4.8364
5.0165
5.1004
5.1384
5.0909
5.1043
4.9462
5.0117
5.0726
4.8729
5.0902
4.8459
4.9546
4.8332
4.9938
5.1100
4.8308
5.1313
5.0733
5.0850
5.1825
5.3281
5.2304
5.3644
5.2166
5.2130
5.0829
4.9927
5.1629
5.2171
5.1550
5.2569
5.1802
5.3425
5.1797
5.1716
5.1211
5.5100
5.5480
5.3532
5.3261
5.2088
5.4779
5.4266
5.2792
5.3126
5.4485
5.1898
5.3369
5.5126
5.3802
5.2319
5.2971
5.1637
5.2236
4.9314
4.9257
5.2343
5.0710
5.1472
5.0278
4.8711
5.0415
5.2107
5.1883
5.0156
5.1186
5.3372
5.2792
4.9954
5.1880
5.2481
5.2157
5.1517
5.1994
5.0772
5.0889
5.0301
5.1032
4.9462
4.9630
4.7987
4.9132
4.8320
4.8422
4.8316
4.7329
4.8506
4.8020
4.7369
4.6488
4.5550
4.7403
4.7224
4.6758
4.7195
5.0037
4.7484
4.8575
5.0069
4.9530
4.7978
4.7181
4.5839
4.7166
4.7526
4.6180
4.8461
4.7562
4.8131
4.9348
4.9580
4.8298
4.7871
4.7326
4.6611
4.7152
4.6720
4.7905
4.8862
4.8494
4.6289
4.7024
4.7169
4.5400
4.6681
4.8167
4.8387
4.9392
5.1154
4.9461
4.9972
5.0777
4.7644
4.9005
4.6936
4.8590
4.8061
4.8591
4.9083
4.9843
4.9638
4.9677
5.1236
5.0019
5.0652
4.9806
5.2795
5.2534
5.1910
5.0697
5.0208
5.0018
5.0161
5.2154
5.0935
5.0916
4.8654
5.0183
4.8804
5.0101
5.0564
5.0258
5.1556
5.1781
5.2402
5.1499
5.0730
5.1096
5.2725
5.1740
5.1035
5.1665
5.0569
4.7986
4.8955
5.0091
5.0059
5.1081
5.0271
4.9721
4.7620
4.9020
4.7701
4.9701
4.7031
4.6672
4.8050
4.6441
4.5008
4.6159
4.5258
4.4890
4.5125
4.5467
4.6984
4.5949
4.5608
4.6446
4.6569
4.6481
4.7156
4.7024
4.6958
4.7042
4.9161
4.8770
4.9688
4.8532
4.7087
4.7542
4.7362
4.7330
4.9297
4.6982
4.7266
4.8698
4.8473
4.7721
4.8082
4.6406
4.8759
4.7912
4.7662
4.8610
4.8386
4.8599
4.9598
4.9304
4.9405
4.9078
4.9541
5.0168
5.1818
5.1274
4.9662
4.8651
4.9598
4.8913
4.8755
5.1142
5.2160
5.2439
5.0723
5.2612
4.9921
5.1436
5.2844
5.3183
5.3437
5.2135
5.4665
5.5176
5.1790
5.4075
5.2752
5.3997
5.4363
5.2373
5.2948
5.1806
5.2379
5.3919
5.3300
5.1633
5.0923
5.1703
5.2002
5.2519
5.1989
5.3474
5.1990
5.2090
5.2779
5.2455
5.2100
5.3714
5.2871
5.2264
5.2376
5.3010
5.2635
5.3630
5.2548
5.3687
5.3359
5.4131
5.3856
5.5162
5.3564
5.5028
5.4626
5.4311
5.4188
5.5310
5.2151
5.4372
5.3732
5.4464
5.4537
5.2182
5.2920
5.1766
5.2503
5.1773
5.0380
5.1472
5.0915
5.3067
5.2099
5.1285
5.2225
5.3327
5.3734
5.1426
5.2751
5.2580
5.2658
5.1201
5.1617
5.1089
5.1506
4.9414
4.9074
4.8642
4.8785
4.7787
4.6313
4.7934
4.6468
4.8685
4.7815
4.8159
4.7458
4.9691
4.9122
4.7081
4.6712
4.6874
4.6181
4.6493
4.5053
4.4636
4.5615
4.4132
4.4474
4.6414
4.6453
4.7569
4.6394
4.8027
4.7351
4.6305
4.7094
4.6258
4.7918
4.7583
4.7030
4.7540
4.7355
4.6387
4.5609
4.6672
4.7973
4.8161
4.8571
4.8281
4.4917
4.6333
4.8802
4.9034
4.9330
4.9355
4.8752
4.8624
4.8889
4.7100
4.9670
4.8119
5.0111
5.0133
5.1198
5.1080
4.9921
4.8024
5.0334
5.2429
5.2076
5.1112
5.0264
4.6293
5.0675
5.1882
5.1766
5.1526
5.2238
4.9071
5.1806
4.9782
5.0187
5.1843
5.0553
4.7539
4.6672
4.6713
4.6844
4.6500
4.6118
4.7827
4.8002
4.5524
4.7961
4.6319
4.6894
4.8135
4.6894
4.4948
4.4970
4.6912
4.6408
4.8285
4.6522
4.5874
4.5366
4.7477
4.5496
4.7528
4.5120
4.5763
4.8376
5.0189
4.8808
4.8425
4.5669
4.4828
4.5596
4.9352
4.9980
4.9548
5.1589
5.1582
5.0633
5.0012
4.9796
4.9049
4.9247
4.7952
4.8880
4.8918
5.2527
5.4526
5.2580
4.9676
5.1846
5.3025
5.1689
5.2972
5.2756
5.1984
5.4374
5.1144
5.0123
4.9562
4.8768
4.9523
5.0559
5.0215
4.8116
4.8887
5.0281
5.1532
5.0356
4.8933
4.9256
4.8750
4.8733
5.0278
4.9484
4.7645
4.9119
5.2228
5.0622
5.0646
5.1224
5.1642
5.2109
5.2433
5.3174
5.3010
5.3179
5.1867
5.1615
5.2100
5.0447
5.1951
5.1923
5.1298
5.2558
5.1845
5.0014
4.9468
4.9646
4.9233
5.0011
5.1732
5.1812
5.3858
5.2610
5.1262
4.9479
5.2581
5.1774
5.0947
5.2437
5.1683
4.9670
4.8730
4.8916
4.8710
5.0408
5.0007
5.0160
5.0039
4.8708
5.1159
5.1644
5.0696
5.1234
5.2328
5.1163
5.1496
4.9756
5.0147
5.1609
5.2735
5.1702
5.1173
4.9643
4.9268
5.1706
5.0634
4.9929
5.0758
5.0057
5.0057
4.7871
4.7906
4.7135
4.9150
4.9219
5.0300
4.8657
4.9288
5.1171
4.8785
4.8510
5.0659
4.8937
4.8605
5.0517
5.0014
5.2095
5.2924
5.0852
5.2211
4.9850
5.0202
5.0620
5.1305
5.0512
4.8503
4.8002
4.8894
4.9233
4.8998
4.7481
4.7100
4.8547
5.0107
5.0988
5.1848
5.1429
5.2842
5.1199
4.9180
5.1241
5.1319
4.8707
4.8864
4.9271
5.0672
4.8004
5.0441
4.8346
4.9979
4.8202
4.9733
4.8558
4.8121
4.8146
4.8274
4.8776
4.9635
4.9053
4.7684
4.7291
4.7009
4.9145
4.8537
4.9374
4.8755
4.6905
4.9284
5.0144
4.9151
5.0212
4.8962
4.7904
4.9232
5.0495
4.9037
4.8228
4.8836
4.7826
4.7945
4.5890
4.8474
4.7744
4.9016
4.9044
4.6622
4.7323
4.8737
4.7494
4.7214
4.7058
4.7503
4.9482
4.9490
4.9947
4.9319
4.9461
5.0379
5.0074
4.9352
4.8613
4.6899
4.7073
4.9221
4.8612
4.7615
4.7317
4.7923
4.7319
4.7132
4.7695
4.9005
4.8822
4.6632
4.8334
4.9589
4.7920
5.0486
4.7375
4.8300
5.0671
4.8532
4.8574
5.1122
5.0329
4.9512
4.8669
4.9454
4.9568
4.9298
4.9505
5.0515
4.8167
5.0121
4.9841
4.8648
5.0714
4.9599
4.8383
4.7981
4.8597
4.7354
4.8236
5.0298
4.9173
5.0299
4.9684
5.0533
4.8536
4.9165
4.7662
4.8087
4.7613
4.7988
4.9371
4.9513
4.9714
5.3217
5.1715
5.3345
5.2969
5.1066
5.0570
4.8256
4.8122
5.1325
5.1208
5.0007
4.9588
4.9342
4.9706
5.0023
5.0413
4.6466
4.6785
4.7342
4.7371
4.8360
4.7923
4.7039
4.7213
4.8793
4.8609
4.7899
4.8525
4.9539
4.8459
4.9012
4.9706
4.7921
4.7576
4.8360
4.9444
4.9669
4.8796
4.8193
4.7013
4.6861
4.8140
4.8008
4.8337
4.8435
4.7209
4.8723
4.8166
4.8235
4.7553
4.6621
4.8532
4.8253
4.7576
4.7200
4.8111
5.1012
5.2096
5.1381
5.0310
4.9088
4.8221
5.0184
4.8891
4.9483
4.9518
4.8907
4.9806
4.9441
4.8760
4.9823
4.7336
4.7603
4.8452
4.8276
4.9452
4.9458
4.9685
4.9569
4.8989
4.8538
4.9611
4.8924
4.7955
5.0833
4.9241
5.0571
4.8615
5.0273
5.0198
4.9055
4.8731
4.9746
4.9049
4.8334
5.0670
5.0228
4.9476
4.8639
4.7512
4.8274
4.7816
4.8869
4.6672
4.7904
4.8351
4.9673
4.6513
4.6907
5.0035
5.0964
5.1062
5.0274
4.9608
5.0511
4.9158
4.8885
5.0030
4.9766
4.9730
4.9796
4.8505
4.9362
5.0768
4.8108
4.8908
5.0860
4.9374
4.8131
5.0692
5.0004
5.1102
5.1985
5.1671
5.1403
5.2421
5.3276
5.2677
4.9323
4.9111
4.6917
4.7691
4.9547
4.8822
5.1094
5.0690
5.2892
5.1067
4.9151
5.0473
4.8634
4.9493
4.8552
4.9382
5.1265
5.0431
5.0994
5.0864
5.0999
4.9824
4.9703
5.1260
5.1297
5.2862
5.0672
5.1389
5.0884
5.0702
5.2107
5.0369
4.9840
4.9880
4.9791
5.0581
5.0248
5.0271
5.1910
5.1361
5.0436
5.0648
4.9682
4.9821
5.1400
5.1294
5.0273
5.0466
5.0582
5.1059
5.0231
4.7833
5.0014
4.9954
5.1038
5.0373
5.1914
5.0606
5.2959
5.2387
5.1030
5.2573
5.3246
5.3100
5.2322
5.4957
5.2305
5.0337
5.0680
5.1773
5.2236
5.0510
5.1087
5.0546
5.1397
4.9452
4.9287
5.1080
5.1039
5.3119
4.8362
4.7926
4.7115
4.8239
5.0721
4.7279
4.8652
5.0812
5.2211
5.0131
5.0567
4.9183
4.9258
5.0367
4.9958
5.3376
5.1402
5.0152
4.7636
4.6572
4.9175
4.7310
4.8732
4.8314
5.0657
4.9570
5.0324
4.9504
4.8116
4.7096
4.7605
4.7344
4.8010
4.9048
5.0746
4.9447
5.0536
5.3146
5.1301
5.2567
5.3065
5.4311
5.2710
5.1822
5.3359
5.1612
5.1685
5.2888
5.0628
5.1118
5.0852
4.9459
5.0574
5.2411
5.0833
5.0415
5.1523
4.9032
4.9422
5.0402
5.0446
5.1608
4.9049
5.1925
5.0772
5.0028
4.8792
5.0003
5.0863
4.9591
5.1788
5.0165
5.0124
5.1132
5.2314
4.9158
4.9401
5.0413
4.9273
4.9049
4.8468
4.7406
4.7283
5.0308
4.6877
4.6306
4.7974
5.0074
4.8691
4.8987
5.0389
4.7440
4.6641
4.6894
4.8636
4.7201
4.7387
4.8288
4.8574
4.7562
4.8182
4.8641
4.9389
4.9480
4.9967
4.8749
4.9733
4.9464
4.8053
5.0102
5.0437
5.0819
4.9978
4.9333
4.8113
4.9305
5.0793
5.1039
4.8135
4.6766
4.7079
4.5659
4.7105
4.5292
4.5061
4.5935
4.5250
4.6949
4.6662
4.7711
4.9989
5.0716
5.0869
4.9826
5.0506
5.0646
5.2382
5.1867
5.0250
4.9823
5.0915
4.9948
5.0271
5.1174
5.0079
4.9197
5.0350
4.8004
4.6932
4.6973
4.8566
5.0635
4.8969
5.0894
5.2465
5.1090
5.2768
5.1473
5.1231
4.7864
4.8190
4.8398
5.2256
5.2042
5.3429
5.2029
5.0595
4.8169
5.2848
5.2325
4.9133
5.0180
5.0539
4.8615
4.8355
4.8923
4.9274
4.9454
4.9450
4.8873
4.8947
4.6871
4.8988
4.8252
4.7033
4.5150
4.6074
4.6837
4.6098
4.6485
4.6870
4.5288
4.5313
4.5760
4.6523
4.8096
4.7741
4.8857
4.9672
4.9460
4.7756
4.8569
4.9620
4.8142
4.9365
4.7514
4.6252
4.9375
4.8959
4.7240
4.7446
4.8246
4.6200
4.5909
4.6342
4.7429
4.8498
4.6977
4.6286
4.7643
4.7480
4.6079
4.8715
4.6019
4.8145
4.8669
4.7729
4.7036
4.8560
4.9902
4.9094
4.9209
5.0097
5.0607
5.1039
4.9835
4.9117
4.8230
4.8178
4.8398
4.9909
4.8811
4.9012
4.9146
4.7839
5.0641
4.9553
4.7461
4.6157
4.6222
4.7587
4.5017
4.7430
4.4425
4.6014
4.6182
4.7012
4.5543
4.5983
4.5913
4.6603
4.6550
4.4451
4.6407
4.9191
4.8246
4.9766
5.0451
4.8289
4.9696
5.0502
4.9040
4.9629
4.7634
4.8616
4.7818
4.9018
4.7948
4.9024
4.9975
4.9155
4.8860
4.7288
4.5996
4.5835
4.7032
4.7982
4.6711
4.6663
4.8387
4.7614
4.8648
4.8260
4.7019
4.7221
4.6424
4.5804
4.6639
4.8541
4.6547
4.6630
4.6404
4.7267
4.7682
4.9454
4.6403
4.6136
4.7428
4.6104
4.7424
4.8065
4.6148
4.6925
4.9147
4.8525
4.9589
4.9591
4.8704
4.8915
4.8973
4.8787
4.7905
4.9347
4.9281
4.9547
4.9044
4.7939
4.8119
4.9845
4.9737
4.8298
4.8911
4.8735
4.8843
4.8576
4.7395
4.6666
4.7265
4.6667
4.9266
4.8391
4.7601
4.8655
5.0188
4.9245
5.1297
5.1688
5.0235
5.0902
5.1373
5.2875
5.1099
5.2583
5.1820
5.1131
4.9422
4.8863
4.7138
4.6785
4.6058
4.8036
4.8153
4.7152
4.7535
4.7106
4.7525
4.6863
4.6775
4.6843
4.7063
4.6532
4.6522
4.5427
4.8335
4.8525
4.6858
4.9404
4.9458
5.0570
5.1880
4.9695
5.0470
4.9231
4.9147
5.0116
4.9823
4.9571
5.1719
5.4175
5.2393
5.0992
5.0848
5.2043
5.2382
5.1487
4.8401
4.8238
4.8431
4.9817
4.8828
5.1258
5.2764
5.3661
5.0347
5.0622
5.1845
5.0151
4.8525
4.9140
4.7490
4.9174
5.0168
4.9034
5.1329
5.0071
5.0667
5.0890
4.9850
5.2681
5.1338
5.0698
5.0168
5.1673
5.1270
5.0430
5.0419
4.9616
4.7748
5.0503
5.1689
5.1184
5.0566
4.8888
4.8499
5.0640
4.7128
4.8030
4.6154
4.7419
4.8160
4.7445
4.6945
4.8439
4.8178
4.7865
5.0273
4.9037
4.8952
4.9405
4.9224
4.8065
4.9336
4.8534
4.9613
4.9009
4.8506
5.0692
5.1073
5.0563
5.1201
4.9873
4.7459
4.7649
4.6856
4.7458
4.8275
4.6314
4.9516
4.9638
4.9130
4.9529
4.8740
4.8205
4.6978
4.7695
4.7583
4.8228
4.6106
4.3898
4.3631
4.5052
4.5948
4.7735
4.8349
4.7626
4.7974
4.8746
4.9186
4.8182
4.7968
4.7489
4.7655
4.7214
4.8643
5.0141
4.8193
4.8055
4.7364
4.7831
5.0213
4.8364
4.6466
4.7686
4.7330
4.8710
4.6981
4.7217
4.7376
4.6523
4.5153
4.8350
4.7252
4.7147
4.6170
4.7014
4.5036
4.6526
4.6486
4.6078
4.6989
4.8455
4.7270
4.7556
4.8479
4.8141
4.7787
4.9877
4.6912
4.8799
4.8480
4.7795
4.9146
4.7488
4.9134
4.8196
4.7823
4.5738
4.5993
4.6594
4.7170
4.5227
4.5698
4.6269
4.6356
4.8560
4.7506
4.8439
4.8802
4.7520
4.7040
4.7655
4.7767
4.8200
4.7968
4.5632
4.5970
4.4797
4.6875
4.9113
4.8356
4.8428
4.8147
4.6572
4.6877
4.9154
4.7244
4.8056
4.7328
4.6186
4.5783
4.5112
4.6020
4.6059
4.6644
4.6097
4.8362
4.7442
4.9345
4.8003
4.7363
4.7298
4.8931
4.7571
4.8058
4.8578
4.9025
4.7736
4.7896
4.8271
4.6983
4.8656
4.8760
4.8193
4.6498
4.7906
4.5409
4.7288
4.7122
4.7805
4.9022
5.1787
4.9101
4.7207
4.6919
4.6571
4.6459
4.5831
4.5789
4.4384
4.7039
4.5879
4.5120
4.5775
4.7349
4.6611
4.6864
4.9136
4.8457
4.5367
4.4093
4.3809
4.2977
4.4478
4.5243
4.4999
4.7570
4.6878
4.6294
4.6959
4.6377
4.5981
4.5051
4.7280
4.5483
4.6762
4.4142
4.4047
4.5951
4.5408
4.5433
4.5167
4.5508
4.4406
4.4635
4.5005
4.5857
4.5113
4.4451
4.6948
4.7944
4.7379
4.8379
4.7266
4.8358
4.6553
4.6232
4.5549
4.6332
4.5120
4.5474
4.5950
4.5084
4.7253
4.5772
4.6758
4.8166
4.8516
4.9481
4.9741
4.9298
4.9330
5.2290
5.2456
4.9949
4.8677
4.9041
4.8434
4.8810
4.8944
4.7644
4.6183
4.9918
4.8602
4.7483
5.0592
5.0892
5.1804
4.9996
5.1161
5.0197
5.3105
4.9341
4.8119
4.7955
4.6118
4.9527
4.8354
4.8399
4.5817
4.7211
4.8856
4.6477
4.6724
4.7588
4.6436
4.6134
4.7127
4.7588
4.8627
4.5758
4.6801
4.5679
4.7067
4.6161
4.7346
4.6557
4.8371
4.6470
4.7232
4.7443
4.8107
4.6613
4.4855
4.5152
4.6597
4.6223
4.6760
4.5470
4.7964
4.7937
4.6254
4.7074
4.6015
4.6782
4.8463
4.7778
4.7481
4.7161
4.7844
4.8038
4.6656
4.6536
4.6687
4.6824
4.5880
4.5761
4.6474
4.5946
4.6039
4.7073
4.5877
4.6536
4.7918
4.8018
4.7554
4.7085
4.7829
4.7495
4.8403
4.8544
4.7140
4.7609
4.6378
4.7593
4.9713
4.8700
4.8932
4.8073
4.7580
4.8385
4.7852
4.8273
4.8797
4.7771
4.7494
4.5704
4.8601
4.7871
4.7387
4.7666
4.9082
4.9593
5.0339
4.9259
4.9218
4.9030
4.7238
4.9781
5.2359
5.0965
5.0035
5.0021
5.0072
4.9675
5.0678
5.1921
4.8878
4.8660
4.9869
5.0255
5.1394
5.0767
4.9854
5.1136
5.0376
5.0258
5.0110
5.1204
5.0250
5.2154
5.1346
5.1198
4.9773
5.0268
4.8908
5.0578
5.0334
4.8694
4.9546
4.7563
4.5400
4.7630
4.7746
4.8793
4.9005
5.2402
5.4077
5.3712
5.0171
5.1894
5.2136
5.2178
5.1026
5.1615
5.0475
5.2003
5.0086
5.3037
4.8741
5.0550
4.8894
4.9328
4.9019
4.9231
4.8571
4.7458
4.9034
5.0162
4.9015
4.8253
4.8311
4.8647
5.0156
5.1055
5.1093
5.2993
5.2093
5.0596
5.1306
5.0496
5.0645
4.9870
5.0448
4.9809
4.9727
5.0245
5.0992
5.0779
5.0053
4.9799
4.9600
5.0307
4.7195
4.9022
4.8477
4.9165
4.9190
4.8261
4.9506
4.8280
5.0270
5.0953
4.9760
5.0210
5.0744
5.1293
5.0011
4.9197
4.9079
5.1683
5.3211
5.2338
4.9167
4.8598
5.0089
4.9393
5.0602
4.8976
4.8695
4.9734
5.3417
5.1319
5.0850
5.0469
5.0570
5.1674
5.2702
5.1474
5.2234
5.3702
5.2301
5.1962
5.0774
5.2179
4.9922
5.2205
5.0614
4.8476
4.8572
4.8681
4.8022
4.9660
4.8439
4.7885
4.8754
4.8091
5.0484
5.0459
4.8958
5.0237
4.9655
5.0091
5.0245
5.1445
5.2086
5.2137
5.0198
5.0245
4.7403
4.7872
4.9330
4.9231
5.0292
5.0798
5.2175
5.0844
5.0151
4.8954
5.0629
5.1459
5.3577
5.2925
5.1797
5.1606
5.1566
5.1775
5.1049
5.3336
5.4647
5.3907
5.1015
5.1531
5.0503
5.0107
5.2839
5.1488
5.2877
5.2698
4.9243
4.9644
5.0109
5.0923
5.0834
4.8539
4.9111
4.9544
5.0102
4.9714
4.9266
5.0465
4.8393
4.8480
4.7757
4.7821
4.8899
4.8238
4.9315
4.9771
4.9990
4.8487
5.0777
5.0868
4.8556
4.8086
4.7910
4.9739
5.0450
4.8585
4.9823
5.1099
4.9489
4.9559
5.0320
5.0085
5.0384
4.9779
4.9128
4.9675
4.8994
5.0297
5.2408
5.1774
5.1329
5.1741
5.0337
5.0411
4.9842
5.0585
4.9446
4.8760
4.8915
4.9517
4.8465
4.9845
4.8531
5.0167
5.2329
5.2165
5.0787
5.1131
5.0953
5.1831
5.0949
4.8014
4.7973
4.8916
4.8135
4.9780
5.0109
4.9721
4.8833
5.1159
4.9580
5.0568
4.9016
4.9121
4.8880
4.9032
4.9358
4.9898
4.9540
5.0703
5.1325
5.1611
5.0333
4.8167
4.9669
5.0074
4.9665
4.9997
5.0026
5.1760
4.9240
5.0709
5.1410
5.0314
5.1616
5.1024
5.0201
5.1921
5.3070
5.2878
5.0349
5.1695
5.2047
5.0847
5.2295
5.2703
5.3439
5.3764
5.3836
5.3945
5.2853
5.3967
5.2817
5.1912
5.2255
5.3786
5.2206
5.3546
5.2135
5.2910
5.2657
5.4846
5.4011
5.5729
5.5292
5.4795
5.2594
5.3187
5.3299
5.4354
5.4032
5.3749
5.3835
5.1231
5.1331
5.1762
5.1766
5.0451
5.2453
5.1253
5.1633
5.2228
5.3858
5.0795
4.9645
5.0657
5.0061
5.0206
4.8324
5.1725
4.9896
4.9119
5.0271
4.8006
4.9113
5.0760
4.9976
4.8923
5.1050
5.1091
5.2032
5.1513
5.1316
4.8837
4.9041
4.9676
4.9427
4.9208
5.0908
5.1637
5.1366
5.2891
5.3413
5.3953
5.3884
5.5077
5.5782
5.4189
5.4520
5.2086
5.2532
5.3178
5.2626
5.0989
5.2647
5.0273
4.9151
4.9416
5.1188
5.0980
5.3948
5.5476
5.2110
5.0834
5.3358
5.1953
5.1195
5.3577
5.2343
5.3150
5.5292
5.2495
5.4759
5.3741
5.1868
5.0952
5.2674
5.1476
5.1680
5.2778
5.2628
5.0795
5.0581
4.9465
5.1148
4.8945
5.0844
5.1908
5.0115
5.0847
5.2581
5.1268
5.3082
5.2332
5.2941
5.3221
5.2508
5.1412
5.1944
5.1250
5.1356
5.2427
5.2507
5.5938
5.4354
5.2159
5.2496
5.1793
4.9903
5.0596
5.0097
5.2501
5.1902
5.2354
5.0497
5.1464
5.0181
5.0088
5.0958
5.0251
5.4356
5.2234
5.3219
5.3259
5.3997
5.1604
5.1598
5.2262
5.0859
5.1936
5.0790
5.2111
5.1425
5.2083
5.4370
5.3260
5.4225
5.3470
5.2150
5.3059
5.1833
5.0240
5.0185
4.9177
4.9638
5.0692
5.0910
5.0652
5.0530
5.0428
5.0788
5.1314
5.1090
5.0504
5.3135
5.2307
5.0616
5.2331
5.2291
5.1458
5.2675
5.2314
5.2596
5.0950
5.2254
5.0938
5.0139
5.1262
5.0768
5.4132
5.3461
5.2644
5.1733
5.1865
5.1348
5.0974
5.3137
5.1002
5.0836
5.2071
5.3732
5.0990
5.1973
5.2164
5.1785
5.1401
5.1614
5.1846
5.2353
5.2858
5.2163
5.4402
5.3280
5.2004
5.3362
5.4000
5.5297
5.2771
5.4771
5.4332
5.3253
5.3927
5.3981
5.3904
5.4377
5.2165
5.2174
5.1937
5.1393
5.2657
5.2235
5.2655
5.4646
5.4710
5.4873
5.3854
5.0523
5.0580
5.2099
5.3508
5.2506
5.5172
5.3445
5.3528
5.1689
5.1018
5.0025
5.1433
5.1814
5.0921
5.0377
5.2135
5.3289
5.0774
4.9405
4.9957
5.0618
5.0668
4.9275
4.9044
4.9633
4.7137
4.6973
4.7866
4.9550
4.9350
4.9430
4.9941
5.0667
5.0206
5.1261
4.9853
4.9670
5.0163
5.0578
5.2130
5.1724
5.1597
5.0918
5.1440
5.0318
5.1533
5.0071
4.9479
4.8975
4.9117
5.1568
5.1090
5.0299
5.1825
5.0039
4.9612
5.0128
4.9505
4.7294
4.7820
4.8266
4.6477
4.6820
4.7092
4.7301
4.7776
4.6442
4.7525
4.6427
4.8496
4.9034
5.1369
4.9300
5.0363
4.8790
5.1001
4.8230
4.9193
5.0254
5.0187
4.8950
5.2806
5.2526
5.0552
4.8807
4.9401
5.0004
5.0545
5.1083
4.8272
4.9545
4.8715
4.8873
5.0141
5.0893
5.0094
4.9294
4.9770
4.9537
4.9530
4.8029
5.0005
5.0788
5.0037
4.8891
4.9806
4.9120
5.0503
5.0472
4.9793
4.9238
4.8812
4.9012
4.9349
5.0454
5.1018
5.1540
5.2020
4.9937
4.9735
5.1066
4.9024
5.1144
5.1824
5.3319
5.2309
5.3119
5.1765
5.2381
5.2534
5.3293
5.3086
5.3002
5.1839
5.3909
5.3904
5.2893
5.3987
5.2178
5.1815
5.1862
5.0350
5.0759
5.0330
5.0315
4.9152
5.0595
5.2091
5.0953
4.9547
5.0488
4.8201
4.8539
4.6105
4.8918
4.9183
4.8110
4.7223
4.8133
4.6661
4.7402
4.8725
4.9793
5.0783
5.0076
4.9702
5.1460
5.2703
5.2013
5.1673
5.1222
4.9385
4.8456
5.1536
5.2123
4.9899
5.0316
4.7940
4.8198
4.8760
5.1398
5.1146
5.1462
4.9954
5.0947
5.1415
5.0789
4.9173
4.9548
5.1208
5.2724
5.2990
5.1887
5.1287
5.0069
5.1421
5.0885
5.4497
5.3024
5.0520
5.0650
5.0230
4.8314
4.6583
4.7191
4.7069
4.6871
4.6173
4.6845
4.7327
4.7405
4.6935
4.6733
4.6168
4.5774
4.7309
4.6718
4.6301
4.6149
4.7866
4.8043
4.8964
4.8889
4.9363
4.9615
5.0062
4.9522
4.9885
5.1139
5.0027
4.9608
4.9276
4.8263
4.7515
4.8104
4.8676
4.9236
4.7187
4.9642
5.0287
4.8839
4.7333
4.8509
4.8233
4.9093
4.9218
4.9327
4.9265
4.8688
4.7783
4.8103
4.9542
4.8247
4.6114
4.6188
4.6644
4.6405
4.5783
4.7112
4.6013
4.6059
4.6954
4.6305
4.4997
4.6390
4.7404
4.8427
4.7582
4.7556
4.7801
4.7598
4.8911
4.8531
4.8280
4.7534
4.6780
4.8615
4.7077
4.7730
4.7396
4.7688
4.6822
4.7223
4.7164
4.8735
4.8617
4.8823
4.8348
4.7247
4.9229
4.5698
4.6094
4.7760
4.6752
4.8357
4.6916
4.6447
4.8139
5.0014
4.8634
4.8693
4.8970
5.1728
5.2152
5.0790
5.0112
5.1379
5.0587
5.0419
5.0118
4.7960
4.9983
4.8878
4.8408
4.8650
4.7083
4.9215
4.9056
5.0427
4.9241
5.1508
5.0322
5.1546
5.0053
4.8290
4.9641
4.9086
4.9334
5.0107
5.0955
5.0568
5.1259
4.9965
5.0143
5.0256
5.0189
5.0152
5.0034
5.0327
5.1326
5.0050
5.1682
5.2741
5.3035
4.9801
4.8908
4.7096
4.7051
4.6629
4.7060
4.7751
4.8610
4.7230
4.8071
4.6655
4.7559
4.7196
4.6275
4.8046
4.7154
4.7202
4.7635
4.7594
4.8325
4.8724
4.8397
4.6595
4.7534
4.8345
4.9238
4.9199
4.7848
4.9258
4.8409
4.9008
4.8356
4.8872
4.7884
4.6464
4.7534
4.8357
4.7947
4.8580
4.7070
4.6998
4.7523
4.6852
4.7010
4.8564
4.7143
4.8568
4.7412
4.7645
4.6716
4.6385
4.8817
4.6723
4.8746
4.9905
4.8901
4.9320
4.8991
4.8093
4.8673
4.8266
4.6558
4.8561
4.6908
4.5659
4.8198
4.8815
4.8201
5.0008
5.0170
5.0724
4.7603
5.0577
4.7772
5.0679
4.7579
4.9099
4.9191
5.0910
4.9865
4.9496
4.9103
5.1082
4.9712
5.1175
4.7192
5.0053
4.9592
5.0950
4.8584
4.7922
4.7885
4.8160
4.8481
5.0199
5.1666
5.2711
5.0589
5.0597
5.0267
4.9366
4.9959
5.0826
5.2477
5.0074
4.9431
4.8399
4.7664
4.7837
4.9824
5.1532
4.9695
4.9698
4.8650
4.8053
4.9594
4.7991
4.9187
5.0038
4.7032
4.7135
4.8939
4.7176
4.6747
4.5111
4.5429
4.7166
4.5648
4.6571
4.5963
4.4869
4.6326
4.6141
4.7358
4.7272
4.7213
4.8501
4.7838
4.8157
4.6750
4.7071
4.6772
4.7326
4.6946
4.7902
4.8117
4.7094
4.8195
4.7207
4.7280
4.7439
4.7150
4.6491
4.5700
4.6064
4.6192
4.5470
4.7934
4.7123
4.7650
4.7361
4.5933
4.6633
4.6445
4.7038
4.7562
4.9806
4.9616
4.9962
5.0129
4.7372
4.8825
5.0232
4.8149
4.7708
5.0340
4.9124
5.0952
4.8288
4.7321
4.7396
4.9469
4.8553
5.0018
4.8650
4.8152
4.9026
4.7824
4.7567
4.8346
4.6226
4.7901
4.8096
5.1098
4.8670
5.0096
4.8812
5.1716
5.2062
5.1630
5.1423
5.0342
5.0188
5.0641
4.9892
4.9404
4.8187
4.8345
4.9699
4.8032
4.8711
4.9027
4.8998
5.0109
5.0132
5.1271
5.0665
5.1574
5.2010
5.1263
4.8013
4.9051
4.8431
5.0890
5.0018
5.0560
5.0720
5.1003
5.0760
5.1273
5.1351
5.0593
4.9885
4.9592
5.0440
5.0192
5.0703
4.9353
4.9869
4.9841
4.9369
5.0812
4.9536
4.9682
4.9071
5.0180
4.9051
4.9751
4.8041
5.0531
4.8910
5.0840
4.9797
4.8903
5.1593
5.1559
4.9629
5.1491
5.0669
4.9316
4.9803
4.8846
4.9653
4.8683
5.0568
4.9860
4.7408
4.8584
4.7088
4.6366
4.4976
4.4670
4.5127
4.5648
4.7923
4.7265
4.5758
4.7027
4.6749
4.8088
5.0560
4.7858
4.8813
4.9452
5.0246
5.1255
5.1874
5.0082
5.0729
5.0035
5.0582
4.8737
4.9762
4.9091
5.0222
5.0228
4.9330
5.0047
5.0529
4.9808
5.0391
5.1643
5.0029
5.1067
5.2169
5.1344
5.0640
4.8760
5.1523
4.9958
5.0567
5.2163
5.2554
5.2833
5.2672
5.4228
5.3023
5.4051
5.2747
5.0653
5.3425
5.6468
5.3561
5.2645
5.2196
5.0220
4.7612
4.9450
4.9237
5.0135
5.0681
5.2043
5.1281
4.8612
5.0731
4.9110
4.9137
4.8454
4.9365
5.1063
4.8245
4.9432
4.8494
4.7344
4.8129
4.7814
4.8420
4.7866
4.9175
5.0145
4.9984
4.9522
4.8036
5.1100
4.9853
4.8158
4.7942
4.6795
4.8810
4.9408
4.9695
4.8955
4.9614
4.8509
5.0191
4.8651
4.7262
4.8785
4.9698
4.9901
4.9226
4.8124
4.8865
4.8345
4.8185
4.6232
4.6441
4.6463
4.7699
4.7728
4.7217
4.7872
4.7347
4.6998
4.8151
4.9928
4.8548
4.9596
4.8087
4.6226
4.9173
4.7653
4.7245
4.7832
4.6853
4.6560
4.6124
4.5162
4.5850
4.6265
4.6686
4.8100
4.9066
5.0026
4.7637
4.8733
4.7868
4.8855
4.7416
5.0769
4.9414
4.9444
5.0780
5.2572
4.9569
4.8464
4.8041
5.0210
4.9307
4.9189
4.9552
5.0564
5.0258
5.0465
4.8253
4.9090
4.8801
4.8945
4.8000
4.7982
4.7186
4.6871
4.7290
4.5365
4.5893
4.6412
4.6071
4.8612
4.9124
4.9259
4.8432
4.6860
4.8042
4.8075
4.8902
4.7700
4.9660
4.9741
4.9175
4.9180
4.9149
4.9908
4.9571
5.0643
5.0713
5.0955
4.9844
4.8577
4.8902
5.2076
4.9903
4.9757
4.8479
4.9154
4.8042
4.7544
4.9002
4.6656
4.6661
4.5988
4.6907
4.8785
4.9515
4.7980
4.7574
4.8839
4.8961
4.9302
4.8732
4.7696
4.7806
4.6144
4.8350
4.7308
4.6404
4.7265
4.7066
4.6216
4.7803
4.6338
4.9058
4.8281
4.8956
4.8877
4.9867
5.0517
4.9649
4.9981
4.9408
4.9164
4.8151
4.9907
5.0022
4.9778
4.7926
4.9459
5.0960
4.9035
4.8513
4.8683
4.8477
4.9755
4.7760
4.8375
4.7091
4.8074
4.8028
4.9092
4.8717
4.9587
4.8434
4.9541
4.8727
4.8208
4.8715
4.8201
4.7636
4.9503
5.0529
5.1125
4.9803
4.7987
5.0123
4.9186
4.7658
4.6924
4.7451
4.6424
4.6545
4.8113
4.9664
4.8951
4.9723
5.0245
4.8495
4.8048
4.7072
4.7105
4.7198
4.8175
4.6930
4.5409
4.7914
4.7887
4.8549
4.7515
4.5463
4.7203
4.9266
4.9198
4.7362
4.8815
4.7629
4.8731
4.7203
4.7176
4.9508
4.8281
4.8363
4.9421
4.7928
5.0340
4.9763
4.8850
4.9113
4.7665
4.7510
4.7590
4.8649
4.9324
4.8634
4.9684
4.9327
4.8526
4.9700
4.9752
4.8238
4.7562
4.6850
4.7239
4.7279
4.7731
4.8500
4.7239
4.6342
4.5815
4.7320
4.8121
4.8978
4.8332
4.9477
4.7450
4.6832
4.6666
4.7861
4.7433
4.6726
4.7592
4.7295
4.8597
4.6008
4.5317
4.5725
4.5565
4.6106
4.5322
4.5774
4.5121
4.6723
4.6915
4.7058
4.8347
4.9675
4.7492
4.6944
4.8468
4.9587
4.9424
5.0585
4.9074
4.8943
5.0428
4.9630
4.9625
4.9589
4.8507
4.8480
4.9725
4.9233
4.9409
4.8111
4.8517
4.9996
4.8230
4.8374
4.9263
4.7383
4.7837
5.0525
4.8525
4.8906
4.8317
4.8942
4.8747
4.6690
4.7813
4.7703
5.1142
5.2778
5.0025
5.0528
4.8447
4.6954
4.8166
4.9045
4.9769
4.8945
4.9794
4.7853
4.9012
4.9403
4.9117
4.8354
4.9150
4.8911
4.9139
4.9589
4.8175
4.7699
4.8514
4.8913
4.8869
4.9623
4.8623
4.8341
4.9365
4.9805
5.0070
4.7856
4.8203
4.7097
4.8232
4.8475
4.8600
4.8959
5.1626
5.0384
5.0502
4.9240
4.8939
4.9032
4.9258
4.9155
4.9204
4.8626
4.9396
4.9340
5.0015
4.9413
4.9577
4.8846
4.8116
4.7720
4.8308
4.9736
4.8210
4.8008
4.9078
4.8426
4.8925
5.0167
5.1077
4.9819
4.8879
4.9040
4.9910
4.9174
4.8741
4.7287
4.8718
4.8035
4.8315
4.9222
4.9136
4.8647
4.6684
4.6992
4.8681
4.7867
4.8786
4.9018
4.8808
4.8245
4.8219
4.7221
4.9340
5.0903
4.9159
4.8273
4.7996
4.8232
5.0694
4.8539
4.9404
4.9743
5.0237
4.9633
4.8773
4.9726
4.8503
4.8837
4.9658
4.9498
4.8756
4.9013
4.8254
4.7938
4.8941
4.8481
4.9267
4.8437
4.8784
4.7479
4.8505
4.9041
4.8072
4.8963
4.8357
4.6790
4.7560
4.9694
4.8967
5.1435
5.0830
5.0988
4.8971
5.0319
4.8992
4.8005
4.7872
4.7248
4.7906
4.6918
4.8051
4.6893
4.8633
4.7087
4.8062
4.8551
4.9445
4.9294
4.9219
4.9643
4.8731
4.9503
4.7504
4.7128
4.8432
4.7276
4.8441
4.7355
4.9320
4.6116
4.7016
4.7981
4.6962
4.7928
4.9621
4.9469
4.8009
4.8448
4.9520
4.8581
4.8934
4.9996
4.9568
5.0127
4.9141
4.8331
4.9971
5.1175
5.2137
5.2027
5.2081
5.1780
5.0501
5.1133
4.9836
5.2526
5.2147
5.1889
5.0767
5.1753
5.1946
5.0482
5.1341
4.9020
4.8474
5.0244
5.1937
5.0602
5.2157
4.9068
4.7964
4.9455
4.8334
4.8855
4.9791
4.7838
4.8267
4.7816
4.7770
4.9384
4.9621
5.2856
4.9508
4.9149
4.9622
5.0642
5.0335
5.1488
5.0867
5.1626
5.1224
5.1972
4.9405
5.1056
5.1617
5.0795
5.1344
5.0198
4.8230
4.9902
5.0510
5.2359
5.0355
4.9362
5.2370
5.0792
5.1906
5.1331
4.9990
5.2271
5.0945
4.9135
4.9714
5.2747
5.2116
5.1615
5.1477
4.9636
4.9001
4.7527
4.9942
5.0832
5.2712
5.3412
5.3639
5.1118
5.1711
5.0551
4.8514
4.9580
4.8696
4.9023
4.8802
5.0266
4.8371
4.8062
4.7695
4.7683
4.7496
4.9137
4.7077
4.5149
4.6730
4.8368
4.8000
4.6778
4.6457
4.7306
4.6802
4.6836
4.7901
4.7400
4.7975
4.9458
4.6622
4.8548
4.6852
4.8310
4.7206
4.7361
4.7944
4.9104
4.8999
4.9008
4.8146
4.7368
4.8580
4.6885
4.7934
4.7395
4.8516
4.7850
4.7426
4.8490
4.9935
4.8028
4.8023
4.7669
4.8476
4.8857
4.9774
4.7793
4.7997
4.8371
4.9271
4.9866
4.9137
4.9434
4.8693
4.7047
4.8173
4.7799
4.8806
5.0396
4.8963
4.9109
4.8191
4.8561
4.8534
5.0396
4.9741
4.9434
5.0371
5.1772
5.2498
5.1428
5.0889
5.0006
4.9251
5.1287
4.8004
4.8311
4.7709
4.8551
4.8774
4.7947
4.8184
4.7315
4.8550
4.7723
4.9343
5.1558
4.9005
4.8622
4.8778
4.8122
4.9763
4.6500
4.7545
4.9278
4.9308
5.0989
5.2107
5.0673
4.9970
5.0413
5.0851
4.9285
4.9613
4.9088
5.0640
5.1697
5.1730
5.0661
5.2155
5.0783
5.1158
5.1576
5.0701
5.0803
5.1738
5.0093
4.9123
4.9695
4.9451
4.7685
4.9051
5.0708
5.1026
5.0122
4.9255
4.9874
4.7948
4.8659
4.9190
4.8317
4.9349
4.8630
4.7292
4.9645
4.7940
4.6885
4.7892
4.8320
4.7727
4.9596
4.9301
4.8961
5.0234
5.1242
4.8925
4.9115
4.9413
4.8324
4.9134
4.7818
4.9680
4.9672
4.8701
5.0084
5.0568
4.9670
5.1249
4.9231
5.0268
5.0319
4.9364
5.1576
5.1135
5.0810
5.0512
4.8623
4.9827
5.0612
5.0180
4.8105
4.9126
4.9329
4.8590
4.8239
4.8412
4.9444
4.9084
4.9808
4.7667
4.7584
4.8711
4.9754
4.8491
4.7334
4.8517
4.9085
4.8066
4.8897
4.9132
4.9523
4.8556
5.0586
5.0032
4.8676
4.6186
4.6700
4.7327
4.8980
4.9615
4.7695
4.7560
4.8701
4.8599
4.6645
4.9535
4.7776
4.8284
4.8823
4.8562
4.7802
4.9101
5.0251
4.7678
4.8309
4.9328
4.8952
4.9171
4.9463
5.0180
4.9543
5.1587
4.8526
4.6449
4.8687
4.8889
4.9925
4.8545
4.7820
4.9139
4.9034
4.8753
5.0086
4.9684
4.8253
4.9702
4.8685
4.7071
4.8247
4.6692
4.8320
5.0009
4.9668
4.7960
4.9929
5.0135
5.0331
4.9903
5.0096
4.8360
4.8056
4.9652
4.7361
4.8561
4.7480
4.8376
4.7969
4.9790
4.9950
4.9248
4.9700
4.7645
4.9139
4.8845
4.9303
4.8646
4.8862
4.9838
4.9896
4.7794
5.0042
4.9737
5.0550
5.0667
4.8418
4.9706
4.9574
5.0938
5.2845
5.1953
5.1768
5.1065
5.1357
5.0441
5.0308
5.2746
5.2095
5.0391
5.1110
5.2810
5.2715
5.1441
5.1649
5.0865
5.2238
5.1026
5.1895
5.1176
4.9315
4.8744
5.0880
4.9795
4.9192
5.1077
5.2623
5.1817
5.2950
5.3331
5.4815
5.4328
5.4036
5.4560
5.4806
5.1195
5.1029
5.2085
5.2377
5.3137
5.3721
5.2663
5.1419
5.2819
5.1858
5.2363
5.0999
5.3409
5.3693
5.3610
5.1813
5.1336
5.0672
5.2566
5.1340
5.0302
5.0665
5.0101
5.0890
5.0656
5.2751
4.9904
5.0462
5.1047
5.2308
5.0004
4.9754
4.9576
4.7182
4.8279
4.8076
5.0260
4.9965
4.9916
5.1561
5.1820
5.1426
4.9093
4.9408
5.1815
5.1623
5.0430
4.9624
4.8800
4.9316
5.0169
4.8982
4.8948
4.7687
4.8342
4.8435
4.8592
4.7278
4.9815
5.0094
5.0879
4.9892
5.0027
5.1676
5.0058
5.0460
4.9277
4.9648
4.7802
4.7284
4.9887
5.0149
4.8909
4.8119
4.8543
4.8530
4.9127
4.8554
4.9844
4.9459
5.0084
5.0439
4.9511
5.2315
5.1749
5.0238
4.8150
4.8740
5.0185
5.0662
4.9158
5.0052
4.8132
4.8770
4.7842
4.9082
4.6529
4.6479
4.6688
4.6858
4.6449
4.8454
4.7028
4.7133
4.8022
4.9134
4.7648
4.7517
4.7489
4.8348
4.9316
4.8720
4.9937
4.8630
5.0700
5.0098
4.9441
4.8359
4.8839
4.8316
4.8967
4.9069
4.9543
4.8232
4.7512
4.9555
5.0253
4.9719
4.8111
4.7152
4.8262
4.9067
4.7214
4.8320
5.0520
4.8679
4.8581
4.8487
4.8487
4.8239
4.8772
4.9084
4.7970
5.0701
4.9162
4.9566
4.9708
5.1244
4.8479
4.9523
5.0087
5.0905
5.2022
5.0480
4.8792
5.1881
5.1238
5.1654
5.3228
5.0227
4.9297
4.8837
4.9301
4.8130
4.7574
4.7841
4.8039
4.7048
4.9899
4.8518
4.9496
4.9146
5.0064
4.7070
4.7499
4.6470
4.9336
4.9646
4.7491
4.9150
4.8996
5.0888
4.9803
4.9178
4.8760
5.0250
4.8797
4.9059
4.9441
4.8174
4.8962
4.9332
5.0132
4.9517
5.0146
4.9456
4.9760
5.0267
4.9930
5.0739
4.9517
4.7141
4.6530
4.6949
4.7650
4.7416
4.8786
4.6988
4.7304
4.7703
4.8474
4.8138
4.8432
4.7877
4.8420
4.8477
4.7982
4.7555
4.6352
4.7324
4.7762
4.8261
4.9123
4.9269
4.8423
4.7086
4.8061
4.8636
4.8129
4.8547
4.7105
4.8145
4.9328
5.0549
5.0071
5.0268
4.9210
4.8827
4.7982
4.9194
4.8511
4.9065
4.9193
4.8197
4.9919
5.1451
5.2327
5.0543
4.9299
4.9145
4.9694
4.9643
4.9575
4.8197
4.8210
4.9987
4.9664
4.8521
4.8821
4.9040
4.6846
4.9539
4.8089
4.6995
4.7346
4.7191
4.7976
4.6725
4.8244
4.8333
4.8225
4.9365
4.8344
4.9975
5.0254
5.0811
5.0597
5.0228
4.9885
4.8639
4.8664
4.9956
4.7875
4.9942
4.8082
4.8919
4.8071
4.9972
4.8168
4.7841
4.8815
4.9892
4.9281
4.6783
4.7545
4.8557
4.8403
4.7873
4.8854
4.9227
5.0109
4.8044
4.9764
5.0084
4.8528
4.8220
4.8349
5.0782
5.0269
5.1515
5.2092
5.0613
4.9420
4.9363
5.0766
5.0796
4.9425
4.8110
4.9901
5.0441
4.9724
5.0845
4.8307
4.9502
4.9020
5.1433
4.9149
4.8899
5.0732
4.8790
4.9800
4.9846
5.0907
5.1604
5.0887
4.8896
4.9710
4.8558
4.7829
4.9377
4.7595
4.7316
4.8373
4.7945
4.8748
4.8465
4.9737
5.0010
5.3008
4.9849
5.0814
5.0178
4.8999
4.9345
4.8034
4.9480
4.9106
4.9026
4.9663
4.9080
4.8164
5.0604
5.1595
5.1585
5.0160
5.0007
5.0854
5.1852
4.9135
4.9303
5.0641
5.0551
4.9758
5.0633
4.8608
4.9909
4.9850
4.9949
5.1483
5.1815
5.1776
5.2568
5.2987
5.2823
5.0720
4.9557
5.0965
5.1331
4.9642
4.9752
4.8402
4.7681
4.6523
4.7602
4.8928
4.9708
4.9273
5.0172
4.7915
4.8014
4.9749
4.9422
4.8863
5.0550
4.7933
4.8508
4.9419
5.0383
5.0172
5.1174
5.1265
5.0312
5.0067
4.9181
5.0437
5.1351
5.1209
4.9655
4.9393
4.8330
4.7792
4.7539
4.7118
4.9104
4.9026
4.7939
4.8806
4.6932
4.6792
4.7533
4.8989
4.7948
4.9444
4.8116
4.8835
4.9326
4.9775
5.0395
5.3311
5.2515
5.3586
5.1388
5.1691
5.0397
5.0914
5.0790
5.2139
5.1337
4.9443
5.2107
5.1099
5.0915
4.8533
4.7730
4.6511
4.8209
4.9239
4.8173
4.8604
4.8616
4.8249
4.6871
4.6737
4.8340
4.5972
4.8787
4.7402
4.7610
4.9473
4.9453
4.8350
4.9947
4.9488
4.9263
4.9900
5.3378
5.0733
4.9592
5.1358
5.0149
5.0084
5.0003
4.9019
4.8607
4.8066
4.7418
4.6529
4.9246
4.7930
4.9258
4.9430
4.9732
4.8925
5.0069
5.0669
4.9270
4.7202
4.6095
4.6229
4.6271
4.6324
4.6726
4.9403
4.9447
5.1567
5.0741
5.0012
4.9028
4.8927
4.7366
4.9127
5.1202
5.1231
4.9337
4.9264
4.9298
5.0194
4.8083
4.8807
4.8445
4.8861
4.9456
5.0317
5.0662
5.0062
5.0759
4.9630
4.8395
5.0271
4.9942
4.9202
4.8076
4.8719
4.8275
4.7756
4.9558
5.0864
4.8093
4.8382
4.7936
5.0661
4.9571
4.9958
5.0281
5.1388
4.9741
4.9806
4.9366
4.9567
4.9427
5.0097
4.9347
4.9784
4.6592
4.8902
5.0386
4.9179
4.9655
4.8513
4.8053
4.8078
4.7845
4.7401
4.6184
4.9826
4.7587
4.7798
4.8429
5.0764
4.7518
4.7456
4.8436
4.6854
4.9729
4.9028
4.9998
4.7794
4.7429
4.7884
4.7313
4.6004
4.6391
4.7925
4.8728
5.0190
4.7771
4.8162
4.9012
4.9161
4.9950
4.8719
4.8071
4.9511
5.0704
4.9667
5.0594
5.0149
4.9643
4.8129
4.8667
4.7818
4.7296
4.9586
4.9874
4.8279
4.8249
5.0055
5.0351
5.0214
5.0110
4.9396
4.8419
5.0314
5.0664
5.3002
4.9324
4.9074
4.8827
5.1011
5.1610
5.3273
5.2603
5.0527
4.9943
5.0742
5.0619
4.9923
4.8070
5.0229
4.9184
4.9576
5.0373
5.0383
5.0206
4.9525
4.9948
4.9549
5.0845
5.1925
5.2119
5.1876
4.9320
5.0122
5.0160
4.9683
5.0215
5.0009
4.9027
5.0118
5.0162
5.1227
5.0131
5.1340
5.1177
5.0328
5.2077
5.0920
5.0094
4.9354
4.8202
4.8924
4.8548
4.9186
4.9618
4.9514
4.9906
5.0630
5.1579
5.0698
4.9712
5.1823
5.1539
5.0289
5.0440
4.9718
4.8482
4.9705
4.9204
5.0021
4.9823
4.8766
5.2229
5.0561
5.1360
5.2774
5.1667
5.2175
4.9525
4.9711
5.0721
4.9137
4.9088
4.9922
4.9321
5.1907
5.1488
5.2640
5.1449
5.2172
5.4607
5.2171
5.1427
5.0655
5.0847
4.9331
4.9192
5.0240
4.8300
4.8872
5.0308
4.9957
5.1650
4.9533
5.0245
5.0406
5.0481
5.0256
4.9658
5.2417
4.9754
5.1424
5.2313
5.0564
5.0138
4.7965
4.8568
4.8784
4.9908
5.0261
4.8150
4.7661
4.9266
4.8165
4.7872
4.9203
4.8350
5.0525
5.1705
5.1130
5.0102
5.1145
5.1845
4.9802
5.0902
4.8714
4.8993
4.6215
4.7436
4.7693
4.9383
5.0687
5.0593
5.1516
5.0068
4.7591
4.7333
4.8947
5.1798
5.1310
5.0133
4.9924
5.0977
5.0732
5.0038
4.9729
5.0994
5.0651
4.9337
4.9978
4.8580
4.9852
4.8358
4.8376
4.9551
5.0262
4.8801
4.8640
4.8463
4.7613
4.9501
4.9112
4.8262
4.8437
4.9290
5.0588
5.0818
4.9753
4.9447
4.9185
4.9444
4.8585
4.9111
5.1246
4.9696
4.7602
5.0700
4.8448
4.7471
4.7727
5.0169
4.9998
4.9888
4.8896
4.7905
4.9661
4.9777
4.9742
4.9382
4.9719
5.0494
5.1483
4.9635
4.8735
5.0376
5.0031
5.0156
5.1182
5.1281
5.0693
5.1131
5.0792
5.0122
5.2233
5.0612
5.0376
5.1013
5.0387
5.1991
5.2353
5.0878
4.7993
4.9834
5.0460
5.0071
4.7720
4.9831
5.0073
4.9515
5.1489
5.0313
5.0287
5.1517
5.1506
5.1236
5.0682
5.0336
4.8008
5.0938
5.2139
5.2769
4.8857
4.9343
4.9005
5.0429
5.0199
4.8526
5.0417
5.0026
4.9165
4.8932
4.9921
4.9948
4.9602
4.9491
5.0020
5.1061
5.0226
4.9566
4.9307
4.9035
4.8577
4.9325
4.8542
4.9033
4.9301
5.0438
5.1090
5.0289
4.8950
4.9982
5.0664
5.0291
5.0625
5.0490
4.9991
5.1829
5.1497
5.3056
5.4323
5.1461
5.0421
5.0238
5.1233
4.9422
5.0805
5.0015
5.0139
5.0446
5.1298
5.1288
5.0669
5.0915
5.1480
5.2849
5.1965
5.3135
5.5337
5.2802
5.3911
5.2075
5.3047
5.0718
5.0414
4.8412
4.9399
5.1341
5.1077
5.1722
5.1733
5.1912
5.2032
5.2796
5.0924
5.0336
5.0621
4.9845
5.0167
4.9299
5.0378
5.0378
4.9146
4.8394
4.7224
4.7889
4.8923
5.0067
4.9488
4.9622
4.7566
4.7604
4.9892
4.9390
5.1422
4.9461
5.0086
5.0283
5.0949
5.1272
4.9670
5.1569
5.1294
5.1189
5.0526
5.2248
5.0099
5.0951
4.9763
5.1629
5.0395
5.0746
5.1543
5.1259
5.0120
4.9197
5.0898
4.9461
5.1584
5.2107
5.2336
5.2692
5.0892
5.0714
5.0366
5.0833
5.1323
5.1199
5.1342
5.0053
5.0975
5.3795
5.2376
5.3968
5.2631
5.1883
5.1441
5.0073
4.9712
5.0152
5.1329
5.3466
5.0896
5.0971
5.0488
5.0842
4.9282
4.8811
5.0255
5.0675
5.1317
5.1459
4.9478
5.0225
4.9389
4.8949
5.0588
5.0590
5.0321
4.9807
4.9292
5.0021
5.1042
5.1747
5.0982
5.0699
5.0665
5.0821
5.0136
4.9759
5.1114
4.8503
4.9994
4.9683
5.0106
5.2216
5.0823
4.9793
4.8793
5.2462
5.1303
5.0349
5.1061
4.9838
4.9969
5.1335
4.9227
5.1215
4.9167
5.0712
5.0479
4.9039
5.0436
5.1756
5.0808
5.0713
4.9742
5.1355
5.2122
4.9263
4.9262
5.0401
5.1091
5.1291
5.3517
5.1126
5.0637
4.9887
4.7116
4.9337
4.8658
5.1605
4.8859
5.0088
4.9303
5.0253
5.0424
5.1103
5.1901
5.2271
5.3209
4.9926
5.1158
4.9578
5.0611
5.0629
5.2609
5.0777
5.0039
5.1008
5.1180
5.0617
4.9510
4.9815
4.9529
4.9318
4.9384
5.1360
5.0724
5.0937
5.0458
4.8913
4.8762
4.9125
5.0771
5.1660
4.9739
5.1630
5.0487
5.0494
4.9688
4.9536
5.0814
4.8447
5.0013
5.2081
5.0935
5.0022
4.9015
4.8523
4.7295
4.8148
4.9236
4.9673
4.9476
4.9556
4.9814
4.9393
5.0030
4.8343
4.8070
4.9305
4.8866
4.9164
4.9336
4.7941
5.1390
5.0829
5.0639
5.1154
5.0923
5.2442
5.1040
5.0338
5.0090
4.9799
4.9308
5.0260
5.0254
5.3494
5.2912
5.1478
4.8451
4.8367
4.6428
4.8273
4.9033
4.9075
4.8538
4.9930
4.8361
4.9770
4.8837
4.9815
4.9295
4.9033
4.9249
4.7484
5.0260
4.9408
4.8497
5.0291
4.9523
5.0718
4.9531
4.9006
4.8448
4.8520
4.9552
4.8115
4.6913
4.9164
5.1189
4.8535
4.7795
4.9315
4.8897
5.0343
5.0088
4.9552
4.9341
5.0076
4.9834
5.0107
5.0115
5.0069
5.0703
5.1097
5.1737
5.0910
5.0835
4.9712
5.0032
4.8783
4.9058
5.0446
4.9398
5.0737
5.0822
4.9461
5.0416
5.2423
5.3622
5.1613
5.1995
4.8838
5.0696
5.2030
5.2344
5.0115
5.2209
5.0513
4.8826
4.9868
5.1539
5.0994
5.0916
4.8076
4.8425
4.9471
4.9551
5.1097
5.1165
5.0133
4.8789
4.9038
5.0679
5.1677
5.1016
4.8966
5.1101
4.9542
4.9064
4.9974
5.0081
5.0890
5.1708
4.9686
4.9169
4.8866
4.8817
5.0296
4.9727
5.0614
4.9671
4.8883
4.9306
4.9190
4.9002
5.0213
5.0558
5.0009
4.9313
4.8776
4.7939
4.6642
4.7494
4.8571
5.0070
5.0705
4.9008
4.7533
4.9533
4.9475
4.7408
4.7391
4.7832
4.7564
4.7827
5.0348
5.1378
4.7625
4.9290
4.9941
5.0233
4.9428
4.6514
4.6425
4.9741
4.7552
4.8489
4.6541
4.7636
4.7011
4.7540
4.6386
4.6822
4.8390
4.6316
4.8274
4.8747
4.7722
4.7540
4.8257
4.8883
4.9419
4.9053
4.8854
4.8680
4.9140
4.9606
4.9845
4.9210
4.6751
4.6580
4.8396
4.7594
4.9693
4.8373
4.9319
4.7225
4.6235
4.8250
4.6754
4.6077
4.6278
4.9146
4.8111
4.5558
4.7588
4.6929
4.8090
4.6748
4.6458
4.6225
4.8370
4.7662
4.7680
4.8228
4.7262
4.9516
4.9457
4.8727
4.9595
5.0567
5.0213
5.0776
4.9050
4.9095
4.7759
4.6693
4.8346
4.7857
5.0367
5.1982
4.9927
5.0627
4.9039
4.8190
4.9641
4.9041
4.8452
4.9155
4.9202
5.0758
4.9955
5.0200
5.2036
4.9919
4.9125
4.9687
5.0633
5.0310
5.0002
5.0134
5.0967
4.9200
5.1031
5.3590
5.0562
5.0131
4.9222
4.9417
4.9840
5.1459
5.2089
5.2290
4.8117
4.8885
4.8141
4.8778
4.7078
4.7145
4.7624
4.8777
5.0428
4.9954
5.0980
5.1569
5.0453
5.0647
5.0367
5.0688
5.0337
5.0192
5.0365
5.2200
5.2106
5.0079
4.8332
4.8013
4.8291
4.8740
5.0884
4.8612
4.8794
4.8719
5.1208
5.0178
4.9387
4.8357
5.1196
4.9620
5.1048
5.0639
5.2186
5.4265
5.1229
5.2739
5.0936
5.1381
5.1103
5.0936
5.2069
5.1321
5.1089
5.1091
4.9526
5.0663
5.0754
4.9757
4.8621
4.7112
5.0500
5.0678
5.0077
5.0499
5.0871
4.9263
5.0026
5.1334
5.0860
5.0140
4.9943
4.9758
5.0609
5.0904
4.9723
4.9910
4.9921
5.0072
5.0646
5.0257
4.9338
4.9924
4.7753
4.8868
4.8126
4.8099
4.9481
4.8718
5.0607
4.8074
4.8286
4.8988
4.7462
4.8725
4.8360
4.9214
4.7846
4.8893
4.7385
4.9350
4.8768
4.9330
4.9210
4.8865
5.0633
5.0838
4.9740
5.2224
5.0436
5.1928
5.1579
5.0094
5.1384
5.0262
5.0502
4.9269
4.9390
5.1097
5.0953
5.1251
4.9922
4.9421
4.9087
4.8244
4.9026
5.0372
4.9019
4.9870
5.0745
5.1331
5.1689
5.0231
4.9118
4.9562
4.9285
4.9411
5.1350
5.1168
5.2179
5.1919
5.1163
5.3727
4.9381
5.1297
5.1963
5.0891
5.2170
5.1591
5.0267
5.1885
5.1547
5.0684
5.0274
5.1437
5.1548
5.0253
5.0670
5.1963
5.1951
5.0020
4.9928
4.9822
4.9031
5.0535
5.2747
5.3169
5.3585
5.4093
5.2730
5.0173
5.0180
5.3298
5.0787
4.9169
4.9147
4.9402
5.1328
4.9837
5.0399
5.0775
5.0174
5.0320
4.9977
5.0203
5.1381
4.9906
5.0561
5.0061
5.1624
5.2517
4.9260
5.1051
5.0655
5.0735
5.0022
4.8571
4.8170
4.9037
4.7090
4.9797
4.9962
5.3622
5.0707
5.0095
5.2729
4.9795
4.7709
4.9092
4.8278
4.8954
4.9877
4.9408
5.0316
4.9534
4.9463
4.9329
4.8507
4.7704
4.8889
4.9699
4.7826
4.8311
4.9675
4.8246
4.9265
4.7192
4.7056
4.8069
4.9294
4.8199
4.8435
4.9097
4.9119
4.8541
4.8377
4.7542
4.8850
4.8133
4.8263
4.8375
4.7563
4.8726
4.8865
4.7158
4.6178
4.6882
4.6667
4.8380
4.8424
4.7316
4.9565
4.8204
4.8134
4.6168
4.8019
4.8148
4.8889
4.7488
4.9053
4.7873
4.7088
4.9941
5.0596
5.1037
4.9932
4.9400
4.8751
4.9468
5.0237
5.1383
5.1535
4.9963
5.1259
4.9382
4.9946
4.8674
4.8720
5.1058
5.0783
4.8816
4.7990
4.8185
4.8090
4.8950
5.0214
4.8990
5.0521
4.7008
4.7668
4.8671
4.9386
5.0180
4.9481
4.8112
4.9258
4.8450
4.9251
4.8493
4.8390
4.9622
5.0626
5.2504
5.1688
5.0762
5.0823
4.9044
5.0264
5.0407
5.2133
5.0609
5.0491
4.9490
4.9951
4.8322
4.7721
4.9104
4.9771
4.8394
4.8332
4.8124
4.7558
4.8360
4.7645
4.8476
4.7693
4.9682
4.9376
4.9406
4.9221
4.9140
4.7950
4.8794
5.0379
4.8604
4.7532
4.7505
4.7770
4.7189
4.7791
4.6237
4.6569
4.6365
4.6290
4.5486
4.6776
4.7491
5.0018
5.0191
4.8798
4.8551
4.8791
4.8908
4.9150
4.9368
4.9165
4.9274
4.9771
5.0504
4.9306
4.9464
5.0805
4.9319
5.0568
4.8791
4.9441
