2.7887
2.7976
2.5446
2.6301
3.1027
2.9051
2.7545
2.7550
2.8004
2.8425
2.7596
2.6459
2.8026
2.7258
3.1132
2.9610
3.2417
3.1710
3.0592
3.1013
2.9485
3.1970
2.9052
2.7914
2.6081
2.9036
3.1611
3.5393
2.9966
2.9378
3.0506
3.0941
2.8204
2.5433
2.5838
2.8817
3.0438
2.7249
2.6457
2.4751
2.5568
2.6544
2.8712
2.7989
2.9373
2.9717
2.9322
2.6940
2.4267
2.5140
2.8065
3.0716
3.2200
2.9590
3.1722
3.0341
3.1111
2.8954
2.5854
2.8410
2.9578
2.9885
3.1212
3.1649
3.3109
3.4159
3.4389
3.8268
3.3404
3.7492
3.8412
3.9631
3.7419
3.4463
3.7304
3.8299
3.6485
3.4966
3.3679
3.3979
3.5510
3.4196
3.3345
3.4426
3.8534
3.2170
3.1154
3.2107
3.0769
3.2807
2.8473
3.2340
3.5860
3.3240
3.1988
3.5151
3.1758
3.2156
2.5971
2.8325
2.9843
2.7723
2.8686
2.7854
3.0258
3.0265
3.3204
3.0718
2.8081
3.3509
3.2575
3.1832
3.3862
3.2282
3.1955
3.0652
3.0513
3.0729
2.7842
2.6649
2.9498
3.0030
3.0727
2.7628
3.1205
3.2679
3.0320
3.0683
2.9480
3.0346
3.1944
2.8168
3.1327
2.9214
2.8030
2.6909
2.6502
2.6183
2.5990
2.8416
2.8766
2.6385
2.6172
2.6697
2.5022
2.6468
2.8208
2.6482
2.8949
2.7224
3.2813
3.0870
3.2706
2.9805
3.0153
3.1054
2.7911
2.6239
2.6704
2.9178
2.9220
2.9072
2.8824
2.9621
2.8274
2.7444
2.9070
3.1501
3.2285
3.4411
2.7519
3.0712
3.3374
2.8674
2.9133
3.0497
3.0192
3.2881
3.3551
3.4240
3.1122
3.0880
2.9736
3.1456
3.5223
3.4120
3.0177
3.0970
2.8937
3.1142
3.2132
3.3405
2.9898
2.8978
2.8182
2.9831
2.9787
2.9235
2.9977
2.8838
2.8669
2.9666
3.1667
3.2226
3.0538
2.8990
2.8881
3.1025
2.8850
3.0352
3.1596
2.9163
3.0925
2.8654
2.9230
2.8312
2.7615
2.9670
3.1534
2.8104
2.9567
2.9059
2.7293
3.0141
2.8263
3.1206
3.3973
3.3967
3.4963
3.4554
3.5806
3.7984
3.4179
3.3024
3.2950
3.2945
3.0380
3.3802
3.1353
3.2854
3.4419
3.3937
3.3410
3.5788
3.4599
3.3780
3.4221
3.6648
3.8073
3.6416
3.3065
2.9653
3.1641
3.2082
3.1535
3.5063
3.0936
3.1474
3.0597
3.3242
3.1813
3.2540
3.2808
3.2082
2.9824
3.3797
3.2731
3.4822
3.4609
3.2177
3.1336
3.2538
3.2797
3.3077
3.4203
3.5245
3.5333
3.7468
3.4781
3.5082
3.4004
3.2523
3.5695
3.9685
3.3755
3.5965
3.2123
3.0608
3.1025
3.2960
3.3061
3.4904
3.6087
3.4964
3.6554
3.2466
3.3452
3.0781
3.1137
3.6721
3.3074
3.0995
3.4213
3.4757
3.2809
3.5157
3.5662
3.9612
3.9595
4.3266
3.9109
4.1494
3.8702
3.7685
4.1615
4.1397
4.1476
4.0815
3.9378
3.9578
3.7326
3.4247
3.3942
3.9162
3.5270
3.6796
3.6858
3.2372
3.0549
2.9755
2.9651
2.6839
3.3183
3.5657
3.4908
3.3870
2.9951
3.5718
3.5415
3.4525
3.4040
3.2377
3.1927
3.0850
3.3911
3.0882
3.1138
2.9371
2.9362
3.2154
3.2955
3.2552
2.9676
2.8893
3.0819
3.2650
3.2866
2.9932
2.6916
3.1541
2.9123
3.0673
3.1391
2.7015
3.0682
3.0152
3.0485
3.0227
3.0650
3.1259
2.6838
2.7061
2.9382
3.1081
2.8437
3.1868
3.1331
2.8477
3.0625
2.8118
2.9229
3.0241
2.7983
2.8444
2.5164
2.6683
3.0654
2.7084
3.1929
3.1663
3.1487
3.3879
3.2543
2.8924
3.2357
3.1607
3.2293
3.2319
3.3838
2.7460
3.2726
3.2694
3.2603
3.0278
3.1284
3.1584
3.1583
2.9388
2.8679
2.9152
2.7170
2.8404
2.9327
2.8528
2.9941
3.2564
3.4084
3.3190
3.4331
3.1244
3.3873
3.3169
3.5004
3.1552
3.1168
3.0126
3.0795
3.1711
3.6840
2.9573
3.6024
3.2917
3.3274
3.3175
3.1623
3.3755
3.3254
3.3201
3.1925
3.1894
3.4635
3.2358
3.0593
3.3985
3.5888
3.5535
3.6907
3.5767
3.5039
3.5573
3.4747
3.5973
3.6688
3.1886
3.2028
3.2903
3.5821
3.7542
3.7450
3.5578
3.4183
3.3957
3.5664
3.3970
3.8835
3.7239
3.8391
3.8070
3.5888
3.7690
3.3667
3.6158
3.2683
3.3835
3.2574
3.3413
3.3055
3.5545
3.5981
3.4618
3.4573
3.5653
3.5857
3.3348
3.4087
3.2691
3.0186
3.1035
3.8422
3.4215
3.4379
3.2476
3.3369
2.7924
3.3111
3.7421
3.5222
3.1250
3.3663
3.0528
2.9805
3.0722
2.9157
2.7507
2.8712
2.6771
3.0339
3.3821
3.3178
3.1353
3.2399
2.8584
3.0226
2.7929
2.9423
2.6656
2.6994
3.1129
3.3388
2.8977
3.1981
2.9608
2.9986
2.9974
3.0991
3.1184
3.3250
3.3217
3.2155
3.2845
3.2023
3.1813
3.3510
3.6500
3.1712
3.0943
3.2480
3.1849
3.2702
3.0091
2.9892
3.2832
3.6343
3.1593
3.1432
3.2286
3.2849
3.1214
3.1426
3.3153
3.4329
3.1071
3.3291
3.4432
3.2614
3.3161
3.2729
3.2089
3.2667
3.3690
3.6794
3.9167
4.3359
3.6216
3.4803
3.4074
3.2226
3.5019
3.7179
3.1508
2.9899
3.0801
3.0417
3.1611
3.2523
3.0020
3.0456
2.7726
3.2737
3.2866
3.4797
3.5018
3.2662
3.3425
3.2450
3.2044
3.0437
3.1626
3.1679
3.4817
3.6332
4.0529
3.5878
3.6236
3.9928
3.5108
3.2673
3.2029
3.2852
3.1242
3.2424
2.9383
2.6291
2.6922
3.0492
2.8898
3.4005
3.3736
3.0260
3.2013
2.9716
2.8479
2.9750
2.7341
2.8566
2.6774
3.0015
2.9791
2.9817
3.1224
2.9850
3.4242
3.5355
3.5067
3.0024
2.7034
3.0022
2.8572
3.1211
2.8040
2.7527
2.8193
2.6841
3.1070
3.3518
3.1560
3.1850
3.1374
3.1216
3.4277
3.2481
3.1717
2.7367
3.0544
2.8641
2.5525
3.0278
2.8971
3.1148
3.0144
3.1665
2.9898
2.9396
3.1284
2.9220
3.2933
3.1148
3.3585
3.2859
2.9892
3.2670
2.9956
2.9706
3.4205
3.3116
3.6107
3.4901
3.6389
3.4160
3.1322
3.3553
3.4728
3.6412
3.7823
3.3672
3.3830
3.1430
3.2831
3.3698
3.4511
3.3573
3.2650
3.4172
3.4217
3.4993
3.4184
3.1194
3.4157
3.2508
3.4181
3.1321
3.2630
3.0262
2.9655
3.0163
3.3615
3.1400
2.8921
3.1252
3.3494
3.1307
2.8380
2.6747
2.5492
3.1436
2.8291
2.8205
2.8298
2.8946
2.9594
2.5863
2.3687
2.6200
2.3710
2.5699
2.5503
2.3782
2.6612
2.8772
2.5231
2.8464
2.5309
2.9399
3.0186
3.2493
3.1039
2.6415
2.8171
2.9078
2.6729
2.9674
2.7673
2.5488
2.5024
2.7442
2.6464
2.8786
2.8592
2.9019
2.4713
2.5999
2.7533
2.6597
2.6802
2.5179
2.3398
2.6653
2.7785
2.8243
3.3221
3.1805
2.9966
3.0182
3.5725
3.2972
3.2435
3.3202
3.0210
3.2379
3.0815
3.0758
3.3123
3.3716
3.2804
3.1808
3.0496
3.4309
3.4444
3.3357
3.4644
3.2814
3.2803
3.6195
3.6065
3.5815
3.3906
3.5819
3.3863
3.2913
3.3495
3.3526
3.5488
3.0628
3.1698
3.0139
3.1810
3.1505
3.1369
3.5155
3.5279
3.3000
3.7453
3.3093
3.5206
3.5700
3.2965
3.8822
3.5398
3.5539
3.7812
3.7180
3.9214
3.7557
3.5504
3.7769
3.7381
3.7600
3.6024
3.6381
3.7782
3.4618
3.4690
3.3550
3.3920
3.4797
3.7824
3.4918
3.2845
3.5844
3.7289
3.7446
3.3997
3.1155
3.7017
3.4375
3.2160
3.5429
3.1721
3.1139
2.7228
3.0449
2.9207
2.9344
3.1220
3.0008
3.2435
3.1945
3.2043
3.2238
3.1148
2.8934
2.9960
2.8249
3.0867
2.9697
2.8944
3.0612
2.9935
3.1281
3.2001
3.1844
3.2661
3.4977
3.1318
2.9833
3.4375
3.0873
3.1015
3.5962
3.5277
3.3616
3.2578
3.2360
3.3008
3.2285
3.3334
2.7215
2.8287
2.9629
3.1505
3.0202
3.0038
3.0412
3.0088
3.0277
2.9329
3.0932
2.9465
3.5059
3.2826
3.1249
3.0915
3.2442
2.9043
2.5937
2.9208
2.9146
3.0303
2.9176
3.0091
3.2011
3.1946
2.8267
2.7687
2.7937
2.8108
2.9249
2.8140
3.0918
2.5688
2.9944
2.9696
3.1477
3.2096
3.5076
3.4946
3.0911
3.1790
2.9440
3.1572
3.3396
3.1639
3.2541
3.1531
3.2881
3.5648
3.2990
3.2655
3.2766
3.3731
3.3183
3.5318
3.6194
3.4976
3.3379
3.4103
2.9253
3.3537
3.1048
3.1202
3.2853
3.3211
3.8581
3.3148
3.3183
3.3252
3.5874
3.3585
3.2520
3.2822
3.1957
3.2951
3.1487
3.0901
3.1778
3.5494
3.6728
3.4016
3.0854
2.9765
3.3936
3.1813
3.3914
3.4981
3.4520
3.3973
3.4844
3.4418
3.5706
3.5208
3.4369
3.6086
3.4943
3.4751
3.6168
3.3570
3.2888
3.4913
3.3426
3.1313
3.4269
3.5920
3.2815
2.6947
2.9200
2.8620
2.5537
2.9060
3.0843
3.2202
2.9972
3.4206
3.1062
3.2019
3.0337
3.1943
3.1468
3.0813
2.8865
2.8866
3.0048
3.0282
2.9998
2.9477
3.0163
3.0958
3.1389
2.8776
3.0938
3.2513
3.2028
3.1577
3.0542
3.3935
3.2460
3.2773
3.2825
3.3955
3.4408
3.7868
3.4717
3.3088
3.0533
3.2053
3.5101
3.3567
3.2673
3.1336
3.2975
3.3470
3.3962
3.4184
3.3577
3.2626
3.3890
3.2265
3.2867
3.4227
3.3420
3.1863
3.4714
3.0681
3.2726
3.3506
3.2972
3.3261
3.6183
3.4466
3.6211
3.3988
3.3697
3.3599
3.2749
3.7684
3.5553
3.7957
3.6332
3.7210
3.8022
3.3262
3.8525
3.7191
3.3261
3.3089
3.1292
3.0788
3.1448
3.3364
3.3853
3.4128
3.1243
3.0577
3.2905
3.2570
3.0009
3.1230
2.9686
3.7164
3.6546
3.4678
3.5509
3.6751
3.6779
3.6699
3.5288
3.2180
3.1335
3.4358
3.3269
3.1551
3.1106
2.8694
3.1521
3.2149
3.3952
3.6109
3.5357
3.4781
3.3793
2.9414
3.3247
3.0615
3.1374
3.0032
3.1747
3.1686
3.2586
2.9764
3.1130
3.5262
3.7717
3.8304
3.6597
3.6394
3.4518
3.8419
3.6657
3.5967
3.5780
3.8954
3.7632
3.4116
3.6458
3.4774
3.2503
3.2406
3.2541
3.6469
3.3472
3.8691
3.3655
3.7095
3.2799
3.0792
3.1045
3.4895
3.6568
3.3872
3.5508
3.2813
3.4048
3.0396
3.1926
3.3735
3.3535
3.4192
3.4247
3.1668
3.3016
2.7461
3.2547
3.4131
2.9293
3.3500
3.0206
3.0098
2.9065
3.1249
2.7598
3.0043
2.9186
3.3376
3.4186
3.5812
3.5436
3.3213
3.1796
3.2375
3.3102
3.5481
3.1226
3.1498
3.2907
3.5211
3.2606
3.2138
3.3749
3.5707
2.9822
3.1795
3.0784
3.3089
3.0063
2.9383
3.2466
3.4634
3.5139
3.3476
3.2677
3.4558
3.7179
3.1610
3.0766
3.0242
3.0952
3.2666
3.2645
3.1636
3.3331
3.2204
3.2489
3.2474
3.0960
3.3576
3.3598
3.6841
3.6555
3.7862
3.5165
3.5220
3.3124
2.8300
2.7870
3.1666
3.1204
3.0160
2.9808
3.2499
2.8918
3.2215
3.1156
3.1811
3.1740
3.5629
3.2835
3.6290
4.0562
3.8475
3.9173
4.0126
4.1353
4.3050
4.2198
3.7193
4.0526
4.2610
4.2047
4.0737
3.8819
4.2960
4.4026
4.0899
4.0283
4.0968
4.1349
4.5541
4.4547
4.2761
4.2935
3.9916
4.2637
4.1567
4.4105
4.4211
4.2120
4.3750
4.1782
3.9722
3.5983
3.5126
3.8491
3.8804
3.9173
3.9813
4.1205
3.4663
3.6548
3.7231
3.9606
3.7505
3.5727
4.0393
3.9720
4.2600
4.7388
4.4387
4.1807
4.3750
3.9651
4.0896
4.5052
4.6540
4.4131
4.0094
4.6180
4.2988
4.3166
4.4380
4.5308
4.4022
4.1116
4.2988
3.9162
3.8354
3.8113
4.0095
4.0382
3.6462
3.8039
3.8698
3.9671
4.0397
3.8529
3.8184
4.0873
3.9283
4.0047
3.8101
3.8630
3.7914
3.4358
3.4275
3.7288
3.8097
3.8847
3.7327
3.9013
3.7285
3.7748
3.9441
3.6779
3.8150
3.7037
4.0230
3.7399
3.7947
4.0549
4.0320
3.8221
4.2622
4.3052
4.2225
4.3471
4.8155
4.8644
4.6707
4.0143
4.9380
5.1025
4.9790
5.0662
5.0970
5.1055
5.2922
4.9632
5.0203
5.4402
5.0975
4.8549
4.6387
4.3833
4.5590
4.4824
4.1836
3.8214
3.9757
4.0932
4.2027
3.8081
4.0664
3.5345
3.7856
3.9092
4.0703
4.5022
4.4842
4.4385
4.6677
4.4345
4.7118
4.4798
4.5111
4.2180
4.2030
4.5605
4.7697
4.2531
4.4943
4.7115
4.3349
4.6787
4.9399
4.3081
4.7785
4.8949
4.5853
4.5716
4.9424
4.1089
4.0687
4.0900
3.8156
4.0979
4.0667
4.6768
4.2812
4.1013
4.1791
4.2342
3.9651
4.1226
4.3991
4.3023
4.2628
4.4063
4.0024
4.4428
4.1222
4.1114
4.1472
4.2689
4.4317
4.4816
4.3676
4.3395
4.2981
4.5942
4.4851
4.3928
4.8769
4.7890
4.6091
4.4922
4.4801
4.5596
4.5187
4.5199
4.4876
4.4203
4.5244
4.3549
4.5280
4.8731
4.4690
4.3968
4.2988
4.3620
4.2135
4.8005
4.1865
4.0429
4.1838
4.1404
4.2103
4.2007
4.1050
4.0004
4.4472
4.6869
4.1788
4.2847
4.1410
4.3755
4.7577
4.4298
4.2014
4.4626
4.5431
4.4693
4.3423
4.2447
4.5369
4.1686
4.0874
3.9758
3.9788
4.0000
4.0078
3.8768
4.2420
4.2807
4.1851
4.6982
4.4892
4.4387
4.2130
4.6721
4.4840
4.3626
3.9650
4.1134
4.0588
4.3285
3.8389
3.9102
3.9928
4.0076
4.4260
4.3550
3.7152
4.2681
4.2444
4.2375
4.2740
3.8073
4.2472
4.4152
4.5298
4.0809
4.2068
4.1304
3.8943
4.2636
4.2966
4.1688
4.3125
4.6309
3.8538
3.5629
3.7976
3.9158
4.1237
4.3554
4.4472
4.5085
4.1874
4.5944
4.5103
4.7240
4.3241
4.4128
4.1463
4.2413
3.8532
3.8540
4.1144
4.4009
4.4300
4.5450
4.1213
4.0767
4.2249
3.8458
4.2308
3.8094
4.0383
4.2176
3.9653
4.1785
4.3573
4.3568
4.1085
4.2487
4.2601
4.4693
4.7332
4.4161
4.4834
4.7008
4.2697
4.3251
4.8240
4.3786
4.1692
4.7449
3.9626
3.9539
3.5748
3.9195
4.1905
4.2429
4.0074
4.2584
5.1651
4.5710
4.4648
4.5686
4.8390
4.8607
5.2087
4.9113
4.4479
4.5646
4.6464
4.4845
5.2053
5.1558
5.0660
5.0880
4.8512
4.7200
4.7658
4.5264
4.7104
5.0319
5.4850
5.4141
5.1142
5.2191
5.7248
5.4831
5.3422
5.5782
5.3154
5.9081
5.5306
5.4308
5.7144
5.7448
5.4851
5.1538
5.1282
5.3007
5.2583
5.0785
5.6152
5.1708
5.2510
5.1240
5.3920
5.4294
5.1937
5.3043
5.2529
5.7788
5.6831
5.3120
5.4443
5.2628
5.5332
5.4483
5.3110
5.3552
5.7508
5.5148
5.5954
5.3031
5.4244
5.6824
5.6305
5.5305
5.4026
5.4310
5.7718
6.4743
6.2067
6.1978
5.8873
5.7101
5.4199
5.5283
5.6318
5.8269
5.5959
5.3565
5.3828
5.8739
5.7638
5.7081
5.3617
5.8359
5.5666
5.6338
5.7139
6.0467
5.9984
6.0629
6.2029
5.6234
5.3524
5.9062
5.7567
5.5510
5.4458
5.1996
5.2707
5.3614
6.1263
5.9270
5.6290
5.6261
5.1186
5.5578
5.7311
5.4779
4.9991
4.9587
4.4392
5.0290
4.8302
5.0521
5.2738
5.1089
5.4197
5.4141
5.3421
5.3484
5.1997
5.3705
5.1954
5.2018
5.3797
5.3827
5.1178
5.4009
5.2049
5.8835
5.5511
5.6409
5.7338
5.3574
5.6819
5.8076
5.8255
5.5810
5.3877
5.0632
5.5177
5.1132
5.2671
5.0000
5.1882
4.9023
4.8694
4.9791
4.8772
5.3266
5.3688
5.7543
5.6502
5.3676
4.7939
5.2862
5.2427
5.3641
4.7699
5.0117
5.2525
5.3701
5.2496
5.4516
5.4692
5.0294
5.2695
5.3806
5.2125
4.8725
4.7209
5.1772
5.1745
5.4100
5.7766
5.7448
5.2134
4.7277
5.1053
5.4785
5.3378
4.9955
5.0453
5.1725
5.2930
5.2821
5.0763
5.2975
5.4766
5.3458
5.3314
5.8447
5.2065
5.6147
5.2671
5.5694
5.5339
5.3893
5.5479
5.8457
5.3671
5.4431
5.2883
5.2611
5.0140
5.0923
5.4306
5.5304
5.7064
5.1276
5.2817
5.5747
5.3987
5.6582
5.6763
5.1615
4.8760
5.0638
5.1897
5.8936
5.7418
5.0241
4.9874
5.0871
4.8483
4.7345
5.2089
5.4681
4.9214
4.9635
4.5506
5.2301
5.4532
5.3030
5.0445
5.3834
5.6751
5.0259
4.9918
5.0310
4.7661
5.1435
4.6783
5.2910
4.7666
4.6224
4.9704
5.2788
4.7989
5.3402
5.0423
4.5936
4.6980
4.7545
4.7453
4.7051
4.8391
4.4257
4.6952
5.2628
5.4819
5.4293
5.7252
5.4061
5.3795
5.5900
6.0697
5.5790
5.6664
5.1735
5.5024
5.6892
5.4599
5.1054
5.3909
5.3856
5.4597
5.2045
5.3836
4.9049
4.9675
5.0321
5.1803
4.7193
4.8448
4.8651
4.5897
4.3396
4.7720
4.6511
4.7421
5.0710
5.0806
5.1723
4.9469
4.8096
5.1775
5.1339
4.9439
5.1121
5.1021
5.3199
5.3587
5.3722
5.4594
4.9561
4.9509
4.8016
5.4134
4.9175
4.5758
4.6572
4.6284
5.0564
4.4988
5.0093
5.1803
5.0681
5.2737
5.3440
5.3029
5.7824
5.4835
5.3915
5.5462
5.7770
5.6027
5.5893
5.1655
5.2665
5.3514
5.2026
5.1773
5.4544
5.6898
5.6615
5.6063
5.4382
5.4434
5.2176
5.4725
5.4117
5.4537
5.0356
5.0484
4.8313
5.1323
5.0254
5.4250
5.2226
4.9474
5.2890
4.8700
4.7618
4.9061
5.0184
4.7876
4.7392
4.8653
5.0642
5.0203
5.0750
5.0352
4.8907
5.0868
4.6085
4.7354
5.1470
5.1895
5.1864
5.1427
5.6036
5.1148
5.0957
5.0775
5.5874
5.5511
5.5579
5.5996
5.4229
5.3963
5.6132
5.0745
5.2587
5.1301
4.8937
4.6164
5.0791
4.7945
4.6863
4.8139
4.7874
5.2383
5.0099
4.9118
5.2346
4.7131
4.3996
4.7892
4.8662
4.8245
4.7577
4.5088
4.7127
4.8118
4.8880
4.9065
5.3955
5.4373
4.8543
5.0910
4.9583
5.4219
5.4933
5.6314
6.0532
6.0376
5.7423
5.5151
5.3049
5.3914
5.2529
4.7018
4.8378
5.0256
4.9891
4.9185
4.8494
4.5085
4.6144
4.6428
4.8351
5.1001
5.0359
4.8044
4.6194
4.7049
4.8793
4.9089
4.6141
4.7631
4.8353
4.7759
4.4994
4.7618
4.9122
5.0050
4.9808
4.8521
4.9572
4.9654
5.3073
5.3347
5.1041
5.2407
5.0072
5.1787
5.5693
4.9929
4.9459
4.8680
4.9933
4.9991
5.1874
5.0236
5.0211
5.3584
4.6989
4.5883
4.6571
4.7130
5.0168
4.9529
4.9528
5.2836
4.7783
5.4356
5.5505
5.1880
5.0347
4.7507
4.7683
4.8934
5.2058
5.4404
5.2009
5.1596
5.0074
5.2878
5.2156
4.3359
4.9162
4.8201
5.0365
4.7116
4.9231
4.4854
4.3480
4.9476
4.6247
5.0262
5.0281
4.9682
4.9205
5.2942
5.5576
5.4271
5.6460
5.6015
5.6559
5.4539
5.5922
5.6516
5.4743
5.8211
5.7897
5.6645
5.6082
5.7359
5.4986
5.8325
5.1612
5.5636
5.5098
5.3334
4.8653
5.2990
5.2792
5.3128
5.0924
4.9929
4.8283
4.9766
5.3543
5.3934
5.2861
5.1016
5.3123
5.5001
5.3599
5.5599
5.3134
5.3187
5.6817
5.1673
5.5343
5.7166
5.5475
5.5308
5.2548
5.3465
5.7893
5.8125
5.3241
4.9536
4.8677
4.7485
4.6167
4.8255
5.0396
5.0762
5.3379
5.1667
4.8133
4.9739
5.1962
5.1491
5.2778
5.3537
5.5734
5.5947
5.2513
5.1152
5.0111
4.7239
5.3186
4.9356
5.2637
5.0961
5.2664
5.5282
5.4332
5.5065
5.4425
5.5427
5.7499
5.4309
5.9150
6.2138
5.6315
5.2396
5.5394
5.5031
5.5303
5.4919
5.5423
5.5515
5.9472
5.9776
5.9748
5.4539
5.5215
5.5875
5.7055
5.8021
5.3058
5.3540
5.5008
5.0773
5.0775
5.1498
5.1701
4.7953
4.7959
5.1680
4.9449
4.8386
4.6582
4.7619
4.5961
4.4495
4.8675
4.6179
4.9929
5.3507
5.1191
5.4079
5.5452
5.3001
4.8620
5.5039
5.4196
5.1769
5.0787
5.3204
5.0057
5.0059
5.0666
4.7272
4.5699
4.5607
4.8143
5.1394
5.2056
4.8338
4.9729
4.8911
4.4105
4.8885
4.7841
4.7442
4.9540
4.9821
4.8094
4.9161
4.7038
4.8893
4.6046
4.4667
4.7232
4.9742
4.8920
4.9008
4.4952
4.4942
4.8309
4.7628
4.2006
4.4538
4.5727
4.6635
4.6592
4.7358
4.6443
4.5571
4.3548
4.9030
4.4310
4.5846
4.3512
4.4664
4.2389
4.7259
4.7006
4.7100
4.4332
4.7446
5.0859
4.6563
4.6184
4.7082
4.7711
5.0798
4.5255
4.7602
4.8897
4.5998
4.8114
4.4831
4.7866
5.1619
4.6604
4.6563
4.4437
4.5860
4.5345
4.9267
4.7654
4.1359
4.3088
4.4085
4.3300
4.4548
4.8864
4.7839
4.7898
4.8368
4.7720
4.8654
4.7913
4.8325
5.4819
4.9270
4.3564
4.6958
4.6783
4.5280
4.6766
4.8759
4.9031
4.9922
4.6417
4.3315
4.3866
4.8369
4.6450
5.1238
4.8998
4.5119
4.6447
4.9105
4.5489
4.7020
4.5064
4.7530
4.8089
4.9470
4.5785
5.1237
4.7308
4.8284
4.8648
4.6367
4.5907
4.9233
4.4947
4.7628
4.4810
4.3273
4.3865
4.7028
4.6554
4.0978
4.0673
3.7635
3.6628
4.0334
4.1361
4.0228
4.1955
4.3980
4.5103
3.7994
4.3394
4.0082
4.0046
4.0489
4.1336
4.0084
4.3098
4.2899
3.9583
3.9090
3.9008
4.1252
4.0393
3.9998
3.8984
4.0756
4.3641
4.6005
4.6785
4.4864
4.1869
4.5610
4.2742
4.7351
4.6247
4.5258
4.8074
4.4066
5.0508
4.6866
4.3681
4.1173
4.4279
4.5003
4.3628
4.1210
4.2507
4.2464
4.8642
4.7305
4.8606
4.6595
5.0715
5.3936
4.8722
4.5734
4.8755
5.3206
4.7356
4.5861
4.2912
3.9925
4.3858
4.3197
5.1052
4.6477
4.4940
4.3841
4.7526
4.4403
4.4117
4.8197
4.7440
4.8207
4.5142
4.6726
4.4343
4.4748
4.2465
4.2071
4.1978
3.9839
4.2301
4.4143
4.5618
4.6517
4.9487
4.7545
4.8289
5.0016
4.9851
4.7573
4.6171
4.9292
4.6766
4.4608
4.0060
4.0666
3.9803
3.9929
3.8981
3.7116
3.4532
3.6279
3.8746
3.8762
4.1809
4.1331
3.8535
3.7559
4.1476
4.0151
4.3493
3.9650
3.7385
3.6658
3.7344
3.7696
4.0224
4.3977
4.4643
4.2923
4.3018
4.3325
4.4649
4.2207
4.3148
4.4928
4.4349
4.1175
4.3525
4.3435
4.6217
4.2272
4.4564
4.4528
4.3353
4.5772
4.3538
4.3502
4.1679
4.3093
4.0018
4.1236
4.3314
4.2908
4.4543
4.5138
3.8138
3.8933
4.0753
4.3597
4.3465
4.1303
4.2985
4.3733
4.0791
4.0588
3.9199
4.4187
4.1678
4.4791
4.4321
4.7592
4.6569
4.7217
4.5727
4.5359
4.7616
4.3839
4.5600
4.7237
5.0264
4.5963
4.5143
4.6719
4.6579
4.9014
4.7749
4.9733
5.0983
4.9524
4.8381
5.0167
4.9866
5.1001
4.5096
4.6591
4.7551
4.9295
5.4371
4.6840
5.0045
4.9568
4.8390
4.7004
4.6783
4.7603
4.4869
4.8272
4.9186
4.5928
4.8091
5.1490
4.6966
4.5098
4.6436
4.5370
4.7112
4.3923
4.4266
4.5779
4.5777
4.8382
5.1811
4.8573
4.8409
4.5899
4.5483
4.6950
5.2646
4.9916
4.8945
5.0533
5.2329
4.9320
4.9156
5.1575
5.1198
5.1704
5.0737
5.2581
4.7285
5.1175
4.7678
4.6347
4.7243
4.5793
4.8154
4.8245
4.9995
4.6809
4.6291
4.6844
4.6436
4.5463
4.6950
4.7682
4.5622
4.5948
4.8076
4.8313
4.8721
4.6857
4.5734
4.7374
4.7836
4.7997
4.8947
5.2126
5.2682
5.0102
5.5110
5.5139
5.2540
5.6265
4.9782
5.0469
4.8281
4.6172
4.6584
4.8112
5.2006
5.0478
5.0641
5.3579
5.4198
5.4029
5.5814
5.5514
5.6242
5.6971
5.6753
5.4560
5.3286
5.1601
5.4466
5.2409
5.4024
4.9560
4.6270
4.4945
4.5901
4.1955
4.2770
4.6958
4.5291
4.6377
4.8450
4.7886
4.9217
5.0262
4.8038
4.8603
4.8541
5.0552
5.2514
4.9792
4.6373
4.6715
4.7927
4.6412
4.6627
4.5423
4.5010
4.7696
4.7095
4.5148
5.0264
4.9914
5.2835
5.0548
5.0238
5.0017
4.9716
5.2152
5.1884
4.9465
4.9747
5.1316
4.8364
4.4395
4.2346
4.4740
4.3631
4.7208
4.5954
4.6947
4.3823
4.9434
4.6606
4.8988
5.0167
5.1044
5.0040
5.0390
5.2745
4.9257
4.8832
4.8368
4.7451
5.0797
4.9352
4.6865
4.7755
4.4420
4.6382
4.5917
4.9565
4.5548
4.6989
4.7337
5.1877
5.0805
4.8578
5.1824
5.2531
5.6719
4.8851
4.9636
4.7801
5.2741
5.0238
4.7878
5.0818
5.4248
5.0130
5.2962
4.9470
4.9306
5.0921
5.1592
5.1827
5.4532
5.4957
5.1269
5.7763
5.5122
5.3986
5.5199
5.1976
4.8859
4.9609
4.7055
5.0076
5.2240
4.7495
4.5165
4.6733
4.5403
4.5242
4.7925
4.6744
5.1833
4.7266
4.4417
4.4661
4.7168
4.7671
4.9877
4.4439
4.9947
4.9202
5.0023
4.5767
4.3405
4.2234
4.2692
4.4024
4.3950
4.2736
4.8996
4.5573
4.6361
4.7471
4.6679
4.7953
4.5585
4.5160
4.6874
4.6173
4.5946
5.2013
4.7616
4.2078
3.9311
4.5624
4.3441
4.6884
4.5923
4.6199
4.7127
5.0835
5.2291
5.0876
5.2014
5.3570
5.3130
5.3463
5.3532
5.7654
5.4017
5.3081
5.3235
5.2479
5.8298
5.1288
5.0358
5.0821
5.0453
5.1425
5.3130
5.4182
5.6487
5.2633
5.4229
5.4749
5.1325
5.1398
5.2667
4.6317
4.5905
5.1027
5.1808
5.4472
5.3160
4.9786
5.3230
4.8957
5.0181
4.8287
5.3538
5.2310
5.1221
4.7013
4.7552
5.1568
4.8697
5.4129
5.2831
4.9278
5.2392
5.3560
5.3202
5.3306
5.5507
5.1218
5.5285
5.1846
5.4058
5.2814
5.0842
4.9540
4.9473
4.5607
4.6104
4.6953
4.8164
4.4634
4.6211
4.9090
4.8801
5.2839
5.2420
5.0340
4.7443
5.1548
4.9349
4.8602
4.9012
4.7972
5.2650
4.6686
4.7609
4.7873
4.9944
5.3218
5.2624
5.1124
5.1797
5.2155
5.8129
5.6792
5.8547
5.3230
4.8526
4.6774
4.7912
4.5132
4.6105
4.5359
4.9394
4.8811
4.5877
4.3134
4.3965
4.5120
4.5822
4.5219
4.8623
4.8672
4.9406
4.7214
4.8427
4.7786
4.7299
4.5123
4.9409
4.8723
4.9128
4.6407
4.6404
4.8656
4.9243
4.7849
4.6195
4.2974
4.7545
4.7867
4.9970
4.8431
5.0771
5.0857
5.2394
5.0766
5.2349
5.3267
5.1253
5.0415
5.0548
4.8399
4.7201
4.7314
4.7900
4.9360
5.0190
4.9501
4.8055
4.4842
4.6111
3.9737
4.4845
4.4981
4.9713
4.3495
4.5193
4.7914
5.0111
4.6449
4.4322
4.6885
4.7169
4.8792
4.9395
4.8119
4.6961
4.5662
5.1287
4.7626
5.1094
5.3274
4.9122
5.0533
4.7491
4.8741
4.6587
5.0644
4.5406
4.4346
4.4898
4.8737
5.0854
5.0423
5.1036
4.9230
4.7190
4.9125
4.9131
4.4799
4.7103
5.0020
5.0651
5.0012
4.9017
4.8014
4.2444
4.4392
4.6995
5.0269
4.8283
4.5728
4.7133
4.9481
4.9126
4.2626
4.3399
4.1566
4.4316
4.2714
4.3811
4.4280
4.7695
4.4856
4.7705
4.5197
4.5675
4.3306
4.3731
4.3930
4.4030
4.6518
4.9958
4.8532
4.9256
4.5701
4.8176
4.6106
4.9308
4.7006
4.4930
4.6168
4.8152
4.8490
4.8127
4.5315
5.0176
4.9738
4.5578
4.4326
4.6666
4.3867
4.4006
4.4670
4.9953
4.7515
4.6444
4.6814
4.7351
4.5733
4.6841
4.6577
4.9174
4.8743
5.2542
5.4622
5.0375
4.6447
4.5120
4.3655
4.0368
4.2430
4.2507
4.2698
4.6959
4.4865
4.7403
4.8437
4.4620
4.5472
4.9495
4.7411
4.8774
4.4440
4.6842
4.4541
4.3373
4.8857
4.9015
4.4572
4.7442
4.8231
4.9951
4.8839
4.6575
4.7470
4.9941
4.8466
4.9525
4.8102
5.1764
4.9632
4.7491
4.7657
4.6957
4.8296
4.6938
4.4936
4.7522
4.5712
5.1600
5.1109
4.9628
5.0717
4.9057
5.0087
4.9483
4.8583
4.6665
4.7355
4.7599
4.6083
4.9342
4.7630
4.6518
4.7435
4.6748
4.5158
4.7848
4.4695
4.6094
4.9021
4.7403
4.9524
4.6964
4.8988
5.2692
5.1227
5.2353
4.9355
4.1462
4.3441
4.3697
4.7650
4.8776
4.4305
4.9719
4.5598
4.2898
4.3870
4.4275
4.2605
4.7425
5.0919
4.8044
4.7969
4.7444
4.2509
4.2855
4.6135
4.8545
4.6462
4.4428
4.4491
4.6135
4.3799
4.7619
4.9013
5.1992
5.3306
5.1533
5.0262
4.9883
4.7587
5.0526
4.7680
4.6606
4.8867
4.8929
4.6459
4.5853
4.7688
5.0606
5.1594
4.9627
4.8086
5.1397
5.3664
5.0464
5.2338
5.0061
4.8196
5.3271
5.2998
5.1923
5.4865
5.0626
5.0178
5.3789
5.5288
4.9285
5.3947
5.4488
5.3118
5.0572
4.8195
5.1113
5.2747
5.0989
4.9430
5.3216
5.3871
5.2337
5.3839
5.6546
5.1859
4.6691
5.0967
4.5320
4.5742
4.6825
4.7435
4.8980
4.8856
4.9552
4.6463
4.6891
4.6042
4.3639
4.8465
4.5517
4.3629
4.5520
4.3954
4.7976
5.0968
5.2583
4.6604
4.3923
4.6621
5.0085
4.6140
4.7325
4.5411
4.2680
4.6061
4.6592
4.2394
4.9092
4.3637
4.5287
4.6481
4.7235
4.7639
4.5485
4.6078
4.5298
4.2416
4.3555
4.6775
4.6210
4.4260
4.9055
4.7580
4.8592
4.6523
4.4056
4.6367
4.3285
4.4453
4.4261
4.8600
4.7839
4.7573
4.7216
5.0302
4.1865
4.8232
4.7320
4.8320
4.2858
4.4402
4.9158
4.7479
4.9594
5.1310
5.1600
4.9522
5.1395
4.9159
4.9830
5.0581
4.8896
4.8633
4.5853
4.6222
4.4700
4.8508
5.1828
4.8856
5.0117
4.7241
5.1311
4.7960
4.7607
5.0928
5.3848
5.1813
4.7823
5.0760
4.9568
5.4758
5.0835
4.8096
5.0193
4.7800
4.5358
4.3501
4.5822
4.3715
4.7033
4.7216
4.6022
4.4711
4.1855
4.3738
4.4243
4.7293
4.4832
4.7752
4.5234
4.8431
4.7747
4.4776
4.4410
4.5743
4.8172
4.3746
4.4542
4.6640
4.9983
5.0354
4.6175
4.5969
5.1002
4.3749
4.9571
4.6182
4.8322
4.8617
4.9109
5.2465
5.0713
5.0579
5.1228
5.0842
5.2735
5.2627
4.9824
5.1449
5.1858
5.4634
5.8024
5.5560
5.2656
4.7916
4.7584
4.5836
4.8353
5.0076
4.8260
4.4558
4.6298
4.7212
4.9990
4.9094
4.8954
4.4242
4.9466
4.6836
4.0863
4.4753
4.4363
4.6217
4.4447
4.9393
4.9092
4.5596
5.2980
5.0501
4.7502
4.7320
4.4156
4.1332
4.5326
4.6193
4.7946
4.4254
4.2332
4.3371
4.3131
4.7542
4.7379
4.6793
4.5222
4.2788
4.6794
4.5562
4.4562
4.4714
4.3076
4.5605
4.2939
4.8497
4.7157
4.6143
4.6014
4.6696
4.3473
4.2555
4.4848
5.0320
4.7923
4.9344
4.6959
4.8260
4.8774
5.2009
5.3136
4.7199
4.9234
4.9777
4.6418
4.3527
4.7090
4.7769
4.7358
5.1049
5.0794
4.9740
5.3091
5.2668
5.1968
5.1487
4.8047
4.9466
4.6364
4.7034
4.8272
5.0549
4.5134
4.5956
4.7405
4.8481
4.7249
5.1030
4.7369
4.4721
4.7893
4.9245
4.8937
4.7164
4.3286
4.9690
4.7906
4.9866
4.9089
4.5025
4.8465
5.0083
4.9156
4.8555
5.2661
5.0870
4.8285
5.0066
4.8692
4.5214
4.6505
4.9098
5.2223
4.7780
4.6558
4.6148
4.5000
4.7131
4.3493
4.4806
4.6525
4.7344
4.6798
4.4511
4.4263
4.5866
4.0643
4.8783
4.8088
4.5117
4.7146
4.3065
4.7678
4.8608
5.0202
4.7778
5.0434
4.7678
4.8867
4.5056
4.1990
4.6494
4.4875
4.5355
4.7149
5.0775
4.6020
4.4675
4.2805
4.6651
4.4333
4.6896
4.2452
4.2269
4.3289
4.9519
4.7158
4.8172
4.8982
4.2926
4.5247
4.5307
4.6348
5.0790
4.9543
4.9222
4.9744
5.0883
4.7562
5.0630
5.2795
4.7055
4.6379
4.8470
4.6127
4.6797
4.2847
5.0091
5.0535
4.4517
4.8458
5.0423
4.9992
4.9272
4.9455
4.7567
4.9082
4.9273
4.9893
4.9522
4.7628
4.4896
4.7595
4.4746
4.6517
4.6868
4.2870
4.0092
4.6704
4.7522
4.8161
4.6700
4.6498
4.2940
4.5918
4.6538
4.6641
4.8530
4.8354
4.8053
4.5746
4.6594
4.7467
4.8046
4.9150
4.6530
4.7727
4.8337
5.0031
5.5928
5.2634
5.3345
4.9360
5.3114
4.9910
4.9314
5.1070
5.0078
5.0999
4.9886
5.4614
5.2989
5.2565
5.3283
5.0386
4.9739
5.1060
5.3298
5.2924
5.2806
5.1152
5.2543
5.4652
5.1708
5.0953
4.9385
5.1360
4.8835
4.5819
5.2170
5.1119
5.1377
4.8796
4.8516
4.9200
4.7271
5.1845
5.0385
5.2946
4.7876
4.7009
5.1438
4.7150
5.1527
4.7783
4.4474
4.7609
5.1441
5.0323
4.6756
4.5941
4.6455
4.5794
5.0373
5.1267
5.3021
4.4486
5.3239
4.9277
4.7693
5.1951
5.2932
4.7510
4.6394
4.6111
4.4076
4.6995
4.7344
4.5362
4.6098
4.8250
4.6090
4.8824
5.0161
4.8082
5.2757
4.8105
4.6705
4.7860
4.5056
4.5900
4.4146
4.3576
4.1937
4.6935
5.1762
4.4364
4.6799
4.7529
4.6573
5.3176
5.1157
4.3367
4.7766
4.6790
4.6167
4.7075
5.1819
5.4749
5.1130
5.2084
4.9759
5.2145
4.9115
5.4696
5.4741
5.0340
4.9973
5.1490
5.5597
5.1909
5.0317
4.9443
5.0472
5.3687
5.6461
5.6624
5.5747
5.1277
4.4689
5.1715
5.0662
5.3162
5.4801
5.3822
5.5036
5.1297
5.1472
5.0458
5.2801
4.7783
5.0742
5.3295
5.1590
5.3155
5.3020
5.3425
5.1582
4.7090
4.7939
5.1368
5.6074
5.3433
5.8129
5.5493
5.1274
4.8016
5.3230
5.0355
5.4146
4.7850
5.1466
4.9909
5.1258
5.1046
5.0691
5.0779
5.2414
5.2720
5.1229
5.0405
5.1281
5.1255
5.4116
4.9338
5.2693
4.8888
4.7251
4.6038
4.5568
4.8394
4.7751
4.5537
4.6203
4.9460
5.0450
5.1386
4.8965
4.6666
4.6338
4.9661
4.9122
4.8269
5.0898
5.1130
4.9284
4.7026
4.9886
4.9736
4.9053
5.2521
5.3644
4.6368
4.7610
5.2517
4.7290
4.9123
4.7368
4.9160
4.7384
4.6096
4.6765
4.7094
5.0320
4.7078
4.9516
4.9453
4.8995
5.1625
4.9860
5.2464
5.2749
4.7198
4.8038
5.1877
5.6546
5.6554
5.7841
5.2427
5.4652
5.5946
5.3149
5.0990
5.0292
5.4615
5.1938
5.0924
4.6292
4.8776
5.2144
5.3273
5.4770
5.5341
5.2968
5.0645
5.2025
5.0328
5.0857
4.2553
4.7048
4.7683
5.0026
5.2341
5.1187
5.2884
5.1172
4.6888
5.1926
5.3093
5.0994
4.9560
5.0706
5.0578
5.1009
4.8907
4.8542
5.1388
5.3475
5.1025
5.1949
5.1757
5.1220
4.6055
4.4703
4.7380
5.0547
4.9134
5.4456
5.4053
5.6134
5.4270
5.3141
5.4350
5.5938
5.0945
5.2524
4.9696
5.2540
5.2245
5.8721
5.5457
5.3857
5.0139
5.5008
5.5813
5.3480
4.7915
5.2536
5.1923
5.1876
4.8714
5.2548
5.2162
4.9140
4.9029
5.2127
5.2885
5.0962
5.1731
5.1424
5.0743
4.9229
4.7610
5.0435
4.8430
4.8533
4.9540
4.7214
4.7423
4.6699
4.4877
4.5892
4.5166
4.6615
4.4092
4.6009
4.1256
4.3025
4.7149
4.9647
4.8825
4.5858
4.7091
4.8547
5.3822
5.1257
4.8777
5.2517
4.9323
5.0780
5.2380
5.2464
5.2909
4.8672
4.8693
5.0986
5.1539
5.2006
5.1933
5.2519
5.4222
4.9388
5.0986
5.1153
4.9820
5.0535
5.2898
5.3443
5.2309
5.1031
5.2240
5.2248
5.3404
4.9809
4.9917
5.2778
5.0474
5.2903
5.2606
4.9764
5.1551
5.0388
4.8788
4.9807
5.4790
5.0194
5.4239
4.9620
5.2831
5.2971
5.1086
5.3553
5.2861
5.6106
5.4691
5.1133
5.1983
5.1566
5.0302
5.4009
5.3743
5.0984
5.2546
5.3326
5.4198
5.9545
5.5609
5.4650
5.5609
5.3579
5.1350
5.1983
4.8044
5.1954
5.0033
4.8717
4.6463
4.7474
4.9165
5.0898
4.7778
4.7595
4.8350
4.8082
4.7497
4.9499
4.9702
4.9709
4.9476
5.3584
5.2295
5.3264
5.1381
4.7493
4.9501
4.9272
4.5583
5.3799
5.5059
5.4738
5.6959
5.1136
4.9990
5.0096
4.8988
4.8223
5.3413
5.0979
5.2341
4.8119
4.9094
4.9060
4.8042
5.4635
5.0075
5.7351
5.8274
5.7624
5.5070
5.4097
5.3061
5.4680
5.0909
4.9940
5.3402
5.4290
4.8940
4.9859
5.1586
5.2447
5.0805
5.1075
5.3676
5.4409
5.7953
5.6430
5.9264
6.1294
6.0329
5.9736
6.0628
5.6653
5.9971
5.8830
5.8456
6.0009
5.5646
5.8208
5.4467
5.6805
5.5983
5.3272
5.3285
5.5465
5.3874
5.4878
5.5390
5.2050
5.3224
4.9827
4.8818
5.0287
4.5057
4.9356
5.0031
4.6797
4.6077
4.6859
5.1944
5.0835
4.7755
4.7642
4.2094
4.5212
4.1779
4.5552
4.5525
4.5047
4.5241
4.9626
4.9457
4.8684
4.8040
4.8771
4.6970
4.9629
4.6175
4.7231
4.7636
5.0621
5.5073
5.5039
5.4036
5.0161
5.3834
5.3989
5.2282
5.2886
5.0908
5.1892
5.3112
4.8929
4.2977
4.8305
4.9779
4.9726
4.7793
4.7563
5.1598
5.1456
5.6142
5.0341
5.2652
5.5250
5.3760
5.8169
5.8699
5.6711
5.6090
5.6718
5.2659
5.3191
4.9880
5.0155
5.0476
5.2558
5.0633
5.2312
5.1564
5.3235
5.6749
5.5288
5.5700
5.4572
5.3852
5.3730
6.1395
5.8434
5.7400
5.4859
5.8046
5.3801
5.2845
5.1348
5.4536
5.4290
5.5895
5.7465
5.5685
5.6771
5.8460
6.2217
5.9954
5.6223
6.2769
6.0454
6.0396
5.9391
5.2492
5.5849
5.5622
5.6723
5.5011
5.3699
5.4014
5.4165
5.4003
5.5693
5.4181
5.2360
5.3798
5.0760
5.0752
5.2580
5.0658
4.6775
5.1419
5.3834
5.1481
5.2587
5.4010
5.2209
5.3708
5.3783
5.4483
5.3708
4.9513
5.1601
5.0885
4.8044
5.3127
5.1657
5.7109
5.8279
5.5048
5.2824
4.7494
5.1600
5.0285
4.7194
4.9337
5.1481
5.4413
5.0064
5.4638
5.0495
5.0622
5.1800
5.1785
5.3517
4.7970
4.8818
5.0107
5.5913
5.4168
5.8325
5.4502
5.3940
6.1509
5.5146
5.8058
5.5050
5.0761
4.8956
4.8127
4.4772
4.7758
4.7797
4.7604
4.7221
4.4517
4.7662
5.0991
5.3276
4.8803
5.2019
5.2875
5.1053
4.8423
5.1122
4.7924
5.0106
4.8623
5.3169
5.2683
5.4883
5.5376
5.9163
5.4873
5.4731
5.6007
5.6043
5.6297
5.4957
5.6424
5.8100
5.4048
5.7532
5.4207
5.6168
5.7859
5.7335
5.0535
5.0674
4.8746
5.1345
5.1618
5.2878
5.3485
5.3263
5.7716
5.7194
5.7856
5.7746
5.3267
5.7720
6.0476
5.5513
5.3976
5.2533
5.1352
5.0883
5.4369
5.2897
5.1510
5.4923
5.3494
5.6240
5.6964
5.7304
5.6171
5.6521
4.9969
5.1035
5.1872
4.9902
5.3804
5.2834
4.8621
5.5213
5.3353
5.5124
5.4082
5.0953
5.8425
5.4202
4.8557
5.4455
5.2317
5.3878
5.2547
5.0052
5.2817
4.9095
5.2393
4.9907
5.3598
5.7936
5.2268
5.0213
5.2490
4.7383
5.0140
4.8530
5.2412
5.3182
4.6563
4.7951
4.9546
4.6849
4.7349
4.6096
4.8044
4.3762
4.3106
5.1077
5.1714
4.9131
5.1211
4.9411
5.3964
5.2954
5.1833
5.0479
5.4181
4.8033
4.8379
4.5148
4.7583
4.9568
4.8873
4.2867
4.6098
5.0175
4.5414
4.4626
4.2487
4.3114
4.1684
4.7419
4.8744
5.1951
4.8765
4.9056
5.3316
5.5084
5.1653
5.1063
4.7879
4.8407
5.1737
4.8007
5.0472
5.4858
5.1082
4.8648
4.9752
5.3924
5.2665
5.4114
5.7633
5.6668
5.4176
5.8237
6.1017
5.2627
4.8983
5.3437
5.3831
5.3578
5.2429
4.7202
5.3140
4.8036
5.0198
4.9229
4.7393
4.7238
4.5275
4.2085
4.2624
4.0166
4.3159
4.1872
4.6855
4.7281
4.4231
4.3981
4.7827
4.4078
4.6944
4.8512
4.7093
5.1863
5.0258
4.6907
4.6576
4.7750
4.6220
4.7835
4.8545
5.0018
4.5980
4.2631
4.5319
4.7581
4.4473
4.5793
4.8977
4.6558
5.0984
5.1837
4.8606
5.2092
5.2350
5.0285
4.6688
4.5005
4.7416
4.4752
4.2722
4.4358
4.6852
4.5748
4.9703
5.0726
4.6491
5.1546
5.2656
5.7972
5.1960
5.1861
5.1396
5.0322
4.8922
5.1079
4.8850
4.6869
4.6300
4.7062
4.9168
5.1301
4.9125
5.0293
4.9348
5.1249
5.0055
4.8863
5.0206
5.1455
4.7251
5.0262
4.8707
5.0888
5.4406
4.8474
5.1225
4.8668
5.1945
5.1245
4.8593
5.3279
5.1746
5.4292
5.1225
5.2207
5.1967
5.7914
5.4955
5.6600
5.5931
5.9386
5.6271
6.0105
5.6209
5.3975
5.1624
4.9470
5.2905
5.2446
5.1840
5.1079
5.6775
5.5539
5.3209
5.5690
5.2393
5.1900
5.2731
5.3177
4.8795
4.9155
5.4315
5.1844
5.2273
4.5868
4.9179
5.0646
5.2681
5.5429
5.2678
5.1693
5.4312
5.3177
5.6308
5.2529
5.6274
5.3104
5.1999
5.1421
5.1210
4.9482
5.2133
4.9210
4.7327
5.3005
5.8611
5.2699
5.8167
5.1867
5.4486
5.4481
5.3562
4.7276
5.2022
4.9331
5.2102
5.0511
5.1070
5.2908
5.0283
4.8678
5.0547
5.0339
5.0774
5.8225
5.4136
4.8890
5.3740
4.7956
4.9029
5.0791
5.1733
5.1004
5.1837
5.1733
5.0439
5.3842
5.2851
5.1086
5.3437
5.4056
5.0346
4.8381
5.4290
5.0947
5.3704
5.1127
5.1305
5.0340
5.2372
5.1241
4.9517
5.1910
5.4711
5.4797
5.1612
4.9520
4.3039
4.5450
4.6294
4.6956
4.4506
4.7174
4.5918
4.7904
4.7020
4.5574
4.6540
4.8430
4.9342
4.6524
4.9105
4.7932
5.2111
5.3518
5.0447
5.1184
5.2910
5.2889
4.9201
4.7930
4.4934
5.2006
5.4285
5.0404
4.7586
4.6752
4.8516
4.6412
4.5962
4.9303
5.0240
4.8762
4.8417
5.5820
5.3054
5.1695
4.8103
5.3071
5.2159
5.3638
4.9486
5.1053
5.3041
5.4928
5.5855
5.2611
5.5359
5.8362
5.1182
5.0300
4.5654
4.9740
5.2275
5.4725
5.6461
5.6150
5.6962
5.3348
5.6308
5.5398
5.8188
5.3274
5.4205
5.5319
4.9838
5.1580
5.5289
5.6627
5.4916
5.7641
6.2101
5.6882
5.8926
5.3700
5.0666
5.5123
4.9890
4.7919
5.0878
5.2801
4.7946
4.9044
4.6701
4.9849
5.1790
5.0567
5.1656
4.8739
5.3205
5.3425
5.0595
4.8979
5.0336
5.2950
5.6396
5.2605
5.6157
5.4752
5.1526
5.0075
4.8571
4.6773
4.4983
5.1735
5.3654
5.2524
5.2708
4.7939
5.0064
4.8787
4.6374
5.0684
4.9699
5.0427
5.4450
5.2019
5.3446
5.4901
5.3539
5.5274
5.4493
5.3671
5.3122
5.1318
5.2311
4.9954
5.2079
5.0651
5.1075
5.4017
4.7454
5.0028
5.4887
5.4651
5.4984
5.6045
5.6378
5.5492
5.7763
5.8157
5.9077
6.0065
5.6119
5.3265
5.3494
5.1915
5.1303
5.7026
5.7570
5.9073
6.1911
5.6835
5.0408
5.5212
5.6412
5.7939
5.9643
6.0754
5.5513
5.7202
5.5816
5.4646
5.4137
5.5142
5.2521
5.5958
4.8730
5.3686
5.4650
5.3713
5.1844
5.0464
4.8068
5.5189
5.3393
5.3462
5.8119
5.4687
5.4659
5.0611
5.3981
5.4713
5.6156
5.7710
5.4143
5.1280
5.5151
5.4080
5.2533
5.0231
4.6421
4.7699
5.0615
4.5793
4.6779
5.0332
4.7768
5.1591
5.2424
4.7692
4.8049
4.7795
5.1670
5.0743
5.4232
5.4900
5.2108
5.0796
5.6333
5.6493
5.4674
5.4401
5.3738
5.0247
5.1058
4.9571
4.8834
4.6239
4.7850
5.1664
5.3717
5.2828
5.7428
5.2842
5.3670
4.9394
4.9843
5.0773
5.2441
5.3093
5.1287
5.3950
5.1607
4.8564
4.8250
5.0440
4.8573
4.9641
4.1881
4.6162
4.7696
5.4467
5.2204
5.2429
5.1682
4.9089
5.0147
4.6536
4.7832
4.9887
4.7735
4.7682
4.8856
4.9291
4.8261
5.3116
4.9383
4.8595
4.8141
4.8277
4.5806
4.8585
4.4383
4.7346
4.5356
4.8713
4.8085
5.1103
4.8387
4.8630
5.0181
4.8287
5.2685
4.7754
4.7194
4.8386
4.8078
4.8050
4.6677
4.8129
5.0308
4.6933
4.6250
5.0734
5.1347
4.7917
4.9606
5.1355
5.3933
4.8835
4.7492
5.1787
5.5616
5.5491
5.2775
5.4323
5.0863
4.9061
5.3332
5.0714
4.8266
5.0099
5.4354
4.7001
4.5321
4.9056
5.4012
5.3107
4.9789
5.0776
5.2124
5.3687
4.8827
5.2287
5.0262
4.7620
4.7453
4.7207
4.7614
4.7082
5.3587
5.1195
4.9996
4.9990
4.9655
4.9959
4.9411
4.4524
4.9422
4.9767
5.0746
5.2393
5.5639
5.9597
5.5671
5.3711
5.7675
5.8937
5.8551
5.9528
5.9069
5.0216
4.9185
4.4464
4.9032
5.0770
5.0183
5.0267
5.0262
4.6521
4.9986
4.9902
5.4726
5.6987
5.5308
5.3289
5.1883
5.1405
5.4108
5.1609
5.4457
5.4900
5.7160
5.8932
5.2074
5.9832
5.3008
5.4809
5.2997
5.5257
5.4309
6.0129
5.4990
5.8411
5.7384
5.7936
5.5460
5.9671
5.4563
5.4883
5.2917
5.5571
5.6030
5.5812
5.3062
5.4017
5.6383
4.9876
5.4306
5.2359
5.3651
5.6338
5.0870
5.3493
5.3112
5.1378
5.4273
5.2977
5.2141
5.2424
4.9601
5.0846
5.1897
5.1219
5.3223
5.2335
5.6723
5.4507
5.1816
5.6444
5.9210
5.4896
5.4953
5.4150
5.2444
5.4225
5.3270
5.3485
5.3232
4.9529
5.7987
5.8920
5.4357
5.0619
5.7084
5.2119
4.7177
4.9639
5.0353
5.4140
5.1323
5.2037
5.1282
5.4291
5.4990
5.5327
4.9509
5.1955
5.3625
5.4159
5.4625
5.4985
6.0687
6.0199
5.7423
6.0348
6.3546
6.1153
6.3240
5.7330
5.6997
6.1445
5.9774
5.9038
5.8205
6.1457
6.5610
6.2495
5.6982
5.7685
5.9712
5.8500
5.4706
5.6994
6.0526
5.8338
5.6349
5.7620
6.0589
5.9965
6.1519
5.9712
6.2482
5.8756
5.6851
5.3785
4.7644
4.9635
5.4377
5.8164
5.4133
5.5492
5.6630
5.3986
5.5299
5.4043
5.7471
5.5890
5.3511
5.1750
5.6360
5.2934
5.4483
5.8106
5.4955
5.6183
5.4117
5.5503
5.3814
5.0756
5.3213
5.5790
5.6723
5.5975
5.1267
5.4052
5.5626
5.9539
5.5289
5.9152
6.5112
6.2984
5.6467
5.8270
5.9658
5.9359
5.9593
5.9099
6.0511
5.9105
6.6113
5.7994
5.9607
5.7002
5.8305
5.7037
5.3863
5.7423
5.7900
5.6303
5.3643
5.2642
5.4955
5.1848
5.7619
5.4099
5.4637
5.6411
5.0722
5.1020
5.0095
5.1502
4.7795
4.8262
5.0046
4.6753
5.3411
5.1430
5.1512
5.2904
5.4989
4.8974
5.2450
4.8349
4.9165
4.8897
5.1445
4.9876
5.1819
5.1595
4.8916
5.2430
5.2612
5.1325
5.2872
5.4689
5.7358
5.8019
5.6036
5.5257
5.3146
4.8289
4.9320
5.1457
5.5785
5.2120
5.1455
4.8850
5.2130
5.2030
4.9235
4.8232
5.0684
4.7710
4.8409
5.0738
5.1462
5.1344
5.0497
5.3023
5.3468
5.3187
5.5137
5.2022
4.9176
5.1399
5.4155
5.3521
5.6010
5.3151
5.3247
6.0086
5.5028
5.3936
5.4907
5.4920
5.4596
5.3014
5.5987
5.7844
5.2554
5.2179
5.2304
5.2999
4.9272
5.3647
5.3649
5.4842
5.1792
5.2183
5.6786
5.7339
5.6520
5.5286
5.2024
5.1731
5.7507
5.4797
5.0035
5.0006
5.1740
5.6057
5.3332
5.3301
5.5272
4.9364
5.5169
5.6785
5.7362
5.4088
5.6490
5.7151
5.8459
5.9478
5.6906
5.9062
5.8363
5.9220
5.8129
5.3636
5.6642
5.5103
5.8370
5.3428
5.3069
5.7076
5.1787
5.2675
5.3280
5.2641
5.3088
5.2448
4.9246
5.1368
5.2583
5.3180
5.1128
5.2227
5.0756
4.8980
5.0447
4.8034
5.0198
5.2102
5.2291
5.1905
4.9545
4.7842
5.1945
5.3831
5.2683
5.4829
5.5776
5.5448
5.4171
5.7467
5.5803
5.1691
4.9195
4.7971
4.7383
5.0418
4.8707
4.8829
4.6827
5.3229
4.6288
4.7376
4.7069
4.4009
4.7863
4.6480
5.0497
4.8974
5.1867
4.9478
4.9503
4.9199
5.2781
5.0976
4.9840
5.2848
5.3135
5.6368
5.8642
5.5575
5.5503
5.2650
5.0924
5.0632
4.8991
5.2018
4.9897
5.2684
5.3039
5.1440
5.0115
5.0025
4.9897
4.9232
4.8570
4.7931
4.6749
5.1767
5.0475
5.1905
5.4950
5.4228
5.2369
4.8488
4.9251
4.7891
5.0117
4.7960
4.7663
4.7393
4.6070
4.7045
4.7023
4.7487
4.8679
5.3297
5.3967
5.2128
5.0854
4.8835
5.1128
5.1010
5.4227
5.3808
5.5651
5.2646
5.2636
5.2416
4.8666
5.1452
5.1125
5.4722
5.6044
5.0605
5.5146
5.2040
5.0694
4.5918
5.0231
4.8740
4.9226
4.7830
4.9815
5.0291
4.6870
5.0480
5.0985
5.2484
5.1219
5.2246
5.3034
4.9455
5.2881
4.9959
5.0029
5.2021
5.1615
5.0535
5.0638
4.8674
5.2027
5.2755
5.0639
5.0542
5.2116
5.3070
4.9841
5.1421
4.6019
4.6814
4.6492
4.8765
4.8938
5.0733
4.8735
5.2306
5.3374
5.1486
5.1330
5.7125
5.8665
5.5707
5.6014
5.3683
5.3093
5.0017
5.0339
5.1980
5.4451
5.1161
4.9676
5.2431
5.0451
5.5220
5.3089
4.8781
4.9521
5.0408
5.0888
5.1873
4.8863
4.6605
4.8245
5.2073
5.2297
5.1350
5.3526
5.2408
5.1323
5.3991
4.9016
5.1218
5.3492
4.6942
5.3269
5.2802
5.3010
5.1982
5.1939
4.9574
4.3274
4.8306
4.5978
4.5052
4.7077
4.2356
4.1800
4.8465
5.3566
4.9540
4.8958
5.1846
5.1754
5.6407
5.8005
5.3886
5.5851
5.4328
4.9837
4.7775
4.9175
4.7279
4.7509
5.0711
5.1365
5.3336
5.0798
4.9533
4.7503
5.2433
5.1046
5.2754
4.9743
4.9695
5.0994
5.1073
5.4117
5.2204
5.1125
4.6932
4.8041
4.4869
4.3109
4.6928
4.7043
4.7449
5.1579
5.3979
5.0026
4.9131
4.8781
4.9026
4.5893
5.0594
4.9696
4.6685
5.0286
4.9718
4.9672
4.7770
4.5576
4.5525
4.4841
4.8625
4.9604
4.8777
4.7026
4.6760
4.4049
4.3738
4.6852
4.7611
4.5926
4.3413
4.3682
4.3476
4.3056
4.9566
4.7170
4.9467
4.9272
5.0701
4.9549
5.0087
5.0446
5.2905
4.8732
5.5730
5.0874
4.7210
4.8724
5.1312
5.3246
5.2656
5.2208
5.3874
5.3088
5.2099
4.7745
5.0017
5.0966
5.2331
5.5074
5.0585
5.1998
5.2371
5.7438
5.2168
5.1421
5.2001
5.3720
5.4812
5.2399
4.7253
5.0700
4.9036
5.3669
5.0891
4.9184
4.9976
5.2491
4.8389
5.0280
5.2114
5.5345
5.0550
4.7240
5.0376
4.8956
5.3220
5.5096
5.2974
5.4651
5.0796
4.8824
4.6208
5.1748
4.9556
5.0048
4.9149
4.6836
4.7586
4.7855
4.7319
4.6409
5.1167
4.8644
4.8272
4.7469
4.7813
4.5591
4.8681
4.7677
4.6902
5.0096
4.8074
5.1942
5.0619
4.7360
5.4471
4.9945
4.6038
4.9876
5.4055
5.1351
5.4422
5.0361
5.0370
5.1151
5.1268
5.5112
5.5808
5.2371
5.5301
5.1424
5.4139
5.5199
5.5843
4.9494
5.1205
4.8319
5.2553
5.4504
5.2876
4.9633
5.5158
5.2478
5.0115
4.7628
4.8918
4.9129
5.2545
5.1447
5.2551
4.8540
4.8797
4.5346
5.1391
5.1179
5.0600
5.3521
5.1987
5.5330
5.5688
5.4970
5.2248
5.2080
4.9673
5.2233
5.0643
5.1297
5.1002
5.1256
5.2637
5.4291
5.0997
5.0655
5.3169
4.8738
4.8942
5.3717
5.5077
5.2337
5.4686
5.1786
5.1598
4.6335
5.3680
5.3053
5.4535
5.0674
5.2111
5.1838
4.9339
4.6262
4.4661
4.7388
4.7228
4.9621
5.5104
4.9349
4.7033
4.7573
4.7777
4.5812
5.3275
5.3030
5.6716
5.2304
5.2552
5.6583
5.2878
5.4376
5.2415
5.2081
5.3402
5.2212
5.3525
5.0443
5.4192
5.3921
5.5895
5.3096
5.1736
5.0255
5.0239
5.1737
5.4291
5.0984
4.9115
5.0707
5.3271
5.3122
5.1460
5.3520
5.4010
5.5995
5.6608
5.5346
5.7537
5.4902
5.6746
5.6371
5.7285
5.4988
5.4161
5.4400
5.3033
5.1372
5.1954
5.1370
5.0443
4.8806
5.3377
4.8700
5.1311
5.1727
5.2856
5.2982
5.2846
5.6245
5.1518
5.1567
5.5929
5.2127
5.1521
5.1723
5.2968
5.2519
5.0658
4.9472
5.0777
5.5162
5.0768
5.2517
4.7916
5.0742
5.6624
5.4627
5.3875
5.0663
5.4937
4.9139
5.0404
4.7743
5.0899
5.1000
5.0132
5.3490
5.2728
5.5302
5.5326
6.0045
5.6313
5.7004
5.6936
5.3902
5.4779
5.4810
5.6328
5.6144
5.8124
5.6011
5.3575
5.3146
5.3570
4.9906
5.0487
5.3328
4.7503
5.0044
4.7532
4.8742
4.8860
4.7075
5.0248
5.1464
5.0734
5.3651
5.8722
6.1072
5.8833
5.8650
5.5969
5.8485
6.0546
5.7663
6.1912
5.7845
5.6950
5.5238
5.9962
6.0013
6.2217
6.2657
5.8977
6.0342
5.7128
5.7564
6.0979
6.2327
6.6511
6.6430
6.1686
6.4030
6.1654
5.5753
5.5973
6.1119
6.3741
5.9956
5.8373
5.7994
5.7046
5.5881
5.7365
5.5932
5.3576
5.3547
6.0321
5.1939
5.5424
5.4041
5.5972
5.5028
5.4431
5.4987
5.5089
5.4496
5.6078
5.5783
5.7942
5.6722
5.9715
5.7316
5.8021
5.7538
5.4139
5.4607
5.3064
5.2601
5.4317
5.5453
5.5110
5.5808
5.2654
5.2736
5.2602
5.5738
5.4684
5.2730
5.3961
5.0673
5.4142
5.3520
5.2556
5.4700
5.2617
5.3809
6.0322
5.9618
5.7840
5.5396
5.4187
5.2020
5.4238
5.2889
5.3135
5.5693
5.6954
5.6524
6.1710
6.1425
5.9459
5.0313
5.6562
5.7854
5.8896
6.0850
6.0016
5.9597
5.9233
5.9266
5.4717
5.5093
5.4479
5.6434
5.9548
5.9042
6.1020
5.9124
6.0145
6.1795
6.3642
5.9350
5.8160
6.0330
6.1049
5.8854
6.1108
6.2753
6.2972
6.0065
6.1725
5.5897
6.0144
5.7913
6.1435
5.9032
6.0362
5.5716
5.4657
5.4379
5.5395
5.7005
5.5569
5.9368
6.3039
6.3468
6.2100
5.5321
5.3682
5.6419
5.9598
5.6904
5.8178
5.4294
4.7229
5.0779
5.1802
5.2165
5.3588
5.2850
5.3072
5.0706
5.5663
5.8192
5.4603
5.4531
5.5096
5.8504
5.7634
5.1455
5.3298
5.5507
5.3230
5.5149
5.5616
5.0408
5.2318
5.1628
5.2004
5.3915
5.1137
4.9649
5.3093
5.4082
5.4338
5.2943
4.9253
5.3224
5.5748
5.5684
5.7134
5.0821
5.3666
5.4499
5.1236
5.0513
5.3361
5.4301
5.4230
5.0879
5.4606
5.6462
5.5502
5.6228
5.7256
5.4015
5.9000
5.4445
5.2053
5.3371
5.6684
6.0264
5.6844
5.5805
5.5872
5.5978
5.2349
5.1968
5.7526
5.6304
5.7546
5.3362
5.1424
4.9790
5.3719
5.3576
5.5092
5.4816
5.6482
5.6434
5.9466
5.4835
5.6461
5.6100
5.7327
5.6737
5.8019
5.4686
5.7733
5.7610
6.1613
5.5365
5.4252
5.8377
5.3529
5.3368
6.0619
5.7119
5.5649
5.9143
5.9567
5.7251
5.6516
5.7016
5.7296
6.1363
5.7184
5.7752
5.8764
5.9858
5.8690
5.9874
5.1845
5.1567
5.4066
5.6777
5.5155
5.3789
5.4692
5.7355
5.8505
5.5258
5.5093
5.2457
5.3895
5.7571
5.7973
6.0041
5.7247
5.0653
5.1510
5.2857
5.2830
5.5226
5.1509
5.0371
5.0268
5.0925
5.3809
5.5320
5.4723
5.6989
5.9028
5.8756
5.8500
5.7519
5.5781
5.2624
5.8268
5.9802
5.6186
5.6773
5.5000
5.2384
5.5609
5.4723
5.5583
5.7759
5.4674
5.2010
5.4920
5.4849
5.6888
5.5391
5.0548
5.1541
5.2890
5.7243
5.0111
5.2184
5.6756
5.5312
5.5491
5.7245
5.4895
5.5807
5.1177
5.6564
5.1285
5.1153
5.6305
5.3333
5.2463
5.2506
5.4249
5.2653
5.7359
5.3760
5.4290
5.2695
5.3596
5.5538
5.5936
5.5393
5.8036
5.5201
5.2512
5.4403
5.2454
5.3447
5.5823
5.5297
5.3791
5.1603
5.4417
5.2273
5.2118
5.3832
5.1744
5.3937
5.2214
5.2441
5.4095
4.9237
5.4811
5.1755
5.1155
4.9958
5.3646
5.8325
5.4013
5.3029
5.3911
5.3879
5.4869
5.2342
5.9403
5.5196
5.8373
5.6646
5.4646
5.5936
5.3753
5.3771
5.1234
5.1992
5.3687
5.3131
5.5128
5.8866
5.9873
5.7628
6.1236
5.9164
5.7770
5.3182
5.5059
5.6462
5.4816
6.1010
6.5008
6.2580
5.8855
5.7257
5.6601
5.9261
5.5842
5.8116
5.7649
5.9288
5.9451
5.9697
5.5526
5.2847
5.9870
5.4934
5.5535
5.2907
5.0230
5.0659
5.3609
5.2800
5.9724
5.7369
5.6325
5.7797
6.0493
5.3772
5.4301
5.7988
5.8040
5.9617
6.5210
6.3773
6.0099
5.9309
6.1691
6.4236
6.1710
6.0567
5.9389
6.0788
6.2507
5.9691
6.0776
5.7560
5.2509
5.4558
5.1965
5.7301
5.8307
5.6007
5.4352
5.5336
5.4054
5.4837
5.6595
5.5671
5.5769
5.5533
5.3284
5.6141
5.4532
5.4404
5.5387
5.3111
5.6145
5.4585
5.6611
5.5218
5.6575
5.6479
5.6818
5.2057
5.3474
5.1795
5.5017
5.5378
5.5384
5.3563
5.8982
5.4135
5.2831
5.5220
5.8763
5.4099
5.1395
5.3235
5.3743
5.4336
5.2224
5.3769
5.7977
6.0457
5.6829
6.1218
6.3870
6.1117
6.3638
6.1928
6.3492
6.0917
5.7469
6.0360
5.6283
5.7588
6.0376
5.7118
5.4325
5.1280
5.4945
5.4608
5.5056
5.2461
5.4034
5.2282
5.1532
5.3453
5.4493
5.4191
5.8424
5.2949
5.3124
5.8614
5.8415
5.4321
5.6513
5.7164
5.6282
5.6708
6.0851
5.5457
5.6362
5.8491
5.7005
5.6917
5.4131
5.2405
5.5838
5.3560
5.6332
5.3659
5.2951
5.5945
5.3880
5.4150
5.7764
5.5739
5.5342
5.3695
5.5456
5.3823
5.4051
5.3354
5.4608
5.6876
5.5319
5.2506
5.3733
5.1432
5.4983
5.2196
5.5766
5.3946
5.9042
6.4487
5.9631
5.8335
5.6578
5.3500
5.5694
6.0140
5.7053
5.5724
5.3547
5.4727
5.2420
5.5913
5.5367
5.8014
5.3533
5.4324
5.5127
5.4094
5.5136
5.6794
5.7207
5.4470
5.7823
5.6870
5.5780
5.4475
6.3395
6.2130
5.8963
5.7218
5.5789
5.8683
5.8317
5.6894
6.1191
6.1269
6.2176
6.0416
6.1294
6.1314
5.6852
5.7112
5.8131
5.6670
5.6395
5.6273
5.6624
5.6423
5.5997
5.8859
5.3451
5.5983
5.5744
5.7623
6.0637
5.6474
6.1897
6.8730
6.7844
6.3173
5.9537
6.1925
6.3666
6.0826
6.2856
5.9801
6.3428
6.1969
6.4697
6.3521
5.6634
6.0448
5.9675
6.0139
5.7078
5.8037
5.9897
6.0741
6.1277
6.2396
5.8388
6.0541
5.8801
5.8737
5.8909
5.7568
5.4163
5.7161
5.8320
5.6683
5.9798
5.7502
5.6986
5.6112
5.6981
5.6029
5.7893
6.0217
5.9512
5.7293
5.6326
5.5385
5.4524
5.8890
5.6386
5.2064
5.6816
6.1973
5.8232
6.0020
5.7917
5.4841
5.5925
5.4294
5.4268
5.3294
5.1078
5.2526
5.2186
5.5718
5.2825
5.6218
5.5613
5.5100
5.5333
6.1074
5.6664
5.6334
5.7936
5.9622
6.0397
5.8362
6.2094
6.1754
5.8968
5.6528
5.7325
6.1704
5.7358
5.6692
5.9734
6.0396
5.9794
5.9159
5.5813
5.5245
5.7430
5.5469
5.7758
5.7683
5.7287
5.5009
5.2610
5.4651
5.7425
5.7896
5.5552
5.8227
5.5494
5.0228
5.4756
5.5993
5.5558
5.6177
6.2738
6.0040
5.5486
5.2417
5.4036
5.3354
4.9938
5.4502
5.3868
5.3288
5.4054
5.6988
5.7378
5.9606
6.1159
5.7604
5.5760
6.2390
6.0210
5.8262
5.7733
5.7567
5.3710
5.5382
5.3255
4.9036
4.8316
5.6229
5.3686
5.5511
5.9419
6.5388
6.0790
5.7875
6.1614
6.3872
6.0986
5.7681
6.0546
5.9152
5.9061
5.6503
5.4621
5.1613
5.3079
5.7194
5.9347
5.7646
5.5293
5.7170
5.8157
6.0040
6.2834
6.0960
6.3813
5.9019
5.4628
5.5499
5.2091
5.6774
5.5081
5.7421
6.1063
6.0141
5.8811
5.5885
5.5664
5.8458
5.7211
5.9003
6.1795
5.5598
5.7863
5.5364
5.8435
6.1064
6.0728
5.8331
5.9026
6.4028
5.7001
5.6027
5.8782
5.8293
5.7767
5.5651
5.2994
5.8787
6.1282
5.9389
5.6008
6.4692
6.0306
5.5088
6.1192
5.9477
5.9716
5.8786
6.1341
6.1586
5.6723
5.9781
5.6740
5.6867
5.6401
5.6055
5.7340
6.2127
5.8782
5.7390
5.7981
6.1588
5.5660
5.6308
5.9101
5.8980
5.8296
5.6022
5.7682
5.7962
5.4658
5.6116
5.9030
5.7919
5.4969
5.7400
6.0473
5.9070
5.9416
5.8240
6.0651
5.6803
5.4160
5.6713
5.7461
5.4366
5.5765
5.7396
6.3270
5.5167
5.7524
5.3925
5.8704
6.3080
5.7196
6.1026
6.1412
5.9530
5.7320
6.0565
6.1308
6.3673
6.0819
6.2852
5.9718
6.0280
6.7181
5.8659
5.8741
5.7589
5.7861
5.7437
6.2849
5.5001
5.6923
5.2758
5.2365
5.5818
6.1001
5.8393
5.9301
6.1595
6.2124
5.4574
5.7890
5.1808
5.6272
5.5326
5.5547
5.4743
5.6187
6.1241
6.1528
5.9107
6.1297
5.9381
5.9206
5.7497
5.4988
6.1084
5.8168
5.9922
5.8649
5.4481
5.8393
5.9645
6.0767
6.1064
5.5132
5.3407
5.6490
5.2946
5.6422
5.1272
5.4373
5.6282
5.5559
5.4415
5.3592
5.1162
5.2188
5.1747
5.2864
5.5227
5.4796
5.5825
5.7512
5.7035
5.6579
5.6454
5.5610
5.6587
5.4285
5.3114
5.5986
5.8869
5.6233
5.5396
5.8687
5.4750
5.5451
5.5708
5.3715
5.3397
5.2884
5.5502
5.4134
5.6981
5.2376
5.6913
5.7331
5.7318
5.6292
5.6348
5.6415
5.9670
5.8339
5.9069
6.0986
5.8939
5.8124
5.8598
5.7930
5.7400
6.0416
5.6010
5.6058
5.7939
6.0086
6.0416
5.9267
5.8725
6.0374
5.7311
5.8615
5.9129
5.6839
5.8377
5.8533
5.6369
5.8756
5.9593
5.6976
5.7026
5.7869
5.6657
5.9326
5.5841
5.7272
5.9552
5.7243
6.0521
5.3598
5.5987
5.5519
5.4586
5.8592
5.7281
5.4716
5.2259
5.4874
5.3110
4.8353
5.1024
5.1295
4.8989
5.3035
5.1235
5.4437
5.5231
5.1421
5.0034
4.8989
5.0328
5.1422
5.2519
5.4644
5.3097
5.3029
4.9538
5.1562
5.5156
5.2718
5.4268
4.9942
5.0776
5.0291
5.1449
5.3225
5.4604
5.2582
5.2538
5.3915
5.6346
5.0106
5.6822
5.4603
5.5281
5.7756
5.8032
5.7764
5.5838
5.8573
5.5439
5.3735
5.6307
5.7916
5.8520
5.6367
5.7452
6.0272
5.9241
5.8022
5.5428
5.3829
5.3474
5.5544
5.7545
5.4914
5.4973
5.7288
5.7338
5.6225
6.0309
5.4158
5.5105
5.6662
5.8112
5.4154
5.6013
5.9978
6.1067
6.3098
6.1110
6.0561
5.9173
6.0043
5.6876
5.9662
5.7722
5.6014
5.7400
5.9597
6.0696
5.7859
5.8293
6.0564
5.7337
5.7246
6.1731
6.0413
5.9481
6.1095
5.9666
5.9506
5.7491
6.1487
5.9352
5.5336
5.5015
5.6568
5.7314
5.7369
5.5884
5.4632
5.6556
5.9523
5.7772
5.6584
5.2836
5.4611
5.5852
5.7661
5.5102
5.3110
5.3193
5.5892
5.1778
5.2777
5.2218
5.6224
5.1847
5.2433
5.3110
5.4062
5.2443
5.1786
5.2394
5.0364
5.4215
5.1672
5.4247
5.4065
5.5484
5.1763
5.4658
5.6571
5.3844
5.1134
5.5828
5.6821
5.8755
6.0908
5.8607
5.6694
5.6273
5.2611
5.4543
5.7673
5.5775
5.8190
5.5916
5.6567
5.6840
5.3382
5.4470
5.4820
5.4591
5.7059
5.5127
5.5240
6.1137
5.7586
5.6618
5.9212
5.8227
5.9844
5.5813
5.4603
5.4373
5.3590
5.4014
5.1257
5.3346
5.2509
5.2843
5.6976
5.4090
5.3491
5.9991
5.3542
5.4231
5.2721
5.3058
5.3551
5.6515
5.4362
5.5027
5.5517
5.5863
5.5514
5.6800
5.4977
5.8064
5.7163
5.3144
5.2245
5.1281
5.8915
5.2154
5.6792
5.7789
5.6360
5.4341
5.7325
5.8164
6.2055
5.5977
5.4133
5.3708
5.0751
5.2709
5.3843
5.0427
5.1654
5.1777
5.0052
5.2604
5.4153
5.0477
5.1855
5.2688
5.7700
5.4080
5.3368
5.3786
5.2744
5.0334
5.3422
5.4732
5.2435
5.1388
5.2707
5.2611
4.8926
5.1780
5.1454
4.9959
5.0871
5.2634
5.1989
5.6225
5.6313
5.2729
5.0856
4.8606
5.0580
5.4661
5.6572
5.5850
6.0350
5.7551
5.8465
5.6769
5.8139
6.0606
5.8528
5.4216
5.4981
5.7089
5.5636
5.7629
5.5530
5.8733
5.3935
5.6019
6.1153
6.0166
5.8667
5.7402
5.5863
5.9302
5.8564
5.8639
5.8575
5.7239
5.8796
5.4088
5.4686
5.8285
5.5797
5.8309
5.5376
5.5894
5.6271
5.2830
5.5662
5.7597
5.1199
5.6348
5.6577
5.4926
5.5383
5.3572
5.3205
5.2954
5.4634
5.4199
5.4924
5.6059
5.7753
5.6014
5.2673
5.0621
5.2063
5.1809
5.2027
5.4442
6.1857
5.8216
5.9710
5.3538
5.4357
5.2880
5.5714
5.6923
5.4146
5.4927
5.3551
5.6770
5.7369
5.8256
5.5287
5.7918
5.9432
5.6366
5.8195
5.9044
5.9659
5.8874
5.7870
5.2608
5.3184
5.3258
5.5289
5.2686
5.3282
5.7318
5.1190
5.5894
5.4032
5.1778
5.3067
5.2925
5.5269
5.5631
5.4590
5.2011
5.8034
5.3134
5.6841
5.6038
5.4979
5.0655
5.3908
5.3792
5.6816
5.4300
5.3393
5.3487
5.1838
4.9051
5.1513
5.2340
5.4707
5.3322
5.5415
5.3070
5.0405
5.5002
5.2060
5.4179
5.5636
5.3970
5.5507
5.7052
5.6399
5.4664
5.6984
6.0374
5.8661
5.5389
5.4919
5.2717
5.6709
5.3756
5.6544
5.6920
5.4417
5.2409
5.2760
5.2502
5.3187
5.1690
5.0490
5.3854
5.1725
5.3537
5.6546
5.4937
5.2974
5.3334
5.0581
5.0468
5.3570
5.2720
4.9181
5.2873
5.1791
4.9601
4.9526
5.1758
4.9354
5.2665
5.2808
5.3079
5.4684
5.2931
5.4698
4.8681
4.7941
4.6176
4.3907
4.6692
4.8329
4.3601
4.3810
4.2908
5.1089
5.0967
5.1880
5.1968
5.1148
4.8310
5.0061
4.9301
4.8014
5.1491
4.6790
5.0404
4.6393
4.5547
4.9637
5.1017
5.1156
4.8422
4.9371
5.0839
5.0686
5.1118
5.2115
5.0889
5.0602
5.1000
5.1467
4.9313
4.7517
5.4142
5.0465
5.3433
4.8478
5.1830
4.9845
5.1587
4.9244
4.7345
4.7239
5.1512
5.0999
4.9459
4.9187
4.9029
5.0365
5.0545
4.6031
4.8405
4.9049
5.0426
5.1349
4.7233
4.9586
5.3618
4.8306
4.9120
4.9763
5.0473
5.2694
5.1537
5.2094
5.2085
5.1838
5.2158
5.6547
5.8154
5.7509
5.3036
5.6848
5.4210
5.4494
5.1681
5.4305
4.9775
5.0063
5.0011
5.0438
4.9309
5.2652
5.2502
5.5565
5.4721
5.7714
5.2994
5.0936
5.3180
5.0467
5.1611
5.1138
5.2001
4.9298
5.0075
5.4156
5.6780
5.5769
5.4401
5.4931
5.3148
5.3251
5.1985
5.9332
5.3814
5.1951
5.5417
5.4317
5.6042
5.4921
5.4727
5.5382
5.4180
5.5350
5.5697
5.4017
5.5286
5.6089
5.7279
5.0600
4.8391
5.3041
4.9434
4.9646
5.2079
5.4267
5.1481
4.8903
4.7637
5.3707
5.1607
5.2476
5.3317
5.0289
4.9172
4.6469
5.2520
5.4818
4.8578
5.2220
4.7389
4.6527
5.0424
4.9401
5.0850
4.8325
5.0156
5.6095
5.2081
5.2913
5.2750
5.2540
4.9947
5.1684
4.9259
5.4663
5.6161
5.6256
5.4162
5.3673
5.6857
5.5404
5.6368
5.2519
4.8631
4.9639
4.9722
5.1264
5.6405
5.2563
5.4666
5.5490
5.7292
6.0826
5.9269
5.8788
5.4473
5.6295
5.2872
4.9306
5.2958
5.1516
5.3169
4.9928
4.9861
5.1215
4.7798
5.0327
4.8333
4.6369
5.1377
5.2588
4.8584
5.0393
5.3497
5.2225
5.4063
5.3743
5.6763
5.1868
5.5090
5.7234
5.6520
5.0550
5.2896
5.5862
5.3728
4.9656
5.2187
4.9160
5.3748
5.3677
5.7650
5.2809
5.0856
4.9599
5.3605
5.2931
5.6080
5.0412
5.0941
5.1069
4.9895
4.9413
4.6856
5.1416
5.4897
5.0817
4.9709
5.0659
5.0119
4.9730
4.9011
5.1593
5.1205
5.4066
5.4731
5.8813
5.5350
5.7596
5.4837
5.8583
5.9019
5.5142
5.6821
5.3197
5.4936
5.3086
5.2955
5.3358
5.9149
5.6849
5.6039
5.8422
5.6974
5.5480
5.1715
5.2098
5.4222
5.3694
5.6151
5.2977
5.7138
5.8614
5.8704
5.8322
5.5452
5.2882
5.4986
5.4400
5.5366
5.5370
5.6012
5.6294
6.2323
5.9642
5.5069
5.3486
5.6897
5.2680
5.8033
5.3126
5.5905
5.4430
5.7916
5.7706
5.6797
5.8094
5.4158
5.3848
5.6481
5.8354
5.6245
5.4685
5.5186
6.0466
6.3561
6.3887
6.1172
5.8276
5.9149
5.4148
5.7106
5.7526
5.7070
5.6823
5.6120
5.4611
5.7545
5.2677
5.4299
5.5096
5.6794
5.8677
5.4680
5.3817
5.1414
5.5415
5.6486
5.8386
5.9431
5.5068
5.5441
5.9345
5.9464
5.9878
5.8439
5.7661
5.3829
5.8982
5.6243
5.7192
5.7543
6.0579
5.7648
5.7845
6.0730
5.8311
5.5751
5.6273
5.9909
5.7827
5.7180
5.8765
5.3079
5.7315
5.6539
6.0108
5.3483
5.2641
5.7246
5.9019
5.9221
5.6668
5.9318
6.0636
5.7217
5.6136
5.7347
5.8085
6.2560
6.2860
5.8754
6.0644
5.7684
5.6268
5.6917
5.3134
5.2724
5.9576
6.2478
5.7145
5.7322
5.8460
5.7429
6.2272
5.9713
5.8590
5.7986
5.6912
5.2081
5.3975
5.3639
5.9179
6.0659
5.3464
5.3080
5.4239
5.7074
5.4963
5.6394
5.5565
5.3944
5.5849
6.0122
5.7762
6.0894
6.2674
5.6330
5.8012
5.8300
5.7835
6.1966
5.6003
5.8198
5.5544
5.9086
5.5991
5.6743
5.6263
5.5755
5.7448
5.3152
5.4357
5.3945
5.5307
5.5677
5.6050
5.5657
5.9650
5.7843
5.6656
5.6628
5.7268
5.7957
5.7146
5.8822
6.0906
5.9906
5.6081
5.7479
5.5853
6.0589
5.9524
5.8554
5.9809
5.6800
5.9340
5.4036
5.6956
5.7245
5.6985
5.4272
5.6026
5.4557
5.4850
5.5499
5.5837
6.2088
5.6175
5.5922
5.8010
5.4854
5.4443
5.4581
5.5223
5.5043
5.2939
5.7936
5.7521
5.8632
5.4732
5.5572
5.5991
5.8026
5.2145
5.2864
5.1121
5.7113
5.8133
5.4638
5.7209
5.8257
5.6055
5.9200
5.6596
5.4999
5.8279
5.6651
5.6303
5.5206
5.7443
5.7845
5.7529
5.6348
5.5919
5.5117
5.4676
6.0985
5.8467
6.0909
6.1391
6.1424
5.9089
6.1605
5.8381
5.9291
6.5155
5.7563
5.5973
5.7162
5.8030
5.8221
5.4311
6.1607
5.9208
5.7045
5.4449
5.8027
5.6634
5.6733
5.7084
5.6725
5.5670
5.8242
5.8690
5.4836
5.7236
5.2973
5.3491
5.3031
5.7093
5.8213
5.8435
5.5935
5.5043
5.3524
6.0050
5.8922
5.7699
5.5073
5.5890
5.5932
5.8584
5.2805
5.0980
5.4070
5.2698
5.6886
5.4791
5.7813
5.7963
5.5997
5.9100
5.4017
5.3562
5.4140
5.3966
5.5151
5.3238
5.8048
6.2889
5.5212
5.8643
5.7095
5.4003
5.4262
5.3463
5.3231
5.4437
5.6379
5.4226
5.6584
5.1861
5.4608
5.7594
5.7849
5.6638
5.6853
5.5707
5.5601
6.0197
5.8606
5.8731
6.2126
5.8630
5.5383
5.6387
5.5909
5.6652
5.6652
5.6648
5.7199
5.4330
5.6961
5.6241
5.4832
5.5585
5.6620
5.9119
5.4360
5.5097
5.3282
5.0853
5.2107
5.0643
5.2835
5.6119
5.4328
6.0275
5.7890
5.8730
5.7504
5.4139
5.1277
4.9199
5.2825
5.2709
5.1429
5.2437
4.8365
4.9064
4.9996
5.0661
5.0182
4.5287
4.7165
4.8364
4.8802
5.0139
5.2081
5.3232
5.0667
5.2549
4.7227
4.9159
4.5336
4.8726
4.2856
4.6411
4.7010
4.9506
5.3353
5.2905
5.5444
5.1504
5.3904
5.3973
5.5398
5.5009
5.4205
5.1630
5.2196
5.4466
5.4333
5.7041
5.2778
4.8875
4.7880
5.0831
5.1815
4.9740
5.2725
5.0730
5.0445
5.2969
5.1107
5.1891
5.1672
5.0906
4.9514
4.5879
5.0466
5.2222
5.4839
5.2013
5.7250
5.7305
5.5688
5.2683
5.3301
5.3454
5.0537
5.3274
4.7834
5.1269
5.3602
5.5490
5.2351
4.9137
5.1365
5.1721
5.1771
5.5814
5.6165
5.5512
5.3799
5.1800
5.3119
4.8743
5.0519
5.6266
5.5920
5.4341
5.4808
5.4448
4.8923
5.4062
5.5428
5.8425
5.5217
5.2083
5.3813
5.6087
5.2765
5.3124
5.8417
5.4861
5.6730
5.5054
5.4833
5.3082
5.2872
5.6657
5.0530
5.3247
5.3725
5.5395
5.2396
5.3478
5.1634
5.4422
5.2865
5.8790
5.4010
5.8416
5.6564
5.3387
5.6312
5.1152
5.3856
5.5432
5.7035
5.7905
5.8274
5.8178
5.6834
5.6831
5.6473
5.7725
5.7077
5.8728
5.7904
5.4980
5.7064
5.6880
5.5049
5.3337
5.4181
5.0507
4.9692
4.8572
5.1859
5.3842
5.2313
5.5295
5.6712
5.5431
5.3562
5.0524
5.5468
5.6127
5.4627
5.6120
5.2790
5.7687
5.3924
5.6688
5.6211
5.9534
5.7787
5.7351
5.6679
5.7191
5.4493
5.4422
5.6474
5.7161
5.8197
5.7983
5.6264
5.6438
6.1208
5.5136
5.8414
5.7918
5.1408
5.1004
5.1443
5.2320
5.0841
5.3607
5.1325
5.3585
4.9404
5.3491
5.2351
5.7823
5.7837
5.8632
5.8540
5.7565
5.6482
5.7844
5.5843
5.4415
5.5050
5.4375
5.1422
5.1874
5.4200
5.2656
5.2536
5.3710
5.2481
5.2667
4.9193
4.9939
5.1319
5.1237
5.0971
5.3643
5.2257
5.0913
5.2305
5.2098
5.1668
5.2215
5.4058
5.2813
5.4858
5.3218
5.7105
5.8568
5.9623
5.5387
5.9734
6.0389
5.7070
5.7649
5.8316
6.0988
6.0509
5.9196
5.6077
5.6691
5.7564
6.0519
5.9831
5.7719
5.7708
5.3569
5.4513
5.7379
6.0936
5.7585
6.0586
5.9766
5.6262
6.0991
6.1451
5.4921
6.0458
5.6779
5.9838
5.7073
5.6163
5.2825
5.1617
5.4099
5.2959
5.3866
6.0721
5.7666
5.7491
5.9430
5.9168
6.0722
5.9008
5.6679
5.8350
6.0045
5.7650
5.6530
5.5100
5.6408
5.5118
5.5460
5.5943
5.7407
6.0963
5.6658
5.6889
5.7017
5.5538
5.5221
5.6671
5.9585
5.7280
5.7899
5.6701
5.6920
5.7234
5.8777
5.3948
5.0540
5.4323
5.4403
5.0688
5.4890
5.2400
4.7910
4.7866
4.6317
4.7439
4.9056
4.8662
4.5828
4.8936
4.9555
4.8491
4.9708
4.8506
4.9330
4.9168
4.9594
4.7415
4.7489
4.9878
5.1959
4.9438
5.3605
5.0996
5.4658
5.3028
5.4093
4.7378
5.1500
4.8957
4.8460
4.7369
4.6679
4.9262
4.8189
5.1301
5.0298
4.7579
4.9154
5.0450
4.8897
5.1905
5.1844
5.1619
5.1005
5.2163
5.0964
5.0629
5.0921
5.1859
5.3120
5.2136
5.2341
4.6413
4.8012
5.0707
4.9831
4.8081
4.6273
4.6912
5.0756
5.1077
5.3327
5.3933
5.1736
5.4253
5.3516
4.9222
4.9626
5.7189
5.6825
5.5214
5.3796
5.6898
5.8495
5.8034
5.3116
5.4202
5.3893
5.5755
5.5688
5.2201
5.5436
5.5226
5.5304
5.0946
5.6986
5.7963
5.5964
5.3486
5.6763
5.3842
5.5211
5.3172
5.3222
4.9944
5.2401
4.9710
5.1365
5.2369
5.1070
5.1057
5.1690
5.0546
5.4731
5.4764
5.2400
5.1778
5.2856
4.9912
5.3040
5.3415
5.0182
5.6604
5.2775
5.2001
5.3792
5.2905
5.7832
5.2816
5.4700
5.3308
5.3437
5.1560
5.1178
5.2918
4.9726
5.1673
4.7788
5.0046
4.9028
5.5680
5.5686
5.4655
5.1716
5.2870
5.4192
5.3348
5.1152
5.5442
5.6277
5.7222
5.6400
5.5183
5.4270
5.1602
5.2598
5.4549
5.2003
4.8989
5.3355
5.5475
5.8145
5.8242
5.4564
5.5758
5.4923
5.5262
5.7389
5.5874
5.4795
5.6698
5.3455
5.2545
5.4151
4.8697
5.5092
5.4800
5.6440
5.6285
5.8254
5.5761
5.5253
5.8947
5.6294
5.0914
5.3630
5.0681
5.1427
5.4710
5.1580
5.7897
5.4457
5.6507
5.3052
5.5022
5.1680
5.6703
5.6176
5.2349
5.2601
5.2420
5.3661
4.9309
5.5000
5.3338
5.3685
5.6941
5.5915
5.4211
5.2089
5.4486
5.2209
5.1039
5.4168
5.6215
5.4567
5.5303
5.3397
5.4683
5.4767
5.3286
5.4220
5.5682
5.9336
5.8736
5.6703
5.9768
5.6969
5.5571
5.8651
5.7638
5.4449
6.1218
6.4019
6.3435
6.0273
5.8390
5.3955
5.5239
5.8040
5.7338
5.7331
5.9011
5.4877
5.6623
5.5109
5.5622
5.5596
5.8449
5.6570
5.5165
5.6205
5.4187
5.4560
5.7294
5.5065
5.5267
5.6121
5.5882
6.2137
6.0016
5.7624
5.6163
5.6962
5.3050
5.2578
5.2184
4.8390
4.9587
5.0560
5.0521
5.2039
5.6301
5.1041
5.5113
5.6418
5.7186
5.3240
6.0324
5.5540
5.6888
5.0680
5.3945
5.5026
5.9386
6.0342
5.9870
5.4205
5.2190
5.8352
6.0535
6.0661
5.9117
5.7776
6.0814
5.7215
5.5560
5.6596
5.7461
5.3370
5.6460
5.5878
5.5959
5.7185
5.4742
5.2898
4.9563
5.4835
5.6704
5.5685
5.4935
5.5093
5.4104
5.4877
5.7632
5.6296
5.3750
5.5420
5.7894
6.0165
5.8294
5.7796
5.7684
5.6961
5.6228
5.4488
6.1276
5.8521
5.9800
5.8878
5.7241
6.0050
5.4764
5.0947
5.2736
5.4790
5.6967
5.8556
5.3864
5.4243
5.5586
6.2808
5.8093
5.8439
5.6381
5.5707
5.7850
5.6118
5.4332
5.6338
6.0878
5.5720
5.5925
5.8434
6.1540
6.3181
5.8105
5.5173
5.9064
5.6596
5.8356
5.2880
5.5627
5.7751
5.8989
6.0604
5.7375
5.4727
5.4653
5.6773
5.9694
5.5958
5.7551
5.3533
5.8694
5.7749
5.5221
5.8999
6.1384
6.0287
5.9464
5.7805
5.9218
6.1305
5.4627
5.4905
5.6561
5.5504
5.6099
5.9454
6.0066
5.7069
5.7993
6.1224
5.5297
5.8980
5.6458
5.4172
5.9891
5.7708
5.5256
5.6781
6.1766
5.7942
5.5996
5.6181
5.7614
5.6141
5.8419
5.4786
5.6625
5.7175
5.8861
5.5298
5.6491
5.5915
5.5159
5.6511
5.2815
5.4265
5.7431
5.8228
5.5284
5.7756
5.7744
5.5870
5.8073
5.4333
5.4605
5.8862
5.7206
5.6266
5.7046
5.3860
5.4915
5.8006
5.7537
5.7132
5.5385
5.5224
5.7019
5.6540
5.7829
5.7116
5.9787
5.8375
5.5908
5.8406
5.5589
5.5747
5.6463
5.6891
5.3877
5.3058
5.6952
5.6068
5.5756
5.6534
5.4661
5.2475
5.6668
5.7885
5.7973
5.7634
5.5745
5.8586
5.6886
6.0420
5.9658
5.7621
5.7547
5.9121
6.2718
6.3219
5.7562
5.6914
6.1445
6.1651
5.7633
6.1076
6.1295
6.1149
6.1011
6.2074
5.8414
5.7217
5.7949
5.8939
5.8157
5.3381
5.7105
5.5953
5.9310
5.4735
5.7615
5.4844
5.7109
5.7081
5.5983
5.8768
5.6288
5.6119
5.9155
5.8729
5.9616
6.1891
5.8593
5.8533
5.8385
5.8414
6.0154
6.0565
5.6726
5.7054
5.7763
5.6528
5.8641
5.7020
5.2479
5.6020
6.1282
6.0098
5.9852
5.8470
5.7437
6.3339
5.8740
5.2228
5.4556
5.7381
5.8381
6.1060
5.5643
5.5645
5.8874
5.8711
5.7338
5.8075
5.8696
5.7024
5.7255
5.2820
5.4243
6.0563
5.6942
5.9971
5.7445
5.8954
6.0334
5.8233
5.7204
5.6257
5.8762
5.8369
5.8635
5.5930
5.2848
5.6851
5.9356
5.9200
6.0094
5.8456
6.0414
5.8902
6.0234
6.2312
5.9230
5.5442
5.5538
5.9796
5.8672
5.9828
5.7434
5.7175
5.8190
6.1846
6.4551
6.0719
6.6252
5.6071
5.2364
5.3548
5.6409
5.7284
5.8462
5.9366
5.9023
5.8443
5.9320
5.8633
5.7983
6.0279
6.2029
6.4304
6.3433
6.1816
5.5613
5.8257
5.9965
5.9352
5.9180
6.2789
5.7934
6.2677
6.2466
6.1749
6.2281
5.9491
6.0428
5.6210
5.6977
6.0278
5.9854
5.9338
6.1132
5.7545
5.9937
6.1762
6.0734
6.1537
5.8872
5.9925
5.9327
6.0504
5.7810
6.0526
6.0282
5.9361
6.2717
5.8636
5.9670
5.8084
5.6429
5.5806
5.4404
5.8051
5.6385
6.0786
5.9842
6.0275
6.2790
5.9327
5.8550
6.2392
6.1857
6.1511
6.3770
6.1561
6.1469
6.1597
5.7627
5.5402
5.5341
5.8414
6.3743
6.2540
5.9332
5.8335
5.7418
5.7961
6.2158
6.2258
6.4498
5.8913
6.4223
6.2380
6.5256
6.2570
6.1046
6.0934
5.8278
6.0055
5.8072
5.7236
6.0426
6.0665
6.1399
6.0110
6.0914
6.2218
6.0183
6.0699
6.2063
6.2957
6.2988
6.5223
6.3982
6.6548
6.2851
6.3594
6.2640
6.2265
6.5225
6.4915
6.4199
6.3357
6.3293
6.7229
6.1398
6.0714
5.7929
6.4135
5.9764
5.9703
6.1612
6.5562
6.3165
5.8805
5.7369
5.6064
5.8375
5.8407
6.0543
6.6465
6.5161
6.4248
6.2413
6.1374
6.1226
6.3843
6.3937
6.1329
5.8862
5.7130
5.8822
5.8831
5.9072
6.3742
6.3751
6.2606
5.8536
6.1983
5.9783
5.8055
5.9300
6.6245
6.7839
6.2040
6.1886
6.2678
6.3326
6.2488
6.1450
6.1039
5.9449
5.9849
5.6925
5.9022
5.4658
5.7246
5.8288
6.1668
5.9497
5.4715
5.5301
5.8128
5.8250
5.8360
5.9109
5.9306
5.5869
6.1494
5.9858
6.0976
6.1864
6.2945
6.4571
6.8454
6.1616
5.8151
6.1487
6.0583
6.1447
6.1191
6.1836
6.0909
5.6282
5.9484
6.1459
6.0434
6.0247
6.3114
6.2525
6.4965
6.2504
6.1176
5.8039
5.6979
6.0943
6.2533
6.2601
6.1345
5.6569
5.6454
5.8239
5.5543
5.7168
5.6472
5.9239
5.9013
5.9813
5.9775
6.3233
6.3224
6.2239
6.2875
6.0939
6.2728
6.0533
5.9225
5.6260
5.9526
6.0203
5.8937
6.2929
5.7198
5.9409
5.8562
5.9546
5.9126
5.8678
5.6354
5.5541
5.6706
5.7741
5.9590
6.0296
6.1495
6.0887
5.8070
5.8469
6.3743
6.1647
6.0576
5.9280
6.3208
6.2362
6.1114
6.3144
5.9543
6.2468
6.0537
5.5084
6.1996
5.8050
5.7936
6.4300
6.3465
6.1780
6.2600
5.9926
5.8721
5.8791
6.1161
6.2583
5.9554
6.2513
6.5523
6.2769
6.1481
6.2473
6.5438
6.1055
6.3372
6.5215
6.7092
6.4208
6.4872
6.5548
6.3419
6.1321
5.7761
6.2507
6.1990
6.3894
6.3236
6.2995
6.1655
6.3145
6.6760
6.6184
6.0665
6.5188
5.9705
6.1780
6.3532
6.3511
6.3932
6.1829
5.9594
5.8954
6.0755
6.2337
6.3383
5.8902
5.8310
5.6800
6.0028
6.1156
5.8827
6.0433
6.3181
6.1774
6.4208
6.4344
6.3765
6.3160
6.4665
6.0452
6.2597
6.1990
6.0733
5.9901
6.1769
6.2998
6.2156
5.6326
5.6541
5.7390
5.6436
5.5416
6.0558
5.8196
5.9234
5.8700
5.7887
5.5031
5.5891
5.2401
5.1695
5.6174
5.6716
5.6190
5.5395
6.0671
5.8370
5.4267
6.1328
5.8987
5.9144
5.9267
6.0429
5.9398
5.8194
5.4609
5.6722
5.4250
5.4898
5.5352
5.2365
5.3299
5.4395
5.1808
5.2732
5.3232
5.3465
5.6879
5.2260
5.2502
5.1337
4.8582
5.4436
5.4780
5.5194
5.4642
5.5364
5.3420
4.7996
4.8647
4.6541
4.9182
5.4939
4.9138
5.2994
5.1581
4.6714
4.9196
5.0992
5.0495
5.3917
5.7297
5.1436
5.3095
5.6004
5.1236
5.0267
5.2272
5.1784
5.1877
5.4418
5.0946
4.8452
5.2213
5.4686
5.8661
5.8550
5.4753
5.2068
5.1568
5.2473
4.9336
5.2262
5.3036
5.8897
5.2735
5.3416
5.3460
5.6287
5.6257
5.8041
5.5220
5.8756
5.5644
5.3662
5.3095
5.9075
5.1926
5.2944
5.5613
5.5658
5.4433
5.6350
5.5834
5.7724
5.9825
5.5177
5.0768
5.5889
5.4390
5.3730
5.1529
5.5215
5.2325
5.4668
5.6875
6.1200
6.3063
6.1132
6.0085
5.9866
5.8200
5.8833
5.8994
5.7856
6.1214
5.9129
5.6275
5.5688
5.6814
5.5996
5.8487
5.8340
5.8356
5.7809
6.1893
6.3781
5.7589
6.3292
6.2036
6.4281
6.0765
6.0417
5.7592
5.1861
6.0497
6.0180
5.6710
5.9510
6.1114
6.0063
5.8566
5.8162
5.9567
5.7698
5.6853
6.0907
6.2080
5.7931
6.1395
6.2320
6.3709
6.0084
5.9145
6.1089
6.2056
6.2327
6.1113
5.9915
5.8780
6.0629
5.8196
6.0495
5.7404
5.4177
5.4376
5.8342
5.7760
6.6386
6.1289
5.8003
5.6673
5.5027
5.8502
5.9626
5.6505
5.8175
5.7527
5.5888
5.7189
5.7883
5.8813
5.7748
6.1815
6.2241
6.5585
6.2481
6.4277
6.3185
5.9915
6.1856
5.7876
5.9804
5.8930
5.5278
5.6387
5.6591
5.4499
5.5875
5.4136
5.8839
5.9631
6.1967
6.3970
5.9231
5.6926
5.7955
6.0366
5.5810
5.8732
5.8936
5.5825
5.5098
6.0481
5.9298
5.8898
5.6136
5.7942
5.3843
5.5575
5.8620
5.8920
5.7124
5.3496
5.5241
5.7057
5.3193
5.5456
5.9202
5.9177
5.8457
5.9909
6.0418
6.3094
6.1063
5.9166
6.2515
6.2003
5.9585
5.8847
6.0488
5.5339
5.7387
5.6502
5.7141
5.8936
5.9506
5.9507
5.7317
5.8721
5.7115
6.0099
5.6609
5.7622
5.7410
5.7378
5.4635
5.5104
5.7129
5.5071
5.4671
5.4434
5.7959
5.6636
5.6728
5.4776
5.3493
5.4288
5.9118
5.9922
5.8403
6.4002
5.6849
5.9200
5.8023
5.7186
5.8359
5.4313
5.3609
5.5219
5.6941
5.9337
6.1946
6.3757
6.0134
6.1918
6.0048
5.8970
5.7753
5.6089
5.7261
5.8601
6.0850
5.8534
5.8507
5.7667
5.4900
5.8745
5.8334
5.6326
5.3386
5.5431
6.0181
5.7547
5.8569
5.5781
5.6181
6.0497
5.8004
5.5294
5.4837
5.5261
5.6891
5.9446
5.8272
6.1897
5.6574
5.5593
5.5301
5.7897
5.2808
5.3491
5.1620
5.4713
5.4335
5.3926
5.2429
6.0866
5.9158
5.9424
5.4553
5.9454
5.7325
5.6540
5.9992
5.9962
5.9044
5.7505
5.5195
5.3297
5.5044
5.8904
5.6588
5.2985
5.7442
5.6476
5.3332
5.5988
5.7664
6.0546
6.0681
5.6894
6.2877
5.7474
6.1117
6.1916
6.3208
5.6924
5.8553
6.5460
5.7438
5.8302
5.6802
5.7482
5.9153
6.4505
6.2374
5.8328
5.9083
5.8532
5.5281
5.5865
6.0844
5.8218
5.6685
5.0840
5.4580
5.4439
5.9060
5.8581
5.6321
5.5205
5.9609
5.9230
5.7977
5.3686
5.8239
5.3754
5.7884
5.7686
5.6270
5.2495
5.4897
5.4759
5.1127
5.4830
5.5063
5.4226
5.1490
5.9167
5.7964
5.6208
5.8101
5.8987
6.1887
6.1673
5.5586
5.1775
5.9162
5.9787
6.0436
5.7080
5.7681
5.2196
5.5101
5.4300
5.3720
5.4187
5.6856
5.3570
5.2782
5.1363
5.0257
5.4587
5.7769
5.8864
5.8919
5.7377
6.1543
5.9351
5.9484
6.1671
6.2445
6.2081
5.7128
5.6633
5.7398
5.8756
5.4313
5.5554
5.6443
6.1256
6.4414
6.5921
5.9641
5.7740
5.9664
5.8090
5.8157
5.8373
6.0078
6.3589
6.3693
6.2348
6.2846
6.1606
6.2895
6.1089
6.0047
6.4987
6.4504
6.3212
6.3762
6.7199
6.9744
6.6284
6.4920
6.5895
6.7862
6.5661
6.6194
7.0348
6.8592
6.8534
6.9351
7.2876
7.6966
7.1447
7.1203
7.2050
6.6446
6.6229
6.7732
6.9520
6.5495
6.6723
6.4302
6.3381
6.3119
6.6351
6.0873
6.0202
6.2172
6.4275
6.6565
7.0340
6.9243
6.5005
6.5551
6.8315
6.4877
6.5318
6.3019
6.3809
6.4698
6.5229
6.5825
6.5876
6.4241
6.7724
6.6276
6.7707
6.6004
6.4740
6.3912
6.8134
6.5369
6.8525
6.8351
6.7145
6.6937
6.6424
6.1774
6.3073
6.5218
6.3845
6.3557
6.8715
6.4359
6.2580
6.3065
6.8995
7.0212
7.0123
6.6286
6.5132
6.6214
6.5352
6.9791
6.7256
6.1865
6.8354
6.7795
7.0138
7.2084
6.9367
6.5877
6.8938
6.9302
6.7285
6.5238
6.5560
6.5892
6.6924
7.1448
6.9599
6.5324
6.6464
6.7513
6.4282
6.8410
6.7039
6.8575
6.8805
7.1320
6.9480
6.7740
6.8097
6.7820
6.9546
6.5133
6.7118
6.4909
6.6890
6.7702
7.4635
7.2988
7.0622
6.6775
6.6670
6.7838
6.6598
6.4829
6.5359
6.4032
6.4038
6.8385
6.8632
6.8945
6.8637
6.6030
6.7023
6.2747
6.1507
6.0001
5.6370
5.8510
6.2302
6.3301
6.6071
6.3063
6.3852
6.3060
6.4589
6.3419
6.1806
6.4919
6.3774
7.1930
7.0565
7.0302
6.5479
6.7249
7.3708
6.8637
6.5620
6.4137
6.7515
6.6054
6.5568
6.4872
6.4230
6.6424
6.7646
6.7448
6.6565
6.6153
6.7866
6.7410
6.5517
6.4381
6.3852
6.6545
7.0359
6.3975
6.7683
6.8979
6.6523
7.0689
6.8043
6.3349
6.4065
6.3633
6.6883
6.7837
6.7135
6.8143
7.0577
6.7669
6.5771
6.6896
6.4934
7.3983
7.0539
7.0326
7.2306
7.4505
7.5039
7.2124
7.4777
7.5305
7.2148
7.0403
6.9403
6.4758
7.0570
6.7109
6.8312
6.9262
6.6917
6.3309
6.3208
6.5343
6.4634
6.8471
6.5896
6.6388
6.4477
7.2086
7.5284
7.2259
7.4302
7.2414
7.7549
6.9372
6.9506
6.8965
7.1253
7.4072
7.5975
7.2035
7.1187
6.7896
6.8206
6.6235
6.3926
6.9236
6.9468
7.0629
7.3750
7.0097
6.7230
6.4857
6.4831
6.2116
7.0972
6.7222
6.7012
6.6656
6.7905
6.7188
6.8125
6.7993
6.9686
6.7665
7.2669
7.2720
6.9911
6.6946
6.4408
6.4473
6.7375
6.2666
6.1330
6.2811
6.3229
6.3539
6.4033
6.8603
6.7168
6.5703
6.2162
6.4631
6.6945
6.5341
6.6100
6.6603
6.9458
6.8609
6.6972
6.3516
6.4811
6.8064
6.5354
6.5490
6.4737
6.1172
6.3421
6.2732
6.0381
6.3245
6.7345
6.7264
7.0592
6.9685
6.8798
6.5534
7.0338
6.6127
7.2106
6.5314
6.5526
6.6475
6.9547
6.5802
6.5397
6.6925
6.9335
7.0993
6.8107
6.8385
6.5492
6.6340
6.4876
6.6435
6.9865
6.8813
6.5565
6.5871
6.6540
6.9668
6.1081
6.3971
6.0843
6.3040
5.8644
5.9616
6.1888
6.2898
6.2657
6.0180
6.2085
6.5254
6.3339
6.5216
6.6661
6.8964
6.6528
6.6470
6.0985
6.0757
6.9182
6.5523
6.7676
6.2111
6.4503
6.2894
6.4447
6.6092
6.7550
6.1495
6.3680
6.9419
6.9287
6.6220
6.3334
6.1176
6.5272
6.5788
6.7307
6.5667
6.4560
6.8108
6.1950
6.0171
5.8303
5.7907
6.2234
6.2770
6.6241
6.8068
6.6197
6.8423
6.6351
6.6090
6.7512
7.1795
6.7556
6.1103
6.3667
6.3518
6.4538
6.0498
6.4518
6.4592
6.5050
6.5033
6.2876
6.2045
5.8901
6.0311
6.5879
6.4523
6.2078
6.5839
6.4478
6.3055
6.2515
6.3208
6.1356
6.6621
6.6910
6.7588
6.7458
6.9264
6.7544
6.6551
6.4451
6.5258
6.6459
6.6211
6.9524
7.1745
6.8052
7.1002
7.5607
7.3887
7.1035
6.8115
6.8408
6.6698
6.9692
6.6020
6.6712
6.9708
7.1360
7.4105
7.2573
7.2868
6.9225
6.7706
6.7439
6.6611
6.7763
7.3162
6.8396
7.2151
6.8172
6.4639
6.8390
6.7017
6.9609
6.7079
6.7956
6.3715
6.5751
6.5457
6.8414
6.8936
6.7903
6.4992
6.5079
6.5482
6.8719
6.8053
6.9712
7.2167
7.2020
6.6349
6.8449
6.6441
7.1835
7.1256
7.3792
6.9229
6.8978
7.1984
7.4917
6.9542
7.4159
7.1675
6.3595
6.7074
6.9128
6.8261
6.8013
6.7395
6.8249
6.9364
6.5518
6.4211
6.5861
6.8797
6.9605
6.9103
6.9368
7.1983
6.9783
6.6372
6.8122
6.6048
6.7392
6.4082
6.6546
6.8962
6.9207
7.0932
6.3297
6.4070
6.7278
6.5115
6.5861
6.4715
6.9443
7.1024
7.1082
6.9719
7.1556
6.5503
6.8826
6.6282
6.9692
6.9373
6.7859
6.9506
6.9358
6.8527
6.9212
6.7631
6.4969
6.3902
6.5117
6.9080
7.0926
6.6557
6.9378
6.9826
6.9275
7.1097
6.9727
6.5438
7.0843
7.0124
6.4767
6.8022
6.5533
7.2193
7.2215
7.3684
7.0965
6.9488
6.8681
7.1742
7.1123
7.2741
7.6416
7.2875
7.6043
7.0016
7.0601
7.5065
7.3327
6.8917
7.1124
7.3504
7.4812
7.0986
7.2318
7.1813
6.7902
6.6613
6.8068
6.6432
6.4980
6.4703
6.7717
6.8414
7.0741
7.3302
7.3676
7.5981
7.6047
7.4444
7.1094
7.4724
7.2819
7.3106
7.4212
7.3881
7.3041
6.8929
7.0930
6.4986
6.8258
7.1432
6.9446
6.7542
6.7386
7.3685
7.1305
7.2755
7.0548
7.0180
6.9091
6.6826
6.7959
7.0121
7.2958
7.3486
7.3028
7.3516
7.0530
6.7652
6.7530
6.5414
6.6686
7.3622
6.8507
6.7568
6.1830
6.2593
6.8472
6.9738
6.8103
6.6834
6.3526
6.2818
6.8881
6.2575
6.5276
6.4355
6.7378
6.7058
7.1775
7.2773
7.1538
6.6512
6.5207
6.3933
6.9116
7.5192
7.3189
7.7285
7.5028
7.4130
7.3458
7.0011
6.7544
6.9551
6.9192
7.2246
7.2184
7.1637
7.6220
6.8538
6.9830
7.2050
7.0439
7.2337
7.2606
7.0097
7.1594
7.4015
7.0624
6.7611
6.8437
6.8522
7.0057
6.6441
6.9883
7.1433
7.0617
6.7299
6.7521
6.7914
7.1166
6.7036
7.2856
7.1046
7.3712
7.5567
7.2859
7.0599
6.6035
7.0614
7.3433
7.1430
6.9927
6.7834
6.8796
6.8654
7.1546
7.1137
6.5217
6.7672
6.6780
6.4786
6.1531
6.8200
6.4012
6.2145
6.1247
6.2581
6.5434
6.2554
6.2681
6.0943
6.2745
6.3437
6.5159
6.0702
6.1975
6.7530
6.5600
6.6772
6.4454
6.2668
6.3865
6.3855
6.6675
6.5470
6.2896
6.1522
6.3170
6.6595
6.4933
6.0409
6.3809
6.2428
5.7550
5.9769
6.1072
5.9902
6.1339
6.4836
6.7514
6.6925
6.5917
6.0739
6.2321
5.8673
6.2468
6.2850
5.8614
5.8265
6.0406
5.8308
5.8692
6.3813
6.5547
6.9880
6.6808
6.8428
6.6357
7.1009
7.0416
6.5959
6.5131
6.3424
6.5769
6.8318
6.7872
6.9845
6.2125
6.6919
6.6738
6.7000
6.6034
7.1281
6.8033
6.8030
6.5644
6.9754
6.8247
6.9432
6.6537
6.8252
6.5949
6.5824
6.6472
6.5202
6.6344
6.5373
6.7501
6.7091
6.8878
6.7177
6.9599
7.0898
6.5449
6.7642
6.5324
6.4744
6.7727
7.1166
7.0103
7.2446
7.1902
6.3665
6.3601
6.5813
6.8792
6.7346
7.0962
6.9854
7.1432
6.9637
6.5978
6.5131
6.1781
6.1911
6.3418
6.2639
6.2559
6.3205
6.0580
6.4267
6.5828
6.7032
6.4169
6.5912
6.3544
6.4600
6.9136
6.7073
6.6011
6.4866
6.2881
6.3276
6.0746
5.8690
6.2079
6.2806
6.3108
6.4920
6.6298
6.4310
5.8364
5.7451
5.7139
5.8057
5.4825
5.8180
6.0107
5.7578
5.9565
5.9683
5.7466
5.9105
6.1201
6.1780
6.2892
5.8756
6.2073
6.5259
6.3649
6.4619
6.6919
6.7991
6.9643
6.6328
6.5061
6.6626
6.7656
6.5028
6.5271
5.9039
6.4285
6.3143
6.4555
6.2719
6.1786
6.4195
6.8813
6.9641
6.8737
6.6982
7.1355
6.8441
6.5102
5.9639
6.8711
6.5749
6.8481
6.7410
6.2930
6.0888
6.2377
6.7113
6.3259
6.6789
6.2696
6.4189
6.3622
6.1923
6.2435
6.2666
6.4322
6.2443
6.2465
6.0141
6.8009
6.8248
6.6314
6.1968
6.4963
6.5988
6.4087
6.7530
6.3794
6.1733
6.7611
6.3259
6.3904
6.0378
6.5148
6.8794
6.7299
6.2704
6.4895
6.4330
6.1895
6.2983
6.3044
6.4854
6.3532
6.2600
6.4118
6.4531
6.0798
6.5373
6.3977
6.0677
5.9867
6.4073
6.4839
5.9283
6.5426
6.1897
6.0813
5.8403
5.7182
5.9948
6.2487
6.2031
5.8797
6.2839
6.2212
6.3946
6.3900
6.3207
5.9195
6.2282
6.8473
6.2213
6.1491
6.5368
6.3494
6.3807
6.2788
5.9680
6.3100
6.5072
6.7487
6.5219
6.3448
6.3574
6.4245
6.3079
6.2752
6.2414
6.2126
6.3752
6.0815
6.4636
6.6280
6.5315
6.0413
6.3858
6.5150
6.4642
6.5423
5.9428
6.2712
6.1481
6.6270
6.3403
6.1530
6.2723
6.0133
6.2739
6.2053
6.4625
5.9376
5.9528
6.3623
6.2520
6.4118
6.1500
6.1825
6.4724
6.1285
6.3919
6.2269
6.5029
6.7015
6.2791
6.0079
6.0798
6.1347
5.9154
5.7298
6.1675
5.8132
6.2462
5.9634
6.0530
6.2628
6.3850
6.7839
6.5186
6.4585
6.7667
6.5424
6.8895
6.5206
6.4303
6.4387
6.5928
6.3509
6.4217
6.3666
6.2599
5.8842
5.7730
5.9907
5.6233
5.7967
5.6079
6.0106
6.1141
5.9746
5.9139
6.0810
5.7054
5.6907
5.7101
5.9411
5.8439
5.8834
5.9179
5.6117
5.7090
6.1010
6.0197
6.4095
6.2955
6.2533
6.2443
6.3953
6.5264
6.5375
6.2781
5.8884
6.1290
6.0718
6.1423
5.8723
6.0985
5.9217
6.0531
5.8927
5.6761
6.0649
5.9785
5.8772
6.1009
6.4476
6.0850
6.2262
6.3498
6.3841
6.2389
6.1349
6.0925
6.2200
6.2771
6.4593
6.7765
6.5765
6.3075
6.4231
6.4064
6.3923
6.4611
6.5531
6.6417
6.5152
6.3883
6.6005
6.4518
6.7295
6.4967
6.3793
6.2826
6.3142
6.3592
6.4517
6.6861
6.6226
6.4753
6.7622
6.2858
6.5621
6.4617
6.3795
5.9246
6.2574
6.1952
6.0133
6.3191
6.2110
6.3736
6.5825
6.2451
6.6343
6.8669
6.8134
6.6235
6.6058
6.4352
6.3417
6.1002
6.0835
6.1828
5.9076
6.1431
6.3308
6.2040
6.4505
6.6757
6.6844
6.9321
6.3226
6.6171
6.6367
6.8044
6.2318
6.3095
6.2060
6.2231
6.3081
6.3946
5.9746
6.5564
7.0498
6.9176
6.8950
6.7706
6.8082
6.5514
6.5274
6.7368
6.9057
6.7717
6.2236
6.3513
6.8313
6.4137
6.7539
6.6437
6.6230
6.6864
6.3506
6.5454
6.3273
5.6904
5.8659
6.5535
6.5188
6.5604
6.3892
6.5217
6.5409
6.5057
6.1625
6.5267
6.9142
6.6865
6.3883
6.7473
6.3062
6.3760
6.5626
6.6576
6.5655
6.8716
6.7078
6.6533
6.5900
6.4785
6.3359
6.2236
6.5108
5.9724
6.5320
6.5012
7.2598
7.0660
6.7797
6.6991
6.2173
6.2071
6.5441
6.4917
6.3989
6.2100
6.7762
6.9307
7.2380
6.8083
6.6708
6.5052
5.9504
6.4391
6.4727
6.2243
6.1055
6.2976
6.2308
6.1173
6.4173
5.8748
6.4750
6.1568
6.4719
6.3045
6.9013
6.9611
6.4756
6.7234
6.5204
6.2717
6.2154
6.6639
6.1311
6.2158
6.5812
6.4971
6.5029
6.4151
6.5024
6.3053
6.3735
6.2885
6.4091
6.4272
6.3696
6.4745
6.3570
6.7541
6.7342
7.0392
6.8315
6.6296
6.4671
6.2593
6.3840
6.2992
6.5867
6.6936
6.7626
6.5831
6.7387
6.4812
6.6404
6.1050
6.1446
6.6233
6.7031
6.5246
6.7672
6.1638
6.0961
6.5490
6.4768
6.3333
6.5924
6.5159
6.4861
6.5990
6.4017
6.2208
6.2861
6.4014
6.2395
6.3110
6.6023
6.7499
6.3780
6.4096
6.4526
6.0516
6.1619
6.1007
6.4561
6.3804
6.2120
6.5571
6.2959
6.0671
6.4945
6.2797
6.6296
6.5155
6.7085
6.5329
6.2031
6.5455
6.1522
6.7359
6.5688
6.6068
6.4234
6.5194
6.5430
6.6482
6.6892
6.4404
6.2215
6.2700
6.5584
6.1859
6.4799
6.6838
6.3550
6.3430
5.9652
6.1063
6.3189
6.2355
6.1374
6.3281
6.5308
6.4440
6.3883
6.4600
6.2492
6.3430
6.2222
6.4244
6.4703
6.4478
6.6118
6.6742
6.4332
6.5041
6.5942
6.4680
6.4982
6.6504
6.4717
6.5232
6.5617
6.5520
6.4788
6.5266
6.0718
6.7433
6.6356
6.3753
6.4112
6.0536
6.0178
6.2063
6.3230
5.9900
6.1370
6.3291
6.2132
6.1796
6.1730
6.2113
6.1089
6.3437
6.6544
6.3804
6.3169
6.0429
6.3360
6.3899
6.4147
6.1866
6.3550
6.7457
6.3643
6.5068
6.3131
6.4635
6.5738
6.4248
6.3336
6.5524
6.5860
6.3775
6.3074
6.4761
6.0731
6.4859
6.2171
6.5628
6.2371
6.5266
6.2006
6.2963
6.5662
6.5441
6.7429
6.3611
6.5803
6.6756
6.4574
6.2328
6.4470
6.3623
6.1647
6.5703
6.6099
6.3168
6.2235
6.2483
6.5095
6.0040
6.0661
5.9275
5.9527
5.8744
6.3031
6.1567
6.2114
6.4502
6.2708
6.3479
6.1461
6.4836
6.2790
6.2814
6.3239
6.4618
6.1556
6.2286
6.1598
6.0825
6.2678
6.0653
6.0349
5.9994
6.1392
6.1164
6.0809
6.2515
5.9168
6.5989
6.0009
6.6200
6.0589
6.3780
6.3602
6.5882
6.6313
6.2969
6.7089
6.5197
6.5355
6.6189
6.3947
6.4781
6.7242
6.7036
6.8680
7.2468
7.2107
6.7410
6.4192
6.5194
6.8321
6.3923
6.4865
6.4410
6.8455
6.3506
6.5869
6.3339
6.4054
6.5009
6.4050
6.3922
6.1110
6.1062
5.9412
6.5532
6.3217
6.4982
6.6530
6.6277
6.3729
6.2175
6.1267
6.2754
6.1163
6.2394
6.0732
6.5107
6.2252
5.9838
6.1242
6.1545
6.1878
6.4998
