5.0025
4.9380
4.6095
4.7892
4.8553
5.0469
4.9409
4.5445
4.8084
4.5442
4.7283
4.7521
4.7433
5.0680
5.1177
4.7479
4.7320
5.0033
5.2738
5.0254
5.2839
4.8917
5.0597
5.1392
4.9885
4.2414
3.9326
4.0312
4.5901
4.8199
4.4847
4.2849
4.6807
4.3546
4.3059
4.1187
4.1882
4.7091
4.4122
4.2827
4.1892
4.4078
4.4237
4.5318
4.3960
4.5374
4.5472
4.4476
4.5134
4.6331
4.4348
4.7616
4.2611
4.3081
4.6589
4.5160
4.6513
4.1976
4.3583
4.3646
4.2384
3.8757
4.4982
4.0441
4.3088
4.5266
4.2584
4.2338
4.2158
4.3264
4.3584
4.7261
4.4305
4.4352
4.4333
4.6758
5.0400
4.7797
4.8596
4.7092
4.7482
4.9105
4.3926
4.4886
4.6563
4.4486
4.4246
4.5175
4.5272
4.6682
4.8245
4.4548
4.2889
4.5939
4.3625
4.3834
4.3319
3.9495
4.2301
3.8760
4.1684
4.1148
4.1618
4.0922
4.4764
4.3283
4.2209
4.3300
4.5985
3.9189
4.1242
4.0373
3.7958
3.9548
4.4004
4.2391
4.5264
4.0473
4.1115
4.2575
3.9082
4.2722
3.9378
4.2369
4.1705
4.3772
4.3882
4.4374
4.4364
4.5254
4.6115
4.8480
4.7398
4.4464
4.4397
4.3527
4.7410
4.5020
4.6525
4.6602
4.9692
4.8094
4.6510
4.7776
4.8174
4.6931
4.4225
4.3038
4.8185
4.5536
4.8472
4.7335
4.8644
4.5752
4.2411
4.0047
4.2528
4.2282
4.5154
4.3658
4.3350
4.7166
4.7411
4.9998
5.1631
4.7750
4.5690
4.4923
4.1015
4.3480
4.3537
4.3366
4.2847
4.2742
4.4225
3.9399
4.0724
4.3617
4.3656
4.1360
3.7773
3.7845
4.1629
3.8694
3.8125
3.7442
3.9062
4.0282
3.7346
3.9185
4.2109
4.2090
4.0926
4.4080
4.3764
4.3516
4.4499
4.7650
4.8273
4.0905
4.3060
4.3442
4.4218
4.2355
4.6043
4.6506
4.3027
4.5202
4.2086
4.4533
4.3892
4.5955
4.3551
4.3286
4.4381
4.2500
4.3608
4.1135
4.1886
3.9660
3.7955
3.9970
3.5122
3.5596
3.7760
3.6945
4.0199
4.0542
4.0274
4.0601
3.7615
3.9720
3.7958
4.0832
4.0617
4.1873
3.8193
3.6320
4.1294
4.0189
4.5382
4.0189
3.9665
4.2614
4.5155
4.2610
4.3504
4.1665
4.0468
4.2437
4.1979
4.1347
4.4214
4.5124
4.2272
4.2135
4.1960
4.0813
4.4230
4.4584
4.3534
4.2651
3.9132
4.3317
3.9938
4.1534
4.2979
4.4785
4.8124
4.2126
4.6266
4.3737
4.9690
4.8515
4.7675
4.8538
4.7036
5.0103
4.7325
4.6664
4.9667
4.9144
4.7066
4.4941
4.5659
4.5242
4.3945
4.2882
4.4629
4.4638
4.2467
4.4757
4.1987
4.1620
4.6654
4.8130
4.6341
4.4763
4.5268
4.3615
4.5655
4.3481
4.1538
4.1327
4.1529
4.6169
4.2985
4.4905
4.2416
4.8173
4.3847
4.6531
4.6941
4.9534
4.7398
4.2936
4.7140
4.5685
4.5715
4.4654
4.2926
4.4640
4.4026
4.5061
4.4771
4.5269
4.5670
4.3911
4.5143
4.8710
4.9647
4.6484
4.8510
5.2681
4.7448
4.6347
4.4127
4.0893
4.2672
4.5516
4.4101
4.2701
4.1889
4.3254
4.2755
4.3326
4.5957
4.2738
4.0953
4.2491
4.6249
4.3693
4.4572
4.6620
4.9120
4.5840
4.4151
4.6395
4.3518
4.6308
3.9870
4.1352
3.9264
4.3571
4.3145
4.5542
4.0509
4.1031
4.4325
4.5515
4.9990
4.4655
4.1056
4.2662
4.2099
4.6821
4.3987
4.3248
4.2148
4.5166
4.1554
4.3005
4.5266
4.7302
4.5002
4.6161
4.4080
5.0928
4.6903
4.9529
4.3500
4.4361
4.5603
4.4605
4.7505
4.3479
4.5985
4.6949
4.8228
4.3782
4.4074
4.8340
4.9209
4.8673
4.8358
4.5918
4.6143
4.3303
4.4247
4.1722
4.4569
4.3743
4.2473
3.9925
4.3391
4.2691
4.0972
3.7406
3.8909
3.9986
4.1389
3.8598
4.0923
3.7750
4.2621
4.1869
4.3276
3.9323
4.3477
4.3209
4.2551
4.3174
3.9980
4.0052
3.9390
4.0854
4.1318
4.1523
4.4001
4.2595
4.5159
4.3471
4.0102
4.0296
4.1173
3.9894
4.4256
4.6668
4.3067
4.4003
4.4222
4.9434
4.7203
4.9656
4.1926
4.2083
4.7150
4.2120
4.4417
4.4604
4.6550
4.4477
4.4679
4.2863
3.6975
4.2199
4.1814
4.4884
4.7520
4.2696
4.3415
4.3454
4.1493
4.3697
4.3855
4.4732
4.3575
4.0047
3.9566
4.2734
4.3364
4.7388
4.9302
4.6582
4.5764
4.3440
4.5133
4.5515
4.4989
4.4170
4.1046
4.2251
4.2935
4.1114
4.0586
3.9416
4.3382
4.1947
4.0658
3.9873
4.3494
4.3265
4.3591
4.4442
4.3137
4.3319
4.2294
4.3362
4.3021
4.3611
4.4703
4.1088
4.2742
3.9249
4.1382
4.0722
4.3775
4.4340
4.2901
4.0451
4.5685
4.9689
4.5528
4.7232
4.3649
3.9914
3.7335
4.1103
4.1358
4.3075
4.2504
4.5338
4.2556
3.9573
4.3428
4.2307
4.1382
4.0422
3.9000
4.1889
4.4152
4.6060
4.6143
4.5999
4.6787
4.5594
4.9378
4.4786
4.2094
4.2660
4.3872
4.1068
4.0785
4.3585
4.6765
4.8230
4.9578
4.5805
4.4585
4.4935
4.2455
4.6373
4.9044
5.2811
5.1318
4.2980
4.1516
4.2105
3.9253
3.6435
3.7419
4.3866
4.3073
4.3528
4.5837
4.6266
4.1381
4.1518
4.2334
3.6583
3.5030
3.7168
3.9272
4.2330
4.1038
3.9677
4.0118
4.2584
4.2353
4.2723
4.3394
4.5069
4.4885
4.5608
3.9831
4.2061
4.5645
4.2048
4.0752
3.9500
4.1510
4.4030
4.1987
4.3796
4.1492
4.2755
4.8328
4.2429
4.3241
4.4021
4.4791
4.4162
4.4060
4.4282
4.4728
4.5549
4.5046
4.8734
5.1577
5.0635
5.0667
5.0796
4.9340
4.7650
4.6302
4.3886
4.3812
4.4166
4.3835
4.7634
4.7146
4.4754
4.3519
4.4811
4.5885
4.7207
4.7707
4.6952
4.7729
4.2396
4.0151
3.9313
3.9477
4.1429
4.4672
4.6394
4.6038
4.4718
4.3034
4.1377
4.1843
4.2278
4.3931
4.6250
4.6716
4.0975
4.0024
4.2934
4.0027
4.0759
4.2354
4.2237
4.5370
4.9014
4.8044
4.0753
4.3690
4.4729
4.2604
4.2578
4.1531
4.4697
4.0270
4.3350
4.1096
3.7002
3.9087
3.6507
3.6281
4.0198
4.1615
4.1886
4.4670
4.2413
3.9775
4.0329
4.1094
4.2589
3.9689
3.7094
4.0133
3.8929
3.8489
4.0552
4.2913
4.6082
4.4924
4.3587
4.5684
4.2509
4.5654
4.6208
3.8856
4.4438
4.0975
4.0180
4.1942
4.4405
4.6097
4.6287
4.5279
4.4019
4.4236
4.2747
4.1973
4.1056
4.1582
4.2418
4.3625
4.7232
4.6008
4.5767
4.3970
4.2062
4.4555
4.5858
4.7414
4.3144
4.2503
4.4461
4.2197
4.4509
4.2862
4.1173
4.2794
4.3080
4.6460
4.4304
4.0926
4.0307
4.2458
4.3663
4.1642
4.2005
4.4518
4.5378
4.3330
4.6519
4.4279
4.5946
4.4871
4.7282
4.4098
4.2911
4.0496
4.3155
4.5009
4.3780
4.7945
4.9856
4.8053
4.9849
4.5019
4.8327
4.6328
4.6707
4.7338
4.8192
4.4880
4.5029
4.6704
4.7906
4.5452
4.6453
4.3038
4.0892
4.1765
4.2446
4.1037
4.0870
4.4505
4.0241
3.8773
3.8760
3.7369
3.9365
3.8426
3.8946
3.9577
3.8960
3.7264
3.6570
3.6349
3.5650
3.6423
3.6284
4.0691
3.8882
4.1019
4.2859
4.1234
4.3591
4.0894
3.7995
3.9363
4.0823
3.9914
4.1483
4.1862
3.9897
3.9383
4.0645
3.4489
3.6258
3.9452
3.7142
3.8711
3.7159
3.8094
3.9121
3.7248
4.3322
4.5186
4.1649
4.0387
4.2505
4.2393
4.1223
4.1468
4.4310
3.9672
3.7731
3.7904
3.7576
3.9044
3.9380
3.4314
3.6935
3.6366
3.4696
3.3328
3.7146
3.6062
3.7338
3.7998
3.7295
3.9677
3.9151
3.7212
3.8166
4.0501
3.8581
3.9818
4.2148
4.1774
3.7588
3.9603
3.6984
3.8065
3.7170
3.5722
3.8183
3.7711
3.6206
3.5829
3.8089
4.0289
4.1104
3.8457
3.9451
3.8138
3.9404
3.9111
4.1681
3.8083
3.7933
3.7048
3.8955
3.9469
4.0446
4.3738
4.3522
4.0965
3.9150
4.1806
3.8377
3.8391
3.7833
3.7975
4.0215
4.0609
4.2208
4.0619
3.7236
3.9601
3.9337
4.0755
3.8811
3.7112
3.7851
3.8605
4.0805
3.7123
3.6727
3.5665
3.8777
3.3491
3.5575
3.8347
3.9849
4.1244
4.0785
3.9634
3.6951
3.4273
3.7735
4.0054
4.2427
4.3044
4.0543
4.1338
3.8642
4.2042
4.1312
4.2575
4.1081
4.0402
4.2949
4.2131
3.8391
4.1340
4.1645
4.0982
4.5206
3.8648
4.0659
4.1022
3.8284
3.6380
3.4935
3.6497
3.6676
3.4830
3.5761
3.7345
3.6247
3.8284
4.0640
4.0549
4.3462
4.0339
3.9777
3.7471
4.1469
4.3641
4.1525
4.1660
4.0927
3.7193
3.8338
3.9915
3.7687
4.1654
4.0945
3.6460
3.8372
3.7722
4.5951
4.7242
4.3882
4.4266
4.3124
4.4640
4.3157
4.5971
4.2440
4.3682
4.5868
4.6975
4.7468
4.7207
3.9518
4.1183
4.2309
4.3315
4.5449
4.9123
4.6022
4.9490
5.1889
4.6560
4.7022
4.8819
4.5092
4.5969
4.1724
3.8998
3.7308
3.6683
4.0598
4.0710
4.0968
4.0105
3.8774
3.9906
4.0936
4.1535
4.0655
4.2189
4.2052
4.1036
4.0064
4.3078
4.2483
3.9183
4.0285
4.3544
3.8701
3.8716
4.3713
4.2897
3.9783
3.9539
3.8639
4.1645
4.2010
4.2879
3.8174
3.9357
4.0937
4.1614
3.9033
3.8149
3.8287
3.7376
3.8450
3.8539
4.0817
3.9636
3.7340
3.9011
4.0331
3.5182
3.5441
3.4031
3.4571
3.6559
3.2968
3.4675
3.3488
3.8936
3.5197
3.5318
4.0380
3.9026
3.5758
3.4128
3.7381
3.5729
3.7958
3.5653
3.4992
3.4497
3.5017
3.5491
3.4853
3.7135
3.3459
3.4130
3.4039
3.2614
3.7136
3.5913
3.6385
3.6239
3.7205
3.6726
3.8353
3.6563
3.6105
3.5735
3.9315
3.7942
3.9923
4.0838
4.1870
3.9615
3.8660
3.7818
3.7560
3.9865
3.9684
3.7866
3.7042
3.5623
3.7889
3.5042
3.3898
3.5514
3.6633
3.3618
3.6631
3.6116
3.7309
3.6673
3.7102
4.0121
3.8198
4.1051
3.9998
4.1308
3.9405
3.8265
3.9554
3.9627
3.6773
3.8633
3.8570
4.0125
3.9961
3.8959
4.0040
3.8600
4.0086
3.9748
3.9539
3.7540
3.6930
3.4698
3.8759
3.5048
3.8291
3.8347
4.0430
3.9752
3.9799
4.1420
3.8589
3.8411
4.1295
4.0360
3.8926
4.1280
4.0355
4.0876
4.1271
4.1381
3.9191
4.2440
4.4395
4.2166
4.1608
4.1674
3.8007
4.0010
3.8059
3.9276
3.4974
3.7948
3.5624
3.8693
3.8853
3.5506
3.5585
3.6415
3.8947
3.4769
3.7986
3.7989
3.6448
3.5659
3.7711
3.6914
3.4963
3.7439
3.3988
3.6895
3.6819
3.8956
3.7584
4.0179
3.8615
3.8916
3.9410
3.7527
3.7596
3.6728
3.9127
3.7281
3.9872
3.6764
3.9173
3.4806
3.6299
3.7457
3.9787
3.8404
3.8134
3.8883
3.4977
3.5313
3.5199
3.7190
3.8419
3.9284
3.9950
3.9075
4.1360
3.8937
3.7321
3.6437
4.1461
3.9140
3.9138
4.1429
3.8338
4.1077
4.1399
4.1762
4.2510
4.4636
4.4339
4.3460
4.4062
4.3920
4.4371
4.5153
4.3279
4.0776
3.7342
4.0696
3.9894
3.9786
3.7153
4.0148
3.9568
4.2912
4.1363
4.1759
4.4542
4.3825
4.1579
4.4475
4.4903
4.4706
4.2094
4.0141
4.2951
4.1786
4.3360
4.3450
4.3975
4.4131
4.0780
4.2775
4.2687
4.2947
4.3593
4.2937
4.3768
4.4476
4.2892
4.4935
4.4704
4.1566
4.4198
4.1343
4.5806
4.5678
4.5153
4.3174
3.9836
4.0181
4.3354
4.2827
4.5970
4.6237
4.3428
4.2821
4.4558
4.2516
4.3315
4.1716
3.9245
4.1472
4.4345
4.2076
4.1666
4.3082
4.3403
4.5704
4.5767
4.5684
4.7661
4.7301
4.5988
4.6999
4.6248
4.3280
4.3106
4.2383
4.0641
4.4483
4.4030
4.5551
4.5310
4.6059
4.5937
4.3148
4.4745
4.3417
4.2650
3.9720
3.9549
4.3802
4.0023
4.2935
4.3664
4.2439
4.7796
4.2991
4.2093
4.2909
4.4423
4.3106
4.6602
4.4866
4.5809
4.5578
4.6019
4.4915
4.2772
4.4308
4.8881
4.9350
4.6436
4.2353
4.3895
4.0003
4.2201
4.0483
4.2307
4.1675
4.0254
4.3854
4.1609
4.2940
4.2324
4.4173
4.3829
4.1154
4.2216
4.2845
4.2096
4.1302
4.2849
4.1161
3.8663
3.7388
4.4279
4.3404
4.2025
4.1859
4.5392
4.1629
4.4217
4.3961
4.4051
4.1134
4.2958
4.1172
4.3349
4.0989
3.8421
4.4443
4.4773
4.7485
4.3057
4.5959
4.2585
4.2087
4.4300
4.1945
4.3589
4.0323
4.1036
4.3844
4.1921
4.3408
4.3160
4.2916
4.1385
3.9417
4.1577
3.9935
4.0055
4.0474
3.9313
4.3977
4.3416
4.2329
4.3951
4.3622
4.2925
3.9448
3.9589
3.9846
4.0145
3.6160
3.6741
3.7678
3.6314
4.2022
3.9159
3.9230
4.0613
3.8310
4.1538
4.1945
4.1250
3.8124
4.0178
4.0344
3.8511
3.8050
3.8106
3.8286
3.8549
3.6189
4.1666
3.9388
4.0556
4.0560
4.3220
4.1872
4.4151
4.0594
4.0432
3.7933
3.7504
3.9552
3.8756
4.5054
4.4887
4.2019
4.1490
4.2887
3.9598
4.2084
4.2266
3.9716
4.3375
4.0278
4.2307
4.2506
4.2732
4.0908
4.4136
4.1570
4.0631
4.4488
4.4474
4.3686
4.1645
4.0340
4.1167
4.0876
4.1887
4.0462
4.4383
4.5946
4.6214
4.5807
4.6795
4.4033
4.4032
4.6455
4.4333
4.4886
4.5418
4.5707
4.6884
4.6443
4.3112
4.3724
4.6076
4.4622
4.6251
4.6044
4.3689
4.6902
4.7667
4.5332
4.2378
4.2183
4.3551
4.6365
4.5600
4.8290
4.7515
4.4957
4.6215
4.3786
4.3409
4.6177
4.5283
4.3110
4.4878
4.7025
4.7516
4.2440
4.2333
4.3333
4.2610
4.6020
4.2577
4.2740
4.3184
4.4312
4.2626
4.3492
4.1023
4.4563
4.2960
4.3801
4.2023
4.3623
4.3135
4.0272
4.0660
4.2036
4.5747
4.2535
4.1907
4.3032
4.4210
4.5250
4.2653
4.3410
4.4789
4.5551
4.2581
4.5906
4.8620
4.7394
4.7825
5.0370
4.9264
5.0171
5.0370
4.9852
4.8013
4.7557
4.6738
4.4964
4.2072
4.3190
4.2910
5.1111
4.4649
4.4687
4.3060
4.3283
4.5639
4.6559
4.7979
4.4624
4.2338
4.3687
4.4162
4.6566
4.0523
4.6139
4.7474
4.5729
4.9594
4.7182
4.2892
4.7132
4.7642
4.5539
4.5898
4.8338
4.5477
4.6731
4.5352
4.3572
4.3045
4.6021
4.6596
4.9749
4.5141
4.6986
4.8597
4.5375
4.5962
4.6532
4.8436
4.6125
4.7835
4.5711
4.9795
4.6132
5.1251
5.1789
4.8826
4.8202
4.9909
4.5416
4.4949
4.5796
4.8016
4.7763
4.2026
4.7325
4.6167
4.8203
4.9795
4.8137
4.8367
4.6322
4.8381
5.1049
4.7710
4.5640
4.6794
4.7613
4.5832
4.5078
4.4494
4.6501
4.3336
4.4950
4.4902
4.8332
4.3267
4.5182
4.5227
4.2275
4.2133
4.3036
4.2978
4.3438
4.4651
4.5386
4.1911
4.6512
4.2793
4.3634
4.4468
4.4453
4.5618
4.6012
4.4782
4.4351
4.7970
4.7401
4.7215
5.0227
4.9566
5.0532
4.7640
4.6071
4.5059
4.7449
4.8055
4.5994
4.4880
4.5618
4.6338
4.8020
4.5088
4.8692
4.3741
4.2390
4.2386
4.4459
4.3111
4.8607
5.1891
4.9016
4.8167
4.6219
4.5011
4.7289
4.8517
4.8288
4.7019
4.6730
4.6085
4.7451
4.8250
4.9573
4.9999
4.9859
4.7882
4.4913
4.4056
4.5074
4.5143
4.4006
4.4905
4.2951
4.2636
4.4907
4.2383
4.5345
4.4727
4.3345
4.4321
4.2834
4.4431
4.5014
4.4120
4.1133
4.4861
4.4435
4.6027
4.6293
4.8759
4.5291
4.4602
4.0533
4.5086
4.4123
4.3473
4.4318
4.3210
3.9939
3.8157
4.1188
4.0088
4.6530
4.5481
4.7746
4.6504
4.3844
4.2488
4.4965
4.2914
4.3860
4.2897
4.3279
4.4103
4.2547
4.2561
4.3850
4.3526
3.9660
4.1398
4.2193
4.5192
4.3271
4.2668
4.2332
3.9816
4.1551
4.1191
4.1596
4.0275
4.1623
4.3735
4.3671
4.4007
4.0711
4.1071
4.0857
4.1201
4.3151
4.2584
4.8720
4.2619
4.4649
4.1183
4.1355
4.2749
4.4038
4.5223
4.6626
4.1459
4.3140
4.3706
4.3532
4.5565
4.6505
4.4816
4.3858
4.0785
4.0670
4.3767
4.0679
4.1902
4.0681
4.0409
4.3022
4.0904
4.0434
4.0774
4.1003
4.2157
3.9796
4.2205
3.8881
4.3639
4.2695
4.4180
4.2280
4.6618
4.3844
4.3987
4.3455
4.2417
4.3374
4.6595
4.1488
4.2780
4.4292
4.4351
4.4252
4.4521
4.4954
4.4134
3.8169
3.9310
3.8896
4.2249
4.2488
4.0622
4.0915
4.0322
4.5606
4.4700
4.1728
4.7785
4.3429
4.3017
4.0422
4.1196
4.2067
4.3964
4.2442
4.2344
4.4623
4.4058
4.2003
4.4755
4.8934
4.4422
3.9482
4.2224
3.9939
4.1047
3.8534
4.0636
3.8860
3.6204
4.0327
4.1360
4.0961
4.0530
4.0974
4.1411
4.0298
3.8793
3.8769
3.7643
3.5558
3.7122
3.9656
3.5676
4.0084
4.0625
4.0158
3.7351
3.6659
3.7562
3.7156
3.6159
3.6751
3.6445
3.8297
3.7647
3.6943
3.7605
3.9805
3.9107
3.6859
4.0867
4.0154
4.1873
4.0575
4.1876
3.9324
4.1444
4.4347
4.7373
4.5072
4.1084
4.3515
4.2850
4.3818
4.6058
4.1540
4.3896
4.2917
4.3240
4.6747
4.2422
4.2447
4.2182
3.9802
4.1787
4.3572
4.3016
4.4043
4.1093
3.9179
4.1660
4.2055
4.2479
4.0626
4.0466
4.2311
3.9249
4.0300
4.4475
4.1983
4.4515
4.1191
4.4092
4.0107
4.2338
4.3011
4.3821
4.2424
3.9964
4.1714
4.2878
4.5497
4.2739
4.1681
4.3105
4.2786
4.3936
3.7704
3.9754
4.2326
4.0925
4.0332
4.0875
4.2211
4.0437
4.0923
4.0678
4.1770
4.4475
4.3953
4.2829
4.1817
4.0256
4.0535
4.2011
4.2237
4.3557
4.3217
4.4455
4.5059
4.2722
4.1594
4.4088
4.1734
4.2289
4.3058
4.4711
4.4215
4.0758
4.1525
4.4510
4.0829
4.0792
4.1076
4.2591
4.1549
4.3772
4.3988
4.1604
4.1330
4.2051
4.1018
4.1039
4.0755
4.0919
4.3538
4.3566
4.2422
4.2788
4.1722
4.1684
3.8255
3.8631
3.6868
4.1116
4.1549
3.8585
4.0323
3.8691
3.6160
3.7799
3.8591
3.6317
3.4716
3.9765
3.7139
3.7572
3.6765
3.7245
4.1434
3.9689
3.9184
3.7915
4.1475
4.0874
4.0802
4.2176
3.9083
3.8174
3.9993
4.0476
3.5100
4.0847
4.1200
4.1241
4.4217
4.2019
4.2949
4.0711
3.9750
3.6482
3.8821
4.0341
4.0898
4.1031
4.0904
3.8306
3.9707
3.6179
4.0413
3.8747
3.8826
3.9456
3.6616
4.1841
4.1209
4.1276
4.4573
4.1023
4.0385
3.8221
3.7701
4.0774
3.9667
4.1029
4.2685
4.0557
4.0868
3.9223
3.9771
4.0109
4.0029
3.9576
4.3611
4.4056
4.1489
3.9433
3.7780
4.0673
4.1641
4.0473
4.0930
4.1651
4.1597
4.0584
3.8288
3.8906
3.9322
3.6260
3.8455
3.5557
3.5042
3.9001
3.9756
3.8686
3.9467
3.8757
3.9524
4.5007
4.4492
4.0422
3.9366
4.0413
4.0824
4.4261
4.0137
4.1627
4.0436
4.1840
4.1640
4.2635
4.1290
4.2800
4.2139
4.4319
4.3396
4.2359
3.9131
3.7564
3.8111
3.8844
4.4096
4.2286
4.1386
3.9305
4.1028
4.1661
3.9434
3.7307
4.2379
4.1579
4.3977
4.1055
4.2634
4.6244
4.2536
4.2915
4.4597
4.0611
4.6467
4.8291
4.7343
4.2584
4.5443
4.2718
4.0096
3.8705
4.4194
4.0175
3.9614
4.1644
3.8538
4.2239
4.0862
4.2021
4.4330
4.1341
4.2940
4.3647
4.1998
4.4826
4.2827
4.3243
4.3243
4.7619
4.4799
4.4347
4.2696
4.6463
4.5369
4.1116
4.6560
4.4406
4.7663
4.3698
4.2403
3.7829
4.2727
4.2621
4.4538
4.2249
4.4526
4.5600
4.2792
4.3213
4.4354
4.5015
4.2923
4.4169
4.4467
4.2479
4.1637
4.0822
4.3332
4.1511
4.2404
4.1286
4.4766
4.3356
4.2012
4.1691
4.3787
4.6960
4.3748
4.4587
4.4557
4.2808
4.1681
4.3771
4.2973
3.9787
4.1339
3.8358
3.9925
3.9520
4.0450
4.2016
3.9288
4.1767
4.0432
4.3382
4.3307
4.3829
4.2907
4.3322
4.1096
4.3192
4.2964
4.2711
4.2775
4.3648
4.3654
4.6756
4.3414
4.0019
4.4160
4.4982
4.3937
4.1727
4.1043
4.5225
4.4465
4.4728
4.1253
4.4906
4.3948
4.5608
4.6870
4.8670
4.7417
4.3215
4.1243
4.2017
4.5679
4.5906
4.3970
4.5600
4.4905
4.5670
4.1880
4.3063
4.0795
4.0755
4.2265
4.1267
4.3489
4.2528
4.7059
4.3194
4.0780
4.3093
4.1837
4.1809
4.3571
4.0774
4.1131
4.4377
4.8787
4.4882
4.7056
4.4086
4.5082
4.6605
4.6231
4.5034
4.3268
4.2567
4.3194
4.4363
4.4922
4.3538
4.2541
4.4013
4.0648
4.1434
4.1898
4.5082
4.3297
4.3940
4.6563
4.4238
4.5578
4.4106
4.5464
4.5230
4.8128
4.6595
4.3663
4.0935
4.0873
4.0721
4.5497
4.1789
4.1260
4.0653
3.8879
4.2011
4.2106
4.1701
3.7329
3.8580
3.8228
3.7829
3.8202
3.8110
3.8267
3.9575
3.9233
3.7862
3.8349
4.1322
4.3172
4.4502
4.4893
4.5661
4.6089
4.6218
4.6367
4.6600
4.4988
4.6889
4.5327
4.7608
4.5940
4.5654
4.6901
4.3778
4.5766
4.6425
4.2434
4.3330
4.5613
4.4922
4.5481
4.6988
4.7376
4.5292
4.4135
4.4274
4.1562
4.3261
4.3714
4.2229
4.1708
4.2641
4.3478
4.2359
4.1432
4.4170
4.3607
4.4344
4.4687
4.1939
4.5185
4.5245
4.4799
4.5601
4.1159
4.2538
3.9951
4.1015
4.2860
3.9018
4.2516
4.2793
4.5164
4.2888
4.2809
4.4049
4.5252
4.3881
4.5089
4.4794
4.4236
4.6304
4.5048
4.0987
4.2716
4.5518
4.7194
4.5411
4.3599
4.2490
4.4050
4.4685
4.3334
4.2603
4.4476
4.4954
4.4020
4.6888
4.4657
4.6589
4.6699
4.6414
4.7623
4.5120
4.3792
4.0944
4.1955
4.6155
4.2238
4.4870
4.1797
4.2520
4.5392
4.0833
4.2901
4.2141
4.5272
4.2443
4.2091
4.1890
4.1187
4.0317
4.3316
4.4925
4.2605
4.2977
4.4305
4.4232
4.3573
4.1861
4.4921
4.2354
4.3093
4.0725
4.3049
4.3546
4.2602
4.3769
4.2813
4.0159
4.2075
4.4479
4.2914
3.8796
3.8931
4.3013
4.2724
4.2477
4.4285
4.1725
4.2825
4.0530
4.1686
4.3582
4.3462
4.1218
4.1659
3.9692
3.8344
4.1645
4.1190
4.3439
4.1957
4.1172
4.1922
4.3186
4.2895
4.1781
4.2464
4.1907
4.2652
4.2776
4.0025
3.9033
4.0950
4.2080
4.0598
4.1154
4.2212
4.0882
4.2516
4.1515
4.2216
4.1402
4.2010
4.2102
4.1653
4.1663
4.2706
4.0211
4.0148
3.7866
3.9714
4.2672
4.0976
4.2858
4.1014
4.3039
4.3339
3.9074
3.7826
3.8537
4.2083
4.0810
4.2385
4.3844
4.3135
4.3481
4.2049
4.2765
4.3469
4.3123
4.3334
4.4936
4.2390
4.4569
4.2005
4.1386
3.9803
3.8759
3.8689
3.9892
4.1307
4.3621
4.0134
4.2745
4.1470
3.9617
3.9340
4.1527
4.0524
4.0076
4.1392
4.3908
4.0234
4.1202
4.1992
4.0558
3.9389
3.8787
3.9734
4.0560
3.9491
4.1104
3.9831
4.1320
4.1779
4.0478
3.9150
3.9871
3.9343
3.8375
3.9525
3.9560
4.2958
4.3131
3.9599
4.0202
3.9934
4.2458
4.0117
4.0607
3.8893
3.8796
3.8903
3.6586
4.0080
4.0472
3.8713
3.8453
4.1010
3.9547
4.2579
3.7337
3.9028
3.7079
4.2433
4.2750
4.6026
4.1985
4.2228
4.1472
4.0823
4.1100
4.2296
4.3639
4.4438
4.3570
4.0127
4.2435
4.1426
4.5180
4.1978
4.2497
4.4143
4.1661
4.2606
4.1457
4.3606
4.3815
4.5438
4.6140
4.5147
4.6391
4.4037
4.3078
4.7159
4.6937
4.4387
4.5170
4.3192
4.2329
4.2202
4.2448
4.3020
4.3380
4.4873
4.3504
4.4380
4.0140
4.1188
4.0319
4.3402
4.4807
4.5878
4.3109
4.6785
4.9373
4.6030
4.4979
4.7136
4.6965
4.6084
4.5247
4.4076
4.4310
4.6120
4.3677
4.3018
4.4344
4.4876
4.4155
4.2445
4.2528
4.3748
4.2213
4.2459
4.3034
4.1255
3.9603
4.3647
4.1122
4.4356
4.3148
4.4482
4.4995
4.7209
4.5852
4.7094
4.2027
4.3831
4.3468
4.7607
4.6521
4.7235
4.5835
4.4614
4.1259
4.4624
4.2766
4.3662
4.4115
4.0981
4.1298
4.1812
4.0767
4.2381
4.0680
4.3552
4.1690
4.4054
4.2557
4.1574
4.0505
4.2957
4.2587
4.3555
4.1690
4.1893
4.4743
4.4808
4.5289
4.5760
4.6362
4.2796
4.1287
4.0585
3.9991
4.2981
4.0631
4.0071
4.0511
4.1877
4.1645
4.0657
4.0064
4.0614
4.2920
3.9053
3.8190
4.0615
4.1316
3.9596
4.1983
3.8170
3.7921
3.9681
3.9885
4.0591
3.9516
4.1125
3.8699
3.8076
3.9427
4.0895
3.9601
3.9841
3.9452
3.9558
3.9238
3.9063
3.7576
4.0538
4.4064
4.1696
4.2066
4.0421
4.2027
4.2582
4.2352
4.2525
4.5289
4.2722
4.1129
3.9785
4.0987
3.8245
4.1740
4.0641
4.1230
4.1097
4.1624
4.3232
4.0601
3.9413
3.9790
3.7288
4.0121
3.7950
3.9232
4.0979
3.7761
3.9318
3.9739
3.9963
4.2338
4.1312
3.8847
4.1104
4.0409
4.1090
3.9735
3.9064
4.0015
3.8756
3.9124
3.8152
4.1591
4.1746
4.2379
4.2258
3.9577
4.0943
4.2628
4.1929
4.1899
4.2702
4.1649
4.1964
3.9490
4.0864
4.1362
3.9390
3.9469
4.0509
4.0317
4.0286
4.1592
3.8950
4.0530
4.0790
4.2875
4.0829
4.1879
4.0829
3.9569
3.8208
4.0384
4.1176
4.1474
4.1567
4.1665
4.0488
3.8297
4.1265
4.3687
4.0337
4.1003
4.1196
4.1179
4.0698
4.2087
4.1959
4.0632
4.1966
4.2084
4.6158
4.2768
4.0279
4.2722
4.2179
4.2554
4.1669
4.4251
4.3051
4.1839
3.8980
4.2459
3.8022
3.8581
4.0850
4.1768
4.1335
4.2437
4.1137
4.1088
3.9434
4.1244
4.2195
4.1719
4.1923
4.2063
4.2545
4.2204
3.9151
4.0929
4.0635
4.3793
4.2571
4.1965
4.4938
4.0085
4.2149
4.3665
4.0990
4.0466
4.1824
4.0730
4.2527
4.2082
4.0456
4.5025
4.2901
4.4093
4.3814
4.3898
4.1791
4.3019
4.2607
4.4133
4.3241
4.3531
4.3565
4.0904
4.0735
4.1097
3.9600
4.0070
4.1909
4.1297
4.0769
4.0175
4.1526
4.0622
4.0315
4.0041
4.1101
3.8672
4.1784
4.0513
4.0957
4.1127
4.0018
4.1212
4.1931
4.0162
4.4079
4.1105
3.9649
4.3358
4.2549
4.1277
4.1169
4.2976
4.1525
4.3164
4.2612
4.3316
4.2232
3.9512
4.2894
4.0925
4.2368
4.2344
4.2114
4.0687
3.8154
4.1073
4.0439
4.1312
3.9974
3.7411
3.9144
3.8351
4.0246
3.9534
4.0120
4.1719
4.0049
4.2197
4.2047
4.2124
3.9414
3.9570
4.0075
4.1349
4.0696
4.2048
4.6113
4.1476
4.2663
4.2384
4.2294
4.3424
4.3330
4.2123
4.1858
4.2370
4.2899
4.3212
4.1338
4.2191
4.2380
3.9874
4.1355
4.3014
3.9773
4.4437
4.4848
4.0278
4.0112
4.0981
4.2427
3.8379
4.0107
4.1286
3.8968
4.1217
4.2246
3.9564
4.0499
4.2482
4.1688
4.2314
4.2771
4.1498
4.2487
4.3381
4.3618
4.3047
4.3392
4.3968
4.1613
4.3601
4.2000
4.2908
4.2049
4.1976
4.4882
4.4307
4.1309
4.0024
3.8492
4.1651
4.1903
4.0141
4.2515
4.4332
4.4095
4.4155
4.4669
4.2426
4.1326
4.2587
4.4279
4.4170
4.3403
4.4516
4.3352
4.4426
4.2568
4.3592
4.1887
4.5717
4.3358
4.4503
4.3235
4.4185
4.4989
4.6111
4.2011
4.3499
4.4348
4.3291
4.4543
4.2414
4.2802
4.3514
4.0364
4.2181
4.0468
4.2401
3.8637
4.0353
4.0836
4.3293
4.1482
4.3605
4.3608
4.5140
4.4330
4.2568
4.2556
4.1283
4.1200
4.0191
4.1370
4.3204
4.4392
4.4328
4.7138
4.6765
4.7685
4.6934
4.2704
4.1608
4.2123
4.3862
4.1983
4.4265
4.2646
4.4964
4.3429
4.3652
4.4276
4.4477
4.3374
4.2694
4.4177
4.4251
4.3010
4.1840
4.5304
4.6201
4.3121
4.4752
4.3432
4.4364
4.5434
4.5882
4.4914
4.5196
4.4463
4.3836
4.3045
4.5149
4.3411
4.4714
4.4362
4.6630
4.3886
4.3479
4.2990
4.6480
4.9693
4.3338
4.5293
4.4449
4.4453
4.3568
4.5225
4.7699
4.7606
4.7687
4.5238
4.4587
4.5428
4.4411
4.7065
4.3229
4.6037
4.7002
4.3731
4.4319
4.5816
4.6390
4.4542
4.9786
4.9315
4.5525
4.5841
4.4444
4.6688
4.3019
4.4527
4.4262
4.6232
4.9880
4.8371
4.6328
4.6610
4.4741
4.7472
4.6989
4.6526
4.4243
4.4122
4.4111
4.3460
4.6469
4.4358
4.4422
4.3767
4.5298
4.6157
4.7390
4.6586
4.7336
4.5105
4.6708
4.5399
4.5313
4.5975
4.4635
4.3020
4.3999
4.5847
4.3461
4.2386
4.2819
4.4438
4.6224
5.0327
4.6897
4.6965
4.3259
4.6533
4.5517
4.7701
4.9047
4.5746
4.4529
4.6440
4.7053
4.7932
4.8747
4.7221
4.9058
4.8614
4.7920
4.6724
5.0559
4.7658
4.6616
4.6546
4.6472
4.6662
5.1052
4.7635
4.9399
4.8076
4.8627
4.9703
4.8508
4.7358
4.6104
4.6662
4.7827
4.8343
4.7414
4.7465
4.6670
4.6527
4.6570
4.9182
5.1357
4.9136
5.1262
4.4011
4.5906
4.6540
4.6542
4.6501
4.1993
4.4744
4.5917
4.8325
4.5780
4.7033
4.3781
4.5220
5.0191
4.7272
4.5539
4.6220
4.7366
4.2193
4.6725
4.7087
4.9536
4.6079
4.7712
4.7612
4.5061
4.7874
4.3424
4.7631
4.5701
4.4949
4.4058
4.6189
4.6944
4.5084
4.6735
4.4860
4.7577
4.8398
4.7428
4.7206
4.3805
4.6040
4.6227
4.7068
5.0142
4.8631
4.7232
5.1294
4.9160
4.6606
4.7153
4.6464
4.5720
4.6481
4.5326
4.8870
4.8339
4.6118
4.7557
4.6928
4.9160
4.7993
4.7145
4.9023
4.7598
4.8108
4.7372
4.6695
4.5801
4.5321
4.8197
4.9162
5.2646
4.9394
4.9121
4.7461
4.9423
4.5180
4.4045
4.7381
4.7164
4.6635
4.7075
4.6328
4.4228
4.4456
4.6278
4.5172
4.3787
4.4605
4.4796
4.5984
4.6659
4.6716
4.7188
4.6470
4.7294
4.6121
4.9047
4.7339
4.4762
4.7573
4.7895
4.8886
4.5546
4.8817
4.8274
4.7085
4.7202
4.3928
4.5850
4.4832
4.4853
4.5019
4.5556
4.5587
4.5851
4.4703
4.3603
4.4592
4.4951
4.4871
4.3486
4.3414
4.4250
4.3942
4.3950
4.4444
4.5289
4.5249
4.6523
4.6616
4.6396
4.6795
4.6435
4.3485
4.5011
4.3359
4.3059
4.4003
4.2593
4.4817
4.7575
4.4740
4.7578
4.3474
4.6393
4.4587
4.7195
4.4969
4.6811
4.5463
4.6502
4.6580
4.6561
4.7729
4.6136
4.5551
4.7259
4.6277
4.3882
4.8554
4.5241
4.2738
4.6191
4.3642
4.3880
4.8066
4.3483
4.8108
4.7765
4.4961
4.7495
4.6186
4.2078
4.4588
4.2298
4.2621
4.5931
4.3812
4.6340
4.7519
4.6307
4.3041
4.6934
4.6624
4.5260
4.4581
4.6463
4.7672
4.4473
4.7518
4.7715
4.4324
4.5722
4.5420
4.6649
4.4642
4.6365
4.7370
4.9618
4.6398
4.6826
4.6994
4.7410
5.0677
4.7162
4.4691
4.3891
4.5616
4.5229
4.6190
4.5316
4.8177
4.5913
4.5444
4.4592
4.3929
4.4841
4.6513
4.5403
4.2418
4.3333
4.3533
4.5563
4.5337
4.4856
4.5533
4.4812
4.6375
4.4708
4.5539
4.7587
4.7508
4.7954
4.6024
4.4256
4.6475
4.6258
4.6004
4.8157
4.6317
4.7045
4.6722
4.7796
4.5720
4.6900
4.4232
4.2809
4.4233
4.3315
4.4108
4.4822
4.4900
4.4926
4.4991
4.5444
4.5600
4.4069
4.6534
4.7119
4.3864
4.4170
4.4148
4.6231
4.6843
4.3486
4.6447
4.6551
4.6235
4.4852
4.5624
4.7074
4.7387
4.9250
4.8041
4.7453
4.6721
4.7864
4.5203
4.5596
4.3991
4.5236
4.4253
4.5921
4.4215
4.4134
4.4615
4.5911
4.7882
4.7081
4.4008
4.7548
4.7464
4.7945
4.7917
4.8968
4.8691
4.6527
4.6505
4.6040
4.3765
4.4903
4.6206
4.2765
4.5360
4.3815
4.6793
4.6696
4.9829
4.7702
4.6274
4.4740
4.1417
4.1428
4.6046
4.6181
4.4051
4.6010
4.6230
4.4037
4.6427
4.3233
4.7576
4.1578
4.3712
4.3346
4.5490
4.2710
4.3704
4.4656
4.5271
4.4236
4.5893
4.5085
4.5192
4.7265
4.4622
4.9591
4.5530
4.5658
4.6253
4.6850
4.5414
4.9545
4.8255
4.6794
4.9880
4.6299
4.8863
4.6778
4.7230
4.6644
4.9064
4.8663
4.7495
5.0253
4.7660
4.9273
4.7626
4.8368
4.5445
4.5120
4.5965
4.5494
4.9255
5.1157
5.2605
5.0688
4.8772
5.1724
4.8920
4.6192
4.7825
4.6552
4.9514
4.8682
4.8329
4.7599
4.6330
4.4235
4.6062
4.7404
4.8445
4.8292
4.9347
4.5415
4.4387
4.7746
4.6567
4.2650
4.0433
4.6474
4.8028
4.4523
4.7815
4.8966
5.0282
4.8723
4.6685
4.5526
4.3599
4.2407
4.6544
4.5767
4.4236
4.4586
4.4129
4.1953
4.6429
4.5367
4.4047
4.8211
4.5806
4.4961
4.5742
4.5200
4.6573
4.8484
4.8612
4.7457
4.5083
4.4460
4.4521
4.8890
4.6954
4.7150
4.6884
4.9106
4.8606
4.9145
4.9007
4.9665
4.6117
5.0431
5.1853
5.0756
4.9331
4.9770
4.5225
4.7940
4.6986
5.0378
5.0007
5.0088
5.1522
5.1448
5.3513
5.1432
5.1664
4.8219
5.1523
4.8828
5.0556
4.7282
4.8668
5.0491
5.2491
5.1676
4.9872
4.6500
4.5839
4.6138
4.7264
4.6164
4.8369
4.5257
4.3477
4.8686
4.7616
4.4254
4.4292
4.4411
4.4675
4.3077
4.2431
4.1368
4.1897
4.0246
3.9309
4.2723
4.4825
4.2843
4.3635
4.4055
4.3569
4.6058
4.5243
4.3451
4.3671
4.6935
4.6714
4.7466
4.4715
4.2750
4.4078
4.8144
4.6077
4.6129
4.5788
4.8045
4.7656
4.5586
4.7139
4.7329
4.6445
4.6397
4.8048
5.2111
5.4989
5.2629
5.3748
5.1010
5.2584
4.9656
5.0835
5.3522
5.0529
4.9845
5.1122
5.4436
4.9670
5.0427
5.1274
5.2093
5.1519
5.2432
5.0797
4.8470
4.9891
4.8931
5.0303
4.9107
5.1031
5.0439
5.3725
5.3243
5.4356
5.5410
5.2913
5.2901
4.9919
5.2839
5.3327
5.1932
5.3280
5.4542
5.8728
5.3953
5.2750
4.9451
5.2062
4.8804
5.1503
5.2533
5.0639
4.9582
4.8862
5.1066
4.7627
4.9582
4.8921
4.7759
4.7613
4.7225
4.5129
4.5261
4.9308
5.0640
4.9907
4.9050
4.8297
4.9784
4.9290
5.1430
5.1038
4.8044
4.8115
5.2256
5.0198
5.1886
5.2601
5.5092
5.1925
4.9572
5.2471
5.0114
4.8720
4.9366
4.7160
5.1160
4.9184
4.7619
4.6209
4.9430
4.9671
5.0169
4.8583
4.7644
4.7279
4.8850
4.9291
4.8605
4.8198
4.8329
4.9166
4.8902
5.1409
5.1753
5.6826
5.4718
5.2473
5.2510
4.9655
5.0104
5.1178
5.1131
5.0618
5.2094
5.4040
5.3199
4.8615
4.8165
5.0613
5.0051
5.1614
5.1899
5.3051
5.1139
5.0519
5.3072
4.9456
4.8843
4.5907
4.4919
4.8459
4.8840
4.7770
4.6852
4.5185
5.0380
5.1351
5.0387
4.9911
4.8793
4.7749
4.7835
4.8143
5.0176
5.0283
4.8551
4.8293
5.0562
4.8954
4.9071
4.6602
4.7997
5.0630
5.2242
4.6581
4.7326
4.8032
4.9990
4.7183
4.5485
4.7486
4.7293
4.5823
4.4073
4.2378
4.5332
4.5161
4.6226
4.3489
4.4385
4.1869
4.2460
4.2012
4.1057
4.2461
4.0252
4.4816
4.4226
4.5323
4.2958
4.6054
4.5254
4.6584
4.5244
4.6913
4.4463
4.5210
4.3694
4.1418
4.2014
4.4466
4.5696
4.6979
4.5625
4.4744
4.5325
4.6253
4.7351
4.6385
4.5877
4.3952
4.5236
4.4211
4.4241
4.3996
4.3046
4.3689
4.1796
4.3915
4.1511
4.3368
4.4189
4.5978
4.5271
4.7023
4.5834
4.4365
4.4156
4.5249
4.2277
4.0711
4.2306
4.4155
4.5016
4.4543
4.5869
4.4453
4.4286
4.4486
4.3052
4.7182
4.3280
4.3990
4.5327
4.2658
4.2366
4.3220
3.8820
3.9906
4.2154
4.3794
4.1655
4.2187
4.1441
4.2318
4.4982
4.3510
4.2770
4.4585
4.1138
4.2297
4.1437
4.0622
4.2758
4.3910
4.3230
4.3245
4.3693
4.4832
4.3765
4.1819
4.3442
4.4475
4.3505
4.1388
4.5096
4.4584
4.6701
4.2926
4.3518
4.5273
4.7354
4.5403
4.4739
4.6715
4.5374
4.2340
4.7063
4.5712
4.4800
4.5488
4.7263
4.1667
4.3375
4.3774
4.3987
4.5235
4.6446
4.4733
4.7952
4.7206
4.4193
4.4895
4.6120
4.5386
4.3410
4.3513
4.1821
4.2677
4.4802
4.4324
4.4281
4.4494
4.2970
4.5153
4.4530
4.4620
4.5629
4.4097
4.4917
4.5563
4.3146
4.5918
4.3731
4.4844
4.8093
4.5310
4.5462
4.4499
4.4005
4.4363
4.4844
4.6629
4.6994
4.4610
4.6050
4.6222
4.4849
4.6201
5.0574
4.7559
4.8367
4.4721
4.6499
4.6698
4.4079
4.4313
4.4903
4.6495
4.5525
4.6791
4.6389
4.4169
4.6174
4.5496
4.3438
4.4272
4.5775
4.3871
4.3148
4.2367
4.4014
4.4350
4.6678
4.5721
4.4763
4.5987
4.4352
4.2225
4.4570
4.2589
4.2343
4.3701
4.4392
4.2070
4.2885
4.5112
4.5008
4.5465
4.2429
4.6355
4.6600
4.8671
4.6664
4.5513
4.6588
4.2467
4.2712
4.5785
4.6117
4.8459
4.6365
4.6284
4.7153
4.5558
4.5260
4.7273
4.4688
4.5914
4.2739
4.1311
4.2330
4.4812
4.2430
4.3247
4.2927
4.0802
4.3165
4.4086
4.2789
4.1604
4.1741
4.0229
4.2349
4.1378
4.2564
4.2644
4.2963
4.4156
4.3999
4.4799
4.3855
4.4793
4.4448
4.5379
4.1884
4.2433
4.3860
4.1748
4.1872
4.4366
4.2330
4.2042
4.2825
4.3653
4.3413
4.3058
4.1962
4.4788
4.1637
4.1667
4.0467
4.1308
3.9725
4.0153
4.0528
4.0921
4.1351
3.8945
4.1796
3.9163
3.9106
4.1583
4.1641
3.9645
3.9507
3.9412
4.1741
4.1637
4.2208
4.0417
4.1328
4.0398
4.1147
4.0470
4.0696
4.3016
4.2966
4.5051
4.2721
4.3782
4.4325
4.2446
4.5455
4.3794
4.4800
4.3586
4.3461
4.1867
4.1058
4.2129
4.3231
4.2651
4.2701
4.1683
4.3477
4.3033
4.3649
4.2105
4.0630
4.0539
4.0853
4.4804
4.3845
4.1392
4.2982
4.2812
4.2178
4.1386
4.2099
4.2642
4.2780
4.3647
4.3874
4.4246
4.1875
4.0706
4.3923
4.0540
4.0309
4.0439
4.1343
4.1722
4.1867
3.9738
4.3596
3.9959
4.1922
4.1194
3.9823
4.0559
4.0212
4.0116
4.1972
4.3223
4.3159
4.1947
4.3741
4.4947
4.3703
4.3440
3.9377
4.1746
4.0214
4.0855
4.0090
4.0024
4.2638
4.2605
4.2728
4.3882
4.5366
4.6425
4.4747
4.2079
4.0417
4.0920
3.9711
4.1220
4.0246
4.3148
4.1681
4.3233
4.1473
4.1705
4.1973
3.9641
4.0829
3.9719
4.0077
3.9986
4.2442
4.1837
4.3160
4.0081
3.9638
4.0413
4.1019
4.3261
4.2378
4.1063
4.0009
4.0634
4.1194
3.9971
4.2178
4.1876
3.9366
4.1311
4.0671
4.0271
4.0165
4.2061
4.0240
4.1676
4.1431
4.0629
4.1137
4.0804
4.1036
4.2107
4.0091
4.0138
4.0813
3.9266
4.0641
4.0492
4.0364
4.1352
4.2047
4.0698
4.2051
4.4186
4.0946
4.0701
3.9441
3.9133
4.1680
3.9829
4.1597
4.1146
4.3221
4.1100
4.0780
4.0138
3.8671
3.9114
3.8112
3.9311
4.0832
4.0967
3.9050
3.8821
3.8415
3.8326
4.0057
4.0114
4.1022
3.8822
3.9129
3.8912
4.0060
3.9469
3.8842
4.0389
3.9425
3.9740
4.0062
3.9297
3.9792
4.1173
3.9400
4.1577
4.1278
4.1318
4.3203
4.2953
4.2097
4.3916
4.2923
4.2053
4.3639
4.1118
4.2815
4.2699
4.0579
3.9577
3.9935
4.0316
3.8422
3.8813
3.9217
3.8227
3.8836
4.0227
4.0519
4.0473
4.2938
4.2960
4.2030
4.0854
3.9537
3.9523
3.9641
3.9089
3.8518
3.9803
3.9286
3.8130
4.0547
3.9340
4.0764
3.9334
3.8558
3.7932
3.8504
3.9134
3.9772
4.0480
3.9396
3.8864
3.8394
3.8536
3.7957
3.8136
3.8818
4.0329
3.8833
3.9122
3.9544
3.8770
3.8671
4.0246
4.1030
3.8617
3.9008
4.0666
3.9475
4.0013
3.8761
3.9121
3.8977
4.0030
3.9489
3.8656
3.9383
3.8387
3.7940
3.8649
3.9114
3.9814
3.9467
3.9433
3.9755
3.8320
3.9245
4.0568
4.1185
3.9763
4.1384
4.0987
4.0694
3.9993
4.1160
4.0751
3.9528
4.0315
4.2263
4.3328
3.8780
4.1541
4.2866
3.9374
4.0666
4.0154
4.0786
3.9890
4.0200
4.1005
4.1290
4.0240
3.8411
4.0056
4.0336
4.2065
4.1350
4.1923
4.1166
3.9473
4.0046
3.9171
4.0674
4.0886
4.0549
3.9766
4.0780
4.0536
3.9992
4.2132
4.0663
4.0504
4.1973
4.0642
3.9288
4.1605
4.4303
4.3540
4.2062
4.1974
4.3402
4.2922
4.1315
3.9802
4.1482
4.0665
4.2050
4.1597
4.0351
4.0313
4.1322
3.9414
4.0306
4.1192
3.9947
3.9087
3.8835
3.8090
4.0305
3.9039
3.7961
4.0876
3.9484
3.9958
3.7602
3.9820
4.2146
4.1572
4.1027
3.9800
3.9309
3.9419
3.9964
3.9122
3.8473
3.9973
3.8475
3.8984
4.0356
3.9619
3.8938
4.0260
3.9450
4.0610
3.9748
3.7655
3.8020
3.8368
3.8085
3.7375
3.9220
4.0123
3.9961
4.1122
4.1479
4.1691
3.9528
3.9569
4.0329
3.9489
3.8819
3.7765
3.8903
3.8363
4.0724
4.0743
4.1455
4.1424
4.2385
3.9831
4.2200
4.0985
4.0797
3.9510
4.0881
4.4063
4.4520
4.0855
4.2619
4.1563
4.1761
4.1622
4.3566
4.2661
4.1942
4.1563
4.1249
4.2199
4.3495
4.4267
4.3190
4.1856
4.2564
4.2527
4.1369
4.0902
4.1756
4.0949
4.0736
3.9439
4.0814
4.0316
4.1202
4.1775
4.0367
4.1724
3.9486
4.1087
4.4537
4.3025
4.2269
3.9937
4.1159
4.2102
4.0245
4.1355
4.1726
3.8760
4.2260
4.0512
3.9947
4.1409
3.8694
4.0799
4.1135
4.3397
4.3224
4.1455
4.1217
4.2808
4.1631
3.9952
4.1351
3.8919
4.1934
4.1315
4.1960
3.9489
4.1216
4.0752
4.0743
4.0932
4.1133
3.9923
3.9861
4.1122
3.9328
4.1164
4.5221
4.1009
4.2597
4.2660
4.3328
4.1304
4.2649
4.1981
4.0827
4.1275
4.2688
4.0775
4.0771
4.3075
3.9766
3.9792
4.2624
4.0390
4.0367
3.9758
4.1512
4.6050
4.3539
4.3976
4.5409
4.0663
4.1570
4.1845
4.3670
4.4013
4.2928
4.1657
4.3425
4.1277
4.3633
4.4411
4.1595
4.5609
4.1649
4.2441
4.1338
4.2744
4.0903
4.2030
4.2425
4.2149
4.0735
4.2533
4.3378
4.0664
4.2132
4.3529
4.3952
4.1875
4.0845
4.0935
3.9521
3.7875
3.9109
4.1139
4.1237
4.1937
4.1198
4.2250
4.0171
4.0270
4.2183
4.2212
4.2872
4.1658
4.1667
4.1823
4.1914
3.9499
4.0839
4.3201
4.1792
4.2033
4.4174
4.3399
4.3294
4.0906
4.2612
4.2421
4.0288
4.3118
4.0851
4.3162
4.1385
4.2437
4.1767
4.1021
4.3855
4.2487
4.3749
4.2719
4.2952
4.2531
4.2350
4.2445
4.3061
4.3025
4.2481
4.0113
4.2298
4.2830
4.4060
4.4077
4.0925
4.2046
4.3405
4.5180
4.1802
4.1030
3.9479
3.9287
4.0884
3.9884
4.3951
4.2212
4.3049
4.5269
4.3408
4.2373
4.2272
4.2676
4.2034
4.3919
4.2304
4.0834
3.9733
4.2600
4.2958
4.2124
4.3165
4.0929
4.0581
4.2197
3.9287
4.1622
4.1202
4.1260
4.1130
4.1224
3.9983
4.0814
4.1220
4.1373
4.1823
3.9408
4.0317
4.0956
4.2020
4.1497
4.0741
4.2462
4.2251
4.2632
4.2694
4.1094
4.0558
4.4127
4.0425
4.1184
4.2176
4.1712
4.1835
3.9687
4.0676
3.9351
4.2351
4.1444
4.1206
4.2645
4.2879
4.4582
4.3414
4.0842
4.1569
4.0918
4.1068
4.3079
4.0700
3.9768
4.3545
3.9919
4.4098
3.9945
4.1614
4.3095
4.2062
4.4699
4.3226
3.9364
4.0622
4.1661
4.3276
4.1941
4.2770
4.0897
4.2500
4.1839
3.9451
3.8549
4.1904
4.1678
4.3287
4.4041
4.0959
4.1845
4.1257
4.4217
4.2985
4.0534
4.0471
4.2035
3.9696
4.3103
4.0787
4.2052
4.0876
4.0914
4.0543
4.0404
4.1139
4.2163
4.2767
4.0925
4.1311
4.2851
4.1798
4.2846
4.0934
4.1122
4.1324
4.1248
4.1144
4.0884
4.0177
4.1197
4.0072
3.9720
4.0585
4.0371
4.0297
4.1118
3.9924
3.9816
4.1910
4.1694
4.0550
4.2209
4.4511
4.2084
4.1958
4.2698
4.3848
4.2689
4.3294
4.3573
4.3111
4.2335
4.4428
4.2659
4.4121
4.3376
4.2887
4.2939
4.2816
4.1553
4.2721
4.2972
4.4775
4.4205
4.5494
4.3222
4.3181
4.3621
4.2649
4.4411
4.3722
4.1675
4.3089
4.0905
4.2304
4.3106
4.4229
4.2217
4.4988
4.3850
4.2766
4.1530
4.1121
4.0997
3.9576
3.9356
4.0877
3.9867
4.0640
4.1502
4.1022
4.1381
4.1513
4.0299
4.0193
4.1721
4.0369
4.0754
4.0743
4.1411
4.1391
3.9354
4.1006
4.1795
4.1370
4.2214
4.2932
4.4270
4.1756
4.2169
4.2481
4.1000
4.2894
4.3190
4.2654
4.3849
4.2607
4.2558
4.1730
4.0305
4.2070
4.2980
4.1169
4.0224
4.3394
4.2014
4.4116
4.3903
4.1269
4.4605
4.3415
4.2728
4.1580
4.1751
4.4072
4.2639
4.2136
4.3026
4.2722
4.3194
4.2753
4.2763
4.5842
4.4421
4.1722
4.3652
4.4119
4.2120
4.3049
4.1778
4.1846
4.3699
3.9788
4.3441
4.2971
4.4774
4.2322
4.1274
4.1030
3.8766
4.3820
4.1143
4.1106
4.0499
4.0900
4.1169
4.1766
4.2384
4.2913
4.3974
4.3266
4.3003
4.2375
4.2163
4.2118
4.1632
4.2842
4.3255
4.3134
4.2975
4.0397
4.2990
4.4151
4.4252
4.3472
4.1814
4.1812
4.2138
4.0566
4.1944
4.1077
4.1809
4.2750
4.0546
4.2296
4.2788
4.1724
4.2788
4.0809
4.1734
4.2743
4.0958
4.2632
4.3290
4.0892
3.9464
3.9226
4.0797
4.3326
3.9988
4.0952
4.1508
4.2287
4.2685
4.4547
4.2182
4.2545
4.2375
4.2157
4.2091
4.0952
4.0015
4.0842
4.0525
4.0267
4.2461
4.3846
4.2894
4.0046
4.0029
4.0944
4.1311
4.1390
4.2684
4.1133
4.2784
4.0031
4.1070
4.0527
4.0770
4.4552
4.1021
4.0155
4.0533
4.4092
4.0998
4.2479
3.9390
4.0312
4.0283
4.0957
4.3938
4.4720
4.1928
4.1605
4.2065
4.1725
4.2544
4.0692
4.2050
4.1524
4.3245
4.2123
4.2507
4.4512
4.4526
4.5365
4.1937
4.2139
4.3852
3.9901
4.1749
3.8711
4.1405
3.9398
4.2142
4.1482
4.1113
4.0549
3.8960
4.0686
3.9073
4.0267
3.9495
4.1066
4.0973
4.4112
4.2555
4.1300
4.0091
3.8893
4.0807
3.9377
3.9065
3.7814
3.9396
3.9053
3.8998
4.0729
3.9797
4.0010
3.9885
4.0547
4.3787
4.4710
4.5578
4.1606
4.2152
4.0252
4.1379
3.9996
4.1371
4.1111
4.0722
3.9921
4.3161
4.1830
4.1138
3.8946
4.0909
4.1299
3.9234
3.9503
3.9183
3.8011
3.8703
3.9018
3.9155
3.8868
3.9483
4.1445
4.0855
4.0719
4.0020
3.8622
3.9214
3.9789
3.8476
3.9717
3.9887
3.9553
4.1216
4.4127
4.2253
4.2769
4.0197
3.9591
3.9099
4.0908
4.2783
4.1893
3.9405
4.1212
4.1136
4.0420
3.7898
3.8947
3.8240
3.9054
4.0927
4.0025
3.9479
4.3027
4.3302
4.2098
4.2746
4.0926
4.0835
4.0417
4.1831
4.0829
4.0068
4.0485
3.8761
4.1214
3.9895
4.2333
4.0376
4.1277
4.1077
4.1192
4.1095
4.3422
4.1640
4.3942
4.2234
4.3053
4.2047
4.1837
4.0583
4.2596
4.3056
4.0416
3.9522
4.0070
4.0702
4.2400
4.0860
4.2155
4.1565
4.3305
4.2333
4.0142
4.3096
4.1508
4.3277
4.1740
4.5011
3.8798
3.9816
3.8959
4.0336
4.1307
4.2608
4.1389
4.3209
4.2877
4.3815
4.1863
4.0520
4.3011
4.1375
4.1314
4.1523
4.1122
4.2051
4.1394
4.4336
4.3658
4.2766
4.3370
4.1745
4.1243
4.1481
4.3269
4.4317
4.6017
4.4338
4.2362
4.1924
4.6078
4.1553
4.0648
4.2657
4.3469
4.2751
4.4669
4.6033
4.2532
4.3760
4.1888
4.2878
4.2278
4.3305
4.1904
4.3773
4.4590
4.1745
4.2220
4.1099
4.1328
4.4221
4.3610
4.3579
4.3377
4.3076
4.4283
4.2286
4.3040
4.1612
4.2523
4.1983
4.4166
4.0306
4.1993
4.1017
4.2994
4.3855
4.3665
4.5148
4.3557
4.3725
4.4075
4.1774
4.3202
4.1720
4.1823
4.1300
4.0374
4.0858
4.0791
4.1381
4.2131
4.3282
4.2269
4.1992
4.1581
4.3094
4.1621
4.1923
4.0439
4.2235
4.2853
4.3084
4.1516
4.0987
4.3547
4.1702
4.2564
4.1465
4.0393
4.0238
4.1010
4.0167
3.9767
4.0844
4.0599
4.0466
4.1163
4.1948
4.1706
4.3392
4.0366
4.0383
4.2893
4.2614
4.3952
4.1301
4.3014
4.3198
4.2274
4.1572
4.2605
4.5196
4.4649
4.3089
4.3071
4.3339
4.4501
4.2596
4.1938
4.0504
4.0929
4.0382
4.1051
4.1108
4.2643
4.2428
4.2065
4.1956
4.2221
4.3986
4.1542
4.1468
4.3490
4.3878
4.2457
4.2219
4.2412
4.2404
4.3691
4.0174
4.0825
4.3311
4.3541
4.2336
4.1995
4.2115
4.1931
4.0271
4.0833
3.8489
4.0686
4.2727
4.0571
4.3418
4.3077
4.2328
4.5248
4.2026
4.0699
3.9302
4.2533
4.0638
4.2874
4.2605
4.3218
4.2293
4.3193
4.4897
4.2884
4.1783
4.3213
4.2065
4.2156
4.1536
4.2152
4.2067
4.1563
4.1728
3.9782
4.2003
4.1208
4.1016
3.9529
4.2296
4.1194
4.0237
4.0635
3.9939
3.8844
4.0256
3.7632
4.0774
4.0667
4.1739
4.0152
4.1378
4.1176
4.0654
4.0358
3.9724
3.9747
3.8842
4.0078
3.9639
4.0151
3.9343
4.2396
4.1890
4.1456
4.3235
4.2544
4.2898
4.4699
4.2779
4.4166
4.1608
4.1910
4.3479
4.2458
4.3514
4.5031
4.1366
4.3364
4.1599
4.2890
4.5060
4.3248
4.3527
4.3128
4.4318
4.1916
4.1739
4.2515
4.3620
4.1724
4.0108
4.2172
4.2979
4.4292
4.4491
4.3350
4.3676
4.2104
4.2090
4.2576
4.2286
4.2137
4.2577
4.1379
4.2432
4.0404
4.0166
4.3069
4.0728
4.1555
4.2655
4.4942
4.3278
4.4206
4.2969
4.2431
4.1945
4.0284
4.0872
4.1447
4.0734
4.1066
4.1258
4.1762
4.0976
4.0760
4.2822
4.3692
4.2616
4.2064
4.3006
4.2933
4.2150
4.1520
4.2613
4.0160
4.1889
4.2508
4.1574
4.1694
4.1564
4.1579
4.1617
4.3432
4.2260
4.3492
4.4691
4.3462
4.2606
4.2021
4.0718
3.9528
4.3032
4.5543
4.6046
4.4072
4.5294
4.2491
4.3926
4.3088
4.3399
4.3237
4.4275
4.1851
4.3329
4.2646
4.4085
4.3750
4.1780
4.0058
4.2517
4.2877
4.3620
4.2976
4.3192
4.3343
4.4274
4.1481
4.3561
4.0661
4.1068
4.1291
4.1542
4.0897
4.0728
4.0040
3.8071
3.8560
3.9107
4.0949
4.0241
3.8888
3.8365
3.9350
4.0163
3.9555
3.9968
4.0969
4.0439
3.9650
4.0544
3.9524
4.0313
4.0015
3.8641
4.0206
3.8430
4.0666
4.0523
3.9096
4.0185
3.8828
3.8600
3.8450
3.7880
3.8852
3.8123
3.8956
4.0046
4.1392
3.9850
3.9686
4.1419
3.9803
3.9098
3.9793
4.1311
4.1758
4.1806
3.9339
4.1219
4.2907
4.0666
3.9265
4.1703
4.5912
4.2977
3.9677
4.2364
4.3540
4.2133
4.4455
4.2635
4.2040
4.0531
4.1432
3.9674
4.1859
4.4333
4.0955
4.4211
4.3306
4.3122
3.9291
4.0872
4.3397
4.1524
4.1052
4.0700
4.1776
4.2654
4.1407
4.0755
4.2507
4.3630
4.1635
4.1830
4.2317
4.1511
4.5483
4.4516
4.3726
4.2398
4.1281
4.0355
4.1243
4.2213
4.1783
4.1823
4.2352
4.2990
4.3791
4.3920
4.3718
4.3480
4.1845
4.3301
4.0951
4.1385
4.1292
4.2415
4.4816
4.3800
4.2781
4.5882
4.7677
4.4342
4.6308
4.5511
4.3790
4.5230
4.4716
4.1881
4.2121
4.5841
4.3387
4.3042
4.1459
4.2667
4.7632
4.7799
4.4287
4.3987
4.4679
4.4758
4.3976
4.3235
4.1527
4.1827
4.3758
4.2233
4.3164
4.3434
4.4638
4.1671
4.4901
4.3334
4.1142
4.5608
4.3205
4.7183
4.4281
4.4692
4.4532
4.2620
4.2367
4.1487
4.2990
4.3266
4.3058
4.3617
4.3281
4.5030
4.4642
4.3618
4.3188
4.1783
4.2360
4.2987
4.3070
4.2730
4.2818
4.2068
4.2451
4.2444
4.3822
4.2322
4.4108
4.3046
4.5205
4.3734
4.2284
4.3356
4.3520
4.1854
4.5520
4.4710
4.2249
3.9940
4.2503
4.2130
4.1894
4.0051
4.1613
4.2493
4.1397
4.1799
4.1235
4.1849
4.0247
3.9294
4.1341
4.3008
4.0663
4.3903
3.9963
4.1197
4.4081
4.2537
4.1451
4.1146
4.1100
4.1976
4.1686
4.2057
4.2021
4.1688
4.1160
4.1383
4.4209
4.0528
4.0956
4.2730
4.3111
4.3467
4.2568
4.1962
4.2245
4.2958
4.2987
4.3202
4.0896
4.1059
4.2490
4.3256
4.2036
4.3272
4.1473
4.3883
4.2593
4.2773
4.3321
4.4246
4.4381
4.3770
4.3624
4.2861
4.1934
4.2755
4.3256
4.3045
4.4102
4.2894
4.3625
4.0763
4.1081
4.1180
4.0452
4.1298
4.3395
4.4241
4.5621
4.4311
4.4592
4.1934
4.3225
4.4642
4.5055
4.2950
4.2960
4.3876
4.2468
4.3388
4.2145
4.1828
4.0551
4.3334
4.3203
4.3395
4.2744
4.2779
4.3325
4.1655
4.2121
4.3074
4.3107
4.1539
4.0946
4.1011
4.2976
4.3103
4.1997
4.1881
4.1932
4.2229
4.1775
4.2460
4.3190
4.2968
4.4694
4.1912
4.2977
4.2404
4.2615
4.3960
4.2863
4.2506
4.1665
4.2263
4.3324
4.3042
4.4042
4.3905
4.3446
4.2078
4.4181
4.4558
4.4420
4.3611
4.3107
4.3644
4.4318
4.2801
4.5108
4.2516
4.3745
4.0138
4.3478
4.6089
4.6416
4.3903
4.5623
4.3513
4.2962
4.4564
4.5546
4.4732
4.5079
4.6099
4.4318
4.2559
4.2377
4.4023
4.6588
4.4092
4.5806
4.4629
4.2213
4.3584
4.2734
4.2679
4.0860
4.3749
4.2610
4.3579
4.1738
4.6707
4.2217
4.2273
4.0253
4.0923
4.0492
4.3815
4.2213
4.1622
4.2608
4.0784
4.0605
4.0422
4.1253
4.1459
4.1482
4.0224
3.9215
3.9611
4.0466
4.1146
3.9642
3.9869
4.0117
3.9604
4.0765
4.1153
4.2113
4.1381
4.4138
4.4228
4.4017
4.3997
4.4550
4.5254
4.6197
4.6243
4.3365
4.4198
4.3330
4.3809
4.3036
4.0823
4.4846
4.3579
4.2773
4.2582
4.0873
4.1553
4.4740
4.3277
4.2313
4.3158
4.3094
4.1375
4.3829
4.4490
4.6156
4.2471
4.2232
4.2705
4.1083
4.3613
4.4025
4.0723
3.9990
4.0818
4.0987
4.1646
4.4749
4.5004
4.2418
4.4916
4.3377
4.4578
4.3602
4.3527
4.4669
4.4548
4.4314
4.2015
4.2127
4.2869
4.1402
4.3410
4.3017
4.4513
4.4132
4.3880
4.2356
4.3186
4.2849
4.3676
4.2637
4.2999
4.2345
4.1736
3.9355
4.0410
4.3707
4.1305
4.1368
4.0504
4.1639
4.3507
4.3048
4.1601
4.1906
4.4148
4.2099
4.1308
4.2230
4.0889
4.3094
4.2680
4.3499
4.3077
4.3127
4.4054
4.3614
4.3758
4.2687
4.2514
4.3300
4.3742
4.2576
4.2153
4.2195
4.0221
4.1319
4.4840
4.2200
4.2657
4.0564
4.2087
4.3209
4.5187
4.3892
4.2902
4.4497
4.4719
4.5350
4.3259
4.4505
4.4556
4.2990
4.2491
4.5705
4.4720
4.2026
4.4512
4.2475
4.5573
4.3899
4.2701
4.3882
4.4768
4.3490
4.3497
4.2102
4.0040
4.0290
3.9985
4.1452
4.3114
4.3884
4.4261
4.2716
4.4920
4.2689
4.2909
4.1781
4.2734
4.1758
4.4491
4.4657
4.4849
4.6922
4.3418
4.2670
4.1876
4.3122
4.3347
4.5868
4.3256
4.2654
4.4279
4.2767
4.2375
4.1568
4.2002
4.3566
4.5702
4.6307
4.4196
4.5464
4.3144
4.5631
4.5404
4.3421
4.4647
4.3789
4.3375
4.5167
4.5690
4.5822
4.6654
4.4581
4.4939
4.5444
4.6950
4.6832
4.5436
4.2804
4.3297
4.1953
4.2995
4.5066
4.1264
4.3274
4.3872
4.3512
4.2124
4.3667
4.2251
4.3153
4.3878
4.4081
4.3903
4.4229
4.3021
4.3206
4.3108
4.3945
4.3676
4.5552
4.2373
4.3705
4.3127
4.0982
4.4079
4.3395
4.4810
4.2215
4.2103
4.3929
4.1282
4.3583
4.2236
4.5253
4.2584
4.0738
4.1034
4.1190
4.0360
4.0030
4.1896
4.2296
4.3127
4.0917
4.2370
4.2377
4.1665
4.3121
4.1814
4.1784
4.2249
4.0854
3.9748
4.0023
4.0919
4.1273
3.9245
4.0530
4.1027
3.9962
3.9377
3.9727
4.0850
4.1607
4.2341
4.0913
4.2253
4.1528
3.8750
4.0506
4.0826
3.9725
4.0107
4.0907
4.1501
4.1540
4.1473
4.2753
4.1035
4.0922
4.1537
4.1993
4.3152
4.2872
4.0237
4.2465
4.2927
4.2751
4.1802
4.1049
4.1756
4.2184
4.1505
4.1377
4.1238
4.2461
4.2463
4.1696
4.0468
3.9708
4.0405
3.9602
4.1291
4.2244
4.3558
3.9098
4.0599
4.0773
3.9804
3.9754
4.0595
4.0321
4.1975
4.2088
4.1590
4.2715
4.1396
4.1006
4.1285
4.1220
3.9341
3.8465
3.8113
3.9855
4.1364
4.0988
4.1632
3.9335
3.9552
3.9799
4.2938
4.1904
4.2976
4.1812
4.0753
4.0971
3.9531
4.0233
4.1125
4.2484
4.1719
4.1127
4.0562
4.0350
4.0421
4.2318
4.1988
4.2823
4.3779
4.1395
4.3355
4.3779
4.1475
4.1509
4.0007
4.2311
4.1232
4.1845
4.1734
4.1604
3.9324
4.0123
4.0565
4.1220
4.2277
4.3777
4.1004
4.1018
3.9549
3.9220
4.0022
3.9310
4.1141
4.1181
4.1972
4.0798
4.0977
4.1453
4.2359
4.4432
4.2258
4.1705
4.3560
4.2742
4.3583
4.2068
4.3024
3.9715
4.1605
4.0415
4.1208
4.0708
4.1166
4.2327
4.3823
4.2493
4.3269
4.2787
4.2100
4.0997
4.2150
4.2091
4.1260
4.1977
4.3658
4.2989
4.1736
4.1980
4.0192
3.9870
4.0830
3.9877
4.1108
4.3873
4.0856
4.2784
4.2518
4.1636
4.4974
4.3024
4.3707
4.3320
4.2862
4.4446
4.4767
4.4731
4.4910
4.4232
4.3223
4.4406
4.5481
4.2241
4.2843
4.3586
4.2216
4.4033
4.5449
4.2420
4.1763
4.0778
4.1785
4.1890
4.2581
4.1483
4.2674
4.4170
4.5572
4.4900
4.3796
4.5014
4.3359
4.3672
4.4671
4.4294
4.5053
4.3208
4.3118
4.4890
4.2973
4.4020
4.5800
4.4363
4.1084
4.3032
4.3180
4.2048
4.2721
4.0674
4.3633
4.1955
4.1712
4.3691
4.3315
4.4330
4.4019
4.4503
4.5356
4.2634
4.1256
4.3620
4.5254
4.2126
4.2886
4.2222
4.1808
4.1263
4.2543
4.0999
4.3424
4.2269
4.1081
4.0841
4.1525
4.0748
4.2516
4.2409
4.3135
4.2463
4.2163
4.1821
4.2242
4.4095
4.2847
4.1588
4.4114
4.4022
4.2706
4.2464
4.1725
4.2474
4.4133
4.1217
4.2572
4.2661
4.3669
4.4645
4.4463
4.2598
4.3023
4.3680
4.1054
4.4635
4.4445
4.6586
4.5523
4.3609
4.2118
4.0431
4.1361
4.2606
4.4318
4.4031
4.5410
4.3889
4.4409
4.5479
4.4654
4.1981
4.1694
4.2290
4.2467
4.1806
4.1720
4.2636
4.4988
4.3210
4.2254
4.2284
4.2905
4.3295
4.2993
4.1999
4.3444
4.3749
4.3394
4.3381
4.2857
4.3258
4.3961
4.3369
4.1887
4.4237
4.2683
4.2691
4.2530
4.2016
4.2049
4.0369
4.1242
4.1504
4.0385
4.0383
4.2633
4.1843
4.1592
4.3034
4.0875
4.4153
4.3903
4.2037
4.1468
4.2541
4.4219
4.1854
4.2249
4.3694
4.2290
4.5196
4.4358
4.0171
4.1000
4.3388
4.1818
4.4322
4.2122
4.2066
4.1107
4.1550
4.2613
4.1955
4.2010
4.2387
4.1010
4.2107
4.0466
4.1542
4.2169
4.2200
4.1491
4.1792
4.2954
4.0327
4.0777
4.1585
4.5194
4.3204
4.2520
4.0742
4.2046
4.2777
4.4447
4.1831
4.3792
4.2967
4.5862
4.5012
4.5118
4.3012
4.4442
4.4847
4.3492
4.4534
4.4745
4.4475
4.3491
4.4698
4.3640
4.3598
4.4353
4.4900
4.3559
4.4019
4.2953
4.2265
4.2512
4.0394
3.8975
4.1585
4.2044
4.1244
4.4608
4.3610
4.2507
4.4507
4.1280
4.2670
4.4017
4.2344
4.3411
4.3004
4.3581
4.2177
4.1599
4.1945
4.2246
4.1755
4.2140
4.0815
4.1442
4.0490
4.1479
4.2162
4.4688
4.3916
4.2135
4.2596
4.6811
4.4603
4.1218
4.2705
4.2223
3.9949
4.2305
4.4062
4.4795
4.3464
4.2554
4.3981
4.3462
4.2176
4.4287
4.4990
4.7606
4.7153
4.5955
4.6056
4.5493
4.5221
4.2751
4.5242
4.4521
4.6030
4.3213
4.1132
4.3027
4.4838
4.5118
4.5542
4.6120
4.6477
4.6299
4.5347
4.3508
4.5691
4.4552
4.3532
4.2271
4.6254
4.3135
4.2764
4.3307
4.4228
4.2403
4.5831
4.7204
4.9807
4.6793
4.5824
4.5610
4.5243
4.5400
4.6745
4.6139
4.6688
4.4759
4.5802
4.4323
4.4709
4.6319
4.4872
4.5035
4.5175
4.3431
4.3138
4.1678
4.1280
4.1507
4.0129
3.9228
4.0835
4.2119
4.1261
4.4136
4.4620
4.1960
4.2796
4.4593
4.5025
4.3946
4.4136
4.6396
4.7124
4.3735
4.6513
4.5999
4.4692
4.5145
4.5594
4.3856
4.5946
4.2777
4.4209
4.2062
4.4164
4.3150
4.2461
4.3072
4.1271
4.3647
4.2642
4.2812
4.1556
4.2130
4.0812
4.2038
4.2311
4.1119
4.3559
4.5188
4.6262
4.0819
4.4159
4.4519
4.3058
4.2708
4.2725
4.0207
4.2027
4.2756
4.1783
4.2264
4.3824
4.2311
4.3020
4.2077
4.1739
4.1190
4.2850
4.2807
4.1700
4.0291
4.0893
4.1875
4.2629
4.2674
4.3797
4.3201
4.3592
4.2929
4.3366
4.0852
4.3665
4.3606
4.4549
4.3736
4.3796
4.4335
4.2877
4.4101
4.1450
4.4431
4.2426
4.2627
4.2503
4.0903
4.1999
4.3388
4.2933
4.1879
4.2421
4.2897
4.3565
4.3726
4.2017
4.4532
4.4083
4.3468
4.2174
4.2076
4.2649
4.4104
4.2760
4.1459
4.1348
4.2050
4.3722
4.2485
4.3172
4.0949
4.1605
4.0721
4.1619
4.3817
4.2932
4.2184
4.2168
4.1557
4.0154
4.1886
4.1656
4.3569
4.4024
4.2703
4.2601
4.2153
4.2150
4.3173
4.3925
4.2752
4.2580
4.3356
4.2285
4.3495
4.2309
4.2035
4.2139
4.4875
4.2645
4.3882
4.4516
4.3427
4.2164
4.4877
4.3259
4.2993
4.1650
4.1842
4.3474
4.2212
4.2518
4.5779
4.4467
4.3350
4.4299
4.5944
4.5165
4.3564
4.4575
4.6006
4.6630
4.4629
4.3802
4.2359
4.2648
4.1992
4.1776
4.1615
4.1594
4.0220
4.1806
4.2848
4.1533
4.1909
3.8882
4.2648
4.0502
4.0838
4.1142
4.1404
4.2637
4.1220
4.0836
4.1372
4.1722
4.1364
4.2225
4.3384
4.0985
4.1857
4.1721
4.3068
4.2515
4.2430
4.3186
4.2965
4.0044
4.2687
4.3967
4.3933
4.2350
4.3038
4.2453
4.2830
4.0669
4.2052
4.1362
4.2003
4.4598
4.3780
4.4101
4.3580
4.4304
4.3668
4.1726
4.1636
4.2654
4.0942
4.1468
4.5210
4.0666
4.2889
4.1968
4.2232
4.2544
4.0937
4.0671
4.3152
4.4442
4.4210
4.2779
4.2025
4.2718
4.1353
4.2490
4.3453
4.4111
4.2932
4.1741
4.3104
4.3028
4.0905
4.1609
4.2929
4.0502
4.3946
4.5387
4.5513
4.7217
4.3687
4.2696
4.3539
4.6507
4.5113
4.5393
4.3158
4.3915
4.5586
4.6699
4.4746
4.3665
4.4592
4.6864
4.6888
4.5062
4.4679
4.3817
4.3898
4.3394
4.2007
4.3317
4.0942
4.1608
4.4031
4.5037
4.1980
4.3675
4.5964
4.3203
4.7446
4.6030
4.5275
4.2559
4.4411
4.6750
4.6366
4.5784
4.6345
4.3707
4.2772
4.2060
4.4944
4.3879
4.4644
4.4609
4.4646
4.6261
4.4714
4.1351
4.2133
4.3213
4.4808
4.6708
4.4421
4.6348
4.8252
4.7577
4.4817
4.3960
4.3860
4.2943
4.3541
4.2516
4.1638
4.1326
4.1586
4.2727
4.1760
4.0608
4.1995
4.3003
4.2036
4.3444
4.0932
4.2852
4.0115
4.1811
4.1679
4.0023
4.2226
4.2248
4.2568
4.1733
4.0450
4.0576
4.5233
4.2927
4.1802
4.2713
4.4188
4.2740
4.3634
4.2729
4.0842
4.1377
4.2966
4.2483
4.4130
4.3410
4.4242
4.3358
4.2680
4.4080
4.1927
4.2130
4.3638
4.4373
4.4303
4.3271
4.5219
4.5358
4.3526
4.1115
4.1408
4.3075
4.3291
4.3246
4.2706
4.3865
4.4789
4.4431
4.3092
4.3254
4.4377
4.4547
4.4008
4.1872
4.2879
4.4784
4.3815
4.5222
4.3969
4.3154
4.5616
4.3507
4.3112
4.2276
4.2885
4.2761
4.2425
4.4932
4.2705
4.1710
4.2460
4.3847
4.2365
4.3519
4.3687
4.1781
4.2564
4.2994
4.1266
4.2812
4.2294
4.2632
4.2273
4.1092
4.0605
4.2988
4.1764
4.3143
4.1486
4.2709
4.1628
4.1053
4.1896
4.0698
4.3048
4.1368
4.2239
4.3388
4.4816
4.4247
4.1832
4.1917
4.0927
4.2652
4.3033
4.2112
4.4358
4.3855
4.2022
4.2937
4.3225
4.3143
4.4225
4.3563
4.2251
4.2945
4.3616
4.3183
4.4546
4.2851
4.2926
4.3669
4.3360
4.1187
4.1605
4.2218
4.2724
4.3918
4.4764
4.5465
4.2981
4.4385
4.3814
4.5655
4.2921
4.2381
4.7421
4.4946
4.8356
4.7617
4.8531
4.6376
4.5299
4.5044
4.8785
4.7520
4.5842
4.2820
4.3470
4.2590
4.3534
4.4001
4.0655
4.3657
4.3661
4.5995
4.5442
4.5927
4.4790
4.4744
4.4268
4.4315
4.4941
4.2404
4.2613
4.2674
4.1381
4.2620
4.4048
4.2922
4.5672
4.1746
4.3642
4.6612
4.5178
4.4461
4.7844
4.5085
4.6212
4.1774
4.2517
4.3762
4.1752
4.4829
4.4839
4.1508
4.1482
4.4137
4.3849
4.2508
4.1642
4.2825
4.5561
4.1757
4.2353
4.3596
4.4679
4.3557
4.4421
4.3277
4.4435
4.3108
4.5843
4.5536
4.2331
4.5866
4.6131
4.6124
4.5289
4.5623
4.3600
4.5352
4.6553
4.4034
4.5144
4.5397
4.5270
4.3209
4.2371
4.6017
4.5679
4.6414
4.5942
4.4840
4.4612
4.5876
4.6626
4.4126
4.4115
4.1275
4.3121
4.3107
4.1488
4.1648
4.2784
4.1337
4.3412
4.2113
4.3595
4.4797
4.2894
4.4373
4.4947
4.3543
4.2884
4.3986
4.2734
4.3308
4.4535
4.1922
4.4429
4.1522
4.2065
4.3287
4.2759
4.3564
4.3881
4.6065
4.3303
4.1368
4.2506
4.3392
4.0225
4.0571
4.0009
4.3766
4.1887
4.0666
4.2214
4.2993
4.2053
4.2111
4.0909
3.9064
4.0126
4.2059
4.2656
4.2616
4.0700
4.1416
4.0607
4.0297
4.0217
4.1621
4.2179
4.3538
4.1894
4.2737
4.3469
4.0430
4.1430
4.0055
3.9403
4.0833
4.1324
4.0219
4.1064
4.1995
4.0024
4.2989
4.3544
4.2017
4.2206
4.2794
4.2692
4.4298
4.0049
4.1269
4.1994
4.2658
4.0626
4.1931
4.4193
4.2027
4.4095
4.3217
4.3675
4.2117
4.2171
4.1519
4.3058
4.2244
4.2663
4.0621
4.4901
4.1038
4.1812
4.2631
4.4525
4.2678
4.2239
4.2600
4.2662
4.3361
4.3200
4.4161
4.1138
4.2178
4.1539
4.0704
4.2489
4.2400
4.1009
4.2957
4.2767
4.2030
4.3023
4.1722
4.1603
4.2788
4.1111
4.1841
4.3586
4.3408
4.2961
4.2886
4.3500
4.2248
4.1725
4.0144
4.2426
4.0686
4.2390
4.3092
4.1355
4.2074
4.1272
4.0624
3.8702
4.0200
4.1106
4.3480
4.1275
4.1249
4.2193
4.4297
4.2379
4.0412
3.9683
4.1305
4.0248
4.0330
4.0204
3.8520
4.0091
3.9894
4.1027
4.4040
3.9849
4.2002
4.1089
4.2846
4.2710
4.0472
3.9443
4.1744
4.2806
4.2301
4.1457
4.3540
4.1701
4.1776
4.1281
4.1368
4.1180
4.4606
3.9842
4.3164
4.0925
4.2072
4.3761
4.2580
4.3157
4.1832
4.2788
4.4794
4.3417
4.1238
4.3292
4.3595
4.1411
4.3589
4.2126
4.2039
4.0463
4.1585
4.0820
4.1603
4.1954
4.1832
4.2364
4.2970
4.1735
4.0285
4.1284
4.1318
4.0852
4.1449
4.0571
4.2846
4.3284
4.1538
4.1359
4.1747
4.1016
4.0621
4.2256
4.1588
4.0914
4.2654
4.1752
3.9825
4.0669
4.1888
4.1747
4.2661
4.0830
4.1475
4.3443
4.0655
4.2243
4.2150
4.1779
4.1907
4.1357
4.1122
4.0909
4.1399
4.1252
3.9572
4.2195
4.0990
4.2636
4.0655
4.2106
4.3155
4.0241
3.9461
4.1457
4.0131
3.9231
4.0543
4.0424
3.9349
4.0785
4.1227
4.1548
4.1256
3.9367
3.9650
3.8937
3.8572
3.9584
4.1104
4.2230
4.0682
4.0570
4.0308
4.0234
4.1271
3.9862
3.8888
4.0173
4.0739
4.2732
4.1861
4.1568
4.0351
4.1066
4.3113
4.2707
4.4284
4.1069
4.4107
4.1955
4.1958
4.3894
4.3551
4.3109
4.3658
4.3447
4.0117
4.1781
4.1042
4.1920
4.4248
4.1387
4.0965
4.1559
4.3504
4.4532
4.2661
4.0212
4.0774
4.2766
4.2346
4.0329
4.1569
4.1370
4.2824
4.1857
4.0949
4.1439
4.1100
4.2028
4.1668
4.2639
4.2189
4.0690
3.9858
3.9953
4.0296
4.2032
4.2446
4.2295
4.2951
4.1319
4.0772
4.2034
3.9946
4.1925
4.4947
4.4012
4.3473
4.3676
4.2243
4.2465
4.1930
4.0207
4.3115
4.3352
4.4324
4.4220
4.2583
4.6086
4.4086
4.3115
4.2846
4.1157
4.2372
4.3532
4.2901
4.4364
4.3017
4.2807
4.1845
4.1656
4.2067
4.3016
4.2270
4.2205
4.2256
4.1760
4.3502
4.3380
4.2839
4.3057
4.4043
4.6679
4.3073
4.2333
4.2994
4.2156
4.6295
4.4786
4.4184
4.2210
4.2775
4.3795
4.2711
4.2547
4.1830
4.0828
4.3492
4.2707
4.0666
4.0591
4.1923
4.2058
4.2266
4.2821
4.2712
4.2041
4.1936
4.3657
4.1203
4.1934
3.9872
4.1844
4.3350
4.0814
4.0169
4.1804
4.0323
4.1154
4.0136
4.0452
3.9618
4.1622
3.9496
4.1751
4.1983
4.0446
4.1908
4.2267
4.1989
4.0746
4.1901
4.3555
4.0329
4.2465
4.1703
4.2301
4.1986
4.0762
4.2218
4.1456
4.1293
4.0405
4.1124
4.2561
4.1828
3.9568
3.9627
4.0747
4.0610
4.3460
4.2436
4.2222
4.2278
4.4224
4.0660
3.8730
4.0986
4.1595
4.2259
4.1149
4.4561
4.4250
4.4813
4.2048
4.5227
4.5696
4.5566
4.3477
4.2840
4.2777
4.3580
4.3760
4.2778
4.3800
4.1268
4.2257
4.4742
4.2281
4.3655
4.1501
4.3576
4.3856
4.3071
4.1232
4.1177
4.2340
4.2087
3.9973
4.1840
4.0048
4.1421
4.2151
4.3582
4.1862
4.0109
4.1308
4.1919
4.1328
4.2226
4.2178
4.1359
4.1180
4.1178
4.3326
4.3328
4.1841
4.2454
4.1884
3.9714
4.1216
4.1673
3.9642
4.0791
4.1164
4.2603
4.2762
4.1895
4.3376
4.2852
4.1817
4.2264
3.9971
4.0103
3.9434
4.0801
4.0977
4.2296
4.3096
4.4571
4.1852
4.1627
4.3181
4.0908
4.2660
4.2720
4.3458
4.1987
4.3441
4.2466
4.3562
4.1593
4.2444
4.2956
4.2473
4.2254
4.2224
4.1771
4.1582
4.1828
4.1816
4.1591
4.2981
4.1994
4.2264
4.2212
4.1696
4.3244
4.2399
4.3585
4.3743
4.3208
4.2363
4.1377
4.1663
4.1012
4.0631
3.9612
4.0972
4.2652
4.0047
4.0963
4.0815
4.2359
4.2609
4.0100
4.0542
4.1350
4.2004
4.2566
4.2583
4.2004
4.1121
4.2045
4.1165
4.1813
4.0516
4.3181
4.0337
4.3439
4.2069
4.3891
4.0928
4.1310
4.1246
4.0569
4.2892
4.2015
4.1886
4.0577
3.9670
4.1375
4.3776
4.2233
4.2255
4.2433
4.1228
4.2536
4.1588
4.2123
4.1238
4.0728
4.1440
4.0664
4.0643
4.1140
4.0142
4.1545
4.0528
4.0432
4.1721
4.1298
4.0481
4.3024
4.4759
4.1980
4.3801
4.2664
4.3225
4.1651
4.2944
4.4484
4.3330
4.2613
4.2953
4.1513
4.3154
4.0024
4.3496
4.3916
4.0827
4.0746
4.0963
4.0920
4.3205
4.1352
4.1301
4.0154
4.0910
4.0501
4.0699
4.0000
4.0133
4.2664
4.1896
4.4493
4.1940
4.3168
4.4327
4.1460
4.1628
4.1740
4.3013
4.2824
4.2571
4.2578
4.3422
4.1827
4.0497
4.0632
4.0876
4.0972
4.1962
4.1352
4.1967
4.1893
3.9945
4.2439
4.1180
4.0757
4.0384
3.9948
4.1048
4.3075
4.1606
4.2356
4.3269
4.1847
4.1297
4.2682
4.0115
4.1735
4.2085
4.2390
4.3568
4.2491
4.3941
4.2346
4.2588
4.1676
4.2969
4.2163
4.2110
4.3252
4.2916
4.2361
4.2966
4.2723
4.3856
4.5318
4.5237
4.3236
4.5810
4.3167
4.4359
4.5165
4.5060
4.2656
4.2838
4.3648
4.2887
4.5648
4.2714
4.5346
4.3925
4.3886
4.4132
4.5392
4.5140
4.2002
4.2950
4.3970
4.2882
4.2396
4.4244
4.3778
4.4247
4.4190
4.1788
4.2792
4.4314
4.3697
4.4834
4.4897
4.3668
4.4266
4.3538
4.3637
4.3094
4.5137
4.4715
4.4915
4.5158
4.4070
4.6652
4.4400
4.5057
4.2411
4.4202
4.3872
4.1153
4.1817
4.0090
4.1816
4.4274
4.5178
4.4025
4.3559
4.4838
4.5800
4.3553
4.3377
4.3227
4.3276
4.3126
4.2154
4.4147
4.5645
4.4093
4.3485
4.1909
4.3668
4.5348
4.3463
4.3532
4.2279
4.1065
4.0473
4.4790
4.3663
4.3289
4.3474
4.4028
4.4916
4.4813
4.4070
4.5508
4.4343
4.2866
4.3906
4.3630
4.4373
4.1757
4.1957
4.2326
4.4544
4.1193
4.5185
4.4663
4.4894
4.1460
4.0891
4.2680
4.4874
4.4096
4.0946
4.2867
4.4848
4.0929
4.3533
4.1902
4.2151
4.3154
4.2396
4.3355
4.3271
4.2466
4.3069
4.2612
4.4027
4.3681
4.4268
4.2584
4.2747
4.1761
4.1348
4.1096
4.1286
4.1061
4.3020
4.3005
4.2449
4.1139
4.1572
4.1204
4.2924
4.4410
4.6136
4.4097
4.5177
4.3625
4.1941
4.3576
4.1168
4.6451
4.5106
4.4285
4.3908
4.5609
4.5109
4.4481
4.3416
4.3454
4.2999
4.6380
4.5152
4.3373
4.4149
4.5535
4.4556
4.4178
4.2564
4.2526
4.2452
4.2571
4.1983
4.3110
4.4872
4.4354
4.5398
4.3044
4.5623
4.6193
4.4287
4.2921
4.3661
4.4728
4.6366
4.3102
4.4606
4.4858
4.2033
4.3734
4.3464
4.1842
4.0917
4.3019
4.4129
4.3816
4.3859
4.2156
4.6715
4.4615
4.5114
4.3221
4.5381
4.3337
4.1509
4.4148
4.5263
4.4521
4.4981
4.4073
4.3084
4.2653
4.4132
4.3395
4.5075
4.3545
4.3606
4.2909
4.2205
4.3069
4.2834
4.5343
4.3762
4.3982
4.2836
4.2316
4.2933
4.4084
4.3900
4.2650
4.3662
4.1904
4.3512
4.2754
4.3352
4.2546
4.7126
4.3272
4.3204
4.2889
4.1563
4.4785
4.3839
4.4711
4.3909
4.2826
4.3110
4.2188
4.3455
4.3212
4.2999
4.1897
4.3529
4.3474
4.4648
4.3267
4.1533
4.1514
4.4828
4.6194
4.4019
4.3725
4.2917
4.2491
4.4164
4.4099
4.3216
4.2261
4.1778
4.0259
4.3304
4.3076
4.3856
4.2252
4.4713
4.3347
4.5078
4.4701
4.3002
4.6197
4.5504
4.3970
4.7687
4.4010
4.2818
4.4338
4.5630
4.4280
4.4938
4.4747
4.4045
4.4120
4.3184
4.5160
4.6390
4.5833
4.5955
4.4801
4.6492
4.6185
4.4141
4.3706
4.3755
4.2976
4.0658
4.3368
4.1668
4.3090
4.3898
4.5005
4.3948
4.1921
4.1691
4.2138
4.4265
4.2729
4.0498
4.1792
4.2791
4.3370
4.2012
4.2128
4.4031
4.2775
4.5274
4.4098
4.3997
4.5611
4.3666
4.5004
4.3979
4.3766
4.3620
4.4006
4.4188
4.3008
4.5165
4.6446
4.3379
4.4211
4.4797
4.2819
4.4490
4.5319
4.5039
4.4908
4.5285
4.3836
4.4347
4.5035
4.6711
4.6592
4.4990
4.3234
4.2770
4.4344
4.3230
4.4494
4.3519
4.5056
4.3966
4.3901
4.1383
4.4196
4.6115
4.9107
4.6211
4.4043
4.3758
4.4717
4.5390
4.6331
4.6439
4.3794
4.2534
4.5273
4.4272
4.2390
4.1527
4.4672
4.2089
4.2943
4.2723
4.2405
4.2632
4.4258
4.2414
4.3747
4.2490
4.5647
4.5129
4.4822
4.5455
4.3243
4.4950
4.5813
4.6407
4.4158
4.5970
4.5682
4.4092
4.4663
4.3146
4.1381
4.1581
4.3459
4.2528
4.2880
4.0903
4.1751
4.3107
4.3438
4.4547
4.2809
4.0299
4.1710
3.9822
4.0418
4.2825
4.0046
4.0254
4.0907
4.2476
4.0063
4.3797
4.1241
4.2889
4.1109
4.0816
3.8810
4.0447
4.1461
4.3806
4.2077
4.3611
4.5449
4.4303
4.4723
4.1998
4.3935
4.3548
4.3557
4.4395
4.3480
4.3034
4.5613
4.4290
4.0848
4.0481
4.2621
4.2493
4.0554
4.0753
4.3848
4.3106
4.4940
4.5467
4.4504
4.3458
4.3666
4.6128
4.1654
4.3221
4.2307
4.2148
4.0850
4.2342
4.2667
4.2546
4.3552
4.2759
4.3473
4.2073
4.0934
4.3663
4.3872
4.3582
4.3306
4.4440
4.3640
4.4944
4.7107
4.8897
4.7284
4.3750
4.4091
4.1870
4.1779
4.3240
4.2232
4.6080
4.4342
4.2207
4.4059
4.3361
4.2529
4.1283
4.2493
4.2890
4.1645
4.3177
4.3831
4.3779
4.3630
4.4086
4.3265
4.5744
4.2921
4.2809
4.5210
4.3892
4.1821
4.4788
4.3092
4.1758
4.3066
4.3460
4.4713
4.3210
4.3700
4.4160
4.4057
4.5086
4.4649
4.4648
4.4442
4.5649
4.5162
4.3196
4.2418
4.1778
4.2474
4.1327
4.3731
4.2552
4.3760
4.2602
4.2092
4.1369
4.2564
4.1564
4.4012
4.3496
4.3848
4.1891
4.5667
4.4042
4.6958
4.4296
4.2772
4.5356
4.4699
4.2054
4.5247
4.4968
4.3691
4.3315
4.3300
4.3875
4.2251
4.2823
4.2789
4.2983
4.3115
4.2015
4.0081
4.0813
3.9844
4.1145
4.2414
3.9536
4.2713
4.3570
4.2200
4.1821
4.0992
3.8576
4.1867
4.1163
4.2762
4.4789
4.4175
4.2031
4.5796
4.6017
4.3495
4.2924
4.1814
4.3216
4.2302
4.2843
4.1674
4.5460
4.0290
4.2012
4.1845
4.1041
4.1790
4.2835
4.2220
4.0822
4.1070
4.0312
4.2511
4.2037
4.1633
4.2029
4.0360
4.5033
4.3325
4.2445
4.1127
4.2876
4.1607
4.1218
4.1610
4.1222
4.0281
4.0681
4.1355
4.3033
4.0872
4.1731
4.1149
4.1497
4.0553
4.0532
4.0224
3.8704
3.9966
4.1457
4.1486
4.2634
4.1047
4.1484
4.1184
4.3754
4.2544
3.9997
4.2791
4.2713
4.1974
4.1097
4.1128
4.3308
4.2430
3.9487
4.2566
4.1066
4.1097
4.1788
4.0784
4.1910
4.0823
4.0975
4.0788
4.0167
3.8900
4.2145
4.2548
4.1973
4.0623
4.0161
4.2563
3.9839
4.1154
3.9506
4.2075
4.2008
4.2343
4.1697
3.9473
4.1024
4.1578
4.0981
4.1301
4.1981
3.9524
3.9789
4.0667
4.1606
4.2316
4.0882
4.2827
4.3134
4.2108
4.4785
4.2504
4.3017
4.1320
4.3927
4.1873
4.3144
4.3233
4.3444
4.2003
4.2329
4.2535
4.2264
4.2537
4.2664
4.1788
4.1265
3.9915
4.0917
4.1395
4.1283
4.2467
4.3623
4.1964
4.1258
4.2910
4.0922
4.3267
4.1124
4.3896
4.2123
4.4248
4.2813
4.3106
4.3951
4.1623
4.1747
4.1847
4.1564
4.3502
4.3966
4.2872
4.0249
4.3450
4.3721
4.3132
4.5170
4.1465
4.3689
4.4057
4.2279
4.3448
4.1360
4.3572
4.2428
4.2938
4.3825
4.3035
4.1034
4.0556
3.9787
4.0821
3.9974
3.9886
4.0971
4.0296
4.3499
4.2213
4.1201
3.9994
4.0557
3.9724
4.0221
4.2438
4.1864
4.2059
4.2493
4.3437
4.2887
4.1497
4.0510
4.0686
3.9952
4.2646
4.0761
4.2798
4.3861
4.3133
4.3191
4.1180
3.9627
3.8646
3.8998
3.8352
4.0561
4.2089
4.2142
4.0490
3.9357
4.0205
4.0248
3.9451
4.0076
3.8711
3.8885
3.9562
4.0368
4.2322
4.0030
4.0412
3.8656
3.8107
4.1028
3.9515
3.9374
4.2886
4.0913
4.0513
4.0482
4.0976
4.0150
4.1792
3.9173
4.0093
3.8772
3.8650
3.8971
4.0923
4.1279
4.2031
4.1126
3.9549
4.0147
4.0805
4.1046
4.0288
4.2912
4.2538
4.0781
4.2210
4.2111
4.1432
4.1923
3.9792
3.9634
4.0204
3.9091
4.1965
4.1909
3.9270
3.8476
4.0878
4.0159
4.1167
4.1391
4.0881
4.3989
4.0219
4.1259
4.2960
4.1381
4.0251
3.9456
4.2517
4.1095
4.1138
4.2159
3.9164
3.9676
3.9527
3.9611
4.0336
4.0552
3.9089
4.0721
3.9635
3.8516
3.8807
3.8956
3.9832
3.9163
3.8575
4.0915
3.9613
4.0397
4.0178
3.9371
3.8522
3.8040
4.0520
3.9043
3.9601
3.8040
3.9541
4.0461
3.7196
3.8613
3.8944
3.9075
3.9820
3.8981
3.8671
3.7767
3.8699
4.1338
4.0567
4.0365
4.0490
4.0217
4.2174
4.0674
3.9793
3.8564
3.9821
3.9062
3.9696
3.9166
3.6962
3.9526
3.7757
3.7963
3.9228
4.0068
4.0133
3.8711
4.0626
3.9974
4.1154
3.9347
3.8379
3.9155
3.9936
4.0520
4.1052
4.0757
4.0186
4.0085
3.8036
3.7629
3.7773
3.8574
3.8753
3.9387
3.7996
3.9433
3.8808
4.0733
4.0657
4.0700
4.0391
4.1098
4.0705
4.0473
4.0293
3.7371
3.9478
4.0485
4.0992
4.0477
3.9059
3.9447
4.0047
3.6815
3.8889
3.9730
3.8989
3.9381
3.9186
3.9236
3.7816
3.8966
3.9339
4.0339
4.0890
4.0209
4.1898
3.9083
3.8798
4.0353
3.8869
3.9251
4.1742
4.0146
4.1393
4.0443
4.0857
4.0851
4.5812
4.4245
4.5497
4.4965
4.6443
4.2797
4.2753
4.1918
4.3253
4.2920
4.5866
4.2834
4.3950
4.4191
4.1823
4.3036
4.2814
4.3182
4.2554
4.3182
4.2468
4.3713
4.3164
4.4169
4.4213
4.4917
4.0399
4.4264
4.5444
4.2099
4.2276
4.3496
4.3086
3.9420
4.1844
4.4694
4.4300
4.1560
4.1311
4.0620
4.2255
4.1768
4.2243
4.0177
4.2510
4.0019
4.0618
4.2066
4.1007
4.0756
4.0207
3.9808
4.0128
3.9739
3.8642
4.0072
3.9580
3.9480
3.7205
3.8760
3.9831
3.9761
3.8946
3.9536
4.0722
4.0837
4.2050
3.9713
4.2186
4.3003
3.9118
4.1139
4.0448
3.8705
3.8880
3.8884
3.8504
3.9463
3.9982
4.0041
4.1790
4.1592
4.2750
4.0303
4.0104
4.1590
4.0183
4.0387
3.8457
3.9640
3.9502
3.9652
3.8542
3.8194
4.0045
4.1246
4.1369
4.2559
3.9091
3.7818
3.8683
3.9458
4.0560
3.9228
3.8790
3.7992
4.2115
4.0222
4.1093
4.0294
4.1039
4.1579
4.1317
4.0529
3.9355
4.2771
3.9364
3.8151
4.0046
3.8407
3.9745
3.8921
3.9472
3.9370
3.8384
3.8952
3.8381
3.9490
3.9000
4.1101
4.1260
4.1537
4.0906
4.1610
4.2579
4.0065
4.0763
3.9945
3.9986
3.8787
4.0411
3.9633
4.1909
3.9377
4.1346
4.0856
3.9025
3.9960
3.9857
3.9595
3.8914
4.1016
4.3272
4.1422
4.1978
4.2072
4.3113
4.5018
4.2055
4.1213
4.0890
4.0413
4.2371
3.9172
4.1796
4.1303
4.1640
4.1543
4.1023
4.3645
4.0964
4.0966
4.0184
4.1600
4.0411
4.1264
4.0916
4.0289
3.9470
4.2123
4.2304
4.1140
3.9791
3.9456
4.0767
3.9441
4.0682
3.9478
3.9950
4.0318
4.0600
4.0641
4.2004
4.0158
3.9638
4.0484
4.0589
4.1905
3.9579
3.9984
3.9017
3.9520
4.0595
4.0192
4.1197
4.2862
4.1403
4.2667
4.0554
3.9927
4.1415
4.1011
4.3911
4.3549
4.2514
4.3681
4.4069
4.5151
4.1481
4.2533
4.3566
4.1605
4.1878
4.4154
4.7634
4.1017
4.1253
4.0965
4.1414
3.9868
4.0426
4.1614
4.0954
4.1995
4.0980
4.0483
4.0007
4.0346
3.9040
4.3352
3.9491
4.1030
4.0755
4.0557
3.9733
3.9095
3.9642
4.2105
4.0179
3.8547
4.0677
4.1242
4.1010
4.0738
4.0021
3.8973
3.8888
4.0953
4.1950
4.3854
4.1101
4.0446
4.0829
4.0583
4.1332
3.9864
4.0246
4.0973
4.2013
4.0018
3.9420
3.8869
4.2251
4.1213
4.0059
3.9227
3.9886
4.0485
4.1044
3.9420
3.9193
3.7445
3.8474
3.8325
3.9139
4.0429
3.9466
3.9079
3.8341
3.8333
3.8861
3.9279
3.8734
4.0572
3.8896
3.9373
4.0477
4.0464
3.8886
4.0711
4.2398
4.2317
4.0327
3.9136
3.9831
3.9487
3.7892
3.9457
3.9355
3.9384
4.0543
4.1560
3.9236
4.1480
3.9720
4.1634
4.0735
4.1642
3.9672
4.1096
4.1327
4.2174
4.1873
4.5333
4.6343
4.2226
4.2773
4.5992
4.5349
4.4378
4.3301
4.3846
4.2015
4.1568
4.3867
4.2960
4.1781
4.1158
4.2052
4.1016
3.9750
4.1030
4.0253
4.2098
4.1423
4.1657
4.1126
4.1527
4.0708
3.9688
3.8755
3.9550
3.9053
3.8443
4.0825
4.0934
3.9636
3.9497
4.1439
4.1482
4.1202
4.0473
4.1189
4.1998
4.2689
4.4936
4.4812
4.6049
4.4389
4.1586
4.2509
4.3692
4.0761
4.1984
4.0823
4.0923
4.4061
4.0506
4.1646
4.0986
4.2655
4.1497
4.2376
4.0413
4.1523
4.1208
3.8924
3.8037
4.2330
4.0161
4.1880
4.2408
4.3056
4.1416
4.2167
4.1372
4.1674
4.2313
4.3007
4.3428
4.3167
4.3198
4.2884
4.3803
4.3836
4.4637
4.3283
4.1677
4.2007
4.1451
3.9956
4.0118
4.1113
4.0514
4.2588
4.1935
4.0858
4.1808
4.2100
4.1627
4.2072
4.1201
4.1208
4.0767
4.1795
4.0311
4.2775
4.2216
4.1434
3.9720
3.8625
3.9998
3.9636
3.8969
3.7558
3.9985
3.8520
3.7441
3.7751
3.8921
3.8284
3.7621
3.8808
3.7270
4.0527
3.7339
3.8834
3.8297
3.8517
3.8529
3.8915
3.7092
3.8544
3.8593
3.8461
3.6639
3.9535
4.0852
3.8922
4.2242
3.9480
3.8841
3.7066
3.8708
3.8458
4.0013
3.7041
3.8554
3.9991
4.0701
3.8870
4.0515
4.0438
3.9612
4.0526
3.9699
3.8315
3.9691
3.7284
3.9090
3.8995
3.8756
3.9858
3.7717
3.8960
3.9910
4.0014
4.0640
3.8965
3.8435
3.9855
4.0547
4.2092
3.7812
4.0220
3.8868
4.0280
3.9787
3.9358
3.8726
3.9723
3.8476
4.0983
4.1491
3.9575
4.0139
4.1682
4.0861
4.2335
4.1905
4.0989
4.1289
4.0622
4.1546
4.0668
4.1606
4.1078
4.1409
4.2956
3.9931
4.1298
3.9970
4.1268
3.8295
3.9285
3.8866
4.1339
3.9733
4.0330
3.9906
4.0486
4.0058
4.0065
4.1399
4.0666
4.1146
4.2735
4.0488
4.1518
4.0928
4.1318
4.0470
3.9313
4.0666
3.9358
3.8668
4.0679
4.0519
4.0537
3.9350
4.0056
3.9921
4.0586
3.9430
4.0428
4.1150
4.2858
3.9304
3.7415
3.9152
3.9468
3.9946
4.0509
4.0596
4.0702
4.1572
4.0797
3.9914
4.1669
3.8845
4.0657
4.1790
4.1324
4.1347
4.0568
4.3043
4.1016
3.9787
4.0802
3.9405
3.9941
3.9211
4.0049
4.0418
3.9982
4.0849
4.0821
3.8788
3.9964
3.9266
4.0210
4.0332
4.1303
4.1439
4.2511
4.0278
4.0978
4.2102
4.0948
3.9547
4.0744
4.2361
4.1516
3.9821
3.9548
3.9681
4.0607
3.8799
3.7982
4.0723
4.1083
3.8558
3.9282
3.8190
4.0153
4.0892
4.0280
4.0713
4.0318
4.0341
4.0081
4.1861
3.9722
4.0992
4.0498
4.1677
4.1046
3.9976
4.0615
4.0511
3.9638
4.1914
4.1191
3.9884
3.9605
4.0551
3.9239
4.2260
4.0577
4.2043
4.1137
4.0828
4.0559
4.3638
4.3754
4.1381
4.1953
3.9358
4.0552
4.2844
3.9258
3.9774
3.8973
3.9842
4.1582
3.9707
4.3011
4.2853
3.9716
4.0796
3.9722
4.1150
4.0515
4.0073
4.0948
3.9779
4.1529
4.1158
4.1207
4.0290
4.0530
4.1433
4.0050
4.1015
4.2681
4.0561
4.1010
3.9903
4.0112
4.0122
4.0509
4.0090
4.1393
3.9896
4.0029
4.0727
4.2727
4.1898
4.1662
4.3938
4.2588
3.9944
4.1498
4.4582
4.3818
4.2189
4.1367
4.0704
4.1402
4.0574
4.0029
4.2237
4.1680
3.9852
3.9259
4.0825
4.0530
4.0437
3.9933
4.0749
4.1807
3.8679
4.1516
4.1462
4.1052
4.3501
4.0279
4.2608
4.2081
4.0126
4.1170
3.8190
4.1828
4.0758
4.0220
4.0176
4.0379
3.9717
4.0520
3.8040
3.9524
3.9433
3.7938
3.7449
3.8729
4.0450
3.8774
4.1007
4.0025
4.3446
4.2077
4.1187
4.1895
4.1572
4.1771
4.0941
3.9383
3.9448
4.1021
4.2529
3.9421
4.0840
4.1597
3.8510
4.0530
4.1713
4.2997
4.1142
4.2384
4.1324
4.2137
3.8581
4.1010
4.1695
4.1875
4.1013
3.9445
4.4353
4.0057
3.9594
3.9506
3.8548
4.0772
3.9111
4.0455
3.9337
3.9735
3.6963
3.9006
3.9895
4.0596
3.9468
4.4002
4.1322
4.2684
4.1661
4.2724
4.2188
4.1839
4.0900
4.1118
4.2143
4.2274
3.9870
3.8306
4.0432
3.9751
3.9890
3.9791
4.2053
3.9973
4.1737
4.3901
4.1940
4.2950
4.2667
4.3179
4.2757
4.0721
4.2222
4.2077
3.9405
4.0326
4.1204
4.2936
4.0475
4.0654
3.8800
3.9414
3.9637
3.9511
3.9886
3.8264
3.7136
3.9127
3.9518
3.7653
3.8975
3.9985
3.9899
3.9930
3.8210
4.1968
3.9527
4.0180
4.0485
3.9772
4.0925
3.8267
3.8202
3.9265
3.8896
4.0882
3.8211
3.9538
3.9576
3.8737
3.7447
3.9701
4.0132
3.9897
3.7290
3.8814
4.0641
3.7813
3.9593
3.9966
3.8631
3.9492
3.7631
3.9052
3.8298
3.9155
3.8809
3.8851
3.8246
4.1545
4.2081
4.2865
4.1452
4.0043
4.0183
4.2139
4.0169
4.2106
4.1341
4.0825
4.0134
3.7713
4.0358
3.9205
4.0431
4.1611
3.7690
3.9024
3.9580
3.9705
4.0178
4.0112
3.8801
4.0055
3.9930
4.1946
4.1178
4.2242
4.2757
4.0042
4.1003
4.1061
4.0315
4.0111
4.0957
3.9587
4.1396
3.8841
4.1717
4.0595
4.1433
4.1750
4.0033
4.0444
3.9755
3.9131
3.9555
4.0526
4.0302
4.0260
3.9682
3.9191
4.0090
3.9919
4.0256
3.8708
4.0373
4.1830
4.2623
3.9874
4.0624
3.9564
4.0359
4.0918
3.9513
4.0365
4.0179
4.0094
4.1677
4.1226
4.1153
4.1300
4.1324
4.3229
4.1065
4.1725
4.4131
4.2034
4.1808
4.0957
4.1414
4.2730
4.3533
4.4758
4.2658
4.4946
4.2272
4.2710
4.1656
3.8417
4.0256
4.1227
4.1977
4.1858
4.2127
4.1758
4.2340
4.0181
4.1704
4.3230
4.2661
4.2743
4.4155
4.4311
4.2666
4.1590
4.0597
4.3257
4.1488
4.1200
4.2113
4.2204
4.1959
4.4132
4.1679
4.1444
4.4202
3.9348
4.2727
4.0544
3.9799
4.1642
4.1092
3.9764
4.0869
4.0011
4.0146
3.9239
4.0214
4.0331
3.9485
4.0208
3.8172
4.0351
4.0337
4.1458
4.0175
4.1919
4.1503
4.1341
4.1820
4.1241
3.7879
4.0437
4.3287
4.2755
4.1973
4.1815
4.0424
4.1044
4.1719
4.1892
4.2067
4.2372
3.8724
3.9510
4.0723
3.8962
4.1378
4.0866
4.0856
4.1347
4.0128
4.0175
4.2034
4.1865
4.0230
4.0186
4.1238
3.9409
4.2156
4.1160
4.3699
4.1367
4.0283
4.1344
4.0645
4.2068
4.0619
3.8979
3.9245
3.9194
4.0004
4.1730
4.0017
4.0614
4.1767
3.9914
3.9554
3.9331
4.0369
3.8968
3.7528
3.9228
3.7807
3.8428
4.0362
3.8983
3.9242
3.8712
4.0284
4.1517
3.8871
4.1179
4.2183
3.9064
4.0112
3.9719
4.0759
4.0462
4.1595
4.1479
4.0453
4.2142
3.9625
4.0601
4.0935
3.9539
4.1208
4.0531
4.1170
4.1165
4.4384
3.8896
4.0080
3.9543
4.0590
3.9894
4.1556
4.1313
4.1078
3.8835
3.9951
3.9171
4.1021
3.8709
4.1231
3.9410
4.0773
4.0369
3.9389
4.1570
4.1328
4.0529
3.9929
4.1629
3.8627
3.9053
3.7762
4.0068
4.0235
4.0514
3.8909
3.9924
3.8754
3.8811
4.0905
4.0478
3.9620
4.0218
4.0555
4.0720
3.8858
4.1260
4.2565
4.1918
4.1828
3.9963
3.9823
4.1792
4.1075
3.9953
3.9910
4.0138
4.0681
4.0180
4.0029
3.9882
4.1536
3.9433
3.9387
4.1713
4.0994
3.9642
3.9960
3.9997
4.1497
3.9823
3.9852
4.0542
4.0020
4.0831
4.0676
4.0208
4.0366
3.9677
4.0524
3.9267
3.9638
4.0531
3.9990
4.1076
4.0185
3.8775
4.0942
3.9596
3.8425
4.0828
3.9160
4.0304
3.8321
4.0013
3.9571
3.9875
4.0143
3.8638
3.9105
3.9088
4.0124
4.0546
3.8042
3.9580
4.0079
4.1006
4.0243
4.0970
4.1300
3.9023
4.0759
3.9181
4.0921
4.0123
4.0141
4.1711
3.9401
3.8810
3.8604
3.8162
3.9592
4.0911
4.2100
4.0129
4.0475
3.9492
3.8807
3.8707
3.8330
3.8820
3.8989
3.9734
4.0080
4.0637
4.1181
3.9421
4.0617
4.0294
3.9653
3.8864
3.8912
4.1312
4.1139
3.8995
4.0353
4.0617
4.1167
3.8026
4.2703
4.0348
4.2533
4.0291
4.1130
4.0757
3.9211
3.9593
3.9431
4.0238
4.0149
4.0769
3.9857
3.8919
3.8725
3.9628
3.8139
4.0309
3.9706
4.0403
3.9675
4.0336
3.8268
3.8209
3.9569
3.9450
4.2806
4.1579
4.0020
4.1808
4.1718
3.9608
3.8313
3.9836
4.2372
4.4933
4.1950
4.3060
4.2055
3.9638
3.8623
3.8257
3.9951
4.0992
4.0398
4.1053
3.8455
3.9671
4.1417
4.1335
4.0976
3.9528
3.9887
4.1091
4.1621
4.0765
4.3243
3.7784
3.8833
3.7927
4.0261
3.9079
4.0402
3.9979
3.8369
3.9947
3.9624
3.8430
3.9712
3.9109
4.0393
4.0436
3.9704
4.1176
3.8997
4.2185
4.0682
4.2704
4.0723
4.0627
4.0058
3.9879
4.0804
3.9792
4.0888
4.0625
4.0427
4.0684
4.0243
4.1431
4.1277
4.1787
4.1061
4.1946
4.1296
4.1118
4.3003
4.4668
4.0735
4.0675
4.2778
4.2234
4.1219
4.1795
4.1755
4.2395
4.2087
4.2958
4.1794
4.2461
4.1175
4.0176
4.0149
4.0926
3.8893
4.1752
4.1665
4.0302
4.0562
4.0427
4.0846
3.9120
4.0980
4.0784
3.9743
4.0141
3.9722
4.0487
4.0957
4.1388
3.8718
3.9178
3.9928
3.9405
3.9359
4.0311
3.8601
4.0487
3.9978
4.0799
4.0102
3.9355
3.9932
3.9084
4.0053
4.1921
3.8715
4.2869
4.1926
3.8660
4.0231
3.9157
4.0336
3.7602
4.0621
4.0551
4.2671
4.0822
4.1534
4.0770
4.0486
3.8924
3.9183
4.1146
4.1068
4.0886
3.9546
3.9705
3.9426
3.8050
4.0457
4.0126
3.8685
3.6747
3.9101
3.8459
3.7576
3.7672
3.8570
3.9409
3.7716
3.8890
4.0756
3.8821
3.9079
3.8817
4.1129
3.9263
3.8720
3.9296
3.9767
3.9321
4.0519
3.9911
3.9429
4.0614
3.9278
4.0590
3.9947
4.0831
4.0543
3.9030
4.0605
4.0980
4.1383
4.2457
4.1578
4.2997
4.2082
4.1598
4.2001
4.0604
3.9672
4.0351
4.1187
4.0591
4.0571
4.0661
4.2960
4.4094
4.3766
4.3262
4.3685
4.2979
4.1728
3.9787
4.1436
4.3309
4.1489
4.3680
4.2362
4.0122
4.1075
3.8921
3.9144
4.2202
4.0197
3.9070
4.0784
3.8969
3.9942
4.1398
4.1894
3.9428
3.9973
3.9193
4.0352
4.2174
4.0166
4.0459
4.2350
4.1429
4.1176
4.0305
4.1297
4.0720
4.1469
3.9672
4.0485
4.1453
4.0915
3.9353
4.0884
4.1122
4.1361
3.9780
4.0922
4.0444
4.1116
4.1430
4.0525
3.9939
4.0102
3.9346
4.2042
3.9216
3.9524
4.0018
3.8808
3.9247
3.9637
3.9087
4.0523
4.0554
4.0337
4.0417
4.0175
3.7921
3.9505
4.0789
3.8508
3.9652
3.8763
3.7723
3.8910
3.9125
3.8446
3.7786
3.9736
3.9215
3.8367
3.9192
4.1823
4.1325
3.9640
3.9897
4.0280
3.9582
3.9562
3.7979
3.8263
3.8729
3.9715
3.9864
3.8901
3.9916
4.0951
3.8431
4.0422
4.0773
3.9787
3.9367
3.9479
4.0435
3.8527
3.9670
3.9166
3.7467
3.7089
4.0456
3.9663
3.9623
3.9398
4.0251
3.8577
4.0623
4.0729
3.9652
3.9619
3.9336
3.9417
3.9505
3.8254
3.6500
3.7498
3.8726
4.0749
3.8317
3.9122
3.8532
3.9264
3.8664
3.9717
3.9915
3.9443
3.9614
4.0922
3.8319
3.9628
4.0500
4.0449
3.9309
4.0393
4.0128
3.9504
4.0216
4.0567
4.0648
4.1837
3.9234
3.7366
3.8185
3.7345
3.7931
3.9745
3.9901
3.9095
3.8295
3.9709
3.9255
4.0616
4.0496
4.0983
3.9815
3.9761
3.9421
4.0275
3.9327
3.9949
3.8278
3.8736
3.7601
3.7747
3.7296
3.7091
3.9725
3.9697
3.9213
3.7051
3.7623
3.9578
3.8956
4.0476
3.9847
3.8933
3.8171
3.9312
4.0417
4.2577
3.9930
3.9053
3.8494
3.7260
3.8188
4.0083
4.0723
4.0340
4.0280
4.0903
3.9686
4.0081
3.9850
3.9151
3.8036
4.0604
4.1146
3.9630
3.8140
3.9453
3.8733
3.8902
3.9280
3.8199
3.8133
3.6889
3.8525
3.8406
3.9703
4.0069
4.0841
3.9299
3.9320
3.9585
4.0956
3.8932
4.0196
4.0898
3.9048
4.1246
3.9486
4.1590
4.0281
4.0437
3.9962
3.9788
4.2370
4.1622
4.1129
4.0948
3.9290
3.9743
3.9233
3.9843
3.7840
3.8788
3.8491
3.6848
3.7273
3.8425
3.8117
3.8003
4.0315
3.7583
3.9180
3.8013
3.7306
3.8608
3.8235
3.9939
3.8211
4.0155
4.0122
4.0970
3.8836
3.7264
3.8598
4.0976
3.9863
4.0777
4.0004
3.9756
3.7887
3.9354
4.0306
4.1808
3.8001
3.8828
3.8926
3.8909
4.0499
4.0771
3.8638
3.9387
3.7842
3.8542
4.0543
3.9253
3.9637
4.0615
3.9030
4.1594
3.5803
3.8838
3.8473
4.0220
3.9133
3.7063
3.8272
4.0072
4.1333
3.9370
3.9882
3.8080
3.8765
4.0328
4.0122
3.9584
3.8474
4.0076
4.0146
3.9042
3.7370
3.7393
3.9821
3.7988
3.8684
3.8357
3.7142
3.9309
3.9985
4.0178
3.6918
3.8599
3.8901
4.1323
3.7979
3.9517
4.1028
3.8277
3.7914
3.7503
4.0001
3.9369
3.7761
3.7345
3.8334
3.7528
3.8548
3.8901
3.9182
3.8659
3.9109
3.9678
3.9700
3.8998
4.0157
4.0574
3.8212
3.8321
3.8743
3.7894
3.8927
3.9019
3.8441
3.9017
3.7427
3.7487
4.0607
4.0705
3.8823
3.8487
3.8762
3.7951
3.7453
3.6066
3.8675
3.7760
3.7683
3.9870
3.7294
3.8337
3.7946
3.6852
3.9363
3.9580
3.9201
3.7854
3.8677
3.9335
3.8687
3.9491
3.9547
3.7542
3.9312
3.7420
3.6863
4.0222
3.9059
3.8008
3.8263
3.9075
3.7885
4.0589
3.8629
3.9464
4.1800
4.0380
3.8130
3.8460
3.9879
3.8866
3.9183
4.0120
3.8984
3.9317
3.8082
3.8388
3.6277
3.8740
3.7602
3.8731
3.8890
3.7408
3.7820
3.8349
3.7314
4.0279
3.8703
4.0026
4.1284
3.8838
3.9542
3.8743
3.8664
3.9368
3.9153
3.9987
3.8568
4.0145
3.9528
3.9453
3.9110
3.9629
3.9312
3.9441
3.8849
3.8880
3.9476
4.1696
4.0559
4.2122
4.1310
4.0083
3.7828
3.9128
3.8680
3.8071
3.8399
3.8645
3.7614
3.8700
3.9163
3.8537
3.8108
4.0282
3.8887
3.8736
3.8932
4.0089
3.9009
3.8860
4.0065
3.9878
3.9965
3.8638
3.8785
3.9014
4.0419
3.8681
3.8604
3.7584
3.7958
3.8262
4.0445
3.9188
3.8499
3.7525
3.9820
3.9887
3.7483
3.7603
3.8305
3.6217
3.6491
3.8181
3.7713
3.8574
3.7756
3.9085
4.0015
3.8369
3.7363
3.7533
3.8550
3.7897
3.8088
3.7735
3.7822
3.8709
3.8445
4.0371
4.1430
4.1408
4.1733
4.0280
3.8996
3.9158
3.8708
3.8184
3.9366
3.7711
3.8957
3.7998
3.8253
3.7319
3.7800
3.8162
3.7846
3.8606
3.8971
3.9579
3.7064
3.8620
3.9375
3.9570
3.8722
3.7688
3.8589
3.9551
4.0396
3.7599
3.7540
3.8492
3.9008
3.8915
3.7463
3.8055
4.0238
3.7861
4.1194
3.7923
3.8785
3.7940
3.9160
3.9334
4.0784
3.9280
3.9437
3.8863
3.9073
3.8372
4.0018
4.0023
3.7475
3.8282
3.8057
3.8823
3.8741
3.7170
3.7498
3.7435
3.9038
3.9096
3.8634
3.9537
3.6557
3.8114
3.9193
3.9834
3.9452
3.9589
4.0876
3.9405
4.4669
4.1198
3.8751
4.0525
3.8737
3.7699
3.9629
4.1421
4.1181
4.0079
4.0906
3.9230
3.9925
3.8070
3.7608
3.8709
3.9040
3.8644
3.8875
3.7592
4.1161
3.9853
3.8142
3.8624
3.8942
3.7959
3.7515
3.9259
3.9071
3.8679
3.9674
3.8975
4.0265
3.8170
4.0794
4.1661
3.9658
3.9110
4.1007
3.9369
3.8420
4.0120
3.7706
3.8537
3.8998
3.8293
3.9574
3.8609
3.9704
3.9226
3.9234
3.9230
4.1193
4.1098
4.0725
3.9469
4.1732
3.9825
3.9601
3.9567
4.0437
3.9842
3.9002
3.9949
3.7889
3.9245
3.8521
3.9582
3.9513
3.8449
3.9378
3.7143
3.8435
