2.3940
2.4378
2.6550
2.6581
2.8647
2.5195
2.8128
2.7270
2.3525
2.2206
2.3858
2.3831
2.3217
2.0704
2.1410
1.9860
2.3008
2.3799
2.0386
1.8621
2.1191
2.1275
1.9749
2.0264
2.3480
2.2176
2.2975
2.5098
2.3236
2.4055
2.2768
2.4153
2.3342
2.5004
2.4392
2.3391
2.0585
2.3849
2.4797
2.2494
1.9390
2.0805
1.9886
2.2563
2.2373
2.5540
2.3365
2.2518
2.4654
2.2730
2.2916
2.1164
2.2438
2.2282
2.2144
2.2441
2.4271
2.5224
2.6360
2.2757
2.4363
2.4501
2.3787
2.3361
2.2267
2.2714
2.3508
2.6151
2.8828
2.5285
2.3160
2.3760
2.4980
2.5073
2.5124
2.3004
2.1957
2.0516
2.0826
1.9756
2.1585
2.2367
2.1311
2.1656
2.0224
2.1528
2.2721
2.3811
2.2696
2.0938
2.1569
2.0809
2.2001
2.1102
2.2344
2.0781
2.2542
2.2102
2.2393
2.5444
2.3786
2.7080
2.4567
2.5788
2.6001
2.5681
2.4731
2.4653
2.4271
2.3603
2.1800
2.3067
2.2884
2.1771
2.1558
2.3370
2.4566
2.5959
2.6559
2.6983
2.4929
2.3745
2.5788
2.3388
2.2839
2.3878
2.2084
2.4550
2.1070
2.2621
2.2120
2.3434
2.4050
2.3566
2.2908
2.4742
2.5723
2.2724
2.3909
2.4183
2.1903
2.4130
2.3089
2.3428
2.3745
2.3784
2.3100
2.4462
2.2986
2.3558
2.4706
2.4131
2.4267
2.3630
2.4347
2.4210
2.5013
2.4694
2.3511
2.4917
2.1979
2.3294
2.1924
2.5722
2.3787
2.3718
2.4018
2.4418
2.6644
2.8764
2.8914
2.8298
3.0678
2.9422
2.7471
2.6900
3.0968
2.9970
2.6146
2.7098
2.5240
2.8137
2.6976
2.3558
2.6491
2.5064
2.4809
2.5209
2.4738
2.5523
2.4110
2.3073
2.4768
2.5158
2.4579
2.9051
3.0916
2.9148
2.5926
2.5647
2.9057
2.8014
2.5524
2.7350
2.8546
2.6344
2.7131
2.7061
2.6407
2.4244
2.5584
2.7507
2.7430
2.5118
2.5749
2.5393
2.7792
2.8026
2.8243
2.6447
2.5444
2.6910
2.6505
2.4398
2.5916
2.6172
2.5167
2.8028
2.4492
2.4189
2.4119
2.4397
2.3202
2.4048
2.7004
2.4347
2.6331
2.5658
2.7524
2.7980
2.4675
2.7520
2.8634
2.4695
2.5464
2.4637
2.4593
2.5344
2.3716
2.6498
2.4680
2.4399
2.3941
2.6872
2.4853
2.4460
2.3837
2.4392
2.4935
2.2733
2.4883
2.3694
2.2427
2.4465
2.6796
2.5031
2.3353
2.6310
2.5674
2.6781
2.2892
2.6219
2.7638
2.5970
2.5561
2.6359
2.4592
2.7260
2.8540
2.7881
2.9772
2.7128
2.6154
2.6296
2.7864
2.6935
2.6121
2.7471
2.4568
2.5259
2.6411
2.6157
2.8111
2.7212
2.7453
2.7156
2.7061
2.5814
2.5372
2.5922
2.4508
2.5748
2.5255
2.6658
2.4186
2.5938
2.5747
2.7148
2.7375
2.5675
2.5596
2.6506
2.5571
2.7294
2.5245
2.6530
2.7121
2.7278
2.5287
2.5028
2.3644
2.5637
2.6532
2.7104
2.8956
2.6550
2.6781
2.5078
2.6137
2.5589
2.6693
2.4392
2.4806
2.6007
2.3143
2.3128
2.3415
2.4978
2.3149
2.5610
2.3908
2.5805
2.6052
2.5746
2.4259
2.4506
2.6588
2.6910
2.3817
2.3563
2.6812
2.7167
2.8021
2.6727
2.7715
2.7490
2.4557
2.7792
2.8001
2.4722
2.4817
2.3927
2.5240
2.4650
2.7709
2.4800
2.4084
2.8197
2.5477
2.9271
2.8023
2.6463
2.3997
2.6267
2.4230
3.0415
2.6127
2.7065
2.9119
2.8854
2.3782
2.5469
2.5614
2.6915
2.9804
2.7930
2.6221
2.5413
2.6538
2.5085
2.5097
2.9493
2.6584
2.5484
2.5958
2.8353
3.0712
3.0965
3.3278
2.7143
2.8689
2.8130
2.7209
2.9098
2.8555
2.9487
2.8105
2.7660
3.0526
3.2557
2.8214
2.9756
2.8318
2.8794
2.6144
2.9837
2.7232
2.7139
2.6094
2.6034
2.6139
2.6553
2.5893
2.5110
2.8122
2.6167
2.7311
2.5399
2.8437
2.9712
2.6989
2.7245
2.7046
2.5970
2.5556
2.5781
2.5694
2.5658
2.6169
2.7405
2.8651
2.9088
2.6783
2.7313
2.9604
3.0981
3.0227
2.7321
2.6833
2.9306
2.9154
2.8505
2.7072
2.7245
2.6540
2.7491
2.6819
2.4929
2.6641
2.8539
3.0464
2.6604
2.9985
3.1167
3.1706
2.9585
2.9405
2.7736
3.0270
3.1165
3.6194
3.3745
3.2153
3.1352
3.2510
3.0366
3.1341
3.1583
2.8703
2.9847
3.3225
2.8889
2.7172
2.6909
2.6661
2.8084
3.0471
2.6886
3.0050
2.8775
2.5730
2.7814
2.5911
2.4126
2.4624
2.5202
2.5977
2.7765
2.6414
2.5289
2.8689
3.0193
3.3058
3.1576
3.0165
2.8274
2.6795
2.3585
2.5305
2.5072
2.5777
2.5141
2.6493
2.9076
2.8785
2.6831
2.8473
2.9352
2.5537
2.8958
2.9214
2.8870
2.7648
2.7428
2.7354
2.7059
2.7581
2.6967
2.7337
2.8512
3.0682
2.9082
2.7270
2.6265
2.8668
2.8441
2.8358
3.1611
2.7287
3.0834
3.1531
3.3703
3.2242
3.5510
3.1424
3.3066
2.9686
3.0776
2.9356
2.8587
2.7295
2.7524
2.7896
2.9369
2.5532
2.6312
3.1744
2.8804
3.2484
2.9741
3.1445
3.1265
3.0173
2.9274
2.6784
2.7109
2.5463
2.9257
2.8359
2.7904
2.9306
2.8596
2.7028
2.9394
2.9688
3.1841
3.0312
2.8941
2.7105
2.6518
2.9044
2.7661
2.4678
2.6267
2.3949
2.5547
2.5875
2.8300
2.8620
2.8341
2.8737
3.0123
2.8614
2.4783
2.2763
2.3305
2.3989
2.6979
2.5076
2.5735
2.6100
2.5580
2.8698
2.5496
2.9642
2.6837
2.9340
3.0184
3.0908
2.8942
2.9744
3.0059
2.9589
2.7226
2.9064
2.8228
2.5189
2.5379
2.5357
2.4683
2.3131
2.3882
2.3734
2.3441
2.3688
2.6194
2.5727
2.3519
2.3147
2.5992
2.7943
2.7721
2.6002
2.5025
2.4182
2.4932
2.5918
2.3686
2.6683
2.5043
2.5001
2.3468
2.5499
2.5608
2.5744
2.5767
2.5689
2.9078
2.6381
2.5765
2.7032
2.5922
2.4999
2.6551
2.7574
2.8033
2.5892
2.4697
2.4909
2.5460
2.4535
2.3545
2.2848
2.3207
2.2496
2.1478
2.1415
2.0510
2.0672
2.3126
2.1611
2.3794
2.3771
2.3797
2.1142
2.2219
2.1956
2.3053
2.3385
2.4458
2.3702
2.3554
2.3443
2.5865
2.6777
2.5216
2.3507
2.4457
2.3041
2.6550
2.4471
2.6374
2.7913
2.3640
2.8189
2.5215
2.3821
2.5851
2.6659
2.7242
2.5954
2.6076
2.7129
2.6269
2.6128
2.7027
2.4938
2.6671
2.7768
2.8949
2.8428
2.7767
2.6000
2.3125
2.5633
2.6872
3.0598
3.1518
2.8945
2.8202
2.7824
2.9518
3.1311
2.9732
2.9522
3.0507
3.0345
2.7942
2.8712
2.9067
2.6729
2.9288
3.0795
3.2327
3.2604
2.9327
2.8051
2.9371
2.5930
2.6437
2.7060
2.7787
2.6100
2.6539
2.5880
2.6734
2.6887
2.4915
2.4598
2.8276
2.6597
2.9512
3.1898
3.3470
3.1496
3.0610
2.7638
2.8094
2.8092
3.0027
2.8657
2.9268
2.6802
2.6957
2.9169
3.2014
3.0310
3.2644
2.8569
2.5990
2.5170
2.8126
2.6850
2.5611
2.6270
2.6578
2.5653
2.5754
2.5129
2.5788
2.6077
2.3697
2.7105
2.7458
2.5078
2.6122
2.6686
2.5008
2.6549
2.6259
2.7179
2.5165
2.5275
2.7918
2.8011
2.8424
2.8822
2.7459
3.0025
2.9031
2.5345
2.4855
2.5911
2.6123
2.5330
2.4342
2.4490
2.5908
2.4779
2.4416
2.7319
2.6151
2.8090
2.7918
2.7932
2.9911
2.9646
2.5501
2.4341
2.9060
2.7521
2.6846
2.7284
2.7880
2.8368
3.1858
2.9592
3.3925
3.1937
2.9069
2.9285
2.5382
3.0924
2.8464
2.7783
2.8210
2.5348
2.5977
2.4786
2.5584
2.6835
2.3936
2.5644
2.4589
2.3234
2.3087
2.3162
2.4281
2.6878
2.6359
2.4607
2.5706
2.4581
2.4417
2.4759
2.7687
2.7430
2.5020
2.5505
2.8650
2.3912
2.6464
2.7286
2.5606
2.5325
2.5778
2.7067
2.8724
2.6045
2.4163
2.6085
2.4806
2.6335
2.4762
2.8181
2.7644
2.2927
2.4106
2.6533
2.3443
2.2501
2.2733
2.4672
2.8843
2.5644
2.4921
2.7049
2.6488
2.6560
2.5902
2.4773
2.4275
2.3837
2.3090
2.2869
2.2844
2.4860
2.5428
2.5805
2.6351
2.6396
3.0394
2.5992
2.7664
2.6648
2.6880
2.5194
2.5991
3.0678
2.9279
2.5540
2.5900
2.5209
2.4854
2.3397
2.6380
2.5215
2.5822
2.6590
2.4999
2.5869
2.4652
2.2835
2.5041
2.5022
2.5424
2.6465
2.6319
2.4641
3.0853
2.9663
2.9307
2.7292
2.6687
2.8417
2.9480
2.6378
2.7782
2.5607
2.4821
2.5461
2.4580
2.4156
2.4859
2.6082
2.6769
2.7528
2.6257
2.6821
2.5172
2.4423
2.5453
2.4850
2.5070
2.4540
2.5353
2.6999
2.5384
2.7743
2.7373
2.6596
2.6082
2.6619
2.5642
2.7831
2.6427
2.7934
2.7487
2.6190
2.7868
2.9641
2.8909
2.9137
3.2847
2.9062
3.2179
3.2411
3.2383
2.6536
2.7911
2.8622
2.8917
2.8853
2.8739
2.9972
3.0531
2.6949
2.6316
2.9264
2.8844
2.7978
3.0844
3.1636
3.0944
3.0159
2.9310
3.0755
2.8349
2.7320
2.6429
2.5310
2.7641
2.4880
2.8856
2.6137
2.7496
3.1431
2.8579
2.9823
3.1592
2.9051
2.7591
2.5521
2.5116
2.7069
2.3304
2.2840
2.3361
2.5381
2.4838
2.4611
2.4787
2.3394
2.4438
2.4120
2.7869
2.7999
2.8034
2.6129
2.6824
2.3936
2.5978
2.7674
2.5543
2.7250
2.4490
2.5773
2.4349
2.5128
2.6435
2.6492
2.4934
2.5449
2.7399
2.3694
2.6091
2.4695
2.4753
2.4465
2.4252
2.5823
2.5752
2.5477
2.6297
2.7314
2.8601
2.5446
2.4791
2.3474
2.5086
2.2763
2.4855
2.5998
2.4703
2.6546
2.7910
2.6584
2.5177
2.6480
2.6184
2.6146
2.7192
2.4107
2.5034
2.4579
2.4233
2.4904
2.3195
2.3058
2.7029
2.5715
2.8172
2.6152
3.0468
2.7357
2.8438
2.7303
2.6541
2.7953
2.8201
2.6421
2.8164
2.5445
2.8626
2.8716
2.7776
2.6120
2.8786
2.8075
2.6996
2.8563
3.1734
2.9283
2.7874
2.4742
2.3187
2.5143
2.4872
2.7406
2.7402
2.9354
2.8623
2.9291
2.7552
3.0494
2.9092
2.8119
2.8422
2.6632
2.6144
2.6398
2.7343
2.9759
2.8748
2.6915
2.8484
2.8688
2.9153
2.7642
2.8577
2.7374
2.7613
2.6214
2.8333
2.7002
2.6953
2.6869
2.6709
2.5195
2.3319
2.5715
2.9015
2.7233
2.7315
2.8884
2.6309
2.7790
2.5748
2.3650
2.6854
2.6578
2.8429
2.8962
2.6000
2.6391
2.7295
2.8780
2.5852
2.4535
2.8113
2.7506
2.8075
2.5881
2.7187
2.9469
2.5773
2.5785
2.5282
2.7514
2.7844
2.5281
2.5624
2.5842
2.6776
2.4694
2.4800
2.5573
2.8528
3.0224
2.8678
2.9198
2.6320
2.6265
2.9428
2.7008
2.5486
2.5193
2.6360
2.8223
2.9542
3.0048
3.1315
2.8237
2.7142
2.7249
2.4129
2.5997
2.6868
2.8599
3.0287
2.7321
2.8291
2.6917
2.6744
3.0028
2.8535
2.8937
2.7427
2.9361
2.9202
2.8105
2.7390
2.7870
2.5626
2.6144
2.6945
2.7398
2.8693
2.7538
2.5734
2.5507
2.7916
2.4152
2.5574
2.3394
2.4707
2.4661
2.4699
2.5304
2.5317
2.5819
2.4259
2.4584
2.6156
2.5668
2.4677
2.5998
2.5525
2.4280
2.3924
2.4077
2.3804
2.4903
2.3564
2.3377
2.2504
2.3614
2.5352
2.5928
2.7008
2.6702
2.5138
2.6182
2.4043
2.5940
2.4543
2.6022
2.7879
2.8837
2.6469
2.7068
2.4625
2.4661
2.5865
2.7707
2.4585
2.4525
2.6177
2.7201
2.5599
2.6436
2.4619
2.6155
2.6803
2.4943
2.5108
3.0162
2.7130
2.7358
2.7438
2.3486
2.2985
2.4108
2.6043
2.6604
2.4763
2.4382
2.4673
2.4400
2.5175
2.5508
2.4683
2.5007
2.6820
2.5320
2.7578
2.6860
2.4360
2.4901
2.6571
2.6038
2.7045
2.3319
2.5590
2.5256
2.7203
2.7140
2.6130
2.5127
2.4524
2.6882
2.5833
2.4063
2.3658
2.5069
2.3550
2.4922
2.6507
2.4721
2.4384
2.5745
2.6033
2.5428
2.6622
2.3546
2.3309
2.6050
2.3481
2.3952
2.2952
2.4855
2.2377
2.5601
2.7056
2.4734
2.5377
2.3504
2.2451
2.4547
2.5435
2.4829
2.4261
2.5988
2.6586
2.5659
2.6421
2.6521
2.4832
2.4275
2.2217
2.8647
2.5235
2.6380
2.5004
2.6299
2.6584
2.7967
2.4545
2.7761
2.5392
2.7289
2.8956
2.6168
2.8898
2.6701
2.5825
2.4343
2.7896
2.4979
2.3405
2.4397
2.2483
2.3797
2.3795
2.4367
2.6119
2.5659
2.5818
2.6835
2.6992
2.6915
2.6534
2.5753
2.5087
2.3966
2.4200
2.4305
2.3744
2.3971
2.3790
2.5790
2.6935
2.7748
2.7474
2.6049
2.5785
2.6251
2.5306
2.5689
2.6096
2.5547
2.5600
2.6125
2.5301
2.6139
2.6827
2.3839
2.5479
2.4984
2.6096
2.5677
2.5878
2.7250
2.6654
2.7831
2.4514
2.8201
2.8504
2.9910
2.9485
2.7932
3.2512
3.0517
3.2717
2.6925
2.7992
2.8411
2.7782
3.0311
3.0699
2.8349
2.7250
2.9567
2.9321
2.6580
2.6692
2.7181
2.7044
3.0126
3.0793
3.2248
2.8707
2.9373
2.9019
3.3254
3.0330
3.5613
3.3734
2.9714
2.8157
2.6616
2.8191
2.9953
2.8833
2.8492
2.9611
2.9465
2.6726
2.7979
2.6943
2.6976
2.7094
3.0351
3.0894
3.1997
3.1373
2.9092
2.8744
2.6024
2.8374
2.9132
2.8697
2.5725
2.5385
2.7829
2.7904
2.3547
2.4964
2.4083
2.2753
2.3097
2.6458
2.5099
2.5017
2.2600
2.6664
2.9246
2.8305
2.8265
2.6194
2.6503
2.4487
2.5998
2.5830
2.5560
2.6368
2.5716
2.8261
2.4664
2.8289
2.6834
2.8339
3.0055
2.8702
2.6411
2.7247
2.8674
2.8322
2.9165
2.9036
2.8860
2.7368
2.7080
2.6975
2.5594
2.7842
2.8153
2.8453
2.8824
2.7022
2.7186
2.7255
2.7107
2.5394
2.5773
2.6079
2.6210
2.6974
2.5798
2.3743
2.6294
2.6607
2.4557
2.3940
2.3163
2.6212
2.6349
2.6565
2.9529
2.9637
2.6788
2.7981
2.8312
2.4546
2.5483
2.4432
2.4989
2.7694
2.7145
2.8372
3.1103
2.9822
3.0707
2.9310
2.6825
2.6721
2.8408
2.8012
2.7879
2.5431
2.6976
2.8622
2.8125
2.8878
2.6628
2.8040
2.7926
2.9490
2.5879
2.8581
3.0713
3.0766
2.8935
3.0701
3.3026
3.0873
2.8817
2.6984
2.6595
2.7134
2.5998
2.7666
2.7351
2.6516
2.4363
2.5513
2.9504
3.0951
2.9321
2.8439
3.0711
2.9507
3.0615
2.9088
2.7625
2.7847
2.6545
2.8570
2.7484
2.8015
3.0034
2.9329
2.7971
2.8314
2.6342
2.5909
2.7536
2.6502
2.5675
2.7593
2.4909
2.6445
2.9343
2.9539
3.0480
3.0389
3.0597
2.9947
3.2905
3.0211
3.0157
2.9591
2.7637
2.6447
2.7863
2.6906
2.9918
2.7144
2.6919
2.6642
2.7226
2.6784
2.6646
2.5873
2.7594
2.8237
2.5675
2.7372
2.6168
2.7310
2.7099
2.5415
2.6947
2.8244
2.8172
2.8771
2.8648
2.5685
2.4748
2.6615
2.7292
2.5442
2.7078
2.5410
2.4979
2.6357
2.6118
2.5858
2.9397
2.7395
2.5751
2.4448
2.7269
2.7771
2.7863
2.9464
3.1135
2.9743
2.9175
2.8106
2.6204
2.6686
2.6875
2.8233
2.9664
2.7125
3.0123
2.8639
2.7685
2.7400
2.8722
2.8054
2.9345
2.7925
2.7306
2.6770
2.8524
2.8413
2.6824
2.8071
2.5769
2.4812
2.6484
2.6434
2.6185
2.4551
2.4415
2.5962
2.6367
2.5906
2.4518
2.6785
2.7047
2.6220
2.7785
2.7167
2.5841
2.5620
2.6388
2.8674
2.7857
2.5701
2.6008
2.5448
2.7672
2.7906
2.6983
2.7369
2.7901
2.4393
2.6341
2.6936
2.7261
2.8087
2.8642
2.6263
2.7567
2.6176
2.5018
2.5249
2.7687
2.9391
2.7266
2.6245
2.9225
2.6415
2.6094
2.6143
2.5868
2.5483
2.7375
2.7107
2.7950
2.7741
2.7646
2.8752
3.0407
2.9726
2.9467
2.8447
2.6319
2.8462
2.6043
2.7262
2.7943
2.5574
2.7290
2.6805
2.9838
2.8169
2.7311
2.6682
2.7519
2.6921
2.8490
2.8997
2.8683
2.9442
2.6915
2.9385
3.0409
2.7202
3.0080
2.6741
2.8989
2.7590
2.8188
2.5671
2.6878
2.7129
2.5967
2.6181
2.6983
2.8249
2.7835
2.8521
2.7190
2.5725
2.7051
2.8412
2.7275
2.5506
2.6303
2.4727
2.6770
2.6279
2.6590
2.5972
2.6090
2.6281
2.6778
2.6023
2.5618
2.5446
2.6128
2.6007
2.8178
2.6234
2.8706
2.6669
2.6874
2.7719
2.7086
2.5897
2.7294
2.5602
2.6333
2.8689
3.1459
2.6803
2.8280
2.7069
2.5933
2.6541
2.5852
2.6564
2.6303
2.8193
2.6118
2.7722
2.6145
2.6363
2.5267
2.6599
2.7068
2.6298
2.8039
2.7687
2.4645
2.7565
2.9323
2.7733
2.6600
2.6916
2.7150
2.5846
2.6839
2.6290
2.7333
2.7388
2.6029
2.7587
3.0855
2.9849
2.7292
2.5240
2.7388
2.6320
2.5561
2.6989
2.8636
2.7208
2.4525
2.7030
2.8214
2.7323
2.5884
2.6112
2.6596
2.4353
2.7042
2.7075
2.4956
2.4689
2.3470
2.4054
2.4538
2.6736
2.5721
2.5181
2.3867
2.4420
2.3789
2.3924
2.6029
2.4873
2.5396
2.6758
2.6789
2.6783
2.7151
2.8097
3.0619
2.7887
2.7932
3.1177
2.9341
2.9817
2.9551
2.9190
2.8811
2.7552
2.6708
2.7392
2.4585
2.6190
2.6218
2.6930
2.4878
2.9078
2.9228
2.8575
2.8608
2.4620
2.7531
2.8880
2.8633
2.5459
2.8694
2.5649
2.7802
2.6343
2.5280
2.4926
2.7034
2.7451
3.0107
2.7973
2.8138
2.5646
2.6445
3.1228
2.8543
3.0186
2.9112
2.8793
2.8108
2.6547
2.6390
2.7164
2.8343
2.6555
2.4202
2.5169
2.5479
2.4339
2.6030
2.6780
2.7976
2.6310
2.6230
2.6503
2.6146
2.5482
2.6557
2.9581
2.5488
2.6427
2.7462
2.5535
2.6770
2.6916
2.9215
2.8356
2.9834
2.9005
2.9293
2.6524
2.9243
3.1487
3.2966
3.5141
3.0986
2.8937
2.6505
3.0004
3.1186
3.0168
2.8812
2.9591
3.0593
2.9476
3.1682
2.8052
2.6559
2.8778
2.8862
3.2224
3.3769
3.2146
2.7843
2.8321
3.0388
3.2035
3.1760
3.0746
3.1639
2.9995
2.8037
2.8946
3.0721
3.1792
3.0410
2.8905
2.9764
2.7665
2.8665
2.9852
2.8894
2.9437
2.9545
3.0326
2.6171
2.5670
2.6577
2.7164
3.0839
2.9200
2.5796
2.5492
2.6136
2.7367
2.6271
2.6827
2.8461
2.7848
2.9032
3.0573
2.9249
3.0523
2.7912
2.7994
3.1231
3.0181
3.2898
2.7891
2.7213
2.5164
2.6190
2.7779
2.7365
2.5590
2.7678
2.4198
2.6563
2.5587
2.8493
3.0084
2.7172
2.6997
2.8994
2.7089
2.9378
2.8918
3.2462
2.8579
2.8762
2.8929
2.8520
2.9458
2.8649
2.9645
2.6209
2.6575
2.5873
2.5456
2.7627
2.7228
2.6128
2.8175
2.8833
2.5392
2.9723
2.7704
2.5955
2.5601
2.6117
2.9923
2.9890
2.9440
2.8849
3.1063
2.9728
3.0650
3.1368
3.4272
3.0492
3.0069
2.8445
3.2091
2.9310
3.1076
3.4339
3.2732
3.2552
3.2723
3.7585
4.0789
3.8382
3.8818
4.1511
4.0085
3.5686
3.6791
3.5581
3.3964
3.2551
3.5747
3.7285
3.5401
3.6974
3.7483
3.4006
3.6802
3.1960
3.3585
3.1102
3.1553
3.3963
3.0206
3.3215
3.5990
3.2476
3.2773
3.1591
3.2340
3.1117
3.2492
3.6136
3.3326
3.0550
2.9839
3.4317
3.2598
3.2470
3.1136
3.3828
3.1735
3.1907
3.4708
3.2611
3.4637
3.0386
3.0796
3.1901
3.4581
3.5925
3.2964
3.6354
3.5953
3.5308
3.9665
4.1900
3.6768
3.9334
3.9342
3.9424
3.7305
3.5212
3.4940
3.6226
3.3573
3.1889
3.3819
3.2506
3.0636
3.2491
3.4212
3.3824
3.0919
3.3073
3.3167
3.2133
3.2576
2.9537
3.1924
3.1636
3.3309
3.0716
3.0513
2.9286
3.1403
3.3704
3.3541
3.6099
4.0120
3.8302
3.7500
3.3710
3.5589
3.6126
3.7841
3.4153
3.1977
3.4246
3.7978
3.8168
3.5025
3.7996
3.9612
3.2566
3.3896
3.3725
3.2976
3.6358
3.2283
3.0666
3.2568
3.3353
3.2079
3.1780
3.5234
3.0846
3.1835
3.7795
3.3694
3.5531
3.6583
3.5655
3.3131
3.1509
3.2110
3.3991
3.1491
3.3898
3.2249
3.5618
3.2464
3.5888
3.3847
3.5243
3.5183
3.4713
3.5192
3.5655
3.5352
3.4659
3.3589
3.2558
3.2191
3.3261
3.3871
3.8384
3.3434
3.3063
3.1891
3.3323
3.3315
3.5454
3.4417
3.7167
3.8222
4.1818
3.7137
3.5856
3.5357
3.1806
3.3616
3.7509
3.4789
3.2895
3.3654
3.5682
3.2629
3.8120
3.6955
3.9233
4.2252
4.0339
3.8297
3.5793
3.5512
3.3752
3.3233
3.6488
3.3202
3.2445
3.4829
3.3415
3.5444
3.6003
3.6124
3.6880
3.7011
3.8142
3.8513
3.6453
3.7520
3.5471
3.4352
3.4857
3.3362
3.3482
3.4747
3.6553
3.5231
3.2813
3.7964
3.5469
3.4593
3.3289
3.3928
3.3560
3.7116
3.4074
3.5585
3.4420
3.2609
3.5210
3.2734
3.4406
3.1736
3.2733
3.2802
3.2794
3.3562
3.5034
3.1791
3.3323
3.0670
3.1325
3.3440
3.1556
3.3428
3.1600
3.1767
3.0827
3.0454
3.4371
3.1876
2.9757
2.9178
3.3613
2.9738
2.8753
3.0599
3.1816
3.2574
3.2552
3.3696
3.2791
3.1584
3.4962
3.2902
3.6182
3.2628
3.0365
3.1424
3.0973
3.3802
3.0502
2.8224
3.0198
3.1594
3.2826
2.9151
2.9807
2.9457
3.1311
2.8146
3.0015
3.2063
3.0179
2.8908
2.9953
3.2179
3.2694
3.1420
3.3165
3.5519
3.6599
3.1532
3.3539
3.5071
3.2008
3.7342
3.5752
3.3999
3.2802
3.3374
3.3406
3.3851
3.6185
3.3497
3.3515
3.3066
3.4259
3.5709
3.2990
3.5416
3.3116
3.7298
3.3421
3.2881
3.0783
3.1065
3.4017
3.3052
3.2519
2.9442
3.1910
3.5371
3.3610
3.0429
3.2022
3.2074
3.5679
3.4015
3.5257
3.5786
3.6302
3.4082
3.2866
3.3118
3.2785
3.2618
3.6962
3.5479
3.7618
3.2442
3.3425
3.6453
3.3165
3.3971
3.5053
3.7530
3.3920
3.5557
3.6055
3.3889
3.3063
3.4572
3.2948
3.2580
3.0786
3.1727
3.3260
3.5640
3.5078
3.3290
3.3145
3.6259
3.3909
3.4394
3.1950
3.8910
3.9060
3.7506
3.5716
3.5666
3.7300
3.7065
3.4409
3.3857
3.6038
3.3865
3.5237
3.4970
3.3709
3.2557
3.3654
3.2166
3.1899
3.4969
3.3283
3.7266
3.4351
3.2516
3.5721
3.5997
3.5257
3.4222
3.3562
3.7032
3.4633
3.5829
3.5253
3.1404
3.0948
3.1948
3.5336
3.3936
3.4718
3.8270
3.9669
4.0972
4.1484
4.0860
4.0412
3.8402
3.2620
3.1489
3.0497
3.0713
3.2472
3.1268
3.1450
3.2257
3.1395
3.3580
3.5487
3.4224
3.5082
3.3456
3.3140
3.1597
3.5246
3.3721
3.1847
3.4857
3.5000
3.5128
3.6758
3.6001
3.4555
3.4831
3.3814
3.2644
3.3009
3.4403
3.7933
3.7786
3.5242
3.5652
3.4185
3.3609
3.3757
3.4799
3.2630
3.5783
3.5828
3.2259
3.3080
3.4000
3.1001
3.2251
3.2229
3.3233
3.6735
3.5371
3.7203
3.6587
3.2992
3.3367
3.3932
3.2564
3.3751
3.0510
3.1532
3.1553
3.0979
3.2233
3.0792
3.2532
3.2943
3.2061
3.2215
2.8944
3.2993
3.2319
3.1632
3.0735
3.2187
3.3717
3.4546
3.6370
3.5798
3.3403
3.3100
3.3451
3.5128
3.6618
3.4458
3.1185
3.2369
3.1899
3.5731
3.5103
3.3344
3.4542
3.4305
3.2638
3.3254
3.4095
3.5970
3.5064
3.4133
3.2931
3.4661
3.4518
3.2160
3.1626
3.3101
3.2029
3.1809
3.2869
3.4221
3.3701
3.3819
3.3914
3.2910
3.3298
3.4700
3.6860
3.3691
3.1246
3.0134
3.0079
2.9629
3.1006
2.9484
2.9634
3.1023
3.1920
3.1189
3.0263
3.0462
3.1942
3.0888
3.1208
3.2782
3.2345
3.2017
3.2830
3.0619
3.3607
3.3406
3.1712
3.1563
3.3181
3.4227
3.3186
3.5791
3.5052
3.6126
3.4817
3.4491
3.6234
3.6305
3.3400
3.5280
3.3845
3.6666
3.3134
3.4035
3.5826
3.5852
3.3609
3.5109
3.3160
3.2134
2.9258
3.0917
3.1520
3.3144
3.1057
3.3096
3.0435
3.1154
3.4173
3.4576
3.3695
3.4476
3.2654
3.4504
3.4441
3.3919
3.3717
3.6911
3.5925
3.2721
3.4365
3.2588
3.4864
3.4831
3.3163
3.2810
3.3774
3.7327
3.8423
3.8038
3.5632
3.7470
3.4142
3.5300
3.9463
3.8448
3.5549
3.5309
3.6036
3.5848
3.8254
3.8540
3.6017
3.6560
3.5635
3.4372
3.4210
3.5522
3.6470
3.5438
3.2748
3.4486
3.5229
3.7455
3.6724
3.5925
3.7690
3.6586
3.7387
3.6422
3.6101
3.5917
3.5995
3.9566
3.7577
3.8670
3.6324
3.5621
3.8563
3.8472
3.4087
3.8087
3.8017
3.6927
3.8451
3.8410
3.9013
3.8173
3.6613
3.4670
3.5442
3.5805
3.6104
3.8151
3.3725
3.4254
3.5364
3.3875
3.3846
3.4641
3.8242
3.6046
3.5433
3.6993
3.5841
3.6258
3.6644
3.8730
3.8522
3.7950
3.4509
3.6360
3.4126
3.5077
3.5517
4.1114
3.9556
4.0420
3.7496
3.8630
4.0400
4.0971
4.1597
4.2379
4.1110
3.6758
3.8054
3.9685
3.7831
3.6671
3.5927
3.6693
3.7176
3.5550
3.3286
3.5973
3.7219
3.9935
4.0085
3.5561
3.6110
3.5771
3.7296
4.1186
3.9880
3.8442
3.6674
3.8224
3.6965
3.4791
3.5346
3.6299
3.9224
3.7283
4.0632
4.0530
4.2611
3.9636
3.9916
4.0510
3.9082
4.0497
3.9296
3.9320
3.5484
3.6803
3.3709
3.2879
3.5505
3.5542
3.4989
3.6237
3.6083
3.5269
3.5103
3.6243
3.7120
3.6180
3.6951
3.7091
3.6865
3.9014
3.7528
3.8327
3.7438
3.8774
3.7481
3.6887
3.9513
3.8118
3.7117
3.5662
3.7252
3.6004
3.4507
3.3357
3.3401
3.5859
3.3171
3.3350
3.4033
3.3749
3.7695
3.4991
3.4114
3.2515
3.2834
3.1392
3.4628
3.2703
3.3109
3.4771
3.2511
3.3810
3.2848
3.3101
3.1436
3.0735
3.5087
3.0441
3.1454
3.2322
3.5239
3.5973
3.5767
3.3791
3.6201
3.6345
3.4443
3.8892
4.1065
3.8907
3.8391
3.9145
3.9216
3.8909
3.7491
3.8891
3.8075
3.9481
3.8735
3.8157
4.1201
4.0434
3.8330
3.8256
3.9629
3.8993
3.8801
3.8328
3.7437
3.9511
3.7928
3.2719
3.5681
3.7977
3.8330
3.9675
3.9498
3.8258
3.8267
4.1446
3.8591
3.6016
3.7365
3.7845
3.7385
3.7993
3.9751
3.8425
3.7210
3.7196
3.3944
3.6027
3.3876
3.4391
3.6124
3.8400
3.4970
3.8154
3.8408
3.8380
3.9795
3.7618
3.5493
3.5180
3.7496
3.7385
3.8684
3.4064
3.3620
3.3496
3.1918
3.8976
3.7661
3.6339
3.6392
3.7754
3.7655
3.7797
3.9024
3.8702
3.5844
3.4535
3.7996
3.3249
3.5699
3.7232
3.6606
3.8064
3.6412
3.6918
3.6119
3.4734
3.4113
3.3658
3.3646
3.6010
3.5364
3.6527
3.4822
3.7585
3.5003
3.5282
3.8120
3.6221
3.7768
3.7311
3.4829
3.7749
3.5930
3.9881
3.6234
3.6881
3.5069
3.5256
3.6327
3.6497
3.5824
3.6306
3.7134
4.0047
3.6852
3.6787
3.5817
3.5300
3.7534
3.9945
3.8423
3.8941
3.8813
3.9842
4.0305
4.0693
4.2209
4.1102
3.4163
3.6234
3.4127
3.5752
3.2530
3.7257
3.9296
3.5688
3.6753
3.5665
3.4674
3.2687
3.8142
3.6922
3.4184
3.5457
3.7850
3.7787
3.5922
3.3350
3.5021
3.7744
3.5544
3.6302
3.9074
3.6953
3.9057
3.7081
3.5301
3.4347
3.4749
3.4771
3.2462
3.3955
3.4047
3.6540
3.8116
3.8555
3.4995
3.4338
3.7795
3.5412
3.7747
3.7775
3.5661
3.6564
3.5480
3.6211
3.4017
3.3252
3.2919
3.3915
3.4692
3.5336
3.5301
3.9299
3.6557
3.3920
3.6899
3.6958
3.6017
3.6301
3.7162
3.7979
3.4823
3.2763
3.4861
3.2419
3.4654
3.3648
3.6950
3.8296
3.6414
3.6780
3.4272
3.4133
3.6048
3.8881
3.5531
3.4339
3.5735
3.5463
3.8531
4.1481
3.7010
4.0864
3.5661
3.9090
3.6773
3.5290
3.4594
3.5151
3.8339
3.5039
3.6791
3.8061
3.9181
3.7774
3.5787
3.6349
3.7313
3.9322
3.7664
4.2219
3.8774
3.7087
3.8097
3.5563
3.8305
3.7865
4.0276
3.7748
3.6942
3.8058
3.5896
3.4874
3.5261
3.6424
3.5737
3.5135
3.6647
3.7971
3.7992
3.5058
3.7959
3.5808
3.5339
3.4837
3.4480
3.4578
3.5535
3.4786
3.4605
3.1899
3.6404
3.4587
3.4122
3.3943
3.4907
3.8126
3.7696
3.6429
3.8609
3.2280
3.2957
3.5249
3.4473
3.3087
3.5566
3.1604
3.3228
3.3149
3.5428
3.4434
3.4409
3.4019
3.1251
3.3038
3.5823
3.3973
4.0089
3.6538
3.7134
3.6515
3.6105
3.5599
3.4266
3.8495
3.5839
3.2409
3.2855
3.2101
3.1711
3.4013
3.3994
3.6665
3.6353
3.7313
3.6579
3.6669
3.2284
3.3715
3.3941
3.3308
3.2166
3.4567
3.7420
3.7538
3.6755
3.4607
3.3568
3.3732
3.2878
3.4801
3.6139
3.4024
3.6007
3.5352
3.6872
3.6400
3.4449
3.4122
3.7987
3.4964
3.2652
3.2121
3.3025
3.5675
3.5129
3.5418
3.7556
3.3224
3.3515
3.4571
3.3921
3.5726
3.5544
3.5902
3.5780
3.5415
3.1652
3.4478
3.5270
3.4551
3.4005
3.2125
3.3307
3.2375
3.1845
3.3353
3.1936
3.2420
3.3915
3.4348
3.1633
3.5747
3.2188
3.7594
3.5281
3.3005
3.5085
3.6557
3.8620
3.7387
3.6194
3.4872
3.7404
3.9007
4.0742
4.0087
3.9121
3.7805
3.4144
3.6326
3.6999
3.5513
3.6315
3.6073
3.5857
3.8772
3.4585
3.6500
3.6058
3.3745
3.6483
3.4032
3.2455
3.6197
3.5339
3.2912
3.8148
3.6900
3.5226
3.9451
3.7601
3.8135
3.8147
3.5745
3.4911
3.9857
3.8480
4.0486
3.5763
3.8598
4.3809
4.0312
3.7646
4.1864
3.9874
3.8880
3.7175
3.7002
3.7311
3.9759
3.9675
3.7030
4.0285
3.8173
3.7838
3.9685
3.9493
3.5958
3.4813
3.6050
3.6253
3.5646
3.2900
3.5728
3.6951
3.5883
3.7552
3.5375
3.6328
3.7497
3.4408
3.6684
3.8828
4.0968
3.7885
3.5559
3.6053
3.6816
3.4578
3.5196
3.7368
3.8439
3.5255
3.5920
3.5060
3.7585
3.7371
3.5810
3.7254
3.6831
4.0726
4.0665
3.5254
3.7626
4.0092
3.9820
3.7405
3.9668
3.7722
3.6802
4.0307
3.8855
3.8462
3.8431
3.8020
3.6811
3.7774
3.6356
3.6448
3.6789
3.6837
3.8041
3.9807
4.1010
4.2727
4.0390
4.1342
4.7362
4.3035
4.1308
3.9301
3.8396
3.9106
3.8039
4.3349
4.4848
4.4823
4.1025
4.0441
4.2785
4.7356
4.4384
4.7902
4.4087
4.4882
4.3390
4.2553
4.3457
4.1581
3.8534
3.9911
3.8879
3.8923
4.5632
4.7340
4.2743
4.1120
4.0720
4.1212
4.0046
4.4021
3.7351
3.9184
3.8219
4.2519
4.0842
3.7523
3.8740
3.8511
3.8359
3.8617
3.6604
3.7077
4.0357
3.7113
3.7451
3.8821
3.8412
3.7227
3.8900
4.1046
3.5648
3.5901
3.6638
3.6874
3.6228
3.8290
3.8096
3.7744
3.6369
3.6713
3.3900
3.4542
3.6469
3.4945
3.4820
3.3450
3.3221
3.3530
3.4024
3.4693
3.4027
3.3190
3.5157
3.5612
3.3816
3.2824
3.3897
3.4309
3.5039
3.6610
3.5719
3.7175
3.4654
3.5325
3.4073
3.2714
3.4770
3.8081
3.6407
3.5023
3.5046
3.8182
3.7668
3.5900
3.8581
3.7494
3.9453
4.0719
3.9008
4.0911
3.8673
3.9267
3.9068
3.8586
3.8290
3.9746
4.0745
3.9844
3.9395
3.9218
3.9391
3.8033
3.7557
3.9536
3.9226
3.8535
3.8101
3.7467
3.8256
3.9222
3.9401
3.9701
3.8564
3.5676
3.8527
3.5754
3.6434
3.8948
4.3097
4.1334
3.7587
4.1959
4.0609
4.3445
4.0343
4.2063
4.0466
4.1860
4.1355
4.1048
4.1931
4.6196
4.5436
4.2367
4.1244
4.0844
4.2458
4.3340
4.2530
4.3389
4.4346
4.1366
4.1304
4.2178
3.7936
3.9157
3.9693
4.2384
3.7662
3.9225
4.0700
3.9960
3.8216
3.8260
3.9831
3.8170
3.9303
3.6824
3.8187
3.7920
4.3317
4.1394
4.2953
4.4615
3.9389
3.9662
4.0052
3.9363
3.7983
3.6910
3.8448
3.7329
4.0031
4.1292
4.1016
4.1265
4.2064
4.0648
4.6227
4.1809
4.1624
4.4438
4.5563
4.1244
4.0430
3.8741
3.7143
3.6578
3.7724
4.0179
3.8049
4.2123
3.9762
3.8335
4.1889
4.1846
4.3549
4.1690
3.5897
3.7344
3.7348
3.6268
3.4417
3.6377
3.5717
3.5791
3.4094
3.4660
3.6269
3.5547
3.7709
3.5278
3.7659
3.4837
3.7350
3.4113
3.3652
3.6010
3.2151
3.4500
3.4012
3.8267
3.8578
3.6602
3.8553
3.7500
3.4203
3.7490
3.7766
3.5796
3.4443
3.6948
3.6364
3.5407
3.4078
3.6106
3.7728
3.6681
3.6123
3.6349
3.7027
3.6094
3.6327
3.4567
3.5776
3.4175
3.4160
3.4367
3.4730
3.4162
3.4020
3.3305
3.3453
3.3301
3.5225
3.4954
3.8608
3.8070
3.6958
3.5655
3.4625
3.8052
3.5270
3.5821
3.4504
3.3975
3.6930
3.2528
3.4957
3.6220
3.3496
3.7063
3.8659
3.9916
3.7931
3.3616
3.6506
3.7830
4.0844
4.1891
3.7897
3.7657
3.6166
3.6901
3.7323
3.5841
3.9604
3.7629
3.8614
3.4476
3.7381
4.1322
3.7376
3.8393
3.5218
3.8184
3.7428
3.7933
3.5518
3.7385
3.6730
3.6876
3.2686
3.5963
3.5491
3.5957
3.7204
3.5772
3.9022
3.7307
3.8149
3.9916
4.0511
4.1243
3.8455
3.4524
3.6619
3.6472
3.8364
3.8266
3.8895
3.7714
3.6443
3.6701
3.7916
3.6423
3.5858
4.0469
4.1430
4.1101
4.3600
4.3592
4.3071
3.8052
4.2113
3.9581
4.0113
4.1670
4.4403
3.8826
4.0769
3.9311
3.5303
3.5330
3.6544
3.8576
3.5162
3.3117
3.3143
3.4297
3.3357
3.7193
3.4049
3.4649
3.6134
3.7070
3.4228
3.7403
3.6108
3.5133
3.7096
3.7506
3.9006
3.8155
3.7268
3.6005
3.6552
3.7969
3.6221
3.8210
3.6468
3.6308
3.5520
3.7589
3.6362
3.6599
3.6537
3.4843
3.7729
3.6458
3.6593
4.0296
4.3404
4.0721
4.3188
4.4307
4.1119
4.1409
3.7949
3.7562
3.8382
4.1265
3.7927
3.8395
4.0949
3.8295
3.9189
4.0428
4.1874
4.2223
4.2386
3.7145
3.9388
4.1254
4.0671
3.8146
3.5614
3.7954
4.0630
4.0701
3.8802
3.8850
3.9597
3.9031
4.4631
4.1212
4.0890
3.8807
4.1021
3.9879
3.9843
4.3983
3.9494
3.8158
4.0237
3.7796
4.0346
4.1206
3.9393
3.9428
4.0064
4.2423
4.0995
4.1667
3.8513
4.1008
4.2001
4.2111
4.1272
3.9457
3.8958
4.0803
4.2433
4.3232
4.3109
4.3796
3.8904
3.9791
4.2574
3.8551
4.1540
4.0009
4.0360
4.1239
3.9412
4.2609
4.1490
4.2367
4.4606
4.0030
4.2290
4.2254
4.2304
4.3611
4.2219
3.9819
4.6013
4.5458
4.4903
4.0509
4.1180
4.3279
3.8532
4.2501
4.2588
4.1958
4.3197
4.3091
4.2084
4.4012
4.2683
4.1915
4.1923
4.1729
4.2861
4.4833
4.4366
4.2328
4.1463
4.1297
3.9072
3.7572
3.8135
3.6342
3.7204
3.7173
3.7652
4.0816
3.7739
4.3592
3.8555
4.0899
3.9826
4.1552
3.6876
4.3440
4.0605
4.1703
3.7360
3.6349
3.9931
4.0117
3.8815
4.4986
4.2045
4.4116
3.9764
3.9826
3.9908
3.8418
4.0595
4.2805
3.9804
4.4370
4.0629
4.4625
4.4191
4.3530
3.9989
4.1804
3.9295
4.1919
4.4886
4.5810
4.2656
4.1401
4.3563
4.0631
4.0785
4.0647
4.0850
4.0667
4.0426
3.5677
4.1424
3.9872
4.1190
3.9660
3.9618
4.0563
3.6308
3.7740
3.9149
3.7694
4.0636
4.0222
3.9184
4.0830
3.8928
3.6736
3.9814
3.7216
3.9997
4.4048
4.2355
3.5406
3.6514
3.5766
3.6195
3.9464
4.0751
4.1162
4.2929
3.9001
3.9157
3.6580
3.7550
4.0297
4.0168
3.8399
4.0663
4.0555
4.0587
4.4897
4.3472
4.0064
4.2149
4.3161
4.0693
4.2470
3.9989
3.9734
3.9184
3.6789
3.8276
3.9224
4.1559
4.0152
3.8214
3.9826
3.6586
4.1090
3.8438
3.7580
3.5778
3.7634
3.8382
3.9826
3.7671
3.9881
3.7546
3.5377
3.9837
4.2057
4.3364
4.2258
3.8974
3.7141
3.9477
3.7574
3.7271
3.8864
3.8760
3.7606
4.1265
3.9377
4.1046
4.1425
4.2254
3.9270
3.7150
3.7383
3.9521
4.1385
3.8254
3.8970
4.0107
3.9513
3.8415
3.8793
3.3775
3.6223
3.7789
3.7077
4.2086
3.8394
4.0684
4.1368
4.1173
3.8383
4.2332
4.1153
4.2887
4.4108
4.0643
3.9995
3.9987
4.0598
3.8852
3.8275
3.6488
3.8348
4.3494
3.9223
3.9016
3.9482
4.2162
4.6047
4.1479
3.6871
3.6200
4.0105
4.3318
4.1911
4.0308
4.1706
3.8089
4.0310
3.7225
3.9589
4.0573
4.0477
4.0582
3.8869
3.8885
3.6752
3.7629
4.0154
3.7524
3.8845
4.0039
4.1109
4.4495
4.1772
4.2962
4.0752
4.1575
4.2189
4.0535
4.0863
3.8782
3.8260
3.6961
3.7335
3.8619
4.0609
4.1051
4.0786
4.2227
4.1414
4.2343
4.2451
4.0600
4.0123
3.8449
4.0334
3.9607
4.2265
4.2109
4.0772
3.9241
4.1999
3.9141
4.3808
4.3250
4.2187
4.0006
4.2466
4.1729
4.0769
4.1658
3.8915
4.0150
3.8998
4.1562
3.8130
4.0188
4.0488
3.9961
4.4648
4.2740
4.1808
3.9179
3.5141
3.8907
4.1225
3.9036
4.0733
4.3182
4.0402
3.9326
4.1913
3.9514
4.2002
4.4298
3.8653
3.6455
4.2454
3.8915
4.2210
4.2186
4.2777
4.4997
4.4067
4.2475
3.9925
4.0500
3.9116
3.7963
3.7232
3.7760
3.8194
3.6916
3.6832
3.9491
4.0776
4.3325
4.0750
3.6811
3.5794
3.6723
3.9587
4.0003
4.0232
3.8994
4.1457
4.0413
3.5378
3.9103
3.5860
3.9211
4.1337
3.8123
3.7343
3.4955
3.5138
3.8489
4.1529
4.0368
4.1489
4.2912
4.0298
3.9309
4.3987
4.1137
4.5615
4.2256
4.1613
3.9503
4.2203
4.4133
4.1149
4.3091
4.5264
4.3276
4.2036
4.0733
3.8830
3.8643
3.9394
3.8770
4.0064
3.8662
4.0931
4.2255
4.1243
4.0492
4.0089
4.0299
3.6248
4.1582
4.0530
3.9550
4.0176
4.5371
4.3170
4.1491
4.1192
3.9028
3.9739
3.9852
4.0915
4.1220
4.1401
4.3661
4.1713
4.2815
4.2073
4.2205
4.1275
4.4502
4.1907
4.0731
4.3005
4.3938
4.5214
4.5077
4.6817
4.5209
4.5239
4.6514
4.6729
4.6030
4.4385
4.3288
4.4439
4.2967
4.4319
4.1999
3.9607
4.1098
4.2679
4.0715
4.4441
4.3775
4.3071
3.9295
4.1039
3.8835
4.1846
4.2265
3.8921
3.9728
3.6981
3.9582
3.8312
4.0703
4.0886
3.8416
3.9861
4.0442
3.8997
4.1106
4.0304
3.8931
4.1826
4.0639
3.9275
3.9729
3.6841
3.7579
3.5744
3.6687
3.9532
4.0619
3.7532
3.7968
3.5033
3.9685
3.9304
3.6746
4.1316
4.1351
3.8552
3.8910
3.8052
4.1500
3.8922
3.9566
3.8497
3.8161
3.7596
3.6393
3.9103
4.1796
4.1327
4.1301
3.8173
3.4440
3.5600
3.3759
3.6460
3.5615
3.6300
3.7560
3.8150
3.7759
3.5101
3.9401
3.2246
4.0422
3.7687
3.7784
3.6262
3.5337
3.6599
3.6142
3.9485
3.7309
3.6720
3.5872
3.5570
3.9274
3.8501
3.7129
3.7914
4.0835
3.8314
4.0950
4.1802
3.7441
4.1266
3.7822
3.6685
3.8674
4.0880
4.1282
4.1213
3.8900
3.8423
3.8297
3.7392
3.5835
3.7132
4.0190
4.2416
3.6476
3.7757
3.9931
3.8899
4.0801
3.9439
4.0445
4.0171
4.2768
4.0665
4.1247
4.2914
3.9834
4.3261
3.6126
3.9190
4.0657
4.1502
3.7610
3.8517
3.7960
3.9917
3.9176
3.9414
4.0733
4.1301
3.9364
4.2666
3.9344
3.9762
4.1485
4.0182
4.1308
4.4066
3.8925
3.5403
3.6808
3.5801
3.7881
3.6515
3.9727
3.8490
3.8301
3.9645
3.8561
3.8528
3.8801
3.7673
3.7973
3.6908
3.9476
4.0014
3.6294
3.8483
3.9706
3.6949
4.2484
4.2397
4.1306
4.0728
3.9078
4.0668
4.3022
4.1221
4.1636
4.0608
4.0669
3.8626
3.8588
3.8469
4.0798
4.2575
4.4005
4.4450
4.3028
4.1857
4.2658
4.3847
4.3600
4.2308
4.2286
4.2848
4.1898
4.5517
4.1990
4.2612
4.2275
4.0918
4.3796
4.2430
4.3156
4.2250
4.2830
4.3766
4.1891
4.0454
4.0572
3.8132
4.1449
3.9838
3.7961
4.0333
3.8052
3.8084
3.8210
3.6738
3.8130
3.6002
3.7181
3.7560
3.7590
3.9046
3.8922
3.8679
4.0387
3.9634
3.9203
3.8139
3.6263
3.7192
3.8595
3.7763
3.7565
3.9814
3.6302
3.9148
3.8306
3.9173
3.9186
4.2128
4.0478
3.8500
3.4873
3.8616
4.1210
4.0073
4.0504
4.2824
4.2067
4.2041
4.2682
4.0948
4.1782
4.2601
4.4299
4.1690
3.9242
3.8635
3.7672
3.8348
3.8531
3.9770
4.1341
4.0183
4.0182
4.0876
3.9617
3.8974
4.0588
4.1157
4.5912
4.1707
4.3164
3.7395
3.7381
4.0540
3.6583
3.7660
3.9611
3.8341
3.7418
3.7515
3.5201
3.5857
3.6832
3.6822
3.6459
3.8233
3.6978
3.4847
3.8106
3.5750
3.8135
3.7509
3.7258
3.6635
3.6025
4.0014
3.7286
3.5713
3.5196
3.8507
3.8606
4.0122
4.2091
4.2069
4.2385
4.1567
4.1690
3.9294
4.1385
3.8830
3.8493
3.8852
4.0133
3.8817
3.8815
4.0343
3.5401
3.5703
3.5157
3.7363
3.6160
3.4625
3.5882
3.7159
3.3902
3.3417
3.6479
3.3266
3.4407
3.6215
3.8063
3.7265
3.7015
3.4751
3.2194
3.5074
3.3958
3.4918
3.6007
3.7836
3.6164
3.6297
3.6810
3.4140
3.3525
3.6083
3.2219
3.4763
3.4681
3.4833
3.6601
3.5959
3.5168
3.7107
3.6386
3.5895
3.2668
3.4979
3.4010
3.4420
3.6158
3.7064
3.5688
3.5339
3.5670
3.5413
3.6704
3.7603
3.7172
3.8531
3.6595
3.4031
3.7132
3.5750
4.4143
4.1225
3.9650
4.0124
3.7196
4.0889
3.7008
3.8968
3.8899
3.7450
3.5971
3.6052
3.6887
3.8214
3.7943
3.7111
4.0138
3.8225
3.9813
3.9917
4.1082
4.0924
4.2536
3.7062
3.6490
3.7423
3.9847
3.7696
3.8674
3.8010
3.7537
3.8475
3.8563
3.5532
3.9305
3.3852
3.3481
3.5252
3.5748
3.5946
3.5121
3.4950
3.6057
3.5781
3.7286
3.7956
3.5445
3.6047
3.9494
3.8524
3.8919
4.0101
3.6446
3.7146
3.7898
3.9727
3.9361
3.9319
3.9085
4.0688
4.2109
4.3172
4.2605
3.9896
4.0937
3.9392
3.9956
3.8199
3.7515
3.8698
3.7477
3.9873
3.8168
3.9276
3.9131
4.1392
3.6759
3.7404
3.7461
3.5480
3.6798
3.5554
3.8317
3.9311
3.7941
3.9054
3.9007
3.7890
4.0096
3.8036
3.6055
3.3802
3.6466
3.9260
3.8164
3.7312
3.8439
3.7762
3.8677
3.9948
4.0525
3.7909
3.8248
3.8316
3.9601
4.0606
3.8763
3.7706
4.3239
4.0399
4.2142
3.7913
3.5799
3.4697
3.5511
3.5315
3.7003
3.8383
3.8477
3.6537
3.9750
4.2790
4.5707
4.2458
4.3144
3.8487
4.2006
3.8084
3.7696
3.7352
3.7868
3.5883
3.9886
3.7951
3.8645
3.9492
3.9803
4.0092
3.7428
4.0369
4.0582
3.7817
3.8433
3.9781
3.9496
3.8702
4.0469
3.8672
3.5987
3.6661
3.6302
4.0770
4.0341
3.9010
3.7029
4.3437
4.4707
3.7460
4.2579
4.2247
4.1043
4.1488
3.9818
4.0520
3.8108
3.4362
3.4552
3.9666
4.1886
4.2918
4.0458
3.9187
4.1203
4.3565
4.0854
3.7458
3.7687
4.0541
3.8100
3.8178
3.8815
4.0356
4.0383
4.0847
4.4127
3.7412
4.1706
3.9320
3.8302
3.9192
4.2507
3.9766
4.1546
4.0051
4.3316
3.7587
3.7694
3.5115
3.4752
3.7407
3.8929
4.1096
3.8328
3.9280
3.9620
3.4420
3.3914
3.7587
4.0168
3.7088
3.8138
3.5903
3.7312
4.2192
3.8948
3.8962
4.3787
3.9758
4.1421
4.2503
4.3462
4.1045
3.9785
3.7514
4.1009
4.1486
4.0342
3.6053
3.5850
3.9480
3.9775
3.9304
3.7493
3.8051
3.6532
3.6452
3.9114
3.6243
3.3904
3.7242
3.7408
3.5667
3.9323
3.7971
3.8477
4.0578
3.9767
4.1193
4.2315
3.7724
3.8404
3.8839
4.2511
4.2659
3.8582
3.9795
3.9796
4.1517
4.2451
4.0874
4.1536
3.9853
4.2463
3.9523
3.6123
3.8534
3.8713
3.8329
3.7695
4.0106
3.5637
3.8938
4.0174
3.9009
4.5304
4.2247
3.9186
4.0180
3.9641
3.8593
4.1310
3.7756
3.8401
3.7889
3.9010
4.3787
3.9981
4.0880
4.2040
4.2335
4.0296
4.1219
4.0346
4.0886
4.3252
4.1343
4.0432
4.0082
3.9414
3.7556
4.2618
4.3082
3.9579
4.1026
4.0888
4.0616
4.2743
4.3059
4.1578
4.1286
4.0474
4.2726
3.9846
3.8130
3.8445
3.8334
4.2071
3.9884
4.2379
3.7873
3.6766
4.1187
4.1489
3.7945
4.0521
3.9109
3.9817
4.4726
4.3517
4.2599
4.2672
4.2036
4.0845
4.0197
4.1470
4.1899
4.1305
4.0799
4.2736
4.1916
4.1273
4.3833
4.2329
4.1384
4.0784
3.7083
3.9407
3.8052
3.5175
3.8799
3.9084
4.2344
4.0936
3.7108
3.6011
3.7550
3.3749
3.6777
3.7538
4.0039
3.8033
3.5727
4.1448
3.9941
3.8439
4.1990
3.9510
3.8060
3.8927
3.5810
3.6550
3.5513
3.6901
3.6845
3.7742
3.6518
3.6772
3.7350
4.1318
3.9260
3.6544
4.0930
4.0611
3.5753
3.7633
3.7746
4.1369
3.7263
3.5656
3.7737
3.8639
3.8840
3.9563
4.0299
3.8715
3.9726
3.8660
3.9348
3.8971
3.9203
3.8306
4.1032
3.9276
4.0688
3.8054
3.8825
3.8811
3.9834
4.1347
3.7983
3.9454
4.0365
4.1576
4.4782
4.6510
4.6359
4.4067
4.2783
4.1492
4.0660
4.1141
4.0826
4.3417
4.1172
3.9423
3.8943
3.8138
4.0189
4.1450
3.9637
4.1073
4.0825
4.3946
4.1174
3.8773
3.9322
3.9806
4.3140
4.1211
4.1115
4.3394
4.1067
4.2822
3.9838
3.9814
4.1220
4.1137
4.1336
4.1647
4.6410
4.3206
4.4577
4.3925
4.3468
4.6641
4.2754
4.0456
4.5087
4.2207
4.1532
4.1631
4.1859
4.4224
4.1771
4.8436
4.6387
4.7930
4.5694
4.5998
4.1480
4.3459
4.2255
4.1156
4.3271
4.6357
4.5137
4.5722
4.3508
4.1498
4.5831
4.6884
4.4356
4.3604
4.3179
4.3144
3.8732
3.8884
3.8900
4.3291
4.0104
4.1561
4.3453
4.7272
4.4422
4.4832
4.0067
4.3634
4.2792
4.0861
4.3457
4.5261
4.7640
4.5413
4.5802
3.9087
3.9752
3.9786
3.9501
4.0871
4.3806
4.3458
4.8029
4.5670
4.2874
4.3612
4.5222
4.3705
4.2617
4.4138
4.5901
4.7812
4.7469
4.7158
4.3998
4.2625
4.1805
4.2626
4.4961
4.4013
4.3525
4.2719
4.5202
4.5646
4.4794
4.3534
4.3410
4.4882
4.1648
3.8912
3.6374
3.7795
3.8081
3.9693
4.1274
4.4365
4.3382
4.5455
4.4264
4.8684
4.1809
4.0173
3.5664
3.7891
4.0990
3.8748
4.1745
4.1166
3.8742
3.9237
3.9201
3.8485
4.0461
4.1121
4.1721
4.4042
4.2745
4.1905
3.9840
4.0559
4.0606
4.1759
4.1810
3.8857
4.0340
4.0169
4.1464
4.4657
3.9716
4.1506
3.9465
4.0246
4.4044
4.1652
3.9635
3.8895
3.8896
4.0384
3.9471
3.9170
3.9952
4.0191
3.9894
4.0473
4.2712
3.7513
3.7479
3.9143
4.0090
3.9989
3.5508
3.8309
3.8465
3.8974
3.8791
4.1327
3.9163
4.2140
4.2477
4.3277
3.9587
3.9981
3.9013
3.9501
3.7858
3.8026
4.1310
4.3768
4.6131
4.4396
4.3616
4.4932
4.4175
4.0964
4.1483
4.1765
4.0046
4.0171
3.7765
3.6296
3.9617
3.6778
3.8776
3.8261
3.7772
4.0571
4.1076
3.6879
3.6957
3.8980
3.7204
3.8445
3.9987
3.5867
3.7341
3.6989
3.3822
3.5671
3.7662
3.8674
3.6467
3.6439
3.8926
3.9028
3.9898
3.8007
4.1516
3.7219
3.8838
3.7676
3.8305
3.9269
3.9784
3.8409
3.7795
3.6489
3.8494
4.2236
3.7835
3.7823
3.6881
3.6278
3.7041
4.1177
4.0443
4.0791
3.8335
3.7950
3.9895
3.7786
3.8319
3.6442
3.7253
3.8345
4.0078
3.9556
3.8263
4.3072
4.1764
4.2626
3.9731
4.5347
4.4215
4.6681
4.6373
4.2317
4.5231
4.3923
3.9092
4.2133
4.4553
4.4103
4.0832
4.1328
4.4303
4.3075
3.8947
3.7347
3.9283
3.8390
4.1391
4.1995
4.2913
4.4022
4.0053
3.9150
4.2007
4.1852
3.8333
3.7910
3.8574
4.1657
4.1298
4.1383
4.3688
4.3962
4.2845
4.4460
4.4331
4.2638
4.2336
3.7345
3.9640
3.6821
3.9688
3.7530
4.1791
4.2584
4.3758
4.3464
4.4004
4.2172
4.0513
4.2089
4.0191
4.0648
4.0020
4.2260
4.3536
4.0791
4.2404
4.1776
4.0644
4.6646
4.2839
4.5136
4.1531
4.3545
4.4454
4.1131
4.4723
4.3767
4.7642
4.6936
4.7326
4.7502
4.2507
3.9509
4.0190
4.4535
4.1400
4.3481
4.2534
4.0501
3.9160
3.8537
4.0969
3.9424
4.0720
4.1596
4.2504
4.3068
4.0745
4.2376
3.6589
3.9338
4.2510
4.4489
4.6147
4.0463
3.9598
4.3842
4.2767
3.9959
4.0359
3.9438
4.1170
4.0109
3.9882
3.8830
3.8789
3.9132
3.7725
4.1081
4.0945
4.0289
3.8543
4.0764
4.1368
4.1588
3.9337
3.8866
4.0253
4.0976
4.1570
4.3829
4.2130
4.2180
3.9688
4.2027
4.2813
4.5185
4.7290
4.2133
4.1811
4.1960
4.0092
4.0162
4.1545
4.2004
4.1132
3.9777
3.8228
3.9816
4.1818
3.9415
3.9242
3.7149
3.7794
4.1825
4.2455
3.9024
3.9104
3.9270
3.9557
4.2137
4.0168
4.3012
4.2279
4.1376
4.0554
4.1141
4.3998
4.0666
4.2933
4.3595
4.1764
4.2897
4.5590
4.4767
4.4227
4.5257
4.3833
4.4664
4.0798
4.3859
4.5480
4.5602
4.4317
4.6096
4.3543
4.6252
4.7686
4.6736
4.3994
4.0191
4.2785
4.4184
4.5443
4.2662
4.2883
4.5897
4.4086
4.6988
4.3784
5.0660
4.5467
4.3425
4.4719
4.2189
4.2882
4.7627
4.7723
4.1638
4.1595
4.2750
4.0789
4.1739
3.9261
3.8675
4.3274
4.3455
4.1072
3.8366
3.7187
4.1762
4.0772
4.2451
3.8812
3.8919
4.0771
3.9805
4.1917
4.1829
4.4887
4.2786
4.4891
4.1791
3.8809
3.8712
4.0551
3.8171
3.8204
3.9541
3.8705
3.8860
3.8060
4.0552
4.1660
4.1981
4.4670
4.3867
4.4559
4.3763
4.2604
4.0970
4.1618
4.0468
4.1243
4.1823
3.9273
4.0281
4.1640
3.9177
4.0007
4.0467
4.2737
4.0333
4.1547
4.1411
4.1342
4.0379
3.9880
4.0153
3.9908
4.0920
4.3549
4.3449
4.1070
3.9438
3.8114
4.1484
4.0191
3.9975
3.9062
3.9444
3.7872
4.1989
4.1025
3.6564
3.8132
3.7001
3.8623
3.8039
4.0705
3.7805
3.6848
3.9899
4.2021
4.2545
4.0733
4.2155
3.8574
3.9209
4.0463
4.0698
4.1703
3.8757
3.8597
4.0170
4.0612
4.5247
4.1998
4.1272
4.2534
4.0266
3.9704
4.0593
4.0950
3.6886
3.9238
3.9012
3.7633
3.7764
3.8964
3.9254
4.0913
3.9864
4.0903
3.7544
3.7069
3.8532
4.1156
4.0685
4.0034
3.9958
4.2104
4.0315
3.7958
3.8396
3.8553
3.8450
3.8666
3.7640
4.0433
4.0791
3.9480
3.7776
3.8121
4.0829
4.0519
3.9448
3.6742
4.2596
3.9027
3.7871
4.2033
4.1840
4.2327
4.4455
4.1208
4.2115
3.8947
3.9340
4.0201
3.7721
4.2659
4.1602
4.2839
4.0505
3.7271
3.8332
3.8890
3.7832
3.8675
3.7263
3.9596
3.9080
3.5033
3.5051
3.4278
3.7291
3.7375
3.4714
3.4918
3.4246
3.6157
3.8603
3.7763
3.7281
3.9042
3.9957
4.0419
3.8495
3.8612
3.8227
3.9641
3.9276
3.7626
4.0119
3.6870
4.0846
3.9222
4.1047
3.9163
4.0124
4.1169
4.3031
4.0617
4.3789
4.1679
4.3350
4.5202
4.4276
4.5048
4.2191
4.3746
3.9640
4.2429
3.8092
4.2309
4.2438
4.2297
3.9376
3.9034
4.2227
4.2012
4.3444
4.3772
4.4311
4.3079
4.1331
4.2370
4.4423
4.8112
4.8428
4.3685
3.9562
4.2397
4.1864
3.9527
4.1961
4.0012
4.3077
3.8732
3.7787
4.0361
4.0386
4.3638
3.9174
4.2635
3.8961
4.0392
4.0458
3.8039
4.0321
4.1112
4.1138
4.1162
4.1296
4.3258
4.0168
3.9832
3.9725
4.2990
4.2183
4.1702
4.4411
3.8366
4.1370
4.3011
4.1188
4.1126
4.3664
3.8701
4.2554
4.2392
3.9173
3.9116
4.3641
4.1292
3.9421
3.9732
3.8890
3.7238
4.1816
3.9922
4.0033
4.1529
4.0059
4.0362
4.1121
4.2426
4.3757
4.4138
4.5113
4.4733
4.5271
4.6749
4.4541
4.5438
4.5426
4.5489
4.8681
4.7825
4.4792
4.4740
4.5076
4.0813
4.0622
4.3456
4.0304
3.9858
4.0175
4.1468
4.2426
4.2191
4.1251
4.4450
4.1954
4.1556
4.5234
4.1564
4.4324
4.3263
4.3387
4.5382
4.3435
4.3000
4.0608
3.9347
4.1490
3.8891
3.6564
3.8795
4.0640
3.9379
3.7822
4.2325
3.9512
3.7648
3.9066
3.9649
4.1898
4.0593
3.9462
3.8020
3.9765
3.9882
3.8110
4.1735
3.8841
4.1493
4.0343
3.9000
4.2167
4.2108
3.9271
4.1284
4.3280
4.1910
3.9840
3.9005
4.1230
4.3987
4.0998
4.4651
4.0533
4.3964
4.0425
3.9773
4.3037
4.2943
4.2779
4.1005
4.2495
4.1681
4.1554
3.9947
4.4548
4.0982
4.1803
4.0500
3.9655
4.2400
4.1498
4.4696
4.1159
4.2995
4.4786
4.5220
4.6754
4.6179
4.2511
4.7309
4.8225
4.8066
4.2467
4.3668
4.4646
4.2581
4.3228
4.1675
4.2577
4.1226
4.3786
4.3061
4.4326
4.5385
3.9037
4.3637
3.9670
4.1053
3.9605
3.9706
3.8170
4.1308
4.1781
4.2983
3.9880
4.0628
4.2443
3.9872
3.8954
4.0750
3.9910
4.0698
4.1444
4.0656
4.1163
4.0870
4.4134
4.2220
3.9449
4.4528
3.9437
4.1181
3.8815
4.1986
4.4526
4.4278
4.1179
4.0267
4.6392
4.4257
4.1200
4.1000
3.9530
4.1288
4.4652
4.5824
4.1429
4.2837
4.2178
4.4437
3.9383
3.7061
4.2376
3.9417
4.1268
3.9594
3.8350
3.8151
3.9944
4.1853
3.8326
3.7892
4.2413
4.0607
4.0669
3.8737
4.0221
3.9424
3.8354
3.7094
3.6010
4.1087
4.3172
4.3238
4.0521
4.4812
4.0742
4.2358
4.2518
4.5788
4.3767
4.4679
4.7301
4.3803
4.3241
4.7075
4.3565
4.4435
4.4188
4.1154
4.2380
4.0973
4.0225
3.9685
3.9766
3.8302
4.0008
4.1786
4.1433
4.2145
4.4714
4.2412
3.9040
4.4554
4.2648
4.6346
4.1830
4.3147
4.1426
4.2034
4.4192
4.4797
4.1664
4.4602
4.2685
4.1400
4.4329
4.1373
4.5825
4.1001
4.3718
4.4695
4.2993
4.3139
4.3733
4.6311
4.2770
4.1918
4.4449
4.2272
4.0505
3.7495
3.8131
3.8204
4.0101
3.6660
3.9486
3.9782
4.0551
4.2314
4.3092
4.6786
4.2275
4.5135
4.6157
4.1142
4.0857
4.0719
3.6902
3.9641
4.0632
4.3058
4.3198
3.9109
4.0501
4.0238
4.2772
4.0881
3.9689
4.1248
4.1462
4.2492
4.3210
4.5447
4.3137
4.2748
4.0274
4.1675
4.0464
4.2247
4.2432
4.2126
4.1536
3.9140
4.3094
4.0206
3.9296
4.1409
4.0682
3.7274
3.8071
3.9406
3.9906
4.1588
4.3711
4.4658
4.3826
4.1010
4.2921
4.3895
4.2643
4.4468
4.5483
4.4846
4.3260
4.1780
4.0934
3.6077
3.7790
3.8618
3.7306
4.0728
3.8405
3.9572
3.7110
4.0058
3.8477
4.0517
4.5240
4.4217
4.3491
4.1976
3.8156
3.8771
3.8648
3.7665
4.2141
3.8165
3.9853
3.8314
3.8528
3.8824
3.9920
4.0585
4.1295
4.0205
4.0373
3.9506
3.9807
4.4096
4.2715
4.2761
3.8337
4.0700
3.8870
3.9068
4.1782
3.9724
3.9691
4.2560
4.3828
3.9729
4.3259
4.6975
4.4523
4.4540
4.4654
4.3456
4.2999
4.3092
4.3184
4.2685
4.4103
4.2616
4.0477
3.9878
3.9885
3.9932
3.9783
4.0973
4.2000
4.2100
4.1802
4.3365
4.1111
4.4848
4.4742
4.4575
4.4560
4.2458
4.0274
3.9170
4.1919
4.2933
3.9204
4.1161
4.0673
4.3335
4.2673
3.7349
4.1084
4.1255
4.2750
4.0299
3.8696
4.5528
4.1267
4.0637
4.5622
4.2722
4.2446
4.5000
4.2076
3.9547
3.8415
4.0902
4.1263
4.0172
3.9651
4.4298
4.0969
4.1488
3.9336
4.1453
4.4622
4.3379
4.4697
4.6831
4.4010
4.9861
4.6875
4.7176
4.9650
4.5311
4.9173
4.7662
4.7389
4.9195
5.1683
5.0456
4.7120
4.8252
4.6425
4.4529
4.6872
4.7874
4.6288
4.5926
4.5046
4.2187
4.6471
4.4672
4.3258
4.6314
4.4399
4.4734
4.2206
4.4258
4.3472
4.5243
4.5421
4.0086
4.3377
4.9912
4.8471
4.6653
4.1308
4.2834
4.1735
4.5627
4.0570
3.8542
4.2922
4.1161
4.2142
4.2030
4.4301
4.3727
4.4059
4.6043
4.4175
4.6040
4.5325
4.5022
4.2500
4.2088
4.1880
4.2007
4.0918
4.1215
4.1026
4.0068
4.0113
3.8627
4.0824
3.9433
3.7803
4.1194
4.0983
3.8236
4.0036
4.0187
4.0275
3.9557
3.8884
3.8883
4.0017
4.0575
3.9093
3.7111
4.1193
3.5791
3.7155
3.8315
3.7663
4.1439
3.8965
4.0532
4.1416
4.3548
4.2990
4.5277
3.9781
3.8704
3.9932
4.0415
3.9679
4.1896
4.0142
4.2426
4.3119
3.9765
4.0122
3.8297
4.1403
3.9179
3.9514
3.8428
3.9272
4.0078
4.0705
4.3138
4.1768
4.0285
4.1329
4.1012
4.1810
4.1003
3.7635
3.8492
3.9956
3.8873
4.0106
3.9726
3.9038
4.0172
4.1622
4.0325
4.2243
3.9178
3.9720
4.2257
4.1458
3.6903
4.0244
3.8871
3.7994
3.9383
3.7574
3.9033
3.9249
3.9873
3.6883
4.3842
4.0627
4.1330
4.1154
4.0356
4.0917
4.0462
3.9331
4.0791
4.1548
4.2662
4.2515
4.3613
4.0394
3.8737
3.7071
4.0571
4.0825
4.0634
4.0272
4.0137
3.8921
3.7336
4.0213
4.2580
4.2261
4.0127
4.1677
4.0160
4.0979
4.2324
4.3306
4.2343
4.1114
3.8382
4.1006
4.0359
4.2561
4.1009
4.0141
4.1738
4.1517
3.7707
4.0868
4.0394
4.2415
3.8862
3.6871
3.8379
3.6845
3.8832
4.0257
4.5471
4.4503
4.3437
4.3465
3.9772
4.1438
3.6925
3.8014
3.8580
3.9998
3.9616
4.3059
4.2589
4.1720
4.0435
3.9019
4.2010
4.1943
4.2552
4.0114
3.9507
3.9684
3.7848
4.1399
4.1514
3.8560
3.9504
3.9757
3.8836
4.1463
3.7264
3.6371
3.6095
3.7948
3.8229
3.4893
3.6454
3.6031
3.8792
3.9380
3.8205
3.5657
3.5061
3.5841
3.6778
3.6907
3.8496
3.9104
3.7959
3.9075
3.9060
3.9634
4.0721
3.9966
4.0160
4.0061
4.1883
4.1931
4.2712
4.1608
4.2112
4.0865
4.3463
4.1602
4.3650
4.1357
4.2458
4.2367
3.8575
3.9991
3.7524
3.8697
3.8348
3.6597
3.7910
3.8948
3.8411
3.7916
4.0596
3.6403
3.6734
3.9125
4.0167
4.2118
4.3108
4.4686
4.1452
4.0632
4.2260
3.8696
4.0456
4.1979
4.1060
4.3610
4.0166
3.9975
4.0658
3.9636
4.0206
3.7873
3.7778
3.7600
4.0641
4.0682
4.1253
4.1498
4.1445
4.2555
4.1532
4.2360
4.1975
4.2251
4.0043
3.8761
3.6661
3.7769
4.0858
3.7026
3.9255
3.9514
3.8578
4.1117
3.7797
3.9403
3.7704
3.8588
3.9454
3.8462
3.8256
3.8468
3.8613
4.0024
4.0531
3.9208
3.8879
3.5760
3.7935
4.0101
4.1515
3.8484
3.7076
3.6315
4.1807
4.1124
4.0873
3.8415
4.2010
4.0605
4.0794
4.2053
3.8474
4.1059
3.9118
4.0044
4.0551
3.8628
4.2478
4.3385
4.2779
4.0573
4.0734
4.2458
4.3623
4.0639
3.8436
3.8094
3.8675
3.6862
3.8676
3.9881
4.0693
3.7529
3.8685
3.8474
4.0286
3.9584
3.9658
3.7123
3.7673
3.9559
3.8019
3.8567
3.9664
3.8973
3.8349
3.7872
3.8077
3.6144
3.6679
3.7185
3.8459
3.4584
3.8168
3.7145
3.7885
3.6435
3.8182
3.9742
3.9896
3.9582
3.7554
4.0909
3.9356
4.2830
3.9514
3.9824
3.9554
4.0517
4.0859
4.2217
4.1825
4.0723
4.2624
4.2230
4.1007
4.0149
4.5091
4.2069
4.0217
4.0640
4.1182
4.1441
4.2084
4.1220
4.1741
3.9835
4.1134
4.2395
4.0878
4.1139
3.9002
3.9465
4.0087
4.4968
4.2765
4.2137
4.1836
4.5205
4.3988
4.1821
4.0083
3.9856
4.0590
4.0729
4.2942
4.1996
4.0333
4.4227
4.0174
4.2571
4.3554
4.4387
4.2225
4.3349
4.1947
4.1321
4.0467
4.1529
3.9522
4.1702
4.2528
4.0591
4.0653
4.1287
3.8659
4.1148
4.0606
4.3279
4.5701
4.2234
4.1680
3.9679
4.0922
3.9637
3.9105
3.9300
4.0352
4.0246
3.5806
4.0018
4.2355
4.0130
3.9916
3.7960
3.9661
3.8701
3.8751
3.9322
4.0631
3.6766
3.7218
3.7581
3.8377
3.7724
3.9019
3.9397
3.8421
3.7066
3.8299
3.5705
3.9947
3.9826
3.9396
3.7271
3.8255
3.7321
4.0506
3.8104
3.7674
3.7665
4.1788
4.0179
3.8831
4.3122
4.2488
4.0759
4.0489
4.1295
4.3635
4.1293
4.0274
4.0736
4.1800
3.9873
4.2993
4.6552
4.3185
4.3598
4.5291
4.3611
4.4747
4.3507
4.1723
3.9790
4.0881
4.3483
4.2261
4.2935
4.0433
3.9917
3.8097
4.1959
4.1980
4.2784
4.4330
4.5477
4.2381
4.3066
4.3591
3.9479
3.9214
4.1972
4.0059
4.1717
4.1012
3.7425
3.7667
3.8857
4.2056
3.9520
4.0938
4.0327
4.5398
4.2432
4.3201
4.2299
3.9389
3.9336
3.8394
3.8706
3.8355
3.8509
3.5523
3.7107
3.8539
3.6149
3.7249
3.7369
3.6830
3.8201
3.9915
4.1132
4.1615
4.2008
4.1679
4.0438
4.1129
4.0141
3.9530
4.1208
4.2821
4.2629
4.4098
4.2985
4.2806
4.2538
4.2899
4.2407
4.5788
4.0577
4.1040
4.0312
4.4158
4.5098
4.5532
4.1733
4.2480
4.0427
4.2089
4.3694
4.3340
4.2669
4.2917
4.5040
4.2330
4.1500
4.4415
4.5888
4.9436
5.0250
4.9796
4.8891
4.7391
5.0617
4.6893
4.6447
4.4579
4.6954
4.6538
4.8143
4.4953
4.6991
4.5028
4.5651
4.1307
4.1595
4.0756
4.2345
4.1361
4.2252
4.0203
4.1317
4.3090
4.4003
4.4362
4.2509
4.1948
3.9938
4.2412
3.7187
3.6525
3.6187
3.9131
4.2286
4.0310
4.0012
4.1163
4.4162
4.1690
4.2419
4.1720
4.4476
4.3778
4.3640
3.9426
3.9747
4.1463
4.3969
4.1977
4.6096
4.0908
4.2075
4.6734
4.3217
4.0465
3.9782
4.4314
4.1724
4.3050
4.4221
4.2276
4.0584
4.1385
4.2025
3.9581
3.8452
3.8341
3.9607
4.0375
4.0658
3.7960
3.8100
4.0812
4.0492
3.9630
4.0205
4.2959
4.2280
4.4528
4.2629
4.2943
3.9625
4.0828
4.3475
4.2634
4.2926
4.1454
3.9387
4.0722
3.9422
4.1541
4.0175
4.0466
3.9983
3.8602
4.0998
4.1893
4.1334
3.8529
4.0507
3.6068
3.6521
3.9383
4.3823
4.0081
4.0703
4.1202
4.1645
4.1640
3.8724
4.1566
3.7851
3.5033
3.7703
3.7580
3.8593
3.8575
3.9968
3.9050
3.9904
3.9800
3.9499
3.8239
4.3291
4.0633
3.9825
4.2123
4.3258
4.0909
4.3076
4.3411
3.9821
4.0145
4.1352
3.9326
4.1776
3.8951
3.7954
3.9304
4.0396
4.4486
4.1948
3.8353
4.0386
3.9680
4.2070
3.9214
3.9343
4.0543
4.0222
4.2279
3.7491
3.8800
3.9676
3.8904
3.8450
4.1118
4.1868
3.7178
3.8587
4.2628
4.1509
4.6075
4.5979
4.3092
4.3806
4.1109
4.4878
4.1695
4.2036
4.5527
4.6296
4.1820
4.1612
3.9468
3.8715
3.9924
3.9242
3.8993
3.7392
3.9189
3.9073
3.8824
4.6021
4.0486
4.2255
4.2867
3.9918
4.0005
3.7142
3.8520
4.1727
4.0205
4.3357
4.2313
4.4493
4.2884
4.3938
4.1419
4.2595
4.1993
4.3614
4.4573
4.4086
4.3428
4.0878
4.3276
4.2325
4.3434
4.3494
4.1965
4.2968
4.4186
4.3849
4.3552
4.4463
4.4215
4.3524
4.1958
3.9679
4.3101
4.5263
4.5154
4.6607
3.8044
4.0560
4.0345
4.2568
3.9004
4.2835
4.1221
4.2121
4.1851
4.2402
4.3643
4.0816
4.3575
4.2149
4.3599
4.2641
4.2165
3.9302
4.0277
4.0107
4.4749
4.2224
4.2981
4.3972
4.2975
4.0495
4.1181
4.1073
4.1175
4.0948
4.4789
4.3350
4.1047
4.2501
4.3427
4.4607
4.3294
4.1929
4.1194
4.3048
4.0627
4.3858
4.0319
4.1605
4.2503
4.3474
4.2301
3.8339
3.6061
4.0262
3.9592
4.2276
4.3742
4.2059
4.0396
4.0093
3.8724
4.1205
4.0591
4.3427
4.3992
4.3294
4.1989
3.9089
4.2128
4.0654
4.3717
4.2161
4.0677
4.4278
4.3895
4.2326
4.3257
4.0858
4.3313
4.2699
4.0358
4.3359
4.3730
4.6265
4.2144
4.4149
4.4745
4.4185
4.0227
4.1857
4.3573
4.2306
4.1414
4.2023
4.1539
4.3756
4.4081
4.2463
4.1753
4.4403
4.1638
4.2183
4.4357
4.0447
4.3897
4.4206
4.3985
4.6384
4.5137
4.1430
4.7321
4.2540
4.5681
4.0740
4.3625
3.8027
4.4692
3.9142
3.8806
3.9137
4.0239
4.1923
4.1587
4.1548
4.2642
4.3836
4.3068
4.4030
4.1673
4.2544
4.1932
4.1940
4.0568
4.3828
4.1342
4.0772
4.0393
4.1458
4.1133
4.3256
4.0045
3.8653
4.2043
4.1868
4.1060
4.3031
4.6887
4.3347
4.4190
4.1499
4.3777
4.3504
4.2968
4.3123
4.2345
4.2532
4.1628
4.2971
4.3959
4.2317
4.4388
4.2618
4.2676
4.3262
4.1658
4.1922
4.3505
4.5241
4.3089
4.8766
4.6171
4.3680
4.3151
4.4143
4.3718
4.4022
4.2590
4.6085
4.3827
4.6990
4.5805
4.5040
4.6920
4.6281
4.3844
4.3465
4.4044
4.3464
4.2053
4.2748
4.1018
4.1431
4.1480
4.0613
4.2843
4.1169
4.2166
4.0897
4.2613
4.2740
3.9928
4.2855
4.0223
4.1923
4.0364
4.0637
4.2412
3.8305
3.7992
3.9744
4.1537
4.1182
4.4043
3.8145
3.9798
3.8934
4.0824
4.2264
4.1814
3.6710
4.1588
3.8990
4.1162
3.9972
3.9743
4.2461
4.1799
4.1828
3.8716
4.0234
4.3660
4.0417
4.1601
3.7531
3.7778
4.3610
4.1058
4.1765
4.4564
4.1609
3.9277
4.2007
4.0627
4.2213
4.4148
4.3558
4.4431
4.4192
4.6143
4.3774
4.6381
4.0628
4.3505
4.5901
4.4239
4.5628
4.8427
4.8704
4.6195
4.6483
4.8557
4.6667
4.6281
4.8342
4.3348
4.2633
3.9022
4.3226
4.2269
4.5804
4.6284
4.6906
4.5388
4.4603
4.1961
4.1687
4.0488
4.2047
4.6251
4.5831
4.6760
4.7297
4.7760
4.4574
4.4318
4.2142
4.7592
4.6140
4.6543
4.3251
4.2269
4.0643
3.9610
4.0460
3.9180
4.0916
4.2378
4.2008
4.0853
4.2705
4.1431
4.2912
4.2862
4.5632
4.2124
4.3222
4.1722
4.3956
3.9615
3.9112
4.5112
4.1174
4.0938
4.3810
4.3826
4.0018
4.3178
4.2880
4.3537
4.3692
4.3267
4.2791
4.1871
4.0808
4.2385
4.2162
4.2845
4.0471
4.3512
4.0591
4.5283
4.4091
4.4700
4.0974
4.4305
4.4803
4.2466
4.5147
4.2084
4.3164
4.1807
4.5213
4.3855
4.5481
4.3616
4.4002
4.2652
4.6884
4.7003
4.2670
4.2126
4.2869
4.2550
4.4218
4.4029
4.3940
4.4912
4.4704
4.7330
4.7010
4.5225
4.3966
4.7074
4.5950
4.5694
5.3776
4.7468
4.9197
4.5725
4.5968
4.8534
4.7118
4.3048
4.6845
4.9865
4.5067
4.5775
4.1216
4.4338
4.3451
4.4643
4.3097
4.6547
4.6881
4.7709
4.6992
4.3297
4.4567
4.5833
4.9177
4.6746
4.3610
4.5779
4.6582
4.5661
4.4053
4.3433
4.3321
4.2983
4.0667
4.1104
3.9575
4.3540
4.1622
4.1068
4.2176
4.0793
4.1071
4.1431
3.9308
3.9073
3.9482
4.1872
3.9886
4.0049
4.1104
4.1552
3.8738
3.7792
4.0881
4.0806
4.1254
4.0361
3.9413
4.1835
4.2255
4.0867
3.7341
4.0497
3.8642
3.8479
4.2934
3.9810
4.0147
3.9255
3.9015
3.9648
3.9689
4.1878
4.3187
3.6278
3.7448
4.0896
3.8812
3.6995
3.9210
3.9705
3.9112
3.7502
3.7444
4.0182
3.6386
3.7666
4.1783
4.1603
4.0670
4.0800
3.9644
3.8212
3.8275
4.1000
4.1889
4.1567
3.7437
4.3519
4.0795
3.8298
4.0548
3.8742
4.0748
3.6592
3.6354
3.8724
3.9867
4.1290
4.0937
4.2156
4.1406
4.3006
4.0202
4.6484
4.3731
4.1232
3.9346
3.9972
4.0300
4.2724
4.5427
4.2468
4.1442
4.0561
3.9104
3.8168
3.7857
3.8112
3.7648
3.9299
3.9242
3.6862
3.7126
3.8887
3.7990
3.7472
3.7640
4.0356
3.8618
3.9527
3.9668
3.9196
4.0903
4.0209
3.7048
3.6866
3.8260
3.4524
3.8961
4.1966
4.3509
4.3164
4.3470
4.3516
4.6269
4.6105
4.2927
4.4977
4.0456
4.3289
4.3607
4.0251
4.1047
4.3743
4.4475
4.4012
4.2824
4.4011
4.5118
4.4229
4.3785
4.3010
4.1972
4.1837
4.3806
4.3579
4.1783
4.2299
4.2139
3.7965
3.9524
3.8398
3.9931
3.7757
3.9460
3.8703
3.7753
3.9000
3.6172
4.0245
3.6586
3.7075
3.6942
3.8820
4.3119
4.1318
4.1400
4.1686
3.9659
3.9265
3.7918
4.1300
3.9747
4.1452
3.8342
3.8146
4.0123
3.8418
3.9096
3.6739
3.9004
3.5846
3.8406
3.9715
3.8094
3.8148
3.8639
3.7542
4.0090
3.5816
3.6659
3.8397
3.7616
3.3891
3.6835
3.8028
3.8176
4.1066
3.9274
4.0314
4.1322
4.1640
4.1899
3.8888
3.9679
4.0705
3.8641
3.7054
3.7936
3.7954
3.5510
3.8190
4.3104
4.0974
3.8733
3.9742
3.8650
3.7725
4.0116
3.9404
3.9272
3.7807
4.0175
4.0410
4.0114
4.1356
4.0950
4.0930
4.0916
3.9426
3.8558
4.1401
3.9412
3.7686
3.7625
3.8182
3.7482
4.0811
3.9943
4.0148
3.9979
3.8157
3.7902
3.5761
3.7216
3.8424
3.6755
3.6612
3.9755
3.9662
4.0520
3.7958
3.7049
3.8274
3.9608
4.1460
4.0723
3.8249
4.0170
3.6683
3.7999
3.9489
3.9217
3.8227
3.7262
3.9551
3.9695
4.1174
4.0858
3.8900
4.0633
4.3384
3.7608
3.7891
4.0325
4.1809
4.1693
4.2953
4.1655
3.7056
3.6812
3.7028
4.0779
3.9843
4.0606
3.9083
4.4951
4.2562
3.8504
3.9712
3.9206
3.9003
3.9179
4.0977
4.0944
4.1863
3.7679
4.1036
4.5082
4.4326
4.0262
4.1732
4.1868
4.2025
3.9204
3.8949
4.2015
3.9242
3.9556
4.1423
3.9166
4.2548
3.9396
3.7895
3.9225
3.6376
3.8846
4.0101
4.1355
4.0054
3.9409
3.9621
3.7561
4.1132
4.0565
4.0534
3.7545
3.8385
3.9477
3.9757
3.9356
3.8872
3.7099
3.7638
3.6785
3.9720
4.0947
4.1365
3.8065
4.0895
3.8396
3.9207
3.7487
3.6786
3.5127
3.5614
3.6508
3.5872
3.7914
3.6742
3.5911
3.4361
3.3665
3.6482
3.3361
3.4184
3.3815
3.4353
3.5071
3.6619
3.5993
3.5840
3.4021
3.2610
3.3588
3.3901
3.4885
3.5190
3.7219
3.5658
3.7253
3.6487
3.5761
3.6976
3.8521
3.6322
3.5977
3.9485
4.1077
4.1282
3.9294
3.9223
4.2890
4.3080
4.0049
4.0389
4.0460
3.9637
3.9822
3.8458
4.1638
3.9695
3.8595
3.8237
3.9499
3.7879
3.8858
3.9537
3.7540
3.7152
3.6651
3.7486
3.8689
3.7981
3.6712
3.8610
3.6367
3.5801
3.6631
3.8370
3.6583
3.5116
3.5589
3.5812
3.7277
3.7705
3.6499
3.9622
3.8204
3.9526
3.9276
3.8831
3.9921
3.8825
3.8637
3.9835
4.0929
3.7425
4.2019
3.9149
4.0583
4.2895
3.9751
4.0470
3.8213
4.0075
3.7497
3.9215
4.2069
3.8813
3.9730
3.8472
3.8717
4.1278
3.8816
3.8117
3.6863
3.5328
3.8449
3.7576
3.9732
3.9937
4.0793
3.9157
4.0136
4.2237
4.2185
4.0885
4.3374
4.0718
3.7807
3.8223
3.9912
3.5541
3.5814
4.0542
4.0517
4.2317
4.1641
4.1529
3.9965
3.8077
4.0998
3.8882
3.8427
3.6872
3.8209
3.5222
3.6448
3.7725
3.6634
3.8619
3.7613
3.6825
3.7225
3.5632
3.8281
4.1014
4.0988
4.1236
4.1591
4.0796
4.1107
3.8360
3.9109
3.9086
4.0562
4.2540
3.7523
3.9440
4.2527
4.6700
4.6155
4.0605
4.2554
4.2260
4.0149
3.9997
4.1560
4.0809
4.1173
3.8743
4.0394
4.3746
4.3102
4.4798
3.7782
3.8815
4.0303
3.8889
4.3096
4.2979
4.0189
4.1934
3.9375
3.9433
3.9584
4.3027
4.3056
4.1306
4.0532
4.0702
3.9027
4.0363
4.2459
3.9726
4.1734
3.8460
3.6311
3.9851
3.9301
3.9353
3.7734
4.2620
4.3040
4.1694
4.3595
4.4514
4.0479
4.1019
4.1537
4.0837
4.0840
4.2879
3.5733
3.4302
3.3872
3.5557
3.6615
3.7668
3.8536
3.8467
3.3732
3.3746
3.3172
3.6663
3.7003
3.5114
3.6786
3.3020
3.4692
3.6865
3.5969
3.6786
3.5739
3.7053
3.6292
3.9895
3.8908
3.6790
3.9064
4.0427
4.1883
4.0394
4.0305
3.9264
4.0699
3.9990
3.9582
4.1424
3.8094
3.9795
4.0780
4.0056
4.1007
3.9007
3.7719
3.8669
3.9055
3.9126
4.0177
3.9768
4.0445
4.2665
4.1401
4.3015
4.4518
4.2205
4.5149
4.5261
4.1154
4.4141
4.6278
4.3812
4.4374
4.2566
4.3724
4.5455
4.2490
4.2292
4.3798
4.4093
4.4475
4.4975
4.5089
4.3584
4.4208
4.2542
4.1709
3.7939
4.0278
4.1475
4.0968
4.6576
4.5268
4.2471
4.2228
4.2916
4.1297
3.9420
4.1257
4.0078
4.1940
4.4056
4.1814
4.1979
4.3044
4.0866
3.9729
4.3431
4.5957
3.9798
4.2636
4.4676
4.1613
4.3790
4.0808
4.3086
4.1748
3.9894
4.2000
4.5010
4.6668
4.6574
4.6682
4.3254
4.4014
4.3529
4.2068
4.3980
3.9604
4.2040
3.9765
4.1042
4.1334
4.3124
4.5695
4.4213
4.1905
4.0536
4.2763
4.0236
4.3567
4.0223
4.0612
4.3340
4.1899
4.5639
4.3693
4.2842
4.3946
4.3649
4.3518
4.1949
4.1800
4.4624
4.2521
4.2108
4.2932
4.3292
4.3548
4.3490
4.2774
4.2068
4.6526
4.3810
4.3991
4.2775
4.2340
4.3233
4.4020
4.5559
4.3049
4.0112
4.3732
4.2379
4.2072
4.3702
4.1384
4.4670
4.2777
4.6774
4.6487
4.5954
4.6294
4.7878
4.7067
4.4730
4.6118
4.2444
4.1237
3.9631
4.1836
4.0901
4.3056
3.8523
4.3022
4.2337
4.3308
4.2322
4.7042
4.6537
4.8740
4.6446
4.7112
4.5150
4.4102
4.2338
4.0452
4.1591
4.1578
4.1979
4.2171
4.3775
4.3473
4.5276
3.8632
3.7891
3.6837
4.0481
3.8742
3.6207
3.4890
3.8339
3.8810
3.8433
3.8220
3.7631
3.8078
3.9130
3.7148
3.5320
3.8241
4.1021
3.8764
3.9179
4.0641
3.8606
3.7900
3.7847
3.9163
3.9303
3.9109
3.4627
3.4987
3.7756
3.6079
3.5870
3.8978
3.3898
3.5591
3.7437
3.9435
4.1984
3.8960
4.1586
3.7015
3.6978
4.0396
3.6782
3.9258
3.6536
3.7739
3.7405
3.9109
4.0007
3.9036
4.4817
4.6584
4.1576
4.0045
3.7925
4.1609
4.0115
3.7308
3.9625
3.8314
3.7235
4.1323
3.9488
3.9227
3.6439
3.9907
3.8801
3.7810
3.9917
3.6999
3.7792
3.6551
3.8005
3.8911
4.0024
4.2437
3.9080
4.3641
4.1009
3.9784
3.9549
3.7499
4.1363
4.3213
4.1784
4.4671
4.0337
4.1871
4.1483
4.1326
4.5067
4.3753
4.1855
4.3418
4.3027
4.2808
4.3693
4.2946
4.0963
4.3456
3.9459
4.2976
4.4422
4.6867
4.2312
4.2975
4.2012
4.6878
4.4744
4.2313
4.5482
4.6270
4.5241
5.0185
4.5354
4.5377
4.2111
4.4956
4.3574
4.6451
4.8561
4.6845
4.6054
4.0575
4.2466
4.3467
4.3273
4.2131
4.3010
4.1195
4.3854
4.4372
4.4507
4.2027
4.1130
3.8991
4.2322
4.4178
4.4794
4.5118
4.5415
4.3196
4.5995
4.6608
4.4437
4.1104
4.4591
4.2197
4.4770
4.1774
4.1852
4.2960
4.5863
4.4979
4.5494
4.3447
4.3014
4.2952
4.1744
4.0309
4.2279
4.1350
3.9936
4.3017
4.1813
4.1342
4.3467
4.1813
4.0021
4.0288
4.4044
4.0444
4.0706
3.9284
4.1442
4.3479
4.5988
4.4935
4.2680
4.2631
4.3278
4.2933
4.3475
4.6212
4.3682
4.1370
4.2139
4.4208
4.2383
4.3262
4.2187
4.6120
4.8106
4.7387
4.8753
4.3598
4.3597
4.6544
4.3938
4.1276
4.3510
3.9903
4.3142
4.2896
4.3116
4.2182
4.5483
4.5551
4.2731
4.3981
4.0788
4.0600
4.4685
4.3869
4.0826
4.0446
3.9143
3.8015
3.6883
3.9275
4.0971
4.2235
4.4714
4.4427
4.4620
4.3104
4.1846
4.5053
4.0858
4.4599
4.2782
4.1203
4.1285
4.0917
4.1209
4.3345
4.2340
4.3017
4.2288
4.3259
4.3018
4.1607
4.2886
4.1027
4.0106
4.5065
4.6815
4.2660
4.0585
4.0301
3.8871
3.9086
3.9117
3.7581
3.9314
4.0730
4.1580
4.1892
4.1422
4.5104
4.1428
4.2064
4.3140
4.2998
4.2754
4.1925
4.1539
4.1940
4.1973
4.1460
4.3235
4.3858
4.2251
4.1123
3.9791
3.9952
4.2757
3.9999
4.0233
4.1287
4.5187
4.2595
3.9688
4.1717
3.8767
3.9048
3.9237
3.9396
3.8161
4.3581
4.1961
4.2941
4.3922
4.3935
4.2916
4.5502
4.3056
4.0785
3.9904
4.2946
4.0436
4.0133
4.1612
3.9797
3.9484
3.8848
3.6072
4.0059
3.9387
3.8524
3.7713
4.0472
3.8889
3.4663
3.8408
3.7504
3.5734
3.6504
3.5821
3.5000
3.4336
3.6549
3.6116
3.9351
3.9294
3.8710
3.6668
3.6091
3.7742
3.8104
3.6013
3.7351
3.9648
3.9663
4.1514
3.7532
3.8700
3.7543
4.1527
4.0954
4.4673
4.5010
4.6159
4.5933
4.6413
4.4036
4.1772
4.2771
4.3458
3.9993
4.4312
4.4079
4.1757
4.0111
4.0817
4.2796
4.2300
4.1026
4.1118
4.6903
4.1971
4.2292
4.3923
4.3567
4.2950
4.3833
4.0977
4.1033
4.6939
4.1710
4.3805
4.4297
4.4148
4.1441
4.1621
4.2601
4.1001
4.0228
4.3860
4.2293
4.2453
4.4811
4.4849
4.4450
4.0247
4.1143
4.0911
3.7204
4.2488
3.9721
3.8396
4.1316
3.9342
4.2452
4.2490
4.0048
3.9678
4.0988
4.3507
4.3030
4.0958
4.2759
4.2219
4.6197
4.2515
4.2050
3.8125
3.9404
3.8229
3.7070
4.1945
4.0708
3.9234
4.1046
4.4382
4.0908
3.9364
3.9559
4.0550
4.0253
4.4950
4.0979
4.4280
4.4256
4.3306
4.3182
4.1503
4.4470
4.0141
4.5041
4.3475
4.5430
4.1708
3.8210
4.2164
4.0516
4.2635
3.8874
3.8757
4.1086
4.3121
4.4269
4.3783
4.2934
4.1639
3.8989
4.0815
4.5406
4.2878
4.4327
4.3099
3.9129
3.9556
4.0496
4.0192
4.0828
4.0207
3.8751
4.1341
4.1308
4.1611
4.5411
4.4006
4.0696
4.2103
4.2108
3.9202
3.8223
3.8083
3.7766
3.9131
3.7623
3.5972
3.6072
4.1256
3.9039
4.1506
3.9163
3.9804
4.1325
4.2619
4.0672
4.0608
4.1141
4.2891
4.0899
4.1894
4.1984
4.0172
3.9130
3.9595
3.8061
4.0329
4.2072
4.0718
3.9058
3.6293
4.0177
3.7884
3.7845
3.7785
3.6724
4.1418
4.3328
4.3349
4.5114
4.2624
4.6255
4.5996
4.5863
4.3938
4.6795
4.3788
4.2934
4.3855
4.4867
4.1737
4.2753
4.7414
4.8366
4.5630
4.3403
4.1600
4.0826
4.0472
4.2790
4.5706
4.1377
4.2338
4.1908
4.4105
4.4370
4.0063
4.4998
4.5257
4.4936
4.2621
4.1309
4.3370
4.4606
4.5944
4.5533
4.1771
4.1698
4.1653
4.2183
4.4679
4.4035
4.4919
4.7838
4.4174
4.2945
4.3841
4.4094
4.1454
4.3467
4.1576
4.2915
4.1776
3.9783
3.8593
4.1675
3.9387
4.0810
4.1819
4.2156
3.8169
4.2892
4.2349
3.9532
3.9932
3.9395
4.0605
3.8613
3.8037
3.8646
4.1072
3.7718
3.7594
4.0175
3.7783
4.1591
4.0220
4.0184
4.0576
4.1394
3.8936
4.1997
4.0326
4.2218
4.4274
4.2847
4.1402
4.3939
4.0357
4.1394
4.1003
4.3165
4.0570
4.5136
4.3238
4.2562
3.9325
4.1942
4.5974
4.2916
4.3676
4.3708
4.3212
4.2849
4.3259
4.2257
4.2119
4.1085
4.4184
4.4162
4.1922
4.2315
4.6452
4.6666
4.7238
4.5669
4.5502
4.4042
4.3340
4.2816
4.1039
4.4561
4.0839
4.1316
4.3052
4.2892
4.3013
4.0376
4.2253
4.1638
3.9919
4.1470
3.9002
4.2714
4.1705
4.0026
4.0678
4.4575
4.0837
3.8552
3.6879
3.6978
4.0608
4.1693
4.2418
4.1653
4.1093
4.1190
3.8845
3.9377
3.9807
4.0849
4.3425
4.1926
4.2639
3.9913
4.1425
4.7485
4.5940
4.6143
4.6703
4.2287
4.0905
4.2007
4.0541
4.1854
4.2132
4.3617
4.2784
4.3466
4.3496
3.9528
3.8306
4.2127
4.1961
4.1593
4.2653
4.0611
3.9348
4.2898
4.1142
4.0719
4.1218
4.2309
3.9092
4.0271
4.1208
4.1236
3.8171
3.9182
4.0089
3.9460
3.8831
4.0411
4.0186
4.1543
4.1813
3.9480
3.9829
4.3621
4.2871
4.1391
4.1716
4.0891
4.2686
4.3292
4.5279
4.4965
4.3391
4.3312
4.6515
4.4502
4.3770
4.5994
4.5131
4.6178
4.4053
4.1945
4.3422
3.9526
4.0759
4.1120
4.6375
4.4966
4.0353
4.2970
4.1121
4.1827
4.4383
4.1730
4.3723
4.4516
3.9450
4.0214
4.1309
3.9920
4.0989
4.3355
4.4223
4.3487
4.3092
4.8543
4.8656
4.7748
4.9060
4.5731
4.3213
4.5198
4.6962
4.8244
4.6489
4.2634
4.2575
4.5285
4.4534
4.7256
4.6913
4.6396
4.4709
4.4824
4.5112
4.4493
4.6299
4.5128
4.5697
4.7095
4.5740
4.4008
4.5211
4.4940
4.2433
4.6232
4.3444
4.6588
4.9164
4.7023
4.7753
4.8824
4.3686
4.3999
4.1131
4.3012
4.6650
5.0062
4.9189
4.6934
4.7312
5.0280
5.1821
5.0069
4.7855
4.6982
4.6473
4.5076
4.3971
4.5633
4.5584
4.5873
4.8449
4.6038
4.1140
4.2207
4.2986
4.2649
4.3562
4.0672
4.3637
4.3635
4.2721
4.2658
4.2920
4.1163
4.0433
4.2047
3.9643
4.4047
4.3519
4.1578
3.8444
4.3418
4.0871
4.1776
3.9530
4.0940
4.1040
4.2601
4.1473
4.1343
4.2363
4.9063
4.8629
5.2400
5.0243
4.6219
4.8513
4.6772
4.8883
4.9062
4.5544
4.2159
4.6038
4.9205
4.6142
4.7628
4.3461
4.4158
4.8811
4.3483
4.5060
4.2771
4.3107
4.0539
4.3286
4.1772
4.0273
3.8683
3.9353
4.2236
4.5604
4.6046
4.5028
4.5604
4.8474
4.4307
4.6588
4.3734
4.6615
4.2436
4.4820
4.2272
4.4681
4.5621
4.4318
4.1983
4.3039
4.3033
4.2429
3.9491
3.9966
3.6503
4.1872
4.4062
4.1369
4.1017
4.1307
4.1758
4.1894
4.0948
4.4229
4.4179
4.5830
4.4755
4.7175
4.2709
4.4812
4.6585
4.6143
4.4549
4.8311
4.6420
4.4724
4.4838
4.8197
4.6738
4.3663
4.4671
4.6739
4.7657
4.4977
4.5393
4.3208
4.0518
4.1733
4.4328
4.0889
4.0355
4.0564
4.3823
4.2449
4.3126
4.2590
4.4303
4.4629
4.7911
4.8379
4.6780
4.5996
4.6855
4.4522
4.5352
4.2809
4.5202
4.3704
4.4936
4.4850
4.2218
4.8051
4.7174
4.6951
4.6211
4.1702
4.0376
4.3503
4.3465
4.7152
4.8056
5.0028
4.7150
4.8571
4.8526
4.7283
4.7188
4.5873
4.4307
4.4750
4.4294
4.1430
4.4415
4.2364
4.0548
4.0063
4.0332
4.1033
3.9737
4.5384
4.5685
4.2658
4.4109
4.4704
4.4562
4.2896
3.9498
3.9509
4.2088
4.3657
4.1490
4.6435
4.3055
4.2392
4.4062
4.5674
4.3071
4.4147
4.2115
4.2267
4.3919
4.6812
4.6500
4.1670
4.1680
4.1974
4.0301
4.2094
4.2723
3.9261
4.0188
4.0884
4.4492
4.5984
4.5718
4.7597
4.4628
4.5232
4.2119
4.5884
4.6204
4.5093
4.7298
4.2473
4.4862
4.0903
3.9962
4.2808
4.1477
4.1635
3.9624
4.3685
4.2339
4.1857
4.0656
4.0574
4.1370
3.9834
4.3463
4.2892
4.0829
4.1029
3.6759
4.0586
3.9398
3.9710
4.2024
4.1969
4.3853
4.0303
4.2360
4.0863
4.0325
4.1236
4.2510
4.0333
3.8982
4.0327
3.9374
4.1400
4.1788
4.0949
3.9128
3.8924
4.0410
3.9719
4.1840
4.1493
3.7397
3.6872
4.2207
4.2603
4.2626
4.3155
4.1877
4.1848
4.3367
4.0401
3.9932
4.1142
4.0899
4.3900
4.0736
4.3377
4.0931
4.2876
4.1195
3.8360
4.1854
4.0968
4.1147
4.0405
4.0556
3.8053
3.9173
3.6111
3.9312
3.8540
4.2052
4.0907
3.8876
4.1216
3.7221
4.0933
4.2883
4.2764
4.2369
4.0643
4.3775
4.1208
4.3957
4.3073
4.2516
4.2053
4.4487
4.0259
4.0347
4.1275
4.5117
4.2399
4.1076
4.2602
4.1541
4.0956
3.8787
3.9037
4.0023
3.8134
4.0006
3.9928
4.1411
4.0665
4.0274
3.9344
3.9789
3.8374
4.0360
3.9691
4.0662
3.7425
3.8543
3.7953
4.0578
4.0111
3.9411
4.0295
4.4182
4.0523
4.1114
3.8224
3.9271
3.9982
4.0747
3.7830
3.8355
4.0053
3.7255
3.9270
3.8320
3.6322
3.8703
4.1888
4.2155
4.0019
4.1502
4.3307
4.0759
4.4476
4.4459
4.1868
4.1604
4.0959
4.0257
3.8695
3.6958
3.9339
4.3285
4.5380
4.4121
3.9984
4.2698
4.2942
4.2265
4.4387
4.1653
4.3787
4.1754
4.4263
4.5791
4.3758
4.2394
4.5725
4.5639
4.2149
4.1076
4.2959
4.2318
4.2387
4.2956
4.2826
3.9409
4.1063
3.9433
4.2747
4.3970
4.4327
4.4867
4.5741
4.4272
4.2695
4.3967
4.6094
4.0991
4.2333
4.1801
4.5175
4.4481
4.3456
4.0822
4.1299
3.6860
3.9504
3.8612
4.0837
3.8524
4.1476
4.0638
3.6801
4.0682
3.8063
3.9224
4.1682
3.9058
4.4053
3.8058
4.1561
3.9615
3.7987
3.9867
3.9183
3.8862
3.9699
3.8111
4.1053
4.3955
4.1418
4.1941
4.0146
4.0040
3.8512
3.9114
3.8863
3.5910
3.6597
4.0723
3.7753
4.0024
4.0440
3.7754
3.9622
3.9028
3.6973
3.5627
3.9231
4.3935
4.9259
4.2182
4.1231
4.0387
4.3248
4.2658
4.2588
4.3301
4.0301
3.7391
4.1606
4.1671
3.9585
3.5160
3.7448
3.8355
3.8725
4.0319
4.1827
4.2311
4.1882
4.2472
4.5302
5.0879
4.7142
4.4972
4.4454
3.9875
4.0639
4.0876
3.8315
3.8980
4.1321
4.1698
3.9477
4.0323
4.2096
4.7817
4.1137
4.4762
4.3544
4.3373
3.9016
3.7225
3.8442
3.8818
4.0241
3.8909
4.0412
3.9657
4.3311
3.6478
3.6221
3.6495
3.5339
3.5187
3.5918
3.6862
4.0600
4.1982
4.1591
3.9421
4.0651
3.7704
3.7830
3.9678
4.1827
3.8935
4.0526
3.9803
3.8947
4.1428
4.1882
4.2083
4.0327
4.2248
4.1273
4.1608
4.2713
4.1879
4.4340
4.1960
4.3344
4.3297
4.1396
4.0346
4.1146
4.0330
4.1017
4.2684
4.5063
4.1473
4.0920
3.9547
4.1929
4.1600
4.2068
4.2090
4.0302
4.0600
3.9598
3.8498
3.9131
4.3136
4.1501
3.9337
3.9586
3.8225
4.0548
4.0528
3.9491
4.2871
4.0261
4.2344
4.1309
3.7272
4.0401
4.4168
4.4142
4.4008
4.3725
4.1908
3.8165
4.1592
4.1029
3.8081
4.0640
4.0174
3.9863
4.0239
3.9974
4.0972
4.0449
4.0124
4.0758
3.9904
4.1128
3.7862
3.7826
3.8556
3.8782
3.7478
4.0540
4.1503
4.1840
4.1008
3.8708
4.1767
4.1172
4.0465
3.8467
4.0600
3.9738
4.2413
4.2876
4.2521
4.0538
4.4302
4.4204
4.3856
4.3506
4.2569
4.6482
4.2456
3.9063
3.9857
3.7235
3.7228
3.8719
4.1749
4.0644
4.0873
4.1233
4.1105
4.3532
4.2860
4.6246
4.3332
4.2278
3.7787
3.7990
3.9748
4.0497
3.9172
3.9970
3.9163
4.0387
4.3172
4.0165
4.1806
4.1568
4.2677
4.4631
4.4588
4.3076
4.3849
4.2219
4.1386
4.0995
4.1856
4.0630
3.9627
3.7856
4.0061
4.0489
4.0950
4.1179
4.2538
4.0366
4.1766
4.5307
4.1394
4.5217
4.6078
4.4710
3.8876
3.9542
4.0520
4.1365
3.8496
4.0381
3.7793
3.9070
4.3124
4.1616
4.0884
4.1155
3.9300
3.9489
4.0777
4.3993
4.0664
3.9676
4.0073
3.9771
3.8713
3.8776
3.9735
4.0066
4.1921
4.0951
4.2915
4.1336
4.1034
3.9539
4.1537
4.3214
4.2394
4.6103
4.4936
3.9249
4.0073
3.9986
4.2280
4.2418
3.8678
4.0509
4.2809
4.2530
4.1201
3.9375
4.2924
4.4527
4.0798
3.8694
4.2782
4.2582
4.3466
4.6547
4.6117
4.2621
4.3134
3.9529
4.0191
4.3117
4.2512
4.1377
4.1125
4.1717
3.8524
3.6361
3.6620
4.0994
4.0608
3.6331
3.5817
3.6802
3.6558
3.6222
3.7233
3.9343
4.2643
3.9571
4.0702
3.8735
3.7269
3.7481
3.9444
3.9822
4.2020
4.0479
4.2102
4.0699
3.9294
3.8320
3.7185
3.9109
3.7576
3.7302
3.8908
3.7251
3.8766
3.8924
4.1283
3.8772
3.8927
3.8254
3.7536
3.7578
3.8924
4.0230
4.4422
4.1776
3.8817
4.2479
3.9704
3.9571
3.9653
4.0017
3.9261
4.1086
3.8744
3.8275
3.8743
4.1517
4.2855
4.4421
4.0923
3.9986
3.9828
4.1785
4.0828
4.1024
3.9484
4.0977
3.9015
4.1043
4.1983
4.2820
3.7763
4.0527
4.0366
4.0752
4.0301
4.3640
4.2071
4.1925
4.0634
4.0479
4.3796
4.4042
4.1146
4.2749
4.2571
4.2409
4.0904
4.1452
4.2779
4.2944
4.5026
4.3582
4.7370
4.4283
4.0989
4.0480
4.3161
4.4752
4.1946
3.9095
4.0383
3.9175
4.0579
4.2078
4.0143
4.1071
3.8235
4.0531
4.2071
4.2037
4.1995
4.3244
4.5016
4.3684
4.2062
4.0707
4.0811
4.0245
4.1026
4.3091
4.0785
3.9614
4.0535
4.2599
3.9861
3.8665
4.1460
4.7895
4.3419
4.3881
4.3323
4.2293
4.3805
4.1839
4.3468
4.3386
4.4236
4.5475
4.3799
4.3798
3.8712
3.9087
4.2584
3.9402
4.0495
3.8012
3.7906
4.1726
4.2597
3.6305
3.8596
4.0999
3.9598
3.8367
3.8421
4.1621
4.4549
4.1464
4.3066
4.4454
4.3549
4.1303
4.2681
4.2593
4.2710
4.1170
4.3561
4.1131
3.9177
4.1788
3.8370
3.8111
3.6717
3.7281
3.7101
3.8897
3.6537
3.9326
4.2024
4.1074
4.0101
4.2409
4.0084
4.2214
4.1258
3.7558
3.8565
4.1043
4.1809
3.9113
4.1430
4.4172
3.8482
3.9579
4.0581
4.2300
3.8861
3.8886
3.5801
4.0894
3.6503
3.4950
3.6809
3.9845
3.9441
4.2650
4.1652
4.2833
4.2227
3.8524
4.4150
4.1156
4.1837
4.4450
4.1849
4.0466
4.0116
4.3179
4.0437
4.3554
4.3587
4.3702
4.2543
4.1957
4.3803
4.1858
3.9175
3.8471
4.1127
4.2878
3.9762
3.8990
3.8873
3.9296
3.8840
4.1246
3.8441
3.7612
4.1385
3.7590
3.6536
3.7778
3.9971
3.9558
3.9020
4.1909
4.0050
3.9374
3.8681
3.6579
3.6779
3.8359
3.9109
3.7718
3.8021
3.9764
3.9912
4.0351
4.0191
4.0455
4.0188
3.7245
3.8575
3.8222
4.0765
4.1658
4.3619
4.7464
4.2868
4.2554
4.3501
4.6254
4.4038
4.1991
4.1133
4.1460
4.0297
4.3353
4.0679
3.8963
3.8695
4.0888
4.0301
4.2416
4.3488
4.4343
4.2544
4.2261
4.3854
4.3246
4.1889
3.8607
4.2645
4.1535
4.4318
3.7663
4.2459
4.0232
4.1299
4.0100
4.1450
3.8981
4.1604
4.0439
4.0640
3.9912
4.0495
4.1405
4.5217
4.4296
4.4477
4.3671
3.9421
4.2485
4.4553
3.9156
3.8478
3.9907
4.0738
4.0873
4.4399
4.0397
3.8426
4.1546
4.2058
4.3312
4.3054
4.1841
4.2058
4.2921
4.1935
4.0904
4.0630
4.3280
4.1336
4.3389
4.1500
4.2722
4.0275
4.1236
4.3455
4.0020
4.2631
4.3566
3.9752
4.0851
3.8540
4.2243
4.0150
4.2406
4.1365
4.1680
4.6930
4.3701
4.2650
4.3988
4.1190
3.9618
3.9927
3.9634
4.1754
4.0805
4.1749
4.1574
3.9932
3.8894
4.0700
3.9152
3.9836
3.9666
3.9603
3.9846
3.7166
3.9021
3.9285
3.9790
3.9458
3.9661
4.2165
3.9654
3.7976
4.2492
4.4030
4.2999
4.0450
4.0302
3.8302
4.2788
4.6041
3.9879
3.8016
3.9050
4.4101
3.9170
3.9805
4.0646
3.9924
4.1751
3.9943
4.1546
4.1834
4.0397
4.1120
4.0027
4.0050
4.1372
3.9900
3.8647
4.2821
4.0695
4.0674
3.7545
4.2023
4.2727
4.1912
3.7449
4.0641
3.9013
4.0254
4.0012
4.1423
4.1918
4.1774
4.1820
4.1514
4.1383
4.0109
4.0676
4.2342
3.9838
3.9654
3.8946
4.1718
4.0805
4.0834
4.0703
4.1613
4.4305
4.0926
4.4425
4.1944
4.5340
4.1704
4.1910
4.2635
4.5619
4.4598
4.1545
4.1585
4.0704
4.3348
4.0699
4.0750
4.2053
4.1920
3.9181
3.9119
4.0491
3.7953
3.9636
3.9412
4.0636
3.9439
4.3463
4.6985
4.7086
4.4185
4.3675
4.4272
3.9990
4.4121
4.4985
4.1341
4.1872
4.0622
4.0529
4.4827
4.3892
4.5816
4.5504
4.1703
4.4940
4.3151
4.3032
4.6440
4.2272
4.5125
4.3768
4.0238
4.1159
4.5221
4.0506
4.0997
4.6908
4.5169
4.4856
4.5766
4.3354
4.3192
4.7844
4.2725
4.0749
3.8804
4.2171
4.1440
4.3031
4.0650
4.6388
4.3918
4.7891
4.4324
4.1976
4.2302
4.0795
4.1084
4.3219
4.3815
4.4547
4.0560
4.2451
4.5493
4.1735
4.2597
4.1885
3.9365
4.3665
4.3381
4.4915
4.7743
4.7693
4.5101
4.1983
4.2950
4.1595
4.2709
4.0785
3.8986
4.3581
3.8915
3.8914
4.3192
4.2598
4.0418
4.0164
3.8424
4.3068
4.5459
4.1587
4.4238
4.1383
4.5687
4.2983
4.2674
4.5060
4.7561
4.6268
4.6245
4.3158
4.2479
4.2201
4.0628
4.6260
4.5086
4.2855
4.4890
4.3482
4.0565
4.2717
4.1892
4.0380
4.5825
4.5953
4.3042
4.2712
3.9889
4.0482
4.0961
4.2509
3.9138
3.8221
3.9420
3.9279
3.8158
4.1997
4.0803
4.0980
4.0231
4.0638
4.2244
4.2198
3.9139
3.9792
4.0266
3.8132
3.7078
3.8833
4.1741
4.0619
3.8882
4.2177
4.5921
4.4678
4.3390
4.1585
4.2524
4.2426
4.2711
4.5183
4.4129
4.6367
4.3816
4.5513
4.4814
4.2277
4.3004
4.2832
4.2296
4.8524
4.5231
4.4666
4.4567
4.4372
4.4285
4.4770
4.2029
4.0168
4.3445
4.1869
3.8597
4.2227
4.1593
4.1151
3.8020
3.9045
4.0095
3.9076
4.0105
3.8597
3.9209
4.3220
4.0100
4.1687
4.0431
3.9002
3.9609
4.0214
4.2872
4.2017
4.2834
4.2123
3.8025
4.1741
4.3251
4.3036
4.1775
3.9487
4.1527
3.8686
4.3957
4.1580
4.0188
3.9770
4.2545
4.2651
4.5612
4.4766
4.3212
4.3194
3.9449
3.9364
4.1983
4.2243
4.5339
4.5429
4.7369
4.4940
5.1189
4.4747
4.2326
4.0966
4.1540
4.2921
4.1965
4.4865
4.4844
4.2378
4.2412
4.3339
4.0820
4.3820
4.3739
4.1324
4.4928
4.5942
4.5601
4.4718
4.5600
4.1833
4.3143
4.0084
4.5585
4.5492
4.1325
4.0265
4.5808
4.6877
4.4795
4.3073
4.1728
4.3316
4.2223
4.0538
4.3308
4.3342
4.4510
4.5794
4.3713
4.0081
4.2266
3.9669
4.0937
4.3357
4.2055
4.2527
4.2683
4.6566
4.5134
4.7919
4.2434
3.9903
4.1062
4.3440
4.5826
4.1827
4.1016
4.0682
4.4690
4.1919
4.2768
4.2339
4.3906
4.2584
4.1545
4.0926
3.9840
4.0899
4.3475
4.4069
3.9973
4.1489
4.0445
4.2353
4.4316
4.0223
4.3744
4.5582
3.9993
4.1145
3.9961
4.7061
4.2711
4.2311
4.3689
4.3136
4.0572
4.1647
4.3394
4.1766
4.2449
4.2988
4.1554
4.1052
4.2145
4.4262
4.3788
4.1299
4.1048
4.4481
3.5356
3.8034
3.9257
4.1882
4.1938
4.2100
4.2602
3.9245
3.8858
3.9602
4.0510
3.9729
3.7889
3.8322
3.9204
3.6548
4.0403
4.2780
4.1304
4.1590
3.9419
3.9305
4.4051
4.4730
4.3781
4.1571
4.2905
4.6008
4.5968
4.5014
4.4286
4.0574
3.9757
3.9769
3.9841
4.1930
4.4958
4.0891
4.4052
4.3480
4.1567
4.1412
3.9317
4.2001
3.9652
3.8439
3.7616
4.0478
3.8968
3.9556
3.9491
4.1065
3.6836
4.0640
4.0327
3.9916
3.9380
3.9537
3.9760
3.7536
3.9574
3.9514
4.1321
4.1034
4.0724
4.1357
3.7719
3.7690
4.0155
3.8588
3.8248
3.8936
3.8947
3.9532
4.1267
3.8980
3.8674
4.0281
3.9613
4.1698
4.1495
3.9964
4.0515
4.0091
4.2734
4.2593
4.0803
4.1711
4.0763
4.3944
3.9753
3.9019
4.0252
4.2633
3.9799
3.9498
4.1189
3.9612
4.2331
3.8827
4.0367
3.7637
4.0111
3.9070
3.7394
3.8926
3.7171
3.6655
3.6973
3.4422
3.3298
3.7181
3.8376
3.9149
3.6675
3.5958
3.6945
3.6827
3.7181
4.0637
3.7181
3.6570
3.8397
3.6077
3.8284
4.1176
4.0404
3.9083
3.6592
3.8953
3.7697
3.7308
3.7135
3.8733
4.0078
3.7332
3.8976
3.9086
3.4695
3.4015
3.4182
3.7072
3.6777
3.7321
3.8137
3.9112
3.6331
3.6326
3.4646
3.6715
3.6256
3.8925
4.0256
3.9105
3.6228
3.7541
3.6635
3.7934
3.7950
4.0320
3.9856
4.0601
3.7241
3.7111
3.5500
3.6304
3.9647
3.6450
4.0321
4.1833
4.0479
3.9329
3.7112
3.7832
3.7820
3.7673
3.6292
3.9602
3.8430
3.6151
3.7334
3.5240
3.6715
3.7351
3.8598
3.9691
3.6857
3.6191
3.4505
3.6138
3.3014
3.4455
3.6080
3.8101
3.6664
3.5108
3.4237
3.4339
3.5490
3.5934
3.6025
3.7004
3.5708
3.7380
3.7908
3.7538
3.6716
3.9353
4.0036
4.2113
3.5184
3.8307
3.9304
3.7307
4.3003
4.0074
3.9143
4.2545
4.1362
3.8138
3.9246
3.9460
3.5446
3.9099
3.6613
3.8996
3.6632
3.7178
3.7351
3.7880
3.9490
3.9778
3.6092
3.5908
3.8067
3.7973
3.6816
3.7238
3.6039
3.7401
3.7447
3.9219
3.6679
3.8035
3.7310
3.6454
3.5950
3.7904
3.6023
3.8844
3.8599
3.8588
3.7900
3.7968
3.8722
3.5570
3.8309
3.8390
4.0695
4.3243
4.0632
3.8620
3.7908
3.7030
3.6988
3.7412
3.9069
3.9361
3.6993
3.8261
4.2702
3.7223
3.7169
3.8125
3.5857
3.8631
3.7095
3.6761
3.7535
3.9438
3.8512
3.9460
4.0165
4.0215
4.0593
3.8287
3.7181
3.5924
3.9645
3.9585
3.9071
3.9505
3.8396
4.0775
4.0359
4.1695
3.9909
3.8901
4.1980
3.7853
3.7388
3.7814
3.6772
3.8501
3.8184
3.6917
3.8076
3.5211
3.5570
3.8102
3.6633
3.9871
3.9791
4.0904
3.9678
3.9347
4.0126
3.8554
4.0590
3.8254
4.1322
4.0549
3.9528
3.9187
3.9992
4.0352
3.9378
3.6530
3.9344
3.9295
3.7329
4.0488
4.0739
3.9676
4.0809
3.9655
4.2452
3.9900
3.6799
4.0647
3.9421
3.8155
3.7486
3.8800
3.9356
4.0852
4.0084
3.8279
3.7350
3.8544
3.9609
3.9555
3.7636
3.7131
3.9790
3.7046
3.9096
3.5586
3.6975
3.6352
3.5088
3.8309
3.7514
3.5794
3.5887
3.4991
3.5737
3.6218
3.7305
3.5103
3.5787
3.5016
3.5116
3.4247
3.4812
3.4945
3.3754
3.5881
4.0265
3.7552
3.6680
3.8090
3.5864
3.4402
3.5824
3.6436
3.7381
3.8245
3.5374
3.5966
3.9324
3.7457
3.9978
3.9268
4.0123
3.8356
3.6790
3.4718
3.8888
4.0043
3.8152
3.7425
3.9267
3.7651
3.5332
3.4273
3.8333
3.6013
3.6728
3.8800
3.8754
3.9943
3.6887
3.7439
3.8166
3.7809
3.9797
4.1984
3.9951
3.9499
3.7189
3.6346
3.7940
4.0862
3.9639
4.0670
4.4907
4.2901
4.0474
4.0893
4.2091
4.0139
3.9509
4.1143
3.8833
3.8438
4.0483
4.1141
3.6517
3.5287
3.5120
3.5438
3.7604
3.5245
3.4999
3.6092
3.6544
3.7223
3.6919
3.8100
4.0275
3.9248
3.9078
4.0648
4.5048
4.2527
4.0433
4.2173
3.7443
3.6621
3.6277
3.3918
3.6690
3.6519
3.6611
3.6128
3.8695
3.6960
3.5503
3.7838
3.4976
3.3373
3.3963
3.3125
3.5323
3.6666
3.6742
3.8690
3.7537
3.9219
3.5763
3.8295
4.0521
4.2564
3.9304
3.7233
3.6040
3.5602
3.6293
3.4666
3.2916
