1.7415
1.8261
1.7864
1.8550
1.7153
1.6709
1.7164
1.6875
1.6127
1.5393
1.6067
1.6452
1.5727
1.5852
1.6797
1.7462
1.7647
1.8922
1.7887
1.7331
1.8388
1.7215
1.6687
1.5154
1.5826
1.6108
1.6335
1.7387
1.8271
1.7167
1.6504
1.5661
1.7580
1.7792
1.5447
1.5675
1.6426
1.6716
1.6420
1.4163
1.6395
1.7892
1.7884
1.6347
1.6755
1.7536
1.6450
1.5752
1.5729
1.6635
1.6607
1.6767
1.7152
1.7608
1.6916
1.7080
1.6722
1.5911
1.6013
1.8292
1.6901
1.8064
1.7471
1.4843
1.7122
1.7640
1.7525
1.6108
1.5434
1.6576
1.4778
1.6443
1.4555
1.5694
1.6109
1.6140
1.6151
1.6110
1.6224
1.4993
1.6055
1.6727
1.6037
1.5781
1.6935
1.6433
1.5973
1.4949
1.6171
1.5893
1.5908
1.5709
1.5598
1.6532
1.5655
1.6334
1.6061
1.7611
1.6812
1.6768
1.6051
1.8269
1.6143
1.7843
1.6473
1.7523
1.7611
1.7389
1.6055
1.6514
1.6184
1.6196
1.6574
1.5357
1.6896
1.6432
1.7147
1.8210
1.7293
1.8001
1.6134
1.7524
1.7476
1.7439
1.8083
1.6904
1.6824
1.7192
1.6984
1.8568
1.7587
1.9003
1.9158
1.8552
1.7199
1.7849
1.6422
1.7625
1.7614
1.6431
1.6283
1.5490
1.6416
1.5754
1.6624
1.5929
1.6892
1.5491
1.6458
1.5594
1.6380
1.6848
1.7148
1.7936
1.6347
1.7144
1.5248
1.6830
1.5599
1.4764
1.4483
1.5559
1.5220
1.6270
1.5626
1.4787
1.4991
1.5156
1.5154
1.5878
1.4929
1.4653
1.6753
1.5882
1.5293
1.4705
1.4718
1.4917
1.4590
1.5513
1.4320
1.5840
1.4759
1.3958
1.5258
1.5027
1.4694
1.5571
1.3700
1.3647
1.5509
1.5533
1.5692
1.5174
1.5780
1.6316
1.6190
1.6988
1.4557
1.6172
1.5367
1.5925
1.5553
1.5685
1.5805
1.5595
1.4946
1.6820
1.5494
1.6374
1.5743
1.4749
1.5110
1.4099
1.5062
1.5181
1.5461
1.4818
1.4901
1.6270
1.6256
1.5975
1.5150
1.7727
1.6652
1.7113
1.4176
1.4376
1.4946
1.5625
1.4966
1.6147
1.6154
1.5188
1.4953
1.4642
1.5918
1.6330
1.6536
1.5355
1.5913
1.5419
1.6645
1.6548
1.6499
1.7073
1.7640
1.6191
1.6530
1.6135
1.6171
1.5458
1.5033
1.6399
1.5048
1.5163
1.4866
1.6275
1.5343
1.5404
1.6240
1.4088
1.6751
1.6858
1.5637
1.5930
1.5358
1.6068
1.6445
1.7379
1.5976
1.6881
1.6662
1.5434
1.5360
1.5091
1.6365
1.4303
1.5769
1.6706
1.5526
1.5532
1.5501
1.5128
1.5039
1.5838
1.6412
1.6405
1.6028
1.4337
1.4479
1.5718
1.5075
1.5133
1.5001
1.5478
1.4321
1.6029
1.5536
1.5837
1.6145
1.6275
1.6324
1.7097
1.6725
1.6565
1.7389
1.8370
1.6914
1.7075
1.7136
1.7527
1.8069
1.8166
1.9422
1.8887
1.7726
1.8659
1.8166
1.8594
1.7632
1.8877
2.0663
2.0119
2.2786
1.9771
1.7445
1.8951
1.8147
1.8337
1.9968
2.0011
1.8324
1.9562
1.7936
1.8175
1.7165
1.8571
1.7556
1.9321
1.9059
1.8671
1.8748
1.6572
1.6849
1.7359
1.7403
1.8117
1.5857
1.7307
1.8279
1.8148
1.8064
1.7877
1.7238
1.7611
1.8090
1.7733
1.7889
1.8742
1.7273
1.7153
1.6828
1.7734
1.8153
1.8215
1.9180
1.8486
1.9499
1.8602
2.0580
2.0304
1.9282
1.8659
1.9463
2.0029
2.0475
2.1205
1.9438
2.1051
2.0528
1.9513
1.8439
1.8794
1.8905
1.8326
1.8861
1.8285
1.8777
1.9286
1.8779
1.9013
1.9166
1.8752
1.9709
2.0922
1.8126
1.8955
1.8469
1.9256
2.0172
1.9094
1.8906
1.9376
1.8474
2.0056
2.0671
1.8789
1.8764
2.0030
1.7977
1.9578
2.0990
2.1322
2.0570
2.0695
2.0415
1.9997
1.8918
1.9266
1.8176
1.8621
1.8769
1.8182
1.8079
1.7504
1.7855
1.8644
1.8314
1.7888
1.8492
1.9073
1.9151
1.8118
2.0074
1.9853
2.1196
2.0480
2.0040
1.8924
1.7899
1.8211
1.8587
1.8828
1.8091
1.8492
1.8815
1.9243
2.0103
1.8984
1.9824
2.0401
2.0183
1.9619
2.0466
1.8879
1.8786
2.0358
1.9334
2.1395
1.9324
1.9649
1.8294
2.0275
1.8143
1.7528
1.8167
1.9491
1.8590
1.9499
1.8523
1.8375
1.7827
1.6750
1.6667
1.7965
1.8711
1.7334
1.7811
1.8070
1.7003
1.7795
1.7170
1.7500
1.7016
1.7983
1.8103
1.8865
1.8124
1.9254
1.8961
1.9538
2.0773
2.0634
2.0696
2.0168
1.8773
1.8538
1.9186
1.9781
2.0671
2.1362
2.0875
2.0213
2.0258
1.9860
1.9973
1.9460
1.9375
2.0203
2.0136
2.1098
2.2506
2.1074
2.1915
2.1025
2.1025
1.9986
2.0530
2.0700
2.1388
2.1176
2.0484
1.9744
2.0256
1.9639
1.9826
2.0900
2.0078
2.0453
2.0258
2.0081
2.0131
2.1621
2.0897
2.0205
2.0498
1.9347
2.1565
2.0127
2.0161
1.9927
1.9033
1.9796
2.0164
2.1071
2.0162
1.8972
1.8832
2.1468
2.0495
2.0441
2.0786
2.0360
2.0166
2.0683
2.0249
1.9505
1.9462
2.0051
2.0499
1.9244
1.9244
1.8626
1.8697
1.8815
2.0079
2.0032
1.8306
1.9041
1.9328
1.8492
1.8293
1.8635
1.8739
1.7945
1.9239
1.7694
1.7892
1.7961
1.7477
1.8914
1.8825
1.8447
1.9334
1.8047
1.7922
1.7663
1.8114
1.7794
1.7845
1.7109
1.8581
1.9359
1.7759
1.8175
1.7548
1.8879
1.9693
1.8288
1.8882
1.8950
1.7061
1.8553
1.7933
1.9077
1.7944
1.9686
1.9400
1.9968
2.1107
2.0503
1.9363
1.9238
1.9124
2.1431
2.0265
2.0518
2.0546
1.9353
2.0083
1.9907
1.8789
1.8602
1.8246
1.7980
1.8582
2.0070
1.8876
1.9433
1.9053
1.8578
1.9905
2.0161
2.0039
1.9112
2.0416
1.9756
1.8730
1.8853
1.9546
1.8847
1.9731
1.9567
1.9321
2.0329
1.9615
1.9757
1.9899
2.0653
2.0113
1.9797
1.8768
2.0023
1.9608
1.9853
1.9770
1.9637
1.8756
1.8888
2.0032
2.0165
1.8870
1.8379
1.9153
1.8456
1.8376
1.8564
1.8858
1.8063
1.9091
1.8392
1.9164
1.9022
1.9375
1.8740
1.9201
1.8895
1.9128
1.9753
2.1340
2.0250
2.0153
2.0481
2.0231
2.0367
2.0493
2.0176
2.0206
2.2424
2.1564
2.1024
2.0687
2.2965
2.1357
2.0999
2.1252
2.1059
2.0053
2.0981
1.9968
2.0929
2.1561
2.1103
2.0769
2.0886
1.9955
1.9317
1.9320
1.8541
1.8954
1.8309
1.8318
2.0109
1.9195
1.8681
1.8014
2.0973
2.0103
1.9569
2.0006
1.9797
1.8989
1.9189
1.9279
1.9897
1.9668
2.1158
2.0196
2.0682
2.0307
2.1058
2.1858
2.0004
2.0110
2.0017
2.0065
1.9998
1.9269
2.0791
1.9480
2.1268
2.0633
2.0601
2.0902
2.0401
1.8999
2.0106
2.0570
2.0423
2.0385
2.0151
2.0967
1.9051
1.9713
2.0591
2.0871
2.2091
2.2785
2.0792
2.0941
2.0954
2.1662
2.0465
2.1713
2.0705
2.1170
2.0592
2.0989
1.9854
2.1870
2.1741
2.2282
2.1350
2.0183
2.0813
2.1180
2.1377
1.9329
2.0496
2.0150
2.0911
2.1854
2.1145
2.0803
2.1619
2.1693
2.1732
2.1270
2.0754
2.0798
2.0293
2.0682
2.1551
2.2308
2.1643
2.1112
2.0763
2.1171
1.8914
2.0157
1.9453
1.9710
1.9809
1.9723
1.9718
2.0017
1.9153
1.8588
1.9221
1.9319
1.9663
2.0272
1.9832
1.9095
1.9173
1.9157
1.9332
1.9797
2.0651
2.2703
2.0814
2.1884
1.9662
2.0432
2.0070
1.9702
1.9134
1.9087
1.9806
2.1064
2.0971
2.1007
2.1439
2.1867
2.1909
2.0465
2.0162
2.1536
2.0746
2.2954
2.2320
2.4702
2.1989
2.1155
2.2093
2.2034
2.1568
2.2215
2.1910
2.2881
2.2687
2.2927
2.2257
2.2467
2.3014
2.3856
2.3607
2.3611
2.3261
2.3022
2.3402
2.3914
2.3883
2.3181
2.2612
2.2849
2.2855
2.1722
2.3427
2.3044
2.3358
2.2280
2.2207
2.2472
2.3698
2.3712
2.2932
2.2944
2.3379
2.2859
2.1493
2.2318
2.2659
2.3591
2.3149
2.2779
2.3145
2.3157
2.2863
2.2196
2.2464
2.1828
2.1193
2.0881
2.1075
2.1359
2.1851
2.0806
2.1685
2.1199
2.1415
2.2173
2.2353
2.1799
2.1369
2.2125
2.1647
2.2946
2.2032
2.3682
2.2285
2.2465
2.2445
2.4218
2.2774
2.2202
2.1409
2.1935
2.3351
2.4181
2.3068
2.1962
2.2456
2.1486
2.1806
2.3198
2.3586
2.2636
2.2962
2.2931
2.3566
2.4188
2.3206
2.3696
2.3870
2.3303
2.3057
2.3196
2.2387
2.2777
2.2552
2.2706
2.2982
2.1576
2.3096
2.2297
2.4049
2.2379
2.2362
2.3410
2.2951
2.2460
2.3166
2.3450
2.2044
2.2230
2.3541
2.1193
2.1792
2.2002
2.2114
2.2472
2.2084
2.2585
2.1327
2.1228
2.1387
2.2936
2.2529
2.2333
2.2405
2.2039
2.2983
2.2704
2.1893
2.2378
2.1847
2.2875
2.2678
2.3060
2.3186
2.1356
2.1719
2.2321
2.2387
2.2104
2.1714
2.2487
2.2161
2.1554
2.1683
2.2655
2.1273
2.0839
2.1014
2.0680
2.1407
2.1714
2.0684
2.0695
2.1942
2.2779
2.2334
2.2447
2.2311
2.1881
2.1786
2.0682
2.2350
2.2039
2.2128
2.2664
2.3370
2.2585
2.1076
2.1126
2.2730
2.0827
2.1347
2.0713
2.1111
2.1706
2.0434
2.1073
2.1545
2.1637
2.1088
2.1493
2.2239
2.1572
2.0692
2.1512
2.1975
2.1845
2.3690
2.2076
2.2513
2.1909
2.1423
2.1688
2.1198
2.1464
2.0511
2.0814
2.1001
2.1447
2.1588
2.2854
2.2429
2.1850
2.1986
2.1235
2.0851
2.1457
2.0717
2.0891
1.8620
2.0927
1.9808
1.9580
2.1696
1.9526
2.0651
2.0719
2.1357
2.1701
2.0619
2.2266
2.1413
1.9928
2.1309
2.1234
2.1766
2.2035
2.0760
2.0142
2.0717
1.9664
2.1108
2.0336
2.1433
2.1715
2.0861
2.1411
2.1268
2.0816
2.1859
2.1396
1.9591
2.1324
2.0185
2.0283
1.9552
2.1442
2.1137
2.2043
2.1052
2.0461
2.1398
2.1420
2.1090
1.9250
1.9183
2.0254
2.0217
2.0052
1.9351
1.9712
1.9707
1.9977
2.0328
1.9443
1.9723
1.8784
1.8945
1.8938
2.0771
1.9673
2.0875
1.9947
1.9568
2.0681
2.0552
2.0481
1.8681
1.9664
1.9530
2.0952
2.1222
2.0313
2.1968
2.1199
2.2035
2.0791
2.1542
2.0496
2.0943
2.2638
2.2146
2.3255
2.1685
2.2138
2.2320
2.3579
2.2303
2.2094
2.3176
2.2654
2.3096
2.1766
2.1881
2.1763
2.0951
2.1648
2.1420
2.1041
2.0358
2.1849
2.1105
2.0335
2.0079
2.0251
2.0889
2.1980
2.2048
2.1801
2.1093
2.2240
2.2013
2.2540
2.1594
2.1338
2.1241
2.1882
2.0885
1.9753
2.0622
2.0869
2.0571
1.9717
2.1421
2.0954
2.1173
2.0728
2.1548
1.9875
1.9437
1.9682
2.0689
2.0539
1.9953
2.0076
2.1037
2.0349
2.1078
2.1782
2.0335
2.0051
1.8863
2.0292
1.9783
2.0352
2.2495
2.0781
2.0153
2.0246
1.8991
1.8058
2.0036
1.8586
2.0029
1.9236
2.1011
2.0641
1.9940
1.9593
2.0335
2.0087
2.0929
1.9076
1.9080
2.0680
2.0479
2.0296
2.1902
2.1727
2.1997
2.1220
2.0431
2.1145
2.1058
2.0337
2.0599
2.1216
2.0781
2.0577
2.0747
2.1644
2.1566
2.1094
2.0610
2.0815
1.9746
1.9720
1.9692
1.9515
1.9662
2.0430
2.0410
1.9708
2.0691
2.0539
2.2101
2.3141
2.2580
2.2432
2.1979
1.9992
2.1333
2.1889
2.3451
2.2656
2.2175
2.0948
2.1685
2.2256
2.1724
2.1884
2.1152
2.2448
2.2349
2.2941
2.0561
2.0463
2.1215
2.0745
2.1184
2.1306
2.0705
2.0647
2.0046
2.0735
2.1311
2.2231
2.0913
2.1228
2.1756
2.1388
2.1209
2.1885
2.1524
2.2322
2.2471
2.1528
2.1476
2.3427
2.1573
2.1630
2.1708
2.2177
2.2500
2.1129
2.2777
2.2553
2.2281
2.1303
2.1295
2.1981
2.1828
2.1277
2.0583
2.1452
2.0735
2.1429
2.0331
2.1080
2.1480
2.1478
2.0694
2.0780
2.0377
1.9218
2.1329
1.9806
2.0365
2.0260
2.0199
2.1456
2.0068
2.0234
2.0351
2.1070
2.0761
2.2272
2.1620
2.1062
2.1194
2.1218
2.2365
2.1318
2.1828
2.2351
2.3631
2.3792
2.2780
2.2936
2.2296
2.1249
2.0995
2.1168
2.2338
2.1844
2.0944
2.1153
2.2802
2.2134
2.0901
2.1603
2.1882
2.2496
2.2779
2.2080
2.1636
2.2320
2.2025
2.2449
2.1151
2.0514
2.1232
2.0963
2.0903
2.0941
2.2356
2.2203
2.0915
2.0612
2.2680
2.2001
2.1538
2.1137
2.1769
2.2861
2.2079
2.2388
2.1248
2.1583
2.2438
2.1430
2.3157
2.2837
2.2300
2.2740
2.1566
2.2369
2.2241
2.1513
2.2412
2.2925
2.3571
2.2923
2.0632
2.0478
2.0163
2.0889
2.0391
2.1527
2.1114
2.0967
2.0853
2.1642
2.0024
2.0082
2.0459
2.0304
1.9908
1.9171
2.0190
2.0468
2.1027
2.0708
2.0443
2.0089
1.9686
2.0080
2.0053
1.9640
2.0742
2.0518
2.1036
2.1839
2.2130
2.2076
2.0969
2.0668
2.1092
2.1878
2.0846
2.0615
2.0163
2.1447
2.0834
2.0879
2.2324
2.0518
2.1512
2.2756
2.1227
2.1308
2.1142
2.1498
2.1487
2.0239
2.1300
2.0087
2.0228
2.0418
2.1020
2.0892
2.0460
2.1098
2.0046
2.1211
2.1263
2.1333
2.1482
2.0313
2.0544
2.0646
2.0701
2.1339
2.0149
2.0859
1.9988
2.0678
2.0892
2.0446
2.2195
2.1161
2.0176
2.0335
2.0942
2.2727
2.2954
2.2936
2.4469
2.3393
2.1338
2.1538
2.2680
2.1886
2.2387
2.1367
2.1330
2.0497
2.1903
2.2125
2.2348
2.0856
2.1557
2.1643
2.1232
2.2614
2.2296
2.1455
2.1025
2.1704
2.1284
2.1029
2.1151
2.2078
2.2057
2.1487
2.0351
2.2526
2.3130
2.3430
2.2942
2.3109
2.3405
2.3553
2.2378
2.1747
2.1476
2.1383
2.2910
2.3859
2.3081
2.2408
2.1804
2.1248
2.1244
2.2099
2.1892
2.2268
2.2045
2.2083
2.1621
2.1029
2.1021
2.1199
2.0257
2.1645
2.0586
2.1152
2.1491
2.1841
2.1807
2.2872
2.2566
2.1505
2.1111
2.2944
2.2311
2.3543
2.3275
2.2330
2.1446
2.1927
2.2045
2.1775
2.0046
2.0688
2.0317
2.0990
2.2007
2.2075
2.2480
2.1696
2.2048
2.2416
2.2735
2.1112
2.1923
2.3185
2.1906
2.2856
2.3362
2.3055
2.3699
2.3781
2.3702
2.2445
2.3174
2.1389
2.2939
2.2099
2.1926
2.2013
2.3108
2.3632
2.3300
2.3624
2.1177
2.0686
2.2778
2.2363
2.2955
2.3171
2.1911
2.1405
2.1132
2.0721
2.0236
2.0702
2.1943
2.1370
2.1936
2.2447
2.2609
2.1474
2.2555
2.2501
2.2758
2.3072
2.0072
2.2370
2.2528
2.3007
2.2252
2.1745
2.2215
2.2449
2.1298
2.2624
2.3151
2.3025
2.2803
2.3851
2.3672
2.2433
2.2678
2.1990
2.1922
2.1626
2.2903
2.2609
2.2498
2.2422
2.2133
2.2288
2.2101
2.2652
2.2676
2.1176
2.2147
2.2414
2.2427
2.1649
2.1923
2.2394
2.1609
2.1561
2.2338
2.3141
2.2117
2.2331
2.1996
2.3297
2.1449
2.2243
2.2291
2.1531
2.1442
2.2080
2.1823
2.3166
2.2993
2.2388
2.2169
2.1052
2.1622
2.2058
2.1555
2.1478
2.2374
2.1091
2.2587
2.2204
2.0959
2.2634
2.1734
2.2471
2.2818
2.1552
2.1900
2.1017
2.1950
2.2079
2.2356
2.1846
2.1050
2.1231
2.1634
2.1802
2.2504
2.1265
2.1877
2.2833
2.1340
2.2631
2.1769
2.2350
2.2471
2.2363
2.1929
2.1530
2.2095
2.1918
2.2074
2.1984
2.1616
2.1751
2.2019
2.1563
2.2322
2.2234
2.2879
2.3122
2.1914
2.1748
2.3277
2.3996
2.2380
2.1434
2.2489
2.1041
2.2036
2.1901
2.2505
2.1666
2.2268
2.1250
2.1635
2.2108
2.2597
2.1365
2.2068
2.2478
2.3398
2.2757
2.2149
2.1865
2.1673
2.1884
2.1699
2.2311
2.1726
2.2236
2.1821
2.3294
2.4107
2.2019
2.1760
2.3116
2.2540
2.2052
2.2532
2.1203
2.1443
2.1738
2.1576
2.2018
2.2284
2.1587
2.1911
2.2488
2.1844
2.1751
2.1714
2.0569
2.1851
2.2210
2.1992
2.0620
2.1526
2.0757
2.1172
2.2647
2.2599
2.2090
2.2858
2.2187
2.3030
2.3661
2.3555
2.3042
2.3037
2.4470
2.3898
2.2109
2.2838
2.3138
2.2523
2.2893
2.2411
2.3104
2.1762
2.3182
2.2898
2.3100
2.1810
2.2541
2.2457
2.0327
2.1659
2.0909
2.1200
2.1232
2.2248
1.9836
2.1527
2.1395
2.2006
2.1762
2.1785
2.0756
2.1881
2.1370
2.1065
2.1229
2.2124
2.1635
2.2931
2.2536
2.1811
2.1144
2.1464
2.2313
2.3651
2.1604
2.1806
2.2508
2.0861
2.1869
2.1622
2.1263
2.1617
2.1381
2.0828
2.1286
2.1655
2.1061
2.0556
2.0781
2.1590
2.2948
2.0189
2.0224
2.1100
2.0824
2.1501
2.1095
2.1452
2.1166
2.1117
2.1129
2.2291
2.3633
2.1798
2.0973
2.1673
2.2337
2.1369
2.2676
2.2653
2.2120
2.2079
2.2178
2.1759
2.1341
2.2129
2.1891
2.0238
2.1240
2.1917
2.1480
2.1665
2.3943
2.2963
2.3146
2.2853
2.3083
2.3281
2.2819
2.3247
2.3773
2.1291
2.2555
2.2882
2.1537
2.1443
2.2282
2.1683
2.1559
2.2264
2.1033
2.1214
2.1894
2.1943
2.2621
2.2886
2.3437
2.2593
2.3593
2.2845
2.3220
2.2630
2.3051
2.2720
2.3265
2.2631
2.3329
2.3547
2.4163
2.2232
2.3119
2.2689
2.1941
2.3064
2.3662
2.3008
2.2764
2.2276
2.1804
2.1520
2.0822
2.1048
2.0528
2.0116
2.1283
2.1676
2.2056
2.3258
2.3910
2.4189
2.3964
2.3642
2.3222
2.3408
2.2997
2.2492
2.3121
2.1895
2.1357
2.1679
2.1912
2.1538
2.1089
2.1316
2.1358
2.1950
2.0299
2.0338
1.9973
2.0560
2.1423
2.2180
2.1588
2.1312
2.0857
2.1084
2.1404
2.0898
2.1348
2.1654
2.1222
2.2167
2.2828
2.1283
2.3296
2.3633
2.1469
2.1977
2.3187
2.3483
2.3863
2.3954
2.3796
2.1346
2.2323
2.3581
2.1837
2.3292
2.3413
2.3986
2.4786
2.3495
2.3198
2.4004
2.4545
2.5004
2.3897
2.3855
2.3641
2.3589
2.4081
2.4984
2.2670
2.2377
2.2345
2.2308
2.3049
2.4433
2.2823
2.2473
2.2127
2.2831
2.1930
2.3448
2.1556
2.2846
2.3429
2.4515
2.2321
2.2747
2.2401
2.1324
1.9877
2.1918
2.3792
2.3012
2.3940
2.4116
2.3144
2.3544
2.2445
2.2087
2.2993
2.3121
2.2772
2.1959
2.3226
2.3650
2.2102
2.2062
2.2596
2.2391
2.1744
2.2040
2.2964
2.2038
2.1351
2.2690
2.2919
2.2828
2.4715
2.3712
2.4989
2.3376
2.3433
2.3614
2.5094
2.4216
2.2268
2.2068
2.2851
2.3620
2.3355
2.3237
2.1409
2.1857
2.2466
2.3402
2.4033
2.1874
2.2677
2.3090
2.1891
2.3631
2.3723
2.1371
2.3315
2.2633
2.3405
2.2875
2.3644
2.2011
2.3062
2.3271
2.1937
2.1165
2.2912
2.4331
2.4207
2.3404
2.3444
2.4344
2.2546
2.2353
2.2281
2.2904
2.2855
2.2554
2.2602
2.3467
2.1561
2.2812
2.2637
2.2205
2.1956
2.1365
2.1645
2.2494
2.1804
2.1372
2.0779
2.0791
2.2195
2.0796
2.1932
2.2194
2.1474
2.0998
2.1246
2.1023
2.1953
2.1217
2.2177
2.2228
2.1521
2.2184
2.1940
2.1559
2.1798
2.3545
2.2417
2.1077
2.1801
2.1291
2.1976
2.1879
2.1041
2.1498
2.0871
2.1262
2.2267
2.1700
2.1560
2.0850
2.2587
2.1420
2.1978
2.2526
2.2140
2.1517
2.0950
2.1611
2.1714
2.1658
2.2061
2.1743
2.2138
2.1720
2.1145
2.2580
2.2345
2.1710
2.2126
2.2114
2.1868
2.2450
2.1343
2.1853
2.2734
2.1288
2.2003
2.3752
2.2870
2.2535
2.3301
2.2039
2.1983
2.1401
2.1314
2.3036
2.3261
2.3097
2.3087
2.1924
2.3440
2.1084
2.0858
2.1124
2.0540
2.1003
2.2170
2.4175
2.2244
2.2731
2.2576
2.4677
2.2689
2.3531
2.4237
2.3745
2.3531
2.3137
2.4131
2.3837
2.3795
2.4575
2.4307
2.4163
2.4104
2.3727
2.4219
2.4218
2.4417
2.2500
2.3418
2.2846
2.3661
2.4117
2.3355
2.2435
2.1405
2.2292
2.2198
2.2652
2.2962
2.2631
2.3624
2.5138
2.1862
2.3395
2.3709
2.4546
2.2552
2.2429
2.2542
2.3282
2.3628
2.3944
2.2722
2.3185
2.2665
2.1527
2.2063
2.1619
2.1692
2.2351
2.2288
2.2889
2.2455
2.2951
2.2792
2.2197
2.2915
2.3711
2.4208
2.3615
2.2605
2.3491
2.2211
2.2429
2.2781
2.2231
2.0907
2.2873
2.1327
2.1112
2.2309
2.2813
2.2353
2.2653
2.2423
2.3167
2.3026
2.2870
2.3726
2.3509
2.3794
2.3073
2.3567
2.4301
2.2588
2.2868
2.1985
2.1920
2.1738
2.3003
2.1870
2.1698
2.1507
2.1361
2.1908
2.2259
2.2188
2.2280
2.0870
2.2223
2.1171
2.0759
2.1608
2.2524
2.1740
2.1626
2.0435
2.2004
2.2483
2.2672
2.2131
2.1681
2.2707
2.1452
2.2172
2.1896
2.1019
2.1658
2.0850
2.2134
2.2461
2.3141
2.0998
2.1882
2.1575
2.0697
2.1897
2.0697
2.2236
2.3288
2.3360
2.2013
2.2736
2.2189
2.2976
2.3210
2.3558
2.1919
2.1847
2.1102
2.1627
2.1595
2.1081
2.1464
2.0949
2.1764
2.1692
2.1655
2.0453
2.0261
2.0907
2.0703
2.1329
2.1225
2.1353
2.0684
2.0787
2.0994
2.0933
2.2036
2.2242
2.1905
2.1809
2.1043
2.2717
2.1242
2.1701
2.1129
2.0870
2.3085
2.1733
2.2677
2.2952
2.2351
2.2289
2.2693
2.1893
2.2509
2.1054
2.2154
2.2824
2.1155
2.2051
2.2405
2.1967
2.0902
1.9940
2.1737
2.1186
2.0785
2.3365
2.1896
2.2882
2.2173
2.3356
2.1988
2.1698
2.1852
2.2795
2.1910
2.2686
2.2491
2.2083
2.2482
2.2629
2.3511
2.3372
2.2563
2.2515
2.3298
2.1847
2.2726
2.3608
2.1567
2.2022
2.1949
2.2059
2.2314
2.1262
2.2428
2.3058
2.3215
2.2867
2.3362
2.3589
2.3213
2.3353
2.4998
2.3925
2.3339
2.3374
2.2435
2.2688
2.2089
2.2058
2.1388
2.1924
2.1695
2.2399
2.2897
2.2077
2.2314
2.1695
2.2086
2.0540
2.1226
2.1102
2.2036
2.1215
2.1455
2.1137
2.1216
2.2019
2.1286
2.2246
2.1685
2.1749
2.1482
2.2741
2.1743
2.2261
2.2472
2.1993
2.1801
2.0792
2.0922
2.2306
2.1075
2.0737
2.1303
2.1681
2.1688
2.1567
2.1504
2.1910
2.1002
2.2183
2.2427
2.0813
2.0691
2.0173
2.0930
2.0393
2.0700
1.9600
1.9847
2.0810
2.0557
2.1719
2.2156
2.0847
2.0534
2.0763
2.1189
2.0617
2.2082
2.1253
1.9924
2.1442
2.1002
2.3130
2.2152
2.2092
2.2565
2.0938
2.1216
2.2064
2.1539
2.2825
2.1299
2.0259
2.0587
2.0109
2.0273
1.9674
2.1303
2.1217
2.1288
2.0954
2.0899
2.1862
2.1272
2.1062
2.1396
2.2066
2.1406
2.0708
2.1415
2.0123
2.0608
2.0711
2.1436
2.2112
2.0857
2.3422
2.3932
2.2268
2.2938
2.2128
2.2414
2.1309
2.2451
2.2829
2.2671
2.2180
2.3278
2.3982
2.4621
2.3503
2.2831
2.1791
2.2172
2.2308
2.2599
2.1532
2.2286
2.2670
2.2940
2.2911
2.4497
2.3329
2.5175
2.4980
2.4668
2.3405
2.4038
2.1952
2.4185
2.4892
2.4904
2.4534
2.5574
2.4834
2.5026
2.4044
2.4344
2.3303
2.5685
2.6614
2.4353
2.5196
2.5616
2.3528
2.3654
2.3515
2.4347
2.3598
2.4997
2.6112
2.4838
2.5058
2.6497
2.5285
2.4629
2.4819
2.5321
2.4863
2.4020
2.2497
2.2918
2.1416
2.3963
2.3059
2.2564
2.3963
2.4498
2.4162
2.4149
2.3455
2.2963
2.2691
2.1573
2.2954
2.1130
2.1825
2.1950
2.2136
2.2572
2.3856
2.4221
2.4039
2.4224
2.4707
2.5270
2.5853
2.4426
2.4481
2.4496
2.4254
2.4669
2.3313
2.3316
2.3396
2.2306
2.3491
2.4160
2.3103
2.3583
2.3748
2.4255
2.4468
2.4040
2.4704
2.3975
2.3772
2.3385
2.4508
2.4886
2.3202
2.2919
2.3637
2.4317
2.5354
2.6034
2.5268
2.6371
2.5320
2.5797
2.4489
2.4985
2.3296
2.4186
2.2922
2.3165
2.2436
2.3208
2.1171
2.1690
2.1202
2.1787
2.2000
2.2709
2.1777
2.2042
2.2696
2.2162
2.2872
2.2295
2.3149
2.3619
2.4823
2.4919
2.3983
2.3058
2.2327
2.3059
2.3922
2.1831
2.0728
2.2180
2.2330
2.2372
2.2743
2.1950
2.1573
2.1686
2.2503
2.1812
2.1644
2.1986
2.2454
2.2873
2.3077
2.1905
2.3097
2.2742
2.3021
2.2867
2.2929
2.1905
2.2313
2.1793
2.2766
2.2104
2.2850
2.2631
2.3493
2.3545
2.4059
2.2091
2.4094
2.3347
2.2654
2.2564
2.1767
2.1902
2.1638
2.1705
2.1675
2.0929
2.2303
2.2099
2.3426
2.3461
2.3448
2.2140
2.2820
2.2257
2.2313
2.2795
2.2726
2.2755
2.2559
2.3892
2.4740
2.3491
2.1355
2.0104
2.1597
2.1393
2.1910
2.1914
2.1637
2.2138
2.2311
2.1456
2.2619
2.1969
2.1753
2.2357
2.2621
2.2350
2.2038
2.1160
2.2418
2.1442
2.2892
2.2636
2.2936
2.2533
2.1115
2.2383
2.2555
2.2833
2.2160
2.2764
2.1281
2.1919
2.2620
2.1695
2.1613
2.1659
2.2863
2.1154
2.2487
2.2418
2.1064
2.0592
2.1656
2.0660
2.1250
1.9548
2.0684
2.0460
2.1246
2.0719
2.0632
2.0566
1.9986
2.0370
2.0879
2.0856
2.0552
2.1275
2.1469
2.3152
2.1292
2.2624
2.3064
2.2192
2.1785
2.1635
2.3376
2.1580
2.2954
2.0929
2.1323
2.0901
2.1052
2.2072
2.1737
2.2136
2.1092
2.1486
2.2489
2.2830
2.1812
2.1048
2.4009
2.1467
2.3827
2.2671
2.3296
2.1622
2.1638
2.0767
2.1902
2.1139
2.1776
2.1177
2.1565
2.0917
2.2000
2.2919
2.1778
2.0821
2.1386
2.3552
2.2300
2.1431
2.1451
2.2506
2.2057
2.2692
2.1920
2.1762
2.2332
2.2792
2.2398
2.2019
2.1734
2.1225
2.1746
2.1189
2.2467
2.1682
2.3163
2.3172
2.3091
2.3264
2.2433
2.2450
2.1196
2.1372
2.2489
2.2508
2.2735
2.2465
2.1583
2.2676
2.1720
2.2365
2.1992
2.2508
2.1616
2.2462
2.2163
2.2117
2.2674
2.0995
2.1173
2.2003
2.1533
2.0296
2.0494
2.1270
2.2500
2.4504
2.1600
2.3236
2.3602
2.3973
2.2964
2.2331
2.1704
2.2335
2.0586
2.0770
2.1103
2.0750
2.3328
2.3639
2.2378
2.2108
2.1724
2.2110
2.4278
2.3425
2.1800
2.3897
2.4281
2.2462
2.3770
2.3273
2.3970
2.3936
2.2946
2.3236
2.4284
2.3967
2.3767
2.4357
2.4659
2.4191
2.3336
2.3482
2.3528
2.4631
2.2650
2.2625
2.3372
2.2734
2.3254
2.4175
2.3562
2.3617
2.3963
2.1761
2.2341
2.3714
2.3091
2.3929
2.2528
2.3182
2.3936
2.4733
2.3755
2.3497
2.4161
2.2801
2.1359
2.4327
2.3944
2.2602
2.4765
2.7253
2.6890
2.6989
2.5764
2.4470
2.6177
2.4663
2.5036
2.4985
2.6125
2.4732
2.5097
2.6041
2.6834
2.6816
2.5428
2.5046
2.7761
2.6821
2.7986
2.6497
2.6496
2.6737
2.7715
2.7635
2.7032
2.6973
2.6057
2.6143
2.4639
2.6227
2.4441
2.5704
2.4947
2.4416
2.4854
2.5906
2.6093
2.6538
2.5342
2.4690
2.4233
2.5539
2.4602
2.3205
2.2122
2.2966
2.3580
2.4168
2.3360
2.2778
2.3283
2.2685
2.1981
2.3113
2.2464
2.2685
2.3232
2.3389
2.1816
2.2211
2.2530
2.2048
2.2595
2.2880
2.3161
2.2184
2.1700
2.2339
2.2796
2.1651
2.2174
2.1955
2.1630
2.0833
2.2213
2.2498
2.1606
2.1695
2.1170
2.1003
2.2048
2.0907
2.0895
1.9999
2.1088
2.2173
2.2273
2.1552
2.0498
2.1000
2.1607
2.2062
2.1936
2.0719
2.1057
2.1791
2.1686
2.1700
2.0212
2.1427
2.1738
2.2259
2.2326
2.2177
2.2948
2.1211
2.1653
2.2167
2.0894
2.1204
2.2114
2.1756
2.0935
2.1514
2.0783
2.0374
2.1986
2.2308
2.2640
2.0966
2.2429
2.3487
2.3370
2.2726
2.4007
2.3038
2.3409
2.2814
2.4049
2.3856
2.2258
2.2733
2.3853
2.2480
2.2997
2.3158
2.1903
2.3000
2.2680
2.4257
2.3572
2.4577
2.2853
2.2678
2.2518
2.1447
2.1934
2.2683
2.2830
2.1942
2.2762
2.3723
2.2731
2.3536
2.3354
2.4060
2.4034
2.3144
2.1542
2.2581
2.2614
2.2846
2.3783
2.2492
2.2887
2.3035
2.2609
2.3278
2.3550
2.3348
2.2246
2.1621
2.3396
2.3462
2.2933
2.2801
2.2262
2.2064
2.2480
2.3630
2.2262
2.2697
2.2172
2.3918
2.3997
2.2274
2.3705
2.2822
2.2246
2.2400
2.1564
2.3702
2.2536
2.3251
2.3760
2.4066
2.3878
2.3628
2.4519
2.3831
2.3555
2.2730
2.2304
2.2724
2.2039
2.3216
2.3803
2.2983
2.3792
2.3228
2.3000
2.1958
2.3800
2.3449
2.3397
2.2225
2.2723
2.1783
2.3049
2.3771
2.2820
2.2945
2.3664
2.3287
2.3524
2.4004
2.2916
2.1925
2.2247
2.3857
2.4053
2.3598
2.3818
2.3063
2.3258
2.4294
2.3173
2.3235
2.2702
2.2566
2.2762
2.3275
2.3395
2.3140
2.3237
2.2322
2.3071
2.2993
2.2772
2.3630
2.3151
2.2613
2.2695
2.3754
2.4838
2.3163
2.2854
2.2323
2.3781
2.3917
2.3824
2.3373
2.3467
2.3197
2.3656
2.1322
2.1859
2.2590
2.3837
2.2209
2.2414
2.1535
2.3868
2.3613
2.1546
2.2824
2.3461
2.2785
2.2281
2.4433
2.2804
2.2566
2.2105
2.2026
2.2246
2.2164
2.1827
2.1619
2.1329
2.1486
2.1823
2.1842
2.1794
2.2074
2.1358
2.1517
2.1962
2.1112
2.2981
2.2194
2.2558
2.1513
2.3339
2.3030
2.2409
2.2673
2.2430
2.1781
2.1837
2.3172
2.1119
2.1622
2.1692
2.0871
2.1340
2.1748
2.0676
2.1337
2.0701
2.0587
2.0284
2.0741
2.1454
2.1728
2.1202
2.1355
2.3205
2.2157
2.2542
2.2311
2.2165
2.1928
2.1166
2.0482
2.2238
2.2048
2.3599
2.1639
2.2010
2.2193
2.1330
2.2056
2.2651
2.2348
2.3443
2.2397
2.2650
2.1470
2.2262
2.1417
2.3517
2.2719
2.1775
2.1936
2.1997
2.2418
2.2513
2.0472
2.1403
2.0915
2.1602
2.1728
2.1981
2.2000
2.2006
2.1518
2.1375
2.0708
2.2382
2.2705
2.2406
2.1819
2.0605
2.1400
2.0965
2.2155
2.1935
2.2564
2.1210
2.1440
2.2535
2.1723
2.1587
2.1128
2.0563
2.3291
2.1881
2.2732
2.2588
2.0190
2.2634
2.1409
2.1330
2.0648
2.0875
2.0553
2.0398
2.0853
2.1981
2.1431
2.0582
2.2182
2.1342
2.0073
2.0874
2.1164
2.3045
2.3152
2.2054
2.3247
2.2642
2.1445
2.2001
2.2040
2.2164
2.1435
2.2050
2.2095
2.0819
2.0984
2.1566
2.2000
2.1637
2.1480
2.1998
2.1523
2.1455
2.1198
2.1756
2.1513
2.0487
2.1598
2.1102
2.0413
2.0856
2.0340
2.1719
2.3188
2.3277
2.2303
2.1502
2.0302
2.1473
2.1232
2.1981
2.2128
2.1931
2.0808
2.0403
2.0558
2.1563
2.1540
2.0905
2.0638
2.0736
2.1698
2.0237
2.1753
2.0833
2.0858
2.1343
2.0734
1.9678
1.9776
1.9621
1.9178
1.9678
1.9291
2.0762
2.1431
1.9922
1.9932
2.1527
2.0916
2.1148
2.0568
2.1541
2.1139
1.9520
2.1169
2.1004
1.9997
2.0687
1.9906
2.1266
2.1560
1.9496
1.9019
1.9933
1.9832
1.9614
2.0664
2.1013
2.0469
2.0934
2.2537
2.3948
2.3591
2.1864
2.2444
2.2324
2.1336
2.2026
2.2935
2.2345
2.1599
2.2899
2.1834
2.3162
2.3044
2.2511
2.1983
2.3745
2.2966
2.1853
2.1521
2.3114
2.2209
2.1888
2.1355
2.2122
2.1016
2.1598
2.0799
2.1633
2.1484
1.9736
2.1244
2.2179
2.1334
2.1288
2.0691
2.1312
2.1812
2.0720
2.1585
2.1980
2.1870
2.1829
2.1582
2.0505
2.1678
2.0568
2.2396
2.0201
2.0838
2.0917
2.0944
2.1783
2.2309
2.1950
2.3056
2.2854
2.1605
2.2648
2.3205
2.2840
2.2643
2.2449
2.3300
2.2898
2.3534
2.2214
2.2201
2.2255
2.2742
2.0973
2.1781
2.2348
2.2334
2.2049
2.2605
2.1283
2.1469
2.1919
2.0889
2.1417
2.2387
2.1687
2.2068
2.3103
2.2774
2.2335
2.1494
2.2574
2.0554
2.0859
2.2178
2.1789
2.1197
2.2143
2.0725
2.0427
2.0971
2.0018
2.0266
2.0221
2.0368
2.0216
2.0473
2.0105
2.0314
2.0380
2.0985
2.1447
2.0819
2.1163
2.0987
2.1441
2.1106
2.2194
2.1357
2.1369
2.1013
2.1431
2.0326
2.1050
2.1349
2.0915
2.1452
2.1161
2.0810
2.3027
2.1951
2.1294
2.1595
2.0521
2.1053
2.0946
2.0484
1.9980
2.1279
2.0160
2.0370
2.0180
2.1338
2.1676
2.2117
2.1270
2.2006
2.2684
2.0867
2.1053
2.1081
2.1527
2.1409
2.2682
2.2042
2.2205
2.1715
2.1830
2.3192
2.3281
2.2873
2.3029
2.1799
2.2038
2.0831
2.1380
2.0743
2.0591
2.4396
2.2640
2.0386
2.1562
2.0637
2.0946
2.1490
2.0759
2.1511
2.1071
2.0758
2.0770
2.2776
2.2163
2.0263
2.1135
2.1175
2.0196
2.2368
2.2250
2.0775
2.1009
2.1284
2.0557
2.0559
2.1089
2.1234
1.9991
1.9924
2.0630
2.0097
1.9550
2.1297
2.1282
2.1392
2.0844
2.1178
2.1990
2.1677
2.3361
2.1654
2.0787
2.2143
2.2431
2.1658
2.1476
2.2173
2.2355
2.2329
2.0991
2.1990
2.1475
2.2606
2.2809
2.1817
2.1853
2.3086
2.2662
2.3649
2.0791
2.0121
2.1000
2.0993
2.1442
2.0729
2.0123
2.1234
1.9818
2.0556
2.1218
2.0426
2.0232
2.1048
2.1228
2.1004
2.1941
2.0554
2.0858
2.0830
2.1309
2.1372
2.1528
2.1568
2.1535
2.2328
2.1819
2.0890
2.0560
2.1207
2.1393
2.0908
2.1073
2.0374
2.1732
2.0526
2.1239
1.9746
2.1339
2.0457
2.1315
2.0875
2.2289
2.0826
2.1565
2.1544
2.1241
2.2340
2.1532
2.1371
2.1773
2.2489
2.2134
2.3785
2.1843
2.2804
2.3229
2.3711
2.3847
2.3440
2.4169
2.2285
2.3012
2.2011
2.2290
2.3655
2.2705
2.2417
2.2260
2.1459
2.2013
2.0731
2.1942
2.2366
2.2467
2.1854
2.0807
2.1854
2.2078
2.2076
2.1714
2.2503
2.1289
2.2517
2.3032
2.1885
2.2099
2.1788
2.1316
2.1303
2.0953
1.9914
2.0687
2.1494
2.2060
2.2117
2.1663
2.0532
2.1519
2.1786
2.1987
2.0322
2.1756
2.1997
2.2732
2.1438
2.1502
2.2002
2.1630
2.2546
2.2706
2.2492
2.3372
2.3216
2.3029
2.1902
2.2394
2.2855
2.3149
2.2493
2.1325
2.1200
2.1886
2.2235
2.2310
2.1906
2.1150
2.2092
2.1660
2.1425
2.2590
2.2512
2.3222
2.1652
2.2511
2.2570
2.1806
2.3393
2.2190
2.2493
2.1183
2.3173
2.2644
2.2289
2.3932
2.2562
2.2992
2.2222
2.1892
2.1826
2.2880
2.1966
2.1636
2.2481
2.2821
2.2929
2.2836
2.2077
2.4027
2.1947
2.3701
2.2140
2.3115
2.4170
2.3073
2.2157
2.2233
2.2467
2.2884
2.1961
2.1168
2.3782
2.1632
2.1367
2.3171
2.3490
2.1897
2.3565
2.3256
2.2687
2.3166
2.4183
2.2933
2.3246
2.3959
2.2179
2.3265
2.3875
2.3503
2.3028
2.2516
2.2675
2.2167
2.3427
2.3124
2.2164
2.1876
2.2299
2.2854
2.2062
2.2181
2.2808
2.3507
2.2118
2.4312
2.3319
2.2597
2.3329
2.3982
2.3313
2.4215
2.4019
2.2954
2.3456
2.2744
2.3055
2.4419
2.2584
2.3099
2.1882
2.3265
2.2893
2.2982
2.2956
2.3216
2.3674
2.2972
2.3266
2.2650
2.3428
2.3393
2.2841
2.3372
2.3765
2.3745
2.2735
2.2623
2.3030
2.4188
2.3747
2.5329
2.3571
2.3989
2.3480
2.3631
2.3590
2.3155
2.3790
2.2379
2.5038
2.3203
2.3082
2.3420
2.2126
2.2929
2.2891
2.2851
2.3147
2.3004
2.2565
2.3216
2.2324
2.3378
2.2768
2.2608
2.2488
2.2004
2.3334
2.2924
2.2189
2.3119
2.1709
2.2498
2.2025
2.0402
2.1876
2.1135
2.1429
2.1659
2.1459
2.1301
1.9742
2.0827
2.1779
2.0356
2.1809
2.2212
2.3498
2.2214
2.1875
2.2644
2.2670
2.1305
2.2267
2.3287
2.1905
2.2395
2.2585
2.2590
2.1130
2.1304
2.2280
2.2496
2.2383
2.2537
2.2608
2.0832
2.0715
2.1201
2.1998
2.1159
2.0790
2.1330
2.1857
2.1314
2.1844
2.1874
2.1870
2.1806
2.1765
2.2364
2.2351
2.2275
2.2573
2.2502
2.2139
2.2591
2.2451
2.1932
2.3185
2.3282
2.2894
2.1787
2.1532
2.1753
2.1448
2.0879
2.0668
1.9975
2.0934
2.3033
2.1542
2.0947
1.9938
2.0014
2.0990
2.0607
2.0335
1.9952
1.9611
2.0713
2.1096
2.0376
2.0449
2.0651
2.1158
2.1781
2.1789
2.1476
2.1873
2.1997
2.1055
2.3022
2.2233
2.1512
2.1203
2.2177
2.2072
2.1292
2.1141
2.1121
2.1543
2.1038
2.1954
2.1211
2.1419
2.0770
2.0440
2.0046
2.0459
2.0799
2.1632
2.3397
2.2333
2.1567
2.1521
2.1426
2.1247
2.2016
2.2623
2.0973
2.2300
2.2322
2.1357
2.2320
2.1433
2.0243
2.1729
2.2199
2.2239
2.2481
2.2252
2.1661
2.2363
2.2841
2.2081
2.1368
2.0708
2.1108
2.1507
2.1833
2.1241
2.1820
2.1197
2.2384
2.1124
2.1800
2.2056
2.0997
2.2633
2.1159
2.0498
2.1490
2.0940
2.0985
2.0370
2.0052
2.0072
2.0033
2.0413
2.0075
2.0162
2.0496
2.1499
2.2085
2.3130
2.2426
2.2694
2.2360
2.1606
2.0867
2.2222
2.1926
2.1799
2.0691
2.1352
2.2489
2.2142
2.2409
2.1702
2.1122
2.2839
2.2518
2.2892
2.2342
2.2106
2.3716
2.3067
2.2957
2.2590
2.1715
2.2371
2.1483
2.3017
2.3269
2.1747
2.2813
2.3161
2.3199
2.3363
2.2466
2.3252
2.3177
2.3025
2.2863
2.2773
2.2786
2.3276
2.3776
2.3525
2.2601
2.1981
2.2658
2.3544
2.3059
2.3434
2.3370
2.3021
2.3635
2.4322
2.4023
2.3391
2.4597
2.3268
2.2248
2.2533
2.4150
2.2933
2.4781
2.2726
2.3830
2.4575
2.4204
2.3861
2.2802
2.2010
2.2763
2.3459
2.2494
2.2154
2.1767
2.3891
2.1878
2.1122
2.2669
2.4387
2.2619
2.2906
2.2190
2.1664
2.2289
2.3047
2.2303
2.2860
2.1701
2.1523
2.2158
2.1062
2.1261
2.1142
2.0906
2.1872
2.1572
2.0977
2.1738
2.1618
2.2580
2.2718
2.2984
2.2270
2.2094
2.1475
2.1847
2.2145
2.2103
2.1416
2.2417
2.1018
2.1441
2.1047
2.2239
2.1698
2.2935
2.2586
2.2522
2.2101
2.2301
2.2914
2.2987
2.3438
2.3357
2.2890
2.3787
2.3609
2.3003
2.3626
2.3165
2.3029
2.2410
2.2294
2.3001
2.2586
2.2586
2.2793
2.2690
2.2451
2.2488
2.2830
2.2401
2.3216
2.3033
2.3286
2.3836
2.3470
2.3629
2.4154
2.3111
2.4159
2.4638
2.3824
2.2926
2.4793
2.3683
2.2201
2.2000
2.2805
2.1851
2.2856
2.2780
2.2810
2.3383
2.2347
2.2682
2.3890
2.3759
2.2942
2.3462
2.2687
2.3906
2.4910
2.4781
2.2622
2.3654
2.3541
2.2631
2.3427
2.3129
2.2214
2.2313
2.2633
2.2584
2.3971
2.3337
2.2718
2.2348
2.1631
2.2180
2.3138
2.2395
2.3000
2.3691
2.3619
2.2408
2.2791
2.3634
2.4288
2.3193
2.3290
2.2958
2.3956
2.2705
2.3950
2.2603
2.3663
2.3118
2.3715
2.2572
2.2831
2.3250
2.2161
2.3852
2.4525
2.4046
2.3772
2.4003
2.4281
2.4154
2.2603
2.3081
2.2852
2.2984
2.3414
2.2736
2.3493
2.3521
2.4040
2.3582
2.2229
2.4519
2.4825
2.3497
2.2526
2.2044
2.3886
2.4631
2.2753
2.4868
2.4953
2.5310
2.4465
2.3979
2.3462
2.3209
2.2264
2.2868
2.2530
2.4318
2.5138
2.3571
2.3043
2.2583
2.2427
2.2105
2.2595
2.2742
2.3548
2.2642
2.1985
2.2166
2.2656
2.2687
2.1836
2.0929
2.2438
2.3020
2.3995
2.2378
2.2153
2.3370
2.3804
2.2508
2.2827
2.2710
2.2869
2.2771
2.1741
2.1465
2.2144
2.2917
2.2682
2.2094
2.1626
2.2101
2.2457
2.2377
2.2055
2.2179
2.2879
2.1755
2.1863
2.1756
2.0926
2.1724
2.1936
2.3821
2.2823
2.2084
2.1872
2.3019
2.0892
2.3270
2.1764
2.2423
2.1800
2.2850
2.3448
2.3720
2.3746
2.3820
2.2874
2.2808
2.3346
2.3124
2.2018
2.3179
2.3072
2.3864
2.2980
2.3245
2.2733
2.1762
2.3481
2.3683
2.2435
2.2794
2.2237
2.3646
2.4037
2.4610
2.4501
2.3179
2.4961
2.3313
2.3612
2.2465
2.4059
2.3089
2.3878
2.4111
2.4735
2.5142
2.4104
2.2241
2.2684
2.3024
2.3627
2.3283
2.3648
2.3017
2.3242
2.3618
2.3200
2.3067
2.1532
2.2244
2.2832
2.2289
2.1818
2.1194
2.2359
2.2632
2.1598
2.2153
2.1520
2.2739
2.2458
2.3933
2.2836
2.3239
2.2736
2.3144
2.3364
2.2753
2.3492
2.2901
2.3151
2.2300
2.2049
2.1923
2.3726
2.1749
2.1123
2.1760
2.1637
2.2209
2.2503
2.2001
2.3212
2.4692
2.2706
2.2237
2.2390
2.2365
2.0946
2.2456
2.1160
2.1886
2.1960
2.3122
2.2758
2.3512
2.2902
2.1745
2.1926
2.1823
2.2464
2.0751
2.1435
2.2081
2.0960
2.2975
2.1892
2.1801
2.1501
2.1239
2.0944
2.1234
2.1947
2.1830
2.2547
2.1434
2.2768
2.2170
2.0554
2.0822
2.0691
1.9827
2.1680
2.2948
2.1995
2.1491
2.1621
2.3704
2.1236
2.1975
2.0899
2.1506
2.1609
2.1052
2.1414
2.2926
2.2755
2.2343
2.2131
2.3358
2.1137
2.1494
2.1648
2.2442
2.1251
2.0681
2.1908
2.2292
2.1469
2.1710
2.0725
2.2108
2.2865
2.2822
2.2380
2.0780
2.1604
2.1085
2.1111
2.2194
2.2173
2.2015
2.2150
2.1846
2.3297
2.2079
2.1530
2.1628
2.1304
2.2280
2.0672
2.1296
2.3061
2.1625
2.2060
2.1567
2.2809
2.2461
2.2378
2.1978
2.2688
2.3028
2.2464
2.2233
2.1723
2.1112
2.1239
2.2241
2.0265
2.1179
2.1975
2.1372
2.2511
2.1720
2.2360
2.2285
2.3176
2.1171
2.1298
2.1327
2.1399
2.1140
2.2016
2.2097
2.3193
2.1100
2.2747
2.1808
2.0975
2.2118
2.2447
2.2297
2.1647
2.2858
2.3651
2.4307
2.2736
2.2529
2.2023
2.1657
2.1829
2.2315
2.2763
2.2699
2.3070
2.2536
2.2335
2.3177
2.2165
2.2777
2.2579
2.2043
2.3038
2.1435
2.2175
2.1137
2.0513
2.2323
2.2826
2.2233
2.1934
2.1425
2.1874
2.2611
2.2765
2.1941
2.1803
2.3606
2.3351
2.2989
2.3006
2.1505
2.2466
2.2612
2.3371
2.3725
2.3556
2.3884
2.3152
2.2719
2.3299
2.5168
2.4053
2.3892
2.3312
2.4015
2.3505
2.4407
2.3849
2.5104
2.5298
2.4401
2.3740
2.2441
2.2781
2.3437
2.4041
2.2861
2.2127
2.3888
2.3106
2.2786
2.3417
2.3091
2.2522
2.2598
2.1820
2.2381
2.1562
2.1898
2.1495
2.2440
2.1699
2.1075
2.3036
2.2285
2.2597
2.1238
2.1093
2.1940
2.2013
2.2471
2.2646
2.2862
2.2706
2.2626
2.3667
2.4377
2.3442
2.2323
2.3464
2.3271
2.3791
2.3866
2.2617
2.2149
2.2967
2.3400
2.4864
2.3142
2.3038
2.4330
2.4519
2.3711
2.4534
2.2441
2.2294
2.3479
2.1994
2.3730
2.2884
2.2928
2.2319
2.2164
2.2517
2.2230
2.3956
2.3012
2.2407
2.2500
2.2130
2.1791
2.3170
2.2237
2.2242
2.2868
2.2164
2.2870
2.2631
2.3392
2.3450
2.3498
2.3223
2.2756
2.1839
2.1140
2.2427
2.3426
2.2949
2.3261
2.3397
2.2756
2.3284
2.2556
2.3036
2.4227
2.2614
2.2852
2.2387
2.2847
2.2511
2.1972
2.1992
2.1872
2.1351
2.2316
2.1075
2.1399
2.2764
2.2453
2.3167
2.3512
2.2498
2.4546
2.2918
2.3600
2.3039
2.2955
2.3704
2.3947
2.5121
2.4149
2.2558
2.3074
2.3214
2.2800
2.2735
2.2161
2.2647
2.2983
2.3273
2.1577
2.3653
2.2866
2.2991
2.1646
2.4236
2.3344
2.2491
2.2478
2.2116
2.2860
2.1323
2.0990
2.1536
2.1852
2.2328
2.2284
2.2592
2.1675
2.2328
2.2923
2.3274
2.2643
2.1802
2.2158
2.2490
2.3331
2.2693
2.3301
2.2488
2.3214
2.2309
2.2275
2.2967
2.4092
2.3409
2.2609
2.2645
2.2367
2.3157
2.3282
2.2454
2.2630
2.3156
2.3912
2.2909
2.4569
2.2509
2.3252
2.3572
2.2552
2.2413
2.3064
2.2339
2.2723
2.4468
2.4222
2.3959
2.4036
2.4101
2.3004
2.3583
2.4308
2.4560
2.3732
2.3548
2.3610
2.3667
2.3278
2.4192
2.3269
2.4587
2.2714
2.2429
2.3269
2.3328
2.4472
2.4233
2.4727
2.4341
2.3510
2.4631
2.4115
2.3827
2.2561
2.2469
2.1732
2.2850
2.2509
2.1729
2.3510
2.3186
2.2963
2.4876
2.3839
2.3019
2.3568
2.3574
2.3077
2.2255
2.1873
2.2749
2.2055
2.2797
2.1746
2.2838
2.2438
2.1465
2.2327
2.1934
2.2825
2.2186
2.2098
2.1876
2.2360
2.0701
2.1009
2.1463
2.1795
2.2700
2.2883
2.2677
2.1925
2.0961
2.1261
2.1310
2.1459
2.2099
2.1443
2.1759
2.1300
2.2301
2.0945
2.2126
2.1461
2.0358
2.1745
2.1837
2.2385
2.1034
2.3010
2.3160
2.2703
2.1854
2.2996
2.3614
2.2484
2.1747
2.2322
2.1084
2.1610
2.1488
2.0949
2.0282
2.1749
2.1400
2.1461
2.1301
2.1691
2.1568
2.1015
2.1554
2.2930
2.1638
2.0522
2.0831
2.1389
2.1636
2.2407
2.2441
2.2332
2.2719
2.2249
2.2197
2.1542
2.1867
2.2027
2.2906
2.2228
2.0680
2.0236
2.0362
2.1586
2.0160
2.0409
2.2021
2.1449
2.2158
2.0979
2.1127
2.1380
2.0989
2.1209
2.1152
2.2501
2.1849
2.1748
2.2768
2.2058
2.2270
2.2467
2.2507
2.1476
2.1752
2.2192
2.3611
2.2678
2.2442
2.2125
2.1701
2.1240
2.3016
2.2186
2.1172
2.1749
2.2150
2.2419
2.1497
2.2347
2.1824
2.1382
2.2094
2.1099
2.1759
2.0781
2.1818
2.2052
2.1122
2.1299
2.1883
2.1631
2.0890
2.0677
1.9864
2.0798
2.1267
2.1697
2.1387
2.0399
2.1663
2.1831
2.1349
2.1449
1.9872
2.0858
2.1100
2.0579
2.0128
2.0773
2.1373
2.0885
2.0061
1.9370
1.9732
1.9882
1.9814
1.9274
2.0357
2.0619
2.0769
2.0527
1.9535
2.0357
2.0143
2.0017
1.9393
1.9477
2.1100
1.9742
1.9208
1.9233
1.9987
1.9743
2.0178
1.9929
2.0259
2.0491
2.0654
2.1528
2.1222
1.9740
1.9718
2.0217
2.0064
2.0628
1.9847
2.0266
2.1149
2.0532
2.1169
1.9007
1.9872
2.0227
2.0974
2.2363
2.1697
2.0642
2.1888
2.0038
2.1466
2.1495
2.0893
2.1433
2.0988
2.0746
2.1079
2.0438
2.0491
2.0828
2.1147
2.0810
2.1627
2.1162
2.1204
2.0855
2.1962
2.1331
2.0979
2.0563
2.0455
2.0523
1.9292
1.9958
1.9982
2.1441
1.9193
2.0119
2.1230
2.1497
2.0799
2.0295
1.9818
2.1826
2.0793
2.1030
2.0802
2.1051
2.1960
2.0997
2.0906
2.0332
2.1269
2.0771
2.1636
2.0321
2.0287
2.1752
2.1636
2.1063
2.1124
2.1520
2.0061
2.1458
2.0439
2.0128
2.1420
2.0085
2.0611
2.0275
2.1175
2.0014
2.0123
2.1823
2.1368
2.1798
2.1334
2.1093
2.0921
2.2033
2.2096
2.0960
2.1220
2.1455
2.0566
2.1654
2.1512
2.1488
1.9917
2.0314
2.0365
2.0511
2.1200
2.1515
2.2823
2.1342
2.0970
2.1651
2.1292
2.0767
1.9753
2.0556
2.1902
2.1093
2.2389
2.1723
2.1627
2.1496
2.1316
2.0849
2.0621
2.1381
2.1987
2.1975
2.1874
2.0941
2.1696
2.1035
2.2230
2.1465
2.2333
2.1240
2.1722
2.1043
2.1752
2.0826
2.0528
2.1465
2.1715
2.2770
2.1914
2.2153
2.1953
2.1364
2.1424
2.0983
2.1035
2.1209
2.1712
2.1032
2.2183
2.2489
2.2360
2.2399
2.2772
2.2395
2.2737
2.2804
2.2363
2.2167
2.1839
2.2056
2.1991
2.2925
2.3302
2.2494
2.1580
2.2413
2.2125
2.3492
2.2085
2.2043
2.1515
2.2503
2.2190
2.1478
2.1165
2.1645
2.1067
2.1796
2.1491
2.0966
2.1135
2.2059
2.2700
2.0889
2.1750
2.1790
2.3346
2.3295
2.0494
2.1990
2.2551
2.0570
2.1102
2.1204
2.0494
2.0805
2.0303
2.0653
2.1263
2.1495
2.2650
2.2383
2.0549
2.0861
2.0256
2.0753
2.0811
2.0887
2.0720
2.1351
2.0308
1.9840
2.0368
2.0010
1.9838
2.0237
1.9471
2.0918
2.0801
2.1195
2.1242
2.2258
2.0883
2.1502
2.1957
2.0798
2.2318
2.1775
2.1522
2.1651
2.1533
2.0826
2.0503
2.2431
2.0495
2.0363
2.2582
2.1886
2.1264
2.1048
2.0902
2.0794
1.9739
2.0275
2.0440
2.0350
2.1306
2.1188
2.1425
2.1022
2.1130
2.1351
2.0731
2.0737
2.0971
2.1117
2.2015
1.9973
1.9803
2.0486
2.0502
2.1242
2.0716
2.1082
2.0815
2.1351
2.0958
2.0680
2.1013
2.0372
2.2005
2.0345
2.0611
2.0204
2.0777
2.0961
2.2490
2.0572
2.1781
2.1019
2.1152
2.1999
2.1269
2.1810
2.1164
2.1678
2.1705
2.2624
2.2535
2.2648
2.2232
2.3089
2.2769
2.2712
2.1211
2.2228
2.2408
2.2726
2.2443
2.2833
2.3544
2.4013
2.4988
2.5459
2.3685
2.3152
2.4163
2.4948
2.3617
2.4218
2.3270
2.2518
2.2574
2.2744
2.2658
2.1438
2.1898
2.2576
2.2200
2.3231
2.1581
2.2437
2.1659
2.1770
2.3058
2.1646
2.1687
2.2083
2.1828
2.1015
2.1783
2.0104
2.1327
2.1498
2.1404
2.1509
2.3195
2.2298
2.2009
2.2112
2.1968
2.1500
2.1529
2.1459
2.2028
2.0827
2.1393
2.0581
2.1146
2.0863
2.0937
2.2173
2.0067
2.0545
2.0622
2.0927
2.1543
2.0721
2.0817
2.0577
2.2677
2.3242
2.2043
2.1807
2.1054
2.2872
2.2072
2.2664
2.3080
2.2316
2.1825
2.2885
2.3164
2.3782
2.2124
2.3137
2.2738
2.4906
2.1697
2.1858
2.1584
2.2289
2.2034
2.3125
2.1291
2.2374
2.1964
2.0818
2.1353
2.1504
2.1355
2.1483
2.0568
2.0914
2.0531
1.9560
2.1093
2.0329
1.9415
1.8997
2.0109
1.9302
2.1035
2.0941
2.0262
2.0980
2.0302
1.9876
2.0015
2.0510
2.0600
2.1083
2.1448
1.9537
2.1507
2.3152
2.2563
2.0209
2.1267
2.2392
2.0674
2.1537
2.1209
2.1486
2.2122
2.2928
2.2553
2.2438
2.2746
2.0735
2.1184
2.0338
2.0150
2.0340
2.1031
2.0064
1.9607
2.1715
1.9846
2.1706
2.0450
2.1270
2.1014
2.1382
2.0317
2.1095
2.0992
2.0830
2.0906
1.8858
2.0743
2.0603
2.1382
2.1451
2.1734
2.2693
2.1977
2.2792
2.1034
2.1198
2.1765
2.0974
2.0782
2.2284
2.1510
2.1587
2.2479
2.3169
2.2884
2.1477
2.1660
2.1607
2.1940
2.1662
2.3262
2.4442
2.5465
2.4575
2.2958
2.4461
2.3683
2.0583
2.0777
2.1683
2.2317
2.0882
2.1012
2.0839
2.0936
2.1077
2.0884
2.0461
1.9939
1.9659
2.0092
2.0809
2.0204
1.9914
1.9838
2.0957
2.1769
2.1202
2.1467
2.0782
2.1447
2.0209
1.9660
2.0406
2.1292
2.1814
2.1580
2.0853
2.0785
1.9807
2.0967
2.1240
2.1849
2.1131
2.1599
2.1615
2.1007
2.1128
2.1264
2.0389
2.1533
2.1909
2.0588
2.1635
2.1286
2.1170
2.1383
2.1748
2.0718
2.1826
2.1448
2.1123
2.0874
2.1436
2.1427
2.1825
2.0646
2.0987
1.9909
1.9910
2.0084
1.9839
2.0590
1.9697
2.0875
1.9954
2.1646
2.2039
2.1453
2.0243
2.2030
2.0524
2.0213
1.9902
2.0536
2.0183
2.0715
2.0835
2.0500
2.1249
1.9597
2.1700
2.1705
1.9588
2.0658
2.0763
2.0275
2.1815
2.1206
2.1461
2.1610
2.1387
2.0657
2.0041
2.0484
1.9776
1.9577
1.9042
2.0796
1.9814
2.0483
2.0510
2.0890
2.0953
2.0798
1.9085
1.9135
2.0077
2.0967
2.1053
2.1178
2.1022
2.0607
2.0739
2.0139
2.1045
2.1088
2.0116
2.1328
1.9673
2.0925
2.0347
2.1479
2.0313
2.1258
2.1877
2.1490
2.1277
1.9743
2.0827
2.0750
2.1468
2.1866
2.1042
2.1388
2.1052
2.0696
2.0243
2.0836
2.1303
2.0393
2.1308
2.2765
2.1740
2.2182
2.2032
2.2685
2.1627
2.2657
2.2732
2.2753
2.3141
2.3216
2.1878
2.2846
2.0560
2.1375
2.0993
2.0808
2.1249
2.1258
2.1093
2.0485
2.0889
2.2423
2.0750
2.1827
2.1496
2.0806
2.0766
2.1874
2.1749
2.1249
2.2277
2.2110
2.0701
2.1090
2.1063
2.0719
2.0956
2.0089
1.9849
2.0975
2.1156
2.0576
2.1116
2.0809
2.0225
1.9722
2.0926
2.0571
2.0989
2.0379
2.1971
2.2045
2.2845
2.2050
2.2613
2.1707
2.1254
2.1311
2.2068
2.3203
2.1899
2.2259
2.1704
2.2841
2.1664
2.1687
2.1704
2.0804
2.0687
2.0618
2.0719
2.1000
2.2023
2.3405
2.3026
2.2087
2.2076
2.2472
2.2224
2.2160
2.2021
2.2510
2.1463
2.2867
2.2400
2.4348
2.2875
2.3439
2.2114
2.3145
2.2961
2.2304
2.1920
2.3231
2.2147
2.2112
2.1294
2.1715
2.1693
2.2413
2.3079
2.1593
2.2169
2.1792
2.1876
2.1585
2.1188
2.1832
2.2389
2.1725
2.1656
2.2411
2.4267
2.2434
2.3304
2.2950
2.3367
2.1927
2.3169
2.2617
2.2432
2.3646
2.2970
2.3372
2.2487
2.4293
2.3711
2.3030
2.3071
2.2680
2.3213
2.2135
2.2039
2.2886
2.3087
2.3565
2.2420
2.2717
2.1929
2.3189
2.2430
2.3853
2.3102
2.2750
2.2573
2.2163
2.2560
2.2816
2.2931
2.2892
2.1940
2.2442
2.3113
2.2688
2.2222
2.2919
2.3111
2.3380
2.2179
2.2929
2.2073
2.3099
2.1377
2.2277
2.2198
2.3128
2.2978
2.2339
2.2480
2.3151
2.1816
2.2228
2.3334
2.2569
2.2976
2.3296
2.3009
2.2397
2.2687
2.3282
2.3528
2.2042
2.2037
2.2989
2.1903
2.2389
2.1295
2.1270
2.2243
2.2400
2.3237
2.2126
2.2170
2.2061
2.2930
2.2721
2.2020
2.1747
2.1173
2.3764
2.1875
2.2881
2.2171
2.2201
2.3621
2.3456
2.3945
2.4985
2.4622
2.3815
2.3857
2.4432
2.5625
2.4620
2.5306
2.5079
2.5076
2.4199
2.4771
2.5069
2.4316
2.5360
2.4309
2.4764
2.4972
2.5298
2.5750
2.4313
2.4310
2.4022
2.3469
2.7033
2.7128
2.6876
2.5214
2.6704
2.6060
2.5272
2.3236
2.3484
2.4088
2.4946
2.5098
2.5888
2.4693
2.4917
2.5659
2.5813
2.4755
2.5355
2.4358
2.5038
2.3658
2.3037
2.3191
2.4069
2.6207
2.6302
2.4610
2.5366
2.4546
2.4611
2.3478
2.5079
2.4273
2.4240
2.4495
2.3107
2.3889
2.3966
2.3445
2.3302
2.2278
2.2234
2.2046
2.2488
2.2274
2.3348
2.3590
2.3158
2.3030
2.2356
2.2096
2.1786
2.1679
2.1730
2.1768
2.1589
2.1565
2.1914
2.1784
2.1963
2.2026
2.1840
2.2106
2.1433
2.1383
2.2944
2.3070
2.2310
2.1419
2.1890
2.1549
2.2070
2.2200
2.2432
2.2659
2.3419
2.3464
2.3272
2.2878
2.2638
2.4255
2.3044
2.3083
2.2632
2.2503
2.2002
2.3536
2.3133
2.2526
2.3281
2.2792
2.1993
2.1667
2.1704
2.2970
2.2253
2.3701
2.3282
2.1406
2.2167
2.2251
2.2269
2.3773
2.2691
2.2355
2.2373
2.2091
2.1836
2.1848
2.2357
2.2177
2.2654
2.4331
2.2012
2.2106
2.2770
2.3074
2.1677
2.1857
2.1235
2.1500
2.1609
2.2207
2.2561
2.1864
2.3392
2.2121
2.3106
2.4876
2.3277
2.4066
2.3148
2.3344
2.3832
2.3797
2.4107
2.4645
2.3739
2.4175
2.3972
2.3896
2.3405
2.3599
2.4182
2.2383
2.3817
2.3087
2.3607
2.4357
2.5306
2.3680
2.3610
2.1826
2.3231
2.3309
2.3468
2.3819
2.3270
2.4609
2.3986
2.4354
2.3455
2.3318
2.3215
2.3234
2.4896
2.5065
2.4984
2.4005
2.4768
2.5121
2.5264
2.4142
2.4307
2.3366
2.3733
2.4493
2.1740
2.2684
2.4257
2.3306
2.3532
2.2451
2.2697
2.2074
2.2480
2.2484
2.4023
2.3483
2.3227
2.4049
2.3418
2.2401
2.2353
2.2660
2.1797
2.2203
2.1357
2.2486
2.1522
2.2312
2.1339
2.1700
2.0753
2.2115
2.1436
2.1223
2.1303
2.1389
2.1819
2.2906
2.3227
2.1448
2.2257
2.3060
2.3062
2.2282
2.2292
2.2672
2.2380
2.1646
2.2030
2.2376
2.1566
2.2547
2.2397
2.2264
2.1961
2.1546
2.2421
2.1016
2.1738
2.0973
2.2930
2.2411
2.2425
2.1673
2.0661
2.2495
2.1947
2.1957
2.1942
2.1421
2.0946
2.2585
2.1776
2.2431
2.3057
2.2040
2.1834
2.2603
2.2860
2.1854
2.1195
2.1999
2.0730
2.0812
2.1838
2.1600
2.0760
2.1542
2.0834
2.1538
2.1799
2.1794
2.0896
2.0960
2.1473
2.1526
2.0874
2.1749
2.2054
2.2202
2.2236
2.2395
2.2542
2.2193
2.1163
2.1466
2.3081
2.1286
2.1540
2.1601
2.1476
2.3257
2.3367
2.3607
2.2977
2.2431
2.1799
2.1347
2.1504
2.2539
2.4182
2.3940
2.3999
2.4902
2.3911
2.5377
2.4172
2.4155
2.4080
2.4538
2.5524
2.3326
2.3574
2.3698
2.2996
2.3384
2.2701
2.2910
2.2564
2.1850
2.2429
2.2322
2.3700
2.2808
2.2334
2.2888
2.3824
2.1084
2.3790
2.2719
2.3509
2.3968
2.4403
2.4620
2.4453
2.3510
2.4946
2.4439
2.5309
2.3320
2.3836
2.4433
2.5079
2.3886
2.3396
2.3444
2.2871
2.3106
2.3817
2.3988
2.2560
2.3302
2.3838
2.3577
2.4260
2.4530
2.3769
2.3669
2.4514
2.4829
2.4602
2.3901
2.3792
2.3682
2.4272
2.4753
2.5304
2.4706
2.4028
2.5126
2.5687
2.4736
2.5623
2.5237
2.6497
2.6562
2.4324
2.4907
2.5861
2.5258
2.3700
2.5433
2.4732
2.5041
2.4451
2.3617
2.5348
2.4665
2.5304
2.4849
2.4685
2.5170
2.5589
2.4880
2.5201
2.4970
2.5031
2.5375
2.4667
2.3875
2.4402
2.5585
2.4536
2.4090
2.4040
2.4790
2.3954
2.4824
2.4451
2.5103
2.4573
2.4276
2.5233
2.3463
2.3530
2.3820
2.3478
2.3037
2.2314
2.4043
2.3689
2.4098
2.3582
2.4450
2.4572
2.4454
2.4455
2.3797
2.4174
2.3668
2.5099
2.5488
2.5331
2.4800
2.5322
2.4643
2.5005
2.4845
2.4056
2.4283
2.4366
2.3013
2.3811
2.3891
2.3736
2.3545
2.3181
2.3253
2.3377
2.2742
2.3876
2.4743
2.5337
2.4153
2.5641
2.5501
2.4480
2.5291
2.5485
2.5567
2.4668
2.4888
2.5731
2.3897
2.4756
2.5560
2.4624
2.5110
2.4986
2.4309
2.4763
2.4307
2.3805
2.3388
2.3837
2.4338
2.4469
2.4870
2.4349
2.4311
2.4167
2.4271
2.3307
2.3715
2.4113
2.4560
2.5157
2.4337
2.4024
2.4097
2.5070
2.4279
2.3850
2.3476
2.3671
2.3800
2.5093
2.5405
2.4622
2.5540
2.5349
2.4939
2.4887
2.4911
2.4108
2.4132
2.4199
2.4426
2.3983
2.4294
2.3839
2.3927
2.4450
2.4412
2.4400
2.3956
2.3367
2.3967
2.5006
2.5187
2.4863
2.4810
2.4478
2.5458
2.6514
2.4780
2.5339
2.4819
2.4289
2.5538
2.5978
2.6657
2.5229
2.4641
2.5335
2.4520
2.5533
2.5586
2.6537
2.7520
2.4968
2.5304
2.6068
2.6420
2.6050
2.6202
2.6592
2.5854
2.6172
2.5403
2.5669
2.5587
2.6184
2.5770
2.5640
2.6161
2.7118
2.7026
2.6492
2.6807
2.7198
2.6472
2.6525
2.6423
2.5814
2.6057
2.5526
2.5470
2.5865
2.5049
2.5576
2.5610
2.6782
2.5351
2.5223
2.4806
2.5780
2.6841
2.5963
2.6091
2.5976
2.5817
2.6164
2.5578
2.5225
2.5683
2.5807
2.3625
2.5045
2.4942
2.5886
2.5108
2.4638
2.6440
2.5351
2.5576
2.5670
2.5066
2.4137
2.5793
2.6627
2.4954
2.5969
2.5359
2.4989
2.5792
2.5770
2.4617
2.4294
2.4820
2.5572
2.4516
2.5872
2.5570
2.5080
2.5273
2.5790
2.6338
2.6158
2.6385
2.5904
2.4993
2.5924
2.6407
2.6371
2.6710
2.6023
2.4894
2.4374
2.4190
2.3899
2.5062
2.4784
2.4431
2.5857
2.5303
2.4596
2.4450
2.4862
2.5453
2.4598
2.5982
2.5851
2.5969
2.5853
2.4933
2.4594
2.3799
2.3909
2.4565
2.4177
2.4202
2.5070
2.4346
2.4746
2.5350
2.4401
2.4804
2.4207
2.4177
2.5066
2.4267
2.4836
2.4630
2.4360
2.4501
2.4653
2.4162
2.4232
2.5118
2.4751
2.4856
2.3690
2.4237
2.3297
2.4707
2.4950
2.4423
2.4774
2.4427
2.5246
2.5638
2.6097
2.6115
2.5651
2.4215
2.4984
2.4804
2.5312
2.4379
2.4962
2.4188
2.4651
2.3927
2.3154
2.3712
2.3649
2.3698
2.4550
2.5052
2.4782
2.5175
2.6028
2.5388
2.4557
2.4987
2.6074
2.5312
2.5228
2.3086
2.4762
2.4684
2.5295
2.5981
2.5313
2.5812
2.5103
2.6106
2.5060
2.3973
2.4622
2.4119
2.4432
2.4802
2.4063
2.4533
2.4401
2.4135
2.4542
2.6016
2.5674
2.6017
2.5683
2.5280
2.5965
2.5763
2.5434
2.5702
2.5619
2.6159
2.6248
2.7325
2.6467
2.5830
2.5963
2.6078
2.6806
2.6873
2.6155
2.5751
2.5657
2.5060
2.5947
2.5484
2.5495
2.7113
2.6337
2.5552
2.7020
2.6143
2.5811
2.4405
2.5214
2.6091
2.6305
2.5872
2.5210
2.5919
2.5423
2.5878
2.6405
2.6617
2.6006
2.6389
2.5893
2.5994
2.4997
2.5843
2.5810
2.5528
2.6952
2.6690
2.5464
2.6266
2.6266
2.5841
2.6982
2.5462
2.4805
2.5314
2.5961
2.5776
2.5279
2.5591
2.6135
2.5993
2.4778
2.5517
2.5571
2.6167
2.6004
2.4954
2.5235
2.4833
2.4524
2.4800
2.4670
2.5743
2.5439
2.5494
2.6415
2.5359
2.5746
2.6190
2.7041
2.6114
2.7082
2.5708
2.5547
2.6189
2.6446
2.6820
2.6432
2.5953
2.5711
2.5476
2.6971
2.6262
2.7370
2.6381
2.5526
2.5160
2.5592
2.4546
2.5243
2.5287
2.5253
2.5746
2.4950
2.5083
2.5631
2.5768
2.6439
2.5659
2.5040
2.6194
2.5408
2.5635
2.5506
2.4945
2.5714
2.5582
2.5869
2.4977
2.4791
2.5829
2.5604
2.5984
2.5873
2.6264
2.5078
2.5418
2.5790
2.5756
2.5642
2.5357
2.5878
2.5887
2.4907
2.4010
2.4749
2.5054
2.5767
2.6072
2.4456
2.5788
2.5047
2.5876
2.5168
2.5140
2.5512
2.5501
2.5600
2.5555
2.5535
2.6454
2.5695
2.5459
2.6224
2.5970
2.4769
2.4983
2.4548
2.5504
2.4493
2.4184
2.4039
2.4811
2.5508
2.4571
2.3948
2.5545
2.5498
2.5057
2.5470
2.5711
2.5217
2.5591
2.5767
2.6375
2.6753
2.6066
2.7566
2.6357
2.7171
2.7950
2.6691
2.5821
2.6767
2.5770
2.6297
2.6842
2.5987
2.5982
2.5912
2.7640
2.6120
2.6650
2.6328
2.6194
2.5985
2.5326
2.4703
2.6259
2.6387
2.7315
2.6531
2.7030
2.5865
2.4571
2.6325
2.5786
2.6422
2.5131
2.6885
2.7331
2.6926
2.6074
2.6754
2.6322
2.6450
2.5796
2.6384
2.6502
2.6414
2.7133
2.6061
2.6089
2.5254
2.5892
2.5228
2.4923
2.5683
2.5012
2.5749
2.5493
2.5089
2.5530
2.5982
2.5743
2.5585
2.5693
2.4742
2.6364
2.6205
2.5276
2.5474
2.7131
2.5655
2.6641
2.6678
2.5423
2.5618
2.6346
2.5997
2.5924
2.6484
2.5170
2.5359
2.6141
2.5531
2.5478
2.5762
2.5581
2.5120
2.5394
2.6734
2.6928
2.6201
2.5939
2.6193
2.6019
2.5890
2.5756
2.7143
2.7204
2.6976
2.6940
2.6636
2.7109
2.7628
2.7703
2.6721
2.8189
2.7524
3.0178
2.8116
2.8627
2.7625
2.6722
2.8887
2.6667
2.7306
2.7118
2.7318
2.5834
2.6122
2.6516
2.6331
2.7463
2.6023
2.6915
2.7325
2.6341
2.5726
2.5910
2.6957
2.6062
2.6700
2.6333
2.7350
2.6309
2.6417
2.6721
2.6760
2.6656
2.6718
2.6500
2.7205
2.7462
2.5584
2.7405
2.6533
2.4896
2.5438
2.5799
2.5309
2.6056
2.5497
2.5981
2.4723
2.4959
2.4373
2.5045
2.4697
2.4644
2.5571
2.4784
2.4303
2.4986
2.6137
2.5474
2.6075
2.5102
2.4524
2.5179
2.4799
2.5493
2.5537
2.4727
2.5585
2.5822
2.4322
2.5767
2.5660
2.4778
2.5073
2.5097
2.3865
2.5783
2.5562
2.5691
2.6692
2.6084
2.6917
2.6270
2.6051
2.5711
2.5632
2.5174
2.4571
2.5512
2.6536
2.6054
2.6876
2.5368
2.5436
2.4857
2.5668
2.6791
2.6305
2.6747
2.5190
2.5345
2.6974
2.6601
2.6409
2.6545
2.4870
2.5478
2.6844
2.4571
2.4786
2.6468
2.5121
2.6235
2.5232
2.5674
2.5671
2.5200
2.4700
2.6292
2.4699
2.5472
2.5907
2.6326
2.6607
2.5916
2.6638
2.6607
2.6924
2.6984
2.5666
2.4809
2.5994
2.5489
2.5427
2.6929
2.7680
2.6835
2.7203
2.6879
2.7178
2.5539
2.5786
2.5774
2.7001
2.5956
2.4890
2.5757
2.5698
2.4993
2.6207
2.5841
2.5051
2.4660
2.5104
2.4812
2.5669
2.5300
2.5708
2.4483
2.5315
2.6631
2.6035
2.5995
2.8153
2.7625
2.7010
2.7779
2.6638
2.5663
2.6631
2.6541
2.5450
2.7702
2.5039
2.3735
2.5182
2.5276
2.6518
2.5956
2.5621
2.6279
2.4935
2.5530
2.5487
2.6754
2.6780
2.5538
2.5857
2.6138
2.5528
2.7067
2.6684
2.6424
2.7539
2.6833
2.6312
2.8965
2.6988
2.6305
2.7428
2.6023
2.5798
2.5764
2.6541
2.6222
2.6816
2.6077
2.5948
2.5934
2.6596
2.5122
2.6820
2.5314
2.5121
2.5048
2.4807
2.5540
2.5111
2.5411
2.4870
2.5240
2.4919
2.6689
2.5389
2.5699
2.6664
2.6517
2.5913
2.5026
2.4561
2.5851
2.5448
2.4780
2.5038
2.6509
2.6340
2.7237
2.6535
2.6015
2.5840
2.5982
2.6016
2.6037
2.5260
2.4743
2.5195
2.5709
2.5624
2.4772
2.6646
2.5867
2.6687
2.5268
2.6375
2.6000
2.5478
2.4488
2.5246
2.6456
2.6095
2.6164
2.5947
2.5664
2.6177
2.6036
2.6129
2.5110
2.5693
2.5110
2.5578
2.5369
2.6547
2.5652
2.4795
2.6098
2.5445
2.6219
2.5749
2.5331
2.4893
2.6950
2.7055
2.5923
2.5684
2.5989
2.5200
2.5163
2.4979
2.4650
2.4856
2.5362
2.6588
2.5860
2.5710
2.5330
2.5798
2.5193
2.6223
2.6080
2.5434
2.5625
2.5961
2.6444
2.7855
2.6645
2.7881
2.6789
2.6960
2.6557
2.5498
2.6039
2.5115
2.5495
2.4560
2.5252
2.6572
2.6011
2.6601
2.6223
2.5901
2.6539
2.5411
2.4131
2.5290
2.5746
2.7198
2.6262
2.5192
2.5832
2.5505
2.6594
2.5563
2.5967
2.5500
2.3826
2.5443
2.4599
2.4938
2.3298
2.4019
2.4039
2.4820
2.4241
2.4579
2.4238
2.4582
2.4887
2.4067
2.3668
2.4098
2.5192
2.6303
2.5806
2.4524
2.5038
2.4596
2.4251
2.4971
2.4113
2.4272
2.4268
2.4433
2.4690
2.4573
2.4552
2.5115
2.5229
2.3986
2.4844
2.4781
2.4070
2.4396
2.3692
2.3807
2.4895
2.5192
2.4653
2.5377
2.5246
2.6705
2.5198
2.5313
2.5538
2.4900
2.4557
2.5867
2.5666
2.5079
2.6265
2.6674
2.6075
2.5279
2.5337
2.5520
2.5518
2.4861
2.5740
2.6054
2.5348
2.5773
2.5455
2.6588
2.6453
2.7925
2.6781
2.6397
2.5688
2.5647
2.5623
2.6078
2.5797
2.6512
2.4988
2.4090
2.4936
2.4708
2.4904
2.5017
2.5657
2.6361
2.6432
2.5795
2.6567
2.6639
2.7537
2.7688
2.6865
2.5848
2.6669
2.6956
2.7250
2.6138
2.6483
2.7155
2.7131
2.5300
2.6545
2.5106
2.4058
2.4173
2.3968
2.4986
2.4756
2.4166
2.4430
2.6476
2.4066
2.4154
2.4320
2.5141
2.5770
2.6102
2.5474
2.5448
2.5678
2.6430
2.6180
2.6762
2.6565
2.6375
2.6250
2.7204
2.5911
2.6027
2.6174
2.6172
2.5587
2.5992
2.7105
2.6186
2.5330
2.4350
2.4936
2.4447
2.4838
2.4356
2.4683
2.5442
2.5229
2.6564
2.5529
2.6020
2.5329
2.5294
2.5324
2.5692
2.5767
2.6074
2.5708
2.6152
2.6454
2.6297
2.6378
2.5494
2.6031
2.6071
2.6664
2.6962
2.7332
2.5827
2.6651
2.6976
2.6234
2.5783
2.8351
2.7852
2.8185
2.8038
2.7588
2.8763
2.6591
2.6719
2.6242
2.7321
2.6879
2.7050
2.6651
2.6865
2.6685
2.7615
2.6535
2.6226
2.6737
2.5453
2.6277
2.6285
2.6707
2.5811
2.4550
2.5998
2.4894
2.6136
2.5651
2.6834
2.5625
2.5300
2.6617
2.7202
2.6317
2.6487
2.6130
2.6773
2.5648
2.6177
2.7891
2.6675
2.7112
2.5454
2.6684
2.5772
2.6319
2.6293
2.6727
2.4753
2.6860
2.6460
2.6209
2.6727
2.8656
2.6859
2.6723
2.7361
2.6813
2.6035
2.6875
2.6555
2.5089
2.5729
2.5608
2.4924
2.4936
2.4791
2.5384
2.4740
2.5640
2.5956
2.5734
2.5689
2.5861
2.6907
2.5978
2.5984
2.6118
2.5086
2.5519
2.4772
2.5083
2.4535
2.4408
2.5606
2.4897
2.5223
2.5482
2.4896
2.6192
2.5847
2.5640
2.4741
2.4944
2.4588
2.5178
2.6225
2.4188
2.4579
2.5277
2.4835
2.5465
2.5720
2.6063
2.6118
2.4975
2.6062
2.6355
2.6833
2.6649
2.6140
2.6841
2.6720
2.5663
2.7066
2.5220
2.7067
2.6094
2.6205
2.5918
2.5954
2.5679
2.6406
2.6060
2.6723
2.5909
2.6121
2.5603
2.6124
2.6117
2.5722
2.5280
2.6522
2.6010
2.5529
2.4584
2.5373
2.6465
2.5634
2.4570
2.4886
2.6260
2.5438
2.5493
2.6701
2.6444
2.6246
2.6129
2.5582
2.5382
2.4524
2.5732
2.5492
2.4850
2.5402
2.4483
2.5019
2.5269
2.5096
2.4907
2.5640
2.4591
2.5946
2.6069
2.5812
2.6129
2.5325
2.6091
2.5953
2.5890
2.5374
2.4913
2.5467
2.5094
2.5477
2.5056
2.5310
2.4702
2.5507
2.4420
2.4423
2.4167
2.4365
2.4369
2.3816
2.5025
2.4225
2.4466
2.4947
2.5767
2.4591
2.5200
2.5469
2.5676
2.5697
2.4186
2.5376
2.5395
2.4502
2.5295
2.5498
2.5337
2.4958
2.5667
2.4036
2.5729
2.5709
2.4331
2.5017
2.6154
2.5894
2.4879
2.5361
2.4939
2.5424
2.5955
2.4821
2.5922
2.5183
2.4816
2.4604
2.4869
2.3360
2.3825
2.4246
2.3434
2.4945
2.4411
2.5130
2.4047
2.3864
2.4161
2.5005
2.5769
2.5983
2.5218
2.4975
2.5013
2.5407
2.4737
2.6113
2.6022
2.6434
2.5300
2.5355
2.5538
2.4712
2.4306
2.6177
2.5122
2.4294
2.5123
2.6029
2.4322
2.5434
2.5745
2.5090
2.5632
2.4628
2.4763
2.5346
2.5216
2.4459
2.4655
2.4915
2.4770
2.5031
2.6730
2.6108
2.5019
2.5565
2.6721
2.6203
2.5519
2.5656
2.6354
2.6413
2.5377
2.6907
2.5797
2.6530
2.7294
2.5209
2.4544
2.5519
2.4756
2.4478
2.4964
2.4694
2.6505
2.6153
2.5442
2.6768
2.6203
2.5419
2.6469
2.6656
2.5420
2.4611
2.5009
2.4570
2.5198
2.5692
2.3712
2.4962
2.4319
2.4994
2.4664
2.5212
2.5611
2.6494
2.5642
2.4949
2.4986
2.5693
2.4450
2.5843
2.4432
2.4980
2.5859
2.5302
2.5189
2.6539
2.6400
2.6537
2.7327
2.7465
2.5804
2.6564
2.7297
2.6776
2.6461
2.5416
2.7377
2.6535
2.8187
2.7499
2.7608
2.6999
2.7743
2.6389
2.7261
2.6406
2.5781
2.6168
2.5767
2.5819
2.6062
2.7133
2.5837
2.7467
2.7490
2.6327
2.8235
2.8752
2.6319
2.6251
2.6562
2.6334
2.5642
2.5981
2.6233
2.5427
2.5436
2.6251
2.6080
2.7663
2.7513
2.5608
2.4617
2.4796
2.4997
2.4891
2.4254
2.4510
2.5392
2.5795
2.5886
2.5633
2.5535
2.5591
2.5915
2.6217
2.5488
2.4873
2.5406
2.5728
2.5932
2.6503
2.5698
2.5159
2.6444
2.6515
2.6223
2.6187
2.6277
2.5856
2.5230
2.5088
2.5105
2.4984
2.5841
2.6384
2.5802
2.4683
2.5763
2.5256
2.5930
2.5877
2.6960
2.7249
2.5331
2.5358
2.6319
2.6108
2.5627
2.5148
2.5194
2.4904
2.4932
2.5846
2.5726
2.6609
2.8331
2.6531
2.5643
2.7356
2.5989
2.5569
2.4359
2.5979
2.6746
2.5249
2.5290
2.5020
2.5694
2.5507
2.4507
2.4399
2.4874
2.4400
2.5869
2.5866
2.5472
2.4935
2.5117
2.6018
2.7366
2.7420
2.6274
2.5907
2.6204
2.5493
2.5759
2.6244
2.6563
2.5616
2.5387
2.5645
2.5568
2.6062
2.6268
2.5582
2.6415
2.5859
2.5480
2.5135
2.5434
2.4770
2.5038
2.5146
2.5485
2.4837
2.4477
2.4865
2.5494
2.4910
2.6005
2.5582
2.5064
2.5180
2.5233
2.6045
2.5799
2.4746
2.5984
2.6177
2.5674
2.5371
2.6113
2.6574
2.5284
2.4268
2.4896
2.5283
2.4427
2.5626
2.5432
2.4690
2.4419
2.5125
2.5821
2.7014
2.4966
2.5806
2.5392
2.5066
2.5269
2.3868
2.4646
2.5365
2.6285
2.5508
2.7344
2.7459
2.7060
2.6273
2.7473
2.5612
2.4790
2.5480
2.3672
2.4166
2.5882
2.5386
2.4157
2.4514
2.4037
2.4447
2.5499
2.4801
2.5720
2.5920
2.4722
2.4510
2.4432
2.4223
2.4272
2.4533
2.5238
2.5042
2.5553
2.4879
2.6246
2.5439
2.6201
2.5880
2.7300
2.6673
2.5400
2.6394
2.5847
2.5449
2.5429
2.4768
2.4609
2.4846
2.4427
2.4375
2.4757
2.4701
2.4879
2.4073
2.4860
2.6067
2.6544
2.5222
2.4808
2.4754
2.3856
2.4605
2.5126
2.4856
2.5365
2.5039
2.5896
2.6338
2.6765
2.6637
2.5593
2.6118
2.6569
2.6403
2.6225
2.6566
2.5804
2.7184
2.7208
2.7671
2.6862
2.6031
2.5376
2.5320
2.6178
2.7274
2.5715
2.8004
2.7602
2.7089
2.6900
2.7436
2.6137
2.6562
2.6449
2.7544
2.7490
2.7023
2.7095
2.6215
2.5747
2.6439
2.5586
2.7180
2.6263
2.5990
2.7340
2.7167
2.6887
2.7340
2.6678
2.7486
2.6678
2.5926
2.6502
2.6359
2.6377
2.6238
2.5706
2.5965
2.6300
2.5685
2.6384
2.5575
2.5387
2.5509
2.5394
2.5478
2.5881
2.6075
2.5456
2.5658
2.5021
2.5544
2.6874
2.6544
2.5615
2.5218
2.4748
2.4842
2.5175
2.5127
2.6105
2.7269
2.6091
2.7490
2.6937
2.5938
2.5161
2.6201
2.5744
2.5648
2.5082
2.6517
2.6068
2.5166
2.5318
2.5993
2.6321
2.6131
2.6893
2.5776
2.6341
2.6902
2.6290
2.7459
2.5981
2.5489
2.7176
2.7335
2.7286
2.6672
2.5680
2.6131
2.5573
2.4495
2.4061
2.5715
2.4942
2.4516
2.5562
2.4888
2.5331
2.5131
2.5474
2.4149
2.4747
2.5331
2.5286
2.6900
2.6767
2.5520
2.5902
2.5015
2.6019
2.5135
2.5466
2.5935
2.4808
2.5316
2.5034
2.5803
2.6138
2.5619
2.5986
2.6333
2.6842
2.6922
2.6429
2.8123
2.6434
2.6410
2.6483
2.7557
2.6071
2.6975
2.6800
2.7043
2.7184
2.7412
2.7286
2.6352
2.6184
2.6006
2.6023
2.6714
2.5271
2.7289
2.6361
2.5345
2.4953
2.6151
2.5977
2.4674
2.5182
2.5222
2.5438
2.5105
2.5214
2.5257
2.5900
2.5901
2.5717
2.5522
2.5680
2.6586
2.7251
2.7016
2.6133
2.5553
2.6641
2.6283
2.6075
2.5398
2.5956
2.5491
2.4787
2.5325
2.6706
2.6694
2.7032
2.6260
2.5660
2.5357
2.5778
2.6815
2.7269
2.6752
2.7674
2.6829
2.5864
2.6580
2.5685
2.6126
2.6195
2.6374
2.7139
2.5805
2.6061
2.6386
2.5929
2.6169
2.6997
2.6132
2.7149
2.7831
2.7396
2.8774
2.7453
2.8743
2.7970
2.7775
2.7170
2.7353
2.6892
2.6288
2.5754
2.7444
2.8179
2.7560
2.6199
2.6328
2.6349
2.7008
2.6761
2.6028
2.6726
2.6275
2.6728
2.7549
2.7156
2.6772
2.5681
2.5950
2.7544
2.7488
2.7745
2.7854
2.7603
2.6846
2.7050
2.7948
2.7698
2.7083
2.8462
2.7021
2.7064
2.6565
2.7871
2.8516
2.7661
2.7704
2.6823
2.6207
2.8216
2.9405
2.8977
2.9213
2.7946
2.6935
2.5415
2.6877
2.6144
2.7378
2.7469
2.6443
2.6424
2.6370
2.7355
2.7315
2.7014
2.8263
2.9354
2.9881
2.8793
2.8633
2.7919
2.7814
2.7187
2.7954
2.8179
2.8896
2.8502
2.7423
2.7373
2.7492
2.6685
2.6929
2.7784
2.7350
2.8347
2.8230
2.7875
2.7117
2.7284
2.6728
2.6799
2.6936
2.8049
2.7414
2.7750
2.6527
2.7732
2.7969
2.6747
2.6472
2.7088
2.7542
2.8427
2.7657
2.7138
2.7911
2.7112
2.6444
2.7147
2.6867
2.6786
2.6901
2.7159
2.7360
2.6209
2.7075
2.6415
2.6784
2.7289
2.7524
2.6877
2.6478
2.7154
2.7127
2.6157
2.5953
2.6720
2.6196
2.7339
2.6786
2.6796
2.7192
2.7213
2.7582
2.7982
2.7178
2.7056
2.7166
2.6746
2.6257
2.7533
2.6653
2.7543
2.6788
2.6794
2.6403
2.7136
2.7234
2.6562
2.7340
2.6559
2.7003
2.7778
2.7671
2.7361
2.6901
2.8208
2.6871
2.7476
2.8490
2.6939
2.7840
2.6882
2.7663
2.6825
2.7482
2.6896
2.7653
2.7148
2.6304
2.6870
2.6511
2.7221
2.7342
2.7527
2.8250
2.6801
2.8163
2.7530
2.7450
2.7496
2.7699
2.7747
2.6478
2.6317
2.6118
2.7892
2.7493
2.6262
2.7252
2.6691
2.7281
2.6954
2.6713
2.6678
2.6901
2.7175
2.6891
2.5790
2.5953
2.6440
2.7827
2.6789
2.6853
2.6535
2.6838
2.6758
2.7777
2.7199
2.7231
2.8355
2.8356
2.8595
2.9766
2.8745
2.9463
2.8459
2.8515
2.8262
2.8854
2.9201
2.9117
2.8205
2.8316
2.8569
2.8559
2.8644
2.9795
2.9755
2.9303
2.8508
3.0041
2.8668
2.8787
2.9296
2.8250
2.9169
2.6787
2.7571
2.7759
2.8494
2.7308
2.8721
2.8223
2.7847
2.8294
2.7379
2.7256
2.7421
2.7356
2.6301
2.6473
2.7187
2.7138
2.7607
2.8614
2.7566
2.7342
2.8254
2.8812
2.7493
2.7893
2.7814
2.8580
2.8338
2.8466
2.8429
2.7571
2.7664
2.8435
2.8629
2.7753
2.7661
2.7732
2.7574
2.7870
2.7649
2.8921
2.8054
2.7550
2.8877
2.8081
2.8686
2.9466
2.7974
2.7533
2.8393
2.8069
2.8437
2.6530
2.7690
2.7183
2.7222
2.7421
2.7146
2.7445
2.7372
2.7779
2.7080
2.7807
2.8686
2.9485
2.8872
2.8872
2.9858
2.7719
2.8544
2.9074
2.9700
2.8283
2.7678
2.7480
2.8395
2.8181
2.6843
2.7152
2.7515
2.7765
2.6556
2.7863
2.7432
2.8710
2.8064
2.8961
2.8249
2.8617
2.8283
2.8593
2.7925
2.8275
2.8022
2.8379
2.8649
2.8198
2.7861
2.8416
2.8090
2.7198
2.7726
2.7439
2.7425
2.9051
2.8273
2.8569
2.7685
2.8420
2.8765
2.8685
2.8544
2.8210
2.7104
2.8497
2.8850
2.8534
2.9312
2.8998
2.9526
2.8251
2.8788
2.8419
2.8307
2.8247
2.8121
2.8044
2.8533
2.9831
2.8503
2.7670
2.7284
2.6752
2.7154
2.7004
2.7660
2.8113
2.8027
2.8691
2.8823
2.7067
2.6918
2.6918
2.8020
2.8847
2.8196
2.8307
2.8359
2.8875
2.8604
2.8011
2.8652
2.8880
2.8450
2.8000
2.8756
2.7954
2.8066
2.9123
2.7865
2.7856
2.7665
2.8872
2.8545
2.8019
2.7966
2.8258
2.8178
2.8490
2.7962
2.8425
2.8465
2.8549
2.7988
2.7870
2.8137
2.7589
2.8229
2.7494
2.8277
2.8915
2.9063
2.9880
2.8557
2.7805
2.8598
2.8861
2.8647
2.8812
2.7876
2.8888
2.7397
2.7967
2.7577
2.8674
2.8263
2.8094
2.7937
2.8207
2.8733
2.8605
2.8474
2.8078
2.8952
2.8643
2.8145
2.8084
2.7320
2.7470
2.7484
2.7404
2.7640
2.8778
2.7927
2.7264
2.8760
2.7608
2.7885
2.8132
2.7505
2.8203
2.8619
2.7123
2.8351
2.8133
2.7811
2.8562
2.7750
2.8097
2.7441
2.6831
2.7592
2.7950
2.6500
2.7551
2.7476
2.8895
2.7770
2.7349
2.6679
2.8127
2.7817
2.7840
2.7744
2.7928
2.8649
2.8863
2.7994
2.6803
2.6466
2.7799
2.6906
2.8280
2.8043
2.8742
2.7138
2.6592
2.7659
2.7907
2.8148
2.7282
2.7320
2.7371
2.7549
2.7145
2.7786
2.7441
2.7202
2.7819
2.8039
2.7353
2.7382
2.8847
2.8153
2.7600
2.7956
2.8730
2.9280
2.7158
2.7353
2.6936
2.7289
2.7552
2.7262
2.7432
2.8374
2.6840
2.5555
2.6853
2.7804
2.7128
2.7476
2.7462
2.7598
2.8165
2.7976
2.6521
2.7756
2.8355
2.7604
2.7966
2.7288
2.8030
2.8366
2.9192
2.8517
2.8327
2.8359
2.7718
2.7887
2.7239
2.7809
2.7804
2.8653
2.6655
2.7558
2.6535
2.7033
2.7999
2.7315
2.7759
2.7948
2.8136
2.7409
2.7164
2.7155
2.7222
2.7377
2.7998
2.6950
2.6202
2.6561
2.6401
2.7583
2.7509
2.7716
2.7001
2.7685
2.7612
2.7504
2.7613
2.7629
2.6864
2.5809
2.7505
2.7987
2.7288
2.6260
2.7473
2.6983
2.8583
2.8893
2.7710
2.7334
2.7547
2.7869
2.7225
2.7709
2.7421
2.8033
2.8634
2.8471
2.8332
2.9458
2.8390
2.9354
2.7994
2.7545
2.7702
2.7010
2.7822
2.6929
2.8463
2.9213
2.7280
2.7418
2.6466
2.7798
2.8088
2.7052
2.7822
2.6728
2.7002
2.8570
2.7591
2.8688
2.7323
2.8076
2.7434
2.8220
2.8527
2.8750
2.9928
2.8732
2.9473
3.0302
2.9629
2.9253
2.8958
2.9148
2.9160
2.9506
2.7439
2.8250
2.9187
2.8878
2.9233
2.8906
2.6757
2.7936
2.8070
2.8427
2.7514
2.7334
2.8075
2.7175
2.7232
2.7262
2.9612
2.8058
2.7596
2.8096
2.8848
2.8068
2.6329
2.8437
2.8446
2.8518
2.8635
2.8976
2.8250
2.8545
2.9318
2.9691
3.0936
2.9768
2.8756
2.8233
2.9646
2.8562
2.7998
2.9624
3.1408
2.9259
2.9873
3.0007
2.9103
2.8857
2.8689
2.8833
2.8736
2.8669
2.9167
2.6901
2.7161
2.7870
2.8410
2.8565
2.7798
2.7954
2.8047
2.7532
2.9062
2.7511
2.8281
2.8483
2.8442
2.8109
2.8867
2.9072
2.9069
2.9840
2.9185
2.7942
2.7736
2.9281
2.8597
3.0578
2.8771
2.8641
2.9179
2.9591
2.9004
2.7249
2.7320
2.7629
2.8039
2.7780
2.7685
2.8174
2.6705
2.7920
2.7992
2.8070
2.7744
2.8760
2.7964
2.6907
2.8465
2.6938
2.7100
2.7824
2.8930
2.8207
2.9165
2.8716
2.8311
2.9191
2.8982
2.8922
2.8527
2.9322
2.8423
2.7342
2.7260
2.7570
2.8068
2.8486
2.9777
2.9531
3.0021
2.8610
2.8193
2.9186
2.9764
3.0027
2.8774
2.9553
2.8096
2.9176
2.7599
2.8311
2.9308
2.9748
3.0888
2.9526
2.9873
3.0160
2.8452
2.8686
2.9282
2.9713
2.7638
2.8182
2.8301
2.8850
2.8214
2.8419
2.6788
2.7359
2.7286
2.7753
2.8543
2.7629
2.8630
2.8042
2.7845
2.8686
2.8438
2.7423
2.8260
2.6844
2.7677
2.7620
2.7841
2.7398
2.7838
2.8793
2.7966
2.7235
2.8014
2.9176
2.8466
2.8753
2.7682
3.0219
2.8192
2.8830
2.9085
3.1376
3.0223
3.0123
2.9071
2.9321
2.9685
2.9477
2.7585
3.0333
2.8603
2.8500
2.9176
2.9315
2.8036
2.9008
2.8784
2.8855
2.8973
3.0245
2.7789
2.7569
2.8306
2.7508
2.9019
2.9443
2.8982
2.9089
3.0420
2.9187
3.0220
2.9861
2.9076
2.7494
3.0426
2.9457
2.8787
2.8777
3.0135
3.0041
2.9338
2.9973
2.8450
2.8809
2.8854
2.9701
3.0861
3.1952
3.0858
2.9681
3.0554
2.8761
2.9172
2.7859
2.8942
2.7620
2.8495
2.9243
2.8583
2.8698
2.9608
2.9079
2.9908
2.8128
2.8959
2.8572
2.9145
2.8183
2.8291
2.8496
2.8196
2.8223
2.8654
2.8650
2.9291
3.0022
2.9329
2.9824
2.9621
2.8638
2.8750
2.9136
3.0002
2.8691
2.7684
2.8309
2.8080
2.9420
2.9907
2.9057
2.9548
2.9144
2.9988
2.8561
2.8816
2.9866
2.8526
2.9678
2.8078
2.6736
2.7922
2.8412
2.7645
2.8262
2.6905
2.6065
2.7149
2.7481
2.6074
2.6682
2.7161
2.7843
2.7940
2.7834
2.6124
2.7515
2.8443
2.8653
2.8118
2.8866
2.7713
2.7586
2.7790
2.7044
2.7158
2.7266
2.6510
2.7913
2.7160
2.8666
2.8394
2.8690
2.8177
2.9538
2.8551
2.8513
2.8223
3.0173
2.9708
2.8776
2.7409
2.8628
2.8819
2.7779
2.7362
2.7548
2.7913
2.8278
2.9896
2.8392
2.8712
2.7092
2.6782
2.8945
2.9513
2.8221
2.9844
3.0159
2.9795
2.8373
2.9773
2.8628
3.0341
2.9429
2.9631
2.8460
2.7981
2.8875
2.8986
2.8216
2.7168
3.0114
3.1367
2.8524
2.8164
2.8257
2.8488
2.7948
2.9184
2.8858
2.9898
2.9836
3.0030
2.9411
3.0255
2.8769
2.8348
2.9276
2.9650
2.8669
2.8198
2.9373
2.9140
2.7821
2.9706
2.9583
3.1033
3.0487
3.0939
2.9536
3.0303
2.9571
2.8663
2.8244
2.7784
2.8428
3.0107
2.8360
2.9321
2.8824
2.8145
2.7380
2.8162
2.7842
2.8053
2.7614
2.7012
2.8713
2.8603
2.9627
2.8177
2.8687
2.7346
2.7400
2.7985
2.8193
2.8891
2.7261
2.8569
2.7977
2.7520
2.7560
2.8452
2.6806
2.7891
2.5804
2.6348
2.6683
2.6101
2.6438
2.5621
2.6130
2.6319
2.6653
2.7234
2.7628
2.8410
2.8063
2.8216
2.7807
2.7525
2.8501
2.9253
2.7651
2.7527
2.8351
2.9996
2.7510
2.8453
2.8326
2.6908
2.7949
2.8124
2.6791
2.7993
2.7653
2.9476
2.8991
2.8700
2.8736
2.7724
2.9062
2.8527
2.9430
2.8868
2.8545
2.9738
2.7717
2.8480
2.7478
2.8199
2.8882
2.7570
2.8389
2.9045
2.7674
2.9814
2.9598
2.8183
2.8559
2.9694
2.9169
2.8611
2.7919
2.8484
2.8972
2.9431
2.8829
2.9827
2.8672
2.7663
2.7140
2.8645
2.8986
2.7927
2.8446
2.8864
2.9212
2.8495
2.7978
2.8053
2.7855
2.8895
2.9116
2.8562
2.8337
2.8251
2.8409
2.8810
3.0333
2.9141
2.9127
2.9562
2.9815
2.9394
2.8921
2.9276
2.9204
2.9544
2.9705
2.9494
3.0774
2.8888
2.9657
3.1626
3.0673
3.0485
2.9220
2.9256
2.9403
2.9824
2.8880
2.8524
2.9604
2.9788
2.8728
2.8209
2.9012
2.7915
2.9108
2.8615
2.8741
2.9006
2.8102
2.9756
2.7824
2.9040
2.8923
2.8367
2.7335
2.8131
2.8270
2.8355
2.9194
2.8936
2.9473
2.7943
2.8809
2.8954
2.8559
2.9851
2.9548
2.7978
2.7992
2.8793
2.8183
2.7230
2.8135
2.7419
2.8110
2.8261
2.8304
2.8568
2.8420
2.8065
2.8950
3.0013
2.9140
2.7908
2.8032
2.7667
2.7798
2.8897
2.8835
2.8347
2.7510
2.7431
2.8106
2.7361
2.8069
2.7566
2.8070
2.6822
2.7809
2.8233
2.7688
2.8210
2.7735
2.8243
2.8342
2.8377
2.8986
2.7335
2.7641
2.7960
2.7781
2.8204
2.8093
2.9013
2.9849
3.0588
2.9573
2.9263
2.8641
2.6778
2.8341
2.7747
2.8204
2.7134
2.6557
2.6384
2.7586
2.7860
2.7827
2.7882
2.7530
2.9454
2.9100
2.7951
2.9367
2.9253
2.8387
2.9856
2.9351
2.9918
2.7975
2.8630
2.8795
2.7293
2.8167
3.0748
2.8706
2.9887
2.8746
2.9761
2.9072
2.9048
2.7133
2.8568
2.8094
2.8302
2.8799
2.8626
2.9051
3.0092
2.9266
2.9692
2.8576
2.8280
2.8210
2.9813
2.8262
2.7849
2.8286
2.7844
2.8142
2.9326
3.0128
2.8114
2.6927
2.9528
2.9310
2.9329
3.0293
3.0159
2.9293
3.0313
3.0489
3.0306
3.0528
3.0376
3.0215
3.0603
3.0368
3.1316
2.9395
3.0150
2.9613
3.0516
3.0044
3.1179
3.0105
3.0838
3.1162
2.8895
2.8942
2.9062
2.9806
2.9260
2.7857
2.8868
2.9265
2.9476
2.8876
2.8984
2.7112
2.8845
2.7488
2.8595
2.7879
2.8973
2.9493
2.8985
2.8778
2.8249
2.7760
2.8856
3.0401
2.8817
2.9709
2.9884
2.7463
2.9417
2.8144
2.9485
2.9744
2.8351
2.8698
2.7902
2.8763
2.9382
2.9014
2.8902
2.9831
2.8333
2.9547
2.9013
2.9271
2.7646
3.0247
3.1200
2.8729
2.9595
3.0699
3.1076
3.1901
3.0777
3.1072
2.9562
2.8717
2.9710
2.7639
2.8416
2.8705
2.9081
2.9614
2.8975
2.9231
2.7756
2.7588
2.8541
2.8571
2.9153
2.9168
2.8698
3.0253
2.8813
2.8556
2.8378
2.7999
2.8101
2.8936
2.7654
2.8194
2.7131
2.8178
2.9785
2.9211
2.8630
2.9195
2.9089
2.7964
2.8141
2.9004
2.8957
2.8010
2.9335
2.9032
2.8408
2.9660
2.7898
2.8652
2.8082
2.9516
3.0145
2.9523
2.8005
2.8451
2.9035
2.8139
2.9493
2.8176
2.8372
2.8528
2.7942
2.7547
2.9606
2.7880
2.7366
2.9359
2.6857
2.6385
2.7433
2.8049
2.7146
2.7642
2.7489
2.7398
2.8084
2.7742
2.7034
2.7646
2.6643
2.7273
2.7728
2.8135
2.7793
2.8857
2.8352
2.7792
2.7284
2.7990
2.7552
2.7934
2.7924
2.7360
2.8393
2.8294
2.8130
2.7460
2.7492
2.8172
2.8416
3.0071
2.8749
3.0168
2.9546
2.9207
2.8607
2.8966
2.8011
2.9106
2.8661
2.8886
2.8537
2.9506
2.9011
2.8476
2.8402
2.9074
2.8541
2.8750
2.8161
2.7983
2.7436
2.9800
2.7780
2.7531
2.8717
2.8434
2.8627
2.7865
2.8121
2.8133
2.8872
2.7879
2.7906
2.7469
2.7765
2.9392
2.7928
2.7427
2.7582
2.7934
2.9277
2.8674
2.9853
2.9861
2.9194
2.8767
2.8544
2.7030
2.6402
2.6394
2.8110
2.8022
2.7817
2.7612
2.7623
2.7382
2.6588
2.7293
2.7114
2.8230
2.8337
2.8232
2.8624
2.8241
2.9693
3.0505
2.8938
2.9318
2.7962
2.7901
3.0340
2.7889
2.8586
2.8530
2.8443
2.8590
2.7007
2.7185
2.8372
2.8298
2.8063
2.7618
2.7511
2.7738
2.7841
2.6673
2.7801
2.8950
2.6575
2.5981
2.7209
2.5874
2.6003
2.6212
2.6776
2.7063
2.6704
2.6936
2.8020
2.7052
2.7951
2.8113
2.8165
2.7530
2.7279
2.8502
2.7812
2.9204
2.8593
3.1100
2.9794
2.8951
3.0375
2.9293
2.7708
2.8696
2.7907
3.0762
2.9143
2.8433
2.8710
2.8482
2.8578
2.7840
2.8141
2.7358
2.7439
2.8994
2.8986
2.8840
2.8812
2.8890
2.8837
2.8914
2.9865
3.0013
3.0449
3.0638
2.9774
2.9511
2.9237
3.0063
2.9627
3.0987
3.0149
2.9470
2.9916
2.7415
2.9973
2.9705
2.9480
2.9663
2.8386
2.9216
2.8795
3.0818
3.0298
2.8960
2.9388
2.9562
2.9624
2.8889
2.9343
3.0447
2.9348
2.7986
2.8216
2.9397
2.8159
2.8341
2.9455
2.9176
2.8659
2.8934
2.8388
2.7823
2.7703
3.0621
3.0399
3.0220
2.9588
2.9073
2.8249
3.0659
2.9845
3.0190
3.0523
3.0693
3.1865
3.2238
3.1370
3.1527
3.1508
3.0425
3.1399
3.1610
3.1845
3.0561
3.0806
3.0632
3.0769
3.0964
3.1269
3.1297
3.1841
3.1463
3.1444
3.1137
3.0967
2.9521
3.0884
2.9850
3.1083
3.1815
3.0292
3.0390
2.9964
3.2095
3.1118
3.0983
3.0446
3.0475
2.9633
3.1554
2.9314
2.9500
2.9267
2.9733
3.0301
2.9524
2.8240
2.8153
2.8349
3.0176
3.0313
3.0096
3.0281
3.0786
3.1279
3.0710
2.9440
2.9364
2.9790
3.0400
3.0225
2.9273
2.9879
3.1013
3.0404
2.9004
2.8793
3.0036
3.0637
2.9032
3.1921
3.0601
3.1055
2.9020
3.0960
3.0079
3.0033
3.1200
3.1381
3.1061
3.0902
3.0524
3.1715
3.0293
3.1192
2.9564
2.8734
2.9299
2.8923
3.0025
2.9501
3.0563
2.9803
2.8285
2.9026
2.8550
2.8298
2.6775
2.8108
2.8427
2.8799
2.7607
2.7545
2.8593
2.9185
2.7902
2.7375
2.7272
2.6825
2.7135
2.8189
2.8777
2.8399
2.8234
2.8026
2.8042
2.9702
2.8768
2.8312
2.8472
2.9156
2.9765
3.0592
2.9742
2.9564
2.8840
2.7371
2.9437
2.9321
2.9143
2.9945
2.9230
2.7105
2.8318
2.9649
2.8581
2.8202
2.8421
2.8357
2.9584
2.9927
2.8932
2.8984
2.9999
3.0124
2.9089
2.9752
2.9556
2.9224
2.8338
2.8292
2.7679
2.9538
2.8035
2.9276
2.9022
2.8785
2.9527
2.8824
2.9713
2.8600
2.9767
3.0327
3.0907
3.0188
2.9383
3.0683
3.0881
2.9651
3.0275
2.9098
2.9254
3.1082
2.9626
2.8575
2.9258
3.0277
3.0373
3.1073
3.0158
2.8674
2.8795
2.8277
2.7995
2.9346
2.8876
2.8494
2.9189
2.8946
2.8917
2.8332
2.7511
2.8446
2.7656
2.8483
2.9586
2.9028
2.7997
2.8848
2.8820
2.9164
3.0420
3.0543
2.9638
3.0428
3.3090
3.0531
3.1125
3.0119
2.9922
2.9461
3.0259
3.0770
3.2263
2.9228
2.8787
2.8800
2.9573
2.9161
2.8533
2.9153
2.8980
2.9730
2.7276
2.7724
2.7466
2.7130
2.9039
2.9748
2.7354
2.9427
2.7204
2.6862
2.7549
2.6707
2.7403
2.6529
2.8211
2.6894
2.7811
2.6741
2.6875
2.6814
2.8074
2.6336
2.7602
2.8703
2.8357
2.8222
2.9150
2.9618
2.8960
2.8370
2.8736
3.0067
2.9550
3.0034
2.9497
2.9821
3.0570
2.8940
2.8276
2.8234
2.9095
2.8056
2.7933
2.8228
2.7924
2.6976
2.7286
2.8420
2.7451
2.7227
2.8107
2.7585
2.8276
2.9388
2.8986
2.9070
2.8090
2.7145
2.7709
2.7099
2.7449
2.7711
2.8470
2.7716
2.5955
2.7359
2.7340
2.6405
2.7583
2.7889
2.7393
2.8100
2.7638
2.6893
2.7768
2.8147
2.8408
2.7941
2.6976
2.6663
2.7693
2.7428
2.8066
2.6928
2.8061
2.6839
2.7540
2.7536
2.5989
2.7734
2.7415
2.6915
2.6698
2.6353
2.7898
2.7224
2.7439
2.8078
2.8199
2.8402
2.7769
2.8572
2.8428
2.7752
2.7731
2.7749
2.6487
2.7616
2.7658
2.6887
2.8524
2.8037
2.8056
2.8637
2.7665
2.8867
2.9242
2.7404
2.7172
2.7161
2.6886
2.7276
2.9261
2.9221
2.9757
2.8949
2.9354
2.8652
2.9734
2.9125
2.8687
2.8246
2.8419
2.8277
2.7050
2.8692
2.8397
2.8794
2.7473
2.7913
2.7931
2.6331
2.6997
2.7665
2.8529
2.8683
2.9695
3.0288
3.0111
2.9860
2.9319
2.9277
2.8579
2.9481
3.0036
2.9729
3.0201
2.9155
2.8535
2.9778
2.8334
2.8349
2.7363
2.9249
2.9634
2.8396
2.8524
2.9408
2.9711
3.0158
2.9983
3.0618
2.9060
3.0556
3.0415
2.7708
2.9792
2.9845
3.0532
2.9848
3.0482
2.9414
3.0046
2.9973
2.9596
3.1553
2.9979
3.0278
3.2112
3.1321
3.1677
3.0436
2.9738
2.8692
2.8621
3.0036
2.9667
2.8889
2.8390
2.9696
2.9248
2.9192
3.0355
3.1069
2.9718
2.8777
3.0284
3.0243
2.9808
2.9424
2.8842
2.9737
2.8549
2.8190
2.8366
2.8847
3.1361
3.0158
3.1190
2.8897
2.9257
3.0682
3.1265
2.9090
3.0167
3.2289
3.3210
3.0216
3.1144
3.3456
3.1930
3.0796
3.3205
3.2260
3.0599
3.0688
3.2023
3.0016
3.0130
3.2289
3.2215
3.0283
2.9310
3.0405
3.3928
3.1402
3.2765
3.2425
3.1986
3.1537
3.0987
3.1311
3.1982
3.1450
3.4219
3.2971
3.0518
3.0879
3.1029
3.2941
3.2933
3.0087
3.0566
3.2059
3.1245
3.1740
3.0914
3.0396
2.9844
3.0582
3.0745
3.1204
3.3101
3.2224
3.3168
3.2256
3.2818
3.3493
3.3418
3.3307
3.0920
3.2849
3.3987
3.1662
3.3067
3.4310
3.3542
3.3690
3.2718
3.2445
3.2824
3.2292
3.2976
3.2073
3.3305
3.3362
3.2938
3.2831
3.0886
3.2713
3.1094
3.1257
3.0561
3.0467
3.4587
3.3010
3.1465
3.2041
3.2460
3.0909
3.4224
3.3622
3.3244
3.2650
3.2548
3.3413
3.3368
3.4843
3.1915
3.2994
3.3489
3.3090
3.2650
3.3155
3.4224
3.0842
3.2387
3.0891
3.2064
3.2460
3.1972
3.3586
3.3558
3.2663
3.3159
3.3217
3.4216
3.2109
3.2764
3.2480
3.2615
3.2800
3.1555
3.3595
3.1180
3.1251
3.0769
3.1990
3.2433
3.3301
3.3314
3.2357
3.3063
3.2515
3.3806
3.3626
3.4402
3.4405
3.3009
3.2966
3.2520
3.2761
3.0891
3.2106
3.4602
3.0301
3.1091
3.1035
3.2917
3.1763
3.0633
3.1117
3.0386
3.1724
3.1485
3.0749
3.2278
3.2171
3.0913
3.2591
3.1765
3.1869
3.2721
3.3044
3.4574
3.3224
3.4216
3.5941
3.4186
3.2650
3.3539
3.2947
3.2517
3.1700
3.3290
3.2905
3.4326
3.2365
3.2908
3.4576
3.2894
3.1711
3.1767
3.3208
3.2170
3.1007
3.2645
3.2135
3.1106
3.2393
3.1929
3.3383
3.1850
3.2675
3.1798
3.2585
3.2441
3.2049
3.0177
3.1380
3.1018
3.1887
3.1540
3.1125
3.2696
3.0916
3.0994
3.0732
3.1453
3.0907
3.2192
3.2374
3.2701
3.2841
3.4317
3.2576
3.3086
3.0857
3.1154
3.1400
3.0457
3.1330
3.0299
3.1438
3.1978
3.2820
3.1558
3.0831
3.2073
3.2402
3.1134
3.1897
3.1831
3.0711
3.2488
3.1150
3.2693
3.3315
3.2100
2.9640
3.1188
3.0748
3.2670
3.1828
3.1454
3.1532
3.1217
3.1128
3.0553
2.9084
3.0040
2.9250
3.1484
2.9765
2.8124
2.9893
2.9301
2.9832
2.8532
3.0173
2.9824
3.0616
3.0182
3.1209
2.8762
3.1438
3.1571
3.4034
3.1643
3.1701
3.0669
2.9841
2.9743
2.8651
2.8763
2.8402
2.7671
2.7983
2.8423
2.8428
2.9074
2.9268
2.8845
2.8970
3.0942
3.0126
3.1060
3.1216
3.1392
3.0863
3.1393
3.1111
3.0284
3.0555
3.1414
3.0506
3.0658
2.9418
3.1989
3.1219
3.0061
3.1508
3.2235
3.1083
3.0070
3.1543
3.1012
3.1595
3.1483
3.1409
3.0016
2.9924
2.9501
3.0593
3.1343
3.0453
2.9349
3.0537
3.0737
2.9469
2.9690
2.9479
2.8852
2.9131
3.0163
3.0217
3.1053
3.1306
2.9743
2.8922
3.1398
3.0760
3.0026
3.1421
3.1106
3.0208
3.0982
3.0239
3.0725
3.0475
3.0048
3.0109
3.0763
2.9621
2.9988
2.9449
3.0515
3.0698
3.1056
2.9716
3.0433
3.0363
3.0043
3.0003
3.0562
3.2437
2.9470
3.0759
2.9932
3.1126
3.0202
2.9996
3.2584
3.1193
3.0852
3.1450
3.0306
3.0429
3.1014
3.2580
3.0753
3.1577
3.0245
3.0466
3.0042
3.1132
3.0610
2.9862
3.0040
3.1253
3.0586
3.0997
3.0865
3.0286
3.0332
3.0134
2.9567
2.9526
3.0409
3.0415
2.9322
2.9074
2.9593
2.9153
2.9329
2.8400
2.7752
2.8590
2.8056
2.9601
3.0580
2.9995
2.8905
3.0460
3.0715
3.0933
3.0744
2.8699
3.1426
3.0176
2.9913
3.0734
3.0097
3.0990
3.2812
3.2500
3.2060
3.2875
3.1171
3.1251
3.1719
3.0732
3.0934
3.1811
3.1990
3.1481
3.1676
3.2149
3.1266
3.1418
3.1424
3.2136
3.2402
3.1738
3.0267
3.0710
3.0291
2.9114
3.0996
3.0747
3.1021
3.3077
3.2190
3.1445
3.1392
3.3107
3.1964
3.1958
3.1613
3.3019
3.1008
3.1885
3.1568
3.1921
3.1725
3.2150
3.1637
3.0256
3.1829
3.1596
3.0083
3.0435
3.2155
3.1478
3.2723
3.1083
3.1463
3.1187
3.0000
3.0087
3.0620
3.1133
3.1801
3.2763
3.2811
3.1950
3.0873
3.3233
3.0377
3.1911
3.2531
3.0825
3.1703
3.0180
3.2112
2.9878
3.0319
3.1451
3.1597
3.3096
3.3063
3.2075
3.1920
3.1114
3.1014
3.2149
3.0126
3.1438
3.0132
3.1284
3.2062
3.1193
2.9824
3.1400
3.0371
3.0574
3.2110
3.1692
3.1366
3.1876
3.1208
3.1822
3.1746
3.2661
3.1436
3.3015
3.2016
3.0976
3.0889
3.1293
3.0899
3.1331
3.0593
3.1117
3.2040
3.2138
3.3861
3.1290
3.2808
3.1911
3.1935
3.2295
3.1516
3.1524
3.2148
3.2113
3.2794
3.1443
3.0707
3.1968
3.1858
3.1469
3.1169
3.1797
3.0018
3.0885
3.0364
3.1089
3.1109
3.0727
3.0555
3.0236
3.1295
3.0543
3.0886
3.0826
2.9437
3.0713
2.9968
3.0762
3.0439
3.1347
3.1578
3.0435
3.1556
3.1369
3.1087
3.1059
3.0120
2.9744
2.9563
2.9502
3.0862
2.9942
3.0906
3.0820
3.0687
3.0738
3.0568
3.1813
3.0269
3.0679
2.9691
3.0483
3.2105
3.1936
3.2654
3.0607
3.3068
3.2230
3.1900
3.1035
3.1962
3.3209
3.1027
3.1037
3.1368
3.0745
3.0600
2.9839
3.0475
3.1199
3.0181
3.1109
2.9315
3.0889
3.1371
3.2202
3.1416
3.1674
3.1493
3.0660
3.1491
3.1234
3.1986
3.1592
3.1391
3.0736
2.9949
3.0038
2.9165
2.8596
2.9255
3.0273
3.0076
3.0629
3.0013
3.0602
3.2775
3.1337
3.0862
3.1009
3.1067
3.1265
3.0756
3.2663
3.1358
2.9523
2.9375
2.9628
3.0787
2.9643
3.1075
3.0815
3.0946
2.9492
3.0057
3.1725
3.1067
3.0830
3.0691
2.9754
3.0525
3.0376
3.1628
2.9951
3.1316
3.1701
3.0667
2.9342
2.9895
2.9075
2.8652
3.0005
2.9616
2.9011
2.9350
2.8586
2.9530
2.9890
2.9263
2.9164
3.0707
2.9095
3.0249
3.0430
2.9443
2.9093
2.9010
2.9932
2.9735
2.9414
3.1288
3.1207
3.1249
3.2918
3.2211
3.2725
3.0894
2.9840
2.8962
3.0187
2.9977
2.9601
3.0102
3.0481
3.1575
2.9321
2.9231
3.0674
3.2616
3.0453
2.9571
3.0643
2.9621
2.9650
3.0524
2.9072
2.9273
2.9082
2.9586
2.9182
3.0971
3.0345
2.9927
2.9415
2.9427
3.1109
2.9362
2.9385
2.9422
2.8497
2.9347
2.9586
2.9734
3.0033
2.9686
2.8729
2.9399
3.0365
2.9507
2.9705
2.9994
2.9907
3.1777
2.9395
3.0260
3.1021
3.0339
3.0262
3.0977
3.0215
3.1564
3.1394
2.9726
3.0692
3.1538
3.1845
3.2634
3.0508
3.0965
2.9305
3.0425
3.0730
2.9254
3.0256
2.9726
3.0633
3.0049
3.0228
2.8744
2.8112
3.0436
3.0673
3.0219
3.0624
3.0501
2.9305
2.9360
3.1089
3.2176
2.9978
3.0688
2.8816
2.9033
2.8652
3.0266
3.0400
3.0706
3.0589
2.8682
2.9898
2.8324
2.9687
2.8619
3.0384
3.1082
2.9898
3.0475
3.1077
2.8789
2.8892
2.8677
2.9717
2.9909
3.0694
2.9775
3.0050
3.1801
3.1600
3.1669
3.1003
3.1099
3.1127
2.9666
3.0688
3.0564
2.9144
2.9285
2.9912
2.9407
3.1099
2.9702
2.9705
3.1192
3.0314
3.0411
3.1218
2.9651
2.9984
2.9137
2.8141
2.9880
2.8963
3.0834
2.9253
3.2052
3.1396
3.1094
3.0707
3.1968
2.9351
3.0483
2.8214
2.9318
3.1253
3.0229
3.0178
3.0236
3.1184
3.0719
3.3690
2.9954
3.0598
2.8974
2.9756
3.0058
2.9775
2.9966
3.0163
3.0620
3.0251
2.9513
2.9598
2.9026
3.0201
3.0655
2.8790
2.9284
2.9157
