1.6374
1.6124
1.7706
1.9428
1.9110
1.8257
1.9656
1.8910
1.9964
1.9499
1.8558
1.5862
1.8498
1.8039
1.8055
1.7348
1.9208
1.9577
1.7225
1.5982
1.5565
1.7403
1.8656
1.7355
1.7001
1.6115
1.5695
1.6551
1.6474
1.6962
1.6372
1.6317
1.6841
1.5661
1.5476
1.5420
1.5526
1.6441
1.5250
1.4582
1.5679
1.7163
1.5805
1.6367
1.5406
1.6899
1.6762
1.6460
1.5628
1.5769
1.5750
1.5108
1.6187
1.6714
1.6203
1.6362
1.6778
1.9207
1.7647
1.8201
1.7504
1.9017
1.8816
1.9124
1.7163
1.8295
1.9177
1.7853
2.1026
2.0291
1.9523
2.0667
1.8570
1.8464
1.7383
1.6792
1.6863
1.5833
1.7630
1.8287
1.9817
2.1186
1.8019
1.7994
1.8659
1.7482
1.6566
1.6156
1.7229
1.6805
1.5692
1.5674
1.5871
1.5828
1.6768
1.8041
1.7287
1.6645
1.7200
1.8125
1.7706
1.8246
1.8024
1.8634
1.8152
1.7691
1.7735
1.7009
1.6164
1.7605
1.5957
1.6494
1.7457
1.6496
1.5972
1.6399
1.7175
1.8735
1.6697
1.7541
1.7010
1.7896
1.7301
1.6662
1.6022
1.6700
1.7162
1.7698
1.7521
1.6895
1.7306
1.8543
1.7799
1.8591
1.8533
1.9841
1.9856
1.9459
1.8636
1.8920
1.8293
1.9384
1.8657
2.0578
1.8732
1.6963
1.6304
1.5151
1.7535
1.7358
1.7691
1.5786
1.7777
1.6125
1.7466
1.7013
1.5583
1.6043
1.6123
1.5676
1.6100
1.5850
1.6499
1.6678
1.6726
1.5835
1.7285
1.5858
1.6682
1.6506
1.7805
1.7481
1.6391
1.8502
1.7548
1.7465
1.7846
1.9434
1.8046
1.6182
1.6535
1.7946
1.7446
1.6695
1.5718
1.6804
1.7177
1.7002
1.7385
1.6751
1.7235
1.8150
1.8800
1.7429
1.8874
2.0423
1.7841
1.7692
1.7331
1.5871
1.6959
1.7151
1.7196
1.7515
1.7555
1.6841
1.6385
1.6901
1.5802
1.7015
1.5472
1.5956
1.7119
1.6365
1.7077
1.6648
1.5883
1.6995
1.5994
1.6626
1.7824
1.6510
1.7133
1.6623
1.6798
1.6809
1.6275
1.6405
1.7010
1.7393
1.7359
1.7352
1.6222
1.7362
1.7507
1.7330
1.6325
1.7742
1.6896
1.6438
1.6344
1.6819
1.7157
1.6449
1.7016
1.6431
1.7789
1.6625
1.7153
1.9190
1.8187
1.9484
1.8357
1.8711
1.7413
1.8465
1.7336
1.8292
1.6961
1.6723
1.7115
1.6214
1.6360
1.6188
1.8282
1.7391
1.8642
1.8960
1.7223
1.6552
1.7557
1.7779
1.8481
1.6383
1.8186
1.7598
1.7102
1.6391
1.5677
1.5980
1.7301
1.6263
1.7808
1.7893
1.6190
1.5969
1.6749
1.6754
1.6963
1.6412
1.6620
1.7385
1.8347
1.7963
1.9454
1.7864
1.7548
1.7968
1.7993
1.7849
1.7178
1.7858
1.8383
1.7146
1.8272
1.7684
1.9142
1.7479
1.7926
1.8314
1.9292
1.8695
1.8483
1.9578
1.9756
1.9089
1.8745
1.7494
1.8141
1.7731
1.7778
1.6333
1.6124
1.7769
1.7438
1.6922
1.7104
1.6783
1.7389
1.5527
1.7312
1.7624
1.8360
1.7565
1.8177
1.7527
1.8282
1.8051
1.6970
1.7568
1.7341
1.7172
1.8503
1.8315
1.7958
1.7631
1.7199
1.8266
1.7783
1.7863
1.8645
1.8192
1.9195
1.6501
1.8427
1.8546
1.7968
1.7812
1.8544
1.7463
1.7722
1.7310
1.8945
1.7861
1.8333
1.8035
1.7833
1.9979
1.8183
1.8535
1.8925
1.9788
1.8269
1.7737
1.9108
2.0060
1.9110
1.9791
1.8557
1.9003
1.9252
1.8094
1.7711
1.8905
1.7138
1.7049
1.7923
1.6867
1.7669
1.6574
1.6902
1.8112
1.6796
1.6761
1.7419
1.7392
1.7174
1.8574
1.7562
1.7172
1.6431
1.7376
1.8281
1.7859
1.8378
1.6981
1.6710
1.6513
1.8435
1.8414
1.8363
1.8486
1.8309
1.7590
1.7777
1.7648
1.7534
1.7926
1.7566
1.7857
1.8021
1.7917
1.6831
1.6942
1.8395
1.6415
1.7178
1.8112
1.7627
1.7437
1.6564
1.8377
1.7365
1.7540
1.8298
1.7890
1.8230
1.7789
1.8038
1.8399
1.7504
1.8104
1.7954
1.7147
1.7946
1.8715
1.7360
1.7652
1.8021
1.8484
1.9447
1.8731
1.8977
1.8255
1.8612
1.8847
1.7994
1.9717
1.8116
1.7873
1.8672
1.8299
1.7417
1.7786
1.8676
1.9059
1.9797
2.0888
1.8634
1.7712
2.0005
1.9182
1.7671
1.6660
1.8225
1.7506
1.7154
1.8183
1.8117
1.7523
1.8475
1.8141
1.7943
1.6733
1.7406
1.6960
1.8590
1.8412
1.8313
1.7534
1.8492
1.7356
1.7345
1.6814
1.7719
1.8587
1.8617
1.9226
1.8964
1.8173
1.8375
1.7508
1.7849
1.9072
1.7909
1.7932
1.8089
1.9905
1.8691
1.7709
1.7798
1.8340
1.8396
1.8155
1.8425
1.8749
1.9295
1.8196
1.7969
1.8265
1.7395
1.8125
1.8657
1.7804
1.9148
1.9158
1.8595
1.7645
1.6900
1.7710
1.7721
1.7189
1.7388
1.7284
1.8778
1.7407
1.8025
1.8020
1.7637
1.8243
1.9023
1.8114
1.7543
1.7957
1.8101
1.7927
1.8348
1.7022
1.7601
1.7723
1.8220
1.7518
1.9085
1.8272
1.8217
1.7094
1.8259
1.7408
1.9323
1.8782
1.8650
1.9018
2.0483
1.8578
1.8734
1.8870
1.9451
1.8119
1.6735
1.8208
1.8953
1.9635
1.9376
2.0106
1.9448
2.0074
1.8837
1.7325
1.7156
1.8604
1.8361
1.8090
2.0585
2.2637
2.0510
1.9592
2.0208
1.9585
1.9532
1.9423
1.8419
1.8761
1.9311
1.7776
1.9581
1.8052
1.9412
1.7533
1.7120
1.7416
1.8544
2.0068
1.7782
1.7866
1.8762
1.8792
1.7804
1.8036
1.7133
1.8374
1.8511
1.8317
2.0252
1.8699
1.7069
1.7987
1.7379
1.8276
1.8261
1.7448
1.7080
1.8029
1.6957
1.5995
1.5017
1.6957
1.8431
1.7653
1.9427
1.8796
1.7895
1.6523
1.6721
1.7186
1.8737
1.8277
1.8345
1.9298
1.9164
1.8440
1.7967
1.7352
1.7844
1.7888
1.7572
1.6365
1.6689
1.7175
1.6846
1.7971
2.0049
1.9576
1.8754
1.8447
1.8440
1.9416
1.8194
1.8235
1.6942
1.8682
1.8507
1.7864
1.9241
1.9144
1.8805
1.7829
1.8418
1.9015
1.9641
1.9482
1.8732
1.8879
1.9463
1.7686
1.9537
1.9409
1.8105
1.7768
1.8590
1.8069
2.0941
2.1855
2.1110
2.1066
2.0363
2.1038
2.0391
2.0245
2.1022
1.9643
2.0716
2.2607
2.1788
2.2365
2.0611
2.1291
2.1158
2.1314
2.0501
1.9694
2.2683
2.0532
2.1078
2.0440
2.0292
2.0057
2.0076
2.0974
2.0653
1.8694
1.8231
2.0712
2.1554
2.1827
2.0767
1.9863
2.2862
2.1237
1.9636
1.9324
2.0455
1.9888
1.8631
1.8435
1.8946
1.8648
1.9499
2.0669
1.8627
1.8315
1.9985
1.9255
1.8382
1.8409
1.8956
1.8764
1.8481
1.8499
1.8289
1.7986
1.7490
1.8413
1.8006
1.7980
1.8094
1.8869
1.6764
1.8173
1.7683
1.7249
1.9154
1.8783
1.9115
1.9610
1.9743
1.8628
1.8046
1.8656
1.8775
1.8545
1.8022
1.8699
1.9225
1.8576
1.8381
1.8406
1.9008
1.8379
1.8642
1.8086
1.8215
1.9078
1.7588
1.9091
1.9725
1.9870
1.8872
1.8873
1.7851
1.9050
1.8323
1.7231
1.7790
1.8554
1.8170
1.7417
1.7316
1.7211
1.8699
1.8430
1.7144
1.7111
1.9062
1.9280
1.7895
1.7339
1.7172
1.7377
1.7958
1.8152
1.7525
1.7013
1.8320
1.8313
1.7498
1.9150
1.8754
1.7852
1.9041
1.9531
1.9951
2.0697
2.0077
1.9666
1.8629
1.8343
1.8679
1.7568
1.8698
1.7026
1.7902
1.8552
1.9754
1.9121
1.9326
1.9820
2.0011
1.9148
1.9440
1.7617
1.8224
1.9562
1.9235
1.9230
1.9711
1.8349
1.8655
1.9365
1.8240
1.9127
1.8984
1.9545
1.9129
1.9041
1.9162
1.8794
1.7643
1.8030
1.8986
1.7918
1.7236
1.7712
1.8053
1.8807
1.8293
1.8699
2.0201
1.8445
1.8550
1.8802
1.8043
1.7487
1.8026
1.7050
1.8811
1.9544
1.8846
1.7505
1.7219
1.8112
1.7775
1.7408
1.8835
1.8763
1.8489
1.8063
1.7845
1.8314
1.9317
1.8406
1.6180
1.8929
1.7240
1.8380
1.6644
1.7256
1.8286
1.7183
1.7498
1.7212
1.6787
1.6894
1.6747
1.7620
1.7270
1.8363
1.9306
1.8626
1.9422
1.8240
1.8156
1.8790
1.9814
2.0427
1.9526
1.8762
1.9137
1.9246
1.9938
1.9040
1.9664
1.8824
1.8846
1.8848
1.8450
1.7399
1.8400
1.8390
1.9391
1.8644
1.8599
2.0410
1.9941
2.0163
1.8515
1.9104
1.9393
1.8572
1.8853
1.8367
1.8149
1.7596
1.8818
1.7436
1.6906
1.6287
1.7383
1.7258
1.8161
1.8683
1.8851
1.6432
1.8625
1.9063
1.8748
1.9571
1.8588
1.9856
1.8676
1.8500
1.8048
1.9187
1.8473
1.9062
1.8465
1.9624
1.8118
1.9053
1.9299
1.8237
1.8319
1.6826
1.8060
1.7742
1.7667
1.9034
1.8343
1.8404
1.9490
1.8306
1.8297
1.8951
1.8635
1.8176
1.8617
1.7305
1.9480
1.8016
1.8140
1.7988
1.8443
1.7614
1.7962
1.6367
1.8044
1.8207
1.7840
1.6719
1.6649
1.7211
1.5834
1.5807
1.6744
1.7446
1.8386
1.9133
1.7907
1.7401
1.8092
1.7694
1.8170
1.8432
1.8695
1.9184
1.7993
1.7320
1.7057
1.6934
1.8028
1.7982
1.7615
1.8070
1.8270
1.9272
1.9312
1.8831
1.9190
1.6729
1.7221
1.8499
1.7978
1.8897
1.7952
1.8806
1.8405
1.7226
1.8112
1.8776
1.9296
1.9213
1.9725
1.9433
2.0878
2.1102
2.0341
1.9835
1.7587
1.8328
1.9402
1.9034
2.0783
1.9743
1.9082
1.9194
1.8772
1.8297
1.9114
1.9803
1.9513
1.8073
1.9102
1.8692
2.0670
1.8130
1.8069
1.8096
1.8304
1.8329
1.9101
1.8592
1.9261
1.7913
1.7655
1.7074
1.8811
1.7631
1.8967
1.9599
1.7039
1.8315
1.8174
1.9129
1.8922
1.9710
1.9939
1.9728
2.0075
1.9255
1.9758
1.9085
2.0019
1.9857
1.9484
1.9659
1.9015
2.0083
1.8504
1.9538
1.9146
1.8021
1.8224
1.8953
1.7621
1.9097
1.7910
1.7774
1.8605
1.8425
1.9423
1.8651
1.9035
1.9186
1.8232
1.8964
1.8706
1.9201
1.9620
1.9578
1.8701
1.9255
1.9020
1.8104
1.9190
2.0656
1.9005
1.8491
1.8692
1.8228
1.9426
1.8829
1.8753
1.7174
1.7906
1.9329
1.8827
1.9231
1.9723
2.0281
1.9909
1.8655
1.9559
1.9377
1.9658
1.9417
2.0562
2.1062
1.7828
1.9173
1.7594
1.9192
1.7497
1.8499
1.7992
1.8765
2.0503
1.8284
1.8662
1.7706
1.7774
1.7834
1.8376
1.9683
1.8422
1.8851
1.8340
2.0266
2.0391
2.0300
2.0484
1.9872
1.9892
2.0988
2.1441
1.8189
1.9394
1.8462
1.8737
1.9829
1.9006
1.8717
1.9976
2.0013
1.9855
1.9060
1.9306
1.9207
1.8738
1.9670
1.8931
1.9900
2.0838
2.0137
2.2137
2.2268
2.0167
1.8666
2.0704
1.8923
1.9489
1.9192
1.9566
1.8589
1.8895
1.8333
1.8581
1.9247
1.8873
1.9191
1.8644
1.8395
1.9827
1.9326
1.9321
1.8784
1.9840
1.9434
2.0283
1.9907
1.8699
1.9315
1.9413
1.9637
1.9265
1.9585
1.9497
2.0324
1.9756
1.8793
1.7709
1.9132
1.9363
1.8753
1.8549
1.9268
2.0169
1.9513
1.9526
1.9275
1.9071
1.8931
1.8709
2.0460
1.8844
1.8430
1.7907
2.0007
1.9395
2.1093
2.0408
1.9290
1.8873
1.8739
1.8937
1.8416
1.9910
2.0168
2.0278
2.0084
2.0975
1.8365
1.9439
2.0389
2.0912
1.9747
1.8862
2.0108
1.8569
1.8487
1.9150
1.8149
1.9534
1.9049
2.0456
2.0503
1.8809
2.0193
1.8247
1.9627
1.8061
1.8378
1.8722
1.9953
1.9613
1.8308
2.0264
1.9942
1.9409
2.0585
1.9602
1.9211
1.8294
2.0246
1.8826
1.9422
2.0040
1.9748
1.9051
1.9008
1.9996
1.9595
1.9727
2.0671
1.9520
1.9621
2.1500
1.9632
2.0342
2.0607
1.9582
2.1179
2.0503
2.0935
1.8936
1.9749
2.0354
1.9007
1.8936
1.8846
1.9420
2.0655
1.9264
1.9885
2.1019
2.0724
2.0605
2.0620
1.8637
1.9530
1.9032
1.9537
1.9640
2.0470
1.9443
2.0444
1.9372
1.9814
2.0375
1.9628
2.1048
2.0324
2.0386
2.0178
1.9438
1.9039
1.8916
2.0079
1.8750
1.7895
1.7688
1.8621
2.0065
2.0141
1.9433
2.0205
2.1064
1.9888
2.0071
1.8350
1.9540
1.9335
1.9650
1.9491
2.0131
2.0211
2.0047
1.8719
1.7769
1.8818
1.8734
1.7809
1.8037
1.9161
1.8090
1.9923
1.9468
1.8806
1.8615
1.8237
1.9339
1.8956
1.9278
1.7369
1.8064
1.9070
1.8207
1.7768
1.9144
1.7963
1.8497
1.8517
2.0633
1.9822
1.7516
1.8789
1.8069
1.9422
1.7360
1.8736
1.8269
1.8582
1.8457
1.9303
1.9615
1.9136
1.9517
1.8711
1.8763
1.8151
1.8850
1.9016
1.9534
1.9052
1.9388
1.9932
1.8699
1.9260
1.8499
2.1047
2.1103
1.9697
2.0440
1.9151
1.8522
1.8798
1.8935
1.8086
1.8481
1.8657
1.9315
1.8318
1.7952
1.7608
1.8985
1.8879
1.9517
1.9386
1.9629
2.1070
1.9221
1.8133
1.8527
2.1058
1.9471
2.0207
2.0012
2.1034
1.9696
1.9375
2.0019
2.0492
1.9006
2.0803
2.0434
2.0775
1.9134
2.0474
2.0145
2.1823
2.0683
2.1752
2.2034
2.1921
2.0828
2.2109
2.1499
2.1561
2.0931
2.0234
2.0675
2.1259
2.0584
1.9186
2.1561
2.0836
2.0437
2.1440
1.9607
1.9229
1.8527
1.9351
2.0438
2.0297
2.0990
1.9972
1.9746
2.0959
2.0187
1.9892
2.0242
2.0198
2.0431
2.0925
1.9978
2.0356
2.0220
2.0118
2.0923
2.1786
1.9988
1.9345
1.9126
1.9965
1.9650
1.9587
2.1112
2.1273
2.0416
2.0172
1.8990
2.0775
1.9788
1.8999
2.0035
2.1089
2.0559
1.9235
1.9522
1.9861
2.0231
2.0614
1.9866
1.9815
2.0916
2.0685
2.0559
2.0081
1.9605
1.9629
2.0280
1.9578
2.1713
1.9642
1.9291
1.9056
1.9117
1.9743
2.0374
1.9419
1.9615
1.9337
1.8923
2.0140
1.8732
1.9549
2.0262
1.9485
1.8196
2.0060
2.0620
2.0279
1.9911
1.9780
1.9690
1.9976
1.9545
1.9440
1.9659
1.9969
1.8828
2.0036
1.9948
2.0152
1.9415
1.9873
1.9635
2.0888
2.0940
2.1835
2.0923
2.0194
2.0479
2.1019
2.0439
2.2763
2.0462
2.0484
2.0432
1.9839
2.0561
1.9745
2.0722
2.0381
2.1145
2.0398
2.0014
2.0466
2.0048
2.0308
1.8610
1.9197
1.9918
2.0988
2.1417
2.1426
2.0110
2.1208
2.0266
2.0487
2.1214
2.1435
2.0460
2.0691
2.0002
2.0800
2.0726
2.0054
2.0725
2.0060
2.1274
1.9552
2.0732
2.1118
1.9374
2.0280
1.9703
2.0397
2.0645
2.0578
1.9553
1.9487
1.9698
1.9389
1.9768
2.0360
2.0008
2.0379
1.9877
2.0272
1.9093
1.8669
2.0371
2.0230
1.9481
2.0694
2.1189
2.0405
2.1573
2.1038
1.9911
2.0059
2.0386
2.0922
2.1612
2.0657
2.0985
2.1465
2.2710
2.3530
2.2574
2.2353
2.4850
2.3471
2.2965
2.1582
2.2198
2.0444
2.0935
2.0043
1.9700
2.0265
2.0120
2.0912
2.0214
2.1290
2.1951
2.3400
2.1346
2.1474
2.2328
2.2092
2.1740
2.2669
2.1119
2.1229
2.0621
2.1528
2.1108
2.1273
2.1137
1.9418
1.9279
2.0912
1.9772
2.0924
2.2671
2.0431
1.9809
1.9819
2.0325
1.9298
1.9684
1.9905
2.2539
2.1297
2.0726
2.1297
2.0742
1.9907
2.1023
2.0511
1.9909
2.0469
2.0907
2.1269
2.1670
2.1252
2.0554
2.1463
2.1355
2.1505
2.0791
2.2793
2.0378
2.0868
2.1147
2.2070
2.0884
2.1912
2.1852
2.1748
2.1316
2.2719
2.2027
2.2274
2.2945
2.0833
2.2173
2.2073
2.0076
2.1418
2.2914
2.1833
2.1716
2.1075
2.0535
2.0983
2.2140
2.1792
2.1031
2.1271
2.2269
2.1216
2.0109
1.9849
2.0638
2.1414
2.1254
2.0989
2.2373
2.1555
2.2709
2.1259
2.2249
2.1788
2.1019
1.9812
1.9645
2.0290
1.9807
2.0081
2.1166
2.0913
2.1882
2.1444
2.1476
2.1956
2.2364
2.1799
2.0941
2.0893
1.9975
2.0545
2.0391
1.9450
2.0358
2.0094
2.0213
1.9896
2.0713
1.9684
2.0662
2.0861
2.1389
2.0778
2.2020
2.1902
2.1456
2.1498
2.1092
2.1175
2.2147
2.1966
2.1537
2.1038
2.1114
2.0000
2.1957
2.1533
1.9458
2.0775
2.0831
1.9781
2.1280
2.0060
1.9334
2.0211
2.0651
2.0556
2.0459
2.1531
2.0505
2.1916
2.1457
2.1302
1.9524
1.9953
2.0021
2.0658
2.1311
2.0571
1.9416
2.0187
1.9460
2.0089
1.8853
2.0607
2.1699
2.0708
2.0322
2.1003
2.1335
1.9999
2.1005
2.1195
2.1411
2.2262
1.9579
2.0976
2.0939
2.0531
1.9014
2.0096
2.1213
2.1197
2.0994
2.0495
2.2184
2.1092
2.1883
2.1369
2.0598
1.9801
1.9995
2.0132
1.9943
1.9120
2.0771
1.9528
2.1637
1.9791
1.9520
1.9522
1.9346
2.0566
2.0481
2.0929
2.0646
2.0226
1.9906
2.0083
1.9520
2.1350
2.0241
2.0598
2.0217
2.0928
2.0268
2.1314
2.0221
2.1379
2.0169
2.0675
1.8981
1.9873
1.9990
2.0154
2.0949
2.1203
2.1019
2.1354
2.1167
2.2030
2.0640
2.0312
2.0153
2.0295
2.0715
2.2051
2.1564
2.0185
2.1180
2.0136
2.0097
1.9903
2.0792
2.0341
2.1079
2.1088
2.0052
2.0882
2.0154
2.0077
1.9985
2.0687
2.0369
2.0815
2.1151
2.0094
2.0303
2.2023
2.1303
2.0716
2.0463
1.9553
1.8753
1.9566
1.9714
2.0148
2.0090
2.0728
2.0539
2.1314
2.0124
2.0585
2.0716
2.0380
1.9946
2.1438
2.1212
2.1870
1.9192
1.9453
1.9471
1.9327
1.9526
2.0091
1.9437
2.0212
2.0016
1.9252
2.0346
2.1359
1.9840
2.0780
2.0191
2.0694
2.0608
2.0055
2.0856
2.0551
2.0300
1.9733
2.0524
2.0738
2.0350
2.1261
2.0232
2.0265
2.2100
2.0102
2.0559
2.0004
1.9985
2.1203
2.0610
1.9781
2.0283
2.0977
2.0034
2.0430
2.1134
2.1550
2.0331
2.0628
2.0543
2.1340
2.0384
2.0709
1.9867
2.0876
2.0805
2.0671
2.1347
2.0226
2.1830
2.1989
2.1401
2.0975
2.0423
2.2687
2.1234
2.0195
2.0508
2.0753
2.0100
2.1546
1.9305
2.0337
2.0972
1.9645
2.0751
2.0871
2.0756
1.9563
2.0118
1.9913
2.0326
2.1306
2.1192
1.9495
2.0808
2.1349
2.0485
1.9821
1.9561
2.0932
2.1329
2.1366
2.0449
2.2260
2.0852
2.1703
2.1427
1.9625
1.9788
2.1017
2.0723
2.0722
2.0491
2.1303
2.2127
2.1454
2.1077
2.0717
2.1022
2.1567
2.0437
2.1000
2.0545
2.0834
2.0440
2.0261
2.0476
2.1287
2.0253
2.0831
2.1796
2.2059
2.2221
2.1479
2.1168
1.9945
2.1302
2.1474
2.0709
2.1612
2.2115
2.1597
2.0796
2.0267
2.0692
1.9914
2.0267
2.0365
1.9599
1.9541
2.0938
2.1334
2.1039
2.0987
1.9646
1.9520
2.0317
2.1252
2.1331
2.2195
2.2134
2.2019
2.0144
2.0442
2.0133
2.2145
2.2016
2.1478
1.9909
2.0232
2.0983
2.0783
1.8074
1.9883
2.0768
2.0862
2.0922
1.9331
2.0119
2.0608
1.9907
2.0326
1.9743
2.0688
2.0160
2.0226
2.0610
1.9012
2.0556
1.9443
2.0185
1.9718
1.9217
1.9581
1.9082
2.1616
2.1287
2.1141
2.1133
1.9833
2.1001
1.9652
2.0653
2.0955
2.0318
1.9738
1.9869
2.0507
2.0493
2.0275
2.1526
2.0814
2.1395
2.1130
2.1614
2.1498
2.2788
2.0410
2.1643
2.2290
2.2668
2.2419
2.1322
2.1761
2.1188
2.1368
2.0811
2.1534
2.0916
2.0782
2.0682
2.1561
2.0659
2.0892
2.0018
2.0471
2.0508
2.0135
2.2316
2.3019
2.1562
2.1998
2.1692
2.1312
2.2465
2.1387
2.1269
2.1477
2.1681
2.2403
2.3495
2.3554
2.1820
2.3213
2.3149
2.0703
2.1212
2.2595
2.2917
2.1639
2.1913
2.3590
2.1481
2.4280
2.3312
2.2404
2.1267
2.3100
2.3701
2.4247
2.5252
2.7523
2.4671
2.2629
2.2676
2.3991
2.4182
2.4571
2.3488
2.3810
2.3706
2.4229
2.2768
2.3330
2.4046
2.2628
2.2523
2.3072
2.3640
2.4196
2.3018
2.2816
2.4514
2.2936
2.2972
2.4033
2.3236
2.4522
2.4760
2.3954
2.4268
2.3708
2.3485
2.5102
2.5052
2.6309
2.5698
2.4676
2.4397
2.2896
2.4054
2.5540
2.4629
2.3299
2.3441
2.3893
2.4006
2.3948
2.4226
2.3815
2.2077
2.2143
2.2025
2.2568
2.4673
2.2767
2.3075
2.4140
2.2989
2.4849
2.4115
2.4173
2.5241
2.4108
2.2756
2.3695
2.4080
2.5472
2.4767
2.6982
2.4522
2.5359
2.5170
2.6607
2.5282
2.5460
2.4315
2.5003
2.6430
2.5524
2.5546
2.5374
2.4168
2.3813
2.3344
2.3903
2.3544
2.4940
2.3799
2.4785
2.3205
2.4575
2.3161
2.2897
2.5721
2.4643
2.5408
2.3584
2.3706
2.4225
2.3237
2.4700
2.5333
2.3121
2.4783
2.3982
2.4321
2.4843
2.3147
2.6297
2.4651
2.4245
2.3914
2.3787
2.2480
2.2232
2.3634
2.2983
2.2398
2.3314
2.3934
2.2832
2.3746
2.2408
2.2458
2.4222
2.4955
2.5012
2.4379
2.3431
2.4215
2.4290
2.5453
2.4823
2.3978
2.2850
2.7477
2.5306
2.5599
2.3640
2.2267
2.1521
2.4448
2.4970
2.4302
2.4442
2.3450
2.3403
2.3454
2.3552
2.5374
2.5262
2.5524
2.5199
2.2267
2.3701
2.4542
2.5702
2.4139
2.3947
2.3963
2.3278
2.3099
2.3096
2.4114
2.3804
2.4373
2.3263
2.3684
2.2771
2.2364
2.1879
2.1912
2.2927
2.4039
2.4440
2.3676
2.4947
2.5016
2.3808
2.2187
2.3250
2.3585
2.3267
2.3217
2.2141
2.2470
2.3372
2.2846
2.4169
2.4060
2.2896
2.3273
2.4739
2.4081
2.3924
2.3354
2.5344
2.4057
2.3949
2.5716
2.5075
2.4048
2.5477
2.3538
2.3322
2.4503
2.4759
2.4833
2.3590
2.4022
2.3641
2.3438
2.3929
2.3874
2.1598
2.3766
2.3526
2.2283
2.3384
2.4109
2.5335
2.4697
2.4335
2.4262
2.5011
2.4044
2.4693
2.4724
2.4059
2.4287
2.3287
2.3862
2.2297
2.2678
2.2644
2.2572
2.1907
2.2553
2.5023
2.3054
2.3003
2.3819
2.4116
2.6046
2.3439
2.3953
2.2947
2.4988
2.3523
2.2193
2.4206
2.2179
2.4007
2.2900
2.4310
2.4349
2.3874
2.3766
2.4839
2.4413
2.2754
2.2920
2.5391
2.4321
2.3325
2.2761
2.1685
2.3947
2.3578
2.2391
2.2890
2.2579
2.4083
2.4276
2.4029
2.4578
2.3083
2.3354
2.4032
2.5052
2.4812
2.5364
2.4971
2.4920
2.3740
2.3667
2.6386
2.5946
2.4721
2.3999
2.5779
2.5986
2.3976
2.3771
2.3854
2.3290
2.2914
2.3030
2.3219
2.3279
2.3978
2.3451
2.4184
2.5311
2.2620
2.3583
2.4412
2.3461
2.3510
2.3548
2.4158
2.3102
2.2686
2.4131
2.3366
2.3022
2.2873
2.3146
2.2321
2.3348
2.3282
2.3313
2.2974
2.3165
2.4535
2.3364
2.3160
2.3759
2.4407
2.4252
2.5741
2.4289
2.3550
2.3617
2.3563
2.3574
2.3771
2.2697
2.2853
2.3595
2.3154
2.4143
2.3718
2.3955
2.3396
2.2345
2.2686
2.2487
2.2352
2.2987
2.2730
2.2164
2.2544
2.2412
2.1895
2.2719
2.1403
2.1678
2.1533
2.3912
2.3315
2.2361
2.3324
2.2946
2.3116
2.3567
2.1968
2.3557
2.2580
2.2063
2.2629
2.1374
2.3344
2.3303
2.3498
2.2565
2.3137
2.2197
2.4889
2.3695
2.6341
2.4956
2.4729
2.2958
2.3917
2.3533
2.2166
2.2088
2.3065
2.3980
2.4633
2.5646
2.4772
2.4601
2.3926
2.4106
2.4104
2.3978
2.3430
2.4071
2.3970
2.3811
2.4637
2.3845
2.2100
2.3489
2.4289
2.4566
2.4661
2.3570
2.5867
2.3806
2.4676
2.4634
2.4511
2.3784
2.5104
2.5997
2.4655
2.5652
2.5572
2.5861
2.5496
2.5720
2.4955
2.4254
2.2661
2.5726
2.6880
2.5331
2.4002
2.3796
2.3351
2.4112
2.4896
2.3348
2.4857
2.2432
2.3446
2.4632
2.5398
2.2458
2.5040
2.5218
2.3919
2.2981
2.5380
2.4328
2.5852
2.4272
2.4889
2.5094
2.6643
2.4483
2.6553
2.5879
2.7201
2.6251
2.2970
2.6550
2.7276
2.5195
2.5872
2.5482
2.6422
2.6383
2.5244
2.3753
2.4361
2.4593
2.2240
2.3233
2.2934
2.4075
2.4632
2.4382
2.5065
2.4261
2.4720
2.3809
2.5041
2.5839
2.5468
2.5955
2.6000
2.4888
2.5401
2.4386
2.4121
2.5457
2.4826
2.5090
2.3046
2.3506
2.4833
2.5226
2.3952
2.3581
2.4544
2.5077
2.5043
2.5046
2.4106
2.5248
2.4571
2.5317
2.3751
2.4899
2.5728
2.5913
2.6243
2.6161
2.3313
2.2756
2.3892
2.2106
2.4100
2.3364
2.3857
2.4643
2.3804
2.5623
2.5234
2.5106
2.4662
2.4854
2.5833
2.4835
2.6026
2.3743
2.6109
2.5271
2.4547
2.4538
2.6050
2.5281
2.6575
2.5191
2.5462
2.4765
2.4934
2.4472
2.5759
2.5156
2.7119
2.3663
2.4713
2.5435
2.5351
2.5056
2.5261
2.5391
2.5272
2.5089
2.4794
2.5236
2.4616
2.3573
2.3597
2.3864
2.2882
2.2789
2.4385
2.3702
2.4898
2.4060
2.4953
2.4207
2.4230
2.3152
2.3672
2.4124
2.3400
2.4099
2.4382
2.2998
2.3611
2.2571
2.4438
2.4617
2.4488
2.4241
2.3809
2.5215
2.5213
2.5203
2.4366
2.4947
2.4471
2.4856
2.4280
2.7550
2.6618
2.4494
2.3604
2.4915
2.5653
2.5231
2.5700
2.4376
2.5617
2.4579
2.5458
2.5268
2.6087
2.7031
2.4023
2.5437
2.6394
2.5841
2.5089
2.5914
2.4405
2.5442
2.3922
2.6479
2.5648
2.5560
2.5879
2.5140
2.5754
2.9057
2.6209
2.7111
2.5018
2.4874
2.4875
2.4399
2.5758
2.4219
2.3795
2.3867
2.3722
2.3936
2.3234
2.5570
2.5230
2.5738
2.4409
2.4217
2.4555
2.4723
2.3781
2.4470
2.3586
2.5203
2.5145
2.4062
2.3055
2.3614
2.4968
2.4326
2.3479
2.3426
2.3557
2.2507
2.3131
2.2419
2.2874
2.3156
2.3088
2.2937
2.4048
2.4492
2.4077
2.4848
2.4373
2.4401
2.2072
2.3914
2.4306
2.4542
2.6016
2.4654
2.6361
2.4001
2.4790
2.5913
2.4844
2.4110
2.5841
2.4622
2.5447
2.4154
2.4897
2.5050
2.3910
2.3325
2.4458
2.4056
2.2959
2.2978
2.3914
2.2987
2.2042
2.3618
2.3443
2.3156
2.2153
2.2699
2.3716
2.5201
2.4782
2.3157
2.4143
2.3345
2.2927
2.4697
2.3932
2.4472
2.5065
2.4043
2.4854
2.6733
2.6683
2.7972
2.6792
2.6385
2.6094
2.3067
2.5277
2.4860
2.1586
2.1717
2.1824
2.2789
2.2981
2.3946
2.3223
2.4252
2.4146
2.2804
2.2949
2.3270
2.5041
2.4149
2.3001
2.2364
2.2482
2.2444
2.3331
2.4553
2.3368
2.3283
2.3407
2.3321
2.2205
2.0942
2.2412
2.2245
2.3612
2.4345
2.3835
2.3436
2.3366
2.3058
2.4164
2.4497
2.4966
2.4082
2.5621
2.3952
2.3994
2.4701
2.4801
2.6408
2.6035
2.5854
2.4908
2.5836
2.5009
2.7122
2.5412
2.5195
2.5176
2.5238
2.5036
2.5031
2.4928
2.4788
2.4382
2.3381
2.2248
2.3097
2.3685
2.6317
2.6230
2.3409
2.4206
2.4430
2.4209
2.4556
2.3167
2.2783
2.3941
2.5263
2.5195
2.2933
2.4282
2.4814
2.3024
2.3745
2.3904
2.3815
2.2988
2.3951
2.3494
2.2356
2.1108
2.2806
2.3374
2.2696
2.2404
2.2054
2.3960
2.2755
2.3201
2.4593
2.4548
2.4166
2.4841
2.4343
2.4670
2.5557
2.5468
2.5166
2.5107
2.4503
2.2025
2.2067
2.2591
2.1864
2.3406
2.2724
2.2013
2.3193
2.3292
2.1918
2.1073
2.1926
2.2231
2.1635
2.1174
2.1278
2.4237
2.3499
2.3060
2.3377
2.2412
2.3400
2.3649
2.3146
2.2814
2.2282
2.3518
2.3198
2.4908
2.5564
2.4830
2.4745
2.4010
2.3034
2.2804
2.2776
2.3269
2.1867
2.3471
2.3716
2.4719
2.4457
2.3888
2.3148
2.3272
2.3808
2.2780
2.3344
2.3131
2.2932
2.4156
2.3929
2.4627
2.5805
2.5564
2.5017
2.7015
2.5890
2.7588
2.7985
2.6488
2.7219
2.7529
2.7812
2.6225
2.5020
2.4614
2.4558
2.4358
2.3601
2.4391
2.3443
2.2767
2.5205
2.4353
2.5423
2.4056
2.4016
2.3928
2.4061
2.3793
2.4355
2.3181
2.3797
2.4217
2.3431
2.2890
2.2495
2.2821
2.2650
2.3681
2.2723
2.3809
2.4609
2.3924
2.3363
2.4423
2.3718
2.5042
2.2564
2.4381
2.4605
2.4198
2.5017
2.4438
2.2487
2.4707
2.3801
2.3427
2.4385
2.4768
2.3340
2.3325
2.3244
2.1846
2.2105
2.3067
2.3343
2.3519
2.4808
2.3534
2.3890
2.4920
2.4744
2.3482
2.4078
2.3076
2.3818
2.2901
2.3042
2.3119
2.3183
2.3114
2.3184
2.3412
2.2389
2.3172
2.3318
2.2879
2.3569
2.2545
2.3136
2.4990
2.5330
2.4482
2.3576
2.5172
2.5121
2.3761
2.4283
2.4434
2.4215
2.4273
2.5267
2.5465
2.4439
2.3131
2.4593
2.5274
2.5359
2.5823
2.5722
2.5294
2.4753
2.4895
2.3700
2.3030
2.3492
2.3116
2.4404
2.4552
2.3181
2.3681
2.3687
2.3109
2.4465
2.3506
2.4236
2.3387
2.3577
2.3847
2.4111
2.3877
2.3508
2.3859
2.2761
2.3211
2.2716
2.3179
2.3927
2.3948
2.4899
2.3433
2.3659
2.2860
2.2431
2.2409
2.2891
2.2149
2.3426
2.2743
2.3205
2.3776
2.4174
2.4027
2.3656
2.4078
2.3639
2.3457
2.2597
2.2453
2.2441
2.2418
2.1980
2.2699
2.3116
2.3604
2.3583
2.4470
2.3846
2.3061
2.2784
2.4865
2.3805
2.3333
2.2648
2.2807
2.4540
2.6522
2.4195
2.3129
2.3568
2.4175
2.4230
2.5306
2.4580
2.5104
2.6030
2.4374
2.5171
2.4196
2.4578
2.2585
2.3240
2.4676
2.3615
2.3259
2.3114
2.4572
2.2379
2.1880
2.3437
2.3627
2.4085
2.4028
2.5363
2.3367
2.4536
2.4481
2.3968
2.5974
2.6202
2.5564
2.5113
2.4732
2.4138
2.4964
2.5114
2.4752
2.3934
2.2737
2.2360
2.2799
2.4276
2.4914
2.4171
2.4264
2.4294
2.4036
2.2988
2.3548
2.2630
2.3507
2.3943
2.3545
2.4093
2.3330
2.3362
2.5194
2.3736
2.4265
2.2795
2.4316
2.3604
2.3697
2.4394
2.6561
2.5312
2.4264
2.4304
2.4655
2.4174
2.3923
2.4458
2.4071
2.3446
2.4162
2.3785
2.1785
2.2778
2.4076
2.2629
2.2371
2.2976
2.2100
2.1663
2.2513
2.1785
2.3231
2.3125
2.4211
2.3268
2.3546
2.4290
2.2405
2.1997
2.1614
2.1460
2.2199
2.3576
2.1572
2.2699
2.3364
2.1746
2.1069
2.0522
2.0973
2.2356
2.1727
2.2564
2.3910
2.3170
2.2207
2.2394
2.2645
2.3166
2.4226
2.3227
2.2009
2.2010
2.3517
2.1947
2.1578
2.2836
2.1213
2.2867
2.2639
2.3199
2.3222
2.2973
2.3133
2.2130
2.2236
2.2777
2.2898
2.2745
2.1218
2.2324
2.2061
2.2192
2.0737
2.1281
2.2134
2.2824
2.1177
2.1308
2.2335
2.0294
2.2706
2.1200
2.2659
2.2272
2.1168
2.2573
2.2671
2.2362
2.1697
2.3101
2.4185
2.2529
2.4018
2.3921
2.4486
2.4044
2.3307
2.3034
2.2832
2.4294
2.3897
2.2581
2.3226
2.4543
2.2911
2.3515
2.3346
2.2793
2.2486
2.2957
2.3846
2.4074
2.2527
2.2456
2.2196
2.4250
2.3416
2.3755
2.3742
2.3064
2.2913
2.3127
2.4851
2.4088
2.4708
2.2886
2.4838
2.4407
2.3400
2.3136
2.3884
2.2923
2.4016
2.4816
2.3866
2.2447
2.4022
2.2510
2.3478
2.3801
2.2672
2.3606
2.4335
2.2944
2.3412
2.3391
2.4526
2.3409
2.3847
2.3879
2.3563
2.2942
2.3569
2.3578
2.2203
2.2645
2.2208
2.3305
2.4158
2.3503
2.4623
2.3740
2.3806
2.1860
2.3013
2.3939
2.3120
2.4437
2.3425
2.3328
2.3865
2.3470
2.3844
2.4419
2.3381
2.2819
2.0668
2.5211
2.3503
2.3698
2.3024
2.2212
2.3111
2.2050
2.3561
2.3170
2.4208
2.2783
2.2149
2.2258
2.2540
2.3542
2.3723
2.3108
2.3573
2.2943
2.2057
2.2577
2.1966
2.1355
2.1982
2.2547
2.2149
2.3211
2.2828
2.2545
2.2597
2.3715
2.4147
2.3450
2.2306
2.2569
2.3092
2.4097
2.3381
2.4205
2.3168
2.3913
2.2404
2.3240
2.5134
2.3033
2.3756
2.3838
2.3730
2.4132
2.4188
2.3480
2.3291
2.6400
2.5293
2.5829
2.5759
2.4476
2.5041
2.4089
2.2964
2.3215
2.4735
2.4888
2.3910
2.4313
2.5553
2.4281
2.4854
2.1928
2.3127
2.4695
2.4180
2.3754
2.4026
2.3768
2.3145
2.4244
2.5013
2.4775
2.5107
2.5146
2.3797
2.3840
2.4047
2.4027
2.4264
2.4357
2.3972
2.4135
2.4374
2.4097
2.4144
2.3931
2.4146
2.3637
2.3248
2.2606
2.4079
2.3626
2.4638
2.6750
2.6231
2.3466
2.4496
2.4489
2.5203
2.4447
2.3931
2.3166
2.4401
2.4558
2.5186
2.2908
2.4164
2.3894
2.3152
2.3789
2.5458
2.4363
2.4314
2.4445
2.3329
2.2197
2.3039
2.2292
2.2256
2.2047
2.2059
2.3758
2.5292
2.2039
2.2965
2.3795
2.2836
2.2271
2.2308
2.4024
2.2680
2.5465
2.4393
2.3503
2.3450
2.3542
2.3766
2.3269
2.3025
2.2958
2.3393
2.3184
2.3094
2.4199
2.3334
2.3293
2.3135
2.2696
2.2892
2.2004
2.2581
2.2116
2.2852
2.3174
2.3192
2.3628
2.3136
2.3367
2.2905
2.3057
2.3068
2.3300
2.3648
2.3570
2.3961
2.3697
2.3584
2.4791
2.3395
2.4069
2.4450
2.3832
2.4043
2.3581
2.4326
2.4271
2.4713
2.3087
2.4843
2.4028
2.3261
2.3930
2.3468
2.4109
2.3865
2.4706
2.4497
2.4140
2.4474
2.4837
2.4426
2.4818
2.4007
2.3877
2.4207
2.4076
2.3666
2.4799
2.3624
2.3893
2.3486
2.4362
2.4666
2.4632
2.4435
2.4579
2.3597
2.3806
2.2797
2.4075
2.4036
2.4033
2.4389
2.4245
2.4996
2.5043
2.3532
2.4461
2.4721
2.4861
2.4932
2.4317
2.3806
2.4635
2.5230
2.5629
2.5463
2.4102
2.5602
2.4523
2.4094
2.4726
2.4451
2.4725
2.3955
2.4046
2.4678
2.5355
2.3910
2.5235
2.4770
2.4762
2.3938
2.3964
2.4324
2.3863
2.4692
2.4059
2.4091
2.3288
2.4535
2.5051
2.3541
2.5128
2.6264
2.6462
2.3518
2.3754
2.5042
2.5044
2.5928
2.3293
2.2580
2.2714
2.4553
2.2613
2.3049
2.4059
2.3339
2.2803
2.3450
2.2760
2.4741
2.4252
2.4023
2.3134
2.4520
2.5160
2.5161
2.4982
2.3622
2.5460
2.4872
2.4089
2.4723
2.4573
2.4186
2.4445
2.3386
2.3240
2.3620
2.3137
2.3302
2.3758
2.3961
2.3283
2.2988
2.4719
2.3988
2.4743
2.5417
2.4124
2.3855
2.4464
2.4480
2.3804
2.4412
2.4571
2.3910
2.3821
2.4064
2.5027
2.4713
2.4531
2.6385
2.4641
2.5131
2.6820
2.5202
2.6493
2.5357
2.2926
2.3915
2.4026
2.3298
2.4497
2.3231
2.3306
2.2995
2.3157
2.3938
2.3797
2.4085
2.4433
2.4094
2.4439
2.4658
2.5150
2.4491
2.4564
2.6466
2.5514
2.5374
2.4828
2.3798
2.2910
2.2727
2.3103
2.3395
2.3761
2.3606
2.4194
2.4057
2.3774
2.4428
2.3933
2.4798
2.3544
2.3129
2.4692
2.4350
2.5712
2.3632
2.4859
2.3332
2.5196
2.4400
2.3628
2.5012
2.4187
2.3529
2.4133
2.4785
2.4241
2.3200
2.4530
2.3530
2.5373
2.3125
2.4273
2.4410
2.4933
2.4123
2.5341
2.5510
2.5450
2.4465
2.6276
2.6260
2.6807
2.3659
2.6087
2.6973
2.4625
2.4810
2.6515
2.5403
2.4922
2.3398
2.3304
2.5670
2.2836
2.3664
2.3889
2.2777
2.3426
2.3664
2.4071
2.3058
2.4630
2.4272
2.6121
2.6120
2.5533
2.4756
2.3253
2.3493
2.4591
2.4999
2.4171
2.4195
2.3954
2.3417
2.3506
2.5994
2.4429
2.5014
2.4666
2.5983
2.6855
2.5976
2.4529
2.5967
2.5817
2.5387
2.6144
2.6357
2.5011
2.4969
2.5046
2.2805
2.2035
2.3288
2.3409
2.4305
2.4573
2.4097
2.3366
2.4834
2.4272
2.3665
2.3948
2.3872
2.4451
2.2826
2.3505
2.3189
2.5568
2.6926
2.4515
2.4869
2.5633
2.5200
2.4554
2.5837
2.4115
2.5780
2.5930
2.4547
2.5076
2.4471
2.5648
2.3305
2.5152
2.4997
2.4524
2.5831
2.5755
2.4963
2.5294
2.5340
2.5004
2.6269
2.7215
2.5261
2.4718
2.4452
2.5094
2.4776
2.5093
2.4389
2.5413
2.4617
2.4811
2.4025
2.5438
2.6211
2.5212
2.5019
2.5884
2.5155
2.3718
2.5201
2.5698
2.5427
2.4856
2.4573
2.4575
2.4981
2.5727
2.5599
2.6233
2.6096
2.4855
2.6091
2.5985
2.6342
2.3998
2.4894
2.4826
2.5622
2.7101
2.5001
2.6420
2.6961
2.5357
2.5367
2.6036
2.5894
2.4774
2.4678
2.4822
2.3987
2.4395
2.3406
2.4123
2.3373
2.4734
2.4433
2.5086
2.2809
2.3988
2.4025
2.2966
2.2124
2.3517
2.4758
2.5100
2.6017
2.2174
2.4772
2.5273
2.4986
2.4409
2.5479
2.4466
2.5621
2.5392
2.6031
2.6297
2.6855
2.7007
2.4341
2.3892
2.3666
2.4913
2.2242
2.2139
2.3610
2.5499
2.4133
2.4501
2.2952
2.4057
2.5094
2.3892
2.3420
2.4489
2.3878
2.5058
2.6434
2.2976
2.3881
2.3697
2.4621
2.3378
2.3750
2.2825
2.3060
2.5613
2.4047
2.4908
2.5395
2.5108
2.5127
2.4959
2.6492
2.6115
2.5767
2.5143
2.4859
2.3245
2.4919
2.3748
2.3702
2.3599
2.4285
2.2465
2.3939
2.4726
2.5770
2.6224
2.4841
2.4489
2.5650
2.6332
2.3899
2.5019
2.4845
2.4146
2.4224
2.6293
2.3797
2.4592
2.4366
2.4059
2.2699
2.4228
2.2412
2.2414
2.6190
2.3412
2.5783
2.4501
2.3977
2.4162
2.3259
2.4838
2.3760
2.3805
2.5051
2.3721
2.3272
2.4059
2.3534
2.2269
2.2137
2.2561
2.2735
2.2204
2.2117
2.3155
2.4113
2.2551
2.0673
2.1269
2.1795
2.2938
2.1554
2.2753
2.2341
2.1860
2.1080
2.3367
2.2045
2.2322
2.2390
2.3627
2.2593
2.3855
2.4829
2.4241
2.4228
2.5120
2.4981
2.4085
2.3441
2.3351
2.3056
2.3503
2.2719
2.0564
2.1215
2.1705
2.2132
2.4208
2.4872
2.3220
2.2430
2.2952
2.4415
2.4350
2.7096
2.7116
2.5647
2.4386
2.5278
2.4345
2.2442
2.2301
2.4755
2.4072
2.2998
2.2133
2.3882
2.2379
2.3198
2.3223
2.5338
2.2702
2.1544
2.2229
2.3077
2.2150
2.3024
2.2419
2.3698
2.1271
2.0749
2.1399
2.0044
1.9758
2.1692
2.1865
2.1518
2.3458
2.2593
2.2219
2.2245
2.2239
2.2657
2.2933
2.4385
2.3994
2.2489
2.2541
2.5451
2.5139
2.3943
2.4205
2.2649
2.2868
2.3512
2.3868
2.4815
2.3147
2.3180
2.5016
2.3993
2.3252
2.4347
2.3638
2.5101
2.4152
2.3047
2.3758
2.3858
2.4142
2.2529
2.2752
2.2944
2.3478
2.3287
2.2267
2.2936
2.3628
2.3055
2.3839
2.4078
2.3298
2.3486
2.6129
2.4294
2.4321
2.3506
2.3302
2.3845
2.4589
2.4067
2.4996
2.4284
2.3656
2.3002
2.3971
2.3889
2.4820
2.4289
2.4204
2.3987
2.5440
2.4287
2.3500
2.3289
2.3508
2.3580
2.4109
2.2683
2.2940
2.3877
2.3026
2.3379
2.2911
2.4889
2.4210
2.5451
2.3628
2.4059
2.4001
2.3380
2.5317
2.4230
2.5401
2.3972
2.3347
2.3583
2.2809
2.2569
2.2347
2.2995
2.4463
2.2689
2.1807
2.1343
2.4533
2.3799
2.3750
2.4201
2.4929
2.4155
2.3842
2.5303
2.5743
2.4323
2.4421
2.2836
2.3577
2.3457
2.3243
2.4209
2.3449
2.3882
2.3981
2.3868
2.5129
2.3305
2.2840
2.2451
2.2557
2.3306
2.1507
2.2037
2.1531
2.2052
2.3676
2.2297
2.1776
2.0869
2.3396
2.1960
2.1679
2.1419
2.1859
2.0644
2.0908
2.1994
2.1284
2.2426
2.1892
2.2147
2.0517
2.2767
2.1647
2.2724
2.3912
2.2491
2.3202
2.4607
2.5628
2.4684
2.4823
2.3053
2.2855
2.2893
2.2823
2.2837
2.2732
2.3572
2.3293
2.3037
2.4002
2.2294
2.3098
2.2311
2.1486
2.2126
2.1728
2.3658
2.3096
2.3515
2.3167
2.2354
2.4794
2.1835
2.3277
2.3852
2.3267
2.4618
2.3153
2.3494
2.4445
2.3778
2.4392
2.3690
2.2284
2.2849
2.3097
2.3223
2.3642
2.3292
2.2939
2.2469
2.2964
2.3101
2.4066
2.3408
2.3312
2.2809
2.3419
2.1894
2.1994
2.2564
2.3933
2.1838
2.2492
2.2251
2.2008
2.2511
2.1810
2.3719
2.2833
2.2541
2.2094
2.1442
2.2121
2.2567
2.1998
2.2168
2.2159
2.1706
2.1311
2.1712
2.1654
2.2372
2.2539
2.2087
2.0881
2.1702
2.2529
2.0658
2.1646
2.2487
2.1309
1.9845
2.0215
2.0397
2.0188
2.0134
2.0475
2.0692
2.0939
2.0553
2.1352
2.0216
2.1343
2.0938
2.1361
2.1833
2.1545
2.1866
2.1947
2.2517
2.1988
2.2786
2.1661
2.2720
2.2678
2.1920
2.1534
2.1513
2.1252
2.2019
2.1611
2.1342
2.1211
2.1518
2.0580
2.1023
2.1003
2.1410
2.1351
2.3315
2.2003
2.1652
2.1993
2.2341
2.2135
2.1351
2.2466
2.2729
2.1117
2.2167
2.2333
2.1949
2.2196
2.3180
2.2965
2.2246
2.2964
2.2965
2.3926
2.3196
2.3213
2.4534
2.2656
2.2141
2.3507
2.1896
2.2436
2.2490
2.2693
2.3556
2.2594
2.3628
2.2558
2.2260
2.2516
2.2095
2.2535
2.1436
2.1330
2.1545
2.4615
2.3074
2.2583
2.3283
2.3348
2.2411
2.1941
2.3647
2.4016
2.3860
2.4100
2.5010
2.6392
2.5519
2.3277
2.4335
2.4903
2.4020
2.4987
2.2927
2.4618
2.4145
2.3258
2.2609
2.2146
2.3022
2.2944
2.1707
2.3038
2.2743
2.3369
2.2587
2.1226
2.1531
2.2741
2.3202
2.3619
2.1769
2.2163
2.2622
2.2300
2.2671
2.2313
2.1806
2.1484
2.2705
2.1853
2.2619
2.2416
2.3857
2.3620
2.3965
2.3089
2.2700
2.2712
2.2691
2.2162
2.2996
2.2517
2.2801
2.3016
2.3928
2.3610
2.4085
2.4289
2.3704
2.4547
2.4824
2.3095
2.4367
2.3969
2.3912
2.3752
2.3112
2.2296
2.2963
2.1350
2.2177
2.3480
2.2920
2.2986
2.4192
2.3222
2.2073
2.4197
2.3549
2.2664
2.4524
2.3273
2.3220
2.3383
2.3450
2.4207
2.2215
2.1830
2.3514
2.3622
2.2632
2.2393
2.1380
2.2276
2.3421
2.3338
2.3399
2.3585
2.3927
2.3714
2.2587
2.4586
2.2295
2.3266
2.3650
2.3820
2.3331
2.3252
2.3438
2.4211
2.4523
2.3596
2.2492
2.1497
2.2074
2.3784
2.2706
2.0675
2.2045
2.3452
2.3151
2.2603
2.1164
2.4360
2.3120
2.4019
2.2921
2.2297
2.2458
2.1680
2.2064
2.1454
2.1012
2.1458
2.0887
2.1926
2.1746
2.1829
2.2519
2.3213
2.1597
2.2020
2.2587
2.1567
2.1890
2.0682
2.1968
2.0937
2.2045
2.2699
2.2047
2.1388
2.0614
2.2037
2.2150
2.2697
2.1408
2.1796
2.1439
2.1992
2.1745
2.1376
2.0849
2.2176
2.3123
1.9979
2.0695
2.2061
2.1687
2.2241
2.1655
2.2102
2.2327
2.2051
2.3709
2.2798
2.2665
2.1560
2.3170
2.2919
2.1761
2.2989
2.2198
2.2071
2.1866
2.3114
2.1142
2.1215
2.1562
2.1830
2.2449
2.2030
2.2060
2.1997
2.3676
2.1727
2.2064
2.1395
2.0335
2.1648
2.1146
2.3282
2.3874
2.2096
2.1143
2.2147
2.2817
2.2533
2.1578
2.3115
2.2377
2.4070
2.3123
2.2373
2.1452
2.1257
2.2052
2.2180
2.2326
2.1025
2.0755
2.0804
2.1947
2.2717
2.1050
2.2426
2.1926
2.3095
2.2963
2.1775
2.1470
2.2111
2.1240
2.1359
2.2247
2.2130
2.1206
2.2918
2.2821
2.2704
2.3114
2.2596
2.2115
2.1944
2.2756
2.3531
2.2768
2.2640
2.2184
2.2228
2.2006
2.2043
2.2435
2.2530
2.2093
2.2312
2.2669
2.2009
2.1635
2.2787
2.2748
2.1902
2.0968
2.0788
2.2186
2.1833
2.1652
2.2197
2.1185
2.1968
2.2959
2.2636
2.1600
2.2510
2.1603
2.1723
2.2357
2.3285
2.3403
2.2450
2.2041
2.2193
2.3096
2.2784
2.2241
2.2355
2.2472
2.1966
2.0591
2.1183
2.2066
2.2453
2.1654
2.3139
2.2732
2.0581
2.1170
2.2308
2.0869
2.1157
2.2698
2.1699
2.1932
2.2774
2.1196
2.2057
2.1958
2.1137
2.2290
2.1794
2.2497
2.2804
2.2592
2.2658
2.2859
2.2981
2.4146
2.3202
2.4548
2.3605
2.4268
2.2465
2.1826
2.2243
2.2393
2.2734
2.1455
2.1945
2.0598
2.1302
2.2116
2.1838
2.2459
2.2029
2.2312
2.2868
2.1887
2.2549
2.1896
2.0830
2.1768
2.2149
2.2535
2.1581
2.1208
2.0237
2.2041
2.3222
2.1940
2.0828
2.1818
2.1587
2.1013
2.0100
2.0433
2.1673
2.1844
2.1909
2.2502
2.3319
2.2990
2.3142
2.3087
2.2718
2.4134
2.2169
2.2044
2.3534
2.3955
2.3843
2.3138
2.4537
2.4559
2.3893
2.5171
2.5323
2.3214
2.3897
2.4117
2.3836
2.4918
2.4382
2.3350
2.2895
2.2825
2.2804
2.3632
2.1553
2.1435
2.2487
2.1689
2.2578
2.2750
2.3037
2.2119
2.2900
2.2810
2.4661
2.3474
2.2860
2.3146
2.2856
2.1612
2.2339
2.2700
2.1727
2.1258
2.2015
2.1013
2.1936
2.2842
2.2992
2.2529
2.0856
2.2721
2.2675
2.2426
2.2457
2.2420
2.2009
2.2173
2.2876
2.1667
2.2648
2.2502
2.3538
2.3827
2.2209
2.2280
2.3412
2.3451
2.3499
2.2919
2.2345
2.2075
2.3251
2.1453
2.1261
2.0795
2.1898
2.3076
2.2755
2.3065
2.4118
2.2838
2.3342
2.2995
2.4075
2.3622
2.2431
2.2319
2.2717
2.2340
2.1699
2.2220
2.2882
2.1482
2.2135
2.1398
2.2315
2.3197
2.1711
2.1960
2.2155
2.1162
2.2432
2.1960
2.2790
2.2071
2.1188
2.2293
2.1382
2.2533
2.2176
2.2180
2.1901
2.3185
2.2309
2.1817
2.2109
2.1157
2.2346
2.3040
2.3162
2.3446
2.4932
2.3655
2.3905
2.3894
2.3414
2.3702
2.3560
2.2596
2.3241
2.2031
2.1809
2.1736
2.2049
2.2566
2.2794
2.2484
2.2356
2.3143
2.4234
2.3839
2.4081
2.2748
2.4296
2.3923
2.3262
2.4008
2.2844
2.3170
2.2391
2.2862
2.3260
2.3747
2.3191
2.3004
2.2408
2.3240
2.2657
2.1000
2.2905
2.3278
2.2275
2.4219
2.3745
2.3557
2.2788
2.2190
2.4257
2.3819
2.3318
2.4288
2.5165
2.5308
2.4332
2.5224
2.4965
2.4215
2.4052
2.4917
2.4305
2.3740
2.3147
2.4655
2.4315
2.4331
2.3578
2.3697
2.3953
2.4030
2.3297
2.3094
2.3317
2.3450
2.3923
2.3889
2.3753
2.3895
2.4727
2.3201
2.3478
2.3738
2.4117
2.4092
2.3437
2.4751
2.3626
2.3317
2.2793
2.2995
2.1785
2.1333
2.2590
2.2153
2.2044
2.2379
2.2043
2.1932
2.2644
2.2452
2.1903
2.2606
2.2039
2.1776
2.3055
2.4426
2.2228
2.1705
2.1133
2.1599
2.2123
2.2353
2.1984
2.1944
2.1892
2.2588
2.2797
2.3310
2.4652
2.3735
2.3788
2.3282
2.4266
2.3401
2.2900
2.3106
2.3589
2.3126
2.2088
2.3107
2.2610
2.3782
2.4600
2.4088
2.3583
2.1994
2.3708
2.4001
2.3200
2.3405
2.1803
2.1932
2.2414
2.2886
2.3920
2.2807
2.3311
2.3689
2.2821
2.2359
2.2333
2.3168
2.3193
2.2206
2.3125
2.2693
2.2204
2.5031
2.2561
2.2493
2.3883
2.2210
2.2958
2.3336
2.3016
2.3088
2.2051
2.2399
2.2141
2.3081
2.3257
2.3985
2.3534
2.3829
2.2536
2.3176
2.3700
2.4218
2.2694
2.1882
2.3604
2.3610
2.3390
2.3305
2.4739
2.4376
2.4486
2.5416
2.2845
2.3452
2.4331
2.3411
2.4607
2.4855
2.3878
2.4052
2.4242
2.2737
2.3390
2.2566
2.4467
2.3387
2.4138
2.3933
2.3662
2.5250
2.4394
2.4683
2.4395
2.4353
2.5659
2.3932
2.4959
2.4750
2.5119
2.3712
2.4771
2.4046
2.4602
2.4258
2.3900
2.4088
2.3221
2.3326
2.3976
2.3788
2.4147
2.3986
2.3584
2.2967
2.2230
2.2189
2.3402
2.3043
2.3635
2.2259
2.2829
2.2881
2.2641
2.4122
2.3357
2.2758
2.2653
2.2578
2.3768
2.3584
2.3223
2.3347
2.4000
2.2993
2.3699
2.3574
2.3073
2.3502
2.2009
2.2607
2.3910
2.4061
2.2760
2.2886
2.4129
2.4457
2.5254
2.2898
2.3815
2.3070
2.4775
2.5483
2.5293
2.5499
2.4180
2.5347
2.3906
2.3412
2.3538
2.4339
2.2740
2.1316
2.1403
2.1759
2.1285
2.2141
2.2563
2.3196
2.3759
2.3716
2.4808
2.4939
2.3438
2.4428
2.3034
2.3146
2.4484
2.3470
2.5349
2.4344
2.3908
2.4848
2.3853
2.4066
2.5097
2.3831
2.4310
2.3880
2.3571
2.4872
2.4014
2.3895
2.5873
2.5144
2.4413
2.5964
2.5220
2.5026
2.4146
2.3837
2.4689
2.3679
2.3089
2.3360
2.3364
2.4334
2.3360
2.4244
2.4421
2.4787
2.5221
2.4283
2.4137
2.5522
2.4638
2.5224
2.4024
2.4898
2.5731
2.5602
2.4377
2.3902
2.2787
2.3108
2.4769
2.3931
2.3170
2.4448
2.3407
2.4449
2.4492
2.4532
2.4047
2.4370
2.2427
2.3003
2.2853
2.2168
2.4489
2.3115
2.2626
2.2372
2.3307
2.3985
2.2312
2.1738
2.2441
2.2830
2.1530
2.1316
2.2985
2.3597
2.3470
2.3164
2.3451
2.4658
2.4224
2.3926
2.3763
2.3428
2.5507
2.3534
2.4764
2.3367
2.2334
2.2283
2.3124
2.5090
2.2267
2.3236
2.3501
2.3085
2.5171
2.4088
2.2932
2.3919
2.2333
2.3532
2.1926
2.1488
2.3145
2.2591
2.2067
2.2346
2.2028
2.0836
2.1855
2.1722
2.2549
2.2070
2.2752
2.2071
2.2027
2.2604
2.2295
2.3680
2.2407
2.2986
2.2705
2.1848
2.3604
2.3389
2.3046
2.3326
2.2928
2.2084
2.2344
2.2429
2.2976
2.2539
2.2093
2.3317
2.3632
2.4564
2.1557
2.1614
2.2581
2.1364
2.2061
2.2333
2.1223
2.1257
2.2086
2.1232
2.1036
2.1990
2.2395
2.2661
2.1372
2.0356
2.1185
2.1225
2.0233
2.0468
2.0268
2.0326
2.0955
2.0019
2.0505
2.1441
2.2262
2.2307
2.1054
2.1926
2.1269
2.1917
2.2202
2.1800
2.1034
2.1416
2.3378
2.1513
2.2737
2.2497
2.1779
2.2343
2.1406
2.1489
2.1608
2.1271
2.2451
2.2592
2.2795
2.2486
2.1303
2.2935
2.3204
2.3294
2.2766
2.1981
2.2155
2.1769
2.2720
2.1423
2.0747
2.2751
2.1394
2.2857
2.1363
2.2596
2.2377
2.1633
2.1964
2.1528
2.1128
2.3247
2.1588
2.2036
2.2082
2.1317
2.0582
2.1476
2.1564
2.1387
2.1301
2.0303
2.1477
2.0973
2.0492
2.1013
2.1269
2.2060
2.1003
2.1135
2.0155
2.1371
2.1449
2.0480
2.0657
1.9703
2.0988
2.0663
2.1943
2.2253
2.3070
2.3036
2.3574
2.2892
2.3290
2.3319
2.2510
2.1854
2.1804
2.1480
2.0785
2.2315
2.2386
2.1483
2.2448
2.2102
2.1975
2.1933
2.2010
2.2067
2.1087
2.1566
2.1160
2.1983
2.1756
2.2852
2.2194
2.1946
2.1821
2.1581
2.2634
2.1700
2.2224
2.1867
2.1773
2.2247
2.2400
2.2207
2.0847
2.0015
2.0635
2.1562
2.2986
2.2397
2.0959
2.1435
2.1007
2.2075
2.0739
1.9541
2.1850
2.1164
2.1702
2.0793
2.2531
2.2606
2.2366
2.1724
2.2389
2.2682
2.3253
2.3322
2.3982
2.4730
2.2860
2.2803
2.3747
2.2809
2.2560
2.3217
2.2672
2.3807
2.3910
2.2786
2.2204
2.2316
2.2033
2.2645
2.2209
2.4147
2.2177
2.2654
2.2543
2.1524
2.2362
2.2035
2.2046
2.1620
2.2939
2.1790
2.1590
2.4596
2.4020
2.2785
2.2729
2.3233
2.3645
2.3236
2.3718
2.3811
2.3268
2.4377
2.3843
2.3513
2.3450
2.2925
2.1152
2.2122
2.3208
2.2934
2.2983
2.2167
2.2454
2.2702
2.2547
2.3199
2.2617
2.3471
2.2923
2.2796
2.1989
2.1552
2.3571
2.2360
2.1923
2.3521
2.3429
2.3093
2.3933
2.1766
2.2822
2.2512
2.2248
2.2160
2.2223
2.1219
2.1068
2.2069
2.0643
2.1311
2.1635
2.2764
2.1735
2.1083
2.2177
2.1113
2.2572
2.1313
2.2141
2.2095
2.1665
2.2434
2.2322
2.1693
2.1762
2.2671
2.3293
2.2428
2.2158
2.3174
2.1938
2.3147
2.2522
2.1980
2.1883
2.2100
2.2957
2.2836
2.3442
2.3664
2.3892
2.3629
2.3657
2.2797
2.3802
2.4475
2.3619
2.3424
2.4770
2.4435
2.5213
2.3724
2.4239
2.5014
2.3975
2.5116
2.4155
2.3668
2.3479
2.3817
2.3089
2.2477
2.3589
2.4143
2.3681
2.4591
2.3642
2.3348
2.3273
2.2899
2.3094
2.2474
2.2691
2.2550
2.3488
2.2452
2.2706
2.1228
2.1756
2.3092
2.3567
2.3533
2.2556
2.2237
2.3330
2.2960
2.2603
2.2054
2.2885
2.3063
2.2611
2.4096
2.3233
2.1958
2.3069
2.3996
2.3202
2.3482
2.3096
2.2999
2.3639
2.2690
2.3795
2.2408
2.3297
2.1916
2.3032
2.2443
2.3030
2.3433
2.2985
2.3258
2.2329
2.3643
2.2790
2.3884
2.3506
2.4195
2.3410
2.3206
2.2627
2.1772
2.1945
2.1668
2.3101
2.1679
2.1865
2.1870
2.1161
2.2775
2.2296
2.2775
2.2491
2.2184
2.2305
2.2286
2.2695
2.1499
2.1393
2.2882
2.0961
2.3068
2.2999
2.2562
2.2917
2.3323
2.3238
2.4604
2.3722
2.3849
2.2096
2.2891
2.3344
2.2695
2.2686
2.3407
2.3417
2.3685
2.2048
2.2307
2.2720
2.2701
2.3257
2.1734
2.1436
2.2393
2.1777
2.2350
2.2647
2.2195
2.2076
2.0972
2.1484
2.1444
2.2018
2.1467
2.0655
2.0201
2.1492
2.1521
2.0686
2.1148
2.0566
2.2350
2.0474
2.1209
2.0206
2.0539
2.0796
2.1454
2.1558
2.2347
2.1906
2.1981
2.1448
2.1614
2.1299
2.0526
2.0396
2.1952
2.2023
2.1465
2.1253
2.1631
2.1523
2.0399
2.0593
2.0890
2.1361
2.0789
1.9934
2.1531
2.1632
2.1196
2.2438
2.1465
2.2111
2.2201
2.0706
2.2335
2.2152
2.4353
2.4234
2.3785
2.2748
2.2764
2.3191
2.2940
2.2232
2.2735
2.2161
2.2763
2.2962
2.4261
2.3401
2.2340
2.2791
2.2162
1.9966
2.2254
2.1516
2.1538
2.2285
2.1759
2.1598
2.1336
2.0541
2.2737
2.1981
2.2327
2.1484
2.0866
2.0950
2.1539
2.1434
2.1002
2.2027
2.1295
2.1286
2.0746
2.1623
2.1573
2.1012
2.1062
2.2662
2.1287
2.1503
2.2313
2.2317
2.3718
2.2722
2.3101
2.2698
2.1455
2.1665
2.2208
2.1364
2.2763
2.2787
2.1788
2.1858
2.1888
2.2670
2.0450
2.1698
2.2229
2.0474
2.2454
2.2034
2.1278
2.1021
2.1037
2.1643
2.0704
2.0592
2.1466
2.0282
2.1642
2.2991
2.2069
2.3523
2.2386
2.1533
2.1905
2.1445
2.1707
2.2612
2.1326
2.2851
2.1662
2.1856
2.2218
2.1837
2.1245
2.1554
2.1025
2.3255
2.0445
2.2338
2.3309
2.3166
2.3074
2.2340
2.1630
2.2823
2.1762
2.2977
2.2780
2.3168
2.2522
2.1277
2.3342
2.1981
2.2652
2.0428
2.2195
2.0837
2.0604
2.0505
2.1557
2.3778
2.2606
2.2329
2.2583
2.2475
2.2351
2.1753
2.3870
2.3195
2.2744
2.0506
2.1834
2.2190
2.2908
2.3441
2.2685
2.1482
2.1542
2.2302
2.1820
2.2527
2.2584
2.1439
2.1227
2.1074
2.2182
2.1707
2.1053
2.2639
2.2803
2.3369
2.2202
2.0651
2.3601
2.2543
2.4030
2.4709
2.3949
2.2652
2.2606
2.3451
2.1825
2.3181
2.2767
2.0543
2.1800
2.1186
2.0918
2.1379
2.1259
2.2499
2.2171
2.1458
2.2246
2.1606
2.1241
2.1251
2.0426
2.1942
2.0339
2.0892
2.3270
2.1885
2.2510
2.3472
2.3463
2.2866
2.3838
2.2911
2.2559
2.2536
2.2691
2.1834
2.3155
2.2158
2.2492
2.2522
2.2294
2.2876
2.3079
2.2926
2.2724
2.3438
2.2563
2.2786
2.1765
2.3693
2.3950
2.2755
2.2649
2.3189
2.3122
2.3424
2.2138
2.3619
2.2916
2.4658
2.4722
2.5310
2.6709
2.4499
2.5170
2.6609
2.4238
2.6037
2.5211
2.4975
2.5064
2.3009
2.2850
2.2776
2.1885
2.3331
2.4577
2.3265
2.5809
2.4590
2.5737
2.4290
2.5100
2.3966
2.3554
2.4576
2.2428
2.4453
2.4117
2.2915
2.3438
2.3180
2.2744
2.2385
2.1955
2.2196
2.3312
2.2601
2.0453
2.0918
2.1033
2.1288
2.0054
2.1573
2.2741
2.2375
2.1135
2.0565
2.1487
2.1553
2.1592
2.1940
2.0659
2.1644
2.2517
2.2158
2.1969
2.1542
2.1340
2.1943
2.0372
2.1677
2.0958
2.1557
2.1308
2.0341
2.0211
2.0626
2.1534
2.1837
2.2191
2.1519
2.2402
2.2457
2.4709
2.2605
2.3110
2.1652
2.2308
2.2264
2.0928
2.0010
1.9421
2.1688
2.1696
2.0294
1.9386
1.9825
1.9684
1.8649
2.0397
2.0214
1.9922
2.0020
2.1715
2.1569
2.0412
2.1300
2.0530
2.1867
2.1319
2.0219
1.9957
2.0259
1.9485
2.0607
1.9809
1.9111
2.2008
2.2203
2.1386
2.0117
2.0460
2.0892
2.0811
2.1487
2.1604
1.9615
1.9109
1.9188
2.1238
2.2000
2.0550
2.1832
2.2521
2.1177
2.0978
2.1266
2.0116
2.0506
2.1708
2.2168
2.2420
2.0507
2.1805
2.2756
2.3168
2.2043
2.1779
2.2680
2.1639
2.2730
2.3115
2.2125
2.2457
2.2097
2.1978
2.1407
2.2817
2.1071
2.0237
2.2097
2.3438
2.2863
2.3155
2.3395
2.2646
2.3317
2.2964
2.2288
2.0957
2.1653
2.0896
2.2338
2.2228
2.1705
2.3641
2.3792
2.3810
2.3267
2.2176
2.1767
2.2606
2.1891
2.3163
2.2644
2.2597
2.1719
2.1623
2.0623
2.2692
2.3686
2.4483
2.1370
2.2584
2.3598
2.3693
2.2831
2.2566
2.1785
2.1461
2.2193
2.2820
2.2375
2.3292
2.2691
2.3059
2.4406
2.4149
2.3127
2.3279
2.4141
2.3088
2.5195
2.2682
2.2763
2.2117
2.1955
2.2096
2.2330
2.2491
2.2635
2.2597
2.4285
2.2259
2.3926
2.3022
2.3516
2.4127
2.2644
2.3876
2.2235
2.3898
2.4173
2.3493
2.4977
2.4166
2.4639
2.3241
2.5728
2.4324
2.3259
2.4158
2.4071
2.3971
2.2379
2.3264
2.2571
2.1676
2.3640
2.5063
2.2669
2.3726
2.3043
2.4148
2.2379
2.4178
2.4221
2.2557
2.3818
2.2741
2.4105
2.2947
2.1370
2.1667
2.3060
2.1977
2.2114
2.1310
2.0619
2.0976
2.1061
2.1338
2.2040
2.1325
2.3487
2.1779
2.0943
2.0826
2.0999
2.1338
2.1515
2.3732
2.2172
2.2529
2.2477
2.2862
2.2535
2.1936
2.2216
2.2748
2.4419
2.3458
2.2891
2.2824
2.3775
2.5271
2.4259
2.2862
2.4191
2.3450
2.3025
2.2328
2.2804
2.3354
2.2071
2.2725
2.1813
2.3076
2.3699
2.3097
2.2291
2.2255
2.2016
2.2606
2.2327
2.4619
2.4552
2.2891
2.3669
2.4089
2.4158
2.3896
2.3504
2.3571
2.3909
2.4648
2.3351
2.4379
2.3995
2.4395
2.4759
2.2587
2.3024
2.3323
2.4196
2.3364
2.3131
2.5471
2.5686
2.4331
2.4861
2.4546
2.5145
2.4805
2.3145
2.5084
2.4966
2.5526
2.4238
2.2048
2.2905
2.2358
2.2472
2.2466
2.3333
2.3816
2.2748
2.3900
2.3145
2.2931
2.3774
2.1873
2.2196
2.1191
2.3114
2.1409
2.1790
2.3484
2.2135
2.3466
2.4172
2.2674
2.4205
2.3180
2.2923
2.2340
2.1186
2.2883
2.3598
2.3326
2.3924
2.3240
2.2376
2.2020
2.1933
2.2248
2.3068
2.3198
2.1711
2.2827
2.2555
2.3057
2.5248
2.3545
2.3568
2.3999
2.4633
2.2939
2.1736
2.2150
2.1570
2.2322
2.1669
2.3788
2.2409
2.1312
2.2157
2.2280
2.1322
2.1638
2.1936
2.1521
2.1833
2.1474
2.2231
2.1954
2.1565
2.3269
2.2676
2.2154
2.3553
2.2329
2.2488
2.3178
2.2805
2.2529
2.2569
2.2042
2.2173
2.1830
2.3903
2.2354
2.1692
2.1873
2.2169
2.2696
2.2222
2.2552
2.2292
2.1746
2.2439
2.1807
2.1942
2.1791
2.0561
2.2460
2.4160
2.2686
2.3153
2.2684
2.3669
2.4104
2.3827
2.4103
2.3642
2.2305
2.2280
2.3004
2.2657
2.2842
2.4777
2.3820
2.3225
2.1739
2.2458
2.3591
2.4500
2.3031
2.4001
2.2773
2.2107
2.1471
2.1678
2.0700
2.1188
2.1461
2.1156
2.1874
2.1135
2.0265
2.0868
2.2308
2.1263
2.1710
2.0951
2.0856
2.0806
2.1123
2.2182
2.2252
2.2199
2.0820
2.1622
2.1405
2.0726
2.1343
2.2140
2.1412
2.1360
2.1681
2.1085
2.0672
2.2486
2.1470
1.9963
2.1505
2.2337
2.2148
2.1439
2.1469
2.0646
2.0203
2.0731
2.0943
2.1550
2.2028
2.2360
2.3459
2.1360
2.2244
2.2063
2.2452
2.2111
2.2200
2.2324
2.2282
2.1935
2.1320
2.1826
2.2278
2.1623
2.1329
2.2154
2.1769
2.1115
2.1362
2.1476
2.1570
2.2082
2.2624
2.1786
2.3670
2.1342
2.1149
2.1409
2.2233
2.1574
2.1350
2.3480
2.1669
2.2156
2.3169
2.2593
2.2325
2.3018
2.0562
2.0951
2.1446
2.1422
2.1748
2.1293
2.1173
1.9738
2.0078
2.1397
2.1317
2.1341
1.9698
2.0365
1.9628
1.8862
2.0650
1.9419
1.9607
1.9956
2.1436
2.0334
2.1506
2.0945
2.1103
2.1447
2.2909
2.1912
2.1775
2.2185
2.1200
2.0540
2.2319
2.2005
2.0526
2.0851
2.2332
2.1840
2.0854
2.1112
2.1099
2.3095
2.1814
2.2596
2.2241
2.2650
2.0961
2.1850
2.1992
2.2567
2.3392
2.2814
2.2183
2.2847
2.3005
2.1119
2.1952
2.1495
2.1631
2.3161
2.1860
2.1691
2.1062
2.2021
2.1376
2.2037
2.0385
2.0918
2.2387
2.2474
2.3873
2.3273
2.3403
2.2402
2.2600
2.3519
2.2801
2.3740
2.1702
2.2112
2.2283
2.2937
2.2011
2.2133
2.2081
2.2283
2.1449
2.1870
2.3170
2.2874
2.3054
2.3687
2.2939
2.1072
2.1282
2.1798
2.2285
2.2268
2.2648
2.3214
2.3300
2.3307
2.3422
2.2990
2.3008
2.3425
2.3395
2.2757
2.3070
2.2273
2.3050
2.3184
2.4045
2.2207
2.3289
2.2857
2.2252
2.3843
2.3195
2.3318
2.2691
2.2080
2.3691
2.3490
2.2800
2.2435
2.2470
2.2638
2.2946
2.1408
2.2666
2.2954
2.1833
2.1294
2.1106
2.0992
2.1626
2.1700
2.2072
2.2252
2.1274
2.2475
2.2404
2.3467
2.2780
2.3385
2.3068
2.3489
2.2876
2.1933
2.2969
2.3173
2.3869
2.3179
2.2589
2.2834
2.2359
2.1715
2.0504
2.1598
2.3347
2.2535
2.2769
2.2713
2.3528
2.1962
2.3651
2.2582
2.3074
2.1692
2.3377
2.3658
2.2710
2.2002
2.3411
2.2529
2.2800
2.1790
2.2514
2.0876
2.1948
2.1114
2.2154
2.2862
2.3309
2.2593
2.2600
2.2215
2.3642
2.3346
2.3145
2.3153
2.3877
2.1616
2.2407
2.2009
2.1326
2.2292
2.2716
2.2963
2.1959
2.2915
2.5837
2.2779
2.1516
2.1537
2.0900
2.0808
2.0484
2.0172
2.0694
2.0316
2.1914
2.1469
2.1833
2.1171
2.1595
2.1853
2.4226
2.2141
2.1450
2.3080
2.1510
2.1731
2.1829
2.1826
2.1698
2.3167
2.0920
2.1277
2.3082
2.1660
2.2303
2.0924
2.1387
2.2493
2.2143
2.1727
2.1148
2.2025
2.2668
2.1195
2.0884
2.1218
2.1649
2.1840
2.1740
2.2674
2.0713
2.1357
2.2360
2.1131
2.1120
2.1485
2.2234
2.3819
2.0897
2.1404
2.2262
2.0613
2.1337
2.2287
2.2671
2.2273
2.2435
2.2973
2.1667
2.5041
2.4264
2.4458
2.3253
2.3832
2.2499
2.4089
2.4907
2.3492
2.5127
2.5540
2.4420
2.4219
2.3752
2.1255
2.2062
2.2625
2.2906
2.4167
2.2760
2.2421
2.2640
2.4668
2.3957
2.3556
2.2130
2.3150
2.3782
2.4176
2.2611
2.2141
2.1997
2.4041
2.2423
2.3655
2.2325
2.2827
2.2160
2.2791
2.2701
2.2820
2.1286
2.3199
2.3005
2.1951
2.1560
2.1440
2.2695
2.3758
2.4401
2.3578
2.3888
2.2753
2.3339
2.4302
2.3946
2.4962
2.4505
2.5240
2.3314
2.3904
2.3250
2.4522
2.1792
2.3441
2.3608
2.4628
2.3317
2.2437
2.3257
2.3012
2.1944
2.2596
2.3726
2.2633
2.2296
2.2439
2.1739
2.1957
2.3027
2.3929
2.1959
2.2758
2.3016
2.3811
2.3437
2.3065
2.2845
2.3367
2.2496
2.3728
2.1902
2.3018
2.2131
2.3473
2.1718
2.1937
2.1707
2.1800
2.1527
2.4418
2.2241
2.2773
2.2469
2.2794
2.2952
2.2836
2.3334
2.3666
2.2940
2.2729
2.3014
2.3154
2.3251
2.3025
2.3380
2.2566
2.2659
2.4063
2.3060
2.3770
2.3895
2.2295
2.2632
2.2247
2.2868
2.2736
2.3761
2.2489
2.2227
2.3245
2.2723
2.1747
2.1824
2.1905
2.1184
2.1659
2.3376
2.3058
2.2915
2.2030
2.1236
2.1734
2.2553
2.2342
2.3176
2.3375
2.2392
2.3717
2.3443
2.2736
2.3038
2.2273
2.2585
2.1422
2.1635
2.1000
2.2042
2.1454
2.2160
2.3499
2.3221
2.3016
2.2818
2.2491
2.1806
2.2420
2.2607
2.2556
2.2718
2.3162
2.3691
2.2420
2.1452
2.1674
2.1567
2.1733
2.2331
2.2082
2.1953
2.3795
2.3058
2.2958
2.1595
2.2123
2.2078
2.1064
2.3541
2.3385
2.2817
2.1879
2.2208
2.2318
2.1626
2.1721
2.3003
2.4647
2.3596
2.2337
2.4124
2.2309
2.2021
2.3187
2.2140
2.1846
2.1515
2.1338
2.1497
2.1614
2.0732
2.1582
2.2725
2.1832
2.1758
2.2405
2.2108
2.3356
2.2042
2.2940
2.3214
2.2323
2.2399
2.0826
2.0791
2.0493
2.2846
2.1483
2.0504
2.1121
2.2159
2.1845
2.0807
2.2297
2.1553
2.2537
2.0732
2.1232
2.1693
2.1028
2.1433
2.1739
2.0837
2.2781
2.2608
2.2696
2.1999
2.1184
2.1772
2.1756
2.1570
2.1769
2.0994
2.1424
2.0930
2.1396
2.2090
2.2226
2.1907
2.2175
2.0713
2.1318
2.0324
2.2783
2.0621
2.0395
2.1052
2.1174
2.0233
2.0878
2.0336
2.1973
2.0477
2.1169
2.0933
2.0977
2.1199
2.1600
2.0283
2.1902
2.2317
2.2335
2.2136
2.2120
2.3470
2.2400
2.1635
2.3924
2.2403
2.2485
2.3688
2.1973
2.2596
2.2959
2.3065
2.4287
2.4027
2.2290
2.2031
2.2461
2.3794
2.2826
2.1829
2.1950
2.2405
2.2112
2.1971
2.3326
2.1970
2.3109
2.2348
2.1519
2.2053
2.1444
2.3366
2.4013
2.4007
2.3802
2.2868
2.2675
2.1899
2.2554
2.3017
2.2525
2.2467
2.2642
2.2496
2.2863
2.3742
2.3343
2.3640
2.4348
2.3542
2.3848
2.2991
2.4840
2.2587
2.3686
2.4118
2.3119
2.2611
2.2762
2.3657
2.2433
2.2614
2.1416
2.1668
2.1659
2.2140
2.2709
2.2232
2.3822
2.3600
2.3655
2.4225
2.4006
2.2572
2.1808
2.2490
2.3284
2.3597
2.4154
2.3239
2.3485
2.2769
2.3394
2.2020
2.1681
2.2064
2.1610
2.2072
2.2445
2.2258
2.2629
2.1534
2.2332
2.2386
2.2405
2.3029
2.2323
2.3944
2.2920
2.3309
2.4415
2.3740
2.2934
2.2994
2.3833
2.3733
2.1349
2.3288
2.2107
2.2505
2.3870
2.4943
2.4465
2.5778
2.2461
2.3617
2.3184
2.3631
2.3638
2.3436
2.3739
2.5287
2.6436
2.6323
2.4718
2.5140
2.5577
2.3447
2.0994
2.3589
2.3314
2.3157
2.3373
2.4057
2.4220
2.2878
2.4030
2.4045
2.4776
2.5538
2.4049
2.4161
2.5488
2.4202
2.3183
2.2977
2.2290
2.3950
2.4883
2.3001
2.5049
2.4315
2.3921
2.3691
2.4516
2.3339
2.2623
2.2896
2.2951
2.2489
2.2596
2.2878
2.2935
2.2973
2.3440
2.3457
2.2299
2.1789
2.2257
2.2432
2.3512
2.3177
2.3344
2.3621
2.1351
2.1572
2.2319
2.2621
2.1983
2.1565
2.2453
2.3161
2.2972
2.2695
2.2264
2.2776
2.2361
2.2724
2.2848
2.2976
2.3680
2.3270
2.3399
2.1190
2.2761
2.3685
2.3360
2.2792
2.3795
2.2598
2.3042
2.2670
2.3203
2.3354
2.5657
2.5398
2.3382
2.3971
2.2413
2.3825
2.3677
2.2819
2.3205
2.2927
2.2581
2.3002
2.3029
2.3251
2.3756
2.4289
2.1577
2.1744
2.3143
2.4135
2.2782
2.3872
2.3351
2.3542
2.2698
2.2790
2.3052
2.3833
2.2848
2.3770
2.3584
2.2346
2.4171
2.3619
2.3359
2.4209
2.4352
2.4341
2.4835
2.4220
2.3105
2.4633
2.3913
2.2808
2.4298
2.4332
2.1916
2.2469
2.2171
2.4137
2.4070
2.3398
2.4547
2.3880
2.3139
2.1425
2.3108
2.4415
2.2806
2.2388
2.1542
2.3608
2.3365
2.2342
2.2649
2.1980
2.2799
2.2535
2.3499
2.2591
2.3515
2.4488
2.4417
2.3454
2.2849
2.2139
2.3205
2.3651
2.2772
2.1590
2.1248
2.1908
2.2953
2.1185
2.2550
2.3291
2.3844
2.3400
2.2135
2.3758
2.2978
2.3263
2.1243
2.2034
2.1979
2.3203
2.2515
2.3477
2.3941
2.2447
2.1947
2.2434
2.2095
2.3186
2.3329
2.3111
2.2766
2.2922
2.3538
2.2996
2.3045
2.4453
2.3849
2.2267
2.2587
2.4197
2.2073
2.4247
2.4047
2.2471
2.1297
2.2446
2.2012
2.1930
2.2996
2.3836
2.3347
2.4031
2.4524
2.3446
2.3417
2.3566
2.2269
2.1717
2.2248
2.2777
2.3535
2.3593
2.3196
2.2816
2.3524
2.2796
2.2230
2.2455
2.2983
2.2807
2.4019
2.4195
2.3665
2.2382
2.2388
2.3116
2.3501
2.4053
2.4964
2.3198
2.3151
2.3636
2.6331
2.3753
2.5589
2.5106
2.4170
2.3502
2.2566
2.4123
2.4102
2.5324
2.5720
2.4350
2.3316
2.3730
2.2424
2.4387
2.5092
2.5675
2.4610
2.3469
2.2868
2.3595
2.5203
2.4347
2.2648
2.2955
2.4183
2.4324
2.4140
2.5389
2.4340
2.2124
2.2742
2.3548
2.2803
2.1946
2.3644
2.3984
2.3567
2.2845
2.4229
2.5633
2.3926
2.2701
2.1932
2.1981
2.2247
2.1968
2.1705
2.2049
2.3098
2.3276
2.2624
2.2240
2.2269
2.3675
2.3345
2.3245
2.3468
2.2846
2.2952
2.3646
2.3403
2.2529
2.2256
2.2051
2.2355
2.3527
2.2219
2.2718
2.1567
2.3051
2.2017
2.1446
2.1494
2.2344
2.2851
2.2811
2.2357
2.2430
2.3053
2.3555
2.2957
2.1882
2.2354
2.1335
2.2065
2.2790
2.2012
2.2693
2.2037
2.2593
2.2585
2.2559
2.2751
2.3066
2.2291
2.2004
2.2243
2.1770
2.2155
2.3947
2.3076
2.3401
2.3778
2.2800
2.3455
2.3175
2.2002
2.2669
2.2930
2.2888
2.2730
2.1704
2.3536
2.2007
2.2294
2.1776
2.1672
2.1547
2.1633
2.2648
2.2065
2.2923
2.2350
2.3650
2.4216
2.2813
2.3134
2.3518
2.3203
2.4713
2.6134
2.4733
2.2989
2.2831
2.3923
2.4444
2.3337
2.4698
2.4012
2.4223
2.3132
2.3215
2.3227
2.2842
2.2592
2.4341
2.4371
2.4482
2.4114
2.3689
2.2602
2.2546
2.1534
2.1723
2.2483
2.3468
2.3525
2.2267
2.1906
2.2545
2.2401
2.1969
2.3259
2.2089
2.2939
2.3177
2.3122
2.3557
2.4205
2.3545
2.3878
2.3885
2.4436
2.3965
2.4429
2.6290
2.3154
2.5477
2.4849
2.4360
2.3428
2.2785
2.1250
2.3082
2.2262
2.2315
2.2616
2.3471
2.7298
2.4618
2.2977
2.2144
2.2511
2.1224
2.4096
2.4916
2.3525
2.3491
2.4519
2.4610
2.4914
2.3999
2.3174
2.2938
2.2020
2.2130
2.1960
2.2916
2.2485
2.2563
2.1788
2.1305
2.2202
2.2385
2.0803
2.1122
2.2064
2.2973
2.2693
2.1864
2.2134
2.4293
2.3724
2.2882
2.2623
2.2255
2.1982
2.3096
2.1863
2.1783
2.2844
2.3119
2.2434
2.2020
2.2525
2.2502
2.2140
2.2678
2.1820
2.4106
2.2279
2.2476
2.4415
2.3164
2.2953
2.2456
2.2366
2.2895
2.4428
2.3661
2.2339
2.4575
2.3595
2.3202
2.3032
2.4412
2.5377
2.4469
2.4736
2.4870
2.5395
2.5197
2.5119
2.5575
2.4549
2.6008
2.6922
2.6153
2.6347
2.5307
2.6928
2.6596
2.5674
2.5082
2.5048
2.4026
2.5041
2.2542
2.2652
2.4240
2.4113
2.5106
2.4758
2.5030
2.3733
2.5572
2.4519
2.5946
2.4220
2.3896
2.4647
2.5007
2.5339
2.4901
2.5303
2.6186
2.6132
2.5488
2.2979
2.3949
2.2063
2.3815
2.3478
2.3243
2.4792
2.4247
2.4203
2.6074
2.6187
2.6376
2.6510
2.5654
2.6923
2.5414
2.6707
2.4982
2.5042
2.5413
2.4783
2.3451
2.2907
2.6581
2.4606
2.4893
2.5288
2.4682
2.6430
2.5159
2.5820
2.6521
2.8269
2.6607
2.5568
2.7075
2.8580
2.6001
2.5526
2.4729
2.6243
2.6179
2.5484
2.3423
2.3745
2.5065
2.3510
2.3883
2.4070
2.3154
2.2609
2.4086
2.1830
2.2866
2.4652
2.4249
2.4873
2.5606
2.4366
2.5399
2.5588
2.5657
2.4904
2.5126
2.5229
2.3397
2.5128
2.4699
2.4312
2.5323
2.5638
2.6643
2.5260
2.5016
2.5352
2.4447
2.4482
2.4829
2.6922
2.6786
2.5177
2.4177
2.4451
2.4702
2.6046
2.5804
2.6353
2.6729
2.5819
2.6319
2.5080
2.5258
2.4773
2.5749
2.5951
2.6284
2.5142
2.7171
2.6189
2.6209
2.4889
2.5906
2.5308
2.4475
2.5189
2.9712
2.7321
2.5279
2.4787
2.4869
2.4330
2.5813
2.5169
2.4018
2.6406
2.6163
2.6438
2.6582
2.6512
2.6178
2.5675
2.3143
2.3608
2.2034
2.2152
2.1545
2.2950
2.2459
2.3300
2.3616
2.3690
2.2642
2.2311
2.3062
2.2886
2.3034
2.3511
2.1856
2.1859
2.1964
2.2093
2.3039
2.3829
2.2139
2.1688
2.2220
2.3720
2.2797
2.2115
2.2402
2.1822
2.3660
2.2780
2.3300
2.2934
2.1779
2.3885
2.2390
2.2996
2.2556
2.1527
2.2709
2.2540
2.2847
2.3085
2.3167
2.2926
2.4993
2.4107
2.3794
2.3930
2.3399
2.4196
2.3224
2.3152
2.2028
2.2373
2.3192
2.3564
2.2787
2.2038
2.1678
2.3367
2.2139
2.1423
2.2256
2.1875
2.2054
2.1383
2.1673
2.2575
2.2547
2.3462
2.2566
2.3908
2.3831
2.2756
2.3728
2.2361
2.1795
2.2412
2.2187
2.2448
2.2686
2.2963
2.4815
2.4313
2.2959
2.2896
2.3217
2.2961
2.2094
2.2406
2.3201
2.2778
2.3752
2.2270
2.4824
2.1761
2.2020
2.2654
2.2527
2.3557
2.2468
2.3111
2.2296
2.3395
2.3476
2.3784
2.2270
2.2386
2.2556
2.2204
2.2983
2.2872
2.3317
2.2917
2.2615
2.2888
2.2703
2.2432
2.2087
2.2188
2.1929
2.2151
2.2807
2.4458
2.3491
2.0849
2.3954
2.3878
2.3611
2.3634
2.4904
2.4637
2.4271
2.4467
2.4795
2.5597
2.3032
2.3256
2.3341
2.2912
2.3095
2.1896
2.4927
2.3791
2.5308
2.4742
2.2976
2.2124
2.3655
2.3643
2.2648
2.3660
2.4090
2.2201
2.3095
2.3671
2.2952
2.3244
2.3219
2.2737
2.3256
2.3617
2.1652
2.1980
2.2922
2.3617
2.2109
2.1824
2.2609
2.1385
2.3540
2.1354
2.4170
2.3430
2.4378
2.4788
2.4125
2.4653
2.4129
2.4588
2.2952
2.5934
2.4682
2.5451
2.4439
2.5738
2.4870
2.3018
2.4836
2.5412
2.4826
2.7079
2.5172
2.6890
2.7740
2.7065
2.7096
2.6872
2.6374
2.5306
2.5199
2.8396
2.8972
2.6170
2.7142
2.4773
2.2353
2.5672
2.4358
2.3821
2.3339
2.3725
2.3754
2.3297
2.3526
2.2225
2.3359
2.2406
2.1959
2.2257
2.2340
2.3870
2.2441
2.3275
2.3403
2.2549
2.2930
2.3089
2.2636
2.3221
2.3161
2.3481
2.3605
2.3082
2.3055
2.2464
2.3251
2.5565
2.3556
2.3462
2.5321
2.4764
2.4465
2.4791
2.4281
2.2917
2.3320
2.3449
2.3325
2.3027
2.2586
2.2337
2.3435
2.3134
2.2993
2.2727
2.3269
2.4395
2.2521
2.2649
2.1932
2.3671
2.3421
2.2677
2.1191
2.1697
2.2657
2.2709
2.2282
2.2066
2.2118
2.4301
2.3378
2.2312
2.2360
2.2153
2.2446
2.1990
2.2341
2.2724
2.2394
2.4508
2.2724
2.2213
2.3467
2.3117
2.1131
2.2120
2.2954
2.2047
2.1342
2.1444
2.1312
2.1393
2.1163
2.2382
2.2762
2.2802
2.3063
2.1452
2.1389
2.1992
2.0796
2.2580
2.1526
2.1700
2.1606
2.2556
2.0722
2.2141
2.1272
2.0644
2.0671
2.0346
2.0086
1.9855
2.1888
2.1966
2.1561
2.1446
2.0342
2.1713
2.2989
2.2619
2.4108
2.2584
2.3110
2.1911
2.2845
2.4499
2.2518
2.4258
2.2721
2.2191
2.3282
2.1611
2.2825
2.2818
2.1975
2.2046
2.2149
2.1579
2.1733
2.3456
2.2013
2.2378
2.2742
2.0646
2.2022
2.2046
2.2558
2.2920
2.1779
2.2622
2.1827
2.1626
2.1765
2.2506
2.2771
2.2396
2.2512
2.2685
2.2836
2.2751
2.2702
2.2560
2.1801
2.1383
2.1885
2.0923
2.2088
2.1628
2.1299
2.1647
2.1668
2.1065
2.2554
2.1239
2.3216
2.2945
2.3464
2.3658
2.2151
2.1730
2.2001
2.2143
2.2755
2.3192
2.3106
2.3297
2.2027
2.1929
2.1789
2.1979
2.1741
2.1749
2.1478
2.2164
2.2142
2.2528
2.1031
2.2330
2.3429
2.1702
2.2291
2.2254
2.2127
2.2035
2.1326
2.1818
2.0807
2.0697
2.1171
2.0580
2.1046
2.1302
2.0206
2.1582
2.1774
2.1679
2.0955
2.1214
2.1682
2.2035
2.1548
2.2593
2.2856
2.1676
2.1638
2.2522
2.2805
2.1397
2.1121
2.1829
2.2563
2.1459
2.2378
2.1728
2.3150
2.1082
2.1668
2.1447
2.2037
2.0534
2.1847
2.1318
2.1481
2.0845
2.0886
2.1001
2.1372
2.0830
2.1467
2.1010
2.1414
2.1007
2.1763
2.1370
2.1121
2.2234
2.1010
2.1650
2.1701
2.1460
2.1367
2.2023
2.1718
2.1649
2.2700
2.1227
2.1996
2.2558
2.2304
2.1364
2.1911
2.0621
2.1180
2.1227
2.1411
2.0530
2.1776
2.1720
2.0881
2.1000
2.2388
2.3101
2.2375
2.1641
2.2234
2.1444
2.1478
2.2833
2.1423
2.2095
2.1901
2.1665
2.1689
2.0858
2.1700
2.1755
2.1727
2.1884
2.0918
2.1654
2.1480
2.0949
2.0888
2.1168
2.1632
2.1466
2.1921
2.2775
2.2496
2.1318
2.1538
2.1658
2.2484
2.2639
2.3171
2.1878
2.2287
2.1029
2.2013
2.1475
2.1928
2.1784
2.2971
2.1817
2.2201
2.2987
2.2321
2.4265
2.4073
2.4074
2.4129
2.2622
2.4902
2.3600
2.2759
2.4025
2.6255
2.5730
2.6342
2.4821
2.2792
2.3238
2.3759
2.3437
2.3248
2.2233
2.3204
2.3344
2.2821
2.3317
2.3710
2.3635
2.2964
2.3964
2.3649
2.3253
2.2240
2.3444
2.3986
2.4070
2.4474
2.3781
2.3354
2.3290
2.2969
2.3071
2.2762
2.2217
2.3024
2.4555
2.2635
2.3442
2.3426
2.3939
2.4269
2.3882
2.2456
2.2320
2.1699
2.2553
2.2013
2.2537
2.2257
2.3041
2.3762
2.5141
2.3526
2.2221
2.2315
2.3039
2.3408
2.1709
2.1362
2.2756
2.2204
2.2857
2.2166
2.1255
2.1809
2.2490
2.2564
2.2877
2.2633
2.2294
2.1941
2.3592
2.3667
2.3600
2.4491
2.3717
2.2529
2.3045
2.2067
2.3568
2.3791
2.2449
2.1943
2.3051
2.2116
2.2838
2.2143
2.0401
2.2105
2.2689
2.1826
2.4195
2.2794
2.2570
2.3450
2.2511
2.2483
2.2308
2.3310
2.2355
2.3223
2.3227
2.3060
2.3434
2.3107
2.2968
2.4716
2.3828
2.5391
2.5155
2.3798
2.3427
2.4704
2.5030
2.4971
2.4749
2.3292
2.2899
2.4126
2.2334
2.1712
2.3099
2.4137
2.2945
2.2735
2.3516
2.3027
2.4033
2.4082
2.2468
2.2379
2.3116
2.4506
2.5458
2.4300
2.3624
2.4390
2.2124
2.2255
2.2844
2.2873
2.2826
2.2222
2.2380
2.2046
2.2874
2.3064
2.2796
2.2829
2.2140
2.2872
2.2400
2.4248
2.2498
2.3271
2.1831
2.2819
2.0977
2.2410
2.2186
2.1853
2.1752
2.1809
2.3209
2.2170
2.2104
2.2027
2.2494
2.2903
2.2461
2.1133
2.2372
2.3076
2.2534
2.3952
2.3361
2.4201
2.2193
2.2515
2.2792
2.3098
2.2897
2.3293
2.1843
2.2356
2.3205
2.4000
2.3884
2.1980
2.2493
2.2657
2.2656
2.3473
2.2473
2.2676
2.3881
2.1451
2.1972
2.2567
2.2576
2.2125
2.2694
2.2362
2.2604
2.2715
2.1644
2.3233
2.2142
2.1251
2.1937
2.2784
2.2841
2.3458
2.2975
2.1832
2.1691
2.2462
2.1680
2.2455
2.1338
2.2788
2.2534
2.2435
2.2156
2.2527
2.1620
2.1540
2.2140
2.3006
2.1989
2.1917
2.1731
2.1131
2.2991
2.3360
2.3803
2.3278
2.1908
2.0976
2.1363
2.1647
2.1094
2.2689
2.3764
2.2689
2.3730
2.3476
2.1782
2.2393
2.1838
2.3089
2.1431
2.1629
2.2390
2.1562
2.2595
2.1726
2.2625
2.0593
2.0917
2.0035
2.1383
2.2429
2.2507
2.2417
2.1333
2.1599
2.2235
2.2111
2.2703
2.2231
2.2007
2.1411
2.2949
2.2706
2.3032
2.3030
2.2228
2.1274
2.1998
2.1781
2.3019
2.2386
2.1426
2.2424
2.1201
2.1976
2.1792
2.2171
2.2811
2.3478
2.2518
2.3779
2.3169
2.3701
2.2768
2.2892
2.3024
2.1022
2.1984
2.2504
2.3355
2.3503
2.2383
2.3511
2.3335
2.3290
2.2478
2.2308
2.2298
2.3290
2.1983
2.3739
2.2583
2.3533
2.3104
2.2649
2.2489
2.1631
2.2554
2.1622
2.2421
2.2069
2.1628
2.1317
2.1423
1.9803
2.1366
2.2504
2.1295
2.2096
2.1708
2.1641
2.2527
2.1209
2.1767
2.0529
2.0993
2.0555
2.1583
2.0348
2.0723
2.2114
2.2438
2.2061
2.1588
2.1527
2.1368
2.1336
2.1102
2.1752
2.1319
2.1299
2.0376
2.0220
2.0822
1.9917
2.0339
1.8625
1.9371
1.9590
2.0809
2.0693
2.1153
2.1289
2.3325
2.2999
2.2006
2.2215
2.1140
2.1057
2.0892
2.1334
2.1695
2.1642
2.0159
2.0653
2.1069
1.9888
2.1277
2.0029
2.2088
2.1527
2.0955
2.2480
2.1659
2.3222
2.3671
2.1166
2.2223
2.3962
2.1837
2.0692
2.1038
2.0856
2.1444
2.1747
2.3409
2.2887
2.4291
2.1919
2.2861
2.1915
2.2619
2.2514
2.2247
2.1567
2.2484
2.2557
2.0880
2.1653
2.3276
2.2378
2.2933
2.3062
2.2165
2.2286
2.1952
2.1268
2.0906
2.1631
2.4107
2.1699
2.1064
2.1363
2.3118
2.2422
2.2802
2.2085
2.0453
2.2390
2.1401
2.1245
2.1210
2.2969
2.1327
2.0931
2.2581
2.1765
2.2340
2.2241
2.1831
2.1551
2.1627
2.1519
2.2582
2.2761
2.1574
2.1814
2.0900
2.1480
2.2423
2.1110
2.1722
2.0600
2.1719
2.1899
2.2400
2.3331
2.3964
2.3169
2.2361
2.3370
2.4762
2.2529
2.3425
2.2286
2.2191
2.0655
2.2062
2.0924
2.1901
2.2408
2.2571
2.1689
2.0845
2.0280
2.0909
2.0787
2.1941
2.1413
2.1183
2.1454
2.3150
2.2849
2.2705
2.1150
2.1440
2.1286
2.1886
2.1159
2.0961
1.9656
2.1033
2.1904
2.0526
2.1386
2.1711
2.1388
2.1371
2.1050
2.0775
2.1557
2.0243
2.1283
2.1602
2.0793
2.0671
1.9909
2.0176
2.0341
2.0681
1.9618
1.9958
1.9064
2.0063
1.9686
1.8812
2.0304
2.1303
1.9614
1.9831
1.9556
1.9975
2.1003
2.0490
1.9136
2.0222
2.0114
1.9996
2.0087
2.1840
2.1033
2.0776
2.1023
2.0590
2.2153
2.1292
2.1126
2.0853
2.0986
2.0872
2.1434
2.1166
2.0786
2.0988
2.1855
2.0446
2.0651
2.0398
2.0416
2.1899
2.1390
2.2629
2.2197
2.2709
2.1882
2.1665
2.1322
2.0662
2.1583
2.0309
2.0829
2.0631
2.0687
2.0836
1.9650
2.1094
2.0404
2.0473
2.2073
2.2235
2.2059
2.1646
2.1511
2.0736
2.0750
2.0578
2.1387
2.1587
2.1539
2.2239
2.1397
2.1071
2.3329
2.1113
2.1899
2.2265
2.2303
2.2195
2.2390
2.1768
2.2987
2.1036
2.2167
2.2660
2.2840
2.3936
2.4741
2.1969
2.2651
2.1545
2.2738
2.3388
2.3422
2.2913
2.3082
2.3356
2.2167
2.2728
2.2849
2.3797
2.2470
2.2840
2.2769
2.5235
2.3252
2.4467
2.4566
2.4020
2.4034
2.4181
2.5973
2.6273
2.3326
2.3161
2.6376
2.5469
2.2630
2.2545
2.2911
2.1760
2.1159
2.1746
2.1561
2.0491
1.8784
2.0765
2.0991
2.2284
2.1351
2.1252
2.1614
2.0845
2.1242
2.1800
2.0574
2.2284
2.1734
2.2310
2.2086
2.1324
2.1181
2.1294
2.1863
2.2391
2.3036
2.2003
2.3874
2.2534
2.1578
2.2201
2.2615
2.2804
2.1669
2.0359
2.0374
2.1112
2.0759
2.0936
2.0569
2.0381
2.1037
2.0470
2.0539
2.1170
2.0757
2.1253
2.0418
2.0996
1.9746
2.0658
2.2050
2.1351
2.0338
2.0968
2.0930
2.0521
2.1046
2.0999
2.0662
2.1083
2.0150
2.0087
2.0192
2.3101
2.2894
2.4618
2.1506
2.1534
2.1853
2.0109
2.0914
2.0028
2.0760
2.1737
2.1055
2.2036
2.1501
2.2499
2.1195
2.2485
2.2648
2.1500
2.0938
2.1649
2.1378
2.1604
2.2078
2.2656
2.3189
2.2925
2.2029
2.4650
2.3684
2.3081
2.1851
2.2772
2.1560
2.2080
2.1146
2.2128
2.0404
2.0698
1.9998
2.1361
2.0012
2.1225
2.0957
2.2720
2.1899
2.0738
2.0582
2.0975
2.0638
1.9523
2.0956
2.0653
2.0735
2.1503
2.0997
2.0549
2.1529
2.1199
2.1036
2.0612
2.1471
2.1802
2.0931
2.1389
2.0602
2.1863
2.2271
2.1378
2.0698
2.0616
2.0532
2.0638
2.0673
2.0794
1.9953
2.1246
2.0857
2.0763
2.0235
2.1037
2.0635
2.0213
2.1044
2.0558
2.0553
2.0387
2.0933
2.0456
2.1189
2.1882
2.1320
2.1918
2.1195
2.2335
2.0801
2.1866
2.2914
2.2252
2.2187
2.1759
2.0049
2.0795
2.0333
1.9936
2.1150
2.1135
2.0876
2.1211
2.1352
2.1563
2.0965
2.1629
2.0395
1.9977
2.0706
2.1220
2.1755
2.2937
2.0980
2.1217
2.0838
2.0441
2.0763
2.1165
2.1502
2.0775
2.0736
2.1082
2.0847
2.0948
2.1827
2.1239
2.2157
2.2442
2.1499
2.0316
2.1601
2.1380
2.2473
2.1606
2.2174
2.1675
2.2126
2.0865
2.1645
2.1942
2.2530
2.2632
2.3146
2.2405
2.3652
2.4215
2.2252
2.3906
2.3681
2.3105
2.3427
2.4080
2.4047
2.2478
2.3244
2.1977
2.1454
2.2084
2.2754
2.3043
2.1699
2.2102
2.2861
2.1588
2.1178
2.1573
2.1888
2.2506
2.2457
2.1322
2.1545
2.1249
2.2115
2.2589
2.1571
2.2793
2.2548
2.1713
2.2099
2.2972
2.2499
2.2009
2.1099
2.1582
2.0758
2.2027
2.1791
2.2100
2.1203
2.0210
2.0448
2.0699
2.0304
2.0379
2.0687
2.0135
2.0308
2.0871
2.1346
2.1270
2.1826
2.1812
2.1224
2.2316
2.0503
2.0406
2.1315
2.1199
2.0617
2.0044
2.1614
2.1376
2.0604
2.1704
2.0547
2.0982
2.0472
2.0939
2.1347
2.0593
2.1258
2.0431
2.1351
2.0513
2.0194
1.9927
2.1649
2.0915
2.0388
2.0746
2.0519
2.0815
2.1949
2.0883
2.1592
2.2451
2.2133
2.2184
2.1572
2.1426
2.1237
2.0288
2.0847
2.2275
2.1496
2.1703
2.1636
2.2005
2.2437
2.1711
2.0128
2.1564
2.1950
2.3375
2.2241
2.2869
2.4434
2.4133
2.4856
2.3405
2.4808
2.2893
2.3153
2.2648
2.2146
2.2479
2.1797
2.2134
2.2841
2.2415
2.3368
2.3371
2.1163
2.1183
2.1061
2.0943
2.1925
2.1509
2.1731
2.1198
2.2997
2.2020
2.1663
2.1789
2.3014
2.1453
2.1671
2.2153
2.3741
2.0880
2.1953
2.2519
2.1548
2.2688
2.2367
2.3637
2.4303
2.5471
2.3884
2.5227
2.3284
2.3983
2.2745
2.0530
2.1520
2.1414
2.0466
2.1755
2.1605
2.1548
2.2371
2.3110
2.2588
2.2913
2.1554
2.2747
2.2883
2.2515
2.3466
2.3234
2.2920
2.3989
2.2775
2.2984
2.1324
2.1816
2.2452
2.1265
2.1138
2.0869
2.0099
2.0885
2.1211
2.0940
2.1596
2.0733
2.2261
2.2357
2.1621
2.1867
2.0772
2.2423
2.1470
2.0908
2.1101
2.0758
2.1227
2.2245
2.1715
2.1017
2.2219
2.1511
2.1044
2.2584
2.3117
2.2564
2.3199
2.3404
2.3319
2.4144
2.1908
2.1857
2.2831
2.1488
2.2538
2.3002
2.2986
2.1308
2.2955
2.2603
2.2089
2.3006
2.2010
2.2332
2.2514
2.2395
2.1694
2.1443
2.0855
2.1715
2.2833
2.2073
2.2515
2.3055
2.1801
2.3651
2.1746
2.0877
2.2486
2.1714
2.1315
2.3512
2.2223
2.2494
2.2775
2.2307
2.1597
2.3645
2.2355
2.3536
2.5463
2.3738
2.2552
2.3067
2.4917
2.2302
2.3732
2.3533
2.2254
2.2232
2.1143
2.2078
2.1340
2.1661
2.1634
2.2374
2.0820
2.2518
2.3331
2.1694
2.1252
2.2809
2.1862
2.0967
2.4823
2.3021
2.4349
2.2308
2.2216
2.2261
2.1363
2.2250
2.1233
2.1704
2.1943
2.1171
2.1566
2.1276
2.0955
2.1702
2.1208
2.1738
2.2189
2.1848
2.2490
2.2036
2.1527
2.1997
2.1378
2.2153
2.3422
2.1519
2.1026
2.1429
2.2034
2.4330
2.5060
2.5418
2.3937
2.5084
2.4741
2.2854
2.4855
2.5405
2.4264
2.3363
2.4542
2.3246
2.2099
2.2737
2.3597
2.3026
2.1879
2.3119
2.4739
2.2517
2.3195
2.3361
2.3717
2.3652
2.3787
2.3893
2.4873
2.2710
2.2751
2.2023
2.3685
2.1896
2.1846
2.1877
2.2724
2.1893
2.3011
2.2570
2.0793
2.1419
2.0943
2.4402
2.3060
2.2312
2.3352
2.3639
2.3270
2.1204
2.2562
2.2063
2.1939
2.2061
2.1094
2.1834
2.2001
2.3579
2.2640
2.2564
2.1684
2.2487
2.2348
2.2808
2.2366
2.2497
2.1648
2.3349
2.1493
2.3002
2.2225
2.1525
2.2028
2.2535
2.1558
2.2412
2.3514
2.2647
2.2038
2.3271
2.3776
2.3335
2.2520
2.3735
2.1748
2.1836
2.2539
2.1864
2.2963
2.4138
2.3106
2.4894
2.4088
2.3429
2.2211
2.1926
2.1673
2.1158
2.3247
2.4950
2.5298
2.3111
2.2375
2.4124
2.2651
2.3307
2.4857
2.4010
2.3731
2.3508
2.1190
2.2922
2.3427
2.3848
2.2718
2.4046
2.2924
2.3779
2.3283
2.2576
2.3660
2.2649
2.2328
2.1086
2.2307
2.1414
2.2835
2.2947
2.2176
2.0480
2.1776
2.2835
2.2798
2.3048
2.3544
2.3637
2.3173
2.2197
2.2653
2.2410
2.0822
2.2222
2.1894
2.3253
2.2441
2.2519
2.3060
2.1903
2.3428
2.3003
2.3115
2.3678
2.2467
2.1890
2.2077
2.1904
2.2391
2.1765
2.2191
2.3002
2.2664
2.1944
2.4247
2.3663
2.5597
2.4446
2.4541
2.5229
2.4199
2.4869
2.4512
2.3148
2.2953
2.4057
2.3825
2.3929
2.2698
2.2366
2.2678
2.3250
2.3083
2.3585
2.3103
2.3387
2.3412
2.3616
2.4150
2.3174
2.3932
2.3249
2.2815
2.3092
2.4526
2.5068
2.2705
2.1985
2.2904
2.3682
2.3359
2.4007
2.2082
2.2764
2.2591
2.1685
2.1940
2.1155
2.2438
2.1373
2.1858
2.1646
2.0466
2.2915
2.2660
2.1967
2.0439
1.9896
2.1327
2.0810
2.0311
2.0453
2.0810
1.9106
2.0657
2.0051
2.0100
2.0394
1.9408
1.9851
2.1082
2.0060
2.0129
2.0797
1.9716
1.9707
2.0183
2.2108
2.1084
2.0944
2.1853
2.2742
2.3443
2.2151
2.2406
2.0944
2.2546
2.1944
2.1555
2.2043
2.3264
2.1784
2.2355
2.0516
2.1585
2.0684
2.1276
2.2043
2.0147
2.1031
2.0415
2.0199
1.9978
2.0097
1.9971
2.0728
2.0320
2.1776
2.2142
2.1232
2.0821
1.9304
2.0750
1.9350
1.9688
2.0103
2.1368
2.0374
1.9905
2.1973
2.1466
2.0606
2.1532
2.0418
1.9678
2.0421
1.9934
2.0190
2.0949
2.0460
1.9985
1.9531
1.9625
1.9673
2.0361
1.9428
1.8497
1.9779
1.7781
2.0033
1.9223
1.8415
1.8392
2.0345
2.0356
1.9732
1.9116
2.0818
2.0369
2.1173
2.0270
2.0442
2.1216
2.1560
2.2156
2.0948
2.0284
2.0395
1.9832
2.0760
2.1810
2.1738
2.1430
2.1288
1.9758
2.0905
2.0579
2.0259
2.2370
2.1329
2.2061
2.2083
2.3044
2.2889
2.3255
2.3929
2.2713
2.3572
2.5048
2.3160
2.6343
2.4279
2.1782
2.4603
2.2967
2.2909
2.2442
2.2969
2.2699
2.2692
2.1910
2.1960
2.3079
2.2528
2.2638
2.2862
2.2660
2.3479
2.4850
2.2846
2.3104
2.4163
2.3437
2.4053
2.2201
2.2222
2.5046
2.3506
2.2618
2.1869
2.4124
2.1552
2.2882
2.2226
2.1145
2.2200
2.1685
2.2975
2.1595
2.2706
2.2899
2.0856
2.1858
2.2253
2.2238
2.4282
2.2360
2.3142
2.2762
2.2429
2.3859
2.2221
2.2678
2.4068
2.2664
2.3517
2.2571
2.3173
2.2600
2.1616
2.2048
2.2930
2.2793
2.4522
2.4055
2.3636
2.3692
2.3988
2.6642
2.3622
2.4355
2.4469
2.4165
2.5159
2.5478
2.3810
2.4693
2.3968
2.3154
2.4394
2.4995
2.2998
2.2425
2.3162
2.2099
2.5499
2.5580
2.3745
2.5022
2.5333
2.8289
2.6337
2.6520
2.7819
2.9769
2.6402
2.5927
2.5101
2.5893
2.4221
2.4723
2.4103
2.4869
2.3663
2.4501
2.5108
2.4744
2.3999
2.3359
2.4838
2.3730
2.3141
2.3314
2.4337
2.4083
2.3932
2.4451
2.7633
3.0439
2.7245
2.5544
2.3632
2.1118
2.3392
2.3297
2.1984
2.4007
2.4278
2.4395
2.4933
2.6287
2.4135
2.4959
2.3627
2.5119
2.4898
2.6247
2.4746
2.4196
2.5855
2.7663
2.5030
2.5342
2.5474
2.4049
2.6181
2.3780
2.5611
2.5331
2.4754
2.5675
2.5162
2.4165
2.5703
2.5065
2.2292
2.2375
2.2055
2.2143
2.3262
2.3251
2.4022
2.3995
2.3990
2.2666
2.3032
2.4624
2.4696
2.5508
2.5299
2.4993
2.4192
2.4767
2.7009
2.4566
2.2943
2.1412
2.3217
2.0832
2.1809
2.3042
2.2301
2.2885
2.4154
2.2826
2.3390
2.2477
2.3654
2.3655
2.4052
2.3479
2.2806
2.2661
2.2201
2.1812
2.1254
2.1962
2.1988
2.1643
2.2185
2.2020
2.2215
2.2421
2.3266
2.2163
2.2534
2.4407
2.4229
2.4259
2.4398
2.2550
2.3150
2.3113
2.4794
2.4042
2.3269
2.2138
2.2977
2.2990
2.2641
2.3283
2.3169
2.2535
2.2084
2.3719
2.2857
2.2290
2.3420
2.6984
2.7148
2.4494
2.3056
2.1233
2.3309
2.4293
2.3250
2.2329
2.1747
2.3513
2.1819
2.2188
2.3002
2.4213
2.4690
2.3052
2.3420
2.3070
2.2664
2.2790
2.2980
2.1755
2.2733
2.2179
2.2587
2.2310
2.2134
2.1754
2.3041
2.3197
2.4716
2.3357
2.5710
2.4249
2.4586
2.3738
2.2888
2.1263
2.1026
2.1601
2.1589
2.1237
2.3238
2.2087
2.2834
2.2611
2.2585
2.2216
2.1866
2.1677
2.1043
2.2438
2.3531
2.4909
2.4257
2.4248
2.4535
2.5757
2.5358
2.7121
2.5086
2.2284
2.3850
2.3666
2.4140
2.2389
2.1713
2.1601
2.2889
2.2730
2.2402
2.2435
2.2532
2.2134
2.3545
2.3859
2.2195
2.3820
2.4374
2.3156
2.2636
2.2298
2.3038
2.1767
2.3197
2.2013
2.1980
2.3097
2.3342
2.2143
2.2774
2.3822
2.2865
2.3175
2.3764
2.3566
2.3087
2.2165
2.3126
2.3590
2.3548
2.4115
2.1128
2.3920
2.3658
2.2879
2.2907
2.2720
2.3792
2.5702
2.5830
2.6810
2.6760
2.5797
2.5334
2.5297
2.5459
2.7629
2.7199
2.5962
2.5770
2.3988
2.4975
2.4997
2.6053
2.3884
2.3190
2.5475
2.3273
2.3242
2.2239
2.4126
2.4420
2.3702
2.3533
2.2947
2.2566
2.2234
2.2611
2.2456
2.4279
2.3446
2.4728
2.6217
2.3366
2.3603
2.2580
2.2894
2.3551
2.3044
2.2600
2.2812
2.4111
2.4708
2.3335
2.1677
2.3502
2.3822
2.2785
2.2903
2.1552
2.3945
2.3735
2.2067
2.1701
2.1000
2.1320
2.3771
2.2595
2.2691
2.1475
2.2389
2.4478
2.3947
2.3338
2.2920
2.2129
2.3048
2.2392
2.3566
2.3843
2.3208
2.2281
2.2241
2.3288
2.1355
2.3025
2.2283
2.4226
2.3126
2.3327
2.1982
2.2601
2.1083
2.1276
2.3723
2.3212
2.2462
2.1634
2.2583
2.2963
2.1675
2.2152
2.2391
2.0798
2.2004
2.0811
2.0848
2.1589
2.1098
2.3226
2.3104
2.2739
2.3140
2.6139
2.2805
2.3560
2.3466
2.3075
2.4161
2.3896
2.4403
2.3173
2.3158
2.3250
2.3785
2.2508
2.4154
2.3240
2.4870
2.3320
2.3043
2.4029
2.3970
2.4959
2.4331
2.5045
2.3594
2.4019
2.4879
2.3095
2.2271
2.3407
2.5372
2.3418
2.2095
2.3078
2.3100
2.2770
2.2140
2.4223
2.2696
2.2930
2.1181
2.2179
2.0756
2.2583
2.3040
2.3089
2.1799
2.2578
2.2952
2.3371
2.3250
2.3932
2.4111
2.4662
2.2059
2.1651
2.2131
2.3951
2.4698
2.2482
2.3821
2.2976
2.2697
2.3848
2.2433
2.0719
2.2299
2.2504
2.4756
2.3679
2.3914
2.4491
2.5828
2.3769
2.2690
2.4253
2.4948
2.5406
2.4220
2.5492
2.4816
2.7199
2.6653
2.5532
2.5707
2.4527
2.4856
2.4370
2.3935
2.4725
2.4225
2.4294
2.3822
2.5540
2.2960
2.3438
2.3777
2.4812
2.5677
2.4958
2.6330
2.5729
2.6710
2.6157
2.5834
2.5390
2.4524
2.5743
2.5851
2.4676
2.6248
2.7508
2.7625
2.6943
2.8458
2.5445
2.6434
2.7511
2.6745
2.7340
2.6384
2.5730
2.4913
2.4567
2.3948
2.5458
2.5227
2.5963
2.5193
2.4156
2.4281
2.3380
2.5372
2.5298
2.3900
2.3875
2.3982
2.4545
2.5804
2.3218
2.4729
2.4826
2.5375
2.4994
2.5107
2.6051
2.2898
2.3502
2.3523
2.3394
2.3117
2.3012
2.2410
2.3409
2.4592
2.4218
2.4980
2.3696
2.3429
2.3137
2.4802
2.3935
2.5075
2.7207
2.7158
2.4945
2.5030
2.3075
2.4689
2.3178
2.5110
2.3677
2.5564
2.5445
2.4926
2.4608
2.5467
2.6384
2.4544
2.5256
2.8084
2.7950
2.6644
2.5477
2.4198
2.4211
2.4477
2.4319
2.5314
2.4404
2.7127
2.5868
2.5047
2.4267
2.5265
2.3971
2.3075
2.1950
2.1736
2.1959
2.1005
2.0933
2.1124
2.1699
2.1493
2.2535
2.1988
2.2648
2.1233
2.3370
2.1221
2.2102
2.1090
2.4037
2.3957
2.2505
2.2129
2.2092
2.2079
2.4221
2.3487
2.4646
2.3931
2.4264
2.5050
2.3547
2.3511
2.2633
2.1523
2.1175
2.1731
2.1707
2.1910
2.3049
2.1927
2.2425
2.1716
2.3624
2.4178
2.3781
2.4073
2.2809
2.2116
2.3623
2.2849
2.3750
2.3851
2.3075
2.3669
2.3163
2.3120
2.4192
2.2699
2.3014
2.2952
2.2915
2.2988
2.4327
2.6212
2.6639
2.5791
2.3366
2.3084
2.2483
2.2389
2.1973
2.2173
2.1782
2.1573
2.3122
2.2053
2.2262
2.2893
2.3046
2.3959
2.4239
2.4193
2.5144
2.4681
2.6254
2.5567
2.5126
2.4671
2.2129
2.1501
2.2035
2.3328
2.5109
2.2333
2.1048
2.2432
2.2635
2.1929
2.3037
2.3486
2.3751
2.3811
2.5321
2.3288
2.3068
2.2793
2.1936
2.1359
2.1786
2.1917
2.1636
2.1564
2.2119
2.2221
2.1618
2.1185
2.1550
2.2710
2.3152
2.2324
2.2927
2.1780
2.2905
2.2640
2.3038
2.2299
2.3855
2.2348
2.3228
2.3593
2.2712
2.2484
2.2745
2.2754
2.3916
2.5252
2.3287
2.3725
2.3710
2.3311
2.3320
2.3719
2.4352
2.6158
2.3374
2.2741
2.4915
2.4255
2.3620
2.4415
2.4264
2.4157
2.4081
2.4179
2.3352
2.3196
2.2846
2.3076
2.3465
2.4134
2.4368
2.4137
2.6752
2.7512
2.4323
2.2395
2.1903
2.2655
2.3432
2.2424
2.2588
2.3858
2.4395
2.2511
2.2058
2.3072
2.2273
2.0930
2.2793
2.1696
2.1843
2.2772
2.2520
2.3244
2.4115
2.5426
2.6833
2.7023
2.7461
2.8340
2.7704
2.6409
2.4626
2.5334
2.4374
2.3427
2.4217
2.4247
2.3997
2.4772
2.4547
2.4183
2.4634
2.4705
2.5511
2.4687
2.3856
2.3312
2.3162
2.2681
2.3286
2.1837
2.3574
2.2370
2.3226
2.3359
2.3189
2.2692
2.4576
2.3780
2.4316
2.4335
2.3216
2.3721
2.1392
2.2715
2.1672
2.1929
2.1586
1.9478
2.1350
2.1176
2.2117
2.0542
2.1621
2.2845
2.1619
2.0979
2.2420
2.1429
2.1644
2.3769
2.2741
2.2477
2.1417
2.1033
2.0780
2.0609
2.0875
2.1710
2.2205
2.1738
2.1515
2.2109
2.2528
2.0923
2.1633
2.3573
2.3184
2.2526
2.2721
2.0838
2.2801
2.3542
2.3166
2.3581
2.4179
2.3031
2.1860
2.3051
2.1942
2.3709
2.3389
2.2539
2.2847
2.3037
2.2525
2.1978
2.1505
2.1692
2.3270
2.1582
2.2169
2.2881
2.3036
2.2437
2.1821
2.3004
2.1522
2.1468
2.1959
2.1704
2.3104
2.2832
2.2655
2.2247
2.1858
2.2477
2.2406
2.1462
2.2616
2.2205
2.3103
2.1881
2.1446
2.1464
2.1330
2.2197
2.3298
2.2442
2.3007
2.2140
2.2661
2.2666
2.2516
2.1855
2.1746
2.2165
2.2872
2.3796
2.3422
2.0873
2.0659
2.1967
2.2291
2.1201
2.1775
2.2694
2.0917
2.2639
2.1241
2.1263
2.2318
2.2844
2.1923
2.1244
2.0996
2.0676
2.1102
2.1970
2.2474
2.0875
2.1055
2.1288
2.1362
2.1983
2.1929
2.1973
2.2229
2.2089
2.2581
2.1890
2.2368
2.2579
2.3772
2.1842
2.2623
2.3082
2.1923
2.3781
2.2876
2.3305
2.2222
2.1397
2.1666
2.2106
2.2640
2.2940
2.2245
2.2136
2.1620
