1.8762
1.9934
1.9403
1.7660
1.8628
1.9117
1.9142
1.9266
1.9167
1.9002
1.9179
1.8850
1.7783
1.6861
1.7446
1.7057
1.7255
1.6681
1.7342
1.7081
1.6988
1.8548
1.8987
1.8886
1.8646
1.9294
1.9409
1.8159
1.8601
1.8204
1.7757
1.8670
1.9253
1.8054
1.7627
1.9170
1.7748
1.8150
1.8128
1.7428
1.8846
1.7898
1.8608
1.8483
1.7067
1.6674
1.7188
1.8161
1.8616
1.7780
1.8701
1.9065
1.8668
1.9401
1.8851
1.7327
1.7886
1.7084
1.9428
1.8666
1.9593
1.8982
1.7651
1.8435
1.8309
1.7818
1.8061
1.8442
1.9023
1.8772
1.8659
1.8534
1.8667
1.7957
1.7249
1.8423
1.8326
1.7252
1.7616
1.8643
1.9077
1.8545
1.8155
1.8091
1.8868
1.8584
1.9346
2.0059
1.8569
1.8210
1.9149
1.8950
1.9355
1.7617
1.9823
1.8361
1.8197
1.9619
1.9086
1.9000
1.8922
1.8483
1.6732
1.8522
1.8548
1.6967
1.6974
1.8066
1.8469
1.8962
1.8579
1.8505
1.8249
1.7912
1.8492
1.7827
1.8090
1.9124
1.8988
1.8428
1.8239
1.8530
1.7112
1.7404
1.8334
1.6563
1.8015
1.8694
1.9465
1.8796
1.8786
1.7928
1.7617
1.8319
1.9126
2.0649
2.0770
2.1123
1.9712
1.8633
1.9441
1.8640
1.8279
1.8101
1.7003
1.8161
1.7649
1.8249
1.7909
1.6768
1.7225
1.7929
1.8487
1.9836
1.9431
1.7948
1.8261
1.8286
1.8194
1.9097
1.8664
1.8975
1.8214
1.7953
1.7971
1.8042
1.7961
1.8948
1.8480
1.8637
1.7028
1.7064
1.6854
1.6542
1.7636
1.8292
1.7912
1.8907
1.9551
1.8390
1.8840
1.7933
1.8486
1.8171
1.7616
1.7990
1.6961
1.7882
1.8380
1.8017
1.8013
1.7664
1.7906
1.8267
1.7638
1.7563
1.8522
1.7777
1.8136
1.8739
1.9745
1.9466
2.0049
1.8978
2.0432
2.0105
1.9720
2.0312
1.9293
2.0358
2.0556
1.8288
1.8548
1.8321
1.9433
1.9063
1.8669
1.8265
1.8432
1.8159
1.8011
1.7941
1.9681
1.8417
1.9777
2.0216
1.7248
1.8422
1.8522
1.8956
1.8510
1.9616
1.8715
1.9249
1.9172
1.8851
1.8479
1.8933
1.8464
1.8395
1.8987
1.8646
1.8405
1.8920
1.8747
1.7935
1.7860
1.8338
1.7918
1.6681
1.7576
1.8161
2.0102
1.8788
1.9365
2.0881
1.9576
1.9741
2.0546
1.9971
2.0204
1.9483
1.8319
1.8555
1.8564
1.7541
1.8409
1.8506
1.8597
1.8566
1.7067
1.7201
1.7490
1.8430
1.7703
1.8334
1.9271
1.8596
1.9221
1.8744
1.8380
1.8712
1.9692
1.8727
1.8260
1.8477
1.9600
1.8840
1.9880
1.9568
1.8807
2.0246
1.9618
1.9264
1.8115
1.8714
1.8361
1.9644
1.9387
1.8745
1.8796
1.8548
1.8995
1.8145
1.7788
1.7514
1.7974
1.8608
1.6808
1.6985
1.8114
1.8874
1.8211
1.7396
1.7644
1.7972
1.6733
1.7962
1.7852
1.8875
1.8299
1.8769
1.8366
1.9368
1.8667
1.8560
1.9035
1.8081
1.8469
1.7512
1.8771
1.8398
1.9382
1.9036
1.9501
2.1015
1.9234
1.9213
1.9067
1.9349
1.9984
1.8649
1.9101
2.0919
1.9437
2.0088
1.9920
2.0781
1.9467
2.1342
1.9207
2.0215
1.8938
1.9121
1.9738
2.0355
2.0328
1.7628
1.8645
1.8695
1.8452
1.9742
1.9173
1.8805
1.8807
1.8929
1.7433
1.8384
1.7817
1.7647
1.6888
1.8230
1.8128
1.8064
1.8882
1.8851
1.9062
1.9588
1.8342
1.8389
1.8038
1.8467
1.9343
1.8978
1.9571
1.9425
1.8589
1.7629
1.6453
1.7896
1.9406
1.8829
1.7949
1.6753
1.7451
1.8325
1.7573
1.8647
1.8278
1.8169
1.7731
1.7171
1.7835
1.8880
1.7933
1.8975
1.9055
1.8366
1.8847
1.9044
1.9379
1.8382
1.8396
1.7345
1.7883
1.7496
1.9059
1.8721
1.9147
1.8541
1.8556
1.8270
1.8498
1.8284
1.7726
1.8488
1.7242
1.6872
1.7596
1.8601
1.8364
1.8256
1.9192
1.7565
1.8019
1.8426
1.8320
2.0192
1.8574
1.8229
1.8200
1.8922
1.9405
1.7945
1.8659
1.8015
1.8469
1.7644
1.7802
1.7078
1.8306
1.7834
1.8193
1.8754
1.8041
1.8938
1.8995
1.9207
1.8362
1.8152
1.8509
1.7563
1.7962
1.8895
1.8818
1.9080
1.8499
1.8051
1.8656
1.8417
1.6942
1.7116
1.8578
1.7966
1.7116
1.7134
1.7272
1.7480
1.7042
1.7542
1.7705
1.8246
1.8235
1.7537
1.6978
1.7682
1.7042
1.7017
1.6751
1.7500
1.7996
1.7044
1.8547
1.7585
1.9244
1.9405
1.9651
1.9502
1.9193
1.9397
1.9123
1.9654
1.8548
1.9185
1.7885
1.9179
1.8093
1.8078
2.0412
1.9140
1.9971
1.8980
1.7688
1.8157
1.8369
1.7761
1.8905
1.7534
1.7706
1.8004
1.8529
1.9157
1.9384
1.8731
1.8892
1.9340
2.0204
2.0182
2.0309
1.9845
2.0124
2.0330
1.9502
2.1166
2.0064
2.0633
2.0111
1.9601
1.9942
2.0623
2.0531
1.9975
2.0017
1.9837
1.9798
2.0032
1.9501
1.9391
2.1298
1.9948
1.8986
1.8932
1.8954
1.9326
2.0058
2.0974
1.9412
1.9930
2.0501
1.9117
2.0085
1.8740
2.0092
1.9855
2.0035
1.8965
1.8880
1.8419
2.0847
1.9959
1.9839
1.9606
1.8941
2.0301
2.0275
2.2534
1.9920
1.8965
1.9627
2.0325
1.8987
1.8973
1.8350
1.9651
1.7834
1.9519
1.7764
1.6955
1.7955
1.7463
1.7273
1.7724
1.7299
1.8102
1.8504
1.7028
1.6747
1.6576
1.7535
1.8463
1.6264
1.6641
1.6974
1.7029
1.6637
1.6451
1.6517
1.7174
1.7488
1.6720
1.7277
1.7328
1.8458
1.6853
1.6931
1.7676
1.6721
1.6574
1.8349
1.8094
1.8572
1.9656
1.8494
1.7895
1.8235
1.7720
1.8056
1.7653
1.6357
1.7308
1.7776
1.7116
1.7467
1.7094
1.6873
1.6189
1.7528
1.7617
1.7452
1.7481
1.6594
1.6977
1.6811
1.6739
1.6361
1.7317
1.6333
1.7100
1.6913
1.7995
1.7835
1.7841
1.7548
1.7754
1.6926
1.6738
1.7679
1.7354
1.7200
1.8196
1.8952
1.7456
1.7537
1.7473
1.6718
1.7658
1.7343
1.6413
1.7678
1.7146
1.8034
1.8285
1.8983
1.9394
1.8076
1.8962
1.9711
1.9917
2.0436
1.9527
1.9478
1.9333
2.0052
1.9224
1.9163
1.9557
1.9262
2.0477
1.8352
1.7795
1.8727
1.8112
2.0283
2.0224
1.8883
1.7247
1.9105
1.9321
1.7713
1.9473
1.8473
1.8525
1.8203
1.7254
1.7920
1.7529
1.7334
1.8419
1.9111
1.7795
1.7737
1.8650
1.8739
1.7600
1.7568
1.8545
1.7487
1.6748
1.7333
1.6506
1.7605
1.7011
1.8559
1.7784
1.6898
1.8732
1.7573
1.7917
1.6201
1.7200
1.7302
1.7168
1.7537
1.7379
1.8475
1.7815
1.6939
1.7745
1.7616
1.7770
1.7541
1.7920
1.7068
1.8723
1.7905
1.8126
1.7453
1.7757
1.9044
1.7572
1.8883
1.7710
1.8594
1.7856
1.6875
1.7144
1.7655
1.7840
1.7021
1.7108
1.7407
1.7819
1.8029
1.8416
1.8002
1.8960
1.7721
1.7078
1.7277
1.8529
1.9436
1.9489
1.7709
1.8221
1.8577
1.9332
1.9800
1.8103
1.8799
1.9079
1.9401
1.8467
2.0136
2.0255
1.9273
1.8449
1.8961
1.9163
1.9654
1.9875
1.8925
1.9291
1.9792
1.9119
1.9413
1.8627
1.9916
1.9333
1.9813
1.8621
1.8568
1.8878
1.9678
2.0453
2.0234
1.8864
1.8349
1.9643
1.9319
1.9012
1.9587
1.9348
1.9742
2.0378
1.8649
1.9444
1.9170
2.1209
2.0744
2.0193
1.8270
1.9329
1.9307
1.8259
1.8893
1.8425
1.8074
1.8472
1.8783
1.8507
1.9115
1.8416
1.8471
1.9091
1.8768
1.8459
1.9164
1.9771
1.9943
1.9733
1.9510
1.9914
1.9304
1.8667
1.8669
1.9047
2.0141
1.9060
1.9661
1.8560
1.9769
1.8734
1.8637
1.9084
1.8699
1.8316
1.9773
1.8358
1.8942
1.9074
2.0788
1.9920
2.0529
1.9922
1.9563
1.9190
1.8873
1.9291
1.9942
1.9652
2.0762
1.9199
2.0193
1.9393
1.9540
1.9576
2.0547
1.9250
2.0215
1.8967
1.9623
1.9726
1.9845
2.0279
1.9610
1.9351
2.0723
1.9173
1.9417
1.9181
1.8974
1.8560
1.8756
1.9245
2.0749
1.8788
1.9209
2.0256
1.9610
1.9575
1.9851
1.9954
1.8914
1.9161
1.9196
1.8259
1.8794
1.9536
2.0493
1.9422
1.8521
1.9954
2.0344
2.0933
2.0273
2.0329
2.0125
2.0660
2.0230
2.1461
2.0603
2.1418
2.0568
2.2236
2.1142
2.2278
2.2049
2.2146
2.1909
2.2154
2.1916
2.1163
2.1488
2.0741
2.1057
2.0684
2.2083
2.1614
2.1885
2.1868
2.0878
2.1601
2.1214
2.2648
2.2194
2.2211
2.2109
2.1982
2.0760
2.0957
2.2192
2.1321
2.0847
2.1377
2.1014
2.1801
2.1275
2.1636
2.1447
2.1847
2.0671
2.0261
2.0741
2.0379
2.0232
1.8885
1.8924
1.9347
1.9471
1.9743
1.9966
2.1163
1.9486
1.9761
2.0534
2.0268
1.9978
2.0525
2.1160
2.1957
2.0313
2.1899
1.9589
2.0874
2.1242
2.0718
2.0299
2.0892
2.0875
2.1281
2.2150
2.0487
2.1357
2.1231
2.1102
2.1726
2.0943
2.0596
2.1289
2.1199
2.2035
2.1841
2.1944
2.0615
2.0083
1.9813
2.1000
2.0597
2.0084
2.0514
2.0357
2.1204
2.0830
2.0121
2.0243
2.0925
2.0269
2.1688
2.0445
2.0803
2.3075
2.2123
2.0811
2.1218
1.9892
2.1280
2.1332
2.1275
2.0708
2.0414
2.1108
1.9999
2.0183
2.0678
1.9603
1.9711
1.8353
1.9437
1.9102
1.9162
1.8329
1.8802
2.0580
1.8685
1.8743
1.9497
1.8039
1.8882
1.9684
1.8469
1.9045
1.8944
1.8686
1.8588
1.8967
1.9356
1.9665
1.8985
1.8415
1.8683
1.9166
1.8703
1.8780
1.7379
1.8340
1.8722
1.8888
1.9362
1.7879
1.8178
1.8273
1.8628
1.9120
1.8445
1.9549
1.8740
2.1034
1.8914
1.8876
1.9239
1.8385
1.9186
2.0412
1.8268
1.9267
1.9796
1.9677
1.9704
2.0310
1.8990
1.9526
2.0038
1.9580
1.9376
1.8721
2.1661
2.0170
1.9261
1.8672
1.9064
1.9558
1.9881
1.9628
1.8880
2.0470
1.9633
1.8624
1.8973
2.0528
1.9183
1.8954
2.0317
1.8945
1.8096
1.9427
1.9269
2.0863
1.8807
1.9096
1.8123
1.8669
1.9235
1.8606
2.0382
1.9076
1.8902
1.8798
2.0115
1.9206
1.9530
2.1234
2.0672
2.2084
2.1075
1.9609
1.9877
2.0572
1.9951
1.9237
1.9524
1.9795
1.9060
1.9677
2.0002
1.9913
2.0886
2.0126
1.9950
1.8889
2.0285
2.0621
1.9448
2.0245
1.9875
2.0220
1.9445
1.9656
1.9761
1.9464
1.8908
1.9322
2.0090
1.8449
2.0640
1.9596
1.8815
1.7806
1.7791
1.7105
1.7393
1.7951
1.7953
1.7502
1.7204
1.7206
1.7183
1.8211
1.9098
1.8051
1.8340
1.9108
1.7779
1.7596
1.8054
1.8445
1.8706
1.8934
1.6765
1.7135
1.8176
1.7737
1.7393
1.8200
1.7912
1.8424
1.9232
1.8601
1.8754
1.9380
1.7528
1.9404
1.8151
1.7837
1.8216
1.8437
1.9043
1.7835
1.8081
1.8804
1.8062
1.7666
1.7443
1.7474
1.8576
1.7970
1.7833
1.7507
1.8344
1.8705
1.8756
1.8583
1.8492
1.9986
1.7308
1.8410
1.7622
1.7432
1.7422
1.7556
1.7204
1.8626
1.7598
1.8706
1.8652
1.8191
1.7947
1.8428
1.9107
1.8557
1.9324
1.9042
1.8397
1.9389
1.7988
1.7350
1.8008
1.8275
1.9075
1.8093
1.8275
1.7406
1.8581
1.9688
1.7885
1.9409
2.0065
1.8819
1.9179
1.9768
1.9845
2.0483
1.9131
1.9370
1.8360
1.9482
1.8528
1.9155
1.8555
1.9981
1.9474
1.9369
1.9901
1.9174
1.8955
1.9603
1.8609
1.8729
2.0286
1.9618
1.9140
1.9324
1.9682
1.9994
1.9238
1.8929
1.9399
1.8028
1.8361
1.6865
1.6906
1.6684
1.7454
1.7531
1.9085
1.9103
1.6923
1.8134
1.8524
1.9336
1.9260
1.9780
2.1254
1.9965
2.1224
1.9939
2.0128
2.0588
2.0540
2.0559
2.1268
2.0488
2.0987
2.0119
1.9781
2.0760
2.0184
2.0818
2.0055
2.0160
2.1471
2.0951
2.1133
1.9607
2.0096
2.1817
2.2680
2.1491
2.1958
2.0819
2.2696
2.1257
2.1046
2.1016
2.0049
2.0628
2.1520
2.2879
2.1904
2.0818
2.0987
2.1373
2.0311
1.9695
2.0197
2.0875
2.0451
2.1863
2.0333
2.0538
2.1422
2.0281
1.9641
2.0432
2.1351
2.0501
2.1379
2.0903
2.0257
1.9279
1.9566
1.8967
1.9700
2.0240
2.0533
2.1533
2.0945
2.1224
2.1849
2.0609
2.0129
2.1199
2.0514
2.0364
1.9878
2.2109
2.0486
2.0910
2.1214
2.2176
2.0728
2.1189
2.2358
2.1690
2.1245
2.1188
2.1095
2.1849
2.1229
2.1691
2.2949
2.2453
2.1954
2.1381
2.0903
2.0789
2.0978
1.9975
1.9618
2.0483
2.0463
2.1738
2.0422
2.1037
1.9594
2.0344
2.0066
2.2992
2.1979
2.1777
2.0912
1.9894
2.1662
2.2821
2.1780
2.2348
2.1223
2.2437
2.0766
2.0725
1.9609
1.9770
2.1111
1.9444
2.1422
2.2127
2.1082
2.1046
2.2026
2.0684
1.9660
2.1028
2.0438
1.9805
2.0341
2.1045
2.0855
2.0458
2.2360
2.1948
2.0368
2.2239
1.9830
2.0027
2.0290
2.1422
2.1893
2.0457
2.0035
2.0273
2.1492
2.1124
2.1508
2.0583
1.9255
1.9819
2.0253
2.1115
1.9986
2.0751
1.9984
2.0361
2.2300
2.1296
2.0865
2.0733
2.1014
1.9681
1.8994
1.9800
2.0641
1.9651
1.9067
1.8590
1.8063
1.8457
1.8981
1.9014
1.9095
1.7925
1.8565
1.9328
1.8236
1.8096
1.7667
1.9265
1.9934
1.8258
1.9024
1.9794
1.9211
1.9823
1.8471
1.9799
2.0486
1.9025
1.9081
1.9195
1.9200
2.1380
2.0039
2.0247
2.1108
2.1148
2.2640
2.1398
2.1357
2.1729
2.1808
2.3144
2.2827
2.2208
2.1790
2.0689
2.0463
2.0588
2.1396
2.1118
2.0036
2.0049
1.9128
2.1723
1.9325
2.0474
2.0788
1.9288
1.9467
2.0394
1.8241
1.8612
1.9661
1.9848
1.8871
1.8907
1.8855
2.0879
1.8896
1.8945
2.1030
2.0369
1.9640
1.9404
1.8765
1.9891
1.9042
1.9043
1.9549
1.8231
1.8575
1.8204
1.8325
1.9410
1.9869
1.8949
1.8296
1.9616
2.0213
1.9837
2.0225
2.0444
1.9464
1.9488
2.0419
1.9687
1.8612
2.0480
1.9363
2.0505
1.9708
1.9987
2.0666
1.9559
1.9583
1.9818
2.1277
2.0692
2.1699
2.1646
2.0746
2.0583
2.1031
2.2586
2.4237
2.3533
2.3832
2.3476
2.1909
2.2613
2.2807
2.5019
2.3024
2.3412
2.3042
2.3862
2.3976
2.2230
2.1494
2.3637
2.1366
2.1443
2.1273
2.1931
2.3545
2.2134
2.1849
2.1985
2.0263
2.1603
2.1558
2.0549
2.0636
2.0954
2.0772
2.0768
2.1434
2.1196
2.2557
2.1947
2.0883
1.9695
2.0063
2.0982
2.0935
2.0317
1.9884
2.0790
2.0095
2.1062
1.9706
2.0598
2.0288
2.1558
2.1218
2.0981
2.1450
2.1810
2.1886
2.2354
2.2017
2.1335
2.1071
2.1556
2.1197
2.0445
2.0992
2.2878
2.0694
2.2138
2.2862
2.3148
2.4090
2.2148
2.1922
2.2296
2.1652
2.2654
2.1260
2.0803
2.0677
2.0889
2.0968
2.0035
2.0195
2.0154
2.1141
2.0850
2.0559
1.9812
1.9481
1.8485
1.8663
1.9351
1.9703
2.0190
1.9405
1.8998
1.9280
2.0327
1.9624
2.1225
1.9506
1.9838
1.8986
1.9755
1.9663
1.9687
2.0395
1.9021
1.9151
2.0273
1.9131
1.9716
2.0221
2.0012
1.9166
1.9308
2.0247
2.0079
2.0350
2.0835
2.0814
1.9746
2.0932
2.0026
1.9785
2.1269
2.0600
2.0001
2.1407
2.0696
2.0762
2.0877
2.1128
2.1003
2.0146
2.3394
2.2161
1.9485
2.0234
1.9750
2.0567
2.0603
2.0501
2.1135
2.0618
2.1120
2.0294
2.2427
2.2139
2.1105
2.1675
2.0509
2.1567
2.1268
2.1657
2.0531
2.1372
2.0728
2.1867
1.9586
1.9987
2.0469
2.0275
2.0072
2.0198
2.0681
2.0713
2.1009
2.2179
2.1695
2.0610
2.1252
2.1824
2.0609
2.1280
2.2127
2.1325
2.0770
2.1235
2.0736
2.0957
2.2439
2.1831
2.3264
2.2662
2.2975
2.2813
2.1265
2.1598
2.1113
2.1035
2.0692
2.0864
2.0254
2.1220
2.1276
2.1433
2.1016
2.0496
2.0480
2.0086
2.1189
2.1231
1.9806
1.9726
2.1817
2.0918
2.0715
2.3465
2.2563
2.1436
2.2196
2.2578
2.2459
2.1733
2.3691
2.3118
2.2470
2.3034
2.2064
2.1098
2.0851
2.1607
2.1778
2.1015
2.1166
2.1849
2.0654
1.9884
2.0373
1.9945
2.0369
2.0507
2.0255
2.1069
2.0375
2.2874
2.0738
2.1669
2.1083
2.1330
2.1985
2.1241
2.1006
2.1613
2.2141
2.1054
2.1770
2.0460
2.0948
2.2487
2.2040
2.1985
2.1842
1.9945
2.0805
2.2868
2.1941
2.2601
2.3452
2.3273
2.4390
2.2540
2.4042
2.3013
2.3295
2.3464
2.3610
2.3610
2.2414
2.1234
2.2150
2.2146
2.1627
2.1270
2.2265
2.1663
2.2306
2.0678
2.1995
2.0447
2.0575
2.0172
2.1724
2.1646
2.1140
2.2993
2.2829
2.2253
2.2743
2.2051
2.2167
2.2632
2.2278
2.1065
2.1758
2.0179
2.2547
2.2791
2.1453
2.1428
2.2108
2.2069
2.1876
2.1141
2.1134
2.1886
2.2728
2.2488
2.1859
2.1836
2.2195
2.1735
2.1422
2.2067
2.2729
2.1835
2.0635
2.0414
1.9344
2.0534
2.0094
1.9824
2.0106
2.0707
2.0140
2.1067
2.0037
2.0117
2.0406
2.0709
2.0897
1.9954
2.1342
2.1628
2.0643
2.0767
2.0865
2.1727
2.2901
2.1783
2.1906
2.1642
2.1170
2.0471
2.1931
2.1132
2.0907
2.0963
2.1865
2.0266
2.1020
1.9651
2.0284
2.0250
2.1803
2.1341
2.1339
2.1363
2.0754
1.9897
2.0495
2.1280
2.1583
2.0840
1.9453
2.1444
2.1656
2.1142
2.0750
2.4305
2.2071
2.0898
2.0424
2.0187
2.0164
1.9623
2.1520
2.1257
2.0223
2.0763
2.1609
2.0863
2.1803
2.1598
2.3745
2.1958
2.2227
2.2319
2.3349
2.1139
2.2491
2.2857
2.2871
2.1164
2.0340
2.1112
2.1543
2.0335
2.2045
2.0905
1.9665
2.1280
2.0867
2.0683
2.1309
2.1157
2.0686
1.9974
2.0444
2.1935
2.0539
2.0093
2.0789
2.0935
2.0809
2.0521
2.0491
2.0643
2.1130
2.0982
2.0740
2.0912
2.1546
2.1800
2.1373
2.2800
2.1292
2.1505
2.1136
2.0989
2.1951
2.1650
2.1379
2.1373
2.1060
2.2339
2.3056
2.2720
2.2207
2.1871
2.1450
2.2876
2.3114
2.2868
2.3152
2.2232
2.2115
2.1328
2.1654
2.2076
2.2104
2.2200
2.3546
2.2080
2.1796
2.2653
2.1795
2.2795
2.2877
2.2155
2.3707
2.2871
2.1383
2.1507
2.2525
2.2215
2.4033
2.2280
2.3406
2.1788
2.4710
2.2632
2.1930
2.1517
2.3078
2.2023
2.3372
2.1171
2.3527
2.2706
2.4141
2.2682
2.3578
2.4074
2.4009
2.2290
2.3489
2.3094
2.3441
2.3469
2.4038
2.4195
2.4027
2.3075
2.3360
2.3229
2.2576
2.2708
2.3633
2.2761
2.2582
2.2332
2.3919
2.1202
2.2901
2.3844
2.1490
2.4597
2.3733
2.4740
2.2080
2.0511
2.1236
2.0474
2.0859
2.3272
2.2961
2.4077
2.3461
2.3302
2.3763
2.1750
2.3284
2.3405
2.3781
2.3740
2.4555
2.4741
2.2939
2.3129
2.3307
2.2670
2.3960
2.2771
2.1797
2.3179
2.2694
2.1814
2.1117
2.0613
2.1851
2.3490
2.3082
2.2295
2.1696
2.1795
2.1762
2.2210
2.2469
2.2049
2.2100
2.1325
2.2495
2.2845
2.3317
2.2709
2.4870
2.3639
2.3449
2.3335
2.4019
2.4804
2.3055
2.4302
2.4388
2.3158
2.4546
2.4300
2.4697
2.4582
2.3764
2.4838
2.6924
2.2985
2.4703
2.3935
2.3007
2.2682
2.2989
2.3008
2.1568
2.3170
2.3128
2.3770
2.3219
2.4465
2.3738
2.2275
2.3120
2.3617
2.3796
2.5781
2.4821
2.2893
2.4352
2.2731
2.2948
2.1040
2.2084
2.3923
2.2787
2.2990
2.2935
2.1577
2.1826
2.2413
2.2394
2.1627
2.1790
2.2998
2.3992
2.2450
2.2193
2.1562
2.3676
2.2754
2.2336
2.3338
2.2911
2.1819
2.1016
2.1577
2.1291
2.2441
2.1712
2.2481
2.1985
2.2100
2.3080
2.3188
2.2696
2.2094
2.4709
2.2631
2.3784
2.2588
2.1550
2.2754
2.3420
2.2681
2.2531
2.2815
2.1678
2.3620
2.2548
2.4234
2.3993
2.3307
2.3420
2.3493
2.3548
2.5138
2.4667
2.4792
2.5405
2.5914
2.6777
2.5758
2.7571
2.8091
2.5996
2.5112
2.6040
2.6843
2.5454
2.5146
2.6388
2.5131
2.4738
2.4640
2.4728
2.1814
2.2959
2.2946
2.3458
2.1903
2.3358
2.3920
2.3341
2.4410
2.2588
2.4257
2.3824
2.2202
2.3257
2.1874
2.2107
2.3602
2.4262
2.4959
2.3262
2.4018
2.2385
2.2760
2.2909
2.3927
2.4606
2.3973
2.4190
2.3513
2.1973
2.3546
2.3509
2.5218
2.4627
2.3322
2.3944
2.3947
2.2685
2.3880
2.5147
2.2597
2.4948
2.3507
2.5161
2.3626
2.3069
2.2522
2.2895
2.4129
2.4210
2.3281
2.4097
2.5153
2.5327
2.4754
2.4079
2.3355
2.4226
2.2419
2.2523
2.2337
2.2783
2.3507
2.2887
2.2973
2.2513
2.4038
2.3389
2.3909
2.2756
2.2306
2.2892
2.1756
2.1521
2.2440
2.2012
2.1937
2.1733
2.1984
2.2087
2.2284
2.2154
2.2154
2.2317
2.3891
2.3829
2.2857
2.2913
2.3225
2.1919
2.2096
2.1642
2.2444
2.2693
2.2694
2.4320
2.2749
2.3777
2.4619
2.3039
2.3113
2.0646
2.1402
2.3225
2.3067
2.2782
2.2789
2.1983
2.2267
2.1827
2.2620
2.3464
2.2610
2.2235
2.2742
2.1953
2.1010
2.0759
2.2091
2.1677
2.1534
2.1035
2.0656
2.2738
2.0847
2.0631
2.1559
2.2591
2.3019
2.3168
2.4081
2.5011
2.1851
2.3218
2.3563
2.0923
2.3434
2.1588
2.1693
2.2470
2.1579
2.2806
2.1782
2.1578
2.2782
2.3665
2.2971
2.3018
2.2299
2.1454
2.0887
2.1966
2.1748
2.1512
2.3600
2.1430
2.2586
2.3274
2.2875
2.2214
2.3410
2.3435
2.3348
2.3921
2.3287
2.2240
2.2480
2.2737
2.4203
2.3810
2.3311
2.3148
2.1507
2.2476
2.2472
2.2536
2.2703
2.2404
2.2822
2.3470
2.2952
2.3590
2.2845
2.3819
2.2893
2.2569
2.2546
2.4892
2.4815
2.3836
2.4275
2.3147
2.3508
2.2666
2.2302
2.3109
2.0354
2.2574
2.0635
2.1999
2.2298
2.3973
2.2028
2.2365
2.1991
2.1849
2.2822
2.4456
2.4180
2.2681
2.4210
2.4527
2.2628
2.2901
2.2402
2.3759
2.2877
2.3995
2.4486
2.3607
2.4433
2.2461
2.2740
2.3496
2.4101
2.2943
2.5022
2.3226
2.3781
2.3521
2.4334
2.3533
2.3434
2.4146
2.3423
2.3678
2.3337
2.2826
2.3292
2.2763
2.3013
2.3609
2.3279
2.4658
2.3242
2.3118
2.4634
2.3036
2.4814
2.4730
2.3922
2.3045
2.2870
2.3745
2.3180
2.2244
2.2036
2.1870
2.3481
2.1843
2.3425
2.2943
2.2555
2.3272
2.3178
2.4436
2.3022
2.4039
2.4364
2.4360
2.5176
2.5194
2.4286
2.5663
2.4441
2.3489
2.4465
2.7371
2.5612
2.5008
2.4865
2.4667
2.6257
2.4267
2.6351
2.7093
2.6801
2.4564
2.3645
2.5690
2.7483
2.6404
2.5708
2.4058
2.5293
2.5576
2.3899
2.5102
2.5333
2.6107
2.7485
2.7360
2.6158
2.7751
2.8646
2.7929
2.7535
2.8455
2.8899
2.9523
2.6014
2.7444
2.8323
2.7736
2.7719
2.8200
2.7350
2.5858
2.6230
2.6782
2.5396
2.4070
2.5172
2.5842
2.4280
2.5358
2.3771
2.4453
2.6062
2.4447
2.4404
2.5282
2.5740
2.5285
2.5251
2.5473
2.5906
2.7138
2.6182
2.6818
2.6215
2.6131
2.5639
2.6055
2.5670
2.7408
2.7446
2.5767
2.5389
2.5786
2.6023
2.6117
2.7057
2.6537
2.7170
2.6156
2.7396
2.5629
2.8160
2.7798
2.5891
2.5269
2.5101
2.5174
2.6699
2.6187
2.5141
2.5825
2.4402
2.3967
2.3493
2.4380
2.2795
2.3242
2.2145
2.2467
2.2966
2.4174
2.3670
2.3565
2.3239
2.4930
2.4504
2.4784
2.2972
2.3879
2.4783
2.4340
2.5603
2.4960
2.3549
2.4824
2.5108
2.5438
2.4744
2.4341
2.5128
2.6443
2.6201
2.4773
2.5892
2.5561
2.5241
2.4861
2.4113
2.6247
2.4795
2.5299
2.5759
2.6646
2.7201
2.6156
2.7531
2.7711
2.6739
2.6545
2.5977
2.6306
2.8193
2.7019
2.7303
2.6432
2.6493
2.5674
2.5755
2.5184
2.6746
2.5403
2.5695
2.5153
2.7106
2.7860
2.8385
2.6513
2.6557
2.8145
2.8816
2.8611
2.8589
2.7119
2.5946
2.7332
2.6283
2.7258
2.9334
2.7890
2.8014
2.9567
2.7692
3.0009
3.0502
2.9538
3.0037
3.0727
3.0416
3.0935
3.1415
2.8974
2.8376
2.8110
2.6909
2.7887
2.7460
2.5930
2.4301
2.6683
2.7213
2.6417
2.8022
2.4437
2.6275
2.5590
2.8247
2.6303
2.7129
2.6536
2.6202
2.6086
2.6067
2.7746
2.7300
2.7560
2.7584
2.7058
2.5214
2.6374
2.5615
2.4598
2.5883
2.7472
2.7814
2.6989
2.9717
2.7096
2.6622
2.5981
2.6670
2.6406
2.7554
2.7040
2.7260
2.7121
2.5761
2.6932
2.6984
2.8324
2.7295
2.6942
2.6476
2.6794
2.5462
2.5816
2.5131
2.5471
2.4955
2.3736
2.4520
2.5798
2.5216
2.3670
2.4451
2.3892
2.4635
2.5905
2.5529
2.5555
2.6564
2.6392
2.5717
2.6335
2.3899
2.4114
2.4652
2.3616
2.5203
2.4659
2.3993
2.6082
2.6724
2.5137
2.5327
2.4419
2.5063
2.5756
2.5468
2.6474
2.5033
2.7798
2.5105
2.5531
2.7874
2.6509
2.5208
2.7683
2.6061
2.5731
2.5450
2.5529
2.3159
2.5745
2.5521
2.5156
2.5697
2.5045
2.4876
2.4066
2.8111
2.7700
2.6252
2.4844
2.6535
2.4945
2.5088
2.5972
2.5360
2.4116
2.4486
2.4440
2.4774
2.5413
2.5235
2.3300
2.3884
2.3303
2.4932
2.3761
2.4583
2.4100
2.3235
2.3153
2.2128
2.3534
2.4538
2.4551
2.4826
2.3926
2.4301
2.4963
2.6266
2.5540
2.5761
2.7130
2.6475
2.5474
2.5394
2.5277
2.5985
2.4248
2.6586
2.5486
2.5108
2.4943
2.2993
2.5524
2.5530
2.5312
2.6073
2.6534
2.6493
2.6267
2.6102
2.5359
2.3612
2.3852
2.4930
2.5754
2.6094
2.4698
2.5237
2.7577
2.5781
2.5165
2.4920
2.6178
2.7163
2.6150
2.6763
2.6570
2.6249
2.5805
2.5352
2.6582
2.6662
2.6713
2.5109
2.7757
2.6415
2.6781
3.0026
2.9211
2.6613
2.6758
2.6641
2.9020
2.5794
2.6887
2.5798
2.4940
2.4615
2.5660
2.5500
2.3897
2.5580
2.4600
2.5850
2.6052
2.7456
2.4965
2.5700
2.6466
2.6076
2.4970
2.6203
2.5882
2.5380
2.5494
2.4995
2.6697
2.4627
2.5195
2.5703
2.2661
2.3688
2.4864
2.2926
2.4493
2.4306
2.3573
2.5330
2.4197
2.4850
2.6386
2.6464
2.6283
2.5160
2.6588
2.4363
2.5154
2.5751
2.5264
2.4444
2.4099
2.5746
2.7021
2.5264
2.4864
2.5256
2.5245
2.5101
2.6382
2.6513
2.6720
2.6629
2.4024
2.5786
2.4574
2.6000
2.6114
2.4947
2.5783
2.4739
2.4057
2.4234
2.3967
2.3191
2.5275
2.5181
2.5920
2.4870
2.6158
2.5707
2.6124
2.5942
2.4293
2.6048
2.5273
2.5716
2.6480
2.6407
2.4398
2.4869
2.4965
2.4113
2.5120
2.5713
2.7826
2.6099
2.4606
2.3892
2.5069
2.2705
2.5989
2.4183
2.5500
2.5326
2.4614
2.5366
2.5658
2.5825
2.5184
2.4947
2.6041
2.6066
2.6669
2.5450
2.4165
2.4837
2.5902
2.6178
2.7082
2.7374
2.5265
2.6181
2.5227
2.6424
2.8580
2.6640
2.7185
2.6879
2.8399
2.8180
3.0070
3.0761
2.8753
2.9175
2.8851
2.7582
2.8444
2.7273
2.8983
2.6573
2.5765
2.6443
2.6885
2.8265
2.9648
2.6408
2.8422
2.7023
2.7234
2.7713
2.7769
2.7341
2.9265
2.9610
2.8463
2.6557
2.7809
2.7479
2.9813
2.8809
2.8051
2.9468
2.9773
2.7755
3.0105
3.3400
2.9711
2.9288
3.2366
3.1410
2.9120
2.9514
2.9332
2.8914
3.0246
2.9586
3.0910
3.1687
3.0673
2.9311
2.9768
2.9982
3.0359
2.9637
3.0901
2.8880
2.7983
2.9952
3.2499
2.9939
3.0609
2.5937
2.6234
2.9139
2.8756
2.7180
2.5203
2.6283
2.7648
2.9826
2.8785
2.8860
2.7339
2.5784
2.9167
2.9951
2.8505
2.8792
2.6892
2.9122
2.7662
2.8795
2.7375
2.9470
3.1139
3.0312
3.0504
2.9795
2.9427
3.0647
3.0238
2.9215
2.8947
2.8192
2.7650
3.0059
3.1868
2.9784
3.1323
3.1939
3.0578
3.0070
2.9216
2.9507
2.9811
3.3715
3.1230
2.9768
2.8793
3.0107
2.9408
3.0403
2.8271
2.8651
2.7894
3.1377
2.9236
2.9841
3.2628
3.1450
3.1772
3.2500
3.2489
3.2012
3.3432
2.9437
3.2481
3.3790
3.4744
3.3777
3.3213
3.3326
3.1735
3.4040
3.0890
3.4845
3.2322
3.3585
3.2981
3.4172
3.3992
3.3787
3.3026
2.9824
3.1386
3.3811
3.1371
3.2513
3.3115
3.2068
3.2885
3.1418
3.2085
3.1949
2.9551
3.1869
3.1559
2.9743
3.0640
3.0281
3.3656
3.4041
3.2822
3.4710
3.5847
3.6085
3.4261
3.3713
3.1963
3.1662
3.3689
3.2386
3.3948
3.5287
3.3168
3.2764
3.2474
3.5048
3.3169
3.3399
3.2828
3.0145
3.1054
3.1898
3.0077
3.0161
3.0684
3.0385
3.0537
3.0321
3.3359
3.3827
3.1641
3.3270
3.3161
3.2607
3.1255
3.1220
3.1090
3.3360
3.1473
3.2451
3.3584
3.2853
3.4725
3.1668
3.3014
3.2289
3.3160
3.3221
3.0416
3.1661
3.1026
3.2525
3.2236
3.1873
3.1801
3.0902
3.0585
2.8358
3.0520
2.8989
3.1405
2.8990
3.2336
3.2902
3.0756
3.0552
3.1130
3.1780
3.0323
2.9999
2.9259
3.0452
3.1371
2.9424
2.9426
2.9290
3.0137
3.0181
2.9231
3.0217
3.1935
3.0412
3.2953
3.2017
3.1745
3.2697
3.2388
3.2538
3.2566
3.2898
3.0080
3.2513
3.2287
3.3905
3.2580
3.3789
3.3588
3.3590
3.1695
3.2184
3.1087
3.2494
3.0151
2.8937
2.8071
2.7944
2.7452
2.8482
2.8120
2.6840
2.7701
2.8713
2.7238
2.8099
2.6499
2.6025
2.8367
2.7672
2.6779
2.8301
2.7715
2.8062
2.6333
2.6536
2.7466
2.7840
2.7512
2.6238
2.5698
2.7349
2.6658
2.6138
2.6177
2.6215
2.6462
2.6704
2.8233
2.7946
2.7813
2.6093
2.6438
2.5769
2.7414
2.6177
2.6811
2.7171
2.7895
2.7694
2.9124
2.9431
2.9248
2.9675
2.9227
2.8825
2.8223
2.7972
2.8777
2.8825
2.9049
2.8664
3.2148
3.1166
2.9364
3.1328
3.1828
3.1352
3.0202
2.9227
2.8123
3.1030
2.8776
2.9454
2.7908
2.9611
2.8194
2.9343
2.9144
2.9671
2.8907
3.0116
2.8483
2.8589
2.8972
2.8161
2.9553
2.7613
2.6983
2.8097
2.7785
2.9125
3.0927
3.0627
3.0926
3.1593
3.0939
2.9666
2.8507
2.9784
2.9697
2.9758
3.0254
2.9984
3.0582
2.9398
3.2409
3.1601
2.8572
2.9400
2.9727
2.8433
3.0689
2.8740
2.9812
2.8801
3.0011
2.9896
2.6877
2.8980
2.9876
2.7057
2.7784
2.7936
2.8233
2.8193
2.8897
2.9036
2.7705
2.8036
2.7928
2.6655
2.6913
2.7640
2.8137
2.6994
2.7654
2.8163
2.6977
2.7830
2.9136
2.7544
2.9306
2.8898
2.8529
2.7930
2.9062
2.8873
2.8197
2.7590
2.8530
2.7923
2.8318
2.8345
2.7780
2.8044
2.8146
2.6926
2.6503
2.7293
2.7717
2.8384
2.6431
2.8363
2.8046
2.6959
2.6275
2.6777
2.5844
2.6106
2.6485
2.6292
2.6982
2.6136
2.4740
2.4725
2.5711
2.5314
2.6665
2.6649
2.5913
2.6729
2.6857
2.5812
2.6134
2.7513
2.6862
2.7432
2.6312
2.7827
2.6089
2.7904
2.7542
2.8114
2.7893
2.8893
2.6965
2.8223
2.7646
2.6643
2.6504
2.7190
2.7245
2.4932
2.5691
2.5968
2.5694
2.5994
2.6428
2.8084
2.7784
2.7944
2.6300
2.7794
2.5927
2.8347
2.7474
2.6367
2.7474
2.9371
2.7612
2.6687
2.5276
2.6341
2.6364
2.7044
2.7651
2.6100
2.6640
2.7952
2.6125
2.6703
2.7719
2.7779
2.6422
2.7469
2.8505
2.6463
2.6832
2.6453
2.8825
2.8634
2.6889
2.8296
2.7583
2.9202
2.8526
2.7321
2.8097
2.7184
2.6036
2.8008
2.8004
2.7137
2.8311
2.7559
2.6946
2.7561
2.7409
2.8336
2.5993
2.6519
2.7364
2.6521
2.6762
2.6315
2.6076
2.6728
2.8071
2.7261
2.8154
2.6947
2.6425
2.6548
2.6181
2.6331
2.7020
2.7193
2.6517
2.6761
2.7414
2.7284
2.6681
2.6672
2.7158
2.8522
2.7645
2.7940
2.8292
2.6404
2.8679
2.7571
2.7144
2.6430
2.7298
2.8362
2.8021
2.6408
2.7167
2.7488
2.8978
2.6888
2.7283
2.5775
2.6126
2.7708
2.6303
2.7684
2.6637
2.7083
2.7953
2.8528
2.6895
2.6153
2.7115
2.5981
2.6531
2.6941
2.6778
2.6740
2.5692
2.8262
2.7807
2.9674
3.0140
2.9449
2.9321
3.0089
3.0240
2.9391
2.9411
3.1586
3.1071
3.0883
2.8882
2.8488
2.9704
3.0096
2.9449
2.8652
3.0377
2.9479
3.0523
3.0139
2.9820
3.0597
3.0843
2.9399
2.8796
3.0011
3.1863
2.9363
3.0842
3.0082
3.0875
2.9982
2.8517
2.8569
2.7860
2.9285
3.0115
3.0662
2.9906
3.0781
3.0193
3.0067
3.0998
3.0870
3.0943
3.0649
3.0965
3.0413
2.9517
2.8847
2.9158
2.9108
3.0770
2.9838
2.8170
2.9105
3.0773
3.1476
3.2170
3.1699
3.1961
3.1627
2.9602
3.0838
3.0947
2.9935
3.1173
2.9292
2.8387
2.9077
2.9947
2.7108
2.7809
2.8132
2.9923
2.8088
2.8468
2.7880
2.8017
2.6875
2.6826
2.8990
2.9614
3.1571
2.8644
2.7583
2.9084
2.8262
2.9344
2.9923
2.8365
2.9230
3.0112
2.9920
2.9711
3.0208
3.1006
2.9392
2.9188
2.8964
2.9956
3.0734
3.1831
3.1728
3.0843
3.1050
2.9848
3.0614
3.2459
2.9383
2.7745
2.9218
2.8337
2.8025
2.5574
2.5208
2.6596
2.6376
2.7849
2.6893
2.6758
2.7154
2.6845
2.6280
2.5767
2.2697
2.4360
2.5494
2.6622
2.7016
2.6837
2.7911
2.7544
2.6561
2.5800
2.7424
2.6311
2.7784
2.7301
2.6102
2.4182
2.5786
2.4403
2.5598
2.6400
2.5278
2.5720
2.7779
2.6737
2.8549
2.7398
2.7015
2.7172
2.7668
2.8067
2.8436
2.9933
2.9433
2.9128
2.8237
2.9245
2.8829
2.8877
2.9717
3.2488
3.0827
2.8806
2.7431
2.7146
2.7450
2.6392
2.6386
2.8327
2.7510
3.0512
2.6213
2.5485
2.4914
2.4977
2.5145
2.4603
2.4975
2.6335
2.6177
2.4951
2.4401
2.4693
2.4000
2.4337
2.3273
2.5358
2.5008
2.4098
2.2671
2.2961
2.5186
2.3489
2.3530
2.4713
2.2885
2.4325
2.4594
2.4296
2.4752
2.5532
2.4990
2.6798
2.7616
2.6313
2.5501
2.5769
2.5677
2.3849
2.5553
2.6838
2.6986
2.4938
2.6068
2.7664
2.5798
2.5457
2.6314
2.5703
2.6471
2.6854
2.6043
2.8733
2.8115
2.8495
2.8378
2.8183
2.7177
2.5073
2.5810
2.5180
2.6821
2.6702
2.5210
2.5340
2.5168
2.4719
2.6420
2.7274
2.4741
2.5921
2.6607
2.5657
2.4897
2.4414
2.4838
2.4500
2.5650
2.5104
2.2717
2.4601
2.3363
2.4529
2.3393
2.3055
2.4022
2.5420
2.5570
2.4495
2.6112
2.4998
2.7263
2.7801
2.9146
3.0126
3.0345
3.0420
2.9512
2.9790
2.9373
2.9317
2.9759
2.8829
3.0515
2.8359
3.0338
3.0447
2.8663
3.2277
3.0009
2.9868
3.0575
2.9670
3.2617
3.1381
3.2194
3.0395
3.0184
3.1811
3.0773
3.0932
3.3064
3.0380
2.9846
3.0379
3.0132
3.0416
3.0380
2.8783
3.0815
2.7887
2.7868
2.6012
2.7934
2.8880
2.8219
2.7966
2.9139
2.8520
2.8899
2.9348
2.7390
2.7486
2.6094
2.8007
2.7277
2.8153
2.9519
2.7468
2.8449
2.8275
2.6402
2.8029
2.9314
2.8255
3.1019
3.0340
2.9180
2.8656
2.8441
2.7917
2.8901
2.9076
2.8634
2.8287
2.6952
2.8577
2.8015
2.7494
2.6008
2.7661
2.9034
2.9149
2.9916
2.9856
2.8737
2.6372
2.8807
2.8045
2.6873
2.7997
2.7084
2.7053
2.8020
2.7052
2.6664
2.6437
2.6788
2.6763
2.6908
2.7670
2.7264
2.7815
2.8414
2.7150
2.7729
2.9309
2.7046
2.7564
2.7927
2.6743
2.7483
2.5432
2.4709
2.5122
2.5917
2.5946
2.5516
2.6448
2.6558
2.3823
2.4202
2.6106
2.6275
2.7279
2.7109
2.3992
2.5109
2.3444
2.4670
2.4478
2.4141
2.7319
2.4806
2.6781
2.6869
2.4668
2.7327
2.7362
2.4812
2.4841
2.5005
2.4397
2.5492
2.3327
2.3566
2.3343
2.4096
2.4066
2.3813
2.2757
2.3909
2.4055
2.5058
2.5236
2.6053
2.5204
2.5387
2.4883
2.5551
2.4572
2.5063
2.3445
2.3645
2.4531
2.3009
2.4874
2.5164
2.4293
2.3083
2.4657
2.3876
2.3842
2.2259
2.4625
2.4270
2.3936
2.3803
2.2896
2.3671
2.3727
2.5290
2.4338
2.4559
2.3937
2.4332
2.4848
2.3951
2.4152
2.4828
2.4969
2.5369
2.6753
2.7324
2.6780
2.5447
2.7748
2.5650
2.5412
2.5205
2.5796
2.5937
2.4387
2.5464
2.5112
2.5195
2.4631
2.5721
2.5104
2.6033
2.5533
2.6121
2.5700
2.7543
2.9284
2.7086
2.5193
2.6802
2.5755
2.5713
2.6030
2.6417
2.5216
2.5666
2.5796
2.6441
2.5967
2.4887
2.5471
2.6261
2.5288
2.4833
2.6004
2.5921
2.6448
2.5529
2.6573
2.7466
2.5936
2.6892
2.8100
2.5585
2.5923
2.7084
2.8195
2.6461
2.7438
2.7889
2.6555
2.6893
2.6694
2.7767
2.6916
2.7652
2.6321
2.7065
2.5622
2.6134
2.6620
2.7153
2.6116
2.6459
2.5922
2.5888
2.5778
2.6297
2.6206
2.6486
2.5143
2.4743
2.2972
2.6845
2.5165
2.3977
2.4715
2.5621
2.6723
2.6032
2.7050
2.5995
2.5196
2.7015
2.5585
2.6671
2.5795
2.6605
2.5059
2.4379
2.6577
2.5393
2.6635
2.5748
2.6177
2.6005
2.5619
2.6249
2.6138
2.6754
2.6151
2.5881
2.6207
2.5665
2.6025
2.6533
2.6083
2.5613
2.5963
2.8427
2.7500
2.5951
2.7411
2.7741
2.6458
2.7042
2.6282
2.6097
2.5985
2.6314
2.7676
2.7322
2.7298
2.7721
2.7955
2.5609
2.6697
2.4641
2.5320
2.5651
2.5670
2.5203
2.6133
2.5531
2.5786
2.6843
2.5645
2.8368
2.6972
2.8489
2.6865
2.7715
2.6990
2.7310
2.7336
2.6845
2.7181
2.7526
2.7369
2.8417
2.7798
2.8434
2.7426
2.8053
2.8604
2.9825
2.8070
2.6491
2.7184
2.8627
2.7204
2.6060
2.7050
2.5080
2.4878
2.7642
2.7516
2.6368
2.7172
2.7698
2.5634
2.6041
2.7479
2.6720
2.6947
2.8926
2.8478
2.7886
2.8976
2.8473
2.8535
2.8443
2.8024
2.9390
2.8073
2.6791
2.5576
2.7356
2.7445
2.5466
2.6624
2.7136
2.5845
2.6718
2.6500
2.7613
2.6525
2.6107
2.6718
2.7195
2.5559
2.4937
2.7326
2.6700
2.6200
2.6024
2.4999
2.5844
2.6020
2.7359
2.6588
2.7742
2.7825
2.7294
2.8005
2.7459
2.6631
2.8360
2.7334
2.8624
2.8179
2.5528
2.7867
2.6959
2.5543
2.7548
2.6802
2.7827
2.5916
2.6450
2.5195
2.5020
2.5006
2.6239
2.4832
2.4809
2.5100
2.5547
2.5696
2.5206
2.5460
2.5162
2.5833
2.5116
2.5093
2.5452
2.4521
2.4191
2.4033
2.5514
2.4518
2.4412
2.5516
2.5080
2.6002
2.5085
2.5504
2.5185
2.5868
2.5933
2.6532
2.6727
2.7139
2.5162
2.5144
2.5163
2.5080
2.6075
2.6191
2.5913
2.5982
2.6031
2.6384
2.6026
2.5340
2.5586
2.7587
2.5526
2.6191
2.6235
2.5679
2.5903
2.4469
2.6439
2.6261
2.5561
2.5479
2.5415
2.6165
2.6947
2.5484
2.5404
2.5469
2.6499
2.6840
2.6548
2.6586
2.6889
2.5902
2.5694
2.4439
2.3293
2.4906
2.6492
2.5427
2.7093
2.6240
2.5540
2.5325
2.6236
2.4809
2.5535
2.4029
2.5404
2.3585
2.5607
2.5889
2.5991
2.7562
2.5546
2.5749
2.5968
2.5198
2.5027
2.6640
2.6146
2.5462
2.5716
2.4520
2.5254
2.6574
2.5320
2.4972
2.5799
2.5901
2.6070
2.6165
2.6266
2.7820
2.7765
2.7108
2.5281
2.6625
2.6363
2.5619
2.5878
2.6957
2.9280
2.8509
2.9955
2.9583
3.0086
2.8694
2.9868
2.9992
3.0374
3.1767
2.9600
3.0636
3.3147
3.1858
3.2183
3.1706
3.1443
3.1598
3.0579
3.1500
3.0180
3.1349
3.1409
2.9779
3.1030
3.2183
3.0505
3.0758
3.2417
3.2512
2.9668
3.0946
3.0146
3.1071
3.2644
2.8788
3.1582
3.2823
3.2688
3.4192
3.1936
3.1629
3.2577
3.0963
3.0919
3.3115
3.1968
3.0175
2.9560
2.9641
3.0171
3.0560
2.9015
2.9346
2.7833
2.7149
2.9206
2.9227
2.8990
2.6627
2.9797
2.9158
2.9964
3.0596
3.1613
2.7827
2.7478
2.6667
2.7650
2.6843
2.7613
2.7619
2.7403
2.6277
2.7606
2.9170
3.0887
2.8973
2.7986
2.8385
2.7953
2.8605
2.9743
3.0766
2.9073
2.9847
3.1122
3.0515
2.9119
2.7756
2.9875
2.9868
2.8340
2.8272
2.8394
2.7156
2.8154
2.7734
2.8209
2.8676
2.9725
2.8975
2.9890
3.0501
3.0226
2.9112
2.8079
2.9386
2.8984
2.7992
2.6106
2.8078
2.8414
2.8054
2.8561
2.7971
2.8401
3.0548
2.8458
2.8267
2.8933
2.9466
3.1465
3.1325
2.9229
2.8173
3.0458
3.0795
2.8624
2.9984
2.8535
2.8611
2.7579
2.8279
2.6392
2.8366
2.7727
2.8181
2.8874
2.7511
2.5699
2.5228
2.6392
2.6101
2.5857
2.5342
2.5813
2.6455
2.6566
2.5057
2.6754
2.6434
2.6259
2.5825
2.5937
2.7007
2.6663
2.6923
2.6877
2.6217
2.7310
2.7163
2.7251
2.6836
2.7051
2.6870
2.5164
2.7973
2.7605
2.7250
2.9528
2.8829
2.8010
2.7146
2.7656
2.7770
2.9579
3.0141
2.8584
2.6744
2.6011
2.8109
2.9568
2.7284
2.8640
2.9820
2.9544
2.6962
2.7247
2.7844
2.8718
2.8259
2.7643
2.5970
2.7591
2.7612
2.7938
2.8668
2.8089
2.6742
2.6508
2.6263
2.7036
2.6575
2.6864
2.7054
2.8183
2.6737
2.8117
2.8951
2.7734
2.4945
2.7961
2.7312
2.8234
2.8069
2.9268
2.7466
2.7084
2.7579
2.6621
2.9342
2.8701
2.9270
2.9760
2.8021
2.7709
2.6854
2.7657
2.7925
2.6744
2.7710
2.8047
2.6996
2.8997
2.8612
2.7095
2.8889
2.8708
2.9371
3.1997
3.2962
3.0838
3.0534
2.8862
2.7518
2.8463
2.9847
2.9277
2.9845
3.2264
3.1620
3.0116
3.0621
2.8865
2.8411
2.8183
2.9079
2.7153
2.9453
2.9199
2.7714
2.8480
2.9725
3.0104
3.0253
2.9039
2.8154
3.0718
2.8418
3.1504
3.0153
2.8453
2.9467
2.8249
2.6568
2.7207
2.8187
3.1689
3.0195
2.9022
3.0773
2.8227
2.9282
2.6062
2.6886
2.6287
2.3900
2.5476
2.5063
2.4217
2.3662
2.5028
2.4818
2.6051
2.4944
2.5793
2.4756
2.4555
2.6014
2.5529
2.5640
2.5497
2.5245
2.5723
2.7092
2.5369
2.6535
2.7267
2.7501
2.6289
2.5605
2.7672
2.7107
2.8316
2.8651
2.8345
2.5924
2.5086
2.3778
2.4664
2.6307
2.6409
2.5903
2.4522
2.5612
2.5064
2.6519
2.6242
2.5441
2.6094
2.7137
2.6687
2.7069
2.8295
2.8236
2.7012
2.6578
2.8372
2.9018
2.6585
2.6576
2.7091
2.4957
2.5368
2.5080
2.6114
2.7017
2.6786
2.6049
2.6891
2.7289
2.7792
2.7196
2.7530
2.8117
2.5291
2.7651
2.7355
2.7407
2.5720
2.8092
2.7761
2.4943
2.7386
2.7072
2.7259
2.6104
2.6648
2.6948
2.8114
2.7937
2.9345
2.8434
2.9093
2.8277
2.9486
2.9166
2.9490
2.7973
2.8186
2.8122
2.8698
2.6249
2.8455
2.9025
2.8602
2.8379
2.7130
2.7138
2.7749
2.8412
2.8146
2.9097
3.0109
2.9176
3.1259
3.2622
2.9058
3.1775
3.1396
3.0158
3.0868
3.1557
3.3177
3.1188
3.0363
3.0482
2.9882
2.8191
3.0532
2.9407
2.9357
2.7909
3.0354
2.7731
2.9906
2.9958
3.0773
3.1977
3.1327
2.8894
3.0515
3.1172
2.9046
3.0770
2.9124
2.9912
3.0922
3.0953
3.3318
3.0425
2.9472
2.9816
2.8366
2.8316
2.6519
2.5654
2.5287
2.6735
2.4899
2.4665
2.5051
2.4822
2.4596
2.5925
2.5272
2.7188
2.7419
2.6423
2.6736
2.8584
2.6576
2.7759
2.7692
2.8028
2.8780
2.9170
2.9506
2.9005
2.8499
2.6352
2.6771
2.7637
2.6861
2.6903
2.6383
2.6975
2.8057
2.9210
2.8477
2.8998
2.8793
2.9751
2.9468
2.8136
2.8175
2.8880
2.6014
2.8993
2.8249
2.8418
2.7776
2.6150
2.5198
2.8604
2.9762
2.6601
2.6251
2.8152
2.8499
2.9754
2.8190
2.8215
2.8121
2.7002
2.5741
2.6489
2.8410
2.6402
2.8713
2.6670
2.8362
2.8224
2.7515
2.6896
2.5635
2.5063
2.3312
2.3995
2.4974
2.4465
2.4696
2.5386
2.5553
2.5541
2.3875
2.4773
2.4542
2.4602
2.4909
2.6343
2.5834
2.5583
2.5596
2.8042
2.8270
2.8139
2.7074
2.7532
2.8540
2.8651
2.8351
2.6218
2.5030
2.6464
2.6739
2.6264
2.7120
2.8430
2.6853
2.8417
2.8747
2.8650
2.8089
2.8416
2.7412
2.7686
2.7497
2.7184
2.8585
2.9163
2.8021
2.7654
2.7729
2.9794
3.0688
2.9137
2.9792
3.0748
3.0132
2.9597
3.2605
3.2224
3.1747
3.2855
3.2285
3.0113
2.9936
3.0325
3.0141
3.1031
3.0705
2.9515
2.9022
2.8438
2.9658
2.9766
2.8622
2.7185
2.8028
2.7424
2.6316
2.4937
2.5879
2.5786
2.6685
2.5959
2.5894
2.5979
2.5735
2.5315
2.7770
2.7250
2.7532
2.4911
2.4457
2.4237
2.6938
2.7439
2.8407
2.7899
2.8282
2.9240
2.6798
2.8755
2.6514
2.3698
2.4157
2.4999
2.5355
2.4976
2.4714
2.5281
2.3252
2.6081
2.6477
2.5661
2.6114
2.4414
2.7550
2.6486
2.6435
2.7072
2.7325
2.8213
2.6738
2.7985
2.7962
2.8307
2.8898
2.9032
2.8457
2.7058
2.6463
2.7311
2.8005
2.7669
2.8024
2.8028
2.6528
2.4489
2.5382
2.6848
2.6155
2.6793
2.6270
2.6337
2.5948
2.5377
2.7257
2.6551
2.7024
2.4963
2.5431
2.5777
2.7650
2.7837
2.8640
2.5550
2.6991
2.5191
2.5576
2.5691
2.6544
2.4453
2.6620
2.6355
2.5558
2.7616
2.6647
2.6539
2.6194
2.6011
2.7334
2.5447
2.5697
2.4634
2.6517
2.7181
2.6318
2.4856
2.6150
2.5824
2.5682
2.7056
2.7113
2.4976
2.7889
2.4462
2.4240
2.6842
2.6941
2.8154
2.9664
2.6927
2.8432
2.7919
2.8044
3.0215
2.9664
2.6991
3.0311
2.8607
2.9972
2.7991
2.6640
2.5414
2.5907
2.8256
2.6360
2.6461
2.8524
2.8031
2.8358
2.7492
2.5543
2.8125
2.9621
2.9252
2.7926
2.8406
2.9071
2.6762
2.6851
2.8557
2.7475
2.9664
2.8644
2.6822
2.6791
2.7448
2.7212
2.5719
2.5780
2.4996
2.6169
2.7292
2.5808
2.6526
2.5437
2.4888
2.6183
2.6348
2.8597
2.7916
2.6295
2.8868
2.8800
2.9951
2.9017
2.8857
2.9937
2.9947
2.9189
2.9521
3.0364
3.1468
3.0229
2.8621
2.7359
3.0331
3.2601
3.1398
3.1073
3.1531
3.1506
3.3205
3.4799
3.3948
3.3396
3.1072
3.0183
3.1970
3.2795
3.4791
3.2595
3.2808
3.2844
3.1361
3.0739
3.1958
3.2754
3.0545
3.2092
2.9798
2.8372
2.8287
2.9181
2.9368
2.9115
2.6688
3.1043
2.9210
2.7701
2.6513
2.8431
2.9189
2.6985
2.8396
2.7369
2.6400
2.6913
2.7717
2.8141
2.7014
2.8166
2.9637
2.7980
3.0726
2.7964
2.8313
2.8357
2.6262
2.6766
2.8244
2.5182
2.4773
2.5175
2.3616
2.3611
2.3878
2.5062
2.3484
2.5304
2.6909
2.6255
2.6565
2.7542
2.6061
2.4631
2.5446
2.6314
2.5282
2.4586
2.3906
2.4979
2.5436
2.4679
2.6528
2.4647
2.5207
2.5599
2.5442
2.5148
2.6136
2.7440
2.5276
2.6100
2.5893
2.6702
2.6418
2.8121
2.8743
2.7177
2.8307
2.9284
2.8411
2.8248
2.6856
2.7232
2.7810
2.7057
2.6844
2.7088
2.7389
2.9692
2.7807
2.8874
2.7624
2.7538
2.8688
2.7823
2.8161
2.8228
2.6023
2.4775
2.7390
2.6866
2.5310
2.7794
2.7268
2.9369
2.6926
2.5829
2.5633
2.7462
2.6949
2.7613
2.6107
2.5003
2.5087
2.5630
2.5954
2.4905
2.4252
2.5251
2.5918
2.6438
2.6068
2.7765
2.5028
2.5342
2.4433
2.4328
2.4580
2.4470
2.7336
2.6143
2.8791
2.8365
2.5928
2.6232
2.5326
2.5016
2.6809
2.5482
2.4888
2.5709
2.3850
2.5784
2.6060
2.5563
2.4920
2.6219
2.7069
2.6919
2.6039
2.6142
2.6736
2.4621
2.6182
2.6218
2.5561
2.5880
2.5514
2.4761
2.4125
2.3737
2.3924
2.4919
2.4194
2.4071
2.3250
2.5864
2.4502
2.3752
2.4531
2.5023
2.5571
2.7609
2.5726
2.9897
2.8954
2.9486
2.7250
2.9840
2.8917
2.9303
3.0392
3.2172
2.9673
2.8899
2.8239
2.8289
2.7738
2.8174
3.0251
3.0332
3.1989
3.1947
2.9321
3.3755
3.2978
3.3134
3.1029
3.0917
3.1070
3.2230
3.1200
3.3629
3.1958
3.5578
3.1969
3.0337
3.0491
3.2175
3.1102
3.1086
3.0512
3.3092
3.4302
3.3001
3.0972
3.0379
3.1986
3.5060
3.4791
3.2110
3.0227
2.9469
3.1907
3.1695
3.2447
2.9203
2.7966
3.0981
2.9258
2.6905
2.8370
2.6166
2.5615
2.4460
2.4281
2.4835
2.5272
2.5212
2.5469
2.3937
2.5243
2.5635
2.3916
2.6595
2.5055
2.6468
2.7505
2.6755
2.6517
2.7744
2.7669
2.7771
2.5168
2.6766
2.7063
2.5065
2.5528
2.6547
2.6464
2.3807
2.6136
2.7455
2.5609
2.5572
2.7477
2.4928
2.4272
2.5138
2.3787
2.5037
2.4946
2.5196
2.5074
2.6109
2.6853
2.6378
2.5928
2.5512
2.6220
2.6200
2.5523
2.6464
2.6143
2.5483
2.4755
2.5237
2.6603
2.6187
2.7856
2.8098
2.5980
2.6768
2.5549
2.6765
2.9410
2.4245
2.5234
2.4933
2.6220
2.5931
2.7387
2.8510
2.7365
2.8947
2.7830
2.7548
2.8036
2.9582
2.8575
2.7885
2.8771
2.6808
2.6574
2.7313
2.7648
2.9308
2.9066
2.7991
2.6937
2.7874
2.5201
2.7578
2.7076
2.9550
3.0925
2.8650
2.9993
2.9933
3.1147
3.0675
2.8895
2.8588
2.9120
3.1146
2.8096
2.8092
2.6751
2.7461
2.6834
2.8763
2.7609
2.9892
3.1127
3.0904
2.8687
2.8069
2.8155
2.6478
2.9876
2.9069
2.9597
2.8436
2.8484
2.8142
2.7052
2.8463
2.9220
2.9976
3.1797
2.9032
3.0418
2.9629
2.9526
2.8393
2.9357
2.8921
2.9830
2.8806
2.9780
2.8677
2.9782
2.8449
2.9728
2.9315
2.8810
2.9838
2.9150
3.0076
3.0010
2.9172
3.2731
3.1873
3.2669
3.2440
3.2082
3.3868
3.3362
3.0662
3.0965
3.1108
3.2877
3.2048
3.1412
3.2158
3.0540
2.9222
3.0053
2.9550
3.2174
2.9297
2.9741
2.9754
3.0364
2.8793
3.1825
3.2172
3.1910
3.2863
3.3292
3.3936
2.9450
2.9300
2.9989
3.1531
3.0915
3.0564
3.1065
3.0456
3.2004
3.2903
3.5079
3.5307
3.5094
3.1102
3.2483
3.2157
3.2713
3.2335
3.0115
3.0451
2.9454
2.9043
2.7441
2.7202
2.8684
2.8485
2.9474
2.9723
2.9726
2.8962
2.7422
2.8357
2.6774
2.6746
2.6032
2.7300
2.7175
2.7450
2.6904
2.9378
2.8952
2.7320
2.9949
2.6856
2.9201
2.5615
2.8373
2.8954
2.9408
2.8737
2.9571
2.8848
3.1868
3.1873
3.1497
3.1541
2.9514
2.9903
3.0812
3.1542
3.1959
2.9995
2.8432
2.9986
3.2093
3.4015
3.2163
3.1365
3.3508
3.1144
3.3774
3.3702
3.4096
3.3952
3.5607
3.3324
3.1237
3.2193
3.3502
2.9663
3.1743
3.4551
3.3688
2.9780
2.9606
2.9695
3.0176
3.1303
3.1794
3.1335
3.0743
3.0424
3.3286
3.0878
3.2014
3.1195
3.2516
3.1199
2.9634
3.0561
2.9427
2.9507
3.0644
3.0137
3.0974
3.2454
3.1952
3.1233
3.1276
3.1044
3.0906
3.1265
3.1876
3.0714
3.1460
3.0309
3.0511
2.9547
2.7264
3.0489
2.9311
3.0221
3.2083
3.0894
3.3071
3.3158
3.1635
3.2920
3.2037
3.3276
3.5274
3.3287
3.2614
3.1417
3.0792
3.2338
3.1139
2.9949
2.8792
2.9408
3.1553
2.8531
2.8123
2.8145
2.7315
2.9034
2.7493
2.6711
2.9409
2.7259
2.6514
2.5746
2.6785
2.5125
2.3840
2.6096
2.7347
2.7238
2.8105
2.6144
2.6855
2.7191
2.8971
2.9202
2.8410
2.9111
3.1605
3.0864
3.0499
2.9630
3.2313
3.2435
3.1588
3.1550
2.9643
2.9736
2.9103
2.8877
2.8266
2.8525
3.2382
3.1093
3.2737
3.0078
2.8997
2.8763
3.0425
3.2374
3.2021
3.1591
3.2129
3.0229
3.2520
3.4150
3.1760
3.1808
3.2372
3.2607
3.0372
3.1464
3.2581
3.1803
3.2117
3.0713
3.0434
3.0431
2.8381
2.7637
2.7226
2.9217
2.7463
2.9296
2.8673
2.8528
2.9580
3.0790
2.8712
3.1785
2.9379
2.8481
2.8502
3.0200
2.9715
2.8576
2.9353
3.0790
3.0556
2.9824
3.0270
3.0260
3.0384
3.0760
3.4020
3.4018
3.1119
3.0284
3.2592
3.0450
3.2081
2.9379
2.9797
3.0634
2.9929
3.2974
3.1496
3.1479
3.2008
3.3115
3.1265
3.0113
2.8787
3.2362
3.0206
2.9851
3.2300
3.1603
3.0434
3.1260
2.8967
3.3507
3.0588
3.1952
3.3391
3.0715
2.9403
3.0124
2.9549
2.8533
2.8635
3.0160
3.1052
3.2538
2.9743
2.9391
2.9462
3.0211
2.8768
2.6878
2.7299
2.4819
2.5857
2.8269
2.7691
2.5941
2.7500
2.8434
2.6390
2.8057
2.8578
2.8121
2.7784
2.6573
2.6493
2.6390
2.5528
2.6996
2.8061
2.7298
2.7010
2.7656
2.7522
2.7111
2.7638
2.7797
2.9962
2.9206
2.7813
2.7828
2.8137
2.9304
2.9119
2.8232
2.7455
2.8263
2.6699
2.7529
2.8238
2.7854
2.8270
2.9389
2.8307
3.0093
2.7273
2.5424
2.6935
2.7259
2.7530
2.7934
2.6162
2.8390
2.6192
2.6493
2.4929
2.7012
2.6145
2.7539
2.7224
2.6545
2.7465
2.7903
2.9064
2.9851
2.8912
2.9375
2.6894
2.6961
2.6152
2.8088
2.7226
2.7624
2.6350
2.6043
2.7950
2.7395
2.8997
2.7713
2.6495
2.8241
2.5340
2.4925
2.5315
2.6713
2.5804
2.7802
2.7295
2.5514
2.7134
2.6562
2.9717
2.8815
2.9001
2.8643
2.8656
2.8811
2.7400
3.0860
2.9648
3.0435
3.1236
3.1785
3.0552
3.1235
2.9436
3.1861
3.0604
3.1888
3.1698
3.0678
3.0240
3.1586
3.4127
3.3424
3.2542
3.4057
3.2421
3.0654
3.0447
3.0459
3.1447
3.1126
2.8934
3.1469
3.1161
3.2955
3.3830
3.1796
3.3470
3.2666
3.2912
3.1659
3.3710
3.3003
3.2084
3.2817
3.2851
3.2170
3.2886
3.1692
3.2311
3.2246
3.1045
3.2079
3.1075
2.9863
3.1656
3.2738
3.2747
3.1717
3.3174
3.2751
3.2142
3.1266
3.0029
3.1526
3.2547
3.0764
3.0479
2.9435
2.8813
2.6941
3.1466
2.8812
2.7686
2.6401
2.5332
2.6944
2.6057
2.6098
2.7642
2.7978
2.7903
2.7669
2.7307
2.6040
2.6174
2.8768
2.8468
2.6406
2.8029
2.9131
2.8876
2.9634
3.0267
2.9096
2.9242
3.0321
3.0935
3.2147
3.2216
3.0404
3.1359
3.0613
2.9455
2.9806
3.0617
3.1063
3.1746
3.1368
3.1005
2.8879
2.8627
2.9263
2.8042
2.8231
2.9742
3.0458
3.0944
3.0306
3.0395
3.0355
3.1311
2.9999
3.1980
3.0170
3.0930
3.1740
2.8210
2.9984
3.1046
3.2089
3.0899
3.1543
3.1620
3.2812
3.0064
2.8297
2.7527
2.8503
2.8647
2.8964
2.8279
2.9718
3.0055
2.8868
2.7127
2.6737
2.6975
2.7334
2.7785
2.7864
2.7859
3.1418
3.0087
2.8694
3.0313
2.9157
3.0355
3.0448
3.0432
2.8494
2.7703
3.0069
2.9319
2.7908
2.8179
2.6728
2.7385
2.8891
2.7993
2.9397
2.9461
2.7873
2.7841
2.8853
2.9421
2.9216
2.7931
2.7258
2.9932
2.9754
2.9720
2.9486
2.9832
3.0822
3.1888
3.0486
3.0981
3.0526
3.2162
3.0965
3.0287
2.9479
3.1488
3.0034
2.9214
2.7726
2.9408
2.9826
3.0519
3.0547
2.9422
2.8954
3.1618
3.2846
2.9530
3.4547
3.1750
3.1340
2.9570
3.0574
3.2315
3.1220
2.8905
2.9287
3.0031
2.9790
3.3392
3.0550
3.2072
2.8903
2.9719
2.8889
2.8096
3.0187
2.9119
2.8980
3.0631
3.0709
3.1798
3.0993
3.1194
3.0370
2.9974
3.0654
2.7028
2.6068
2.7946
3.0204
3.0162
2.9529
2.8462
3.0051
3.0188
2.8443
2.9892
3.1088
3.2442
3.1887
3.1261
3.3172
2.9659
3.0241
3.0342
2.9176
3.1911
2.8604
2.9629
3.0685
2.9173
2.9690
3.0284
3.1754
3.1847
3.1962
3.0235
3.1906
3.0416
2.9240
3.1261
3.0432
2.9808
2.9463
3.0489
3.0117
2.9235
2.8554
3.0624
3.1041
2.8116
2.9175
2.8439
2.9980
3.0757
3.3921
3.2622
3.5141
3.3710
3.2254
2.8812
2.9899
2.8735
2.8327
2.6999
2.8115
2.8984
2.7807
2.8161
2.9458
2.7583
2.7802
2.7881
2.6966
2.9726
2.9262
3.1464
3.0603
2.9400
3.0611
3.0100
3.0138
3.1506
3.0552
3.0392
3.0322
2.9874
2.9638
2.9342
2.8292
2.7247
2.6392
2.8292
2.8975
3.0349
2.7201
3.0349
3.1281
2.9211
2.9173
2.7787
2.8391
2.9547
3.0143
3.0302
2.9006
2.9597
2.9219
3.1913
3.1976
3.1884
3.1760
3.1035
3.2992
3.0802
3.1009
2.8516
2.9720
2.8137
3.0907
3.0976
2.9818
3.0729
3.0188
2.9472
3.2108
3.1385
3.0413
3.1287
3.2826
3.3071
3.2291
3.3217
3.3148
3.1602
3.1017
3.1827
3.2259
3.0446
2.9844
2.9369
3.1523
2.8926
3.0902
2.9606
2.8494
2.9425
3.0364
2.9099
2.8084
2.8612
2.9358
2.9031
3.2804
3.1555
3.1732
3.1285
2.8254
3.1408
3.1910
3.3730
3.3576
3.3795
3.2441
3.3313
3.2979
3.0095
3.2933
3.2061
3.1324
3.0242
3.1450
3.0151
3.0084
2.8966
2.8993
2.9351
2.8427
2.8289
2.8178
2.8404
2.9605
2.9332
2.9464
2.8181
2.7551
2.5291
2.9166
2.7209
2.7511
2.8565
2.9052
2.9650
2.8263
2.7875
2.7692
2.7925
2.7680
2.6993
2.6625
2.7702
2.9131
2.9640
2.9477
3.4660
3.4164
3.4901
3.2233
3.4924
3.1306
3.1796
3.0509
3.1420
3.2406
3.2910
3.1883
3.2712
3.4951
3.3544
3.3422
3.5628
3.3781
3.4411
3.3688
3.3523
3.2942
3.4276
3.2810
3.3089
3.0528
3.1018
3.0398
3.0146
3.0787
2.9824
3.1017
2.9383
2.8724
2.9056
3.0315
2.9036
3.1213
3.1672
3.1120
3.1204
3.1744
3.2659
3.2417
3.1309
3.1067
3.0873
3.1702
3.0646
2.9766
3.0263
3.0482
3.0707
3.0702
3.1449
2.9088
2.8622
2.9609
2.8981
2.8759
2.8744
2.9280
2.9755
2.9942
2.8319
3.0371
2.9568
2.9996
3.1548
3.0250
2.9297
3.0744
3.0639
3.3639
3.2868
3.3915
3.2753
3.2112
3.2912
3.3010
3.3021
3.5264
3.3090
3.3113
3.4644
3.2272
3.4937
3.5501
3.3888
3.3583
3.3718
3.4393
3.6243
3.5849
3.6189
3.4823
3.5257
3.3989
3.5406
3.6568
3.4437
3.3374
3.5022
3.4457
3.4807
3.4617
3.5140
3.4403
3.3710
3.2945
3.3466
3.3816
3.3380
3.3666
3.4273
3.5197
3.3644
3.8027
3.4671
3.5459
3.4773
3.4878
3.4748
3.5359
3.5565
3.5260
3.4709
3.3363
3.5318
3.4530
3.3470
3.3686
3.4214
3.4053
3.2974
3.1528
3.3645
3.3712
3.3207
3.3919
3.5609
3.5448
3.3582
3.3926
3.3004
3.3833
3.3899
3.3160
3.2063
3.4043
3.4028
3.2873
3.4554
3.3341
3.2784
3.1991
3.3796
3.3984
3.4046
3.4922
3.5424
3.5700
3.3519
3.2393
3.2420
3.4023
3.3412
3.4641
3.4514
3.3413
3.5621
3.4752
3.4721
3.5911
3.5622
3.5381
3.5285
3.4874
3.3877
3.3780
3.3344
3.1467
3.2662
3.5049
3.4292
3.3012
3.1572
3.0763
3.1196
3.4747
3.4706
3.3578
3.2292
3.1380
3.4583
3.2101
3.4164
3.2815
3.3333
3.1216
3.3283
3.2901
3.4454
3.3166
3.4452
3.3276
3.3730
3.3242
3.2028
3.3995
3.3665
3.2398
3.3618
3.4475
3.5540
3.4072
3.4156
3.3824
3.4280
3.6111
3.6429
3.5137
3.2082
3.3019
3.4636
3.3821
3.4386
3.4240
3.4343
3.2575
3.3468
3.5457
3.3941
3.5205
3.3974
3.3096
3.3769
3.3055
3.1109
3.4267
3.3876
3.2665
3.3017
3.1029
3.3199
3.3931
3.2117
3.4265
3.4912
3.5693
3.6139
3.3713
3.2288
3.4073
3.4175
3.3558
3.4507
3.3778
3.3062
3.3220
3.2961
3.1562
3.5015
3.5447
3.5719
3.5045
3.4319
3.4406
3.2450
3.3721
3.3677
3.1803
3.1570
3.2198
3.2317
3.2760
3.3599
3.4176
3.2206
3.3263
3.4591
3.3886
3.5372
3.4683
3.4024
3.4062
3.5029
3.3981
3.6017
3.4688
3.3506
3.4170
3.3335
3.2872
3.3911
3.4512
3.4584
3.2753
3.5283
3.6969
3.4219
3.3134
3.0590
3.1857
3.2443
3.1902
3.2562
3.3887
2.9678
3.1553
3.1710
3.2217
3.4695
3.3695
3.5359
3.3671
3.4576
3.2055
3.1613
3.2857
3.2131
3.0637
3.3097
3.3750
3.2930
3.3386
3.4370
3.4273
3.5818
3.4891
3.4120
3.2564
3.4723
3.1729
3.1939
3.2081
2.9931
2.9749
2.8886
2.9617
2.9193
3.1218
3.0015
3.2083
3.3904
3.3489
3.2115
3.1661
3.0257
3.0955
2.9724
3.0341
3.0624
3.1413
3.1153
3.0041
2.7268
2.9582
3.0550
2.9121
2.9395
2.9111
2.9823
3.0160
3.2166
3.1276
2.9147
2.8790
3.0604
2.9652
2.8920
3.1803
2.9820
3.1647
3.3130
3.0228
3.1757
3.1312
3.1595
3.0832
3.0045
2.9276
2.9160
2.8040
2.9035
2.9704
2.9861
2.8271
2.9040
2.7607
2.8166
2.9166
2.9062
2.9052
2.9264
2.7986
2.9382
3.1267
2.8951
2.8950
2.9543
2.9329
2.9029
2.9564
3.2072
3.2291
3.3803
2.9720
3.1448
3.2252
3.2310
3.1474
3.1285
3.0493
3.2544
3.3675
3.3802
3.3454
3.4029
3.3178
3.5521
3.4843
3.3775
3.2504
3.3225
3.2187
3.2315
2.9669
3.2532
3.2716
2.9761
3.0441
2.9483
2.9375
2.8669
2.9723
2.8818
3.1114
3.0118
2.9999
2.8424
2.9492
3.0351
3.0024
2.8701
3.1451
2.8784
2.8641
2.9455
2.9652
2.8666
2.8617
2.9121
2.9388
2.9797
3.0594
2.8948
2.8889
2.9903
2.9822
2.8727
2.7641
2.7205
2.8097
2.8780
2.8806
2.8665
2.7858
2.7592
2.6967
2.8297
2.7799
2.6060
2.8131
2.7869
2.6470
2.5823
2.5132
2.7260
2.6540
2.7492
2.8198
2.7865
2.7398
2.8232
2.5985
2.7552
2.6572
2.9322
2.7473
2.7475
2.8989
2.7553
2.8860
2.8511
2.8350
2.7772
2.5286
2.5460
2.8845
2.8934
2.8412
2.7110
2.7257
2.8708
2.7296
2.7692
2.7220
2.7799
2.7074
2.7206
2.6819
2.8199
2.7850
2.8759
2.8317
3.0040
2.7068
2.7862
2.7628
2.6850
2.6528
2.8045
2.7625
2.6302
2.7213
2.8404
2.8654
2.7913
2.7840
2.9013
2.8980
2.6435
2.6518
2.7287
2.8313
2.8633
2.7859
2.8235
2.7509
2.7809
2.8521
2.7409
2.6374
2.9821
2.9333
2.8651
2.8057
2.8474
2.9262
2.7965
2.7395
2.7120
2.7313
2.6540
2.6972
2.7292
2.9021
2.7761
2.7757
2.8272
2.7853
2.6646
2.7713
2.8433
2.8331
2.7748
2.8972
2.8637
2.7858
2.8224
2.8354
2.8505
2.7639
2.7741
2.8856
2.8821
2.7936
2.9599
3.0109
2.8729
2.9457
2.8260
2.6404
2.7581
2.6568
2.7664
2.6865
2.6420
2.6080
2.7129
2.6185
2.7321
2.7917
2.7133
2.6566
2.7366
2.6423
2.7018
2.6773
2.4626
2.5787
2.6206
2.6601
2.6203
2.7675
2.7754
2.7150
2.7962
2.7858
2.8624
2.8242
2.9033
2.8009
2.6847
2.7076
2.6431
2.7792
2.7615
2.7857
2.8392
2.8910
2.6520
2.9263
2.6781
2.8160
2.7329
2.8589
2.7680
2.6831
2.8014
2.8056
2.9150
2.7351
2.7439
2.7253
2.6567
2.7276
2.6445
2.6507
2.6482
2.6194
2.9101
3.0755
3.1987
3.1285
2.9262
3.0385
3.0514
2.8405
2.8193
2.9153
2.8312
2.9230
2.7646
2.8237
2.9279
2.9858
2.7994
2.7716
2.8601
2.8479
2.9482
2.8666
3.0762
3.0431
3.0205
3.1143
3.0217
2.8523
2.9241
2.8773
2.9859
2.9398
2.8932
3.0301
2.9869
3.1549
3.1721
3.1376
3.3053
3.1758
3.1135
3.2476
3.1313
3.1318
3.0672
3.0315
3.1128
2.9616
3.1386
2.9618
3.0451
3.2090
3.0338
2.9671
3.0887
3.1463
3.0465
3.0751
3.0859
3.1393
2.8780
3.0091
2.9278
3.0770
3.0812
3.1122
3.1178
3.1054
2.8967
3.0324
2.8869
2.9590
2.9485
3.1541
3.0812
3.1071
3.1902
3.2714
3.1733
3.1171
3.2316
3.0577
3.1852
3.0607
3.2651
3.3111
3.3080
3.3749
3.2937
3.3826
3.2780
3.1895
3.3536
3.4669
3.4045
3.2953
3.3879
3.1876
3.0996
3.2314
3.1874
3.1049
3.0947
3.2382
3.4533
3.2816
3.2974
3.0946
3.4087
3.2940
3.1115
3.1916
3.1357
3.1747
3.2234
2.9934
3.1519
3.3594
3.1758
3.4104
3.2955
3.1755
2.9593
3.0569
3.1622
3.0099
3.0398
3.0958
3.2298
2.9978
2.9959
2.8794
3.1111
3.1335
3.3374
3.3547
3.0852
3.1100
3.1839
2.9950
3.0960
3.1273
2.8995
3.4037
3.2087
3.2066
3.1648
3.1446
3.2064
3.2957
3.3168
3.1204
3.0689
3.2088
3.2120
3.3324
3.4760
3.5705
3.2912
3.0840
3.2113
3.0527
3.1131
3.1525
3.1002
3.6029
3.2481
3.4972
3.5230
3.5707
3.5671
3.6245
3.3540
3.3001
3.2677
3.1746
3.2526
3.2481
3.1546
3.2351
3.0370
3.1103
3.0799
3.2759
3.0223
3.0673
3.1274
3.1581
3.1724
3.2796
3.0287
3.0005
3.0318
3.0968
3.0984
3.2994
3.1401
3.1673
3.3234
3.2725
3.2854
3.2869
3.1520
3.3486
3.3567
3.2598
3.2981
3.1917
3.1811
3.2846
3.3320
3.4228
3.4233
3.3312
3.4118
3.4919
3.7888
3.5029
3.5278
3.4831
3.5390
3.3786
3.3125
3.2809
3.2450
3.0764
3.2468
3.2931
3.4842
3.4465
3.5258
3.5338
3.5108
3.4180
3.1371
3.3307
3.0325
3.2049
3.0734
3.2928
3.1404
3.2023
3.1756
3.1552
3.2780
3.2872
3.0633
3.3214
3.0169
3.1327
3.2249
3.3118
3.2359
3.1094
3.1707
3.3741
3.0970
3.2293
3.1688
3.1400
2.9129
2.9616
3.1041
3.0533
3.2172
3.1114
3.1671
3.2671
3.1558
3.1107
3.2215
3.0731
3.0636
2.9803
2.9745
2.9131
3.0906
3.1002
3.2535
3.2335
3.3483
3.4583
3.3437
3.3833
3.4464
3.2604
3.4172
3.1853
3.0895
3.1504
3.1437
3.0385
3.0416
3.0822
2.9948
3.1690
3.3716
3.2955
3.3078
3.2668
3.1994
3.2097
3.0643
3.1407
3.1485
3.1626
3.1642
3.1602
3.0960
3.1262
3.0545
3.2188
3.0007
3.1746
3.1725
3.0385
3.1103
3.1754
3.0572
3.0530
3.0218
3.1860
3.2650
3.2579
3.1128
3.2187
3.2304
3.3175
3.2575
3.4864
3.2892
3.3201
3.3655
3.2900
3.2701
3.3901
3.3464
3.0940
3.1079
3.2306
3.1708
3.3356
3.2354
3.2316
3.2936
3.1679
2.9917
3.1055
3.2204
3.2869
3.2541
3.1358
3.1973
3.1094
3.0098
2.9370
2.9560
2.8517
3.0834
3.2989
3.1593
2.9937
3.2577
3.1061
3.3477
2.9477
2.8639
3.1611
3.1759
3.1519
3.0696
3.1489
3.1499
3.1328
3.1891
3.1583
3.2749
3.1876
3.1676
3.4969
3.2912
3.2693
3.2857
3.4159
3.2882
3.1725
3.0604
3.1792
3.5619
3.4331
3.6474
3.5758
3.5006
3.5304
3.2550
3.1989
3.2303
3.2314
3.2600
3.2951
3.6064
3.5046
3.3956
3.2902
3.2756
3.2045
3.2022
3.2642
3.0282
3.0919
3.4369
3.3931
3.4525
3.3115
3.1111
3.2739
3.1860
3.1377
3.3924
3.2339
3.2812
3.3390
3.1946
3.2742
3.4018
3.3044
3.4117
3.2710
3.4118
3.1728
3.2632
3.2132
3.2425
3.1892
3.2166
3.0724
3.0850
3.2402
3.0864
3.2769
3.3995
3.3300
3.1900
3.1711
3.1580
3.2470
3.2753
3.2483
3.1145
3.1471
3.2306
3.2938
3.1324
3.2250
2.9749
2.9898
3.1701
3.2262
3.2876
3.2456
3.1172
3.1369
3.2034
3.1408
3.0847
3.0752
2.9463
3.0026
2.9211
2.7203
2.9351
2.8441
2.9075
2.9974
2.9260
3.0417
3.1309
3.0829
2.9222
3.1760
3.0483
3.1402
3.2243
3.1874
3.0645
3.1069
2.9379
2.9308
3.2573
3.1314
3.2887
3.1229
3.4525
3.4260
3.5029
3.2583
3.2934
3.4000
3.4261
3.4804
3.3290
3.4527
3.2499
3.3321
3.2091
3.2974
3.1755
3.2174
3.2235
3.2098
2.9990
3.2170
3.2001
3.0848
3.0762
3.1619
3.0102
3.0581
3.1122
3.1129
3.3398
3.1645
3.3110
3.3624
3.4054
3.1984
3.3099
3.3143
3.3478
3.4639
3.3459
3.6156
3.1071
3.2396
3.1856
3.2646
3.3144
3.2227
3.2659
3.2992
3.3144
3.2530
3.2637
3.3756
3.4525
3.3257
3.4443
3.5226
3.4853
3.3750
3.3482
3.3394
3.4548
3.5582
3.4414
3.5664
3.4788
3.3301
3.2874
3.1789
3.3735
3.3784
3.1600
3.1572
3.2428
3.3381
3.4861
3.6157
3.5241
3.4146
3.3360
3.3898
3.3864
3.4640
3.4478
3.5003
3.3423
3.3191
3.3588
3.2577
3.2230
3.2418
3.3180
3.2593
3.3116
3.2562
3.4244
3.5461
3.6461
3.4198
3.4129
3.3899
3.6593
3.4627
3.4283
3.4122
3.4155
3.2792
3.3130
3.3232
3.3139
3.2243
3.6663
3.3419
3.3639
3.3490
3.1665
3.3774
3.2342
3.1148
3.0410
3.1993
3.2165
3.2202
3.2129
3.1093
3.2701
3.2110
3.3875
3.2740
3.2350
3.0547
3.1725
3.2313
3.3412
3.1139
3.2437
3.1733
3.0305
2.9658
3.0569
2.9584
2.9232
3.0096
2.8185
3.1703
3.2871
3.3327
3.3829
3.0815
3.1522
3.2316
3.1684
3.1433
3.1492
2.8691
3.3236
3.0988
3.0714
3.1263
3.3016
3.1756
3.1238
3.1433
3.1304
3.2888
3.2950
3.0363
3.4900
3.3572
3.3632
3.2397
3.1947
3.1637
3.0416
3.0880
2.9682
2.9935
2.9706
2.8568
2.9699
3.0838
2.8424
3.1197
3.2932
3.3093
3.2045
3.2227
3.2898
3.2621
3.1766
3.0206
3.2356
3.0486
3.1317
3.2034
3.2404
3.4225
3.5006
3.4648
3.5508
3.6302
3.7630
3.6370
3.7733
3.8785
3.9592
3.7051
3.8278
3.5527
3.6375
3.6364
3.5387
3.4671
3.6119
3.4822
3.4110
3.2072
3.3773
3.5134
3.6524
3.7630
3.8937
3.7728
3.6926
3.4431
3.5733
3.6682
3.6137
3.4118
3.4130
3.6890
3.5227
3.7082
3.6493
3.5180
3.5596
3.2961
3.3237
3.4140
3.4031
3.2402
3.2638
2.9906
3.0724
3.1704
3.1373
3.4144
3.2049
3.4850
3.6705
3.3398
3.3913
3.3696
3.2023
3.2546
3.4330
3.3676
3.5525
3.5469
3.5426
3.5309
3.1668
3.4284
3.4956
3.2549
3.3009
3.4897
3.5197
3.3085
3.0508
3.1307
3.3703
3.4085
3.6936
3.3502
3.5961
3.5174
3.2733
3.3220
3.4483
3.2931
3.2211
3.3294
3.2336
3.3457
3.2758
3.1986
3.3602
3.2738
3.2280
3.1773
3.3795
3.2496
3.4399
3.1925
3.2890
3.0248
3.0374
3.1038
2.9913
3.3126
3.1220
3.1863
3.0406
3.0140
3.0272
3.0741
2.9937
3.2013
3.1974
3.3221
3.0165
2.9672
3.1483
2.9783
3.0456
3.0361
2.8994
2.9687
2.8285
2.7950
3.0471
2.7923
2.9741
3.0593
2.9829
2.9616
3.0721
3.1015
3.0452
3.1376
3.1199
3.1166
3.2811
3.0996
3.3286
3.4053
3.2570
3.1836
3.1490
3.2356
3.3184
3.4402
3.2305
3.2767
3.1834
3.0291
3.0971
3.0923
3.0390
3.0534
3.2396
3.0830
3.2714
3.1051
3.3293
3.2485
3.3253
3.3867
3.3496
3.4747
3.3338
3.2762
3.1363
3.2350
3.4196
3.2692
3.3168
3.5245
3.2906
3.3713
3.2039
3.3212
3.3104
3.1759
3.2810
3.1324
3.0927
3.2917
3.1554
3.2934
3.3637
3.3931
3.4380
3.4186
3.6151
3.6317
3.4078
3.5837
3.5355
3.5083
3.6490
3.5596
3.4779
3.4048
3.3672
3.3991
3.4219
3.5328
3.3890
3.3776
3.3975
3.4991
3.4172
3.6325
3.5297
3.2995
3.5088
3.5290
3.2818
3.4538
3.4049
3.4595
3.3365
3.4110
3.4004
3.3801
3.2905
3.3946
3.1813
3.2549
3.2360
3.3965
3.3157
3.3992
3.2571
3.2875
3.2284
3.3356
3.2681
3.3393
3.4468
3.4508
3.3876
3.3975
3.4707
3.3735
3.5143
3.3249
3.5368
3.7078
3.5141
3.5177
3.3193
3.2065
3.4616
3.5371
3.3779
3.3351
3.3002
3.3984
3.3899
3.4449
3.3046
3.2177
3.2965
3.3350
3.2169
3.2019
3.3554
3.3288
3.4072
3.3043
3.2988
3.3556
3.1925
3.2272
3.3623
3.2065
3.4369
3.2705
3.2894
3.2996
3.2031
3.5555
3.5675
3.3471
3.3470
3.3950
3.5800
3.4367
3.3868
3.2499
3.3170
3.3939
3.5503
3.3982
3.3428
3.4132
3.3501
3.1543
3.3460
3.3322
3.3745
3.3113
3.4687
3.5895
3.3577
3.5965
3.5555
3.4101
3.4416
3.4304
3.5820
3.4437
3.3687
3.3000
3.3428
3.4378
3.2707
3.2745
3.4002
3.2895
3.3686
3.4756
3.3439
3.1642
3.3478
3.2835
3.1571
3.5082
3.2307
3.3619
3.3725
3.3498
3.3381
3.3762
3.4540
3.4482
3.2617
3.6827
3.4102
3.3432
3.2291
3.3557
3.3064
3.1968
3.1681
3.4116
3.2659
3.2778
3.3458
3.4693
3.4650
3.2220
3.4245
3.4380
3.3768
3.3779
3.2810
3.2473
3.4163
3.2087
3.2714
3.4045
3.5441
3.3392
3.4775
3.4110
3.5187
3.5100
3.5033
3.3214
3.3606
3.4035
3.1401
3.4900
3.0831
3.1325
3.2356
3.2995
3.3877
3.3652
3.3310
3.2548
3.2804
3.4107
3.3530
3.4146
3.1996
3.3813
3.3003
3.0958
3.2893
3.2240
3.2752
3.4839
3.4897
3.3594
3.1520
3.2768
3.2021
3.2507
3.1523
3.1985
3.2199
3.2000
3.3087
3.2673
3.5006
3.1382
3.1497
3.1770
2.9969
3.0672
3.3189
3.2397
3.2374
3.4507
3.2695
3.3836
3.2032
3.3503
3.0777
3.1526
3.0680
3.2616
3.3349
3.2756
3.1657
3.2046
3.1677
3.1880
3.1759
3.2416
3.3388
3.5927
3.5262
3.3540
3.3602
3.4500
3.3531
3.4280
3.3360
3.6109
3.3168
3.3157
3.3518
3.2001
3.3528
3.2084
3.2350
3.1720
3.4438
3.2195
3.2373
3.2807
3.2482
3.2148
3.4298
3.3637
3.3582
3.3153
3.2914
3.1631
3.1773
3.0068
3.1109
3.1897
3.2645
3.3102
3.2251
3.2410
3.2867
3.4033
3.3229
3.3105
3.2935
3.2311
3.3839
3.4130
3.3625
3.2699
3.3041
3.4793
3.5555
3.4308
3.4735
3.4101
3.2752
3.3791
3.1656
3.2881
3.2898
3.4172
3.3366
3.3274
3.2984
3.4725
3.5901
3.2740
3.2669
3.4495
3.3618
3.3123
3.3115
3.3010
3.5193
3.3574
3.3317
3.3578
3.1988
3.3290
3.5493
3.4745
3.4666
3.3663
3.3508
3.3067
3.1541
3.0471
3.1654
3.0798
3.0582
3.1381
3.1197
3.2814
3.1927
3.0279
3.2494
3.3716
3.2067
3.1973
3.1086
3.1736
3.3387
3.2725
3.2143
3.3405
3.2960
3.2163
3.2899
3.3806
3.4284
3.3569
3.4655
3.1311
3.3754
3.2582
3.2658
3.1138
3.1663
3.3229
3.1401
3.2587
3.3281
3.3923
3.5010
3.3483
3.1971
3.2602
3.4938
3.3500
3.3294
3.2020
3.2416
3.1288
3.2322
3.4563
3.4224
3.4816
3.1692
3.1025
3.3364
3.2095
3.2445
3.3247
3.2555
3.1518
3.4008
3.4431
3.3929
3.4875
3.5031
3.6294
3.4466
3.3184
3.4546
3.3036
3.2908
3.3532
3.4433
3.2725
3.3212
3.3623
3.2669
3.3098
3.3978
3.3002
3.2416
3.3177
3.2899
3.2289
3.3463
3.2313
3.3988
3.3774
3.5861
3.4407
3.4451
3.3553
3.3576
3.4613
3.2876
3.3239
3.2396
3.1923
3.2298
3.2687
3.3285
3.1634
3.4354
3.3382
3.3185
3.5488
3.4393
3.4305
3.3456
3.3353
3.3277
3.3329
3.3064
3.4022
3.5217
3.3325
3.2580
3.4466
3.3580
3.3987
3.1922
3.1735
3.2047
3.2430
3.4740
3.3980
3.7639
3.5092
3.4772
3.5861
3.5035
3.3662
3.3134
3.3762
3.2256
3.4125
3.3558
3.3421
3.3915
3.1500
3.2605
3.2739
3.4107
3.0213
3.3576
3.4277
3.2824
3.2415
3.1664
3.2200
3.0685
3.2125
3.0665
3.1024
3.2184
3.2578
3.2893
3.2877
3.2110
3.2402
3.2828
3.2299
3.3987
3.3775
3.4053
3.5423
3.4878
3.4073
3.6413
3.5139
3.4389
3.2344
3.3164
3.3544
3.3493
3.3591
3.5152
3.3858
3.4651
3.3567
3.2567
3.1648
3.0004
3.2166
3.1800
3.3448
3.3102
3.3734
3.3026
3.3240
3.2211
3.2519
3.3126
3.2459
3.2986
3.2420
3.1496
3.1327
3.2409
3.2059
3.1228
3.3414
3.1442
3.5140
3.5339
3.4945
3.5322
3.7905
3.6455
3.8876
3.7368
3.3237
3.4591
3.3262
3.2318
3.4721
3.3709
3.2706
3.2036
3.1587
3.1990
3.2741
3.0801
3.3104
3.1601
3.1798
3.2811
3.4518
3.2196
3.2858
3.4360
3.3559
3.3958
3.4431
3.4096
3.4666
3.6003
3.4783
3.3474
3.4130
3.5480
3.3728
3.5528
3.6819
3.4988
3.2137
3.2421
3.2785
3.1675
3.1538
3.1873
3.2789
3.3185
3.4782
3.4649
3.4591
3.4078
3.3898
3.3252
3.3144
3.4560
3.4940
3.3462
3.4709
3.2403
3.4043
3.3324
3.2412
3.3155
3.4585
3.3693
3.2928
3.4212
3.4271
3.0756
3.3464
3.1894
3.1451
3.2223
3.1497
3.1421
3.2550
3.3094
3.4007
3.4190
3.2928
3.3034
3.4250
3.3918
3.2906
3.3858
3.3422
3.2494
3.2440
3.1320
3.2810
3.2554
3.3158
3.4125
3.4268
3.2580
3.2932
3.4170
3.2731
3.3811
3.2231
3.2445
3.0747
3.3882
3.4815
3.4286
3.3768
3.2150
3.4697
3.3628
3.4022
3.4622
3.2627
3.2982
3.2396
3.1375
3.2161
3.2451
3.5113
3.3822
3.6209
3.3549
3.3417
3.3570
3.1742
3.2119
3.2780
3.1965
3.1821
3.2499
3.2293
3.2854
3.2596
3.3225
3.1678
3.1106
3.1590
3.1232
3.1309
3.2456
3.2473
3.1937
3.1812
3.1107
3.1959
3.3008
3.2201
3.1830
3.2427
3.1072
3.2326
3.0387
3.1782
3.3564
3.2412
3.0861
3.1204
3.1456
3.3245
3.2772
3.1475
3.1928
3.2544
3.2811
3.2726
3.1290
3.1765
3.2905
3.2767
3.1732
3.2455
3.3328
3.4422
3.4759
3.4144
3.4794
3.3547
3.5154
3.4875
3.4278
3.2813
3.4696
3.3339
3.3058
3.4294
3.2714
3.3869
3.3144
3.1642
3.2364
3.1734
3.2378
3.2356
3.3054
3.2822
3.1982
3.2314
3.2500
3.2766
3.2916
3.3038
3.3245
3.5010
3.4686
3.3942
3.5118
3.2731
3.2120
3.3817
3.2042
3.3854
3.3288
3.2813
3.3868
3.3013
3.3349
3.3630
3.3545
3.2868
3.3567
3.2728
3.2632
3.3058
3.2095
3.3258
3.3178
3.3131
3.1993
3.3205
3.2917
3.3570
3.3701
3.5073
3.4227
3.3985
3.2524
3.3044
3.3898
3.3560
3.2131
3.3146
3.1605
3.3804
3.2624
3.3993
3.5150
3.5110
3.3313
3.3252
3.3384
3.4154
3.3154
3.4009
3.2428
3.2889
3.2292
3.2152
3.2789
3.2981
3.2565
3.4438
3.2856
3.3524
3.3770
3.3454
3.3296
3.3918
3.3674
3.3034
3.4420
3.4349
3.3705
3.2658
3.0250
3.3711
3.3481
3.3184
3.2452
3.2973
3.3561
3.2085
3.3243
3.1528
3.4072
3.3031
3.2302
3.2329
3.2025
3.0886
3.4012
3.2487
3.3441
3.3733
3.2670
3.4505
3.3563
3.2686
3.2349
3.2728
3.3134
3.1358
3.2115
3.3431
3.3648
3.3285
3.2190
3.2475
3.3284
3.2386
3.4864
3.2823
3.3067
3.1571
3.2386
3.1965
3.2628
3.2615
3.1648
3.2293
3.3440
3.2059
3.2072
3.1757
3.4222
3.4512
3.5672
3.3723
3.5110
3.2685
3.2951
3.2202
3.4372
3.2268
3.4174
3.3673
3.5327
3.4183
3.2454
3.5066
3.3288
3.4753
3.4227
3.3408
3.4828
3.2604
3.3408
3.3987
3.4530
3.3486
3.3711
3.4319
3.4479
3.5597
3.5881
3.4444
3.3599
3.4675
3.3286
3.2949
3.2317
3.4100
3.4007
3.4225
3.3332
3.3897
3.4247
3.5395
3.5339
3.3518
3.3868
3.4626
3.4479
3.4781
3.3667
3.3901
3.4737
3.5743
3.6071
3.3813
3.3715
3.3599
3.5742
3.2500
3.3307
3.2502
3.4755
3.3372
3.5982
3.6340
3.5455
3.3882
3.4993
3.5959
3.5378
3.6106
3.3743
3.4728
3.4306
3.2779
3.5478
3.4316
3.5125
3.6212
3.5942
3.4133
3.3409
3.5537
3.2944
3.3701
3.3207
3.0755
3.0427
3.2780
3.2079
3.1660
3.1075
3.3519
3.1859
3.0909
3.0649
2.9736
3.1553
3.0068
3.2108
3.3639
3.2936
3.2371
3.5080
3.3294
3.3590
3.4062
3.2781
3.4483
3.2548
3.2650
3.3285
3.3041
3.1449
3.2308
3.0592
3.1641
3.1291
3.2667
3.2265
3.2566
3.3639
3.5456
3.2264
3.1154
3.1068
3.1497
3.1772
3.5380
3.3591
3.2919
3.2406
3.1786
3.0552
3.0760
3.0651
3.0129
3.0200
2.9572
2.9485
3.1559
3.0951
2.9963
3.0172
2.9786
2.9598
3.0121
2.9325
3.1748
3.1554
3.0594
3.3288
3.1201
3.1617
2.9434
3.2636
3.1534
3.1740
3.2541
3.3176
3.2916
3.5004
3.3200
3.4395
3.4258
3.4111
3.4793
3.5838
3.6600
3.5737
3.3463
3.5110
3.3573
3.4328
3.3992
3.2787
3.4858
3.3615
3.4268
3.5320
3.2645
3.2435
3.2394
3.3351
3.4244
3.2207
3.1273
3.1465
3.1483
3.0120
2.8325
3.0805
3.1499
3.3957
3.2241
3.2993
3.3673
3.2379
3.3553
3.3319
3.0438
3.1737
3.1219
2.9879
3.0860
3.1077
3.1793
3.0683
3.1781
3.1007
2.9902
2.9349
2.9418
2.9561
2.9225
2.9278
3.1369
3.0126
3.0896
3.0437
3.0962
2.9398
2.9438
2.7889
2.8629
3.1417
3.0079
2.8439
2.7970
2.8295
2.7991
2.9439
2.7862
2.7314
2.8737
2.7314
2.7775
2.8329
2.7653
2.6714
2.7702
2.7592
2.8009
2.7481
2.8605
2.7597
2.7640
2.7145
2.7033
2.6910
2.7407
2.6468
2.8136
2.9333
2.9666
3.0526
2.9386
2.8748
3.0482
2.9422
2.9163
2.9895
2.9669
2.7876
2.9013
3.1236
3.2228
3.0938
3.0817
2.9759
2.8487
2.8439
3.0707
3.1556
3.1404
3.1185
2.8596
2.8838
2.9367
3.1785
3.2385
3.1965
3.1141
3.5163
3.3871
3.5801
3.5363
3.5516
3.2592
3.4356
3.3219
3.3760
3.4225
3.3420
3.2216
3.1208
3.0126
2.8750
2.9963
3.0701
3.1677
3.1373
3.1850
3.2867
3.3219
3.1797
3.1232
3.2073
2.9997
3.3001
3.3607
3.3356
3.1870
3.0957
3.0759
3.0102
3.0169
3.1363
3.1512
3.0825
3.0759
3.2359
3.2924
3.2959
3.4443
3.3808
3.1515
3.0799
3.0045
3.0356
3.0944
3.0522
3.1494
3.0360
2.9345
3.1082
3.0378
2.9514
3.0628
3.1785
3.0928
3.1106
3.0142
2.9032
3.1017
3.0572
2.8933
3.1373
3.0065
3.0198
3.0328
3.0378
3.1396
3.1238
3.2323
3.1177
2.9351
2.8862
3.1638
3.1326
3.1403
3.1578
3.0080
3.1264
3.1952
3.2937
3.4539
3.3437
3.4088
3.5117
3.2507
3.2310
3.1125
3.0877
3.2772
3.3896
3.3347
3.4698
3.4731
3.4303
3.3054
3.3188
3.3420
3.3627
3.3515
3.5639
3.2192
3.3476
3.2841
3.2191
3.3777
3.2997
3.2977
3.5191
3.4027
3.4582
3.7207
3.6151
3.4914
3.5648
3.4975
3.5455
3.3682
3.4824
3.4680
3.4049
3.0808
3.3084
3.2272
3.1671
3.1042
3.3592
3.2875
3.3739
3.4373
3.3048
3.3401
3.1660
3.3161
3.4728
3.1879
3.2852
3.2233
3.3128
3.2828
3.3562
3.3426
3.4764
3.2438
3.4054
3.5977
3.3584
3.5354
3.2882
3.4128
3.1171
3.3731
3.3708
3.4485
3.3933
3.4473
3.4778
3.4041
3.4237
3.4078
3.4438
3.2734
3.3913
3.2527
3.2964
3.4325
3.4832
3.2819
3.5121
3.3899
3.4854
3.3031
3.3282
3.2840
3.4337
3.3505
3.2820
3.3462
3.4228
3.3442
3.1966
3.3647
3.3718
3.5220
3.6613
3.3686
3.2350
3.2961
3.3498
3.4490
3.3685
3.3310
3.4535
3.4515
3.1851
3.2987
3.3363
3.2889
3.2379
3.4003
3.3333
3.4527
3.2816
3.2044
3.2455
3.2836
3.2127
3.3112
3.4311
3.2894
3.1328
3.4818
3.3591
3.2799
3.1904
3.1852
3.2396
3.1098
3.1814
3.4552
3.3811
3.3862
3.6288
3.6101
3.4154
3.3042
3.2865
3.3471
3.4328
3.3740
3.5487
3.4804
3.4219
3.3779
3.4223
3.4543
3.5596
3.5506
3.4342
3.5498
3.6532
3.4971
3.6460
3.4953
3.5892
3.6894
3.7542
3.5324
3.6115
3.6019
3.6836
3.5491
3.5019
3.5199
3.3982
3.5046
3.5733
3.4735
3.5246
3.2295
3.3261
3.4919
3.5561
3.5646
3.6042
3.5706
3.6145
3.4461
3.2634
3.2893
3.4592
3.2938
3.4802
3.4378
3.4277
3.4335
3.2579
3.1937
3.2215
3.3203
3.3695
3.2977
3.0354
3.1808
3.3753
3.3329
3.3311
3.4882
3.6380
3.0145
3.1735
3.2266
3.0602
3.4008
3.3130
3.2790
3.2186
3.2234
3.2686
3.1712
3.3905
3.0410
3.3118
3.1588
3.0929
3.2637
3.0840
2.9814
2.9109
3.0842
2.9998
2.9420
3.0499
3.1120
3.1455
3.2962
3.2597
3.4789
3.2978
3.3451
3.2658
3.3398
3.4107
3.0796
3.2902
3.3532
3.5172
3.2954
3.3350
3.4006
3.2214
3.3110
3.2915
3.3478
3.3315
3.3348
3.3223
3.0887
3.3212
3.3534
3.2743
3.3351
3.4687
3.5024
3.2731
3.2378
3.7478
3.3764
3.5388
3.6769
3.5069
3.5479
3.5782
3.5192
3.3836
3.2862
3.2999
3.1217
3.1462
3.1167
3.0797
3.0765
2.9370
3.4404
3.6304
3.6144
3.4963
3.5685
3.5103
3.6149
3.6318
3.5028
3.5056
3.4851
3.5234
3.5056
3.4359
3.5444
3.5418
3.4816
3.4545
3.5137
3.4078
3.4188
3.3629
3.2715
3.2434
3.3124
3.3286
3.4224
3.3307
3.3943
3.4094
3.3818
3.4243
3.3803
3.4589
3.3456
3.4072
3.3259
3.3402
3.4033
3.4534
3.5565
3.3478
3.3037
3.6435
3.3776
3.4671
3.4252
3.4321
3.3932
3.4040
3.2484
3.4390
3.4354
3.5958
3.4167
3.5220
3.5591
3.6031
3.3211
3.3125
3.3088
3.4504
3.4637
3.5298
3.4339
3.3297
3.5004
3.4777
3.5427
3.5354
3.3683
3.4752
3.5848
3.4408
3.3029
3.4557
3.6071
3.6017
3.4847
3.4694
3.4813
3.4646
3.3912
3.3414
3.1347
3.1699
3.0220
3.1118
2.9255
3.1216
3.0579
2.9901
3.0091
3.0087
3.0532
3.0849
3.0272
3.0358
3.0335
3.1352
3.0240
3.0983
3.2593
3.0137
2.8772
3.0352
3.1894
3.1049
2.9578
3.0543
3.2918
3.1981
3.1511
3.2428
3.2155
3.4305
3.3049
3.1314
3.1627
2.9852
2.9244
3.0329
2.9197
2.9143
2.9354
2.8892
2.9804
3.1755
3.2348
3.0382
3.1703
3.0358
3.1136
2.9271
3.0031
3.0066
2.8175
2.8813
3.1267
3.0992
2.9693
3.1771
2.9908
3.0802
2.9660
3.0485
3.0063
2.9660
2.9510
3.0753
3.2244
3.1807
3.0427
3.1236
3.2874
3.1501
2.8782
2.8378
2.8545
3.0381
2.9453
3.0858
3.0465
3.2212
3.1754
3.0397
2.8987
2.9414
3.1711
2.8604
2.9935
3.1038
3.0164
3.0418
3.3894
3.2652
3.0369
3.1965
3.1930
3.0777
2.9953
2.9888
3.0173
2.9349
3.2167
3.1366
3.0621
3.1917
3.1695
3.0709
2.9977
3.0552
3.1849
3.0360
3.0082
3.0848
3.0232
3.0521
2.9760
3.0494
3.1498
3.0840
2.7719
3.0511
3.2142
3.2301
2.9041
3.0909
3.0609
3.0060
3.0711
3.2156
3.1465
3.2587
3.0746
3.0516
3.0640
2.8925
2.9613
2.9546
2.9997
3.0304
3.0940
3.0188
2.9839
3.1162
3.1624
2.9692
3.0039
3.0680
2.7654
2.8811
2.9193
2.9954
2.9641
2.9820
3.0272
2.9577
3.1249
3.0809
3.0222
3.0054
3.0691
2.9360
3.1586
3.2176
2.9916
3.1451
3.1002
3.1483
3.2320
3.1759
3.1352
3.1455
3.1509
3.0609
3.0892
3.0127
2.9943
3.1231
3.0997
3.1197
3.1215
3.0988
2.8956
2.9159
2.9136
2.9573
2.9801
2.8696
2.8642
2.7738
2.7581
3.1381
3.0366
3.1470
3.2569
3.0605
3.2454
3.0736
3.0573
3.1485
3.0440
2.9072
3.0679
3.0949
2.9919
3.1773
3.0696
3.2167
3.3391
3.2737
3.1329
3.4943
3.2621
2.9319
3.1289
3.3269
3.2562
3.1828
3.2893
3.2625
3.0658
3.1485
3.1050
3.0741
3.0793
3.3273
3.2746
3.3988
3.2273
3.5504
3.3311
3.2974
3.4013
3.5545
3.3628
3.1953
3.1738
3.2104
3.0663
3.2426
3.0593
3.0633
3.0740
3.0760
2.9137
3.1385
2.9498
3.0293
3.0017
3.0400
3.1145
3.0330
2.9878
3.1340
3.0986
2.9786
2.8270
2.9004
2.9846
3.0005
3.0060
3.1299
3.0176
2.9532
3.1085
3.1303
3.1569
3.2604
3.0838
3.1644
3.1366
2.9170
3.1553
3.0324
2.9582
3.1142
3.1160
3.0199
3.2051
3.1130
3.0790
3.1468
3.1480
2.8597
3.1584
3.1810
3.1965
3.0507
3.0099
3.0980
3.3723
3.1965
3.2600
3.2198
3.1694
3.3051
3.0219
2.8949
2.7937
3.1195
3.1118
3.0085
2.9217
2.9486
2.9754
3.1083
3.0983
3.2361
3.0857
3.1233
3.2783
3.3235
3.2021
3.1081
3.0818
3.0536
3.0850
3.2251
3.0803
3.1396
3.2324
3.1298
3.0925
3.2696
3.4029
3.1376
3.1260
3.2476
3.1764
3.0770
3.0967
3.3141
3.2493
3.2570
3.2776
3.0712
3.1681
3.1043
3.0798
3.1112
3.0760
2.9434
3.1751
3.1656
3.1488
3.0701
3.0050
3.1194
3.1648
3.1959
3.1020
3.1272
3.1427
3.1864
3.2073
3.1575
3.2394
3.1308
3.1269
3.1843
3.2303
2.9982
3.0308
2.9767
2.8382
3.0193
3.0422
2.9456
3.0967
3.2749
3.3175
3.1888
3.1499
3.1164
3.1061
3.1805
3.2167
3.0628
3.2437
3.1549
3.0967
3.1564
3.1886
3.0259
2.9424
3.0423
3.2840
3.2660
3.1619
3.0338
3.0939
3.2568
3.3042
3.2408
3.2195
3.2026
3.0587
3.0581
3.2323
3.1432
3.2198
3.0760
3.2108
3.0790
3.0401
2.9648
2.9690
2.8934
3.1544
3.0900
3.0771
2.9614
3.0782
2.8671
2.8561
2.8479
2.9133
2.9926
3.0122
2.9071
2.8149
2.7877
2.6105
2.8244
2.9595
2.9391
2.8450
2.9494
2.9553
2.8847
2.8880
2.7424
2.6770
3.0022
2.9139
3.0130
2.9726
2.8528
3.1256
3.0273
3.0287
2.8967
3.0387
2.9187
2.9445
3.0008
3.0033
3.0073
2.8649
2.9118
3.2332
3.0988
3.0013
2.9603
2.9236
2.8798
2.8846
2.8749
2.8564
3.0611
3.0011
2.9766
2.8852
2.9108
2.9544
2.9946
2.9806
3.0522
2.9410
3.0080
3.0876
3.1857
3.0382
2.9941
2.8721
2.8335
3.1334
2.8760
2.9011
2.9419
3.0955
2.9862
3.0967
3.0245
2.9837
3.0756
2.9508
3.1672
3.0314
3.0376
3.1152
3.1298
2.9508
3.1254
3.0185
3.0746
3.1104
3.1980
3.1809
3.1056
3.0961
3.1532
3.3109
2.9755
3.1954
3.1290
3.1825
3.1775
3.1205
3.2033
3.1217
3.1521
2.9560
2.8987
2.8445
2.9944
3.0420
2.9031
2.9600
3.0436
2.8556
3.0236
3.0533
2.8648
3.0439
3.0383
3.0523
2.9531
2.9277
3.2183
3.1113
3.0191
3.0133
3.0908
3.2251
3.1383
3.0034
3.1912
3.0527
3.0170
2.9314
3.1074
3.0374
3.1808
2.9292
2.8339
3.2495
3.0940
2.9539
3.1359
3.0311
3.2562
2.9891
2.9176
3.0327
3.0595
2.9495
2.9239
2.9376
2.8974
3.0902
2.8576
2.8841
2.8599
2.9364
2.9813
3.0390
2.9420
2.9401
3.0230
2.8553
3.0262
2.8860
2.8202
2.8889
2.7678
2.8931
2.9970
2.8734
2.9394
2.9271
2.9661
3.0861
2.8681
3.0060
3.0555
3.0485
3.0935
3.0475
3.2326
3.3777
3.2351
3.1014
2.9932
3.0329
3.2162
2.9901
3.2040
3.0837
3.1982
3.2446
2.9728
2.9693
2.9437
3.0096
3.0124
3.1100
2.9630
3.0593
2.9673
3.3290
3.0577
3.1904
3.0673
3.1213
3.1176
3.0609
2.9461
2.9242
3.0437
2.9307
3.1375
3.1146
3.0702
2.9667
2.8745
3.1938
2.9143
3.1628
3.1632
3.0575
3.0329
3.0095
3.1668
3.3280
3.3278
3.0278
3.1679
3.0604
2.9575
3.1307
3.1752
3.3149
3.2651
3.3508
2.9863
3.1230
3.2133
3.0414
3.0754
2.8232
2.9482
3.0164
3.1386
3.1751
2.9397
3.0083
3.0834
3.0012
2.9962
3.0626
3.0421
2.9525
2.9873
3.0329
3.1795
3.0988
2.9507
3.0304
3.0713
2.9626
2.9789
2.9807
3.1855
3.1029
3.1931
3.1424
3.0757
3.0466
3.0171
3.2727
3.4045
3.1334
3.2157
3.0053
3.0290
3.1906
3.2023
3.1554
3.2413
3.1934
3.4635
3.1154
3.2324
3.1483
3.1946
3.1288
3.2641
3.2026
3.2132
3.1626
3.2557
3.2994
3.2477
3.3172
3.0898
2.9508
3.1067
3.2551
3.2085
3.2124
3.0190
3.1372
3.3309
3.2462
3.3041
3.2732
3.2373
3.1364
3.1675
3.0500
3.0173
3.1581
3.1583
3.0180
3.0914
3.0364
3.1023
3.0099
3.1716
3.1693
2.9868
3.0052
3.1759
3.2540
3.0805
3.1858
3.0728
3.3130
2.9783
2.9347
3.0870
2.9469
3.0469
3.0832
3.0841
3.0305
3.0837
3.1205
3.2330
3.0811
3.1548
3.1072
3.0487
2.9603
3.0234
3.0810
3.0103
3.0861
3.1407
3.1938
3.3595
3.1982
3.2515
3.4131
3.4576
3.3640
3.3544
3.5366
3.2322
3.3042
3.5614
3.4245
3.3146
3.3701
3.5070
3.2943
3.2753
3.3096
3.1483
3.3378
3.2157
3.2700
3.2972
3.0454
3.0861
3.1008
3.0939
3.1639
3.1035
3.0980
3.1539
3.1854
3.2220
3.3428
3.2343
3.4141
3.3469
3.2211
3.1420
3.0548
3.0883
3.0781
3.1215
3.1217
3.0430
2.9560
3.0855
3.2658
3.1369
3.2493
3.0615
2.9969
3.1774
3.0864
3.2517
3.2787
3.1722
3.2066
3.1227
3.0699
3.1627
3.2487
3.2263
3.1256
3.1294
2.9178
2.9165
3.0111
3.0107
3.1561
3.2172
2.9219
2.9601
3.1685
3.1211
2.9643
3.0613
3.0159
3.0343
3.0800
3.0354
3.1419
3.0808
2.9762
3.0801
2.9956
3.1414
3.1527
3.1743
3.0914
3.1129
3.2588
3.0544
3.0919
2.7778
2.7628
2.9524
2.8989
2.9457
2.9353
3.0925
3.0087
3.0624
3.0132
2.9278
3.1254
3.1455
2.9801
2.8758
2.9608
2.7830
2.8350
2.7811
3.0027
2.8707
3.0259
2.9261
3.1066
2.9641
3.1862
3.3836
3.4241
3.3521
3.4632
3.5465
3.2462
3.2085
3.2433
3.1967
3.1174
3.2052
3.2733
3.4621
3.0593
3.2284
3.2712
3.1657
3.0689
3.1729
3.1395
3.0888
3.1359
3.3099
3.1834
3.1151
2.9439
3.1118
3.0830
3.3222
3.1050
3.1102
3.0030
2.9951
3.0549
3.0907
2.9763
3.2261
3.1509
3.2649
3.3978
3.3892
3.0240
3.2003
3.0924
3.0661
3.0523
2.9986
2.8111
2.9629
3.3563
3.3158
3.1491
3.0557
3.0585
3.1180
3.1953
3.1694
3.4714
3.3150
3.2444
3.1700
3.0781
3.1444
3.0459
3.1119
3.2320
3.1131
3.1366
3.2034
3.1787
3.2506
3.1662
3.0756
3.1332
3.1996
3.1221
3.1197
3.0626
3.2385
3.1040
2.9680
3.0455
2.9990
3.0426
3.1861
3.0600
2.9559
3.0684
3.0054
3.0313
3.0475
3.1590
3.0906
3.2270
2.9578
3.0958
3.0812
3.1562
3.3260
3.3505
3.3915
3.3912
3.0552
3.0569
3.1307
3.1681
3.1334
3.0185
3.0514
3.2049
3.0550
3.1215
3.0162
3.1218
3.2383
3.2367
3.2559
3.1356
3.1999
3.3071
3.2462
3.1456
3.0937
2.9567
3.0599
3.0130
2.9273
3.0409
2.9148
3.1831
3.1789
3.0275
3.1372
3.0711
3.2071
3.1615
3.0214
3.0084
3.0157
3.3016
3.2339
3.0704
3.1441
3.1750
2.9926
3.0253
2.9893
2.8596
3.0292
3.0902
3.1825
3.2303
3.4058
3.1520
2.9596
3.2096
3.3744
3.3357
3.3777
3.2299
3.2569
3.2058
3.0265
3.1726
3.0054
3.0226
3.1362
3.0974
3.1735
3.2372
3.4416
3.3147
3.1891
3.3226
3.4610
3.3081
3.3771
3.4140
3.3408
3.1571
3.3260
3.4723
3.4362
3.5574
3.2634
3.4844
3.2218
3.3284
3.4221
3.1653
3.4292
3.2247
3.2299
3.3380
3.4885
3.2539
3.2931
3.5874
3.4455
3.2097
3.0843
3.0506
3.0187
3.1054
3.3207
3.1957
3.2313
3.3665
3.3202
3.0943
3.1181
3.1193
3.0853
3.2552
3.1620
3.0363
3.0331
2.8643
2.9152
2.8828
3.0842
2.9789
3.0245
2.9563
3.1142
3.0125
3.1156
2.9610
3.0483
2.9610
2.9691
3.0043
3.0020
2.9942
2.8367
2.7972
2.8298
3.0305
2.8057
2.9887
2.9131
3.1246
3.0448
3.0321
3.1282
3.0329
2.8827
3.3061
3.3226
3.2189
3.1929
3.1629
3.2931
3.5540
3.4933
3.5125
3.1689
3.0888
3.1642
3.2771
3.1223
3.0081
3.2442
3.1373
3.1257
3.1114
3.1364
3.2952
3.1517
3.2371
3.1807
3.1563
3.2565
3.2018
3.1653
2.9588
3.2491
3.2569
3.3088
3.2974
3.2916
3.4253
3.2516
3.1360
2.8632
3.1090
2.8689
2.9447
2.8695
3.0159
3.0783
3.0189
3.1078
2.9068
2.8918
3.1832
2.9177
2.9852
3.0022
3.2619
3.2742
2.9623
2.9075
2.9303
2.9073
3.0226
3.1764
3.0348
3.0975
2.9952
3.0312
3.1540
3.1812
3.0680
2.9410
3.1485
3.0454
2.9271
2.9736
3.0392
2.9931
3.1507
3.1045
2.9592
3.0654
3.0158
3.0695
3.1545
3.1856
3.1615
3.1436
3.0148
3.0121
3.0016
3.0807
2.9883
3.1228
3.2041
3.0943
2.9707
3.0665
3.1419
3.0458
3.0318
3.0948
3.1244
2.9962
3.1342
2.9995
3.0696
3.0615
3.0622
3.0706
3.0616
3.0052
2.8771
3.2946
3.1496
2.9902
3.0617
2.9270
3.0252
3.1502
2.9115
3.2100
3.1661
3.1373
3.0339
2.9255
3.1233
3.0491
3.0695
3.1135
2.9973
3.2637
3.0284
3.1124
3.1283
3.1755
3.2275
3.0192
2.9806
3.0133
3.1065
3.2734
3.3978
3.3061
3.0156
3.0538
2.9911
3.0426
3.0993
3.4826
3.0970
2.9675
3.1619
3.1541
3.0804
3.1686
3.0115
3.1435
2.9407
2.9244
2.9944
3.1059
2.9954
3.1339
3.2240
3.2002
3.0738
3.0290
3.0217
2.9052
2.9363
2.9258
3.0384
3.0285
2.9570
3.0298
2.7737
2.7411
2.8973
2.8669
2.6781
3.0038
3.0698
3.0877
2.9869
2.9312
3.0335
3.1707
3.2158
3.3099
3.3511
3.1292
3.2915
3.2032
3.1952
3.2215
3.2027
3.5254
3.4079
3.2748
3.0152
2.9548
2.9667
2.7246
2.8359
2.9773
3.1525
3.1009
3.1925
3.2021
3.0874
3.0780
3.4204
3.4051
3.4253
3.1658
3.1687
3.0057
2.8874
2.9200
3.0025
3.1719
3.4708
3.4398
3.2610
3.2454
3.3026
3.0260
2.8560
3.1074
3.3639
3.3289
3.1921
3.2960
3.2670
3.2608
3.4706
3.3213
3.1149
3.0815
3.0344
3.0304
3.0947
2.8838
3.0340
2.9484
3.1484
2.9299
2.9719
2.8762
2.8724
2.9360
3.1551
3.2019
2.9842
2.9995
2.9744
3.3249
3.3417
3.0058
3.0017
3.0860
3.1028
3.0192
3.1073
2.9911
3.0520
2.9769
3.1779
3.0124
3.0293
2.9998
2.9967
3.1590
3.0381
2.9076
3.1713
2.9405
3.0642
3.1433
3.0609
3.1156
3.0548
3.1855
3.2690
3.1568
3.0966
3.0225
2.9942
2.9784
2.9963
2.9415
2.8865
2.8009
2.9730
2.9502
3.0331
3.0013
3.0139
3.1700
3.2292
2.9875
3.2421
3.1255
3.0260
2.9469
2.9128
3.0731
2.8913
2.9947
3.0603
2.9616
2.9334
3.1536
3.1618
2.8165
3.0772
2.9411
3.1377
3.1278
3.1222
3.0750
3.0399
3.2215
3.2464
3.5881
3.4467
3.2220
3.1416
3.0245
3.2312
3.2607
3.0872
3.0970
3.0463
3.0095
3.1471
3.2354
3.2804
3.1966
3.2349
3.0649
2.7890
2.9983
3.0998
3.1184
3.3193
3.1582
3.0649
2.8853
3.0797
3.0396
3.0237
3.2270
3.2834
3.3216
3.3017
3.4362
3.1874
3.3802
3.3577
3.2203
3.3531
3.2779
3.5293
3.4380
3.2953
3.3303
3.1296
3.1813
3.2746
3.2515
3.1436
3.4318
3.4445
2.9904
3.1263
3.1241
3.0784
3.3695
3.3357
3.1839
3.0911
3.0971
2.9879
2.8407
3.1578
3.2368
3.1487
3.1699
3.1899
3.3105
3.3049
3.2197
3.2774
3.0308
2.9972
3.1227
3.1131
3.1222
3.2510
3.1231
3.1687
3.0004
3.3253
3.1869
3.1444
3.3326
3.3763
3.2324
3.2243
3.1335
3.0166
3.1298
3.1360
3.0695
3.1015
3.1686
3.0520
3.2188
3.1294
3.1458
3.1024
3.3976
3.2938
3.1301
3.1853
3.2742
3.3613
3.3336
3.1776
3.2921
3.4516
3.4370
3.3357
3.2131
3.1204
3.1787
3.1344
3.1258
3.1909
3.0402
2.8840
3.0539
3.1263
3.0760
3.1501
3.1379
2.9637
3.0732
3.2773
3.2408
2.9690
2.8606
3.0147
3.1295
3.2166
3.2187
3.1888
3.1212
3.0724
3.0163
3.0807
3.3124
3.2843
3.3749
3.2353
3.1787
3.1206
3.2208
3.2471
3.2137
3.3952
3.1856
3.3231
3.4203
3.2006
3.0866
2.8920
2.9686
3.0269
2.9209
2.9200
2.8803
2.9116
3.0825
3.0514
3.0525
3.0105
3.0834
3.1989
3.0455
2.9751
3.1691
2.8956
2.9394
2.9816
3.0061
3.0745
2.8744
2.9394
2.9261
2.8644
3.0706
3.0373
2.9591
3.0498
3.1097
3.1211
3.1482
3.2637
2.9617
2.9888
3.1360
3.1755
3.0193
2.9998
3.0137
3.0761
2.9413
3.0890
3.1981
3.1387
3.1652
2.9732
3.1609
3.2379
3.1599
3.1395
3.2435
3.1193
3.0007
3.0800
3.1588
3.0641
2.9838
3.0125
2.9585
2.8227
3.0395
3.1058
2.8503
3.3368
3.1116
3.0778
3.0476
2.9282
3.0508
3.0997
3.1924
3.0353
3.0722
3.0282
3.0497
3.1606
3.3561
3.3209
3.2274
3.1965
3.2327
