3.6707
3.8852
3.5160
3.6656
3.4474
3.5839
3.4613
3.6385
3.9958
4.3245
3.4810
3.3611
3.5827
3.7782
3.3586
3.3786
3.1444
3.2419
3.2973
3.1035
3.3700
3.2539
3.0288
3.0822
3.1332
2.9158
2.7604
2.9143
3.2602
3.3036
3.4024
3.3019
3.1646
3.5371
2.9090
2.9877
3.2418
3.3211
3.1670
3.1401
3.0062
3.1967
3.3707
3.0593
2.8365
2.9350
3.0446
3.0648
3.0437
3.1803
3.2199
3.3140
3.4246
3.6801
3.5412
3.3829
3.6243
3.6592
3.3923
3.5958
3.4922
3.5338
3.6302
3.4204
3.1877
3.1302
3.2292
3.5307
3.5299
3.3594
3.0345
2.8059
2.9409
3.0534
2.8462
2.9046
2.7676
2.8921
2.9239
2.9933
3.2693
2.9292
3.2307
3.2436
2.9569
2.9024
2.8170
2.7214
2.8318
2.6863
2.9554
3.2949
3.1448
3.1596
3.1366
3.1363
3.4586
3.5975
3.5307
3.4373
3.4530
3.4282
3.6954
3.2911
3.3146
3.6442
3.4308
3.5964
3.5461
3.4274
3.2166
3.2220
3.2538
3.2062
3.2358
3.3196
3.1969
3.4784
3.5234
3.4549
3.5219
3.7076
4.0250
3.3791
3.4838
3.2216
3.2219
3.0792
3.2837
3.0676
2.8305
3.5044
3.2322
3.7488
3.4963
3.5040
3.5028
3.6641
3.2737
3.2612
3.2224
3.3985
3.2722
3.2555
3.2061
3.0121
3.0790
2.9786
3.1243
3.0423
3.1707
3.1309
3.2249
3.1299
3.2019
2.9046
2.9156
3.1251
2.9685
3.2174
2.9248
2.9383
2.9861
3.3245
3.4888
3.1704
3.1699
2.9698
3.1704
3.2649
3.1292
3.4847
3.3336
3.4055
3.5315
3.5945
3.5690
3.8904
3.8820
3.6211
3.6067
3.8014
3.5708
3.5998
3.4019
3.5405
3.5088
3.6621
3.4649
3.3775
3.5342
3.7208
3.4688
3.5265
2.9862
3.4314
4.0760
3.7912
3.5063
3.8208
4.0488
3.6783
3.7863
3.7260
3.6672
3.9171
3.7130
4.2297
3.5563
3.8377
3.5667
3.6601
3.6829
3.8739
3.6533
4.0133
3.6848
3.6692
3.4845
3.3845
3.4561
3.3644
3.4895
3.3048
3.2049
3.1375
3.1863
3.2658
3.0417
3.0928
3.0709
3.1511
3.1019
3.1582
3.1966
3.5765
3.5019
3.2127
3.2585
3.2768
3.2744
3.3174
3.5387
3.2646
3.5104
3.3066
3.4786
3.4082
3.1240
3.4945
2.9424
2.8363
3.0320
3.2009
2.9079
3.2559
3.5861
3.2827
3.0483
3.2903
3.5915
3.3953
3.6227
3.1387
3.1626
3.0438
2.7901
3.0842
3.1103
3.1677
3.0282
3.3920
3.2216
3.3142
3.3429
3.3275
2.9918
3.1888
3.5538
3.8803
3.4377
3.5525
3.4803
3.9364
3.5154
3.7299
3.9226
3.3230
3.3039
3.5665
4.0380
3.5702
3.5778
3.4049
3.3799
3.7765
3.7404
3.7248
3.6481
3.6705
3.4744
3.3608
3.5858
3.4256
3.5458
3.4405
3.9781
3.6630
3.7834
3.8373
3.7276
3.5322
4.0138
4.0102
3.9358
4.3538
3.7659
3.8347
3.6871
3.8916
4.1783
4.5413
4.3580
3.9282
3.7405
4.0910
3.3641
3.8431
4.0328
3.9274
3.6240
3.7663
3.7998
3.7144
3.9992
3.8263
3.8444
3.9644
4.0513
3.9813
3.8890
4.1014
3.8688
4.1017
4.4739
4.2887
4.4630
3.8058
3.9842
3.7329
3.8375
3.5708
4.1857
3.9576
3.8842
3.6865
3.6152
3.1591
3.4103
3.4434
3.6762
3.6190
3.7000
3.6677
3.5808
3.8764
3.6593
3.4098
3.3569
4.2401
3.7058
3.7189
3.9836
4.4458
4.2044
4.0382
4.0077
4.2514
4.2242
4.1958
4.1258
3.5964
3.8659
3.9500
3.9862
4.0325
4.1028
3.9470
4.0983
4.1145
3.9211
4.1913
3.4853
3.7666
3.7205
3.7513
4.3499
4.2633
4.5882
4.4012
3.9049
4.1709
3.8816
3.9888
3.8792
3.4140
3.7080
3.7916
4.0617
3.8388
4.0411
3.6668
3.8219
3.4765
3.4506
3.6134
3.7308
3.4740
3.2573
3.6029
3.4871
3.9784
3.9590
3.8946
4.2140
3.8886
4.1228
3.9371
3.6453
3.6625
3.7295
3.6686
3.4889
3.5700
3.7809
3.6470
3.6372
3.3689
3.2740
3.6967
4.0288
3.9977
3.8221
4.2579
4.4187
4.3276
4.0000
3.9550
4.1099
3.9179
4.0617
4.1032
3.8062
4.3012
4.8919
4.8880
4.2913
4.3075
4.1355
4.5647
4.0919
3.8411
4.0810
3.8479
3.6892
4.1091
4.4451
4.2721
4.2069
3.6480
3.9359
4.4365
4.1937
4.2034
4.1730
4.2168
4.4249
4.1340
4.2564
4.2910
4.4425
4.8015
4.5023
4.7160
4.7670
4.1449
4.3821
4.3591
4.2920
4.5521
5.0088
4.8782
4.7673
4.8703
4.8315
5.1527
4.9662
4.5342
4.9027
4.9126
5.0557
5.1793
5.1353
4.5150
4.0677
3.9740
4.1217
3.4987
3.6675
3.6837
4.0720
3.9477
3.7112
3.6063
3.7155
3.7449
3.6251
3.9442
4.3033
3.8716
3.4063
3.5189
3.6167
3.6314
3.8599
3.7137
3.8346
4.4193
4.5979
5.0043
5.0829
4.8874
4.9122
4.6453
4.7928
4.9741
4.6561
4.2801
4.6030
4.4783
4.2712
4.2545
4.2394
4.4378
4.7876
4.6194
4.6001
4.6529
4.2675
4.3601
4.3490
4.8489
4.5199
5.0821
4.6161
5.0878
5.2796
5.1937
4.9737
5.1135
5.4696
5.3937
5.6403
5.6572
5.3658
5.2627
5.6403
5.3980
5.5532
5.2540
5.3971
5.0008
4.5191
5.0067
5.9488
5.8029
5.9008
6.2716
6.1354
6.0434
5.2575
5.2513
5.0714
5.2804
6.0344
5.7847
5.3754
5.8395
5.5303
5.3107
5.3531
5.1105
4.6405
4.7710
4.5584
4.5739
4.2620
4.2564
4.4214
4.5608
4.4337
4.5755
4.5195
4.8232
4.9026
4.0449
4.4619
4.7590
4.6848
4.6165
4.7356
4.5474
4.6160
5.2945
4.3764
4.4762
5.2364
5.3655
5.0191
5.0161
5.5887
5.4165
5.1685
5.0225
4.7486
4.7964
4.7637
4.7380
4.6778
4.8335
4.4649
4.3304
4.2621
4.4928
4.6481
4.4068
4.1068
4.3600
4.4971
4.2307
4.4344
4.8122
4.9855
5.1235
4.6860
4.8051
4.8052
5.0460
4.7280
4.8290
4.5000
4.8534
4.8601
4.8603
5.0206
5.0723
5.4555
4.6154
4.5592
5.0421
5.1358
4.6097
4.9570
4.6402
4.1629
4.0436
3.9134
3.6306
3.8722
4.2116
4.1971
4.3595
4.2704
3.9317
4.1533
4.0088
3.8834
4.1186
4.1293
4.0502
4.0258
4.2969
4.4263
4.3814
4.2768
3.9222
3.7150
3.7499
3.7447
3.8548
3.7725
4.4198
4.3358
4.3724
4.2406
4.5480
4.0839
4.4724
4.5367
4.6724
4.5918
4.2549
4.2492
4.5285
4.2642
4.5418
5.2288
4.3442
4.5893
4.1889
4.5958
4.1784
4.5457
4.8341
4.9800
4.4260
4.9054
5.2036
5.2773
5.7108
5.8447
5.4614
5.4929
4.7885
5.5004
5.5114
5.2448
5.0551
4.8090
5.0233
5.2477
5.3252
4.7904
5.1328
4.6881
4.5720
4.3346
5.2020
4.9018
4.7450
4.5024
4.6662
4.8113
4.9852
4.4694
4.7856
4.7575
4.9820
4.8280
4.3100
4.7175
4.5559
4.4839
4.2277
3.8426
3.7840
3.8047
3.8766
3.6392
3.9226
3.7338
3.4687
3.5210
3.6316
3.5831
3.3532
3.5998
3.5421
3.9359
3.9920
4.3210
3.8816
3.8184
3.7602
3.5447
3.6946
4.1292
4.5198
4.6849
4.8949
4.3043
4.8737
4.2523
4.3091
3.9686
4.3548
4.0276
4.0152
4.1047
4.3581
4.2500
3.9575
3.9352
3.8282
4.2308
4.0449
3.5442
3.5879
3.5756
3.6322
4.1323
4.2981
4.2465
4.1260
4.3906
4.4986
4.6396
4.5084
4.0012
4.3027
4.2020
4.2638
4.5142
4.5654
4.6008
4.5058
4.7623
4.7857
4.2557
4.2924
4.0411
4.1136
4.2495
3.9950
4.2244
4.6127
4.2088
4.5063
4.3545
4.5237
4.4394
4.3763
4.3174
4.3298
4.5615
4.2682
4.6390
4.7027
4.3515
4.5404
4.3116
4.3538
4.8390
5.3414
5.4321
5.6835
5.5958
5.7125
5.6139
5.1695
4.9194
4.9333
5.2382
4.7875
4.8055
4.5432
4.7098
4.9204
5.3490
4.5871
4.7011
4.6317
4.5748
4.1680
4.0246
4.6388
4.7575
4.1953
4.6383
4.8054
4.6328
4.4522
4.2955
4.9587
4.7296
4.5937
4.7944
4.5897
4.5971
4.4916
4.4973
4.6936
4.5003
4.2932
4.2423
4.1668
3.8416
4.3500
4.2048
4.5643
4.6542
4.4891
4.7834
4.5934
4.5082
4.5066
4.4006
4.4193
4.2872
4.3504
4.2480
3.9352
3.8281
4.2478
4.2442
4.5137
4.7067
4.0090
4.1678
3.7074
3.9560
3.8159
4.3526
4.2302
3.8780
4.0494
4.6045
5.0869
4.7041
4.3147
4.4605
4.5459
4.4899
4.3133
4.4787
4.1497
4.2787
4.5050
4.4204
4.6302
4.9568
5.1449
5.1702
4.8163
4.3679
4.8338
4.7370
4.8439
4.8416
4.6917
4.5415
4.4073
4.5788
4.3602
4.6185
4.7143
4.5590
4.7387
5.0072
4.6645
4.6992
4.0884
4.0783
3.9267
3.8906
4.2324
4.4351
4.2208
3.9852
4.1775
4.1972
4.3273
4.2768
3.8488
3.9864
4.5856
4.8716
4.3041
4.1137
4.4612
4.3561
5.1221
4.7331
4.4739
4.8237
4.9896
4.9898
4.3950
4.2852
4.3081
4.3163
4.5882
4.5285
4.3378
3.8392
3.8802
3.6568
3.8022
4.1317
4.0179
3.9072
4.1163
4.0576
4.0212
4.0591
3.7079
4.1485
4.0843
4.2022
3.9931
3.9233
3.4503
3.7372
3.8976
3.8696
3.8522
3.8799
3.4846
3.7394
3.9860
4.0826
4.0289
4.4812
4.4282
3.9281
3.8916
4.0248
4.2392
4.5130
4.9996
4.5131
4.5229
4.2872
5.1690
4.6673
5.0434
4.7933
4.6065
4.5014
4.9413
5.1578
4.7098
4.7626
4.5914
4.3307
4.3763
4.0960
4.0032
4.2920
4.6206
5.1498
5.0045
4.8943
4.4086
4.2581
4.0913
4.1817
4.4374
3.8735
4.1721
3.9780
3.8605
4.4184
4.1872
4.4937
4.2519
3.9901
4.2589
4.1135
3.9063
4.5686
4.2529
4.3738
4.4262
4.9438
4.3626
4.5195
4.6025
4.4889
4.3275
4.2078
4.4047
4.5603
4.2170
4.4688
4.3326
4.0861
4.0002
3.9797
4.3022
4.2367
4.5400
4.5901
3.9077
3.8674
4.0189
4.0078
3.7550
3.7830
3.7730
3.7620
4.0130
4.0889
3.7177
3.5459
3.2284
3.4743
3.4724
3.8109
3.8271
3.7485
3.7933
3.7948
3.8092
3.6429
3.6735
3.9606
3.6204
3.5621
3.6303
4.0338
3.8569
3.9307
3.8262
3.9245
3.9800
4.0653
3.7509
3.9787
4.1462
4.2507
4.7494
4.2037
4.2005
3.9558
3.9749
3.9567
4.0359
3.9134
3.7259
3.9800
3.7516
3.6463
4.0820
4.7575
4.5004
4.4764
4.7690
4.7921
4.8287
4.6217
4.5935
4.3149
4.1661
4.3708
4.0621
4.5507
4.3438
4.2647
4.1655
4.2737
4.3779
4.5595
4.5365
4.7412
4.5258
4.7052
4.5556
4.4727
4.2580
4.0476
4.1526
3.8185
3.4477
4.0550
4.3619
4.5568
4.2275
4.3416
4.3835
4.4928
4.4523
4.6803
4.0497
4.0940
4.5929
4.2271
4.6900
4.8902
4.4383
4.6016
4.5463
4.5121
4.6131
4.5975
4.3836
4.5065
4.5566
4.6101
4.6692
4.7460
4.6038
4.2890
4.1517
4.2261
3.9862
4.2019
3.8355
4.0282
4.1376
4.2071
3.9850
3.8206
3.4792
3.8198
3.9984
4.5162
4.4349
4.1588
4.2892
4.2795
4.0292
4.0761
4.4285
4.2417
4.7092
4.2754
4.5002
4.4496
4.3649
4.1734
3.9395
3.8581
4.0235
4.0699
4.1486
4.1468
4.0446
4.4732
4.4106
4.6535
4.6032
4.4669
4.2854
4.3856
4.0032
3.9688
4.4553
4.4550
4.1406
4.5824
4.5280
4.5210
4.8801
4.3111
4.0598
4.3069
4.5780
4.7107
4.7943
5.4325
5.8533
5.3373
5.0524
4.7528
5.4322
5.1785
4.6996
4.8758
5.0228
5.1674
5.4876
5.2331
5.1317
4.9819
5.0991
4.8642
5.0795
5.3688
4.9521
5.4216
5.3841
4.9399
5.6493
5.2657
5.2180
4.8395
5.2795
5.4712
5.4788
4.9448
4.7869
5.0984
5.0177
4.8680
4.7432
5.0390
4.6067
4.9105
4.8616
4.5977
4.7550
4.8434
5.5232
5.1317
5.2529
5.3412
5.4550
4.7079
4.8020
4.4395
4.5885
4.8855
5.1376
5.0299
4.9768
5.2783
4.9345
5.3168
4.7734
4.7550
5.3027
5.4019
5.0915
5.1860
4.6912
4.6932
4.8915
5.2650
4.9836
5.3191
5.2234
5.1445
5.5538
4.8480
4.6063
4.6166
4.6952
4.8456
5.1226
5.3056
5.0668
5.4263
5.3704
5.2272
5.2860
4.9419
4.9938
5.4783
5.6938
5.2381
5.7099
5.8005
5.5372
5.4171
4.9785
5.3508
5.1316
4.8899
4.7776
4.9149
4.6265
4.7271
4.6636
4.2529
4.3128
4.2882
4.6231
4.3575
4.7008
4.3820
4.4464
4.7187
4.7621
4.5560
4.1903
4.3079
4.4879
4.2303
4.3033
4.1343
4.1364
4.2830
4.7148
5.0123
4.7925
4.9158
5.0664
3.9896
4.0322
3.8158
4.2988
4.3961
4.4607
4.5329
4.6911
3.9821
4.0698
4.2996
4.0388
4.1159
4.3423
4.1849
4.0672
4.2496
4.4178
4.7397
4.5907
4.4458
4.3040
4.3675
4.4794
3.9566
3.7370
3.9267
3.9433
3.6908
3.8694
3.9510
4.3082
4.5341
4.3631
4.3647
4.3922
4.2101
4.5957
4.4878
4.5391
4.2647
4.4668
4.4002
4.3827
4.0325
3.7976
4.3206
4.2134
3.8486
4.2980
4.1624
3.9653
3.8463
3.8670
4.0553
4.3450
4.5387
4.4940
4.4452
4.5236
4.4396
4.1320
4.1164
3.9025
4.0304
4.3661
4.4243
4.1535
4.3170
4.0268
3.7784
4.7983
4.9919
4.7416
4.6834
4.7681
5.2006
4.9146
4.5659
4.4023
4.4760
4.5674
4.6671
4.3845
4.8747
4.6373
4.3505
4.5021
4.8491
4.5459
4.3158
4.1966
3.8457
4.5236
4.5024
4.3842
3.9238
3.7447
4.2269
4.2426
4.2292
4.3834
4.6092
4.8706
4.6126
4.8192
4.7118
4.5905
4.1821
4.2350
4.2774
4.4347
4.0548
3.7457
3.9806
4.6976
4.3356
4.1201
3.8181
4.2836
4.0169
4.0692
4.1746
4.1556
3.7205
3.8987
3.5756
3.8544
3.7396
3.7894
4.2597
4.2412
4.6208
4.2809
4.1758
3.8986
3.9099
4.3595
4.1657
4.0108
3.8886
3.8080
3.7594
3.9273
4.3077
4.4885
3.9234
3.6317
3.6311
3.4634
3.3477
3.3646
3.6981
3.6789
4.0068
4.4664
4.0896
4.1439
3.9567
3.8104
4.5534
4.2952
3.6211
3.6274
3.8199
3.7941
3.9469
3.9298
3.7587
3.7816
3.8622
4.2104
4.3927
4.0718
4.0672
3.9653
3.8767
3.9721
3.8900
3.8605
3.7572
3.5102
3.9910
3.8975
3.7722
3.9560
4.3526
4.2877
3.8535
3.5676
3.9842
4.0664
4.2430
4.1996
4.4436
4.2465
3.9837
4.2223
3.9669
3.7523
3.6522
4.2841
4.0408
4.1389
4.4077
4.3074
3.8490
3.9557
3.9317
4.4232
4.0311
3.6258
4.1812
4.1382
4.0885
4.2844
4.0260
3.8605
4.3282
4.2912
3.9557
4.0826
4.6482
4.2578
4.4837
4.3091
4.3600
4.2591
4.0394
3.9229
3.7042
4.0102
3.6118
4.1960
3.8448
3.8281
4.1772
3.9899
4.2131
3.9120
4.1500
3.7484
4.0260
4.0075
4.2480
4.1182
4.4855
4.4704
4.7881
4.6439
4.6005
4.7215
4.3665
4.6979
4.1772
4.2630
4.4208
4.4948
4.4767
4.3535
4.1455
4.2072
3.9734
4.5334
4.0685
4.2198
4.4496
4.6712
4.8452
5.0675
4.6394
4.5196
4.6116
4.8401
5.2862
5.3078
4.9248
4.6313
4.3803
4.4880
4.1069
3.6563
4.0713
4.1822
4.2697
4.3637
4.4465
4.5009
4.7573
4.8452
5.2252
5.0324
5.1025
5.1879
4.3903
4.9587
4.9997
4.8203
5.2237
5.3338
4.8528
5.1673
5.4580
5.1367
5.0049
4.9943
4.7791
5.2074
5.0823
5.6726
5.0637
5.2134
4.9886
4.9267
5.3002
5.0767
5.5555
4.9727
5.4133
5.4329
4.7751
4.7813
4.6298
4.7559
4.3703
4.8571
5.1933
4.6312
5.0584
4.6019
4.7177
4.5202
4.7178
4.3799
4.5775
4.5680
4.4947
5.0462
5.8359
6.0795
6.1458
5.3324
5.6145
5.6434
5.2866
5.3192
4.9590
5.4392
5.1327
5.2768
4.7776
5.3231
5.1038
4.6470
4.6792
4.9017
4.6246
4.6760
4.4397
4.1547
4.9232
4.2757
4.6542
4.5777
4.8499
4.8892
4.8968
4.7952
4.9105
5.2702
5.5727
5.5750
5.7007
5.6668
5.7969
5.5783
4.9474
5.0680
6.3066
5.3295
4.7543
4.9326
5.0511
4.8135
4.8464
4.7305
4.7841
4.9660
5.2496
5.2916
4.6695
4.9781
4.3281
4.5277
4.2419
4.2641
4.0635
4.1750
4.3699
4.7759
4.8142
4.6761
4.3345
4.7435
4.5829
4.5504
4.5863
4.3643
4.2008
4.6891
4.7610
5.3668
4.8615
5.1334
5.6067
5.2774
4.8882
4.7397
4.6425
4.8308
4.1746
4.3719
4.6521
4.6101
4.9630
4.6027
4.6512
4.3998
4.4182
4.4072
4.4004
4.2267
4.5933
4.7649
4.8383
4.9508
4.9176
4.0070
4.5194
4.4401
5.0971
5.1276
5.4837
5.4969
5.1486
5.2707
5.0971
4.8860
5.2328
4.6137
5.0655
5.0605
5.0841
5.1070
5.1649
4.8630
4.7205
4.8573
5.1877
5.3028
5.3570
5.1510
5.0329
4.9279
4.8085
5.5562
5.0790
4.9724
5.2885
5.6015
5.9988
6.1760
5.5127
5.5265
5.6810
6.0574
5.5998
5.1339
5.3244
5.6660
5.4624
4.6719
4.8712
4.1643
4.3054
4.4304
4.3400
4.5158
4.2079
4.2516
4.3999
4.3470
4.6501
5.0184
4.2705
4.2171
3.9135
4.4566
4.3698
4.3790
4.0542
4.7723
4.7416
5.1918
5.0660
4.8862
5.2592
4.8587
4.4924
4.8639
4.8701
5.1313
5.3039
5.8551
5.9057
5.7133
5.8110
5.6950
4.9183
5.1276
4.4890
4.7467
5.0411
5.2110
4.5359
4.6189
5.2350
5.2988
4.9583
5.2590
4.4683
4.9030
5.4749
5.4113
5.0264
5.1688
5.7239
5.9349
5.6143
4.5767
4.6928
4.4151
4.4131
4.4857
4.8277
5.2434
5.0340
5.0969
5.2688
5.0768
5.2821
5.2765
4.6935
4.6659
4.5852
4.8070
4.3627
4.3528
4.7007
4.9686
4.9039
5.1499
4.9077
4.4364
4.8150
5.1255
4.9626
4.8650
4.9454
4.9559
4.7454
4.4460
4.4627
4.3086
4.7466
4.8007
4.3621
4.4675
4.6451
4.4915
4.9507
4.3262
4.3343
4.8612
4.8659
4.7162
5.4702
5.1944
5.2562
5.0383
4.9711
5.4252
4.8978
5.0724
5.2369
5.2949
5.5347
5.0426
4.9574
5.1623
4.7762
4.3926
5.0801
4.8083
4.8402
4.9676
5.2874
5.3448
4.9128
5.2542
4.9032
4.6167
4.6225
4.4937
4.8802
4.8457
4.5144
4.5106
4.1276
4.5074
4.7476
4.0947
4.5153
4.6419
4.7330
5.0786
5.0514
4.8012
4.8686
4.4824
4.4496
4.7556
4.7366
5.0428
4.9291
4.8913
4.6963
4.1511
3.9798
4.9456
4.6923
4.9295
4.6703
4.6135
4.4601
4.8899
5.0998
5.2518
5.1802
5.1849
5.4841
5.7126
5.5784
5.0853
5.1020
5.2154
5.3497
4.8424
5.1843
5.0283
5.4877
5.2050
5.1751
4.4882
4.7761
5.1039
5.1005
5.0946
5.1458
4.8920
5.0436
4.9156
5.1847
5.2294
4.7810
5.2906
5.3768
5.4179
5.8196
6.0223
6.0769
6.1816
5.7525
5.4222
5.2959
4.9808
5.2026
5.7013
5.4795
5.7870
5.0992
4.9654
5.0069
5.1899
4.9707
4.9946
4.8581
4.6121
4.6656
5.1782
4.4671
4.9027
4.9262
4.9428
5.2393
4.6554
4.6139
4.5030
4.3487
4.7286
5.2171
5.2014
5.0435
5.4057
5.4237
5.6395
5.6264
5.5533
5.6220
6.6685
6.6977
6.4354
5.5090
5.9103
5.7463
5.3311
5.7170
6.0544
5.4907
6.0615
6.3454
6.3353
5.7435
5.6769
5.4699
5.2216
5.3300
5.5110
5.5175
5.4247
4.7097
5.4133
5.6625
5.5773
5.3149
5.2321
4.9668
5.1771
5.0358
5.2822
5.4554
5.3568
5.5565
5.6014
5.8998
5.0746
4.9286
5.3663
5.1283
5.0915
5.3432
5.3920
5.3912
4.8105
4.7283
4.7596
4.8280
4.7757
4.7953
5.1341
4.7690
5.3526
5.6855
5.2957
5.3551
5.4247
5.1919
5.0958
5.1895
5.5176
5.5328
5.2848
5.2876
4.8922
5.2594
5.7001
6.1571
5.6559
4.9789
5.3021
5.3821
5.2110
5.2940
5.3893
5.2333
5.1470
5.0606
5.2479
5.2841
5.6744
5.7245
5.4770
5.6166
5.2599
5.3624
5.0513
5.2774
5.4553
5.1694
5.0727
5.1740
4.8823
5.7316
5.5318
5.1118
5.3111
5.7679
5.9243
5.6849
5.2459
4.8040
4.7569
5.2932
5.3887
4.8636
4.9974
5.4248
5.2417
5.6869
5.6483
5.2869
5.2575
5.4055
5.1764
5.5365
5.1580
5.5078
5.3610
5.5572
5.7043
5.4027
5.1371
5.0392
6.0497
6.2408
6.2211
6.3471
6.2967
5.8323
5.8225
5.6107
5.4674
5.6253
5.1998
5.3058
4.8367
5.1847
5.1823
5.6194
5.4193
4.9715
5.2544
4.4633
4.9014
4.5086
4.9861
4.6108
4.7183
5.1119
5.3358
5.3942
5.3230
5.2444
5.0745
5.1408
5.8459
5.5024
6.0090
5.9067
5.9477
5.7871
5.6730
5.9574
6.2076
6.1089
5.6277
5.6825
5.6800
5.7174
6.1421
6.1467
6.0163
6.1825
6.3443
6.0962
5.9787
6.0749
5.9173
5.4290
5.6924
6.0508
6.0924
5.8585
5.8604
5.4864
5.4457
5.9696
5.8966
5.8870
6.0932
6.4906
6.5583
6.0666
6.1025
5.9118
5.1739
5.7661
5.6442
5.7624
6.1448
6.2065
5.7378
5.5924
5.4406
5.3712
6.2611
6.0352
6.1120
5.8157
5.8105
5.2702
5.1480
5.1054
4.7085
4.9855
5.1728
4.8955
4.8564
4.7181
5.0142
5.4436
5.3496
5.1127
5.1156
5.3861
5.8336
5.5453
5.2285
5.6568
5.4133
5.5776
5.7732
5.5888
6.1026
6.1648
6.2594
6.0592
5.6150
5.9188
6.3944
6.2529
6.3459
6.2653
6.1777
6.5220
6.4807
6.6586
6.4609
6.4511
6.0042
6.1277
6.2703
6.7059
6.7629
6.6530
6.7085
6.2131
6.0554
5.5569
4.8850
4.8940
5.4389
5.2096
5.7123
5.7096
4.8617
5.2507
5.3445
5.4897
5.3642
5.4830
5.8837
6.1061
5.2497
5.5314
5.6888
5.2206
5.1486
4.9412
4.5611
5.0616
4.9442
5.5114
5.0929
5.7219
5.7565
5.6097
5.8808
6.0322
6.1564
6.3082
6.2273
6.7617
6.8990
6.5957
6.3836
6.9196
6.4434
6.5331
6.6204
6.6625
6.5486
6.7165
6.4101
6.5370
6.3906
6.0223
5.8440
5.5779
5.5280
5.7230
5.8044
5.4356
5.4201
5.9229
5.2468
5.3526
5.0447
5.5199
5.3317
5.4527
4.8784
5.2342
5.2131
5.4949
5.8684
6.0678
6.3588
6.2341
5.6610
5.7440
5.9715
5.7030
5.8045
5.9245
5.6646
6.0404
6.0163
6.4640
6.4051
5.9622
6.0620
6.2563
6.7110
6.5540
6.0147
6.3889
6.1121
6.0349
5.6464
5.9035
5.8616
5.4617
5.7012
5.7810
5.6780
5.4517
5.7972
5.4114
6.1483
5.9065
5.6910
5.6613
5.8938
6.4393
6.5005
5.7498
5.5014
6.3741
6.1653
6.3263
6.1736
6.2306
6.1805
6.1481
6.5396
6.9863
6.2964
6.0976
6.3534
6.4936
6.6189
6.5590
6.5236
6.8404
6.5403
6.2226
6.3134
5.9960
6.1484
6.2592
6.2794
6.2622
6.0626
6.1884
6.0768
5.7366
6.1254
6.0845
6.1633
5.8517
5.5456
6.0178
5.6738
5.9698
5.9302
6.3540
6.1376
6.0612
5.8914
5.6452
5.8171
5.6411
5.2382
5.4913
5.7016
5.7499
5.7803
5.6337
5.8140
6.0051
5.6213
5.8225
5.7074
5.7250
5.7926
6.0591
6.2108
6.1052
6.4133
6.2212
6.0013
5.7308
5.7432
6.0235
6.1670
6.1394
6.3416
5.7716
6.1400
6.2017
5.8924
6.1010
6.1774
6.2992
6.1385
6.0810
6.1206
5.9677
5.8410
6.0692
6.0865
6.1404
6.3629
6.5484
6.4818
5.8975
5.9662
5.6666
5.6661
5.9980
6.1071
6.0847
5.9245
5.7899
6.0672
5.2824
5.4279
5.7412
5.6417
5.6609
5.3526
5.5082
5.4951
5.6700
5.8191
5.7375
5.9683
6.1675
6.0385
5.7814
6.4041
6.2017
6.3480
6.2771
5.9505
5.9058
5.6539
5.6905
5.7956
5.9858
5.9347
5.7621
5.6271
5.8549
6.0661
5.7199
6.4136
5.9172
5.8568
5.9426
5.9395
5.9829
5.9785
5.9152
5.7046
5.5643
6.0343
6.0246
5.5533
5.7314
5.9922
5.9384
6.1598
5.7063
5.6212
6.1151
5.9490
6.0998
6.3196
5.8486
5.7471
5.4868
5.4902
5.4579
5.9308
6.1872
5.5097
5.8813
6.0504
5.6598
5.8323
5.8307
5.8328
6.1705
6.3185
6.0505
5.8254
6.2138
6.6094
6.2325
6.1826
6.1327
6.2917
6.5763
6.3857
6.3897
6.1656
5.8975
5.7295
5.6751
6.1357
5.7814
5.6390
5.6684
5.6958
5.6635
5.7226
6.4489
6.7013
6.4824
6.6025
6.4377
6.3265
5.9785
5.9057
5.9108
5.8156
5.8574
6.0263
5.8319
5.5473
5.7949
6.0976
6.1570
6.0386
5.9481
6.0240
5.9542
5.6905
5.7094
5.9037
6.0643
5.9269
5.4582
5.7793
5.8127
5.6118
5.6322
5.3428
5.4289
5.6156
5.1957
5.6901
5.0391
5.2450
5.4464
5.3938
5.3507
5.1705
4.4117
5.1239
5.3986
5.3474
5.4075
5.0872
5.1857
4.6768
5.1130
4.9298
5.1058
5.0872
5.3452
5.1011
5.3309
5.3810
5.1444
4.8772
5.1700
4.9145
5.2642
5.1230
5.2351
4.7219
4.7838
5.0079
5.1494
5.3171
5.3936
5.1137
5.2756
4.9739
5.4827
5.4546
5.5889
5.9704
5.8466
6.2301
6.3503
6.4975
6.6493
6.5905
6.0553
5.5178
5.4516
5.9532
5.5776
5.6711
5.6154
5.5143
5.4254
5.2001
5.4927
5.6813
5.7050
5.5609
5.1441
5.3532
5.4224
5.5051
5.9714
5.9980
5.9954
5.8893
6.2734
6.7600
6.8845
6.0097
6.4554
6.4775
6.0997
6.2108
5.9726
6.6043
6.1368
6.3129
6.0684
5.9043
5.5381
5.6801
5.9489
5.9759
5.9399
6.0288
5.8968
5.8191
5.9036
6.1450
5.6647
5.4244
5.3411
6.1054
5.8897
6.1718
5.8357
6.3276
6.0943
6.0294
6.3373
6.8043
6.9201
5.9779
5.9686
6.2175
6.2508
6.8639
6.3296
6.8940
6.7024
6.9286
7.1830
7.1511
6.8553
6.5272
6.6126
6.5826
6.6158
6.7333
6.8472
6.7196
6.6966
7.0283
6.5764
6.4190
6.5053
6.6350
6.4129
6.1493
6.1826
6.4782
6.7173
6.7734
6.2518
6.7079
6.7198
6.5259
6.2113
6.0594
6.0015
5.7527
6.0658
6.2456
6.2029
5.8223
5.9073
6.1921
6.2604
6.0357
6.1508
6.5284
6.2778
6.6255
6.5174
6.5658
6.3047
5.6434
6.5619
6.1873
6.2017
6.2309
6.1332
6.2231
5.7924
5.8462
5.8086
5.8387
5.9104
5.5324
5.8115
5.6957
5.2810
5.8398
5.5022
4.9177
5.3165
5.0577
5.5531
5.5903
5.6023
5.4134
6.1804
6.0553
6.4099
6.1865
6.2815
6.1723
6.1094
6.5618
6.4735
6.2785
6.1601
6.3423
6.1879
5.7961
5.7027
5.7743
5.9253
6.0871
6.0242
6.0774
5.8443
5.6479
6.0329
5.3939
5.3423
5.1970
4.8255
5.4399
5.1838
5.5005
5.3740
5.7149
6.0455
5.7312
5.4566
5.5850
5.8482
5.6885
5.5066
5.5510
5.0664
5.3058
5.7076
5.8362
6.1132
6.3201
5.9061
5.6345
5.5730
5.4991
5.7494
5.7039
6.0060
6.1161
5.7358
5.8283
5.9703
6.1678
6.0221
6.0183
5.5305
5.7509
5.5253
5.7524
5.9220
5.4859
5.3741
5.5831
5.6513
5.4202
5.8792
5.6673
5.6330
5.3838
5.6646
5.4986
5.2664
5.7039
5.8974
5.7341
5.9574
5.6439
5.5434
5.0313
5.3609
5.3447
5.1710
5.4158
6.0619
5.5397
5.4010
5.1838
5.1343
5.0240
5.1315
4.9818
4.9989
5.1996
5.3849
5.3915
5.0992
4.6961
5.1722
5.2496
5.0662
4.9660
5.1631
5.5286
5.2538
5.3143
5.6804
5.5720
5.3568
5.5045
5.5766
5.5992
5.8334
5.5421
5.6063
5.9198
5.6646
5.2121
5.1937
5.5116
5.2796
5.3248
5.0305
5.3222
5.0385
5.4451
5.8067
5.9334
6.3137
6.1081
5.9762
5.4567
5.4808
5.8608
5.6889
5.3092
5.2007
5.4915
6.0842
5.5584
5.6985
6.3661
5.9861
5.9875
5.8534
5.5632
5.3291
6.2516
6.1757
6.1067
5.4477
5.2305
5.2890
5.4713
5.3413
5.8294
5.5528
5.8536
5.9472
5.9816
5.6997
5.1741
5.3696
5.0328
5.1983
5.3676
5.6635
5.7796
5.8157
5.5591
5.8685
5.7713
5.8082
6.0597
6.1471
5.4855
5.3506
5.5737
5.7630
5.6838
5.6988
5.5772
5.3602
5.6845
5.6726
5.2078
5.2408
5.1987
5.2821
5.6371
5.8124
5.6867
6.1296
6.1014
6.4608
6.1359
6.4333
6.2363
6.1490
5.8957
6.1046
6.1743
5.8217
6.0516
5.8000
5.7189
5.6843
5.9327
5.7587
5.7588
5.5856
5.5705
5.5629
5.8864
6.1348
6.2840
6.5461
5.8933
5.8864
6.1402
6.1524
6.5800
6.3342
5.9970
6.0181
6.0178
6.2154
6.3183
6.4734
6.0496
5.9518
6.0318
6.0575
5.5749
5.7434
5.4444
5.5770
5.5675
5.6111
5.6637
5.5131
5.8205
5.6251
5.5443
5.9154
5.5018
5.6039
5.7985
5.7286
5.5951
5.6777
5.8425
6.0439
5.6852
5.8533
5.8968
6.1611
6.0183
6.1799
6.1015
6.2022
6.1046
6.1253
6.4149
6.5552
6.4765
6.7605
6.5317
6.7516
6.5832
6.5036
6.2697
6.2458
6.6526
6.4031
6.5856
6.5086
6.1606
6.3429
6.2730
6.5118
6.1082
6.5306
6.2262
6.6759
6.2745
6.5120
6.6134
6.5567
6.5508
6.4817
6.5844
6.3420
6.5572
6.1861
6.3533
6.4370
6.4007
5.9028
5.7382
6.1602
5.9851
6.1224
5.8282
6.0507
6.0280
6.0261
6.5746
6.7208
6.1984
6.2414
6.0058
5.9118
5.9067
5.7157
5.9315
6.1258
5.7695
5.8274
5.9322
5.7380
6.0178
6.0385
6.2025
6.4437
6.1385
6.4756
6.1929
6.6532
6.5830
6.2700
6.3360
6.3173
6.3840
5.9611
6.5946
6.7178
6.6475
6.7440
6.4920
6.3147
6.4483
6.5859
6.0797
5.7852
5.9817
6.0493
6.2014
6.2451
5.7812
6.2631
6.1191
6.2352
6.3597
6.6785
7.0313
6.7972
6.6985
6.3821
6.1885
6.3621
6.5349
6.4979
6.0062
6.2285
6.3346
6.3223
6.2366
7.0850
7.0449
6.9933
6.9854
6.8362
6.4928
6.2483
6.2596
5.8851
5.8818
5.9922
6.0754
6.6373
6.3594
6.2570
6.4722
5.7793
5.4047
6.0844
5.5612
5.8674
5.6140
6.5995
6.8584
6.2097
6.3904
6.3387
5.9278
5.7688
6.0529
5.9450
5.9057
5.9203
6.2145
6.3782
5.8415
5.6579
5.6246
6.0735
6.2630
6.1770
5.6623
5.5500
5.9563
6.2240
6.5014
6.3070
5.9521
5.5931
5.9903
6.2830
5.9207
6.3669
6.2865
5.8974
5.9865
5.7670
5.4916
5.9775
5.6628
5.7223
6.2368
5.9118
5.9511
6.1249
5.9755
6.3246
6.5425
5.8999
5.8461
5.4077
5.5528
5.9991
5.9760
5.4811
5.5930
5.4695
5.3678
5.4929
5.7272
5.9837
5.9255
5.8835
5.7746
6.1441
6.0400
6.6583
6.5968
6.4689
6.1561
6.5693
6.6208
6.6916
6.4477
6.7513
6.7394
6.4366
6.5371
6.2311
6.2704
6.3008
6.1798
5.6223
5.7332
5.8255
5.8007
5.8363
6.0281
6.1051
5.2003
5.1926
5.5788
5.8660
6.3351
6.6478
6.5793
6.2453
6.1938
5.6576
5.7039
5.9955
6.0455
6.5171
6.1419
5.8871
6.1707
6.5035
6.2664
6.7562
6.4264
6.5683
6.5368
6.4324
6.7304
6.8971
6.7531
6.6500
6.2367
5.9037
6.4948
6.3165
5.8109
6.0669
5.7971
6.3351
6.2203
6.2071
6.1755
6.3153
6.3489
6.3537
6.0642
6.2044
6.0969
5.8661
5.5798
5.5296
5.9609
5.7961
5.8444
5.9734
5.8246
5.9002
6.0337
5.7751
6.0925
6.0299
6.0437
6.4068
6.2804
6.2338
5.6124
5.4288
4.9391
5.2221
5.2750
5.2206
4.7845
4.7214
4.6371
4.9709
5.3951
5.2489
4.9766
5.6235
5.3623
5.4317
5.5230
5.6198
5.4178
5.6552
5.8323
5.8357
5.9647
5.8353
5.9392
6.1172
6.0513
5.9571
6.0713
5.9737
5.8667
5.5084
5.8035
5.4098
5.5756
5.5279
5.6103
5.1602
4.9008
5.7506
5.6883
5.7373
5.1402
4.9695
4.8992
4.7720
4.7836
5.0060
5.2255
5.3211
5.8976
5.3674
5.2180
5.1758
4.9199
4.7298
5.1903
4.5448
4.8207
5.0661
4.9564
5.0785
5.4517
5.2911
5.5371
5.2367
5.6368
5.1786
5.0898
5.1479
5.3422
5.4608
5.8234
5.4343
5.6920
5.8962
5.8133
5.6851
5.5623
5.3024
5.9461
6.0916
5.9523
6.1618
6.2270
6.1089
5.6251
5.4463
5.6080
5.6155
5.7348
5.9896
5.7894
5.9566
6.5025
6.2420
5.9221
5.9478
6.1254
5.8852
5.7160
5.9279
6.0508
5.7011
5.8220
5.5013
5.9018
6.4067
6.0808
6.3646
5.5735
5.5331
5.8419
5.4736
5.4782
5.7002
5.7316
5.9163
5.4513
5.5884
5.7901
5.4039
5.1024
5.2916
5.5630
5.7979
6.0251
5.2336
5.6406
5.3369
5.8158
5.2949
4.9484
4.8716
5.0627
5.3917
5.5355
5.1014
5.0878
5.1796
4.9308
4.9637
5.3357
5.0200
5.1038
5.3580
5.4581
5.6857
5.5367
5.2952
5.4630
5.2856
5.0071
5.1400
5.3761
5.4894
5.7268
5.8402
5.6436
5.6302
5.6076
5.4866
5.3765
5.4875
5.8822
5.5642
5.3440
5.5514
5.7970
5.6492
5.6162
5.7929
5.8100
5.9170
5.7409
5.6021
5.3483
5.6036
5.8348
5.5485
5.7738
6.5057
6.1600
5.6898
6.3832
6.1376
5.8818
6.0634
5.8263
5.9780
6.3126
6.0593
6.2267
6.3302
6.5505
6.8870
6.5150
6.4831
6.6069
6.4249
6.2388
6.3753
6.4194
6.2671
6.2880
6.1092
6.5904
6.5562
6.4130
6.4264
6.4173
6.4314
6.2856
6.3036
5.9059
5.8564
6.1565
6.1317
6.6852
6.8527
6.5082
6.8740
6.6814
6.7725
6.6514
6.3767
6.4276
6.2680
6.1872
6.6543
6.2412
6.9697
6.7649
6.3219
6.5734
6.4072
6.8486
6.7503
6.5226
6.5554
6.8242
6.7083
6.5494
6.0577
6.4285
6.4508
6.1605
5.8612
6.2040
5.9364
6.3075
6.2716
6.4656
5.9443
6.1013
5.5888
5.3786
5.8479
5.9105
5.8586
6.3484
5.8270
5.7062
5.8909
5.8629
5.7309
5.5441
5.2127
4.8890
4.7801
5.0532
5.1401
4.7959
4.8385
4.9006
5.0524
5.3373
5.0629
5.1668
5.6711
5.6700
5.4213
5.3955
4.9682
5.4039
5.5496
5.5188
5.2710
5.1037
5.1851
5.4286
5.1337
5.0622
4.9998
5.1950
5.3963
5.5841
5.2602
4.9885
5.7262
5.8911
5.5398
5.9365
5.5870
5.6100
5.9863
5.6783
5.7320
6.0536
5.8387
5.6972
5.6885
5.8963
5.5077
6.2341
6.1851
6.4952
6.4071
6.4009
6.3137
6.1944
6.4553
5.9021
5.8152
5.4279
4.9774
5.4277
5.4426
5.4371
5.7825
5.9463
5.8455
5.9786
5.8056
5.7429
5.7343
5.1709
4.8747
5.4090
5.2171
5.8174
5.2476
6.0169
5.7361
6.0102
5.3723
5.3951
5.2055
5.2370
5.4508
5.1739
5.2251
5.7691
5.8306
5.5335
6.0624
5.8365
6.1423
6.1220
5.9165
5.7558
5.7504
5.9125
5.7805
5.8783
5.4236
5.1995
5.1114
5.6332
5.4595
5.3440
5.2477
5.6627
5.9400
5.8747
5.8807
5.7665
5.8060
6.0088
6.0490
5.8842
5.4837
5.2564
5.4657
5.9057
6.1047
6.2050
6.0290
5.8615
5.8958
5.9823
5.9717
5.8178
5.4329
5.8093
5.6425
5.6474
5.5551
5.2722
5.4775
5.3277
5.5390
5.6018
5.6285
5.8893
5.9509
5.6721
5.5475
5.9609
5.8152
6.1890
6.1774
6.0022
6.2396
6.0408
6.0049
6.1129
6.3073
6.2295
6.1213
6.0048
5.9224
6.0463
5.9759
5.6184
6.0456
6.0777
6.0717
5.8546
5.6895
6.0450
6.2865
5.8518
5.8955
5.6807
5.6096
6.0635
6.2970
5.9074
6.2474
5.9414
6.0055
6.2534
6.5142
6.4692
6.8020
6.4383
6.5747
6.0165
6.1140
5.9235
5.8151
6.1825
6.6571
6.5323
6.9961
6.3445
6.0322
6.0760
5.8830
5.6879
5.4748
5.7088
5.9879
5.7114
5.7156
5.7571
5.6493
5.5378
5.7305
5.4182
5.5180
5.3544
5.7505
5.9698
6.3708
6.0004
5.2528
5.3873
5.7488
5.8262
5.5399
5.3909
5.3227
5.8644
5.3709
5.2721
5.4736
5.4103
5.4885
5.7494
5.9295
5.7453
5.8179
5.7408
5.9239
5.8289
5.6820
5.9588
6.2060
5.4619
5.3550
5.4527
5.7774
5.8817
5.6807
5.1475
5.2742
5.7313
5.5954
5.1026
5.4034
5.0831
5.4269
5.6865
5.3531
5.7595
5.7578
5.9506
5.7319
6.0725
5.7239
6.1009
6.2345
5.5001
5.6596
5.8461
5.9650
5.4344
5.7541
5.5894
5.9056
5.7384
6.2539
5.6931
6.1681
6.3714
6.4859
5.9026
6.0219
5.9644
5.6861
5.9850
6.0632
6.2172
5.8243
5.8955
5.2916
5.7976
5.5030
5.4174
5.2014
5.7519
6.0967
5.8257
5.7192
5.7214
5.9621
5.8244
5.6351
5.7310
5.8243
5.3087
5.3064
5.8222
5.7512
5.7650
5.8931
5.7683
5.9950
6.6763
6.5892
6.4671
6.6317
6.5367
7.0115
6.5347
6.2615
6.2328
6.2362
6.2173
6.4972
6.0622
6.2686
6.4307
6.4481
6.1330
5.8786
5.7794
6.0108
6.3020
5.6886
5.5852
5.3107
5.6103
5.9315
6.2015
5.9694
6.1583
6.4439
6.3795
6.0846
6.0824
6.0397
6.5869
6.3596
6.3906
6.1920
6.4451
6.4779
6.8119
6.3745
6.4535
6.2788
6.4988
6.3143
6.5618
6.2584
6.5552
6.0730
6.0299
6.1619
6.2594
6.6040
6.8679
6.4403
6.6913
6.1304
6.1820
6.2108
6.4710
6.5363
6.4899
6.2225
6.1924
6.4902
6.8640
6.3151
6.1161
5.9573
5.6801
5.8049
6.1125
6.4559
5.7226
5.8976
6.1493
6.0536
5.4088
5.7732
5.8774
5.6833
5.8487
6.6049
6.6625
6.3121
5.9777
5.8583
5.8403
6.0843
5.6227
5.9435
5.6125
5.6819
5.8839
5.6467
5.4983
5.6528
6.4217
5.7692
5.9124
6.0453
5.9332
5.5353
5.8289
6.0177
5.9789
6.5565
6.7206
6.0271
5.6851
6.0226
6.2711
6.0224
5.8421
5.8985
5.6100
5.6247
6.0043
6.4982
6.2538
5.8757
6.4264
5.8348
6.3827
5.9769
6.1119
6.6575
6.4689
6.4118
6.2245
6.4473
6.5060
7.0786
7.0331
6.8444
6.4234
6.5851
6.6773
6.6438
6.3557
6.4220
6.7828
6.7133
6.3902
6.8292
6.5274
6.7167
6.5905
6.8295
6.5962
6.3044
5.7852
6.0466
6.4700
6.1370
6.1544
6.2452
5.8198
5.8882
6.1807
6.4369
6.1688
5.9673
6.3032
6.6306
6.9303
6.7842
6.6871
6.1383
6.4495
6.1025
5.9197
6.4255
6.5327
6.6862
6.3189
6.3236
6.8224
6.7707
6.6899
6.6515
6.9060
6.8724
6.5128
6.6211
7.1432
6.9947
6.5458
6.2557
6.0422
6.5671
6.6716
6.9359
6.7480
6.8817
6.6582
6.7436
6.9811
6.9476
7.0232
6.9688
6.7106
6.3762
6.4786
7.2318
7.0260
6.7699
7.0183
7.0243
7.2140
7.3091
7.2243
6.6662
6.7517
6.5745
6.4891
6.7155
6.9371
6.6150
6.8525
6.3175
6.5979
6.7804
6.9686
7.2084
6.7737
6.6142
6.6251
7.0156
6.5704
6.5697
6.6182
6.9960
7.0499
7.0202
7.1659
7.2379
7.1025
7.0834
6.9461
6.6647
6.9218
7.1688
6.5708
6.3381
6.7100
6.8950
6.9731
6.9261
6.9825
7.6008
7.1525
6.7183
6.6057
6.6295
6.6466
6.8359
6.4166
6.9099
7.3468
7.0444
7.0583
7.4422
7.5442
7.3817
7.8368
7.8751
7.5948
7.3450
7.5467
7.2272
7.3231
7.3416
7.1736
7.3032
6.9069
6.7956
6.5349
6.4422
6.4795
6.9277
6.9217
6.5611
6.5963
6.7527
6.9049
6.8958
7.2585
6.7324
6.5026
6.8080
7.1956
7.3257
6.8894
7.1574
7.2824
7.5347
7.4595
7.7939
7.6252
7.5914
7.3444
7.2513
7.1643
7.6179
7.3373
7.2553
7.0279
6.7808
6.7690
6.5943
6.7718
6.5230
6.2819
6.4879
7.0926
6.5960
6.4346
6.0356
6.1678
6.2475
6.2340
5.5778
5.9243
6.3469
6.3068
6.7754
6.8908
7.0149
6.1336
6.4370
6.3988
6.3163
6.0178
6.8008
6.6653
7.1762
6.6666
7.0675
6.8672
6.8406
6.9091
6.8886
7.0985
7.1495
7.5560
6.9512
7.1912
7.0306
7.2385
6.8648
6.0776
6.7373
6.8364
6.8670
6.5512
7.0284
6.9709
6.8711
7.0700
7.0710
6.7179
6.3914
6.4870
6.6197
6.2384
6.2913
6.1059
5.9957
6.4452
6.2800
6.2946
6.4675
6.5219
6.5800
6.8377
6.4856
6.5392
6.6141
6.6533
7.0481
6.9115
7.0223
7.1549
6.9264
6.6163
6.5791
6.5378
6.7030
6.8664
6.7959
7.2987
6.8914
6.8867
6.9259
6.5121
6.5084
6.8581
6.2933
6.3671
5.7376
6.3086
5.9139
6.1275
6.4324
6.1397
6.0017
6.2099
6.3075
6.0598
6.7898
6.6582
6.6880
6.6456
6.3687
6.2919
6.3690
6.3972
6.6328
6.1744
6.6915
6.2838
6.6666
6.6188
6.7822
6.3615
6.1629
6.0020
6.2595
5.6918
5.6258
5.9471
6.3369
6.4953
6.0171
5.6595
6.1395
6.1058
5.6011
5.6745
5.4044
5.6244
5.5625
5.9074
6.1385
6.3825
6.0737
5.6282
5.7457
5.4912
5.3695
5.7466
5.8552
5.6788
5.6462
5.8761
6.3714
5.8504
5.8994
5.3110
5.6994
5.5467
5.4114
5.5652
5.4803
5.9836
5.6377
5.5221
5.2695
5.5216
5.7427
6.1172
5.8630
5.5940
5.5880
5.7476
5.9617
5.4921
4.9653
5.6037
5.6799
6.0829
5.7758
6.4060
5.7943
5.9744
6.0764
6.4615
6.3434
6.4287
6.4241
6.4482
6.1317
6.2474
6.1663
6.1063
6.1187
5.9012
5.7237
5.8668
6.0356
6.2768
6.4717
6.2721
6.5102
6.3510
6.4021
6.4056
6.1603
6.2021
5.9882
5.8854
5.9306
5.5080
5.5521
5.9338
5.8417
6.0133
5.8888
5.9816
5.7334
6.4502
6.1261
5.7971
5.4349
5.7379
5.8405
5.9181
6.1086
5.8877
5.7178
5.6616
5.7744
5.7681
5.4076
5.4906
5.4249
5.8684
5.7259
5.8372
5.7808
5.9068
5.9661
6.4092
6.2602
5.9956
5.9633
6.4158
6.1034
6.8454
6.8400
6.3607
6.0886
6.2953
6.1413
6.1166
6.3806
6.4681
6.4172
6.1510
6.4879
6.3865
6.1184
6.5981
6.2558
6.1686
6.0034
6.8060
6.1801
6.2635
6.6967
6.8739
6.8028
6.4748
6.2754
6.0151
6.3912
6.3968
6.2955
6.2608
6.4389
6.5065
6.4581
6.3452
6.4090
6.4450
6.5823
6.2759
6.2854
5.8825
6.4486
6.5639
6.4146
6.0380
6.0395
5.6820
5.5103
6.0802
6.1871
5.8222
5.8980
6.1237
6.1851
6.0755
6.0518
5.8417
5.9533
6.0957
6.1800
5.8631
5.6982
5.3111
5.5615
5.5754
5.5676
5.8550
5.7067
5.3500
5.6396
5.3173
5.5528
5.2791
4.9445
5.0451
5.0238
5.1935
5.0394
5.3777
4.9027
5.1335
5.1222
4.8155
4.8307
4.9303
5.0940
5.7506
6.0590
5.9625
6.0677
6.2854
6.3393
7.1637
6.9829
6.4784
6.4703
6.5121
6.4724
6.1269
6.2498
6.3185
6.3032
6.0419
5.9342
5.8894
5.4689
5.6548
6.2149
6.2970
6.3683
6.5946
6.3157
6.3870
6.3848
6.5337
6.0397
6.2977
6.5479
5.9725
5.5985
6.0206
5.6643
5.7682
5.8657
5.5271
5.4423
6.0405
6.3900
6.5960
6.1247
6.0017
5.5822
5.9191
5.3351
5.3628
5.1567
5.0136
5.3822
5.9149
5.7078
5.6462
5.3946
5.5430
5.4506
5.4154
5.3385
5.6900
5.9247
6.2048
5.8371
5.5225
5.8530
5.7958
5.7025
5.9356
6.5921
6.6763
6.8166
5.9742
5.8398
5.7265
5.7736
5.8929
5.8948
5.9498
5.7055
5.8374
5.4775
5.4421
5.4819
6.0730
6.4551
6.2915
6.6564
6.1782
5.7538
6.0840
6.1368
6.3308
6.3332
5.8083
6.0539
6.0828
6.1634
5.9767
6.1336
6.4154
5.9857
6.0314
5.8058
6.1222
6.3949
6.5647
6.4730
6.2452
6.5595
6.3489
6.2412
6.2952
5.5718
5.8218
6.2343
5.8425
6.2426
5.9827
5.9376
6.4140
5.9678
6.1361
6.1759
6.1127
6.1785
6.4879
6.8114
5.9149
6.2738
5.9496
6.2102
6.5897
6.7261
6.4215
6.3910
6.3219
6.2225
6.1892
6.1608
6.0828
6.3574
6.3077
5.8892
6.1455
6.6710
6.6095
6.2058
6.3208
6.9656
6.7294
6.7166
6.4340
6.4571
6.5561
6.6329
6.3881
6.5458
6.7698
6.2574
6.0758
6.3420
6.2995
6.1792
5.8021
6.1669
6.6169
6.8381
6.6988
7.0273
6.6303
6.2141
6.4483
7.0936
6.4497
6.3415
6.5010
6.3257
6.4894
6.6770
6.5052
6.5108
6.6148
6.5525
6.6249
6.6238
6.4224
6.6718
6.7621
6.5729
6.9487
6.6152
7.0906
6.6112
6.9369
6.8368
7.0355
6.8872
6.6733
6.2301
6.4705
6.7107
6.2962
6.7475
6.5054
6.2747
5.9631
6.1846
6.2531
6.7689
6.8892
6.8941
6.2054
5.9486
6.8820
7.2432
6.9846
6.8314
6.6553
6.4653
6.8512
6.7126
6.3689
6.8824
7.0318
6.7444
6.9426
6.5256
6.4866
6.4360
6.8621
6.1397
6.3676
6.3782
6.4320
6.1854
6.0489
6.1417
6.1217
5.9726
6.0781
5.9932
5.6996
5.9059
5.7105
5.6691
5.8692
6.0194
6.0015
6.0302
5.6868
5.7298
6.1847
5.8644
5.7954
6.1780
6.1657
5.4799
5.9122
5.8240
5.8405
5.3985
5.4101
5.8066
5.7553
5.5516
5.5519
5.6149
5.5916
5.5582
5.3215
5.6652
5.4987
5.2556
5.3241
6.1041
6.2064
6.0587
5.8473
5.9521
5.8429
5.5684
6.2881
5.8095
5.9791
6.2040
6.0227
6.2314
5.6945
5.7684
6.1614
6.5466
5.9402
6.2872
6.3930
6.6012
6.5030
6.3962
6.8291
6.5517
6.4086
6.3065
6.7418
6.7545
6.9057
6.9582
7.1952
7.1622
7.3864
7.4509
7.1176
6.6048
6.8233
6.8625
6.7136
6.9325
6.6315
6.6172
6.4748
6.5763
6.8174
6.6499
6.6436
6.4899
6.7965
6.2746
6.5788
6.3552
6.5826
6.4412
6.1987
6.4216
6.0919
6.2350
6.5095
6.3747
6.2270
6.3620
6.5457
6.2252
6.3898
6.6370
6.1802
6.5813
6.3916
6.3187
6.8791
6.9788
6.7316
6.8548
6.3803
5.9426
5.7528
5.9993
5.9746
6.0659
6.3753
6.1278
6.2263
6.3791
6.2456
6.6073
6.3902
6.3127
5.7367
5.5329
5.5533
6.2871
6.2341
6.3371
6.1791
5.8185
6.2411
6.1984
6.2009
6.3566
6.5099
6.7074
6.6516
6.6400
6.8094
6.6123
6.5591
6.8508
6.8604
6.7997
6.8629
6.6200
6.4353
6.3611
6.3938
6.4484
6.7627
6.9063
6.5221
6.8987
7.0467
6.8410
6.3479
6.7019
6.4360
6.3033
6.3426
6.1563
6.4356
6.2478
5.8598
5.9521
5.6003
5.9827
5.5094
5.6091
6.2912
6.2045
6.0167
5.9198
6.0444
5.5070
5.6553
5.5531
6.0154
6.1628
5.6852
5.5645
5.5124
5.5566
5.9361
5.7331
5.7161
5.1952
5.6192
5.5108
5.7490
5.3592
5.0804
5.0132
4.9471
4.6696
4.9989
5.2219
5.0474
5.1640
5.2879
5.8703
5.9322
5.8597
5.6124
5.5679
5.7706
5.3787
5.6377
5.9112
6.0592
5.8925
5.7160
5.6471
5.5909
5.3758
5.5869
5.7578
5.4001
5.5934
5.6109
5.8499
5.9203
5.3293
5.4600
5.3640
5.3682
5.3899
5.1753
6.0218
5.6928
5.3267
5.5248
5.2022
5.9082
6.0213
5.8567
5.8353
5.5535
5.2653
5.5551
5.5983
6.1493
6.3281
6.9534
7.0839
6.5715
6.5120
6.6152
6.9039
6.4499
6.5239
6.7983
6.3710
6.1863
5.8112
5.8374
6.1429
6.0619
5.6103
5.7740
5.8713
5.7876
6.0097
5.9828
6.2185
5.7676
5.7119
6.0313
6.1310
5.9818
6.3523
6.2152
6.2288
6.1953
6.0719
6.2912
6.0118
6.3772
6.2035
6.2008
6.8393
6.5380
6.3981
5.9597
5.9722
6.3750
6.3741
6.5468
6.1768
6.6275
6.5936
6.5976
6.6085
6.5104
6.6293
6.5606
6.6845
6.6439
6.7142
6.1962
6.2776
6.7530
6.6775
6.7633
6.7888
6.1915
6.5470
6.6671
6.1413
6.0397
6.5896
6.6923
6.7138
6.5517
6.1849
6.1538
6.2503
6.4759
6.3946
6.3817
6.4843
6.2355
6.3697
6.6561
6.2128
6.2438
6.0599
6.7450
6.6167
6.5485
6.3933
6.5207
6.4506
6.0800
6.1966
6.2215
6.2692
6.6995
6.2950
6.1257
6.1806
5.7825
5.9985
6.4175
6.4586
6.7320
6.4566
6.5668
6.7456
6.8584
6.8578
6.9522
6.6336
6.8435
6.7943
7.0904
6.7468
6.5902
6.2849
6.0768
6.3290
6.5416
6.5143
6.2625
7.0881
6.9086
6.8831
6.7904
6.7860
6.7830
6.8330
6.6120
6.8297
6.9370
6.5463
6.0146
6.5557
6.5483
6.5037
6.4609
7.1152
6.8436
6.4770
6.3680
6.1174
6.3542
6.0457
6.2758
6.1427
5.9755
6.0753
5.8142
5.8375
5.8810
5.7261
5.7203
6.4123
6.1426
5.6752
5.5413
5.6759
5.8137
6.1841
6.3865
6.0986
6.0455
6.1497
6.1244
6.2729
6.2925
6.7797
6.7292
6.9536
6.6772
6.8061
6.7778
7.0186
6.4294
6.4676
6.9316
7.1207
6.8840
6.6976
6.7491
6.9830
7.2080
7.1656
6.6688
7.0888
6.7502
6.4674
6.3459
6.7582
6.9546
6.4026
6.2975
6.4606
6.7417
6.2979
6.2407
6.2185
6.3479
6.1962
5.9176
6.0025
5.7704
5.7444
5.7582
5.7663
5.6546
6.0114
6.1503
6.0451
5.9961
5.7964
5.8966
6.1224
6.1110
6.0536
6.0204
5.9181
5.8890
5.8203
6.0677
6.0696
5.7784
6.2108
5.6358
5.6160
5.9828
6.1247
6.6305
6.6220
6.7158
6.3408
6.6551
6.6187
6.7018
6.7031
6.5398
6.2838
5.7769
5.8836
5.6565
6.3724
5.9315
5.8666
6.0051
6.5122
6.2870
6.2548
6.4265
6.1529
6.1049
5.8845
5.8453
6.2264
6.2707
6.2151
6.4666
6.4130
5.9967
5.6847
6.0582
6.3030
6.3554
6.2885
6.4270
6.2945
6.0522
5.9441
5.9421
6.2765
6.2543
6.5507
6.3562
6.7986
6.6089
6.9609
6.8797
6.0500
5.9788
6.0718
5.8716
5.9816
5.6397
6.3424
6.2553
6.1269
6.1559
6.0980
5.9485
6.2616
6.2843
5.8440
6.1225
6.5377
6.2191
6.2768
6.2964
5.7885
6.2895
6.1919
6.6258
6.6017
6.6120
6.7185
6.9163
6.3603
6.6315
6.8767
6.7047
6.6932
6.5738
6.0404
6.3662
6.5315
6.7478
6.5469
6.4458
6.2195
6.6726
5.8143
6.3625
6.5997
5.9159
6.1788
6.9248
6.2550
6.3148
7.0893
6.8911
6.8176
6.8390
6.6290
6.7364
6.4567
6.3999
6.3887
6.6186
6.3389
6.2951
6.6463
6.2008
6.3710
6.3006
6.2800
6.7476
6.4471
6.3359
5.9428
5.9782
5.7345
5.9720
6.3435
6.5849
6.4209
6.4419
6.1549
6.4434
6.5266
6.5612
6.5410
6.9551
6.5086
6.3317
6.3627
6.2237
6.2357
6.2729
6.2968
6.1327
6.4576
6.5837
6.2091
6.3704
6.6714
6.1137
6.5605
5.7928
5.6190
6.0974
6.3728
6.1215
6.3812
6.1242
6.3898
6.3932
6.7317
6.7038
6.5710
6.7195
7.1117
6.5957
6.6847
7.3807
6.9901
7.0446
6.9958
7.2497
6.5630
6.7298
7.2106
6.8740
6.8838
6.9590
6.7987
7.0813
7.3888
7.8250
7.6259
8.2631
8.2569
8.1732
7.9070
7.9635
7.9926
7.3822
7.0267
6.9809
7.0408
6.8347
6.5748
7.1197
6.8076
7.2377
6.8399
7.2222
7.2568
7.5256
7.3214
7.2026
7.0821
6.5499
6.2871
6.2681
6.0850
5.9025
6.5515
6.7395
6.9075
7.1011
7.7729
7.1702
7.6440
7.3893
7.1107
7.4244
7.5214
7.4634
7.5214
7.3445
7.3294
6.9650
7.4434
7.2063
7.4094
7.1726
7.7897
7.8223
7.1863
7.0274
7.2714
7.3018
7.4568
6.8411
6.8664
6.6066
6.7427
6.5024
6.9084
7.2085
7.1923
6.5847
6.3992
5.9412
6.2606
6.4936
6.5275
6.8254
7.1905
6.7019
6.2280
6.5959
6.6222
6.2638
6.3982
6.7430
6.3740
6.2102
6.3211
6.4295
6.9052
6.2861
5.8752
5.9248
6.2109
5.7637
6.0798
6.3729
6.7177
6.4798
6.3660
6.8869
6.5152
6.0950
5.9874
6.1304
5.8355
6.1620
6.3483
6.5266
6.4011
6.1157
6.1832
6.7632
6.5051
6.3156
6.3872
6.4987
6.3331
6.5357
5.7493
5.8888
6.0364
6.3131
6.4565
6.7345
6.1636
6.0755
6.6663
6.5476
6.7296
5.8830
6.1880
6.4630
6.5393
6.8271
6.8894
6.8219
5.8784
6.1627
6.1671
5.6831
5.9749
5.3431
5.3490
6.1083
6.2330
6.2361
6.2929
6.0533
5.9282
6.1338
6.2033
6.4871
6.2066
6.1685
6.3708
6.0057
5.9217
6.0944
6.1576
5.7202
5.7893
5.8390
5.8394
5.8641
6.5728
6.4102
6.4224
6.9491
6.5661
6.4624
6.0647
6.5169
6.9622
7.3977
7.2297
7.3856
7.4934
7.3329
7.1856
7.1107
7.0276
7.8792
7.8995
8.1398
7.8795
7.8724
7.7102
7.5901
7.4166
7.2044
7.3170
7.1823
7.2283
7.6145
7.1454
7.6502
7.1414
7.6071
7.3220
7.3617
7.3174
6.8111
6.6231
6.5801
6.6999
6.3876
6.3245
6.2794
6.7068
6.8475
6.5452
6.5629
6.4778
6.4976
6.8988
6.6566
6.6728
6.7300
6.7527
6.3930
6.3118
6.2447
6.2092
6.5489
6.4969
6.3102
6.3251
6.6109
6.5062
6.5403
6.3760
7.0809
6.8311
6.8062
7.0211
6.9245
7.2182
6.6487
7.6345
7.3246
7.5288
7.1468
7.4449
6.9528
7.0399
6.8201
7.5286
7.1237
7.6329
7.4776
7.2542
7.1948
7.4436
7.2504
7.4732
7.7069
7.3821
6.8266
6.8542
6.5582
6.7789
6.8111
7.4470
7.0655
7.2250
7.1667
6.8268
6.4401
6.7693
6.8730
6.8699
7.0692
6.9258
7.3901
6.9703
7.1766
6.8887
7.1807
7.1847
6.9507
7.1378
6.7477
7.1799
6.8906
7.3728
6.8930
7.1064
6.8824
7.2633
6.4983
7.0247
6.6804
6.8538
6.4583
6.5738
6.2178
6.1201
6.0436
6.2138
6.5341
6.6505
6.1787
6.6614
6.2889
6.4551
6.1005
6.2077
5.8824
6.0805
5.8891
6.4715
5.8971
5.9222
5.8010
6.1064
5.8762
5.7572
5.8202
6.3876
6.2481
5.9615
6.0669
5.7391
5.6679
6.2592
5.8297
5.6612
6.0499
6.4387
6.2421
6.2127
6.1616
6.1412
5.6973
6.0004
6.0770
6.2743
6.1078
5.7259
5.9641
6.1290
6.0014
6.0550
6.7352
6.5252
6.8262
6.6858
6.4813
6.7163
7.2586
6.8959
6.5683
6.8017
6.9829
6.9739
6.6200
6.4273
6.2393
6.4640
6.4015
6.6965
6.6109
6.5686
6.6296
6.5958
6.5750
6.7411
6.8612
6.6506
6.8916
7.1278
7.0197
7.2114
7.0939
6.8515
7.1561
6.7710
6.9751
6.9788
7.3764
7.1027
7.1794
7.1096
6.7392
6.9411
7.1091
6.9180
6.7277
7.1090
7.0047
7.0121
7.2307
7.3754
7.3461
7.4152
7.2768
7.0493
7.1324
7.3566
7.0551
6.4993
6.8919
6.6047
6.5093
6.8094
6.9810
7.3037
6.9480
6.7970
6.9559
6.7548
6.0609
6.3703
7.0386
6.6441
6.4669
6.5966
6.1774
6.6495
6.5109
7.0623
6.9001
7.0726
6.5033
6.6378
6.7784
6.9358
7.5781
6.7357
6.9205
6.4705
6.5427
6.5686
6.8543
6.5276
6.7115
6.8518
6.3251
7.0126
7.1542
6.8645
6.6430
7.2415
7.0018
6.6935
6.8546
6.3899
6.7364
6.5588
7.2214
7.2093
7.2162
6.8007
6.7528
6.8829
6.5233
6.6103
6.7273
6.5347
6.8010
6.6651
6.7781
6.3834
6.7106
6.8446
6.6646
6.7418
7.0139
6.4766
6.7184
7.0265
7.5704
7.3005
6.7534
6.6546
7.1647
7.1159
7.3898
7.2774
7.4344
7.0072
6.9954
7.0400
7.0333
7.0075
7.1150
6.3802
6.2626
6.7550
6.7991
6.2989
6.2684
6.2616
6.2690
6.1485
6.4760
6.4481
6.5003
6.9300
7.0588
7.3547
7.0559
7.1559
7.1242
6.9158
6.8545
6.8612
7.2136
7.2307
7.1131
7.0307
6.9269
7.1160
7.0551
7.0292
6.2262
7.0136
6.8577
7.1354
7.4527
7.5911
7.1154
6.6427
6.6175
6.6099
6.0281
6.2974
5.9285
5.7728
5.6635
5.6619
5.9449
6.1564
6.2740
6.2087
6.2933
6.5124
6.2579
6.3957
6.0782
6.5372
6.0719
6.1494
6.0225
5.7622
5.5331
5.8210
5.6347
5.6630
5.4269
5.2206
5.0825
5.4520
5.3688
5.1343
5.5338
6.1637
6.4157
6.1367
6.5970
6.6805
6.6278
6.6257
6.6431
6.3573
6.9091
6.7307
6.7167
6.5166
6.4008
6.5680
6.3484
6.2525
6.3610
5.8933
5.9887
6.1621
6.5352
6.2596
5.9749
6.1810
5.5692
5.9810
5.9294
5.3413
5.3338
5.1511
5.3192
5.4587
5.5571
5.8127
5.5519
5.7495
5.5716
5.5628
5.7646
5.9911
6.1573
5.8809
6.1368
6.5499
5.9957
6.0282
6.1699
6.4023
6.7146
6.6762
7.0265
6.9812
7.0225
7.3002
7.1576
6.7810
6.8920
7.3753
7.1362
7.2603
6.6928
7.1714
7.0317
6.5036
6.3871
6.0943
6.9851
7.1694
7.1729
6.9451
7.1303
7.1700
7.2268
7.0464
7.3757
7.3466
6.9494
7.0597
7.3342
7.5485
7.5368
7.8326
7.6530
7.5248
7.6867
7.8016
7.8402
7.1785
7.2897
7.1118
7.1836
7.1087
7.0632
6.7764
6.7200
6.4490
6.4704
6.4529
6.2978
6.2258
6.6036
6.9434
7.3455
7.3924
7.2019
7.6066
7.5644
7.2988
7.3765
7.4242
7.4542
7.5658
7.4732
7.3972
7.4195
7.4645
7.5747
8.0017
7.8367
7.7449
8.3386
8.1923
7.8244
7.6776
7.8249
8.3634
8.0399
7.7859
8.0676
7.9487
8.0349
7.8298
7.7859
7.1875
7.6037
7.8917
7.1261
7.2232
7.4253
6.9492
6.9313
7.1179
7.2769
7.4424
7.3332
7.2409
6.8577
6.9685
7.0894
7.9443
7.8179
7.4836
7.7770
7.1453
7.6214
6.6442
6.7079
7.1654
7.2160
7.0092
6.9132
7.0220
6.9832
7.4783
7.1476
6.7866
7.2668
7.4143
7.1273
7.6724
7.2465
7.3425
7.3125
7.3734
7.5229
7.2487
7.1757
7.3635
7.0416
6.9828
6.6637
6.8903
6.5520
6.5985
6.6934
6.9152
7.1741
6.9196
7.0559
6.5956
7.0385
6.9011
7.0004
7.1781
7.0751
6.5694
6.3912
7.0176
6.5868
6.7483
6.7969
6.6163
6.4808
6.2369
6.9077
6.8305
6.3799
6.6118
6.7977
6.7341
6.5183
6.7461
6.9787
6.3166
6.8435
6.9464
7.3307
7.5816
8.0311
7.2931
7.3477
7.3845
7.7577
7.8541
7.6318
7.2312
7.1328
6.9715
6.9933
7.0869
6.9834
6.9928
7.1505
7.4073
7.5037
7.6896
7.4302
7.4439
6.9027
7.1933
6.7118
6.8339
6.9733
6.8770
7.1363
6.7202
6.6240
6.1169
5.9253
5.9254
6.3648
6.1834
6.4598
6.5395
6.5804
6.8299
6.4370
6.4376
6.9217
7.2689
7.2377
6.9848
6.5512
6.9373
7.2871
6.8451
7.1219
7.2846
6.5651
6.9206
6.9557
7.4159
7.1251
7.3795
7.0915
7.6537
7.5939
7.2073
7.3378
6.7475
6.5035
6.6226
6.5631
6.4642
6.1945
6.3725
6.0892
6.0140
5.6679
6.0469
6.1913
6.1069
6.3430
5.9983
5.8161
5.7069
5.7611
5.9875
5.7543
5.7935
5.7660
5.5675
5.7792
5.5768
5.6694
5.4426
5.4397
5.7202
5.3941
5.5905
5.8504
5.3833
5.7324
6.2627
5.8424
5.7675
5.5480
5.7124
5.9486
5.7484
5.5649
5.2363
5.4886
5.6071
5.6072
5.0804
5.4352
5.4080
6.0157
5.8115
5.6285
5.8917
5.7188
6.3907
5.8889
5.9591
5.7832
6.0772
5.3951
5.5890
5.6557
5.6805
5.6041
5.5631
5.8262
5.8961
6.2594
6.5578
6.1563
5.8629
5.8850
5.9076
5.7587
5.5440
6.1982
6.4367
5.7184
5.7041
6.1527
5.3161
5.7047
5.6453
5.5721
5.8014
6.3315
6.6360
6.4450
6.4337
6.1106
6.5760
6.1765
5.7510
5.6059
5.9858
5.8512
5.8443
6.1707
6.7648
6.5383
6.2985
6.3200
6.4519
6.7345
6.7536
6.8027
6.5764
6.6604
6.9053
6.8855
6.5395
6.3058
6.4260
6.1536
6.8582
6.7887
6.9216
7.0377
6.5582
6.9058
6.9540
6.7335
6.7001
7.3000
7.1180
7.3129
6.9489
7.6371
7.4872
6.9420
7.1633
7.1518
6.8031
7.5318
6.8462
6.2229
6.5219
6.2887
6.2725
6.0059
6.3078
6.2456
6.3355
6.6691
6.2539
6.1067
6.1414
6.0081
6.1824
6.1256
6.3895
6.2618
5.6033
5.7434
6.1454
6.2132
6.2349
6.4181
6.2421
6.0083
6.2450
6.1808
6.6970
6.5757
6.1233
6.2126
6.1488
6.4844
6.8166
6.4895
6.4874
7.0478
6.7524
6.4064
6.4956
6.8275
6.4390
5.8469
6.2953
5.9797
6.5353
6.5830
7.0116
7.0760
6.7677
6.6407
6.5655
6.4388
6.7789
6.6147
6.5966
6.3797
6.4885
6.7598
6.5475
6.1044
6.2341
6.6587
6.5856
6.2312
6.3688
6.8027
6.7726
6.2444
5.8258
5.9095
6.0821
6.2652
6.1169
6.7861
7.1181
7.0051
6.7645
6.8570
6.8887
6.6535
6.4243
6.4899
5.8151
6.0299
6.1229
6.3636
6.0854
6.6138
6.6067
6.4488
6.4031
6.0448
6.5176
6.5012
6.5329
6.0881
6.1806
6.2098
6.2513
6.3932
6.5353
6.3297
5.7458
6.2234
6.1872
6.2745
6.4112
6.4603
6.0339
6.4019
6.7719
6.5557
6.5879
6.4135
6.3934
6.0870
6.2784
6.4213
6.0346
6.0416
6.1136
5.7911
5.9824
6.2931
6.2063
6.1157
5.7772
5.8223
5.6579
5.9697
5.4035
5.6885
5.9069
5.7395
5.2014
5.7254
5.6984
6.1469
5.7403
5.9344
6.0087
6.1339
6.1132
6.3434
6.0051
6.2956
6.4767
6.2753
6.4329
6.4958
5.8354
6.1534
5.9996
5.6113
5.8945
5.7098
5.2547
5.9900
5.5825
5.8591
6.2869
5.3384
5.4202
5.8158
5.8403
5.4751
5.6166
6.0599
5.6031
5.6410
5.3739
5.4524
5.2923
5.3692
5.9582
6.1093
6.1852
6.5908
6.6963
6.6449
6.3907
6.0958
5.9986
5.8858
6.0112
6.3890
6.0838
6.1291
6.2278
6.1839
5.9601
5.9584
6.2079
6.1829
6.0812
6.2781
6.4602
5.9232
5.9991
6.5513
6.9109
6.4565
6.5291
6.3096
6.6126
6.3313
6.0644
5.9218
5.6870
5.6507
5.7106
6.3612
6.0859
5.7738
5.2953
5.2571
5.0690
5.7630
5.4963
5.8268
5.9420
5.5275
5.6170
5.9940
6.0867
6.0130
5.8372
6.2005
6.6464
6.4064
6.7360
6.3095
6.0282
6.6893
6.6464
6.3458
6.6541
6.4162
6.5900
6.6882
6.1540
6.3446
6.0753
6.7737
6.5555
6.4964
6.3332
6.6138
6.8656
6.3204
6.9769
6.6390
6.3125
6.3715
6.1925
6.2067
6.3173
5.9816
5.8676
6.1362
6.3746
6.0920
6.4033
6.3906
6.1077
6.1560
6.2476
6.2864
5.8851
5.9342
6.1384
6.0657
6.2344
6.3187
6.0841
5.8126
6.1346
5.9058
5.8960
5.7282
6.3758
6.0034
6.3364
6.1750
6.3225
6.0531
6.5301
6.7751
6.6512
6.4670
6.2328
6.6955
6.3118
6.2804
6.4270
6.0826
5.7934
5.6415
6.3418
6.1080
5.9734
5.4681
5.7304
5.5664
5.6090
5.9838
5.9736
6.2524
6.5136
6.0102
6.6735
6.3233
5.9618
5.4941
6.3411
6.3098
5.8114
5.7860
5.5013
5.8316
5.7450
5.6813
5.8357
6.3136
6.0510
6.0718
6.1645
5.9979
6.2228
6.4487
6.0308
5.5651
5.8091
5.2374
5.5631
5.8045
5.8736
5.9312
5.8627
5.6624
5.3386
5.7676
5.8691
5.7892
5.5331
5.8673
5.5659
5.5616
6.0143
5.9105
5.6225
5.9556
5.9088
5.8345
5.8708
6.2313
5.5344
5.4958
5.8247
6.2351
5.9644
6.3357
6.4350
6.8243
5.8098
5.6229
5.6502
5.5262
6.0173
6.1176
5.7038
5.6912
5.7704
5.8715
5.5986
5.4987
5.7598
5.9953
5.9477
5.9170
5.9613
6.0868
5.6443
5.8551
5.7893
5.5116
5.5883
6.0534
6.6149
6.6728
6.3256
6.1833
6.0809
5.9539
5.9597
6.1371
6.1088
6.2022
6.6195
6.3586
5.8341
5.7937
6.0892
6.6357
6.9813
6.6455
6.2514
6.0166
5.4742
5.6364
5.3845
5.9240
5.7557
5.9774
5.6250
5.9539
5.7904
5.5184
5.7798
5.2660
5.2698
5.2997
5.5280
5.6462
5.0524
5.4326
5.7298
5.1908
5.3625
5.7283
5.5824
5.5976
5.7624
5.4322
5.8887
5.8437
5.3029
5.2775
5.9613
5.8483
5.6195
5.4354
5.7503
5.9697
5.9433
5.7525
6.0122
5.8190
5.8428
5.1895
5.0359
5.4407
5.1805
5.7431
5.3600
5.0807
5.1625
4.9483
5.5795
6.0637
5.6222
6.0695
5.8924
6.2040
6.0020
6.1549
5.8214
6.1971
5.9778
5.9931
6.1681
5.9090
5.5033
5.5412
5.6263
5.9835
5.7730
5.6742
5.4921
5.6912
5.5871
5.2094
5.2963
5.5096
5.5393
5.5365
5.5392
5.7630
5.7142
5.8237
5.7321
5.5734
5.6504
5.5559
5.8275
5.7557
5.6936
5.1952
5.2941
5.6772
5.4032
5.6263
5.7976
5.9525
5.8835
5.8770
5.9354
6.0904
5.7885
5.5390
5.3272
5.9579
5.8299
5.5247
5.5051
5.1938
5.0444
4.9353
5.1271
4.8349
5.4511
5.4918
5.4821
5.1476
5.1564
4.7924
4.8625
5.2542
5.1860
5.1554
5.2846
5.3161
5.6314
4.8240
5.3216
5.3459
5.3348
5.2902
5.4895
5.3487
4.9010
5.5005
5.4410
5.3691
5.8131
5.7000
5.8231
5.5860
5.6260
5.5860
5.4961
5.3290
5.4969
5.6348
6.2815
6.0869
6.0937
5.8724
6.0945
6.1286
5.8944
5.7920
6.3022
6.3759
6.0155
5.8187
5.6630
6.0794
6.1493
6.0871
5.5297
5.6636
5.7919
6.1726
6.2115
6.2156
6.0448
5.9668
5.6998
5.2632
5.8371
6.1907
5.6885
5.5003
6.0628
5.6624
5.6028
5.8356
5.4524
5.6405
5.7740
6.0799
5.3376
5.6827
5.8171
5.9767
5.3693
5.5275
5.7012
5.6776
5.6180
5.9300
5.3690
5.6657
5.5869
5.4540
5.8025
5.5974
5.6591
5.4188
5.6408
6.0783
5.3024
5.6646
5.9013
5.6250
5.9231
6.5883
5.9561
6.2334
6.3971
6.4505
6.0321
6.0239
6.3309
6.8957
6.7511
7.0085
6.8604
6.9389
6.5524
6.2497
6.3035
5.8317
5.7936
5.6030
5.9259
5.8976
5.9097
5.7202
5.5346
5.9119
5.6570
6.0444
6.6287
6.5645
6.6489
6.6394
6.5399
6.2365
5.7620
5.9075
6.0139
5.9077
5.8230
6.0613
6.0017
6.4218
6.5639
6.1441
6.3438
6.2396
5.6230
5.5268
5.9544
5.5552
6.5164
6.4343
5.9983
5.2788
5.5697
6.3229
6.5390
6.2578
6.2120
5.6495
5.1615
5.2125
5.0526
5.6794
6.3030
5.9451
6.0118
6.3071
5.4409
5.3617
4.8892
5.1092
5.8365
5.6961
5.3605
5.2417
5.8257
6.0326
5.9735
6.2168
5.7448
6.1660
6.1414
6.0021
5.9188
6.0061
5.9463
5.5991
5.5394
6.0349
6.1264
5.9665
6.2519
6.2047
6.5028
6.3806
6.3594
6.2743
6.1236
6.2041
6.0719
6.2687
6.1660
6.1760
5.4923
5.8916
5.7626
5.6785
5.8427
5.8511
5.8448
5.7437
5.9209
6.0601
5.6508
5.5390
5.7010
6.0460
5.8896
5.4155
5.2704
5.2557
4.8168
5.0914
5.1536
5.1190
4.9610
5.2783
5.1781
5.3338
5.5870
5.6652
5.8939
6.3095
6.0340
6.4817
6.7787
6.7625
6.5185
6.0131
6.1756
5.8915
6.3845
5.9719
5.8840
5.7786
6.0158
5.9290
5.8001
5.9916
6.2604
5.9282
5.8179
5.6558
5.9328
5.6349
5.4903
5.2844
5.3140
5.6632
5.7856
5.6399
5.7236
5.8135
5.4908
5.5913
5.6172
5.9763
5.6540
5.6776
6.4254
6.5919
6.0733
6.1918
5.7774
5.9308
6.0925
5.8804
5.5804
6.1594
6.4230
6.6222
6.5894
6.1248
6.2198
5.9084
6.4747
6.3822
6.6242
6.6012
6.6971
6.1333
5.8863
5.7604
5.9294
5.2663
5.6429
5.7106
5.7706
5.4138
5.3519
5.1416
5.5388
5.6417
5.7856
5.2255
5.1349
5.1207
4.8354
5.4799
5.7231
5.3731
5.2455
5.2415
5.6476
5.6555
5.6615
5.8061
5.7857
5.2667
5.3817
5.5210
5.7826
6.1703
6.0445
6.4177
6.3672
6.2233
6.1806
6.1617
5.8022
5.6736
5.5284
5.7596
5.7442
5.8753
5.6737
5.8575
5.7990
5.4926
6.2016
6.1346
5.5467
5.4385
5.6096
5.6663
5.5778
5.7506
5.6563
5.9200
5.4993
5.3578
5.4409
5.7578
5.5721
6.1247
6.0547
6.0769
6.5845
6.8586
6.3602
6.3817
6.5619
6.5631
6.5695
6.6481
6.5089
6.7286
7.0995
7.2794
7.1589
6.7859
6.7042
6.6021
6.7055
6.6167
5.9129
6.3623
6.3641
6.1783
6.0290
5.9780
5.7848
5.6128
5.7845
5.7588
5.9921
5.7183
5.6492
5.6819
5.6354
5.4353
5.5686
5.9796
5.7393
5.6676
5.7199
5.9855
5.8727
5.5193
5.9536
6.0087
5.9692
5.4311
5.4954
5.6150
5.9922
5.9181
5.8677
6.0696
6.4290
6.2384
6.6721
5.9267
5.9039
5.6667
6.3123
6.3566
6.0040
6.1143
6.2671
6.3332
6.2954
6.5578
6.4148
6.0532
5.7822
5.6104
4.9558
4.8901
5.4887
5.0553
5.4970
5.1148
5.3781
5.8122
6.0316
5.8834
5.4609
5.5128
5.7652
5.5888
5.8328
5.5092
5.5301
5.3988
5.0931
5.1003
5.1830
5.6264
5.5000
5.6272
5.9572
5.7642
5.7293
5.8621
5.5965
6.0217
5.9139
5.9199
5.9716
5.6861
5.8178
6.4309
5.8668
6.1927
5.6850
5.8115
5.4822
5.8594
5.9778
5.9608
5.8790
5.6362
5.8473
6.3167
6.1262
5.8284
6.0482
6.0322
5.6334
6.2221
5.8724
5.8926
5.7347
5.2822
5.1729
5.0565
5.4328
5.1126
5.3244
5.3915
5.5530
5.9127
5.5552
5.3384
5.5262
5.6401
5.3925
5.7187
5.8655
6.1333
6.1381
6.0465
6.4995
6.6136
6.4296
6.4726
6.2971
6.0922
6.1918
5.5347
5.3706
5.3097
5.0895
5.5139
5.7274
5.3149
5.0313
5.2395
5.3127
5.4410
5.4745
5.5230
5.6340
5.8190
5.7245
5.5563
5.8707
5.2011
5.0195
5.5431
5.7811
6.0597
5.5436
5.8305
5.8927
5.6175
6.1093
5.8192
5.5742
5.4670
5.2056
5.5032
5.5217
5.3379
5.3613
5.9789
6.5270
6.1734
6.0346
6.1986
6.2457
5.5987
5.4361
5.3439
5.6361
5.6183
5.6324
5.7908
5.5172
5.4471
5.6562
5.6868
5.5889
5.0951
5.3400
5.5611
5.5981
5.3114
5.4809
5.3518
5.3670
5.8234
6.0458
6.1345
6.0321
6.1100
5.6102
6.0496
6.0099
6.1128
6.1296
6.1439
5.9111
5.5803
5.7545
5.3303
5.7206
5.4564
5.1622
5.5880
6.3192
6.4988
6.3686
5.9268
5.6572
5.8497
5.9511
5.3492
5.6684
5.7662
5.8299
5.9352
5.8782
6.1015
5.9714
6.4087
6.4698
7.1000
6.6767
6.4526
6.4702
6.1092
6.1932
6.2858
6.2040
6.3236
6.4496
6.4473
6.3276
6.6555
6.4029
6.5573
6.2369
6.5545
6.3727
6.7015
6.9873
7.1384
7.1862
7.6604
7.5539
7.7316
7.6285
6.8483
6.7538
6.8847
6.6966
6.3844
6.7230
7.2742
6.6889
6.4359
6.6393
6.2446
6.4663
5.8063
5.6125
5.4204
6.2712
6.3052
6.5484
6.1906
6.2307
6.2386
5.8318
5.5767
5.5381
5.5879
5.7399
5.5095
5.0604
4.9670
5.4738
5.3742
5.6861
6.1110
5.5976
5.7025
5.7567
6.1044
6.1964
6.2332
6.0998
5.9626
6.2263
5.9517
5.7890
5.8589
5.6773
5.5080
5.7189
5.7094
5.3463
5.3198
5.1962
5.3872
5.0439
5.2997
5.3052
5.4128
5.4064
5.5938
5.6789
5.7165
5.6151
5.5358
5.7859
5.9681
5.6193
5.6039
5.3613
5.5812
5.6875
5.6830
5.8628
5.5270
5.4120
5.2893
5.3877
5.5033
5.5261
5.3921
5.3536
5.6539
5.3838
5.3312
5.6018
5.5232
5.3930
5.1838
5.3397
5.5438
5.6887
5.3995
5.3985
5.2747
5.1982
5.5263
6.2339
6.0933
5.9540
5.8957
5.6787
5.8079
5.6710
5.5490
5.2210
5.9012
6.0317
5.6978
5.8708
6.1125
5.9549
5.9493
6.3470
5.9654
6.6640
6.5087
6.5366
6.7263
6.8801
6.3333
6.4133
5.9086
6.2335
6.2676
6.0741
6.0686
5.8000
5.7515
5.9586
6.1912
6.3712
5.7141
5.7446
5.8064
5.6261
5.5430
5.5337
5.6562
5.8195
5.7459
6.1601
6.6272
6.4674
6.5220
6.6974
6.3379
5.9523
5.7536
5.9840
6.4742
6.4867
6.3334
6.2124
6.3808
6.4037
6.2830
5.9388
5.7126
6.0178
6.1010
6.3834
6.4330
6.5320
5.8965
6.3650
6.2059
6.1914
6.1167
6.1158
6.9634
6.3502
6.1903
6.2272
6.4195
6.4433
6.0092
5.7347
5.6292
5.8879
5.4623
5.6462
6.0476
5.9868
5.4773
5.5712
5.8866
5.4469
5.5045
5.6228
5.4121
4.8028
5.1155
5.1333
5.6891
5.5210
5.8690
6.2690
7.0632
7.1538
7.1140
7.0203
6.9423
7.2547
6.8285
6.4030
6.3184
6.3871
6.5723
6.2464
5.8693
5.7152
5.6894
5.8281
5.9580
5.7875
5.7674
6.0737
6.3062
6.0467
5.9051
5.8363
5.5002
5.2319
5.5298
5.9235
5.4856
5.2472
5.4646
5.6196
5.7192
5.6996
5.5911
6.0397
5.7776
5.5254
6.2812
6.3058
5.8372
5.9280
5.5280
5.7053
5.8357
5.8789
6.0570
5.9829
5.6213
5.8347
6.1751
6.2822
6.0249
6.4928
5.5267
6.0224
5.8799
5.9465
5.9194
6.0504
5.7935
5.5629
5.5626
5.6327
5.9384
6.4638
5.7303
6.1215
6.2782
5.9521
5.8277
6.4428
6.6345
6.8099
6.4635
6.6244
6.3213
5.7423
5.7246
6.3530
5.9338
6.2129
5.9047
6.4815
6.0466
6.0574
6.1096
6.0585
6.2129
5.7004
5.3643
5.2162
5.3837
5.5117
5.6702
5.3288
5.2453
5.6271
5.2036
5.2075
5.6045
5.7457
6.0836
5.9859
6.2092
6.4803
6.6249
6.3754
6.3536
7.1508
6.9621
6.5951
6.4730
6.7592
6.2429
6.0001
6.2904
6.3866
6.3246
6.4208
6.0133
6.4052
6.1181
6.5202
6.1688
6.4515
6.2723
6.3376
6.3899
6.4368
5.7809
6.1251
6.2827
6.4475
6.0261
6.3512
5.8867
6.1729
6.6166
6.5256
6.7461
6.4891
6.7151
6.1737
6.2996
6.3895
6.0400
6.4670
6.4833
6.3559
6.3672
6.2485
6.7187
7.1814
6.1763
6.2833
6.4927
6.1480
6.3747
6.3921
6.2647
6.3442
6.1060
6.1258
6.4168
6.3448
6.6046
6.6143
7.1559
6.6100
6.6126
7.0704
7.3500
6.8760
6.8778
6.4565
6.5888
6.3502
6.4528
6.7465
6.6140
6.4490
6.8780
7.0580
6.7892
6.4861
6.5406
6.4996
6.4632
6.6029
6.5230
6.5276
6.4898
6.6739
6.1199
6.4988
6.4387
6.4807
6.4842
6.6387
6.2616
6.1410
6.4789
6.0102
5.8721
5.8547
6.3597
6.4101
6.6926
6.0453
5.5147
5.4134
5.6797
5.8688
6.2081
6.1224
6.0283
5.9036
5.7227
5.8492
5.7574
6.0670
6.2080
6.0042
5.8540
5.2746
5.8440
5.9256
5.7398
6.0648
6.3253
6.1931
6.4913
6.6996
6.1974
6.6928
6.2181
5.8693
6.1662
5.7951
5.9113
5.6032
6.0601
5.7075
5.6062
5.8541
6.0356
6.4893
6.4616
6.6401
6.3780
6.6494
6.1537
5.8038
5.9137
5.8041
5.3380
5.9032
5.6889
5.3217
5.4456
5.4081
5.3942
5.9258
6.1357
6.0593
5.5628
5.7031
5.9461
6.1970
5.5826
6.3234
6.2818
6.1980
6.1808
5.7827
5.7160
5.8066
6.1692
5.6982
5.8485
5.4306
5.1924
5.4570
6.0088
5.8426
5.4562
5.3280
5.5431
5.7285
5.7106
5.8861
6.0596
5.9833
5.6506
6.6866
6.0103
5.7727
6.1184
6.2671
6.4969
6.1419
5.6404
5.7178
5.9676
5.8247
5.5192
5.5129
5.5751
5.8525
5.6800
6.0455
6.4043
5.9403
6.2976
6.5192
6.5599
6.3548
6.5831
5.7942
6.3585
6.5486
6.6749
6.4059
6.1768
6.0765
6.1712
5.5724
5.6313
5.6567
5.5131
5.9254
6.1657
6.3938
6.2894
6.3402
6.4122
6.3472
6.2866
5.9902
6.1709
5.9886
5.7224
5.7716
5.8976
6.3523
5.4652
5.6678
5.9018
5.9008
6.0742
5.5718
6.1921
6.1315
6.0522
5.8570
5.8949
5.8540
5.3262
5.5971
5.6877
6.0202
5.9835
5.6240
5.8949
6.0487
6.0139
5.9386
6.2515
6.5375
6.3628
6.6974
6.3901
6.6530
6.1546
6.1700
6.5655
6.4849
6.3061
6.2608
6.3080
6.1789
6.4888
6.1083
6.7253
6.6258
6.3716
6.2024
6.2468
6.4043
6.2487
6.2002
6.3714
6.7183
6.5742
6.1399
6.4648
6.7031
6.4657
6.5029
6.3597
6.9340
7.5376
7.0409
6.6477
6.3325
6.3582
6.3388
6.2409
6.4109
6.6658
6.3255
5.6203
5.8495
5.3960
5.8218
5.7839
6.0846
5.8932
5.9597
6.1558
5.4802
5.7082
6.0359
5.9795
5.6660
5.5118
5.5684
5.4397
5.6851
6.1329
5.5721
5.4923
5.3615
5.8442
5.7056
5.5257
5.1660
5.2169
5.5319
5.7788
5.3576
5.7338
5.8738
5.7184
6.2450
6.5969
6.1078
6.2602
6.4194
6.1069
6.2005
6.5830
6.6832
6.5241
6.2365
6.7103
6.6343
6.5819
6.4897
6.3055
6.1886
6.6159
6.5624
6.4124
6.1578
6.0687
6.4083
6.2662
5.8149
5.8585
5.7243
5.6499
6.0508
6.3966
5.9736
6.1492
6.3065
6.5608
6.5865
6.2973
6.0074
6.1751
6.6422
6.6449
6.7289
6.5081
6.3979
6.6445
6.1610
6.4206
6.0048
6.4080
6.6315
6.5414
6.3248
6.1781
6.6320
6.1480
6.3726
6.0512
6.3742
6.2394
5.7579
6.2499
5.7555
6.1778
6.5351
6.8046
6.6715
6.3808
6.5104
6.0739
6.6204
6.2027
6.4370
6.5220
6.6535
6.3693
6.5937
6.7547
6.1067
6.4912
6.7864
6.6628
6.4100
6.4293
6.1305
6.1364
6.2857
5.7268
5.5927
5.2705
5.7457
5.6495
6.1651
5.6478
5.5730
6.6941
6.6347
6.7680
6.4357
5.9115
6.0675
6.1729
6.0079
6.0831
5.8879
5.6160
5.5780
5.6847
6.3511
6.3554
6.2193
6.2404
6.3215
6.4660
6.3073
6.3630
6.4965
6.3750
5.9608
6.2370
5.9367
6.3394
6.3760
6.4906
6.3104
6.5358
6.4932
6.6176
6.4386
6.7249
6.3426
6.5074
6.1853
6.1629
6.0868
6.2502
5.9324
6.1501
6.2163
5.9698
5.7848
5.9296
5.8921
6.0822
5.8723
6.3873
6.1495
6.2715
6.5064
6.0443
6.1194
6.2538
6.2635
6.5148
6.6686
6.3835
6.8942
6.8260
6.4842
6.6342
6.6904
6.3783
6.3977
6.8047
6.8682
6.8119
6.5980
6.8727
6.6618
6.4668
6.4982
6.4690
6.6305
6.5297
6.6223
5.9922
6.1320
6.4666
6.5318
6.5905
6.6319
6.2766
6.1900
5.9316
6.4241
6.4173
6.4438
5.8429
5.7966
5.7424
5.7782
5.9018
6.0527
5.9925
6.0498
5.8003
5.7566
5.5966
5.7020
6.0702
6.0947
6.0594
6.5030
6.9217
6.5954
6.2826
6.2371
6.2703
6.2430
6.3702
6.3410
6.0149
5.7798
6.2399
5.9088
6.0906
5.9840
5.5060
5.3767
5.6319
5.6059
5.0970
5.7406
5.4707
6.0981
5.6554
5.8269
5.8951
6.0538
5.9304
6.2562
6.0484
5.5299
5.5732
5.4140
5.6410
5.8971
5.6039
6.1262
5.4876
5.7773
5.7990
5.5631
5.6325
5.8694
6.0399
6.2168
6.1806
6.0508
5.8144
5.7956
5.5402
5.5650
5.6877
4.9773
5.0883
5.3172
5.5133
5.3397
5.7468
5.7432
5.5869
6.0305
5.8421
5.9404
5.9837
6.4114
6.4204
6.1300
6.5734
6.7286
6.6745
6.3974
6.8176
6.3518
6.4585
6.3474
6.7583
6.8168
6.1409
6.2849
6.2290
5.8026
5.5422
5.3645
5.1449
5.4644
5.6675
5.8947
6.0265
5.9631
5.6112
5.8237
5.7211
5.8928
5.6624
5.9394
5.4318
5.1613
5.4187
5.3422
5.7160
5.3250
5.3994
5.1678
5.9161
5.8554
6.1669
6.4159
6.3409
6.0735
5.9524
5.6300
5.4616
5.4170
5.5436
5.5881
5.6416
5.8205
5.6181
6.4863
6.2804
5.8732
6.4159
5.8535
6.0886
6.2826
6.0352
6.3724
6.3172
5.9161
6.0683
6.2276
6.6636
6.5386
5.9137
5.9705
5.5726
6.3137
6.1262
6.4448
6.6336
6.5524
6.4771
6.5393
6.1620
6.1205
6.2502
6.1823
6.5163
6.2268
6.1574
6.5108
6.2156
6.0817
5.6514
5.8868
5.8092
5.9845
6.3626
6.0924
6.3153
6.5566
6.2363
6.5935
6.2342
6.0058
5.9372
5.8704
6.3765
6.3925
6.2706
6.1503
5.9546
6.2448
5.9103
5.8965
5.6820
5.5763
5.5964
5.3724
5.5902
5.3569
5.4654
5.8704
5.8452
5.9847
5.8750
6.0616
5.6476
5.9651
5.8745
6.1108
6.4925
6.1803
5.7239
5.9637
6.6948
6.1440
5.9249
5.9344
5.8968
5.7106
5.6135
6.0395
6.1107
6.1443
6.0679
5.9735
6.2098
6.0832
6.3295
6.0912
6.2865
5.7861
5.7907
5.9901
5.8524
6.0304
6.1761
5.9780
6.1131
6.1856
6.3747
6.5585
6.6320
6.4629
6.4055
6.6534
6.9349
6.8194
6.9825
6.7521
6.8372
6.8449
6.8788
7.0976
6.9161
7.1666
7.3120
6.8236
7.0888
7.1402
7.2655
6.5528
6.7433
6.4885
6.7845
6.5144
6.0712
5.9918
6.2737
6.4227
6.5746
6.3115
6.2942
6.6387
6.1764
6.5634
6.4558
6.7520
6.5134
6.3621
6.2142
6.1611
5.9259
6.7626
6.2603
6.1124
6.0159
6.0766
6.4784
6.1698
6.4443
6.2814
6.4513
6.4867
6.6420
6.5233
6.6263
6.2176
5.8941
6.0585
6.1069
6.2085
6.1196
6.0560
6.3514
6.0465
6.2628
6.2963
5.9225
6.1882
6.3717
6.1970
6.0108
5.6398
6.2364
6.2906
6.4164
6.4318
5.9733
6.4171
6.2385
6.1556
5.9591
5.6592
5.9675
5.3662
5.8410
5.5451
5.8875
6.2594
6.3169
6.2388
6.1490
6.3016
6.1945
6.4896
6.3147
6.0577
6.1575
6.1890
6.1297
5.9172
6.0203
6.1257
6.0568
6.1992
6.4710
6.1646
6.3827
6.3539
6.6391
6.7560
6.9934
7.0476
6.7157
6.8538
6.9974
6.6977
6.5017
6.7779
7.1065
6.7287
6.5286
6.8390
6.9312
6.9782
7.3142
6.7555
6.7224
6.9439
6.8289
6.3816
6.9804
6.5734
6.6848
6.9243
6.8053
6.1694
6.5403
6.8548
7.2056
6.6903
6.4326
6.5023
6.2395
6.3279
6.5480
6.1105
6.1824
5.4116
5.5230
5.9962
6.3218
5.8559
6.4718
6.3861
6.7503
6.3419
6.5003
6.2528
6.5717
6.4601
6.4683
6.0007
6.6384
6.0402
5.9441
5.7338
5.9835
6.2287
6.0628
6.0742
5.6746
5.8712
6.2350
5.6821
5.4145
5.4701
5.4672
5.7961
6.1355
6.2101
5.9399
5.8942
5.9046
6.0425
5.5633
5.8240
6.0924
5.4871
6.1516
6.3138
6.6114
6.4837
6.2257
6.1577
6.7431
6.6258
6.7028
6.2856
6.2588
6.4323
6.3806
6.5447
6.1972
6.6221
6.3341
6.5320
6.6555
6.3724
6.5087
6.3306
6.0962
6.4660
6.2727
6.5182
6.4904
6.0854
6.3412
5.9141
5.6951
6.0415
6.0420
6.1803
5.9943
5.9324
5.2592
5.7981
5.6286
5.9521
6.0940
5.8325
6.3629
6.1718
6.2992
6.1870
6.5832
6.8032
6.6773
7.0642
6.7837
5.9840
6.5777
6.5401
6.5739
6.2187
6.6818
6.4588
6.9357
6.4398
6.9648
6.8105
6.9527
7.0620
7.2609
7.4738
7.1463
7.0527
7.0329
6.9410
6.8659
6.9490
6.8174
7.1677
6.9034
6.8083
6.8425
7.0783
7.0276
7.2595
6.7664
7.0544
7.1765
7.5359
7.1552
6.6361
6.7186
6.7803
6.1289
6.3611
5.9656
5.9361
6.1167
6.1788
5.8508
5.9739
5.9967
5.8623
6.4433
6.5558
6.3170
6.5487
6.4537
5.9146
5.7079
5.8446
5.3903
5.6545
5.7013
5.7770
5.7133
6.2844
5.7193
6.1842
5.9683
5.6200
5.8178
5.6080
5.9904
6.2977
6.8048
6.6422
6.6098
7.0293
6.3710
6.5318
6.4832
6.2870
6.4790
6.3691
6.7295
6.5309
7.0226
6.8287
6.5735
6.8422
7.0580
6.7814
6.6822
6.4763
6.4757
6.2795
6.1634
6.3973
6.1236
5.7463
5.8276
5.7344
6.2713
5.8332
5.9315
5.6720
6.1817
5.9926
5.7489
5.8391
5.9983
5.9107
6.2273
6.1571
6.1781
5.8618
6.5666
6.3745
6.7003
6.6410
7.2632
6.7156
6.6777
6.6935
6.6173
6.7838
6.4779
6.2912
6.2202
6.3839
6.1976
6.5538
6.6734
6.3916
6.2290
6.1743
6.0706
6.4105
6.2211
6.3065
6.3877
5.9623
6.3853
6.2972
6.7696
6.5701
6.3967
6.1032
6.4893
6.0197
6.4835
6.0397
6.4048
6.2907
6.5728
7.0165
6.8382
6.3396
6.5108
5.8981
5.7978
5.8324
5.9748
5.8117
5.9500
6.2833
5.8161
5.9912
5.8358
5.7395
5.7791
5.3779
4.9878
5.3795
5.8913
5.4673
5.4772
5.4397
5.4680
5.2569
5.2307
5.2959
5.8146
6.2394
6.2158
6.4326
6.5815
6.6330
6.4033
6.3508
6.4728
6.7329
6.6735
6.7972
6.3402
6.5634
6.7794
6.6004
6.3350
6.1407
6.3448
6.4173
6.8130
6.7117
6.8543
7.0157
6.6825
6.4886
6.5371
6.2930
6.3923
6.3933
6.5390
6.2870
6.0511
6.4378
6.1336
6.0851
6.1088
6.2420
6.4388
6.7062
6.3540
6.3926
6.2948
6.3412
6.3881
6.3575
6.3789
6.3110
6.3526
6.1494
5.9420
5.9739
5.9176
6.0710
6.4330
6.6443
6.6844
6.1058
5.6205
5.8956
6.0627
6.0776
6.0278
6.3329
6.0733
5.7220
5.9282
5.6082
5.5427
5.5954
5.8680
6.1417
5.9509
5.7477
5.6995
6.2431
6.1239
5.6034
5.8387
5.7589
5.4627
5.7518
5.7339
6.0814
6.0232
5.8936
5.9991
5.9884
5.6384
5.5433
5.7278
5.8940
5.7350
5.5242
5.3586
5.5748
5.7142
5.7681
5.6412
5.8156
6.0178
5.8742
6.1788
5.9957
6.1731
6.1153
6.1225
6.1572
6.1668
6.3252
6.5430
6.2919
6.4302
5.6303
5.7629
5.7511
5.5755
5.4391
5.3921
5.7603
5.7532
5.7395
5.7150
5.8190
5.6145
5.7249
5.1378
5.7716
6.2502
5.9083
6.2753
6.3413
6.0469
6.2102
6.2320
6.2603
5.8344
5.8853
6.1461
5.6535
5.7090
6.0166
6.0142
5.6939
5.7439
5.5996
5.4725
5.9718
6.1470
6.0949
5.8618
5.9312
5.8499
6.1675
6.2518
6.5034
6.3797
5.8212
6.3377
5.9350
6.1871
5.7075
6.4421
6.2154
6.5022
6.3386
6.2125
6.2547
5.9401
6.1099
6.4372
6.3803
6.4666
6.3295
6.7246
6.2823
5.9731
6.1117
6.2214
6.5813
6.7320
6.4114
6.5658
6.3850
6.1771
6.1919
6.4463
6.6559
6.6888
6.5392
6.9463
6.4270
6.5780
6.5717
6.7268
6.5014
6.2248
6.1983
5.8822
6.0819
5.5366
5.7819
5.2669
5.6825
5.5559
5.3184
5.4416
5.8212
5.8487
5.6382
5.6779
5.7331
5.6899
5.4419
5.4229
5.6199
5.3242
5.4263
6.0928
5.7611
6.1537
6.3167
6.1438
6.2473
6.3366
6.6194
6.4125
6.5240
6.6168
6.2401
6.0483
6.9458
6.3242
6.2250
6.4167
6.5334
6.2178
6.0451
6.0971
6.6242
6.8279
6.6910
6.2908
6.0136
6.1652
6.7252
6.4950
5.7927
5.9891
6.1803
6.5488
5.9523
5.7210
5.6952
5.6862
6.0032
6.2319
6.1896
6.2484
6.4511
6.3718
6.2174
6.3826
6.4527
6.1908
5.9071
5.9206
6.6430
6.0049
5.9185
6.2973
6.2753
6.3288
6.1480
6.4656
6.7603
6.2442
6.1425
5.9402
5.9460
6.4438
6.4296
6.3433
6.4119
6.2275
6.5978
6.4561
6.5126
6.4608
6.7746
6.7037
6.5370
6.6940
6.7800
6.6609
6.6812
6.6512
7.3015
7.3934
7.1657
7.0182
6.5631
6.7098
6.9899
6.2981
6.6961
6.5721
6.9734
7.0446
6.5346
6.4873
6.7044
6.0560
6.0036
5.8165
6.4072
5.7614
5.9216
6.3004
6.4173
6.2603
6.2950
6.4987
6.7738
6.6411
6.6417
6.0436
6.3906
6.5727
6.4649
6.4255
6.5257
6.7284
6.7191
6.7464
7.1278
7.6401
7.4163
7.6508
7.2167
6.8343
6.7736
6.8439
6.4955
7.0708
6.8878
6.5740
6.9022
6.9058
6.9151
7.0725
6.6310
6.5745
6.6842
6.8447
6.6434
6.2930
6.3943
6.4698
6.8808
6.8016
6.8408
6.6551
6.5253
6.6322
6.5773
6.5195
6.8409
6.9924
6.5056
7.0229
6.5548
6.9199
6.9955
7.3505
6.8873
7.1929
7.1845
6.9128
6.8581
6.9036
7.1949
6.9227
6.6403
6.7521
6.8831
6.4135
6.4065
6.3227
6.0957
5.8624
6.2824
5.9016
5.9199
6.1024
6.3705
6.5711
6.1973
6.4150
6.1879
6.6724
5.9012
6.1295
5.8115
6.2017
6.0732
5.7179
5.5541
5.8340
5.5175
6.1142
5.7804
5.6192
6.0983
6.0096
6.2885
6.2596
6.3320
6.1431
6.2852
5.9490
6.3314
6.7388
6.5937
6.6426
6.7065
6.1501
6.4891
6.4900
6.0972
5.8219
5.8060
5.6979
6.1358
6.0340
5.8857
6.1664
6.2802
5.5706
5.9351
5.7487
5.7802
5.5397
6.0818
6.1502
6.1438
5.8544
5.8901
6.3493
6.0200
6.3415
6.3462
5.7926
5.7214
5.4285
5.7885
5.4263
5.6270
5.0319
5.2758
5.1865
5.4543
5.4253
5.7099
5.8263
5.9545
5.7373
5.3413
5.3720
5.3567
5.3009
5.3337
5.3682
5.7919
5.4641
5.1444
5.1435
5.4101
5.5648
5.8777
5.5074
5.7708
5.7428
5.9954
6.1344
5.8553
6.2999
6.3814
6.4156
6.3342
6.2298
6.3363
6.1074
6.4885
5.8965
6.5296
5.8257
5.2867
5.5614
5.6206
5.9613
5.5523
5.8630
6.0498
6.2230
5.8812
6.1042
5.5557
6.0519
6.0032
5.7582
5.6273
6.0941
6.1804
6.4416
5.8498
6.2141
6.0790
5.9187
6.6903
6.5741
6.0994
6.2820
6.4155
6.7542
6.2265
6.2287
6.6335
6.4481
6.1150
5.4553
5.3580
5.7549
5.8202
6.0124
6.0864
6.0632
6.0660
6.2495
6.3483
6.0485
5.6966
5.5598
5.7512
5.9720
5.7094
5.7488
6.1121
5.7351
5.8719
5.4253
6.0218
5.9355
6.0382
6.1037
6.6271
6.0289
6.0524
6.4117
6.0272
5.7289
6.1285
5.7343
5.3440
5.3391
5.3229
5.4694
5.0546
5.4073
5.4532
5.5707
6.0727
6.0407
5.3776
5.2668
5.2847
5.6271
5.3430
5.6493
5.9537
5.8286
5.7827
5.3762
5.2136
5.6008
5.7501
5.5215
5.4210
5.4874
5.5767
5.3248
5.7361
5.0348
4.8966
5.3384
4.9492
4.8697
5.5887
5.6745
5.4190
5.2613
5.3615
5.3252
5.4436
5.3519
4.9491
4.7870
4.8540
4.9025
4.9362
5.1064
5.6880
5.4756
5.4247
5.6759
5.2101
4.8645
5.0995
5.3491
5.6033
5.3590
5.5757
5.1277
5.0612
4.8994
5.1580
4.9582
5.0149
5.0701
5.3982
5.1451
5.1436
5.4252
5.0887
4.8855
5.4055
5.2511
5.3857
5.3297
5.2764
5.1999
5.1340
5.4338
5.7910
5.4323
6.1592
6.4366
6.5079
6.6691
6.1280
5.8611
5.7821
5.9001
5.9189
5.5074
5.6421
5.7415
5.4673
5.3539
5.8317
5.7499
5.5408
5.6332
5.8186
5.8420
5.2781
5.7856
5.7594
5.9056
5.7212
5.5754
5.2987
5.3788
5.7584
5.8420
5.4952
5.8055
5.5082
5.4160
5.3019
5.7907
5.7327
5.4761
5.5091
5.1661
5.3199
5.6110
6.0614
6.3078
6.0465
6.0077
5.8692
5.8238
5.8008
5.9356
5.9242
5.8509
5.7304
5.8780
6.3951
6.3559
6.0419
5.8846
6.0592
6.3118
5.7511
6.0054
5.9110
5.6434
5.8059
6.0630
5.7828
5.7836
5.5454
5.6326
5.8440
6.2465
6.1185
6.3896
6.1298
5.8647
6.1353
6.0623
5.9303
6.2081
5.8576
5.7400
5.9398
6.2981
6.1795
6.5436
6.6832
6.6898
6.5725
6.1579
6.7206
5.6713
5.4138
5.6760
5.9436
6.1415
6.0588
5.7164
6.2840
5.8118
5.5470
5.7716
5.9318
5.3622
5.7046
6.3011
6.1753
6.0269
6.1391
6.5893
6.6749
6.7188
6.6593
5.8448
6.3129
6.7013
6.4159
6.4528
6.2905
6.1156
5.6544
5.2311
5.5757
5.6261
6.4450
6.5375
6.0132
6.1210
6.1036
6.2839
6.4906
6.6414
6.3594
6.6318
6.2968
6.6898
6.9593
6.5811
6.5552
6.4333
6.3603
6.6468
6.7039
6.4047
6.2420
5.9510
6.0298
6.1463
5.8935
5.4283
5.2245
5.5134
5.3245
5.5509
5.5284
5.6784
5.3119
5.4479
5.1419
5.4707
6.0766
6.2574
5.6261
5.6862
6.7390
6.8067
6.5975
6.0348
6.1090
5.8830
6.3769
6.1451
6.2852
6.3813
6.2412
6.3274
6.5685
6.6550
6.6444
6.4257
6.3516
6.4472
6.5709
6.3130
6.7419
6.2451
6.5192
6.7128
6.8942
7.0917
6.3100
6.3603
6.5894
6.1261
6.0757
6.2853
5.9707
6.1121
5.7306
6.0009
5.7110
5.3423
5.3800
6.0669
6.0343
6.0040
6.0287
5.9236
6.2236
6.3750
6.3637
6.2397
6.5952
6.4730
6.0535
6.5050
6.3625
6.4118
6.3712
6.5804
6.5311
6.6085
6.3766
6.0679
6.2533
6.0551
5.6591
5.9607
5.8470
5.9930
6.3080
6.4391
6.7402
6.0562
6.4846
6.4958
6.6287
6.9536
6.5221
6.0773
6.4668
6.1993
6.1491
6.2779
5.9701
5.9373
6.5536
6.6339
6.6862
7.0557
6.7835
6.7132
6.6076
6.5875
6.9034
6.8231
7.1276
6.8940
6.8234
6.8846
6.9375
6.3864
6.7237
6.1941
6.1607
5.9804
6.3602
6.6029
6.3207
6.4948
6.3978
6.0927
5.7725
6.2284
6.3735
6.3676
6.5475
6.6163
6.6493
6.8284
6.5132
6.3401
6.1231
6.6076
6.4592
6.3499
6.4403
6.4406
6.3374
7.0418
6.8366
6.5537
6.1026
6.2518
5.7830
6.5488
6.5375
6.2837
6.1946
6.0085
5.9468
5.7677
6.3781
6.4833
6.3841
6.6937
6.5154
6.4118
6.3843
5.8646
6.2965
6.3698
6.4892
6.4296
6.7639
6.5349
6.7167
6.4901
6.3345
5.6192
5.6913
5.6053
6.0200
6.0738
5.4928
6.0226
6.0479
5.9427
5.9606
5.5520
5.9421
5.8170
6.2091
5.9092
5.7310
5.7820
6.0731
6.0963
6.4325
6.6488
6.3834
6.2786
5.8786
5.9363
6.0808
5.7322
6.0912
6.2925
6.1455
6.1764
6.4426
6.5304
6.1167
6.1357
5.7401
5.7598
5.7890
6.2965
6.4681
6.8190
6.9646
6.8700
7.0520
6.5590
6.7506
6.6511
6.7553
6.8306
6.6730
6.7087
6.5798
6.9038
6.4927
6.7735
6.7163
6.8379
6.9096
6.5654
6.9083
7.2974
7.0546
7.0288
7.2814
6.5384
6.4990
6.5061
6.1677
6.3564
6.3660
6.0583
6.1000
6.3223
6.3858
6.7107
6.7677
6.9654
6.8115
6.6444
6.7400
6.2309
6.8446
6.9147
7.0222
7.2434
6.7949
6.8201
7.7306
7.4443
7.1110
6.9745
6.9027
6.8732
6.5247
6.7190
6.4271
6.7129
6.8003
6.5785
6.3610
6.7533
6.0918
6.2059
5.9427
6.1028
6.1351
6.1616
5.8765
5.7219
5.6973
6.5343
6.1742
5.9342
5.8684
5.8528
6.2084
6.2610
6.0955
6.0296
5.9017
5.8178
5.9400
6.1166
6.4283
6.5483
6.2891
6.3077
6.4239
5.7047
6.1194
6.2579
7.3266
7.2144
6.1396
5.8193
5.6953
5.5263
6.3603
5.9893
5.9440
5.6499
6.3309
6.3021
6.1284
6.2786
6.3567
6.2829
6.2632
6.0145
6.0149
6.0570
6.2973
6.3519
6.0408
5.9133
6.0422
5.2248
5.6148
6.0713
6.4861
6.1630
6.8014
6.0908
6.1301
6.0822
5.7977
5.8232
5.9244
5.9073
5.9214
5.8878
6.0162
5.9525
5.7132
6.6343
6.1583
5.9416
6.0344
6.5324
6.0805
6.2839
6.0279
5.6652
5.9665
6.2746
6.0023
5.6604
6.1125
5.8154
5.9111
5.6256
5.3792
5.5231
5.7222
5.7828
5.3784
5.5342
5.4440
5.0329
5.3686
5.5907
5.6808
5.8906
6.3891
5.6393
5.5314
5.6242
5.9970
6.1400
5.9701
5.6798
6.0401
6.4220
6.3702
6.3006
6.1458
6.1659
6.3702
5.4817
5.5109
5.6794
5.9672
5.9785
6.0591
5.9056
6.2884
6.1830
6.5482
6.4277
6.3929
6.5609
6.6384
6.6041
6.4384
6.6713
6.3352
6.4149
6.1918
6.6391
6.6855
6.9068
6.4874
6.9010
6.6725
6.3333
5.6073
5.4459
5.2529
5.3292
5.2333
5.0133
5.0933
5.4892
5.0822
5.7659
5.3226
5.5613
6.2179
5.8276
5.7558
5.4767
5.4248
5.6114
5.3326
5.5126
5.5732
5.6527
5.7176
5.6317
6.0738
5.9694
6.3554
5.7473
5.7542
6.1404
6.2112
6.0057
6.0906
5.9149
5.9175
5.6888
5.8423
5.8753
5.6915
5.8493
5.7296
5.7838
5.6054
5.9282
5.6811
5.3779
5.8924
6.0038
5.5474
5.9762
5.9792
6.3478
6.2669
5.6002
5.3411
5.7178
5.5971
5.4207
5.1222
5.6538
5.7148
5.9550
5.9559
6.4050
6.3712
6.1140
6.3069
6.1721
6.1306
5.8563
5.8437
5.9194
6.3003
6.0008
5.9781
5.9648
6.1177
5.9400
6.1513
6.2059
6.2762
5.8805
5.7961
5.7615
6.1543
5.9079
5.8074
5.8743
5.7893
5.7801
5.7042
5.3000
5.6547
5.8885
6.1392
5.9216
6.0892
6.0511
6.7348
6.5093
6.7553
6.9387
6.6641
6.4891
6.1713
6.2395
6.2127
6.5103
5.7434
6.0951
6.3112
6.2928
5.9881
5.5994
5.9692
5.6611
5.5061
5.6257
5.5558
5.8239
5.9495
5.9586
6.0710
5.8934
6.3126
6.3727
6.2542
5.9147
5.5021
5.8304
6.2343
5.6368
5.2435
5.4437
5.8335
5.8993
6.0083
6.1288
5.5408
5.4477
5.4561
5.6294
5.2819
5.5931
5.6261
5.5448
5.6292
5.4265
5.1012
5.3576
5.2682
5.3034
5.8162
5.5602
5.6196
5.4584
5.1539
5.0250
4.9938
5.3060
5.3061
5.3355
5.4034
5.3787
5.2276
5.4227
5.4028
5.4680
5.3504
5.2876
5.2443
5.3201
5.9899
5.9333
5.7961
5.6455
5.9656
6.2025
6.1573
6.1436
6.2234
6.3454
5.6626
5.5773
5.8785
5.6784
6.0496
5.6146
5.6488
5.0922
5.2473
5.2184
5.7308
5.4441
5.0949
5.3935
5.6370
5.7799
5.7372
5.8865
5.5777
6.1657
5.8872
6.2057
6.5774
6.0294
6.2967
6.3948
6.1840
6.3227
6.0583
6.2546
6.2055
6.4792
5.9559
5.9324
5.7422
6.3666
6.4178
6.6331
6.3890
6.4024
6.5778
5.9924
5.9988
5.6900
5.6569
5.8805
5.7150
6.0113
6.0726
6.1475
5.9458
5.9169
6.1355
5.8454
5.8065
5.7212
5.7184
5.5714
5.9226
5.9903
6.2336
6.4558
6.3495
6.2742
6.4326
6.2326
6.1296
6.1857
6.4687
5.8537
5.7390
6.0643
6.1464
6.3352
5.9039
6.1757
5.9516
6.5249
6.4757
6.2773
5.7876
5.9532
6.0814
5.9487
6.0616
6.3014
6.4863
6.6231
6.3494
6.6547
6.5991
6.0618
6.4991
6.2883
6.0569
6.0196
6.3122
6.0397
5.9439
5.6643
5.8019
5.9314
5.8997
5.8579
5.8901
5.9693
5.8874
5.7552
5.9005
6.1828
6.2420
5.7267
6.3537
5.8405
5.6096
6.0402
5.8102
5.5181
5.9676
5.7552
6.0357
6.3565
6.2567
6.1028
6.0767
6.2741
6.5658
5.9551
6.3810
7.0062
6.6441
6.7649
6.3027
6.3749
6.6155
6.8572
6.5656
6.0467
6.0449
6.0012
5.7083
6.0376
5.8041
6.4081
6.7304
6.4205
6.5853
6.8193
6.5675
6.5679
6.4532
6.0640
6.3666
6.0946
6.3034
5.8701
5.4723
5.7002
5.8644
6.4174
6.5233
5.7399
6.1249
5.9884
5.5780
5.9608
6.0915
6.2106
6.1085
6.0087
5.4190
5.7409
5.8272
5.7813
6.1100
5.9954
5.8494
6.1164
5.7927
5.8511
6.0281
6.0234
6.3018
5.7551
5.8686
5.7409
6.1365
5.9772
6.0961
6.2513
6.6126
6.5490
6.2968
6.3332
5.8491
6.6585
6.3136
5.8428
6.1391
6.8282
6.1413
6.2422
6.1661
6.0497
5.9251
6.1219
6.0519
5.8535
6.1562
5.7211
5.8201
5.9861
6.5061
6.1830
6.5571
6.3464
6.5255
6.2162
6.1846
6.0159
5.8964
6.4714
5.3303
5.3741
5.6984
5.5303
5.2445
5.1569
5.1678
5.3821
5.3889
5.1144
4.8119
4.9198
5.0749
5.6168
5.5007
5.7079
5.5378
5.6644
5.3999
5.6683
5.2862
5.2578
5.1160
5.2165
5.9192
5.6541
5.7052
6.0543
5.7881
5.5420
5.8245
5.3350
5.4002
5.7275
5.3386
5.5507
5.4259
5.9003
5.6392
5.6865
5.9127
5.7710
5.7052
6.0319
5.8889
5.5428
5.2793
5.4506
5.6392
5.6329
5.7706
5.9114
5.9795
5.6151
5.8064
5.4516
5.4348
5.2904
4.9451
5.3686
5.5477
5.2874
5.8914
6.0815
6.2259
6.3412
6.4827
6.0566
6.2379
6.4573
6.2869
6.6658
5.9277
5.7242
5.8813
5.3923
5.5440
5.7985
5.5259
6.2363
6.2282
6.0462
5.5380
6.3160
6.3563
6.3231
6.3658
6.4989
6.2912
6.7458
6.1606
6.6719
6.4015
6.2796
6.9396
6.6860
6.7300
6.8859
6.6549
6.9739
6.2654
6.4371
6.0078
6.1243
5.6186
6.2900
5.8672
6.4679
6.3660
6.3073
6.2920
6.2233
5.8124
5.4704
5.5983
6.0492
6.0052
6.2408
6.1966
6.2138
6.5195
6.6432
6.2365
6.3679
6.6614
6.5282
6.0743
5.9902
6.1370
6.1316
6.3457
5.9705
6.1436
6.0185
5.8916
5.9004
5.8473
5.8720
5.6896
5.8200
5.7476
5.4741
5.6402
5.4917
5.4639
5.9828
5.8208
5.8352
6.0426
6.2958
6.2000
6.1582
6.1097
6.0813
6.9195
6.7936
6.6368
6.5070
6.7169
5.8380
5.8497
5.9601
6.3101
6.3233
6.6452
6.8370
6.5534
6.4403
6.9779
6.8758
6.4732
6.6603
6.0559
5.5284
5.6737
6.3727
6.3480
6.2753
6.2278
5.4919
5.7291
5.6908
5.9233
5.9766
6.2217
5.9327
5.6732
5.5382
5.6653
6.2169
6.1180
5.5466
6.3475
6.2445
6.1416
6.0639
6.0023
6.0680
6.4318
6.0049
5.9517
6.0291
6.0133
6.1626
6.2684
5.8681
6.3183
6.2651
5.6349
6.0529
6.1945
6.2705
6.0854
6.0942
5.7880
5.8108
6.0535
6.1696
6.2297
5.7405
5.9777
5.8914
5.9022
5.9960
6.1663
5.9892
5.9458
5.7206
5.8506
5.9440
5.8676
5.9954
6.2869
6.5416
6.5978
6.2898
6.1085
6.4449
6.1748
6.2271
6.0097
6.5233
6.4202
6.5185
5.7856
5.2943
5.7436
5.8483
5.6848
6.1290
6.0815
6.4988
6.6993
6.6962
6.7592
6.5759
6.7435
6.3389
6.4567
6.4786
6.0940
6.2685
6.1367
6.0449
6.0185
6.1258
5.8063
5.8875
6.1457
6.6225
6.1121
