3.0612
3.1294
3.4095
3.3878
3.3001
3.1936
3.1195
2.8105
3.0341
3.0137
2.9938
3.1103
3.0046
2.8373
3.1010
3.0490
2.7577
3.0460
3.2237
3.3220
3.2519
3.1363
2.8826
2.6987
2.9703
3.1635
3.0025
3.0061
3.0923
3.2281
3.0330
2.8207
3.0187
2.8431
2.6574
2.7916
2.9050
2.9263
3.2602
3.0629
3.2599
3.0535
3.1216
3.0837
2.9805
3.0769
3.1254
3.0719
3.2380
3.1825
3.0014
2.8679
2.9165
2.9460
3.1277
3.3023
3.2103
3.1579
2.7761
3.0564
2.9757
3.1561
3.2325
3.2451
3.1211
3.1196
3.1887
2.8475
3.0029
2.9780
3.1510
2.8857
3.0635
3.0839
3.1461
3.2872
3.2748
2.9200
3.1030
3.2036
3.1287
3.1048
3.1099
3.3137
3.1313
3.2266
3.1764
3.1566
3.0970
3.1673
3.2534
3.0201
3.0764
3.1660
3.3446
3.5394
3.2737
3.4819
3.5279
3.3514
3.6645
3.3941
3.0524
3.3386
3.2219
3.2382
3.4566
3.4689
3.3649
3.3856
3.3401
3.1750
3.3895
3.3156
3.5793
3.4698
3.3118
3.2976
3.1437
3.1668
3.2899
3.2838
3.3125
3.0340
3.5861
3.5144
3.0084
3.3834
3.0484
3.1772
3.2337
3.4493
3.2545
2.9071
3.0920
3.1457
3.3092
3.1731
3.1138
3.2171
3.1269
3.0890
3.0915
3.2651
3.4839
3.6398
3.6936
3.5893
3.5062
3.8570
3.3744
3.4114
3.5752
3.2731
3.4783
3.3599
3.1941
3.4558
3.5332
3.4204
3.1557
3.2429
3.3453
3.6614
3.1982
3.5651
3.3861
3.0813
3.4843
3.1867
3.3180
3.3174
3.1970
3.1818
3.4275
3.2274
3.4442
3.2988
3.1224
3.0540
2.9926
2.9092
3.0519
3.2791
2.9126
3.0161
2.7574
2.9530
3.0906
3.3441
3.4145
3.3755
3.7468
3.4075
3.3480
3.6537
3.8295
4.0751
3.9440
3.8437
3.7440
4.0449
4.2868
3.9884
4.2872
4.8044
4.1997
3.8193
4.0103
4.0576
4.1740
3.9420
3.8897
3.4742
3.5002
4.4479
4.4882
4.2380
4.1965
4.4534
4.7370
4.6556
4.4005
4.2075
4.4796
4.3140
4.2336
4.0329
3.8752
3.9085
3.4831
3.6338
3.4810
3.5100
3.5548
3.7367
3.6960
3.7809
3.8502
3.5540
3.9020
3.8372
4.0452
4.2906
3.8564
3.8716
3.8400
3.9748
4.2377
4.4612
3.9398
4.2717
3.8513
3.8560
3.9540
3.9839
4.3867
4.4201
4.1747
3.8119
4.0677
4.0654
4.7115
4.7345
4.2613
4.2115
4.1335
3.8416
3.9722
3.6907
3.6011
3.9240
4.1161
3.8640
3.5534
3.7831
3.5439
3.5056
3.2870
3.4321
3.4149
3.4872
3.5631
3.3287
3.4602
3.3900
3.5447
3.7091
3.7051
3.5179
3.5234
3.3098
3.2613
3.4758
3.3962
3.5960
3.6227
4.0090
3.5206
3.5242
3.6974
3.6370
3.8726
3.6303
3.7238
3.8555
4.0767
3.7043
3.8979
3.8233
3.5806
3.4873
4.1583
3.8964
3.4884
3.1034
3.5123
3.7944
3.5222
3.3849
3.3256
3.1650
3.2374
3.3555
3.5892
3.2010
3.4638
3.3367
3.5060
3.6785
3.3265
3.9163
3.5728
3.7597
3.9331
4.1506
4.0917
3.9890
4.4981
3.9306
3.5705
3.5053
4.0381
3.7948
3.5201
3.3883
3.4385
3.4630
3.7149
3.9802
3.8109
4.4623
4.4407
4.1372
4.2300
3.9307
3.8886
4.1186
3.2929
3.3968
3.1932
3.3644
3.5859
3.7898
3.9814
4.0274
3.4709
3.7701
3.3651
3.2618
3.2516
2.9261
3.1257
3.0891
3.0676
3.0096
3.2964
3.4718
3.3183
3.4510
3.5109
3.2182
3.1219
3.0481
3.1528
3.2096
2.9786
3.4420
3.2083
3.3571
3.1946
3.4463
3.4431
3.3877
3.2437
3.7342
3.5080
3.2798
3.3863
3.5063
3.5788
3.4395
3.3777
3.2347
3.3161
3.4835
3.4185
3.4914
3.6898
3.9441
3.7142
3.8160
3.6644
3.4389
3.3639
3.7999
3.6676
3.7829
3.5142
3.6329
4.1040
4.0912
3.8509
3.6579
3.7313
3.9886
3.8651
4.0211
3.7686
3.6363
3.9599
3.7591
3.7445
3.9451
3.9572
4.0101
3.7160
4.0107
4.1394
4.0079
4.0679
3.9775
4.0133
3.8493
3.9351
4.0106
4.0688
4.1696
4.5416
4.5550
4.3642
4.4241
4.0126
4.5479
3.9829
3.8892
3.7910
3.6931
3.9736
4.1697
4.5645
4.5096
4.3356
4.0519
3.9131
3.6819
3.7848
3.8211
3.7374
3.7706
3.8520
3.6112
3.6422
3.5293
3.7827
3.5993
3.4343
3.3730
3.5810
3.5854
3.1889
3.1967
3.2313
3.3004
3.3400
3.4301
3.5685
3.4456
3.3990
3.3261
3.5445
3.4189
3.2845
3.4215
3.5605
3.7570
3.7025
3.7620
3.8470
4.0237
4.1082
4.1204
4.4428
4.2923
4.1501
4.1673
4.0941
4.3300
4.0812
4.0885
3.7384
3.8599
3.9428
4.0198
4.0267
4.3150
4.1068
4.1618
4.1150
4.2773
3.9116
3.7660
3.9570
4.0614
4.4186
4.6945
4.2254
4.1599
4.2764
4.4275
4.3634
4.4031
3.9954
4.3760
4.1767
4.1851
4.7394
4.8792
4.8442
5.1311
5.0347
5.2668
5.0212
5.3156
5.5719
5.1660
5.0809
5.3973
5.5462
5.3848
4.8559
4.3518
4.2023
4.1984
4.0032
4.0726
4.0382
4.1642
3.8983
4.0409
4.1711
4.3344
4.2800
4.0924
4.2725
4.1922
4.2239
3.8165
4.2645
4.3560
4.0445
4.3401
3.7484
4.1346
4.7835
4.6930
5.2226
4.8764
4.2044
4.7871
4.5102
4.0840
3.8981
4.1915
3.9651
3.8729
3.9649
4.1821
4.0248
4.4007
4.4026
4.2961
4.2931
4.3638
4.1299
4.4043
4.4648
4.1237
4.1705
4.1178
4.2030
4.3116
4.2638
4.6282
4.1481
4.1240
4.2574
4.0494
3.8335
3.9059
4.4600
4.1719
4.4444
4.6184
4.5054
4.2519
4.3349
4.2004
4.3296
4.1263
4.4620
4.3016
4.6471
4.1486
4.1598
4.6959
4.7301
4.4776
4.7644
4.4946
4.5283
4.5921
4.3860
4.6620
4.7169
4.4059
4.4624
4.1231
4.1287
4.2887
4.2477
3.6918
4.0031
4.1836
4.0395
4.3013
3.9485
4.1233
3.7706
3.8305
3.7093
3.6599
3.8409
3.6409
3.4694
3.8074
3.7741
3.5171
3.8498
4.4095
4.4576
4.2312
4.5487
4.7231
4.5762
4.2335
4.3314
4.4878
4.6052
4.4186
4.3907
4.2660
4.4881
4.5206
4.4668
4.9636
4.7812
4.6553
4.8441
4.5970
4.1732
4.3431
4.5948
4.7109
4.8434
4.8287
4.4280
4.5826
4.4904
4.5943
4.2479
4.8106
4.5330
4.1220
4.0307
4.0253
4.3003
4.0476
4.3556
4.2881
4.3740
4.4956
4.3329
4.4393
4.1608
4.4797
4.2332
4.0535
4.1878
4.2087
4.0982
4.9769
4.9628
4.9867
4.4645
4.1437
4.0899
4.0704
4.3818
4.3695
4.1423
4.4609
4.5779
4.3448
4.0724
3.4496
3.6863
4.0182
3.8147
3.8938
4.0629
4.0724
4.2602
4.5601
4.2752
4.6912
4.3295
4.3932
4.6496
4.0840
3.6635
3.9648
4.6075
4.4312
4.5309
4.2612
4.3761
4.0968
3.9365
4.3169
4.3865
4.5330
4.9660
4.9109
5.0572
4.2882
4.1499
4.1504
4.2586
4.3478
4.7187
4.5338
5.0868
4.2148
4.8636
5.1452
4.8700
4.9772
4.9066
4.4962
4.1356
3.9335
4.1254
3.8766
4.2137
4.1365
4.2139
4.0739
3.8912
3.6350
3.5840
3.6694
3.4524
3.5244
3.7289
4.0039
4.0892
3.6945
4.4442
3.9657
3.9470
3.8005
4.1940
4.4441
4.5846
4.6203
4.6664
4.4153
4.3353
4.0175
3.9443
3.9972
4.0249
3.9443
3.7284
3.7138
3.6819
3.5311
3.7145
3.6387
3.6360
3.6505
3.8905
4.0515
4.0231
4.5009
4.1657
4.3165
4.0430
4.4396
4.1483
4.1533
4.2661
4.0215
4.3128
3.8957
4.1608
4.0558
3.8239
3.7621
3.9136
4.0855
3.9380
3.8271
3.9154
3.6658
3.9479
3.7923
3.7647
3.5484
3.7717
4.3930
4.3008
4.7547
4.5468
4.8887
4.9611
5.0716
4.9760
4.0151
3.4557
4.3019
4.3345
4.0615
4.2221
4.0517
4.0396
4.0464
4.4265
4.8184
4.9511
4.7023
4.9724
5.0453
4.5983
4.6080
4.8597
4.3699
4.1481
4.0895
3.7525
4.2354
4.0813
4.3584
4.3837
4.5222
3.8905
4.0753
4.5117
4.2651
4.5499
4.4748
4.5098
4.5844
4.6244
4.9600
4.7729
5.0796
4.9317
4.7088
4.3263
4.0525
4.1793
4.6915
5.1821
5.5255
5.1777
5.7504
5.4633
5.4413
4.8963
4.2586
4.6358
4.3849
4.3215
4.8082
4.9736
5.1082
4.5844
4.1437
3.9452
4.3167
4.3760
4.1860
4.2482
4.8231
4.9618
4.9578
4.7590
5.3366
5.4920
4.7296
4.4746
4.2831
4.5747
4.6557
4.4628
4.5770
4.4395
5.1595
5.3942
4.8945
4.8784
5.9584
5.1640
5.1525
4.7352
4.7196
4.8916
4.7374
4.4074
4.5372
4.5894
4.7699
4.3100
4.6805
4.5821
5.0710
4.9711
5.0914
5.2711
5.1540
5.2295
4.9285
4.4787
4.9053
4.1496
4.6100
4.3390
4.5365
4.3078
4.1357
4.2262
4.0071
4.6529
4.5752
4.4455
4.3729
4.6189
4.5769
4.5029
4.6508
4.9156
5.1418
4.8861
4.9237
5.1621
4.9151
4.3945
5.1489
5.0148
4.8511
5.3351
6.1664
5.5217
5.6224
4.7876
4.9910
5.0365
5.0728
4.9861
4.9844
4.2565
4.6866
4.2270
4.7727
5.3920
4.8245
4.6867
4.7913
4.0925
4.3765
4.2184
4.2454
4.4008
4.7085
5.1111
5.0118
4.8186
5.0542
4.4555
4.7251
4.8534
4.7219
4.8213
4.5963
4.5091
5.2664
5.8717
5.8384
5.4270
5.2576
4.7731
5.0070
4.9380
4.8845
4.7395
4.5136
4.9780
4.7608
4.8109
4.4545
4.4753
4.3495
4.1352
4.0669
4.3487
4.3232
4.3539
4.3478
4.7429
4.3521
4.5025
3.9042
3.9857
4.6703
4.5881
4.7348
5.1202
5.2699
4.6830
4.8938
4.8464
4.8236
4.8608
4.7514
4.9657
4.0090
4.5920
3.8181
4.4201
4.4770
4.7270
4.8196
4.9487
5.1648
4.7829
4.5329
4.2835
4.5116
4.3533
4.1581
4.2588
4.5181
4.1091
3.9172
4.1848
4.3238
4.2065
4.2436
4.0759
4.2183
4.3591
4.6121
4.6314
4.5918
4.2105
4.4025
4.3695
4.3329
4.1312
3.6625
3.6049
3.7152
4.4340
4.5648
4.4369
4.2081
3.9293
3.8760
3.9183
4.1291
3.8369
4.7236
4.9834
4.6626
4.8353
4.7320
4.8645
4.4712
4.1938
4.5079
4.0533
4.1755
3.9522
3.8409
4.2889
4.2659
4.2436
3.8538
3.9733
3.6244
4.4242
4.5719
4.3431
3.9065
3.7468
3.9505
3.6461
3.8694
3.7353
3.8357
4.0921
3.8904
3.8109
3.8054
4.0727
3.6924
4.2257
4.0575
4.1184
4.1555
4.2547
4.1585
3.9176
4.0180
3.9848
4.1067
4.2052
4.3143
4.0084
4.6504
4.2475
3.9471
4.8615
4.6366
4.7443
4.0919
4.4113
4.3844
4.2269
3.8735
4.3313
4.4247
4.2571
4.0166
4.7059
4.6378
4.8505
4.6675
4.3718
3.9433
3.7088
3.8974
4.0895
4.0731
4.3722
4.4400
4.5656
4.4150
4.4469
4.3629
4.6500
4.5416
4.0490
3.9881
3.9156
4.1334
4.5036
4.4778
4.3063
4.2205
4.2019
4.8704
4.7623
4.7162
4.2278
4.3729
4.8260
4.9319
4.7947
4.1982
4.0514
4.4923
4.5520
4.5872
5.1442
4.9027
4.7134
4.5696
4.4253
4.8018
4.5590
4.8534
4.8725
4.4461
5.3303
5.3319
5.5434
5.4850
5.2083
4.2348
3.8189
3.9970
3.9649
3.9440
3.8661
3.9246
3.7039
3.7736
4.0556
4.1321
4.2930
4.8783
4.5882
4.3270
4.4763
4.9648
4.7457
4.7861
4.5360
4.6676
4.3669
4.4204
4.6299
4.8140
4.5081
4.5704
4.0764
4.3282
4.0621
3.9133
4.2508
4.6998
4.4613
4.1266
4.0590
4.6392
4.5189
4.0513
4.5024
4.3973
4.5187
4.6824
4.3124
3.9893
4.6954
4.5624
4.4469
4.4732
4.0165
3.9171
4.2165
4.6205
4.3738
4.6360
4.4034
4.5262
4.2975
3.9554
4.6685
4.1236
4.7587
4.0523
3.7505
4.1648
4.5880
4.8869
5.2898
4.5888
4.1112
3.9928
3.9597
4.2845
4.1808
3.9699
3.9185
4.4188
4.1980
4.0828
3.7447
3.9384
4.1139
3.5869
3.9740
4.4475
3.8686
4.3492
4.9911
4.5844
4.3730
4.2437
4.3377
4.2982
4.5812
4.1358
5.0663
5.0241
5.3423
5.1830
4.6652
4.8070
3.8520
4.2329
4.6096
4.3314
4.8981
4.5592
4.7715
5.2188
4.7348
3.8382
4.3524
4.2299
4.0751
4.1564
3.9160
3.8799
3.9341
4.5397
4.3675
4.4789
4.3801
4.2423
4.4055
4.5885
4.3917
4.5652
4.1604
4.5366
4.3896
3.9528
4.1367
4.1292
4.1393
3.9401
4.2354
4.1493
4.0792
3.6759
3.7648
3.8558
4.2073
3.7855
4.0410
4.0270
3.8550
3.6684
3.7255
4.0681
4.0353
3.8050
3.8617
4.3797
4.8452
3.9840
3.7049
4.2177
3.8154
3.4591
3.5286
3.5616
3.7149
3.7873
3.5715
4.0237
3.7202
3.6687
3.7889
3.4332
4.0245
3.9440
3.8711
3.4645
4.0586
4.0929
3.7305
3.8061
4.1915
4.5062
3.9089
3.9055
4.3764
4.5605
4.0738
3.6507
4.3059
3.8132
4.1142
4.3129
4.2961
4.7499
5.2411
4.5099
4.8647
4.6481
4.9534
4.3252
4.3944
4.2659
4.2888
4.6408
4.6595
4.4678
4.2484
4.5857
4.2201
4.2421
5.2117
4.8675
4.5611
4.5658
4.6250
5.1896
4.8792
4.9622
4.8244
5.3929
4.2095
4.0954
4.5804
4.4209
4.6278
4.4193
4.6320
3.7511
3.9840
3.9126
3.5646
3.8635
4.4656
4.1952
3.6655
3.9858
4.4421
5.0474
4.9987
4.2523
4.5460
5.1989
4.9865
5.1600
4.9869
4.7277
4.6053
4.6560
4.6326
4.4191
4.9019
4.4608
4.6298
4.9081
4.9279
4.4946
4.3308
3.7952
3.9081
4.1570
4.4589
4.5925
5.1581
4.5210
4.9534
5.1456
4.7380
4.6645
4.2408
4.5657
4.7693
4.3548
4.2020
4.1139
4.4908
5.0558
4.4315
5.1569
5.2862
4.3790
4.4162
4.2940
4.4613
4.1884
4.1765
4.3071
4.2252
4.2209
4.7789
5.0737
4.8818
4.4400
4.6585
4.1398
4.1713
4.1690
4.4559
4.0792
4.0203
3.9391
3.9577
3.9211
4.2862
4.0722
3.9808
3.6224
3.6193
3.9420
3.8055
3.5051
3.5049
3.8020
4.1665
4.7147
3.8513
4.2391
3.8627
4.0360
4.0621
4.3268
4.0366
4.1184
3.9436
4.1787
4.1920
4.2298
3.9650
3.9807
4.0401
4.1050
4.5613
4.1053
4.3002
4.3666
4.1187
3.9914
4.0090
4.2042
4.0917
4.4208
4.4982
4.7613
4.8857
3.8726
4.0444
4.1297
4.1111
4.0928
3.8781
3.8357
3.7422
3.6220
3.6336
3.5869
4.2199
4.4071
4.7023
4.0658
4.1193
4.4140
4.0461
4.2666
4.1944
4.5508
4.7928
4.5334
4.4934
4.8652
5.0228
4.7023
5.0179
4.6747
4.3707
4.8954
3.9417
4.3760
4.4178
4.5609
4.0590
3.6937
3.4878
4.5612
4.3909
4.0979
3.7966
3.6465
4.3520
3.8396
4.1029
4.5909
4.3495
4.2648
4.1180
4.3929
4.5305
4.6574
4.3355
4.1518
4.0837
4.1608
3.9151
3.9841
3.9807
4.3498
4.4357
4.3387
4.3521
4.4888
4.3451
4.4246
4.1889
3.9049
4.0202
3.8402
4.4065
4.0173
3.7782
3.9803
4.1880
4.3577
3.9146
4.2258
4.4108
3.9551
4.2811
4.0217
3.8383
4.2790
4.1619
4.3408
4.6137
4.5475
4.8038
5.3883
4.3144
4.7850
4.7217
4.0351
4.2500
4.4864
4.1534
4.0783
4.0413
3.8123
3.9239
4.1161
4.4195
4.0004
3.7961
3.9245
3.8451
4.0270
4.0640
4.1347
4.0672
3.6758
3.9998
3.9166
3.9063
4.0707
4.1473
3.8812
4.4584
4.1681
3.9238
4.3710
4.3073
4.5507
4.4742
4.4250
4.1587
4.6362
4.9431
5.1227
4.5697
4.5605
4.6171
4.6312
4.6555
4.2054
4.5437
4.0485
4.1519
4.5939
4.3578
4.5710
4.3064
4.4160
4.4019
4.3901
4.5981
4.3778
4.4327
4.7061
4.0292
4.0333
4.3107
4.1801
4.0678
4.1407
3.9701
4.2784
4.4725
4.2671
4.9014
4.8333
4.4113
4.2714
4.9156
4.5474
4.4941
4.3338
4.6045
3.8792
3.7780
3.5759
3.7357
3.6524
4.1020
4.2769
3.9711
3.6477
3.8040
3.8521
3.6839
3.5105
3.5138
3.5045
3.4847
3.7315
3.6889
3.5082
3.5317
3.6750
3.7059
3.8280
3.9921
4.0484
4.2846
4.9085
4.5612
4.2096
4.3913
4.1167
4.3210
4.7099
4.3204
4.1789
4.1265
4.1707
4.3307
3.6648
3.8193
3.7257
3.5941
3.5015
3.8368
3.3359
3.7747
3.9377
4.2774
4.1226
3.7961
4.1142
3.9161
3.8420
4.1940
4.1367
4.4499
4.3857
3.8840
3.6133
3.7827
3.7386
3.9424
3.8955
4.4391
4.4982
3.7925
3.7018
4.0746
3.6762
3.5941
3.5440
3.6650
4.4651
4.0250
3.9027
3.9808
4.3874
4.1678
4.1789
3.9321
4.0336
4.6115
4.1236
4.0074
3.9489
4.0259
3.8969
3.8203
3.9280
4.1739
3.8932
3.6511
3.9980
4.2611
4.6003
4.1593
4.0681
3.9758
4.3076
4.4178
4.4562
4.2922
4.2362
4.0868
4.1263
4.3294
4.1629
4.1109
4.1240
4.0102
4.4791
3.7116
3.7174
3.9833
4.4608
4.6015
4.6353
4.5432
4.3963
3.9274
3.8137
3.9731
4.6734
4.2676
4.0377
4.3501
4.0940
3.9343
3.9191
3.3965
3.7260
3.6737
4.1462
4.4508
4.3451
4.7930
4.4814
5.0679
4.9100
4.7712
4.6804
4.0868
3.8521
3.9279
3.7664
3.8365
4.0298
4.0176
4.0843
4.2345
4.0324
3.9013
4.1070
4.0625
4.2631
3.8888
4.1856
3.7581
3.9242
3.7169
3.9098
3.9953
3.9691
3.9626
3.7554
3.9424
3.6726
3.4615
4.0108
3.6942
3.9969
4.0153
4.2252
4.2869
4.0565
4.1056
3.8515
4.0105
4.1019
4.7746
4.0677
4.0052
3.4236
3.7117
3.5291
3.2064
3.2982
3.5802
3.4412
3.6788
3.7235
3.6481
3.7839
3.5128
3.9671
3.8895
3.6901
3.8609
3.8385
3.9711
3.7675
3.8245
3.6682
3.7200
3.7404
4.0194
3.6002
4.0839
4.1425
3.9664
3.9699
4.1948
3.9887
4.4479
3.9003
4.3504
4.0430
4.1185
3.9576
4.1921
4.0795
4.0764
4.3342
4.3494
4.3856
4.4943
4.5051
4.2022
4.2446
4.3090
4.2469
4.3166
4.0018
4.3062
4.6013
3.9389
4.0294
4.1918
4.1092
4.2746
4.0172
4.0837
3.7797
3.9483
3.8701
3.9883
4.1783
4.5018
4.1871
3.9912
3.8638
3.8212
3.8105
3.6440
4.0990
3.8307
3.8314
4.2249
4.3293
3.8738
3.9317
3.9818
3.8588
4.0956
3.4593
3.7537
3.5972
3.3073
3.3829
3.4335
3.2041
3.5130
3.5265
3.3541
3.5449
3.7937
3.6442
3.4889
3.7475
3.7170
3.4634
4.0160
3.3494
3.3911
3.4725
3.5181
3.4429
3.8799
4.3588
4.6660
4.0150
4.1927
4.0545
3.9094
3.9607
3.5566
3.5182
4.0090
4.5626
4.1370
3.8584
4.2257
3.8404
4.3295
4.0318
4.2598
4.1846
4.1193
3.8238
3.6738
3.6531
4.1624
4.0303
3.8627
3.9447
3.9640
3.5321
3.3907
3.4201
3.4374
3.5575
3.5678
3.8040
3.8714
3.7635
3.6918
3.5230
3.5783
3.7805
3.6834
3.2461
3.2609
3.4200
3.1505
3.3837
3.3049
3.1884
3.3934
3.6712
3.9316
3.6117
3.6777
3.4363
3.7298
3.3795
3.8501
4.1902
4.0759
4.0525
4.1848
3.7156
3.2559
3.0570
3.5815
3.3210
3.2683
3.4770
3.1554
3.0037
3.1540
3.3794
3.3202
3.6835
3.8999
4.0932
3.9481
4.2989
4.6988
4.4882
4.0937
4.1987
4.3386
3.9805
4.0331
4.2961
4.2251
3.7965
3.6989
3.8998
3.9724
3.7833
3.9467
3.9057
3.9139
3.4256
3.2287
3.2903
3.2940
3.6913
3.3214
3.3228
3.1108
3.5752
3.5777
3.3739
3.1881
3.4331
3.4496
3.5248
3.1534
3.6743
3.7794
3.7410
3.5303
3.6929
4.4802
4.0289
3.6918
3.7146
3.8613
3.8924
3.3851
3.4867
3.6825
3.3969
3.9544
4.1246
3.8735
3.9479
3.8838
3.8783
3.9763
3.8212
3.4753
3.5317
3.5396
3.6128
3.6816
3.9820
3.4317
3.5412
3.8952
4.0526
3.9139
4.0512
3.9151
3.9642
4.6321
4.1337
4.0910
4.1986
4.5368
4.8396
4.2770
3.8446
3.9026
4.3842
4.2876
4.5470
4.4922
4.6522
4.4329
4.8810
4.3745
4.3365
4.3164
4.1982
4.7198
4.3667
4.0827
4.5041
4.3118
4.2350
4.4445
4.5197
4.5552
4.8018
5.0384
4.1486
4.2569
4.7448
4.7092
5.0547
5.0058
5.5116
5.4984
5.0452
4.7513
5.0098
5.1660
5.0043
4.9578
5.2990
4.7618
4.9595
4.4364
4.2653
4.4228
4.2983
4.8125
4.3676
4.1262
3.9714
4.7612
4.4802
4.7838
4.8809
4.3165
4.2553
4.1600
4.9473
4.7761
4.7271
4.6108
4.4416
4.2262
4.4818
5.0072
4.9492
4.9255
4.6771
4.4461
4.3707
4.8118
4.8315
5.2949
5.1202
4.8851
4.7385
4.6243
4.4578
4.6959
4.7151
4.7839
4.7444
4.3546
4.5031
4.1078
3.8636
4.1796
4.1490
4.2198
4.4836
4.8986
4.5817
4.4406
4.5934
4.1316
4.4921
4.4231
4.6300
4.6141
4.4082
4.1161
4.5422
4.4421
4.5173
4.0181
4.2026
4.1608
4.1784
3.7216
4.2625
4.1621
4.3397
3.7496
3.6685
3.6807
3.7153
4.0514
4.1835
4.0429
4.0898
4.2293
3.7268
4.0542
3.9803
4.3120
3.8290
4.0437
4.0383
4.1424
4.2660
4.2936
3.9005
4.4149
4.3423
3.6517
3.6035
3.5300
4.0939
3.5145
3.2043
3.8801
3.7641
3.7523
3.9864
3.6722
3.8788
3.9154
3.6914
3.8742
4.2874
4.0012
3.5550
4.4696
4.0205
3.8607
3.8933
3.2778
3.9551
4.0222
3.8859
4.3979
3.8722
3.8303
3.8848
4.1918
3.9549
4.0339
3.9436
4.1981
4.1519
4.1538
4.2040
4.4224
4.9332
4.9677
4.8010
4.5414
4.1254
3.9005
4.3554
4.7381
4.3246
4.3512
5.0309
5.0631
5.1256
4.9747
4.5610
4.8292
4.7622
4.7046
4.7495
4.4529
4.5833
4.5410
4.4709
4.7933
4.6400
4.8303
4.4622
4.6886
4.7791
4.4561
4.4847
4.0942
4.5840
5.2402
4.6027
4.5454
4.4210
4.6060
4.3923
4.3819
3.8060
4.2358
3.8868
3.7844
3.8763
4.0424
3.5452
4.0565
3.7426
3.4485
3.5681
3.7797
4.0216
3.9644
4.1685
3.5427
3.8944
3.6316
3.6447
3.4029
3.3131
3.1347
3.2937
3.1086
3.2180
3.1231
3.1026
3.4177
3.4348
3.6865
3.8984
4.2268
3.9668
3.5692
3.3609
3.7107
3.5459
3.8186
3.6035
3.7738
3.8524
3.5767
3.9352
3.7852
3.5749
3.8716
3.9229
3.8057
3.3897
3.5380
3.8233
3.6044
3.6426
3.5805
3.5132
3.6021
3.4339
3.5923
4.0676
3.4463
3.4778
3.7232
3.6542
3.5753
3.5188
3.6541
3.8107
3.6134
3.8228
3.9097
3.7734
3.8415
3.2978
3.8037
3.9895
3.8012
3.8113
3.8279
3.6047
3.5551
3.4962
3.4406
3.8723
3.9112
4.3364
3.9750
3.6335
3.5534
3.4562
3.4806
3.8346
3.7679
4.0901
3.8859
3.9277
3.6454
3.6323
3.8086
3.8467
4.3461
3.9759
3.8380
3.6328
4.2639
4.0123
3.9827
3.6817
3.9846
3.8959
3.7739
3.9712
3.9841
3.9451
3.7126
3.6717
3.5119
3.6968
4.1848
4.1055
4.2805
4.6963
3.9117
4.1850
4.1962
3.7939
3.8431
3.6137
3.7208
4.0022
3.4063
3.8254
3.7079
3.5999
3.5826
3.9641
3.8978
3.7639
3.8939
3.9875
4.0262
4.0083
4.1067
3.6440
3.5090
4.0663
4.3877
4.3891
4.7702
5.0729
5.0350
5.0591
4.0771
4.4494
3.7890
3.9920
4.1078
4.1319
4.3244
4.1607
3.8215
3.8733
4.1558
4.1002
3.9413
4.3505
4.4073
3.7945
3.6722
3.5116
3.4766
3.9735
3.8092
3.6565
3.6369
3.9964
3.7663
3.9865
3.7952
3.6433
3.6174
3.8691
3.6261
3.7659
3.6413
3.6156
3.3803
3.4442
3.7517
3.8085
3.9614
3.6168
3.7304
4.0435
4.3523
4.2824
4.4336
4.0524
4.1291
4.3878
4.5692
4.4835
4.4882
4.4587
4.9154
4.5692
4.3666
4.1580
4.0200
3.5772
3.5848
3.5645
3.4795
4.0903
3.8834
3.9831
4.1260
4.0521
3.7941
3.4115
3.8479
4.0652
4.4655
4.3919
4.6357
4.7123
4.2283
4.1932
3.7558
3.5716
4.0374
4.2036
3.7957
3.8155
3.2636
3.7650
3.9275
3.9414
4.1937
3.8442
3.7339
3.7785
3.4829
3.8428
3.9175
3.7062
3.3753
3.1750
3.3023
3.6497
4.0677
3.8419
3.9376
4.0021
3.8376
4.5177
3.9168
3.7063
4.0964
3.5574
3.4503
3.3187
3.0395
3.1750
3.5944
3.7311
3.6373
3.5889
3.7706
3.6416
3.5435
3.6641
3.8854
3.3828
3.6097
3.5824
3.2677
3.7908
3.1796
3.4675
3.1616
3.4870
3.5609
3.5966
3.5186
3.7756
3.4382
3.4624
3.6391
3.6647
3.7308
3.7604
3.6858
3.5395
3.3892
3.4252
3.5939
3.5566
3.7359
4.2104
3.5710
3.4606
3.9058
3.7162
3.6167
3.6998
3.8129
3.6839
4.0836
3.8014
3.3970
3.4604
3.4211
3.2922
3.2621
3.4441
3.5193
3.6311
3.5380
3.7059
4.2703
3.7123
4.3827
4.5021
4.4054
3.7147
3.5791
3.7544
3.9894
4.3081
4.0872
3.8532
3.7083
3.7279
4.0557
3.7915
4.4588
3.9912
4.3868
3.7578
3.8132
3.9669
3.4386
4.1386
4.0280
3.7624
4.2313
4.2184
4.1474
4.0147
3.6661
4.2804
4.0412
4.0444
4.0069
3.9823
4.4113
4.0618
4.5847
4.6638
4.0638
4.1512
4.4762
5.6599
4.6012
4.4834
3.7841
4.4663
4.7814
4.4246
4.1902
4.3483
3.9736
4.0873
3.9745
4.4302
4.3874
3.7938
4.3745
4.3672
4.0575
4.1538
4.2443
4.1409
4.3091
4.1258
4.4407
4.2998
4.4802
3.2133
3.8494
4.2845
3.9585
3.6801
4.1444
3.9582
3.5343
3.7666
4.0545
4.0025
4.2811
4.6761
4.4253
4.2733
4.0871
4.1752
4.0900
4.4229
4.3254
4.1667
4.7855
4.7995
5.1342
4.7146
5.2669
4.7471
4.7841
4.6544
5.3364
4.7112
5.1680
5.4900
5.9403
6.2540
5.6894
5.0973
5.0579
4.5744
5.1836
5.4503
5.4917
5.2120
5.6404
5.4024
5.1739
4.8795
4.6578
4.7771
5.0200
5.6033
4.9977
4.9632
4.7411
5.0954
5.2135
4.7502
5.1493
4.8821
4.7767
5.2578
5.2682
5.3355
4.7298
4.3564
4.7984
5.0311
5.1727
4.8359
4.7567
4.5658
4.6587
4.9549
5.3305
5.4612
5.0669
5.0162
6.1103
5.7255
5.8654
6.1622
5.6617
5.3766
5.7022
5.5515
5.8139
6.0804
6.4926
5.6687
5.8187
4.9382
5.0898
4.3975
4.6845
4.1228
3.8475
4.0291
3.8953
3.9485
3.7491
3.5189
3.5465
4.0138
3.7230
3.7248
3.8064
3.9628
4.0326
4.4395
4.7003
3.9870
3.7969
3.6565
3.5847
3.6798
4.0550
3.8637
4.0906
3.7984
3.7078
4.3717
4.4620
4.2508
4.2320
4.5955
4.4091
4.1491
4.0855
4.2418
4.1112
4.0010
4.2332
3.8504
4.2869
4.6434
4.4450
4.5020
3.8314
4.0006
3.7853
3.9064
4.0121
4.1077
4.1171
4.5088
3.9800
3.6417
3.8896
4.3598
4.4440
4.4110
4.6477
4.7515
4.2245
4.4506
4.4138
4.3098
4.1391
4.2111
4.2073
4.2659
4.4141
4.8384
4.7594
4.6959
4.1941
4.0042
4.0192
4.6039
4.1579
4.2664
4.7145
4.5520
4.6444
4.5698
4.4963
4.4200
4.9502
4.5595
4.5949
4.6824
3.9421
4.1685
4.3878
4.2909
4.2516
4.2326
4.1514
4.7924
4.6705
4.2982
4.2850
4.3944
4.0774
4.3007
4.0434
3.9211
3.7614
3.6526
3.5785
3.7046
4.1052
4.0959
4.7485
3.9735
3.9158
3.5624
3.9673
4.0819
4.2549
4.6491
4.7704
4.2942
4.5029
4.6183
4.6140
5.1246
4.7642
4.7675
5.4695
5.0109
4.8562
4.6685
4.9053
5.1012
4.4247
4.6548
4.6067
4.5858
4.8788
4.5769
4.4896
4.4188
4.4041
4.5668
4.7493
4.9364
5.0441
4.8360
4.6124
5.1184
5.2074
4.6368
4.7965
4.7101
4.7323
4.8838
4.9508
5.2957
5.0817
5.0542
5.1006
4.9597
5.2169
5.2305
5.0776
4.8997
5.6056
5.0488
5.3185
5.3115
5.1115
4.5600
4.5604
4.5613
4.4430
4.2726
4.2586
4.3284
4.2884
4.5373
4.2447
4.1186
4.3353
4.6324
4.4968
4.2421
4.2479
4.2613
4.3035
3.8057
3.9218
4.5386
4.2283
4.0705
4.1927
4.3282
4.3373
3.9850
3.8575
3.8361
4.0086
4.2995
4.1000
4.0482
4.0517
3.7175
3.4518
3.5409
3.5033
3.5685
3.8238
3.6149
3.8913
3.9383
4.0328
3.7698
4.0982
4.0925
3.6460
3.9526
3.9456
3.9277
3.9807
3.8916
4.1715
3.8750
3.7129
3.7031
4.1745
4.0068
3.9528
4.1513
3.6892
3.6941
3.9343
3.9803
3.8957
3.7644
3.9422
4.0095
4.1635
3.8653
3.9901
3.7717
3.9187
3.8109
4.2233
3.9832
3.7220
3.8200
4.0489
4.3244
3.7860
4.1679
3.9846
3.8722
4.0524
3.9991
3.8884
3.6851
3.7012
3.6006
3.9228
3.9229
4.1740
4.2677
3.9436
4.1931
4.6674
4.1801
4.3712
3.9996
3.7588
3.6208
4.1060
4.0416
4.1580
4.1046
3.9914
4.0197
3.9632
4.5195
4.0310
4.1746
4.0741
4.0253
3.9758
4.1512
4.0236
3.7822
4.3601
4.4835
4.1975
4.3642
3.9972
3.7819
3.8199
3.8008
3.5033
3.6789
3.8136
3.8398
4.1135
3.9703
3.9401
4.2635
4.0045
4.0096
3.8908
3.8361
3.9966
3.9003
3.8314
3.9600
3.7635
3.6395
4.1692
4.2373
4.2021
4.0775
4.0372
4.3945
4.2000
3.9060
4.3425
4.1943
4.3390
4.6370
4.5602
4.2126
4.0269
4.0637
3.9307
4.6072
4.3651
4.3417
3.8725
4.0842
4.0666
4.2481
4.2761
4.3009
4.4235
4.5247
4.7006
4.6446
4.2481
4.4571
4.1709
4.5468
4.2602
3.9224
4.5222
4.2981
4.2443
4.0029
3.8726
4.2083
4.0663
4.0235
4.1855
4.2636
4.5571
4.0142
4.4474
4.1237
4.1028
4.3250
4.4540
3.9168
4.3666
4.3927
4.0615
4.2523
4.0655
4.2457
4.0740
4.2408
3.7791
3.7843
4.3858
4.5192
4.7555
4.3550
4.2146
4.1567
4.1717
4.4377
4.4252
4.5444
4.9119
4.8367
4.9198
5.1170
5.1119
5.2401
4.9736
4.7991
4.5730
4.7111
4.4119
4.6903
4.3204
4.5121
4.5736
4.9416
4.3056
4.3366
4.3490
3.6413
3.6846
4.4312
3.7361
4.1501
3.8656
4.3800
4.0730
3.6597
4.0719
4.0331
3.9193
4.1180
4.4124
4.1180
4.2842
4.0147
3.8409
3.8547
4.1919
4.2902
4.5100
4.4902
4.1581
4.4531
4.3210
4.4636
4.4529
4.5089
4.3203
3.9358
4.0287
3.9750
4.2114
4.0496
4.1503
3.9106
4.1846
4.2860
4.1518
3.8525
3.8764
4.1508
3.8069
4.2405
4.1637
3.8243
3.9610
3.7191
3.5837
3.9815
3.9131
3.4183
3.7750
3.7943
4.0039
3.9535
4.2191
4.1170
4.2826
4.5470
4.9324
4.8599
4.5859
4.2619
4.0743
4.3272
4.0475
4.4010
4.2036
4.1560
4.1998
4.2712
4.2494
5.0275
3.9882
4.3242
4.8630
4.2293
4.4780
4.3942
4.1969
3.7772
3.9886
4.1849
4.4857
4.2553
4.3575
4.0759
3.9773
4.1687
3.7992
3.7148
3.9904
3.7168
3.7023
3.4814
3.5714
3.8719
4.2934
4.4182
4.4346
4.8478
4.5525
4.3949
4.6635
4.8616
5.0594
4.4059
4.5808
4.4191
4.5613
4.2731
4.0761
4.1946
4.4560
4.3664
4.3916
4.0240
3.9445
3.4994
3.8240
4.3742
5.1391
4.5871
4.0364
4.0292
4.0693
3.9688
4.2721
4.5303
4.5151
4.5321
4.6870
4.3039
4.0141
4.2309
4.3132
4.5144
4.6436
4.3725
4.2937
4.1234
4.0371
4.5433
4.6869
4.3731
3.8111
4.1921
4.3393
4.1029
3.5937
3.4947
3.4072
3.6232
3.7395
3.3285
3.5075
3.4895
3.8719
3.5363
3.6171
3.7850
4.3291
4.3412
3.6502
4.0966
3.9515
3.4137
3.4022
3.8676
3.7575
4.0912
4.0963
3.8238
3.9547
4.2636
4.0036
4.2241
4.0543
4.0081
4.0804
4.2464
4.0644
3.8617
4.0966
3.8467
4.0706
3.9090
3.6856
3.9619
4.0437
3.9709
3.5537
3.5899
3.6692
3.4044
3.6375
3.6079
3.8749
3.8404
3.9229
4.0752
3.9596
4.3735
3.5024
3.4885
3.4567
3.9502
3.8561
3.7759
4.2426
3.6834
3.6836
3.6944
3.7328
3.4349
3.4332
3.4245
3.5422
3.4636
3.4422
3.6148
3.4411
3.5303
3.6239
3.7510
3.6921
3.6500
3.5808
3.4194
3.5834
3.9464
3.9107
3.8303
4.0086
4.1398
4.2386
4.4090
4.2429
4.3124
4.4330
3.6862
3.6997
3.9911
3.7522
3.4636
4.0079
3.7099
3.6937
3.7654
3.8434
3.8630
3.9446
4.0676
4.2087
3.8712
3.8296
3.5671
3.7762
3.7694
3.6226
3.8246
4.0386
4.2860
4.1408
3.7088
3.7319
3.4340
3.5930
3.5485
3.9077
4.1346
4.3792
4.3330
4.0629
3.8297
3.9631
3.8945
3.4251
3.6600
3.8121
4.1013
3.9358
4.1177
4.0594
3.9439
4.0923
4.1609
3.9018
4.2035
4.4067
4.2085
3.9277
4.1995
3.6719
3.6579
3.4221
3.5284
3.5411
3.5301
3.9206
3.8518
3.7489
3.8365
4.2965
3.6489
4.1279
3.9211
3.9991
3.7079
3.8097
3.6466
3.3564
3.5566
3.6594
3.4489
3.2696
3.3615
3.4647
3.8937
3.1947
3.4725
3.4638
3.4413
3.3726
3.5148
3.5426
3.6233
3.8142
3.8350
3.6783
3.2012
3.3907
3.4594
3.2716
3.5577
4.2756
3.6222
3.8326
3.6893
3.4735
3.3979
4.0644
3.6237
4.1080
3.6115
4.1058
4.4402
4.0672
3.6382
3.7205
3.9310
3.6060
3.4499
3.3419
3.5788
3.3479
3.2896
3.2792
3.3928
3.7191
3.5961
3.3218
3.2852
3.3879
3.5024
3.3582
3.2258
3.4049
3.2520
3.2562
3.2235
3.4249
3.2194
3.3023
3.6005
3.2321
3.1592
3.0425
3.3210
3.4915
3.3698
3.5068
3.6212
3.7114
3.6150
3.6318
3.5166
3.4755
4.0392
3.6572
3.4566
3.4894
3.3743
3.4181
3.7586
3.5685
3.4106
3.5621
3.6160
3.8274
3.6690
3.6968
3.8594
4.1853
4.1722
4.4475
3.9937
3.6100
3.6647
3.5734
3.7522
3.9235
3.7711
4.3001
4.0570
3.5984
4.4377
3.8991
3.9131
3.6896
3.7077
3.7102
3.5992
3.9832
3.6019
4.0442
3.7479
3.3150
3.6285
3.5785
3.5985
3.6159
3.3991
3.6124
3.7279
3.7438
3.5263
3.6181
3.4611
3.5084
3.6753
3.9551
3.8350
3.9228
4.2144
3.9727
4.1406
4.0586
4.1740
4.3319
4.0377
3.5283
3.8092
3.6568
3.5960
3.6571
3.6049
3.8288
3.8655
4.0659
4.1868
3.9785
3.9033
4.0371
3.8105
3.5922
3.9514
3.8905
3.9976
4.0049
3.8538
3.8421
3.8340
4.0807
4.3542
3.9617
3.9367
3.7375
3.5270
3.7391
3.5350
3.8397
4.3315
3.8196
4.2092
3.7572
4.1351
3.8262
3.9855
3.8921
3.7942
3.5959
3.9057
3.8015
4.0124
3.5110
3.8171
4.1803
3.8184
3.8542
3.7716
3.7642
3.8382
3.9113
3.9167
4.1888
3.9162
3.8153
3.8895
3.8658
3.6638
3.5740
3.7541
3.8187
3.6639
3.9562
3.8747
3.9420
3.8766
3.8464
3.8717
3.9439
3.9789
4.2176
3.9368
3.8118
3.8922
3.8118
3.7536
3.8660
4.1064
4.0657
3.8406
4.0538
4.1435
3.9926
4.1118
3.8030
3.9079
4.0039
4.0522
4.1501
4.1598
4.0839
4.2771
4.2477
4.2723
4.5112
4.1826
4.1987
4.2271
4.4536
4.5001
4.2794
4.4511
4.4079
4.2207
3.7825
4.3876
4.3953
4.6350
4.3964
4.3231
4.3460
4.0855
4.0286
4.2143
4.0443
4.1710
4.2243
3.8844
4.2545
4.2896
3.9630
4.2256
4.0422
4.2162
4.2827
4.0841
4.1666
4.2537
4.4821
4.0869
4.2745
4.0494
4.0385
4.1979
4.1696
4.2890
3.9791
3.6379
3.9770
4.3682
3.7032
3.9647
3.7420
4.1539
4.1331
4.1924
4.0535
4.0175
4.0487
4.3485
3.9913
4.1753
4.4586
4.3755
4.2523
4.4658
4.2957
4.1179
4.1451
4.1846
4.1536
4.1145
4.3639
4.2791
4.3673
4.3255
4.4236
4.1464
4.0916
3.9687
3.9763
4.0838
4.3458
4.0627
3.8792
4.1181
4.4267
4.4478
4.3744
4.0202
4.0362
4.1073
4.0555
3.9858
4.2305
4.0871
4.1360
4.2092
3.8896
3.9855
4.2864
4.2078
4.3541
3.9185
3.9261
4.1494
4.1517
4.0138
3.9841
4.0293
3.8963
3.5959
3.8168
3.8184
4.0530
4.0218
4.0260
3.7356
3.8511
3.9991
4.1185
4.0735
3.8776
4.0878
4.0804
3.9821
3.9356
3.7062
3.8673
3.7903
4.0927
3.8541
3.8659
3.9093
4.1318
3.8527
3.9342
3.9344
4.0486
4.2008
4.4685
3.8951
4.0228
4.1614
3.9261
4.0885
4.2727
4.1008
3.8667
4.2348
4.0967
4.2147
3.8996
4.3967
4.0707
3.7679
4.0332
3.8115
4.2426
3.6977
3.9766
4.1636
3.7877
4.1909
4.0633
4.1643
4.0848
3.9597
4.0227
3.7987
4.0158
3.8670
4.3037
3.7211
3.8815
4.1416
3.8374
3.7369
3.7716
3.8542
3.6437
3.7386
4.0888
4.0998
3.9506
3.7926
3.8246
4.0987
4.0217
3.7951
3.8862
3.8564
4.0323
4.1171
3.9365
3.9933
3.8210
3.8932
3.9958
3.9426
3.8895
4.0327
4.4990
4.0253
4.1776
4.0844
4.0468
4.0694
3.8992
4.0190
3.8429
3.8757
4.0447
4.0911
4.0255
4.2444
4.0923
4.0751
4.1002
4.1837
3.8906
3.9671
3.8287
3.7709
3.8361
4.0347
3.8164
3.7882
3.8404
3.8897
3.8753
3.8263
3.7302
3.8294
3.8301
3.6497
3.7490
3.5678
3.4514
3.9680
3.5897
3.7567
3.9813
3.9921
4.0998
3.8703
4.2003
4.1505
4.4456
4.2979
3.6307
4.1054
4.0007
4.0560
4.2144
3.9934
4.1782
3.9708
4.3128
4.0430
4.2304
3.6711
4.0168
3.9978
3.8143
3.9754
4.3235
3.7876
3.7883
3.9348
3.9340
4.1569
4.2984
4.1118
4.2304
4.6290
4.4385
4.0313
3.8060
3.9669
3.9919
3.8666
4.3319
4.3453
3.9925
4.2688
4.0683
3.8162
3.7818
4.0502
4.1906
3.8508
3.7458
3.9175
3.9903
3.7147
3.5424
3.6945
3.9706
3.8467
3.9762
4.0070
3.6462
3.9326
3.7232
3.6980
3.7337
3.6620
3.6931
3.5444
3.7326
3.8034
4.3499
3.7680
3.7184
3.6047
3.4980
3.8112
4.0266
3.7164
3.5886
3.8088
3.7837
4.0826
4.0132
3.6977
3.8122
3.7816
3.9434
4.0213
3.8499
4.1504
3.8457
3.9068
3.9236
4.0536
3.8849
3.8067
4.0271
4.1577
3.9336
3.9281
3.8173
3.6053
3.7026
3.7353
4.1583
3.9054
3.9814
3.9790
3.8849
4.3067
3.9904
4.0962
3.9985
3.9606
3.8347
4.1565
4.2063
4.1606
4.5395
4.3006
4.0454
4.0792
4.3114
4.2180
4.2830
4.0557
4.2252
4.6946
4.5488
4.2931
4.3649
4.4825
4.5539
4.2238
4.1534
3.6991
4.1135
4.1546
4.0789
4.3651
4.2742
4.3068
4.1373
4.1047
4.3030
3.9237
4.4042
4.0909
4.2623
4.4069
4.2395
4.3204
4.4427
3.7008
4.0422
3.9518
4.1230
4.0134
4.1534
4.6168
4.3796
4.5062
4.5472
4.5435
4.2461
4.2840
4.5745
4.3565
4.3546
4.9829
4.5957
4.5435
4.4101
4.3377
4.2642
4.2516
4.9457
4.8108
4.5098
4.4498
4.6573
4.2583
4.5549
4.4589
4.3008
4.2212
4.1368
3.8700
4.0021
4.0701
4.3763
4.2423
4.3538
4.0195
3.9002
3.7299
4.1164
3.5584
3.7099
4.0372
3.8853
3.9144
4.0176
4.0211
3.8712
4.1969
4.4224
4.3947
5.0249
4.5568
4.2810
4.2750
4.1026
4.3237
4.2197
4.5660
4.2311
4.2570
3.8973
4.2293
3.9723
3.8076
3.9713
3.8895
4.2535
4.3221
4.2529
4.4091
4.0975
4.4075
4.4475
4.3161
4.2369
4.1683
4.2069
4.3592
4.1653
3.9975
4.4702
4.2587
4.0217
4.2241
4.1473
4.3548
3.9777
3.9055
4.3279
4.3356
4.3012
4.4596
4.2434
4.1211
4.1384
3.9697
3.8623
4.1510
4.2581
4.1877
3.9762
4.1409
3.9266
3.9788
4.1036
4.2216
3.9142
3.8903
4.0830
3.9694
4.0265
3.7610
3.9622
4.1349
4.1274
4.0241
4.0031
4.1532
3.7631
3.8899
3.7336
3.9400
4.1205
4.0732
3.7422
3.8241
3.8126
3.7297
3.9010
4.1148
3.7175
4.0023
4.1782
3.9265
3.9012
3.8855
4.0764
4.0060
3.7962
3.9101
3.7449
3.8164
3.9248
3.8411
3.9503
3.8391
3.7281
3.9008
3.9765
4.0293
4.0601
4.0218
3.9588
3.7816
3.9258
3.8147
3.5790
4.0463
3.8975
3.9941
4.0177
3.9532
3.7202
3.8646
4.0021
3.8129
3.8288
3.8681
4.0338
3.6470
3.8269
3.8800
3.7922
3.7938
4.0137
3.9102
3.9906
4.0253
3.8881
4.4763
4.3097
4.1797
4.0674
4.5367
4.8260
4.5597
4.1919
4.1545
4.2693
4.1693
3.9691
4.0464
4.3323
4.1426
4.4602
4.4736
4.1550
4.1645
3.9710
4.2285
3.9689
4.4838
4.5331
4.2515
4.1057
4.1742
4.5261
4.3971
4.6215
4.6049
4.0994
4.1541
4.5498
4.4596
4.8118
4.4944
4.8965
4.8894
4.4607
4.6926
4.4422
4.4092
4.8566
4.5950
4.3290
4.3926
4.4764
4.4362
4.9010
4.8766
4.6405
4.6181
4.6773
4.4240
4.3621
4.2173
4.3550
4.2143
4.8857
4.6936
4.5231
4.4584
4.6794
4.5778
4.7973
4.2219
4.6375
4.8019
4.5749
4.5286
4.4605
4.3704
4.3805
4.3897
4.5329
4.4800
4.8838
5.0726
4.6657
5.0315
4.4088
4.4172
4.8495
4.5499
4.4286
4.0845
4.3012
4.0903
4.1051
4.1418
3.8585
4.0314
4.0983
4.1052
4.2329
3.9836
4.4081
4.5185
4.4023
4.8129
4.3930
4.7015
4.1391
3.8627
4.4992
4.2833
4.3384
4.3907
4.1353
4.2763
4.4062
4.5789
4.4741
4.4289
4.2297
4.3804
4.4052
4.1519
3.9202
4.0931
3.9444
3.9565
4.2033
4.2576
4.5312
4.4895
5.0463
4.8679
4.3732
4.5373
4.4379
4.3088
3.8913
4.2699
4.4740
4.2082
4.2672
4.1637
4.7049
4.5939
4.5809
4.6612
4.5057
4.6298
4.7418
4.2253
4.2790
4.8572
4.9044
4.9615
4.4145
4.5409
4.6654
4.3676
4.7346
4.6830
4.7600
4.2380
4.2131
4.2928
3.9124
4.0965
4.1443
4.2484
4.0645
4.0919
4.7063
4.4024
4.1128
4.2461
4.2092
4.3480
4.1193
4.0117
3.9566
4.0736
4.2209
4.2731
4.1683
4.2497
3.9941
4.0811
4.3016
4.2003
4.2095
4.2178
4.0625
4.4790
4.4750
4.3300
4.2034
4.2881
4.5096
4.5724
4.5634
4.2911
4.3160
4.4026
4.2151
4.1379
4.0784
4.2248
4.3835
4.2162
4.1916
4.5440
4.0363
4.2697
4.5709
4.6392
4.4122
5.0229
4.6497
4.2957
4.2806
4.4426
4.7127
5.0573
4.5759
4.4557
4.5195
4.6123
4.7657
4.7600
4.4589
4.7323
4.6409
4.3006
4.5065
4.5240
4.3878
4.3271
4.2527
4.2132
4.0886
4.2280
4.5575
4.7302
4.5197
4.3651
4.4184
4.5547
4.3153
4.4898
4.4457
4.1929
4.3631
4.3251
4.4256
4.4642
4.3715
4.5717
4.4272
4.4689
4.2621
4.5908
4.5980
4.5232
4.0531
4.3694
4.2389
4.3498
4.6090
4.3569
4.3274
4.2450
4.3215
4.2718
4.2942
4.3061
4.0214
4.3459
4.2965
4.5088
4.4064
4.4280
4.4300
4.6021
4.2301
3.8825
4.1615
4.4911
4.2932
4.3541
4.2847
3.9731
4.1528
3.7910
3.9656
4.0623
4.4703
4.1849
3.8736
4.0705
3.9446
4.6851
4.4044
4.1491
4.1441
3.8849
3.9728
4.2294
4.3740
4.2854
4.2652
4.3571
4.2276
4.3023
4.0941
4.1882
4.3401
4.1854
4.0995
3.9285
4.2114
4.2773
4.1916
4.5050
4.2931
4.3495
4.2693
4.3583
4.5305
4.1556
4.4404
4.4899
4.5008
4.0562
4.1307
4.0982
4.0981
4.0607
4.2532
4.3439
4.3957
4.2020
4.1803
4.3439
3.8726
4.0489
4.2019
4.5994
3.9559
4.5689
4.4074
4.0654
4.1340
3.9695
4.2481
3.9054
3.7592
3.7457
3.8321
3.9475
4.1812
3.9982
4.0626
4.0374
4.2688
3.7900
3.8611
3.9878
3.8027
3.8826
4.0531
4.1555
3.8450
4.0031
3.9616
4.1112
4.1224
4.0949
3.7963
3.7373
3.7733
4.0093
4.0555
4.3422
3.9841
4.1639
4.3718
4.0161
3.8572
4.0630
3.8327
4.0235
3.8979
3.7454
3.9282
3.7786
3.7482
3.7746
3.4415
3.7867
4.0580
3.9711
3.8128
3.7420
3.8553
4.1718
3.8166
3.6218
3.9593
3.8150
3.9081
3.6017
3.4995
3.8039
3.7371
4.0297
4.0464
4.0124
4.3132
4.8147
4.4967
4.2562
3.9037
4.3719
4.5482
4.6529
4.5025
4.5751
4.6311
4.8246
4.3362
4.1664
3.7904
3.5896
4.1389
4.1682
3.7998
3.8666
4.0185
4.1107
4.5203
4.3900
4.0831
4.0087
4.1683
3.9084
3.8394
4.1507
4.1254
3.7877
3.8836
3.9148
3.6837
3.6036
3.7765
3.9798
3.9036
3.9067
3.9683
3.8740
3.6228
3.8217
4.0254
4.0531
4.0873
3.8332
3.7188
3.7789
3.8723
4.2496
4.0450
3.5793
3.5559
3.5864
3.3698
3.5250
3.5922
3.4015
3.5630
3.6030
3.7037
3.4353
3.4276
3.6701
4.1126
4.0115
3.8935
4.1935
4.3244
4.2672
4.3910
4.3013
4.1729
4.4794
4.4094
5.0949
4.5433
4.6223
4.7994
4.5577
4.7054
4.4661
5.4013
5.2210
4.5385
4.5083
4.7360
5.0388
4.4559
4.4221
4.3941
4.4804
4.9822
4.5823
4.4023
4.5811
4.2718
4.1548
4.0520
4.1003
3.9649
4.0571
4.1661
4.8192
4.9916
5.0078
5.0968
5.3627
5.2989
4.5149
4.3882
4.1244
4.1610
4.4292
4.2629
3.9877
4.0343
3.9799
3.9632
3.9785
3.8233
3.8348
3.7809
3.9560
4.2400
4.1626
3.9042
3.8161
4.0528
3.9225
4.0041
4.1815
4.1126
4.3029
3.6948
3.8054
4.3672
4.4182
3.9297
4.2600
4.4205
4.4022
4.4090
4.6629
4.3411
3.8092
3.9630
3.7535
3.9517
4.2135
4.6295
4.5166
4.4988
4.4228
4.1406
4.1869
4.1522
4.3376
4.1326
4.0598
4.3349
4.6011
4.5576
4.4804
4.4309
4.5396
4.2682
4.1893
4.3295
4.4371
4.6724
4.3710
4.4861
4.4277
4.2459
4.4956
4.1026
4.1525
4.3458
4.3109
3.8688
4.2224
4.2581
4.0632
4.1467
4.2986
4.2797
4.2180
4.8483
4.2421
4.2850
3.8500
4.1812
3.8444
4.0836
4.1602
4.3469
4.5147
4.0107
4.4848
4.1105
4.1249
4.2605
4.2439
4.6994
4.4985
5.0178
4.9606
4.6176
4.6354
4.4656
4.4619
4.6275
4.6651
4.7302
4.3336
4.7940
4.4553
4.7055
4.4988
4.0316
4.2260
4.2078
4.5801
4.4103
4.1312
4.2713
4.5345
4.4283
4.0739
4.2366
4.1720
4.5737
4.4166
4.5295
4.7076
4.7808
4.4834
4.4216
4.3287
4.3931
3.9513
3.8906
3.8140
3.9895
3.8695
4.1615
4.0074
4.2238
4.3725
4.4442
4.1476
4.1968
4.1272
4.0898
4.2058
4.1196
4.0256
4.3502
4.1361
4.2440
3.9502
3.9406
4.3597
4.3113
4.5102
4.1811
4.1409
4.4760
4.1346
3.9833
4.1731
4.1804
4.5618
4.3272
4.1978
4.5080
4.6157
4.7911
4.8744
4.6350
4.5614
4.6679
4.6275
4.3918
4.5282
4.6666
4.5946
4.4757
4.7452
4.8664
4.4612
4.0043
3.9214
4.1390
4.2574
4.6308
4.0445
4.3600
4.1838
4.3437
4.3169
3.9720
4.1494
4.1134
4.0570
3.7243
4.2258
4.2731
4.3421
4.5880
4.3632
4.9037
5.0079
4.7952
4.8609
4.8533
4.4279
4.5205
4.5032
4.2049
4.0547
4.3786
4.3107
4.7685
4.4465
4.5354
5.2259
4.7378
4.8036
4.3386
4.3472
4.7488
4.3436
4.8235
4.7276
4.4739
4.3380
4.9860
4.5582
4.8145
4.4691
4.3168
5.1758
4.5632
4.4273
4.6218
4.7533
4.9977
4.4297
4.1773
4.0590
4.0585
4.2167
4.0670
4.3289
4.3385
4.7101
4.5536
4.4525
4.3871
4.3779
4.1681
4.0271
4.1365
4.0195
4.1258
3.9708
4.1749
4.1145
4.7077
4.2333
4.2724
4.6990
4.6902
4.4172
4.2807
4.2345
3.7576
4.3810
4.3078
4.4147
4.1747
4.3686
4.6734
4.6394
4.5080
4.1823
4.4089
3.9222
3.9140
4.0247
4.1926
3.9067
4.1054
4.2781
3.9716
4.2464
4.1409
4.3138
4.3085
4.3485
4.0409
4.6389
4.2830
3.9923
4.1754
4.6416
4.2606
4.1412
4.3478
4.7306
4.9033
4.5612
4.3847
4.5895
4.4535
4.2313
4.1066
4.2306
4.4746
4.3540
4.3475
4.5067
3.9843
4.1100
3.9892
4.5455
3.9986
4.1381
4.0876
3.9117
3.7299
4.0903
4.3554
4.0756
3.9245
3.9149
3.7633
3.6628
3.8856
3.7843
3.8651
3.6297
4.0325
3.4541
3.7743
3.6892
3.8808
4.0204
3.7187
4.1979
3.8338
4.1238
4.0420
3.6656
3.5328
3.7452
4.2775
4.1699
4.2855
4.3674
4.0245
4.5175
4.1002
4.6497
4.3326
4.2180
4.1836
4.1256
4.5398
4.5172
4.1719
4.5577
4.4710
4.2711
4.5366
4.6190
4.1549
4.5517
4.8594
4.2315
4.2439
4.0060
4.7563
4.5851
4.7609
4.5317
4.5410
4.5476
4.5760
4.3169
4.1305
4.2226
4.4630
4.5416
4.6882
4.7718
4.6668
4.7224
4.8437
4.5261
4.9908
4.7616
4.3359
4.3212
4.4943
4.6377
4.4946
4.3653
4.5443
4.2904
4.2873
4.1341
4.3920
4.4760
4.4038
4.5711
5.0243
4.8891
5.0750
4.6364
4.5935
4.2467
4.0421
4.3684
4.2143
4.2616
4.3121
4.5598
4.6649
4.6756
4.6803
4.4187
4.9060
4.7491
4.3215
4.3501
4.3794
4.5039
4.2421
4.3186
4.5571
4.3598
4.2220
4.3805
4.1168
3.9220
3.9005
4.3250
4.2876
4.3474
4.0893
4.0781
4.4146
4.2785
3.8190
4.1593
4.2314
4.1414
4.1753
4.4197
4.5802
4.6121
4.5822
4.4683
4.9535
4.6770
4.5828
4.3712
4.2651
4.2577
4.4918
4.4166
4.8359
4.9608
4.8042
4.2779
4.3301
4.2721
4.2646
4.7923
4.1428
4.4785
4.5045
4.3189
4.2387
3.9396
3.8154
3.9369
3.8334
4.1931
4.2017
4.2934
4.4923
4.3567
4.3957
4.3555
4.5583
4.8513
4.3273
4.3570
4.4127
4.4490
4.2396
4.4136
4.1452
4.4679
4.4149
4.2980
4.2659
4.3336
4.2066
4.0429
3.9744
4.2954
4.5746
4.7469
4.4631
4.6780
4.6620
4.3925
4.5163
4.4815
4.3328
4.0215
4.1545
4.1633
4.1917
3.9913
4.2998
4.1327
4.0895
4.0293
4.1640
4.4508
4.0846
3.9950
3.8509
3.8762
4.1282
4.0032
4.2458
4.6102
4.2072
4.5703
4.4706
4.4458
4.2728
4.3050
4.1903
4.2765
4.1897
4.4556
4.6263
4.3404
4.4357
4.4957
4.3723
4.4585
4.1423
4.2978
4.2634
4.1778
4.2105
4.1554
4.2151
4.3728
4.9057
4.6015
4.5227
4.6522
4.2719
4.3949
4.4598
4.4449
4.4554
4.2552
4.3403
4.5477
4.6674
4.5098
4.3770
4.3798
3.9431
3.9876
4.2422
4.1990
4.3715
4.6587
4.6148
4.7835
4.9466
4.8510
4.6513
4.3897
4.2647
3.9977
4.1431
4.5991
4.6652
4.3566
4.6384
4.7114
4.2884
4.1848
4.1676
4.3331
4.2277
4.0890
4.4241
4.2916
4.0040
4.1793
4.1987
4.3081
3.9702
4.5257
4.6772
4.7408
4.2629
4.3193
4.0021
4.3193
4.4665
4.1118
4.2539
4.0358
4.1652
4.3497
4.2344
4.3675
4.2632
4.5419
4.3318
4.2131
4.3970
4.1109
4.4140
4.2413
4.0723
4.3437
4.3649
4.1954
4.2094
4.2571
3.8994
4.1008
4.1828
4.2347
4.0253
4.2009
4.4586
4.3235
4.5661
4.3677
4.6145
4.3061
4.6482
4.6725
4.7771
4.8303
4.5844
4.7544
4.8933
5.0622
4.9553
4.7531
4.9992
4.6771
4.6505
4.6984
4.3566
4.5739
4.0404
4.5080
4.8797
4.7569
4.5837
4.5497
4.7093
4.3310
4.4157
4.3140
4.1920
4.3294
4.5682
4.8321
4.3369
4.4115
4.4659
4.5212
4.6028
4.3800
4.3544
4.3858
4.5933
4.5372
4.8872
5.2907
4.7186
4.6388
4.4827
4.7012
4.8552
4.7654
4.5713
4.4172
4.7049
4.7238
4.4957
4.4737
4.4053
4.4957
4.4277
4.2840
4.5706
4.6362
4.4911
4.0300
4.2267
4.3428
4.3285
4.4720
4.2768
4.3858
4.6578
4.6920
4.8836
4.3985
4.7087
4.7208
4.7941
4.5880
4.5215
4.4529
4.7431
4.6343
4.9594
5.0229
5.0810
4.7318
4.7551
4.6828
4.9038
4.8742
5.1220
5.1479
4.7958
4.5815
4.9169
4.8481
4.9528
4.8991
5.1193
4.6370
4.9076
5.1266
4.9512
5.3610
5.1951
4.9033
4.7404
4.7562
4.4020
4.2985
4.4107
4.6260
4.7998
5.1483
5.1040
4.5011
4.5604
5.1299
4.9039
4.7226
5.1225
5.0214
4.7262
4.9204
4.6927
4.6492
4.7642
4.5741
4.6186
4.6892
4.6304
4.6584
4.7814
4.6630
4.7686
4.7367
4.7563
5.0156
5.1576
4.8677
5.0844
5.2481
5.3548
5.0129
5.0929
5.1501
5.0498
4.5572
4.7002
4.4344
4.4594
4.3902
4.6356
4.6692
4.8118
4.8826
4.5112
5.2075
4.9377
5.0345
4.8739
4.5915
4.3705
4.7956
4.8598
4.4707
4.3789
4.2940
4.2985
4.2769
4.2697
4.2856
4.3558
4.3675
4.1923
4.3907
4.4031
4.6008
4.5907
4.8072
4.4526
4.3528
4.5274
4.5069
4.1453
4.4448
4.4417
4.6603
4.8600
4.7159
4.8701
4.3881
4.5666
4.4710
4.3525
4.3577
4.5233
4.3366
4.4555
4.4933
4.6109
4.6313
4.2759
4.4626
4.4199
4.6735
4.9672
4.7893
4.7120
4.8266
4.6106
4.6318
4.6443
4.6208
4.7343
4.9199
4.3700
4.6381
4.7602
4.6727
4.5364
4.6482
4.7021
4.5513
4.7102
4.6274
4.3417
4.7078
4.7586
4.4248
4.6725
4.8969
4.3219
4.2830
4.3136
4.5594
4.5721
4.4253
4.4824
4.6556
4.4644
4.2050
4.4975
4.4573
4.3771
4.2410
4.7894
4.5211
4.8302
4.6331
4.2453
4.4829
4.5057
4.4829
4.5962
4.2387
4.2675
4.6577
4.8244
4.5422
4.4907
4.3966
4.8003
4.5004
4.5448
4.5675
4.5822
4.5043
4.5299
4.9538
4.5761
4.5517
4.8324
4.5574
4.5882
4.6730
4.6314
4.4511
4.4234
4.2462
4.0906
4.2958
4.2333
4.2933
4.3920
4.3679
4.4802
4.7401
4.3809
4.3837
4.8649
4.9300
4.4554
4.4015
4.6463
4.8547
5.2838
4.9928
4.4930
4.6276
4.5429
4.3179
4.3075
4.3412
4.1773
4.3125
4.3702
4.1307
4.5496
4.3173
4.4169
4.5727
4.3849
4.7369
4.3271
4.4533
4.6513
4.8600
4.2141
4.7389
4.6598
4.7977
4.9790
5.4201
5.1820
4.8666
4.7913
4.8275
4.7408
4.8715
4.5756
4.6991
4.8986
4.6772
4.8544
4.9355
5.1479
4.6290
4.4648
4.4159
4.8629
4.6808
4.6529
4.6329
4.7402
4.6420
4.6940
5.0386
4.8092
4.8316
4.9775
4.9294
5.0362
5.1478
4.9031
4.5358
4.5465
4.4303
4.7049
4.7350
4.5979
4.7496
4.5624
4.3916
4.5325
4.2790
4.2644
4.4293
4.2923
4.2305
4.3446
4.5760
4.4336
4.2423
4.7090
4.5028
4.3354
4.3404
4.5867
4.3640
4.4940
4.3564
4.4224
4.4219
4.4289
4.6941
5.0532
5.4278
5.0788
5.1974
4.5337
4.5495
4.6684
4.9327
4.5037
4.7511
4.4696
4.5154
4.6359
4.6196
5.1762
4.7740
4.6081
4.7926
4.6602
5.2933
4.6707
4.7049
5.2355
4.8231
4.9621
5.1391
4.9301
5.0292
5.3414
4.8924
4.9590
5.1571
4.8460
4.6985
4.5030
4.3748
4.4815
4.6748
4.4914
4.9291
4.7402
4.8158
4.5213
4.6825
4.5105
4.5017
4.8033
4.4353
4.3101
4.3014
4.4785
4.4993
4.4368
4.5959
4.4555
4.5094
4.0193
4.2212
4.1278
4.0150
4.1888
4.1884
4.1417
4.5115
4.5503
4.6467
4.3968
4.5375
4.6175
4.5285
4.6843
4.8854
4.7225
4.6748
4.4820
4.4634
4.0799
4.1630
4.2280
3.9874
3.9766
3.8920
4.0966
4.2477
4.0220
4.1183
4.2624
4.3544
4.2867
3.9563
4.2797
4.3902
4.5335
4.6522
5.0370
4.7584
4.9213
4.8936
4.7816
5.1342
4.8254
4.4190
5.0258
4.7326
4.7476
4.0373
4.2937
4.9387
4.9289
4.9504
4.6054
4.6872
4.3776
4.4891
4.5799
4.2889
4.1809
4.8032
4.6635
4.6501
4.6111
4.8433
4.6618
4.3645
4.3759
4.4953
4.2045
4.1254
4.3725
4.3324
4.4905
4.6533
4.7295
4.4664
4.4599
4.2264
4.2362
4.1543
4.4006
4.1353
4.3779
4.1529
4.0352
4.3738
4.4319
4.4811
4.3296
4.2840
4.1397
4.3379
4.5010
4.2040
4.1400
4.2203
4.7270
4.7401
4.3682
4.9031
4.6875
4.3089
4.7077
4.7909
4.4249
4.2527
4.3856
4.3103
4.8208
4.4865
4.6120
4.2830
4.0517
4.2464
3.9781
4.2950
4.6986
4.0359
4.3755
4.3253
4.4951
4.6162
4.2436
4.2478
4.5964
4.8832
4.3791
4.3040
4.2376
4.3788
4.2990
4.2451
4.2287
4.5577
4.6285
4.7018
4.9546
4.9877
4.8059
4.9303
4.5598
4.7662
4.6271
4.6232
4.4609
4.5071
4.4308
4.2900
4.3398
4.3268
4.3940
4.4831
4.2327
4.6185
4.6122
4.5661
4.6386
4.4797
4.3015
4.6722
4.4112
4.3512
4.3238
4.3925
4.3449
4.2710
4.4596
4.3955
4.8267
4.7173
4.3749
4.4331
4.5016
4.6837
4.7823
4.6274
4.2244
4.2709
4.6087
4.5668
4.4078
4.5554
4.5571
4.4575
4.5924
4.6051
4.4244
4.3845
3.9797
4.1617
4.3024
3.9099
3.5368
4.4064
4.3632
4.1956
4.4300
4.4261
4.3064
4.5482
4.3327
4.3852
4.2085
4.2939
4.1259
4.4211
4.2676
4.0899
4.0057
4.3656
4.3203
4.5991
4.2927
4.4101
4.1556
4.1786
4.0537
4.1761
3.9695
3.8248
3.9649
4.2690
4.3446
3.8787
4.1167
4.1320
4.2581
4.1382
4.1948
4.4164
4.1800
4.1517
4.1363
4.1024
4.5110
4.0430
4.3515
4.3006
4.2843
4.1690
4.0881
4.3469
4.3573
4.1369
4.3168
4.5231
4.1431
4.1977
3.9203
4.3227
4.2151
4.3419
4.1952
4.1670
4.2260
4.0533
4.1105
4.1819
4.2135
4.2238
4.1216
4.0074
3.6159
3.6646
3.7804
3.8448
3.7252
4.1770
3.9318
3.9842
3.8604
3.7335
3.8891
4.0791
4.2960
4.3567
4.3917
4.4052
4.1698
4.4852
4.3410
4.4505
4.2678
4.3533
4.2445
4.2791
4.2251
3.8735
4.3877
4.5409
4.5410
4.6574
4.5236
4.8256
4.7739
4.6887
4.7108
4.5697
4.5765
4.5278
4.6614
4.4426
4.0579
4.5750
4.4610
4.2601
4.1997
4.1866
4.0817
3.9053
3.9228
4.4029
4.1837
4.0336
4.0845
3.9898
3.7554
4.0332
4.0588
3.9354
3.9814
3.9823
3.9885
3.7948
4.0125
3.8581
3.5610
3.6232
3.8555
4.1667
3.8857
3.8807
4.1058
4.2739
4.2778
4.5724
4.2777
4.5832
4.4362
4.2911
4.4785
4.2324
4.2479
4.3595
4.3289
4.1904
4.1864
4.1105
4.4212
4.4082
4.3730
4.2234
4.6263
4.6718
4.7663
4.6195
4.3934
4.2645
4.5450
4.6951
4.7553
4.5124
4.1888
4.3048
4.3729
4.3587
4.6057
4.4692
4.3705
4.5264
4.2282
4.2321
4.2052
4.2445
4.2605
4.2054
4.3096
4.5030
4.4398
4.5229
4.4054
4.1641
4.0119
4.3053
4.1590
4.5468
4.1156
4.3777
4.3267
4.5158
4.3658
4.3370
4.0799
4.1003
4.3921
4.0213
4.5825
4.1282
4.3853
4.1187
4.4560
4.1255
4.2415
4.4869
4.4988
4.2311
4.4602
4.6604
4.5737
4.5405
4.4111
4.5743
4.4003
4.4365
4.5162
4.4206
4.3505
4.4427
4.9380
4.3749
4.6395
4.1263
4.3298
4.4974
4.8797
4.5344
4.5050
4.2415
4.1439
4.3818
4.6187
4.4165
4.5634
4.3836
4.4634
4.1587
4.3296
4.3146
4.4836
4.5082
4.4719
4.4516
4.2835
4.3897
4.2992
4.3907
4.3885
4.7675
4.5371
4.4788
4.3393
4.6106
4.2903
4.5581
4.4137
4.4778
4.6319
4.5456
4.5648
4.6853
4.4686
4.4088
4.5652
4.5438
4.3543
4.5329
4.2425
4.2520
4.3469
4.6001
4.1950
4.4473
4.2975
4.2318
4.2704
4.2344
4.2416
4.2933
4.3943
4.0990
4.2571
4.3849
4.3069
4.2914
4.3322
4.4857
4.3259
4.5752
4.2360
4.1747
4.4059
4.2284
4.2106
4.4137
4.0963
4.2570
4.3097
4.4001
4.3955
4.2528
4.3202
4.2820
4.1009
4.2989
4.2525
4.3214
4.1696
4.6354
4.3922
4.2411
4.4862
4.5321
4.5470
4.5332
4.3800
4.4614
4.4078
4.3126
4.3712
4.4974
4.4591
4.3643
4.0590
4.2970
4.4981
4.3530
4.1111
4.3984
4.2572
3.9911
4.0258
3.9444
4.4242
4.3696
4.2306
4.2243
4.4107
4.6728
4.5802
4.6203
4.4458
4.7242
4.2919
4.4021
4.4962
4.0832
4.3594
4.3809
4.5401
4.7588
4.2225
4.6587
4.1525
4.0690
4.3653
4.1333
4.0603
4.0992
4.2665
4.3627
4.0658
4.5036
4.0104
3.8874
3.8133
3.9991
4.4795
4.4060
4.4418
4.2402
4.4681
4.2849
4.1403
4.3780
4.1901
4.3561
4.4051
4.5963
4.2385
4.1008
4.3624
4.4005
4.3162
4.5368
4.1800
4.5480
4.3586
4.4358
4.3170
4.4416
4.4237
4.6857
4.4282
4.4427
4.5735
4.7480
4.8034
4.4583
4.6051
4.6553
4.4126
4.8607
4.4427
4.2554
4.2188
4.5302
4.6282
4.0993
4.7173
4.3124
4.3867
4.0819
4.0206
4.1301
4.0615
4.0187
4.3519
4.6103
4.6181
4.8836
4.5462
4.1494
4.1799
4.3334
4.3424
4.0863
4.2808
3.9480
4.1353
4.1279
3.9884
3.9745
4.1408
4.4779
4.1880
4.4309
4.3447
4.6401
4.4098
4.5536
4.6342
4.8259
4.1648
4.2473
4.2344
4.2557
4.5109
4.4180
4.4878
3.9667
4.3165
4.3519
4.4023
4.2791
4.2345
4.3390
4.6686
4.3369
4.9182
4.7458
4.4215
4.5325
4.6824
4.4673
5.0158
4.9471
4.3587
4.6937
4.2943
4.7692
4.2181
4.4436
3.9419
4.2888
4.3674
4.7164
4.7889
4.4914
4.2576
4.2412
4.1928
4.0478
4.2664
4.0447
4.2416
4.2786
4.3493
4.5812
4.3870
4.1741
4.1894
4.4927
4.7214
4.5985
4.5777
5.0370
4.8497
4.7645
4.4824
4.8021
4.7072
4.5301
4.5414
4.4894
4.3398
4.3207
4.7454
4.6869
4.3330
4.6006
4.4555
4.5985
4.6868
4.7052
4.3751
4.5714
4.8975
4.9537
4.6432
4.4324
4.3809
4.5354
4.4140
4.9647
4.6923
4.6338
4.7376
4.9416
4.3746
4.4356
4.6513
5.1136
4.4441
4.5528
4.5512
4.8760
4.6430
4.3797
4.4130
4.6081
4.5690
4.5095
4.2484
4.0799
4.3289
4.2172
4.4687
4.4964
4.4048
4.6930
4.4476
4.8597
4.2080
4.1242
4.3911
4.4516
4.2999
4.6138
4.3283
4.5749
4.4303
4.4352
4.6933
4.8067
4.8287
4.5189
4.3224
4.5118
4.6351
4.6555
4.2721
4.2016
4.1683
4.1389
4.6545
4.2186
4.1330
4.1246
3.9393
4.1869
4.3170
4.3726
4.3067
4.2160
4.3483
4.1577
4.1110
4.3394
4.0917
4.2490
4.4054
4.6322
4.0933
4.2611
3.9776
4.5380
5.0566
4.8242
4.4357
4.3391
4.0086
4.0387
3.9474
3.8954
4.5101
4.4371
4.2751
4.2524
4.4002
4.5321
4.6706
4.4656
4.5145
4.4287
4.6144
4.5685
4.3671
4.2621
4.0823
4.2519
4.6891
4.7419
4.0445
4.2539
3.8971
4.2981
3.9871
4.2421
4.4917
4.1136
3.9547
4.0053
3.9622
4.1446
4.1413
4.5195
4.2420
4.2041
4.1689
4.0562
4.2703
3.8006
4.0719
3.8327
3.8560
4.0437
4.0569
4.1771
4.0430
4.6674
4.0621
3.8854
4.2328
4.4739
4.3484
4.2732
4.3370
4.4504
4.1954
4.3052
4.3829
4.2434
4.3638
4.2984
4.3951
4.2599
4.1949
4.0344
4.3793
4.4691
4.5288
4.2848
4.4350
4.3955
4.5442
4.3479
4.5354
4.5854
4.5450
4.3910
4.4203
4.2900
4.3507
4.7561
4.6606
4.2513
4.6354
4.6375
4.8516
4.7091
4.7836
4.4073
4.3883
4.1643
4.3719
4.1079
4.4209
4.1043
4.1848
4.0398
4.1786
4.0052
3.8909
4.1306
4.1730
4.4214
4.4844
4.3652
4.4110
4.2872
4.1581
3.9443
4.2321
4.0516
4.3438
4.1124
4.1098
4.3041
4.2412
4.3234
4.2289
4.0330
4.4425
4.6270
4.9612
4.5130
4.3367
4.0726
4.4310
4.3158
4.1298
4.2702
4.5689
4.4257
3.9190
4.2204
3.8448
4.1435
4.0502
4.3436
4.0614
3.9504
3.9748
4.0680
4.0081
4.4651
4.1221
4.4663
4.3270
4.2298
3.7911
4.0320
3.9728
4.0266
4.0665
4.1083
4.1463
4.0153
4.1133
4.0284
4.2865
4.0415
4.3506
4.1562
4.2452
4.1679
3.9450
4.1521
4.3301
4.3112
4.2738
4.3249
4.2958
4.1820
4.1942
4.0547
4.3202
4.2585
4.3528
4.2471
4.4655
4.5342
4.3530
4.0948
4.3508
4.2075
4.1097
4.5261
4.2970
4.2410
4.1581
3.9459
4.0519
4.0799
4.0624
3.9658
4.2391
3.8605
4.1007
4.1555
4.3499
4.2472
4.4690
4.2713
4.2950
4.1999
4.2547
4.0134
4.2032
3.9777
4.1056
4.0272
4.2248
4.0317
4.0558
3.9477
4.2105
4.1945
4.3751
4.2090
4.1590
4.0823
3.8300
4.1693
4.1008
4.2555
4.1053
4.3575
4.1750
4.2932
4.5314
4.4587
4.3520
4.4832
4.2169
4.6573
4.5146
4.2838
4.1720
4.4448
4.2692
4.2378
4.0220
4.2141
4.4391
4.5199
4.2855
4.6760
4.3872
4.5526
4.7003
4.5055
4.2898
4.4573
4.1778
4.0807
4.1879
4.1566
4.4350
4.1126
4.2607
4.2858
4.2401
4.1842
4.0933
4.1017
4.1288
3.9551
3.9307
3.9541
4.0321
4.0878
4.2466
4.5652
4.4537
4.4960
4.2985
4.5967
4.8738
4.7085
4.4141
4.1869
4.3320
3.8782
4.1891
4.2318
4.2669
4.0547
4.1192
4.1159
4.0822
4.2363
4.3311
4.1866
4.2100
4.0707
4.1423
4.1393
4.5123
4.0665
4.2945
4.1590
4.3647
4.3039
4.1344
4.1425
4.2774
4.3187
4.3054
4.3950
4.2016
4.1612
4.1144
3.9711
4.1276
4.1412
4.0885
4.2171
4.2188
4.2828
4.5762
4.3497
3.9933
3.9602
4.1518
4.4496
4.3364
4.3174
4.1920
4.3084
4.4102
4.3976
4.1884
4.3994
4.3288
4.0572
4.4517
3.8827
4.0442
4.3195
4.1736
4.2304
4.0528
4.1797
4.1953
3.9909
4.0445
4.5263
4.1767
4.0419
4.1255
4.0969
4.3004
4.1629
4.2909
4.2295
4.2580
4.2295
4.1487
4.5116
4.2909
4.3731
4.2972
4.2440
4.1700
4.2023
4.2753
4.4599
4.7818
4.2504
4.3504
4.6822
4.3851
4.4901
4.3099
4.2682
4.3596
4.1883
4.2637
4.3151
4.3634
4.3805
4.4153
4.0085
4.4110
4.5549
4.5033
4.5487
4.3611
4.3981
4.3647
4.2947
4.3874
4.1713
4.1897
4.1630
4.4943
4.4424
4.3728
4.4565
4.1555
4.1100
4.3066
4.0392
4.3101
4.3922
4.2961
4.1432
4.1613
4.1622
4.3991
4.0188
4.1262
4.4460
4.3744
4.2543
4.8137
4.7282
4.4396
4.4515
4.3243
4.6011
4.3990
4.4573
4.3246
4.3387
4.3622
4.6105
4.2962
4.0383
4.4468
4.6254
4.2157
4.0931
4.0755
4.1429
4.1346
4.2108
4.0583
4.5344
4.7803
4.4358
4.7483
4.7304
4.6393
4.5505
4.1843
4.4941
4.3947
4.3420
4.5189
5.0115
4.6088
4.3066
4.8414
4.4746
4.4491
4.3085
4.2005
4.1874
4.3897
4.1892
4.1666
4.1333
4.2567
3.9166
4.3600
4.0811
4.5608
4.4245
4.2227
4.5498
4.7350
4.4942
4.2362
4.3433
4.2768
4.4317
4.3711
4.4118
4.8458
4.4414
4.2351
4.1737
4.1932
4.1122
4.0810
4.6779
4.1239
4.1902
4.4961
4.3806
4.0603
4.2769
4.1219
4.2187
4.3450
4.4407
4.7045
4.3204
4.6730
3.9497
4.3533
4.1701
4.3912
4.2795
4.5329
4.8125
4.5355
4.7349
4.4962
4.3819
4.6123
4.3794
4.2662
4.3726
4.2757
4.3702
4.2870
4.5173
4.5116
4.4308
4.3540
4.4242
4.2456
4.6072
4.4266
4.2908
4.8028
4.4996
4.3686
4.1709
4.1455
4.1903
4.5100
4.3540
4.4327
4.2787
4.5065
4.1501
4.3383
4.5264
4.2368
4.6926
4.5667
4.5977
4.5494
4.6947
4.1514
4.3947
4.4749
4.4515
4.6402
4.6027
4.4277
4.5803
4.4165
4.4553
4.4536
4.4062
4.6323
4.5514
4.9844
4.7026
4.3782
4.6346
4.3127
4.6701
4.3655
4.3900
4.2009
4.3854
4.6486
4.6861
4.6730
4.6335
4.5946
4.7080
4.8098
4.3402
4.2865
4.4928
4.4328
4.1655
4.1389
4.0158
4.1384
4.5235
4.4832
4.5192
4.3461
4.7519
4.9738
4.9848
4.7189
4.6219
4.1804
4.3449
4.3440
4.5077
4.5408
4.8382
4.6802
4.6976
4.4271
4.6595
4.7883
4.7725
4.6174
4.5850
4.8602
4.8380
4.6051
4.2402
4.2831
4.2820
4.5576
4.4116
4.2899
4.3436
4.3204
4.2785
4.5062
4.6616
4.6248
4.2843
4.1712
4.6622
4.2710
4.2107
4.3183
4.3069
4.3511
4.2931
4.3034
4.1287
4.1050
4.2844
4.5924
4.4122
4.4911
4.1816
4.3732
4.1730
4.4293
4.2388
4.1935
4.0529
4.3476
4.6490
4.1365
4.3953
4.8583
4.2942
4.5051
4.2246
4.3490
4.1722
4.1831
4.1365
4.0501
4.1676
4.2028
4.7380
4.8131
4.5827
4.2953
4.1423
4.3065
4.4746
4.5220
4.4154
4.3417
4.2964
4.2696
4.2771
4.0523
4.3942
4.2753
4.2332
3.8728
4.4023
4.2989
4.2808
4.1964
4.0851
4.4379
4.0052
4.2093
4.2687
4.1617
4.1371
4.3400
4.5222
4.4398
4.3112
4.6444
4.6360
4.4000
4.4694
4.2289
4.1419
4.5355
4.4302
4.3217
4.2918
4.2893
4.5211
4.3591
4.3367
4.2830
4.1119
4.2775
4.1657
4.2623
3.9969
4.1659
4.2202
4.0687
4.3315
4.9751
4.3584
4.1551
4.3478
4.2099
4.1285
4.1733
4.4354
4.4692
4.2760
3.9574
4.1735
4.3231
4.4140
4.5433
4.5429
4.7317
4.6390
4.4222
4.3534
4.3692
4.2513
4.3974
4.7006
4.5985
4.5803
4.7627
4.2286
4.2292
4.5621
4.4863
4.6523
4.5112
4.2734
4.3058
4.3600
4.3536
4.3582
4.4078
4.5192
4.1641
4.2461
4.2834
4.5327
4.1844
4.2574
4.1757
4.0953
4.2259
3.9446
4.1052
4.1017
4.1262
4.4695
4.6456
4.9225
4.8656
4.6718
4.3581
4.6638
4.5227
4.5832
4.5630
4.3634
4.4374
4.0713
4.2627
4.1327
4.3661
4.7279
4.4678
4.2305
4.5728
4.3774
4.2944
4.3789
4.3567
4.3854
4.5590
4.5617
4.3712
4.3017
4.3007
4.2741
4.3279
4.1727
4.4796
4.7266
4.3641
4.3440
4.5872
4.1445
4.4694
4.3502
4.3498
4.5556
4.8589
4.7689
5.3038
5.1156
4.6527
4.7801
4.8213
4.7681
5.0184
5.0409
4.9055
5.0700
4.9620
4.8968
4.9928
5.0236
5.0619
4.9652
5.1627
4.5706
4.6817
5.1098
4.7180
4.7654
4.7821
4.6232
4.3224
4.5479
4.2838
4.5649
4.8136
4.6569
4.3698
4.4856
4.5403
4.6792
4.7786
4.9442
4.6494
4.8056
4.4881
4.3148
4.0586
4.2796
4.4608
4.7383
4.9129
4.6740
4.5214
4.4756
4.4314
4.3769
4.1522
4.2870
4.2486
4.0766
3.8645
3.9729
4.1118
3.9860
3.9196
4.3776
4.4852
4.0808
4.3130
4.2236
4.2111
4.2752
4.0887
4.3915
4.4904
4.5356
4.6090
4.5707
4.7989
4.8029
4.5193
4.7184
4.3718
4.6436
4.7479
4.5981
5.1310
4.7146
4.8600
4.6850
4.5341
4.5404
4.5065
4.5396
4.7029
4.4128
4.2536
4.2074
4.2639
4.2436
4.3474
4.3424
4.5243
4.6141
4.6506
5.0142
4.7880
4.8209
4.5958
4.6846
4.8922
5.1217
5.0497
4.4905
4.6252
4.2322
4.5443
4.2563
4.6175
4.7637
4.6962
4.6293
4.6126
4.7628
4.5438
4.7834
4.4500
4.4889
4.4199
4.5014
4.7085
4.4826
4.4333
4.5093
4.6797
4.2624
4.1708
4.1567
4.4489
4.5413
4.4083
4.0492
4.6016
4.4740
4.2834
4.3676
4.8346
4.7100
4.5102
4.4560
4.6024
4.5917
4.8197
4.9599
4.7416
4.8421
4.7662
4.7194
4.5588
4.7187
4.1565
4.0605
4.4587
4.3397
4.2085
4.3591
4.3735
4.3358
4.3414
4.2960
4.7318
5.1817
5.1559
5.0078
5.1049
4.7540
4.8420
4.4959
4.8760
4.6723
4.6578
4.7225
4.4074
4.5321
4.7302
4.1897
4.5390
4.2845
4.2922
4.5374
4.3344
4.6652
4.4999
4.2349
4.3303
4.5262
4.2047
3.9817
4.2105
4.2160
4.5362
4.1486
4.2428
4.2255
4.1908
4.0772
4.6075
4.3699
4.2826
4.1839
4.2386
4.4776
4.3145
4.2924
4.2442
4.2625
4.2818
4.3439
4.3927
4.5175
4.4063
4.4396
4.1977
4.1913
4.3901
4.6524
4.4894
4.4107
4.6926
4.6448
5.3740
4.5173
4.6578
4.4899
4.6638
4.4184
4.5712
4.6730
4.3887
4.4557
4.3096
4.4739
4.4056
4.4341
4.2069
4.2502
4.1617
4.0850
3.9404
4.1182
4.0240
4.1932
4.1698
4.4910
4.3560
4.1591
4.4395
4.3735
4.1235
4.0558
4.3297
4.3170
4.3429
4.6534
4.6050
4.6268
4.3642
4.1465
4.2331
4.4437
4.2092
4.0797
4.1893
4.0621
4.0146
4.0812
4.0595
4.0202
4.1071
4.2562
4.2178
4.0516
4.3439
4.2271
3.9356
4.4690
4.2979
4.1980
4.2692
4.0227
4.1732
4.2435
4.1427
4.3120
4.5309
4.5723
4.2888
4.3025
4.2490
4.1635
4.1367
4.2588
4.2437
4.1402
3.9903
4.0614
4.2997
4.3631
4.2122
4.2734
3.8886
4.2082
4.2121
4.2296
4.0697
4.2535
4.2185
4.2953
4.3468
4.3121
4.1635
4.3127
4.0662
4.5191
4.3947
4.2187
4.2482
4.3849
4.2011
4.4236
4.0884
4.2234
4.4091
4.6964
4.5650
4.7014
4.3580
4.1201
4.0611
4.1171
4.4084
4.4201
4.3207
4.6244
4.5343
4.4364
4.1113
4.2602
4.4196
4.2233
4.2837
4.2151
4.4204
4.2707
4.3334
4.4196
4.2749
4.4247
4.6712
4.6783
5.0212
4.5846
4.8024
4.8181
4.8558
4.8402
4.6962
4.5730
4.6158
4.4502
4.2080
4.5030
4.6907
4.2205
4.4950
4.1484
4.1740
4.3529
4.3109
4.2966
4.1219
4.2948
4.3518
4.2833
4.9357
4.6793
4.6990
4.5124
4.2999
3.9115
4.1477
4.0618
4.3154
3.9966
4.1444
3.9800
3.9521
4.0723
4.0951
4.0924
3.9826
4.0137
3.9826
3.9891
4.0347
4.1226
4.1385
4.2576
4.0847
4.1426
4.2708
4.3258
4.2013
4.1116
4.1351
4.0566
4.2590
4.1281
4.2290
4.6857
4.6288
4.3850
4.5126
4.8352
4.6944
4.8523
4.2126
4.3657
4.2638
4.4690
4.6309
4.7568
4.7660
4.6985
4.5362
4.3797
4.5102
4.7887
4.9405
4.6541
4.3306
4.2784
4.2171
4.5000
4.8493
4.4101
4.6086
4.6485
4.5347
4.6415
4.3722
4.7353
4.9092
4.7607
4.1685
4.0972
4.0853
4.4664
4.5982
4.6206
4.4260
4.6119
4.6393
4.8311
4.6195
4.5714
4.5127
4.7018
4.9152
4.4900
4.3970
4.4837
4.5565
4.5861
4.4375
4.4179
4.5242
4.3996
4.4332
4.4221
4.3107
4.1773
4.1906
4.4189
4.6348
4.4345
4.2429
4.0453
4.4666
4.6946
4.3937
4.6568
4.8121
4.5805
4.2370
4.5105
4.7810
4.8174
4.8613
4.7321
5.0157
4.7332
4.7813
4.7045
4.7165
4.6698
4.5907
4.4648
4.1518
4.5973
4.7288
4.3293
4.5183
4.3210
4.4743
4.3141
4.1256
4.0485
4.4604
4.2892
4.2542
4.2205
4.3547
4.4000
4.4304
4.4472
4.0095
4.0909
4.0482
4.1572
4.2598
4.0747
4.1713
4.2146
3.9034
3.9603
3.9514
4.2591
4.5185
4.5657
4.5246
4.3312
4.4368
4.3254
4.4833
4.1695
4.4503
4.2856
4.3083
4.5057
4.3151
4.8642
4.7179
4.4187
4.9026
4.7776
4.7864
4.7639
4.8661
4.4075
4.1815
4.3010
4.3727
4.3783
4.4053
4.3625
3.9718
4.1551
4.0037
4.0397
4.1282
4.1944
4.5437
4.3885
4.4921
4.4171
4.2621
4.2755
4.4024
4.4447
4.3478
4.2714
4.1098
4.2707
4.1146
3.9760
4.0868
4.1223
4.2619
4.0428
4.1004
4.1321
4.0931
4.1281
4.4412
4.4696
4.2446
4.3521
4.4593
4.3206
4.4652
4.4743
4.3367
4.1977
4.5231
4.3864
4.8002
4.7428
4.5792
4.4841
4.5387
4.2758
4.5602
4.0916
4.0931
4.4016
4.1789
4.3621
4.3774
4.5369
4.5294
4.5298
4.4830
4.3529
4.4024
4.5602
4.5125
4.6555
4.4817
4.7414
4.6059
4.4756
4.4240
4.6166
4.4128
4.3855
4.6206
4.4682
4.4767
4.5366
4.6873
4.6671
4.3941
4.3920
4.7166
4.5776
4.4024
4.1779
4.2614
4.4243
4.8763
4.4331
4.4272
4.4121
4.4507
4.5841
4.3819
4.6931
4.7861
4.4435
4.4265
4.3377
4.4570
4.7652
4.6495
4.5731
4.6328
4.4869
4.5335
4.5364
4.7390
4.5051
4.5653
4.5178
4.4734
4.4413
4.7881
4.6865
4.5192
5.0454
4.8237
4.6495
4.3076
4.4637
4.5678
4.5039
4.3917
4.3482
4.4338
4.2648
4.5304
4.3104
4.3262
4.0429
4.4540
4.1712
4.0416
4.2176
4.2401
4.3373
4.4877
4.3019
4.8201
4.7167
4.7416
4.6290
4.6623
4.4817
4.5779
4.6986
4.2927
4.3232
4.3509
4.4689
4.7125
4.3399
4.5454
4.8092
4.6212
4.5435
4.7822
4.4090
4.4760
4.5247
4.6922
4.7897
4.8569
4.6794
4.6308
4.6823
4.7500
4.7396
4.6997
4.5068
4.9252
4.6814
4.6300
4.2427
4.2905
4.5339
4.6329
4.3744
4.2784
4.6375
4.8178
4.7356
4.5703
4.4809
4.5481
4.6543
4.3101
4.3765
4.5187
4.5333
4.8171
4.7195
4.6715
5.0784
4.8405
4.6731
4.7158
4.6475
4.3102
4.5471
4.9691
4.3473
4.6877
4.2472
4.4774
4.6160
4.4636
4.3427
3.9795
3.8984
4.0724
3.9405
3.9016
4.1400
4.1112
3.9929
4.1678
4.0675
4.3994
4.4498
4.6398
4.3401
4.3255
4.2838
4.5692
4.4589
4.3573
4.6472
4.4050
4.6229
5.1029
4.8313
4.7173
4.6668
4.4201
4.3607
4.4414
4.3900
4.4608
4.3474
4.2690
4.4861
4.3744
4.4492
4.4145
4.2278
4.1817
4.1641
4.3629
4.5470
4.4398
4.4860
4.5216
4.7651
4.8898
4.7004
4.3548
4.7075
4.9043
4.6148
4.4149
4.7177
4.3839
4.4663
4.4364
4.4146
4.3358
4.6161
4.4630
4.5040
4.5967
4.6222
4.4994
4.3925
4.5602
4.4144
4.3769
4.3418
4.2621
4.3668
4.4556
4.4999
4.7859
4.7185
4.8425
4.6964
4.5392
4.6236
4.6190
4.7052
4.4766
4.1386
4.3233
4.7274
5.2591
4.8334
4.8224
4.5985
4.3491
4.2557
4.2285
4.3019
4.5330
4.4309
4.6093
4.7012
4.4350
4.8481
4.5193
4.9223
4.5108
4.4478
4.6089
4.7300
4.5972
4.6181
4.7823
4.9979
4.8301
4.8252
4.5720
4.6324
4.4082
4.4723
4.4436
4.3009
4.4050
4.3285
4.0924
4.2477
4.2937
4.2391
4.3172
4.0456
4.2051
4.5716
4.2364
4.3826
4.4402
4.3036
4.5178
4.1436
4.4643
4.7211
4.4073
4.4298
4.1332
4.0348
4.0000
4.5850
4.3762
4.0773
4.4972
4.3220
4.3697
4.2408
3.9110
4.2973
4.5165
4.4138
4.2616
4.4229
4.2076
4.2856
4.5431
4.5315
4.4608
4.2025
4.4077
4.4090
4.1381
4.4433
4.3958
4.4364
4.6123
4.2726
4.3068
4.6567
4.5864
4.6119
4.3649
4.4261
4.6268
4.8103
4.6081
4.9678
4.6213
4.3584
4.3945
4.5242
4.7593
4.8657
4.3343
4.4361
4.6706
4.6611
4.3475
4.4064
4.3752
4.5126
4.1464
4.0643
4.4648
4.5982
4.9031
4.4431
4.3440
4.4249
4.1856
4.1095
4.3810
4.3018
4.3865
4.4008
3.9674
4.1682
4.0858
3.9119
3.9869
4.0099
3.9860
4.0999
4.2272
4.2709
4.3258
4.5913
4.2890
4.1760
4.4048
4.3145
4.2184
4.2455
4.1106
4.5179
4.5064
4.4920
4.3633
5.0375
4.7136
4.9600
4.8126
4.7126
4.5028
4.6065
4.5038
4.5769
4.2636
4.2566
4.3167
4.3684
4.2060
4.3285
4.3584
4.4253
4.5540
4.3739
4.1920
4.1174
4.0569
4.4792
4.2191
4.3707
4.3500
4.3599
4.5227
4.3121
4.1571
4.3356
4.5140
4.5624
4.1749
4.1831
4.2784
4.2160
4.2931
4.4719
4.5377
4.5656
4.5679
4.4491
4.6367
4.6386
4.6027
5.1028
4.9198
4.4537
4.4618
4.3631
4.4456
4.5296
4.2563
4.3564
4.0983
4.2129
4.5270
4.7994
4.5176
4.3093
4.5145
4.6132
4.6595
4.4386
4.6477
4.2191
4.1155
4.1470
4.1206
4.0757
4.1704
4.1342
4.0981
4.1327
3.8072
3.8620
4.1823
4.1215
4.3732
4.0110
4.1915
4.2131
3.9319
3.9561
3.9780
4.1076
4.3464
4.1827
4.1708
4.0366
4.0322
4.3533
4.2090
4.1078
4.0743
4.2442
4.0409
4.4036
4.6348
4.3476
4.2421
4.1283
4.3326
4.4324
4.2760
4.2665
4.3944
3.8137
4.2077
4.3897
4.3121
4.2515
4.3696
4.1817
4.4807
4.4686
4.5188
4.5757
4.7770
4.7493
4.4627
4.4392
4.5696
4.3528
4.2335
4.0709
4.2719
4.5377
4.2624
4.4045
4.4104
4.0833
4.5931
4.4830
4.2723
4.1568
4.0158
4.3052
4.3450
4.3149
4.7058
4.5350
4.1807
4.3053
4.3070
4.1934
4.1715
4.4678
4.3032
4.2081
4.1812
4.1872
4.4668
4.4882
4.5932
4.3989
4.5273
4.2273
4.2316
4.4638
3.9748
4.1179
4.4082
4.3828
4.2032
4.2955
4.3402
4.3343
4.3443
4.5591
4.6064
4.6343
4.5219
4.7059
4.2753
4.1535
4.2280
4.1472
4.0784
4.4953
4.2902
4.2790
4.3029
4.3522
4.2953
4.2265
3.8373
3.9563
4.1157
4.1907
4.2985
4.1243
4.1570
4.1659
4.4297
4.2312
4.2577
4.3050
4.2087
4.7998
4.4772
4.4161
4.1231
4.2597
4.3514
4.1763
4.0879
4.2626
4.0392
4.1805
4.1914
4.2975
4.5838
4.5061
4.4994
4.4965
4.5673
4.0840
4.2152
4.3851
4.4037
4.3756
3.9968
4.2084
4.2507
4.1550
4.2745
4.3425
4.2539
4.2725
4.1880
4.1889
4.2200
4.4463
4.2908
4.3726
4.3343
4.2073
4.2778
4.2019
4.1727
4.0019
4.1680
4.3135
4.8004
4.1396
4.3915
4.2246
4.4319
4.1273
4.2818
4.1351
4.3390
4.2691
4.3314
4.5710
4.4885
4.2804
4.1987
4.1166
4.1405
3.9740
4.0152
4.1099
4.1742
4.2995
4.3278
4.5131
4.3655
4.4345
4.4164
4.7661
4.1670
4.2623
4.3687
4.3988
4.4912
4.3264
4.4970
4.3450
4.2742
4.2628
4.1341
4.1630
4.3215
4.2480
4.5569
4.2280
4.2669
4.9395
4.1708
4.3018
4.2417
4.3455
4.0418
4.1906
4.2646
4.3050
4.3434
4.1816
4.1723
4.1841
4.2254
4.3506
4.5829
4.5127
4.5083
4.4172
4.3845
4.2208
4.6361
4.5598
4.5882
4.7057
4.9576
4.4215
4.1556
4.4269
4.5461
4.4858
4.5510
4.3624
4.4002
4.4594
4.4736
4.2314
4.2845
4.2340
4.2550
4.1889
4.1507
3.9499
4.0500
4.2263
4.1760
4.4146
4.1741
4.0151
4.1164
4.0420
4.1636
4.4890
4.3807
4.8099
4.9516
4.4562
4.4528
4.2591
4.3018
4.1711
4.0304
4.1581
4.6029
4.1984
4.0836
4.1050
4.6863
4.4498
4.7314
4.2579
4.5665
4.5383
4.1830
4.2992
4.5520
4.4222
4.1777
4.6570
4.3856
4.4879
4.5246
4.0650
4.2509
4.2454
4.5425
4.2851
4.4763
4.0439
4.2179
4.3523
4.4156
4.3339
4.2722
4.3736
4.3847
4.7499
4.6069
4.7885
4.7395
4.3605
4.5864
4.2403
4.7213
3.9851
4.2042
3.9627
3.8045
4.0270
3.9079
4.1371
3.8478
3.9759
4.1438
4.1933
3.8194
3.9811
4.2241
3.8990
4.0599
4.2429
3.9936
4.1610
4.3515
4.2956
4.4711
4.0305
4.0761
4.0206
3.8975
4.1440
4.0172
3.8877
4.2865
3.9985
4.5595
4.5278
4.7104
4.3094
4.4084
4.5973
4.6947
4.0636
4.3184
3.9408
4.1042
3.9922
4.1843
4.3923
4.2665
4.0537
4.3467
4.1297
4.3390
4.2446
4.1835
4.5984
4.2264
4.2137
4.0874
4.3819
4.1071
4.1082
4.3022
4.2624
4.1244
4.1103
4.4852
4.0996
3.9564
4.2044
3.9419
4.0404
4.0151
4.0591
4.5606
4.0590
3.8296
4.1894
4.2138
4.1932
4.4898
4.0814
4.2244
4.3491
4.2791
4.1231
3.9338
3.9949
4.0640
4.1312
3.9493
4.1228
4.2642
4.1755
4.3393
4.3014
4.4177
4.4704
4.1148
4.0876
4.0486
4.2253
4.4186
4.2567
3.9996
4.2152
4.5512
4.3169
4.2142
4.0894
4.1172
4.2391
4.3683
4.5376
4.3577
4.3945
4.4335
4.0332
4.3785
4.4431
4.3252
4.2383
4.3412
4.0616
4.1120
4.6431
4.3812
4.2985
4.3422
4.1839
3.8783
4.3343
4.0504
4.2272
4.0800
4.2396
4.4412
4.2454
4.1344
4.2619
4.0997
4.0402
3.9931
4.0850
3.8953
4.0016
4.1505
4.3092
4.2109
4.4830
4.4698
4.3621
4.1284
4.3043
4.6530
4.3522
4.2947
4.3109
3.9406
4.1367
4.2800
4.5946
4.6553
4.4105
4.1875
4.4994
4.4354
4.7171
4.6942
4.8105
4.8148
4.4873
4.5149
4.4847
4.6539
4.5711
4.3584
4.3837
4.2631
3.9669
4.3511
4.2256
4.3706
4.3131
4.1368
4.1783
4.0036
4.0069
4.1091
4.1472
4.0627
4.1374
4.2903
4.1842
4.2902
4.2558
4.1110
4.4978
4.2988
3.9701
4.4375
4.6129
4.7976
4.6021
4.4491
4.4154
4.4919
4.0686
4.4950
4.2146
4.1023
4.0055
4.1591
3.9959
4.0381
4.1942
4.4571
4.1025
4.0620
3.9984
4.1159
4.1376
4.3400
4.1703
4.1934
4.0615
4.0483
4.0765
4.0665
4.3783
3.9949
3.8646
3.6142
4.1525
4.0436
3.9468
3.8151
3.9480
3.9576
3.9811
3.9876
3.9870
3.6964
3.7614
3.9843
4.2180
3.7122
3.7447
3.8162
3.8549
3.8725
4.1245
4.1072
4.2057
4.1333
4.2780
4.2527
4.0549
3.9232
4.0109
4.2928
4.3689
4.1808
4.3194
4.2626
4.0807
4.2061
4.0501
4.1770
3.9580
3.9590
4.3307
3.8684
4.1356
4.0298
4.1884
4.3191
4.4422
4.5623
4.8082
4.2183
4.3112
4.5718
4.4117
4.4254
4.9448
4.8984
5.0358
5.3005
5.2326
5.1687
4.9576
4.6374
4.7530
4.8517
4.8143
4.8524
4.7535
4.6645
4.7677
4.9447
4.9472
4.4485
4.8619
4.8710
4.9545
4.9789
5.0067
5.2537
5.1106
5.0595
5.4435
5.2487
4.5931
4.7273
4.9412
5.5779
5.7381
5.7276
5.9453
5.4531
5.0356
5.2093
5.4864
5.1759
4.8979
4.8373
4.6577
4.7138
4.5760
4.7518
4.5041
4.6679
4.9866
4.8767
4.6328
5.0896
4.8008
4.7630
4.9093
4.7988
5.1974
5.2216
4.9943
4.6106
4.6354
4.3458
4.2074
4.4376
4.3799
4.5513
4.1347
4.3822
4.0437
4.0871
4.2211
4.2381
4.6496
4.1300
4.4873
4.3877
4.2516
4.3564
4.5668
4.8348
4.9327
4.6570
4.8493
4.5256
5.0413
4.9497
4.7494
4.4129
4.3936
4.1274
4.2626
3.8939
4.3091
4.3238
4.4144
4.3609
4.5079
4.6762
4.9809
4.7772
4.3914
4.3075
4.2943
4.5738
4.1961
4.3937
4.1664
4.4975
4.3543
4.3124
4.2521
4.5540
4.5395
4.2774
4.3403
4.7752
4.4862
4.6568
4.1279
4.5627
4.1838
4.0691
4.5773
4.7197
5.0524
4.5567
4.5377
4.4550
4.5106
4.3801
4.3089
4.2667
3.9768
3.9803
4.3654
4.2956
4.5296
4.4470
4.5268
4.6128
4.2414
4.3238
4.6039
4.5689
4.7383
4.5138
4.5122
4.5975
4.0400
4.0082
4.0544
3.9456
4.6095
4.3843
4.1171
4.3022
4.0455
4.3991
4.3997
4.4129
4.2765
4.7448
4.3194
4.3640
4.3830
4.1272
4.2534
4.0206
4.0174
4.1992
4.1211
3.9564
4.1984
4.0728
3.8601
3.9087
3.8679
4.1822
4.2592
4.2635
4.0884
4.1257
4.2639
4.1819
4.1671
4.1037
4.0141
4.0936
4.0927
4.3190
4.0642
3.9432
3.9007
3.9999
3.9246
4.2575
4.1415
3.9922
4.4688
4.3933
4.3431
4.4430
4.1139
4.5502
4.3548
4.7462
4.4392
4.4456
4.2347
4.3754
4.1494
4.5598
4.3077
4.6462
4.1809
4.3007
4.0785
3.9671
4.1671
4.2064
4.5819
4.6107
4.2626
4.5335
4.0880
3.7961
4.0151
4.5369
4.3928
4.2374
4.0266
4.0845
4.2240
4.0930
4.0505
3.9076
3.8708
4.2462
4.1545
4.0056
4.1495
4.2961
4.3753
4.0798
4.3536
4.3808
4.2562
4.2047
3.8547
3.9661
3.9442
4.0971
4.0456
3.9956
4.0205
3.9283
3.7756
3.9352
4.1835
4.2243
3.9168
3.8354
4.2144
4.1520
4.0833
4.1182
4.3166
4.1206
3.7535
3.7446
3.9281
3.9395
3.8167
4.1120
4.3627
4.1330
4.1100
4.4613
4.3265
4.1614
4.3298
4.3304
4.5635
4.1230
4.4932
4.6129
4.9114
4.5719
4.5264
4.6817
4.7182
4.5106
4.8648
4.6345
4.0963
4.0880
4.2789
3.9356
3.8089
3.6210
3.8733
3.7171
3.6973
3.6477
3.7927
3.8079
3.9325
3.9490
3.9596
4.3139
4.2840
4.1235
4.0347
4.1271
4.3847
4.7440
4.6403
4.4191
4.4899
3.9070
4.1575
4.4420
4.2883
4.6603
4.6583
4.5192
4.2009
4.5126
4.3479
4.5879
4.8941
4.4072
4.3665
4.4992
4.2785
4.3193
4.1760
4.2758
4.3219
4.5474
4.3724
4.2496
4.5405
4.3941
4.3348
4.5423
4.3584
4.0543
4.0723
4.1563
4.4338
4.3950
4.3087
4.1454
4.4377
4.5887
4.5972
4.3165
4.8433
4.8463
4.6577
4.8585
4.6506
4.7119
4.8061
4.7434
4.9077
4.4102
4.4534
4.1458
4.4455
4.6843
4.5121
4.2102
4.1413
4.1744
4.5057
4.3022
4.4029
4.5920
4.4550
4.3859
4.5739
4.4098
4.3336
4.2686
4.4026
4.4004
4.4916
4.4130
4.3261
4.1796
4.2303
4.5374
4.2496
4.2036
4.4671
4.4708
4.6393
4.5080
4.5007
4.4457
4.7438
4.4306
4.5996
4.5398
4.7200
4.3090
4.7946
4.3331
4.4311
4.6474
4.5867
4.3824
4.2730
4.3044
4.4007
4.3764
4.6878
4.3382
4.3875
4.4193
4.7464
4.9687
4.7192
4.5993
4.3779
4.5124
4.5795
4.6068
4.6367
4.3925
4.5047
4.4735
4.6479
4.7731
4.6585
4.6615
4.8317
4.1275
4.6698
4.7218
4.2916
4.3092
4.2385
4.1759
4.2310
4.5595
4.5031
4.4753
4.6552
4.4251
4.4158
4.0118
3.9695
4.0006
4.0578
4.3282
4.2463
4.4645
4.2309
4.2836
4.2557
4.2035
4.4249
4.3529
4.3747
4.3446
4.1966
4.0734
4.3939
4.4016
4.4012
4.6421
3.9766
4.1692
4.1419
4.3385
4.1777
4.1805
4.5316
4.7457
4.3657
4.4784
4.5612
4.4324
4.6825
4.8462
4.3020
4.3117
4.6090
4.3433
4.2243
4.5037
4.7116
4.4651
4.2402
4.3655
4.7913
4.2849
4.3759
4.2876
4.4025
4.1827
4.1408
3.9927
4.1536
4.2423
4.1101
4.3021
4.1715
4.0108
4.2397
4.3602
4.1730
4.2914
4.0410
4.0757
4.0566
4.3175
4.1961
4.2961
4.4258
4.7988
4.9699
4.6084
4.5083
4.5884
4.7373
4.8205
4.4951
4.5747
4.1887
4.1470
4.2030
4.1876
4.2824
3.9925
4.2349
4.6631
4.6095
4.2597
4.3368
4.3087
4.6480
4.3632
4.6101
3.9911
4.2201
4.0027
4.1216
3.7991
4.2717
4.0063
3.9938
4.1643
4.1719
4.0402
3.9955
4.3129
4.6486
4.4517
4.2026
4.1283
4.5650
4.2506
4.0614
4.4982
4.4827
4.4670
4.6043
4.6757
4.7953
4.8563
4.7257
4.5939
4.4120
4.5651
4.6050
4.9085
4.7774
4.7283
4.8700
4.8741
4.3305
4.4143
4.4342
5.0844
4.7911
4.5723
4.7833
4.6408
4.6513
4.6422
5.0443
4.9955
4.6769
4.6690
4.6540
4.6767
4.6349
4.6447
4.2514
4.4202
4.3703
4.0638
4.1689
4.4078
4.5716
4.5165
4.4308
4.4679
4.5955
4.2586
4.5993
4.3230
4.3267
4.5094
4.4723
4.1860
4.1549
4.5826
4.0181
3.9778
4.0955
4.3373
4.3643
4.2510
3.8787
4.1487
3.9398
4.0027
4.3101
4.2148
4.6911
4.4834
4.3624
4.1656
4.1009
4.4321
4.4836
4.2008
4.1138
3.8791
4.4156
4.6019
4.5832
4.8387
4.6612
4.8504
4.3959
4.0928
4.4661
4.3892
4.2780
4.4572
4.0556
4.3585
4.3100
4.2219
4.8370
4.4960
4.5646
4.5915
4.2491
4.4213
4.1930
3.9732
4.2348
4.0099
3.9175
4.1239
4.3403
4.2009
4.0925
4.3007
4.1664
4.0559
3.9616
4.2477
4.5362
4.3437
4.0791
4.0365
4.1748
4.2128
3.9317
3.9211
3.8123
3.9119
3.9449
4.0142
4.1578
4.1736
4.0827
3.8341
4.1301
4.3391
4.5742
4.5229
4.6872
4.5579
4.5128
4.0201
4.2932
4.6960
4.4931
4.0011
4.2505
3.9950
4.3442
4.0515
4.3019
4.4912
4.1581
4.4157
4.3882
4.4044
4.9939
4.9729
4.4794
4.4295
4.2262
4.7042
4.0710
3.7916
3.9270
4.0696
3.9262
4.3735
4.0573
4.0188
4.0239
3.9374
3.7703
3.8565
4.3181
4.0958
4.2824
4.0513
3.9381
4.0427
4.0150
4.2416
3.8402
3.8339
4.0047
4.2058
4.4621
4.5454
4.2644
4.5824
4.4505
4.3541
4.1851
4.3238
4.6172
4.5608
4.3448
4.4822
4.4643
4.4937
4.5435
4.4217
4.3151
4.5805
4.5869
4.3531
4.2168
4.8461
4.7331
4.5943
4.6506
4.4151
4.5855
5.2608
4.9228
4.8461
4.8192
4.4081
4.3559
4.7150
4.4282
4.7783
4.7510
4.3751
4.3630
4.3586
4.6951
4.7174
4.8390
4.5962
4.5465
4.1673
4.1248
4.6078
4.5131
4.4744
4.8265
4.6515
4.9967
4.9152
4.8786
4.5088
4.5123
4.4335
4.4680
4.5008
4.6307
4.4487
4.5354
4.3724
4.2833
4.2858
4.1173
4.2916
4.3893
4.4609
4.3037
4.1471
4.3276
4.3243
4.0487
4.3562
4.2245
4.3084
4.2542
4.2908
3.9329
4.3859
4.3464
4.5513
4.3607
4.3711
4.0320
4.0373
4.0477
3.9926
4.2853
4.2092
4.3678
4.2969
4.2660
4.4748
4.3412
4.2587
4.2871
4.2380
4.0712
3.9960
3.9935
4.1913
4.1902
4.2585
4.1461
4.4209
4.2367
4.5663
4.5380
4.2938
4.1821
4.3728
4.1017
4.2344
4.4362
4.3400
4.2872
4.2692
4.4474
4.5298
4.3527
4.2033
4.3316
4.3117
4.3075
4.0756
4.0724
4.0554
4.1516
3.8971
3.9867
4.1854
4.0066
4.2632
4.1278
4.1918
4.1868
4.1755
4.2193
4.2398
4.1633
4.4262
4.2365
4.1995
4.4109
4.2757
4.4791
4.1386
4.2249
4.2273
4.1507
4.0425
4.1347
4.1494
3.9819
3.9165
4.1363
4.1565
4.0863
4.2291
4.4083
4.3547
4.1965
4.1012
4.2487
4.3638
4.0893
4.0337
4.3585
4.0064
4.0924
4.1171
4.2687
4.5425
4.4846
4.5654
4.2594
4.5244
4.5303
4.0622
4.3258
4.3532
4.1597
4.1671
4.0865
4.2220
4.2791
4.3829
4.5762
4.5606
4.4060
4.1836
4.1165
4.3099
4.5103
4.4470
4.4441
4.6865
4.3912
4.4789
4.7045
4.4944
4.4318
4.4159
4.4037
3.9460
4.2765
4.0482
4.2009
4.2605
4.4551
4.2921
4.3812
4.1540
4.3686
4.5336
4.6823
4.6279
4.7933
4.3340
4.6431
4.2955
4.5047
4.1922
4.4064
4.2659
4.3547
4.6997
4.6136
4.6119
4.2265
4.1629
4.2704
4.4820
4.2249
4.1891
4.2472
4.1687
4.2071
4.3669
4.3133
4.4152
4.3014
4.4222
4.4316
4.2891
3.9747
3.9681
4.2097
4.6431
4.3958
4.2739
4.0675
3.9729
4.2312
4.0630
4.2298
4.3002
4.6476
4.3571
4.3430
4.2148
3.9929
4.1359
4.0218
3.9963
4.0820
3.9714
4.1240
4.3953
4.3810
4.3510
4.6609
4.3260
4.4724
4.2734
4.2676
4.2565
4.0563
4.1117
4.3843
4.2544
4.1189
4.3188
4.3236
4.0345
4.3447
4.3741
4.2067
4.4043
4.0845
4.1043
4.0799
4.2087
4.3442
4.2269
3.7828
4.0139
3.8777
4.0874
4.3206
4.2752
4.2322
4.1579
3.9799
4.1782
4.0262
4.1253
4.1898
4.0297
4.1310
4.1816
4.2127
4.0687
4.2621
4.2510
4.3083
4.6310
4.4537
4.3702
4.2622
4.1897
4.1029
4.2856
4.1133
4.2999
4.2447
4.3047
4.0587
4.1389
4.3996
4.4675
4.3212
4.3609
4.4439
4.1818
4.1631
4.2865
4.0566
4.3381
4.2683
4.2228
3.8940
4.0016
4.0940
4.0741
4.1787
3.9980
3.8444
4.0368
3.9420
4.0473
4.2732
4.1476
4.1483
4.0699
4.0453
4.0237
4.0620
4.0017
4.0523
3.9911
4.0929
3.8861
3.9529
3.9737
3.9084
4.0358
4.3866
4.2165
4.3304
4.0388
4.1752
4.1628
4.3474
4.3434
4.0749
4.1407
4.1087
4.1862
4.3434
4.0678
4.3521
4.3696
4.4893
4.4852
4.4856
4.1800
4.3696
4.1100
4.0088
4.3641
4.2923
4.0822
4.1944
4.2621
4.2875
4.3108
4.1919
4.3035
4.3332
4.0434
4.3334
4.2262
4.3539
4.3409
4.3616
4.5660
4.4435
4.4137
4.3758
4.4688
4.3080
4.1773
4.4137
4.2742
4.2244
4.3426
4.3160
4.2705
4.1923
4.5574
4.0824
4.2265
4.1501
4.2566
4.1246
4.2428
4.1550
4.0126
4.2309
4.2783
4.2280
4.1122
4.2807
4.1242
4.2141
4.1654
4.1819
4.1716
4.3353
4.1475
4.1982
4.3083
4.2932
4.5097
4.0203
4.0615
3.8727
4.0683
3.8444
4.0088
3.8724
3.7973
4.1007
3.9784
4.2557
3.8937
3.9538
4.2587
4.1754
3.9579
3.9598
4.0951
4.0608
4.2639
4.2070
4.1478
4.0257
3.9572
3.5590
3.8241
4.1440
4.0758
5.0431
4.5395
4.2740
4.1954
4.2648
4.3117
4.4889
4.6450
4.2553
4.3984
4.3418
4.3695
4.3856
4.3577
4.3269
4.4575
4.5622
4.2303
4.5221
4.4592
4.1701
4.1060
4.1070
4.2678
4.1874
4.2463
4.3900
4.3666
4.3978
4.3704
4.0955
4.1157
4.1412
4.0149
3.9230
4.1505
4.2031
4.0506
3.9343
4.1228
4.1703
4.3017
4.3093
4.2260
4.1323
4.2967
3.9435
4.0442
4.1718
4.3106
4.0612
4.3494
4.2041
4.5774
4.6373
4.9167
4.5337
4.7595
4.5590
4.5876
4.3281
4.3031
4.2572
4.2332
4.3015
4.5096
4.3412
4.2630
4.2317
4.3092
4.2788
4.2128
4.1113
4.2091
4.3644
4.2644
4.3320
4.3331
4.2317
4.4310
3.9996
4.3103
4.0822
4.1854
4.1695
4.0767
4.0550
4.2343
4.4139
4.3219
4.2079
4.3192
4.4719
4.5683
4.3446
4.0905
4.2240
4.1663
4.1704
3.8254
4.0568
4.0616
4.1599
4.1812
4.0880
4.3784
4.1742
4.2609
4.3695
4.4068
4.4132
4.3006
4.3407
4.1425
4.1586
4.4923
4.5419
4.6575
4.4100
4.1653
4.1210
4.2638
3.9799
3.9810
4.4828
4.2889
4.0484
3.8614
4.1435
4.1786
3.9991
3.8126
3.9365
3.9576
4.1065
3.8945
4.0842
4.3786
3.9891
4.1049
3.9426
3.8915
3.7725
3.8824
4.1356
3.9418
4.0922
4.0344
3.7655
4.0845
3.7861
3.9935
4.0788
3.9877
3.9064
4.0526
4.0867
4.0839
4.1104
4.2382
4.1555
4.0889
4.3437
4.3019
4.3051
4.0395
3.8526
4.1141
3.9298
4.0999
4.1519
4.1036
4.0179
4.2304
3.9642
4.0484
4.0125
4.1899
4.1118
4.2413
4.3367
4.2230
4.0279
4.0849
4.1079
4.0927
4.2217
4.1768
4.2963
4.0582
4.3477
4.2524
4.3059
4.3303
4.4243
4.2876
4.6771
4.4569
4.5420
4.3791
4.6756
4.5510
4.3433
4.6100
4.3873
4.1726
4.0057
4.2028
4.2072
4.0620
4.3064
4.2646
4.4223
4.3447
4.1631
4.0667
3.9965
3.8229
3.7560
3.7478
3.8855
3.8341
4.0784
4.2382
4.2340
4.0406
4.2419
4.1524
4.2201
4.1200
4.1398
4.2605
4.4236
4.3257
4.4420
3.7899
4.1803
4.1467
4.2212
3.9986
4.0465
3.8765
3.8528
3.8899
4.0695
3.9808
3.8841
3.9845
4.0076
3.8969
4.1063
4.2362
4.1199
4.3607
4.1237
4.0335
4.1396
4.3113
4.1884
3.9827
4.3991
3.9909
4.2938
4.6353
4.5731
4.4093
4.3390
4.4197
4.3468
4.2670
4.3492
4.2272
4.3375
4.3695
4.5612
4.3666
4.6309
4.4740
4.4587
4.2301
4.5875
4.4633
4.3832
4.6122
4.2613
4.2539
4.1525
4.1749
4.2597
3.9111
4.0558
4.1475
4.3571
4.2870
4.0226
4.0553
4.1246
4.0479
4.1201
4.1249
4.2007
4.3221
4.0814
4.1300
4.5194
4.3471
4.1894
4.5609
4.0847
4.1635
4.2184
4.4087
4.3456
4.3047
4.2824
4.3009
4.3527
4.1125
4.0084
4.1154
3.9959
3.8425
3.9375
4.0018
4.2231
4.2055
4.1920
4.1746
3.9388
4.1745
4.0662
4.6788
4.6021
3.9722
4.0526
4.1212
3.9500
4.1098
4.3805
4.5620
4.4062
4.1444
4.0694
4.2315
4.1277
4.1542
4.4183
4.1796
4.5494
4.6981
4.4696
4.2765
4.5004
4.5594
4.4491
4.3845
4.2626
4.1606
4.3634
4.3440
4.2679
4.4927
4.5427
4.5521
4.3722
4.6202
4.4262
4.4281
4.4285
4.5809
4.5770
4.3422
4.2217
4.3136
4.3247
4.2308
4.0668
3.8158
4.0821
4.1585
4.2747
4.3865
4.2771
4.1896
4.2721
4.3295
4.0772
3.7763
3.8184
3.8647
3.7911
4.0346
3.9499
3.9912
4.0984
3.8979
3.8143
3.8659
3.8747
3.9521
4.0036
4.4206
4.4690
4.3326
4.2368
4.3766
4.1525
4.1233
4.0428
3.9569
4.0227
3.8902
4.4629
4.1407
4.3516
4.0517
4.0813
4.0238
4.2237
4.0233
3.8985
3.7304
3.9374
3.8320
3.9937
4.1229
4.2613
4.1008
3.9253
4.1895
4.1438
4.0548
4.1067
4.0815
3.9068
3.8937
4.1900
3.8932
4.1491
4.0942
4.0519
4.4242
4.2375
4.2207
4.0583
4.3084
4.0777
4.2673
4.2955
4.1713
4.0987
4.2297
4.1967
4.0728
4.3310
4.3420
4.1898
4.8180
4.3078
4.3082
4.3347
4.4297
4.4922
4.8700
4.5499
4.5793
3.9847
4.4986
4.5707
4.5172
4.6962
4.3200
4.5968
4.6301
