4.4781
4.6640
4.8332
4.8281
4.9787
4.9197
5.5717
4.5799
4.0214
3.9207
4.0072
3.7497
3.7402
3.8583
3.7217
4.1765
3.9350
3.5372
4.0376
4.7657
3.9495
4.0162
3.8537
4.0607
4.3081
4.6352
4.3007
4.0602
4.1138
4.0738
4.2168
4.4175
4.6336
4.0873
4.1081
4.3970
4.4594
4.0493
3.9884
3.9818
3.7490
3.7115
4.3478
4.1061
4.3269
4.4045
4.5942
4.5876
4.2261
3.9544
4.2654
4.4843
3.9514
3.8936
3.9920
4.0796
3.8177
3.7406
4.1417
4.3007
4.5873
4.8291
4.9495
4.9698
4.5516
4.6239
4.3474
4.1259
4.0425
4.4772
4.3237
4.5066
4.1639
4.3794
4.2576
4.3138
4.3623
4.4597
4.3362
4.4897
4.5212
4.8340
4.4921
4.3691
4.4679
4.3356
4.5352
4.1554
3.9887
4.1959
4.6894
4.1779
4.3299
4.5886
4.7018
4.5686
4.0383
4.2120
3.9268
4.2265
4.3235
4.1456
4.1231
4.0572
3.7525
3.9491
3.8393
4.2240
4.2484
4.3426
4.1662
4.3159
4.2757
4.1353
3.9750
4.1438
4.8279
4.6443
4.4386
4.4046
4.3634
4.2058
4.2549
4.5089
4.3841
4.5217
4.3675
4.2192
4.0895
4.0759
3.9574
4.1690
4.2448
3.8359
3.8935
3.8430
3.8342
3.6109
3.8275
3.7538
3.8702
3.7155
3.9835
4.0890
4.6970
4.9120
4.8846
4.5229
4.3753
4.5081
4.5516
4.8002
4.5666
4.6479
4.5328
4.2651
4.2765
4.2112
4.4630
4.5583
4.9723
5.4193
5.0164
5.4246
5.2811
5.5758
5.4680
5.1169
4.7844
4.7801
5.2259
4.9955
4.8140
4.5766
5.1090
4.6962
4.6799
5.2089
5.0800
4.8005
4.6235
4.8275
4.8429
4.5278
5.0153
4.9484
4.8287
5.3040
5.1667
5.2181
4.7650
4.4172
4.7080
4.7231
4.7696
4.7711
4.9802
5.1013
4.8267
4.5495
4.3299
4.6780
4.5392
4.4382
4.7885
5.0953
4.9167
5.5505
5.2273
4.5703
4.5317
4.1739
4.0561
4.5336
3.9807
4.1829
4.3572
4.4972
3.9257
4.0084
4.6058
4.2918
4.6184
4.8040
4.5727
4.3889
4.5742
4.5828
4.9699
4.4966
4.6557
4.8622
4.4782
4.3518
4.3364
4.3085
4.6734
4.8335
4.5280
4.7326
4.2798
4.3654
4.3568
4.4918
4.0927
3.6025
3.6746
3.9925
3.7959
4.5863
4.5855
3.8927
4.4264
4.6629
4.4400
4.5644
4.6148
4.9278
4.2967
4.4767
4.3401
4.0467
4.3230
3.8677
4.0781
4.1861
4.3084
5.2607
5.3381
4.9250
5.1580
5.5966
5.6940
5.1129
5.2157
4.7180
4.6674
4.6477
4.8507
4.3878
4.4296
5.0271
4.7310
4.2794
4.1084
4.1535
4.3926
5.0075
5.2595
5.0826
5.7099
5.2445
5.2105
5.3410
5.1758
4.6505
4.6073
4.3677
4.5289
4.5705
4.5359
4.6610
4.3489
3.9823
4.3536
4.4533
4.4927
4.6102
4.6925
4.4643
4.4788
4.4143
4.3454
4.2674
4.2829
4.3623
4.1045
3.8374
4.2542
4.0642
3.9608
3.7808
3.8335
4.0756
3.6901
3.6879
3.7984
3.8400
3.6090
3.7591
3.7557
3.7020
4.2639
4.1606
4.2139
3.9657
3.6637
4.0598
3.9187
4.4524
4.3171
4.6240
4.6212
4.4814
4.4023
4.4084
4.1801
4.0495
4.4729
4.3648
4.4087
4.4601
4.5835
4.5064
4.7825
4.5817
4.6029
4.7577
4.5510
4.3576
4.4949
4.1568
4.0222
4.1398
4.6588
4.3747
4.6260
4.3152
4.0805
3.9391
4.4324
4.0847
4.4681
4.6073
4.5457
4.2915
4.8053
5.1152
5.2493
4.7354
4.6493
4.8548
4.9075
5.1822
4.8980
5.2345
5.0840
5.0134
4.7192
4.4245
4.5439
4.4048
4.7181
4.9276
4.9103
4.7766
4.9578
4.8796
4.6852
5.1299
4.8353
4.2890
4.4714
4.7573
4.8532
5.2327
5.0846
5.3369
5.7152
5.3744
5.2717
4.8921
5.0209
5.2286
5.2733
4.6246
4.6877
4.2504
4.3265
4.4614
4.5844
4.1314
4.4511
4.3173
4.7416
4.4005
4.6315
4.7143
4.9159
4.9445
4.5371
4.3605
4.4310
4.9641
4.9027
5.0305
5.0654
4.8296
4.4090
4.4907
4.3449
4.0182
4.5310
4.2510
4.4434
4.5051
4.7880
4.4521
4.8278
4.3295
4.3976
4.5132
4.4691
4.4140
4.7757
4.3221
4.8515
5.2298
4.6467
4.8097
4.7519
4.4694
4.6383
4.7660
4.5300
4.4105
4.4801
4.4711
4.2689
4.1088
4.3228
4.3221
4.7518
4.8190
5.1702
5.4391
4.9040
5.0426
4.7837
4.8886
5.0163
4.6662
4.8267
5.4538
4.7696
5.0123
5.0522
5.2373
5.1472
5.0310
5.0603
5.0715
5.0507
5.3789
5.6222
5.4469
5.0977
5.1631
5.1694
5.0406
5.1674
5.2188
5.2516
5.1973
4.9740
4.7804
4.9776
4.6522
4.8384
5.1433
4.7497
4.7839
4.7840
5.6640
5.6333
5.3948
4.9605
5.0078
5.0226
4.9270
4.9259
5.1534
4.8901
5.1199
5.3558
5.7988
5.9854
5.5354
6.2166
6.2250
6.3546
5.8420
5.8020
5.4411
5.3641
5.8288
5.3167
5.6206
5.3897
5.3419
5.8464
5.5593
6.0708
5.8233
5.3219
4.8779
5.4553
5.4720
5.5913
5.2819
5.4893
5.5789
5.6126
5.6003
6.0968
6.1861
5.6139
5.8360
5.1728
5.2568
4.8703
4.9877
4.9261
5.2563
5.0238
5.0080
5.3983
5.4072
5.3025
5.7927
5.6421
5.9738
5.9099
5.7784
5.9932
5.5934
5.3307
5.9326
5.9402
5.8665
5.8196
5.2985
5.4930
5.2183
5.4137
5.3637
5.2808
5.3645
5.3254
5.2294
5.4119
5.0738
4.9733
4.9619
4.8889
5.0039
5.5616
5.4365
5.2512
5.3221
5.2140
4.8128
4.4825
4.3764
4.6292
4.9391
4.6258
4.6969
4.3425
4.6855
4.3894
4.8965
4.7256
5.1899
5.3362
5.0937
5.2598
4.9049
5.2695
5.1831
5.2569
4.7653
4.7736
5.1891
5.2847
5.2295
5.3567
5.1511
5.0219
4.9668
4.8648
4.9416
5.0018
5.1681
5.0048
4.8489
5.3828
5.1532
4.7880
5.3029
5.6476
5.4546
5.8416
6.2610
6.5762
6.2336
5.9484
5.8599
5.5268
5.2852
5.1431
4.7832
4.8952
4.6196
4.8622
4.7829
5.2225
4.8632
4.7168
5.2751
5.0418
5.0510
5.1992
4.9200
4.7776
4.8898
4.2710
4.2536
4.1156
4.3648
4.4464
4.5515
4.3370
4.5065
4.9218
4.7428
4.5868
4.7622
4.7390
4.9320
4.5509
4.8130
4.4686
4.4511
4.5698
4.7170
5.0328
4.7397
4.4569
4.5058
4.5824
4.3494
4.6996
4.6430
4.6777
5.2202
4.6301
4.7022
4.9719
4.6015
4.6527
4.8211
4.6923
4.4976
4.2837
4.3981
4.8638
4.6914
4.9544
4.8356
4.5580
4.4764
4.9062
5.2528
5.2248
5.1195
5.4830
4.9718
5.0770
4.4126
4.5558
4.6020
4.5393
3.9951
4.0568
4.3607
4.4531
3.8443
4.1239
4.3104
4.5322
3.8571
3.7816
3.9207
3.9567
4.2720
4.5572
4.4359
4.7822
4.5351
4.3322
4.4874
4.9525
4.6873
4.7119
4.5700
4.5765
4.5163
4.8937
4.6252
4.3909
4.0993
3.8765
3.8044
4.0081
3.9976
4.1464
3.9440
4.0093
3.9992
4.1356
3.9274
4.2273
4.2286
4.5615
4.1379
4.1758
4.2895
4.0377
4.1299
4.3189
4.5708
4.4713
4.7129
4.6694
4.4377
4.7072
4.5503
4.6603
4.7693
4.3139
3.9214
3.9842
4.1857
4.2396
4.5555
4.2688
4.3423
4.5405
4.8268
4.5144
4.1056
4.3105
4.5087
4.4807
4.3985
4.5586
4.0980
4.2710
4.2193
4.1767
4.3013
4.2912
4.2606
4.1192
4.4083
4.0857
4.1532
3.9313
4.2473
4.6350
4.4372
4.4137
4.6019
4.3983
4.2729
4.2744
4.7064
4.4244
4.5373
4.5916
4.7252
4.4815
4.6587
4.5427
4.3845
4.0689
3.9743
4.1792
4.3320
4.3711
4.3310
4.2179
4.4110
4.5075
4.5961
4.5591
4.8019
4.7392
4.8459
4.3483
4.5544
4.6420
4.3575
4.6242
5.0637
5.2242
4.5227
4.3716
4.3200
4.6729
5.1645
5.0330
5.3723
5.2898
5.4240
5.6712
5.2782
4.8836
4.8548
4.9132
5.2080
4.7986
4.9785
4.6721
4.6221
4.7709
4.7742
4.6458
4.5994
4.7093
4.5702
4.2381
4.4553
4.8109
4.5824
4.5798
4.5071
4.6257
4.5871
4.5982
4.6749
4.9624
4.8434
4.8893
4.9271
4.6966
4.6321
4.6725
4.7961
4.7884
4.8923
5.0674
5.1753
4.9070
5.0255
4.7872
4.8909
4.8085
4.7709
4.6974
4.5458
4.8897
4.8725
4.8725
4.8587
5.2665
4.9065
4.3958
4.9714
4.7217
4.6601
5.0182
4.7137
4.9368
4.6484
4.8392
4.6471
4.8410
4.9434
4.8684
4.9079
4.7819
4.6267
4.7178
4.8945
4.4821
4.3686
4.4692
4.3117
4.4270
5.0487
4.9864
5.3174
5.1594
4.9401
5.0998
4.7169
4.4701
4.2742
4.0581
4.2158
4.2176
4.1639
4.2466
4.4199
4.6522
5.1220
5.1254
5.4040
5.4375
4.8901
4.7487
5.1151
5.0568
5.1278
5.3209
5.4053
4.9100
4.7774
5.2337
5.1337
4.9503
4.5458
4.5038
4.2619
4.0839
4.4355
4.3207
4.2426
4.0822
4.7631
4.9067
4.8325
5.0364
5.4705
4.9928
5.1349
5.6667
5.9043
6.0231
5.2774
5.1873
5.1756
4.9616
5.3383
5.7197
5.6245
5.0218
5.1017
5.0373
5.0930
5.3204
4.8106
4.8660
5.6276
5.3665
5.2154
5.0744
4.6778
4.4651
4.5029
4.3875
5.0271
5.2588
5.0938
4.7494
4.8863
4.7137
4.9219
4.8287
4.9761
5.4473
5.0777
5.0970
5.3430
5.7029
5.2709
5.1533
5.5832
5.0387
4.4708
4.8132
4.7806
4.2632
4.5262
4.2631
4.4582
4.5175
4.5654
4.1891
4.4781
4.6918
4.8633
4.1596
3.9785
4.4228
4.6011
4.3941
4.6348
4.5960
4.0917
4.1072
4.3218
3.9101
3.9371
3.8234
3.7075
3.8926
4.2334
4.3081
4.1426
4.1910
4.2805
4.3972
4.1821
4.7424
4.9294
4.4462
4.5207
4.4708
4.0868
4.1049
4.0313
4.0906
4.1384
4.3661
4.2816
4.5525
4.4190
4.6027
4.9487
4.7467
4.4813
4.6715
4.7335
4.6724
4.4964
4.8180
4.8875
4.6745
4.7448
4.4627
4.7061
4.4861
4.2488
4.3163
4.0384
3.7322
3.4829
3.6242
3.5701
3.4095
3.4883
3.6879
3.5772
3.6610
3.7157
3.7880
4.2030
4.2529
4.2376
3.9714
4.4106
4.1324
4.4665
4.4071
4.9681
4.8314
4.6414
4.6178
4.5959
4.2484
4.1316
4.2389
4.5215
4.7402
4.9876
4.7460
4.4649
4.5743
4.8429
4.7222
4.6179
4.4224
4.1584
4.1174
4.2959
4.5184
4.6500
4.4218
4.3144
4.2794
4.5494
4.2655
4.3637
4.1629
4.3542
3.5520
3.6218
3.7143
3.7756
4.0919
4.0430
4.1767
4.2188
4.4197
3.9867
3.9599
3.9820
3.8207
3.8825
3.7308
3.7676
3.9466
3.7860
3.6497
3.7273
3.6361
3.7476
4.0245
4.1513
4.2990
4.4644
4.1915
4.3097
4.5840
4.7329
4.7099
4.8276
4.9406
4.7955
5.1216
5.5163
5.3850
5.3770
5.3523
5.1080
5.4698
5.2281
5.3188
5.0258
5.3321
5.1075
4.9241
5.2873
5.1948
5.1001
5.0582
4.8119
4.7225
4.6999
4.5240
4.6452
4.3187
4.2799
4.7260
4.6696
4.7454
4.5113
4.7432
4.8406
4.8264
4.9207
4.5926
4.5686
4.9792
4.9380
5.1081
5.8536
5.2681
5.2690
5.3976
5.2910
5.6625
5.5911
5.4576
5.3543
5.0927
5.1632
4.9261
4.8662
5.0404
5.2768
5.4230
5.1105
5.7804
5.7428
5.4544
5.1956
5.4972
5.5182
5.1442
5.1602
5.2714
5.0310
5.2046
4.7424
4.8936
4.8592
4.5188
4.9813
5.1842
4.9164
5.0208
5.0716
4.8311
4.9606
4.7880
4.4864
4.9846
5.1316
5.0050
5.0855
4.6241
4.7222
5.0956
5.1422
5.1434
5.1118
4.9527
4.9212
5.3352
5.8042
5.7014
5.8952
5.8363
5.9214
6.1216
5.7859
5.9266
5.8289
5.6599
5.4182
5.3803
5.2186
5.3594
5.0762
4.8946
4.9943
5.3616
4.9186
4.8222
4.8618
5.0786
5.2189
5.0976
5.3499
4.8638
5.0310
4.7644
4.8392
4.7152
4.8042
5.1055
5.0365
5.2069
5.3422
5.1004
4.9932
4.8439
4.7933
4.9647
4.8475
4.8090
4.7742
5.1418
5.1582
5.3166
5.3109
4.9561
4.6021
4.7456
4.9217
5.1940
5.0088
4.6879
5.0602
4.9616
5.2710
5.3029
4.6795
5.0458
5.2668
5.5060
5.1939
5.1598
5.3695
5.7460
5.0939
5.1869
5.4215
5.5916
5.4216
5.0142
5.1209
5.1161
5.5459
5.5304
5.4039
5.8456
5.8612
6.1740
6.0099
6.3178
5.9160
5.2052
5.2533
5.0431
4.8578
4.8245
5.2132
5.6511
5.8621
5.6207
5.8648
5.8383
5.8769
5.5687
5.6677
5.6244
6.1904
5.4796
5.6698
5.0707
5.6025
5.2721
5.2246
5.4192
5.1547
5.2564
5.4896
5.6303
5.6397
5.2630
5.4928
5.4456
5.4918
5.0474
5.0859
4.8626
5.2676
5.2906
5.0041
4.7784
4.8081
5.2416
4.9516
5.1289
5.1677
5.0200
5.0107
4.9911
4.5352
4.9893
4.7626
5.0098
4.6150
4.6778
4.6710
4.7654
4.8355
4.9468
5.0834
4.5556
4.3192
5.0574
4.9206
4.6676
5.0903
5.4609
5.1149
5.3615
5.8331
5.3854
5.2897
5.5668
5.2964
5.2889
5.8635
6.1515
6.0852
5.4898
5.7832
5.7860
5.2118
5.1425
5.2214
5.4129
5.3506
5.4991
5.4643
5.7785
5.6725
5.3341
5.1980
5.3328
5.6602
5.2339
5.3885
4.9963
4.7445
4.7595
4.9083
4.9795
5.0110
4.7337
4.8355
4.7612
5.0703
5.0383
4.8628
4.5969
4.7272
4.9142
4.8859
4.8367
4.4270
4.6152
4.5375
4.8289
4.5329
4.5538
4.7228
4.4806
4.1332
4.3512
4.6856
4.5364
4.2341
4.2868
4.1655
4.9197
4.9634
4.7512
4.7789
4.8682
4.7359
4.6088
4.6937
4.9986
4.7876
4.4044
4.4693
4.2389
4.6318
4.3932
4.2928
4.2095
4.5294
4.5547
4.5225
4.5218
4.6527
4.9177
4.4416
4.7814
4.6286
4.5004
4.5528
4.7938
4.6534
4.2943
4.3711
4.3224
4.6384
4.6936
4.9149
4.3682
4.5402
4.6274
4.7336
4.6512
4.7215
4.5659
4.7954
4.9066
4.5366
4.7149
4.5568
4.6086
4.9860
5.0904
5.2678
5.3488
5.0184
4.7430
5.1086
5.1755
4.9123
4.6304
4.6367
4.6121
4.2431
4.5946
5.1485
4.9789
4.8641
4.6870
4.7141
4.5804
4.5564
5.1051
5.3608
5.4243
5.1520
5.0016
4.5996
4.8247
4.8924
4.8829
5.2931
5.5504
5.3414
4.9182
5.1137
5.1524
5.1124
5.4574
5.3293
5.3577
5.5505
5.5553
4.9727
5.5317
5.2749
4.5367
4.6869
5.2042
5.0428
5.3372
5.0068
4.9855
4.9736
5.0622
5.0506
5.6906
5.6530
5.7652
5.6341
5.2099
5.0494
5.2072
4.9915
5.5234
5.5123
5.5412
5.0668
5.1219
5.6287
6.3868
6.6927
6.0212
5.4628
5.4546
5.1294
5.1264
5.4111
5.1420
5.0333
5.0807
4.6932
5.2477
5.1095
5.2178
5.2003
5.3631
5.6405
5.7673
6.0036
5.3198
5.2495
4.8223
4.4970
4.7266
4.8380
5.4203
5.0785
5.5912
5.6275
5.4423
5.3563
5.5075
5.1771
5.4769
4.8398
4.6112
4.7828
4.8268
4.7454
5.0879
4.9921
5.0462
4.9788
4.6003
4.7600
4.7685
5.0586
5.1860
4.9348
5.0082
4.9490
5.2652
5.0002
4.5646
5.1023
4.9407
5.1272
5.0936
4.8077
4.5981
4.8663
4.6531
4.9024
5.2290
5.0597
5.0434
5.2533
5.1443
5.0031
5.3006
4.9272
5.0932
5.8057
5.0614
4.6658
5.1402
5.0743
5.0883
5.3208
5.1207
5.1454
5.4460
6.2156
5.9601
5.7238
5.8519
5.4125
5.4147
5.5411
4.8493
4.9584
4.8365
4.9282
4.8419
4.9591
4.7983
4.6608
4.8103
4.7900
4.9823
5.1951
4.7064
5.0874
4.7470
4.7764
4.6663
4.5715
4.1661
4.6515
4.3740
4.8032
4.4409
4.7826
4.5173
4.4450
4.5068
4.6182
4.4364
4.5164
4.7519
5.0235
5.1085
4.8164
4.5875
4.8652
5.5424
5.8077
5.0083
4.7558
4.3758
4.6959
5.1872
4.8862
5.1608
4.9259
4.8515
4.9047
4.7042
4.5621
4.4783
4.7068
4.7437
4.4024
4.8610
4.6730
4.7892
4.6415
4.7492
4.5917
4.5009
4.6391
4.2501
4.1358
4.4125
4.9005
4.7576
5.1533
5.8693
5.7098
5.6484
5.2330
5.4490
5.4992
5.5586
5.9028
6.1692
5.7497
5.5317
5.7018
5.3934
5.2987
5.3421
5.7937
5.5489
5.4399
4.8446
5.1501
4.9899
4.8594
4.5031
4.4559
4.6074
4.7026
4.4543
4.5936
4.5537
4.6505
4.8337
4.6506
4.8249
4.4353
4.4081
4.4733
4.3841
4.9056
4.6357
4.8407
4.4269
4.4241
4.4068
4.8350
5.0040
5.4075
5.1437
5.4969
5.2762
5.4870
5.4343
5.2977
5.8318
5.7991
5.7032
5.6679
5.6473
5.8972
5.6862
5.4794
5.5006
5.0702
5.2351
5.1050
5.3619
5.5592
5.4713
5.7529
5.5788
5.7870
5.7259
5.3330
5.7781
5.4438
5.3449
5.4717
5.5697
5.2855
5.5552
5.1316
4.9965
4.6342
4.8841
5.1355
5.0086
5.1458
5.0577
5.0275
4.8540
5.2104
5.2474
5.1127
5.0408
5.0424
5.0900
4.9560
4.7204
4.9644
4.9214
5.3391
5.2749
5.1253
4.7845
5.1504
4.7205
4.6955
4.6109
4.1199
4.6300
4.8066
5.0760
5.2666
4.7692
4.9925
4.6113
4.3643
4.2377
4.2437
4.5246
4.5696
4.8533
5.2912
5.2536
5.1940
4.5524
4.5755
4.6254
4.5508
4.6645
4.3753
4.5107
4.5855
4.6465
4.8753
4.5663
4.8822
5.2615
4.8647
4.8014
4.5291
4.6785
4.4413
4.6459
5.0948
5.0816
4.5518
4.7760
4.6996
4.7147
4.6682
4.8252
4.6659
5.2543
4.7431
4.9796
5.1135
5.0636
5.0358
5.2780
5.6064
5.0010
4.8044
4.8493
4.7832
4.9900
4.9696
5.1498
5.3481
5.0917
5.2112
5.2371
5.5512
4.8163
4.2116
4.5541
4.4982
4.7166
4.7992
5.0995
5.3212
5.2127
5.1111
5.4925
5.6234
5.8614
5.5355
5.4609
5.4207
4.8769
4.9588
4.6420
4.4182
4.0897
4.0899
4.8242
4.1305
4.0594
4.0894
4.2531
4.6265
4.7036
4.5350
4.5457
4.6222
4.7409
4.4166
4.6416
5.0472
4.9133
5.1638
4.6554
4.5876
4.7298
4.5574
4.6105
4.9294
4.4573
4.5238
4.5890
4.6633
4.6678
4.9466
4.9077
5.0015
4.8513
5.1202
4.7158
4.6065
4.3361
4.5874
4.3584
4.4004
4.2741
4.1574
4.0509
4.0761
4.4501
4.3497
5.0627
4.9039
4.5449
4.6240
4.7879
4.6242
4.6197
4.3288
4.5221
4.6358
4.8742
4.6940
4.5000
4.7699
5.2260
4.8939
4.9570
4.3230
4.5332
4.5583
4.7884
4.9077
4.9077
4.4857
4.2248
4.4882
4.2506
4.1001
3.7403
3.5680
3.9904
3.9733
4.1775
4.2208
4.1685
4.0961
4.1087
4.1929
4.1863
3.9123
3.9714
4.0829
4.1699
4.2995
4.4679
5.0882
5.0094
4.9313
4.9747
5.0022
4.7224
4.6797
4.8999
5.0216
4.7138
4.4086
4.2674
4.3019
4.3243
4.4206
4.4378
4.3898
4.4169
4.9806
4.6888
4.7567
4.6108
4.7775
4.7673
4.7321
4.4817
4.7661
4.4490
4.1492
3.8958
4.0601
4.1914
4.0933
4.2412
4.1801
4.2100
4.7659
4.8781
5.1482
5.0291
4.8935
4.7751
4.7348
5.0296
4.9413
5.3587
5.2593
5.4039
5.2940
5.4237
5.2581
5.3512
5.6751
5.7621
5.6444
5.1352
4.8771
5.0053
5.1204
5.2340
5.4892
5.4240
5.3369
5.1877
5.6892
5.6473
5.3807
5.2252
5.2826
4.7717
5.3737
5.1900
5.1348
5.4386
5.0507
5.1018
4.8860
5.3286
5.1337
5.0906
4.9516
5.1603
5.1503
5.4780
5.1829
5.1925
5.3780
5.8166
5.7878
5.0331
5.2728
5.0586
5.3149
5.3698
5.1842
5.1928
4.7767
4.4977
4.3549
4.7508
4.4874
4.4334
4.6844
5.0190
5.3047
4.8908
5.1171
5.4535
5.1163
4.8293
4.4508
4.2964
4.3662
4.2519
4.4373
4.3707
4.3375
4.8462
4.9998
5.1767
4.9449
4.8401
4.8073
4.7711
5.1127
4.7717
5.0290
4.7956
5.4672
5.1232
5.3326
5.0787
5.3421
5.1761
5.1317
5.1716
5.2234
5.0701
4.7965
4.9034
5.0006
4.8869
4.5800
4.7021
4.7378
4.4131
4.5607
4.3668
4.7727
4.3395
4.3846
4.4210
4.0737
4.0698
4.6270
4.5734
4.4500
4.4215
4.5200
4.6886
4.8067
4.6952
4.8232
5.0667
5.0660
4.3942
4.4715
4.5088
4.6369
4.3380
4.7444
4.6173
4.5710
4.5127
4.6517
4.7982
5.1581
5.0250
5.0790
4.7681
5.1227
5.0326
5.0336
4.8577
4.5872
5.1608
5.6417
5.8147
5.7578
5.4353
5.4057
5.7368
5.4469
5.4937
5.4841
5.3711
5.4191
5.5390
5.6403
5.6995
5.1054
5.0979
5.3275
4.7872
5.1579
5.1413
4.9014
5.2084
5.4210
5.0172
4.7467
4.5382
4.5088
4.5707
4.4125
4.6513
4.6627
4.9071
4.8854
4.6498
4.6723
4.5076
4.4515
4.0546
4.2686
4.1273
3.9916
4.3471
4.3583
3.9149
4.0234
4.0327
4.4443
4.7289
4.6574
5.3590
5.2990
5.2746
4.5575
4.8287
4.6309
4.4023
4.5590
5.0260
5.0432
5.5885
5.1897
5.2809
5.1180
4.9467
4.9078
5.1405
5.2159
5.2771
5.4434
5.7912
5.9365
5.4401
5.5076
6.1001
5.9931
5.7995
6.2798
5.5906
5.7713
5.3383
4.8886
4.7885
5.1255
4.9122
5.1680
5.2611
5.1590
5.5269
5.2127
5.7282
5.5909
5.5756
5.5777
5.0862
5.2594
5.4130
4.9978
5.1245
5.1469
4.8589
5.0948
5.4605
5.4835
5.5210
5.2620
5.2805
5.7253
5.7972
5.9708
5.8347
5.7888
6.0236
6.2194
6.3177
5.3224
5.5339
5.8347
5.9647
5.6904
5.4197
5.9474
5.4571
5.8709
5.6209
5.9038
4.9761
5.4480
5.3438
5.1651
5.4612
5.4380
5.6939
5.7459
5.6589
5.8526
5.2785
5.1471
4.8469
4.9995
4.7479
4.3491
4.4851
4.7227
4.2099
4.5956
4.4592
4.4798
4.5456
4.4769
4.7304
4.6590
4.2840
4.3902
4.7011
4.5048
4.9880
5.1080
5.0789
5.0215
5.0534
5.4650
4.9376
4.9950
5.2919
5.7009
5.1323
5.0873
5.0636
5.0293
4.9792
5.1916
4.9347
4.7566
4.7945
4.6283
4.5571
4.5789
4.5987
4.4954
4.8157
4.8578
4.5719
4.7817
4.8025
5.1718
5.0353
5.6341
5.1148
4.9740
4.7967
4.7777
4.6440
4.3805
4.4969
4.6754
4.6777
4.3882
4.3642
4.1938
4.4226
4.0639
4.3001
4.2285
4.2446
4.4798
4.6533
4.2579
4.3357
4.5145
4.5675
3.8936
4.4170
4.2821
4.3886
4.7111
4.9320
5.0036
5.0587
5.0179
5.1988
4.8244
4.5855
4.6979
4.4994
4.7681
4.5301
4.7373
4.7892
4.6578
4.7164
4.8788
4.9237
4.7888
4.2185
4.4140
4.2770
4.7854
4.7218
4.6180
4.8818
4.9883
4.4719
4.6632
4.6432
4.4688
4.4756
4.2891
4.6286
4.3533
4.5871
4.0718
4.3301
3.9831
4.3803
4.5257
4.5034
4.3141
4.0741
4.1777
4.3142
4.3783
4.1951
4.3714
4.1971
4.2397
4.6175
4.7341
4.7597
4.6867
4.8578
4.8259
4.9097
4.8875
5.2235
5.0455
4.6463
4.8748
4.7317
4.9337
5.2917
5.3536
5.6394
5.0148
4.9612
5.1628
4.6984
4.5190
4.6233
4.6424
4.6988
4.7070
4.5312
4.6688
4.3999
4.5666
4.5930
4.6693
4.7136
5.1474
5.1712
4.9400
4.9205
5.3192
5.1480
4.7979
5.0551
4.6131
4.5974
4.3230
4.4773
4.3987
4.7826
5.0719
5.5722
5.6736
5.4725
5.0807
4.9883
4.9103
5.1582
4.9090
5.2502
5.4591
5.3709
4.7529
5.0028
5.2798
5.0947
4.6625
4.4512
4.8115
4.9701
4.3928
4.1280
4.2636
4.4497
4.5243
4.6149
5.0165
4.6866
4.6221
5.8376
5.2124
5.4359
5.4857
5.0326
5.0817
4.8767
5.0040
4.8518
5.2105
5.1243
5.5216
5.4085
4.9620
5.1353
4.9415
4.2356
4.2781
4.7273
4.9143
4.5647
4.5522
4.8613
4.7865
4.8073
5.2396
4.7156
4.8845
5.0345
4.6500
4.2864
4.9605
4.5139
4.4797
4.4936
4.0338
4.5002
4.8545
4.9936
4.4787
4.3764
4.3662
4.2165
4.1324
4.1799
4.2834
4.2972
4.4390
4.3824
4.2599
4.6221
4.2738
4.0296
3.9990
4.7069
4.4023
4.7450
4.6117
4.8689
4.7736
5.0682
5.5640
5.6358
5.4199
5.0954
4.9907
5.0105
5.2383
4.7328
4.5060
4.7663
5.0968
4.7626
4.9880
4.8404
5.2830
4.8809
5.0600
4.7035
5.0045
5.0804
5.2719
5.1475
4.8993
5.0569
5.0046
5.4103
5.5366
5.5078
5.7344
5.5980
5.4581
4.8316
4.5394
4.8030
4.9260
4.8958
4.8411
4.9243
4.6632
4.8882
4.7344
5.0930
4.9124
4.4554
4.5846
4.4796
4.5203
4.7255
5.2040
4.8135
4.7145
4.7602
4.7561
5.2522
4.3781
4.9021
4.7379
4.9685
5.0485
4.9444
4.9185
4.8146
4.8595
4.5534
4.7794
4.5586
4.3410
4.7121
4.8100
5.3344
5.8678
5.6173
5.1413
5.0095
5.1029
5.0388
5.3335
5.5621
4.9736
4.9874
4.9897
5.3271
5.6968
5.1735
5.1931
5.5375
5.4710
5.3672
5.2818
5.2216
4.9045
4.9085
4.9714
5.0047
4.7563
4.9140
5.1677
5.0110
4.5418
4.4932
4.7373
4.7110
4.5464
4.5806
4.7080
4.7913
4.6657
4.8242
4.5288
4.4480
4.5553
4.5235
4.4867
4.4667
4.6517
4.9879
4.5278
4.8046
4.9080
4.8231
4.8778
4.7801
4.4996
4.6353
4.5594
4.4966
4.3708
4.5247
4.8295
4.9316
4.8677
4.7211
5.3322
5.1453
5.0566
4.9617
4.8227
4.9001
4.9716
4.9459
4.9818
5.4490
5.2297
5.2359
5.2837
5.2843
5.1418
4.9116
5.0023
4.8634
4.8310
4.8393
4.9950
4.3924
4.7836
4.8697
4.9343
4.7865
4.5322
4.2225
4.0671
4.1165
4.5216
4.5270
4.8256
4.6067
4.4524
4.8584
4.8075
4.7400
4.9238
5.1686
4.3059
4.5534
4.2531
4.5470
4.3134
4.3946
4.8145
4.9435
4.9409
4.7861
4.6334
4.4076
4.4665
4.7824
4.5482
4.4625
5.2141
4.9980
4.8355
4.7281
5.1381
4.9456
4.7326
4.5214
4.5753
4.9761
4.5033
4.8638
4.5129
4.3401
4.7155
4.6836
4.6808
4.6447
4.5562
4.7084
5.0028
4.9377
5.2818
5.2269
5.0265
4.9354
4.6686
5.1580
5.1168
5.2210
4.9103
5.2150
4.8145
5.1796
4.8621
4.6351
4.9682
4.8928
4.8981
4.6831
4.8937
4.7234
4.7492
4.6370
4.9096
4.8720
4.4911
4.8178
4.8661
4.4634
4.8222
4.6541
4.7000
4.8213
4.7287
4.5120
5.2933
5.3931
5.0098
4.5915
4.1988
4.2507
4.0565
4.3676
4.6205
4.5911
4.2571
4.3673
4.2829
4.3080
4.1601
4.5937
4.6398
4.7811
4.9465
4.8406
5.0538
4.7528
4.5930
4.6595
4.8499
5.1948
4.7726
4.8892
4.7013
5.2162
4.6248
4.7155
4.9817
4.7474
4.4553
4.4803
4.2505
4.1119
4.3823
4.5853
4.8779
4.5070
4.8710
4.8652
4.4244
4.2245
4.3609
4.5491
4.1596
4.4539
4.1528
4.0910
4.1333
4.3213
4.4480
4.1778
4.2974
4.6105
4.3728
4.2605
4.4008
4.3034
4.2997
4.1182
4.0240
4.3189
3.9919
3.7662
3.8800
3.7259
4.0474
4.3567
4.3490
4.6752
4.7248
4.2862
4.6882
4.7733
4.4135
4.3070
4.2651
4.2096
4.4328
4.4004
4.4075
4.1254
4.7714
4.2641
4.4498
4.7614
4.9564
4.9673
5.5440
4.9413
4.7182
4.7041
4.6082
4.4610
4.3563
4.5685
4.3115
4.2296
4.3161
4.7137
4.3135
3.9704
4.2182
4.2900
4.3043
4.8252
4.9728
5.1155
5.0407
4.9613
4.7641
4.6658
4.6324
4.7374
4.5652
4.4809
4.4348
4.2211
4.5524
4.8350
5.2460
4.9894
4.8373
4.6403
4.5919
4.5409
5.0164
4.7276
4.7449
4.7999
4.3912
4.7677
4.7504
4.8369
4.7729
4.7287
5.2527
5.0727
4.6375
4.5868
4.7617
4.7595
4.8023
4.9765
5.1459
4.8183
4.8313
4.3832
4.6005
4.6727
4.8510
4.6751
4.4989
4.2627
4.3806
4.1697
4.1017
4.4713
4.6272
4.1858
4.4750
4.2730
4.6360
4.3851
4.4876
4.6714
4.6534
4.6252
4.3577
4.6370
5.1213
4.5154
4.4143
4.6639
4.8347
5.0766
5.2484
5.2427
4.8782
4.7622
5.1079
5.1200
5.5100
5.5105
5.2655
5.3672
5.3461
5.6243
6.0837
5.7506
5.6241
5.5336
5.8437
5.5467
5.8227
5.5116
5.3670
5.1934
4.7266
4.9023
4.9103
4.9961
5.3755
5.7043
5.5908
6.0878
5.7596
5.8806
5.3655
5.4819
5.4687
5.5270
5.5783
5.4510
5.2777
5.2254
5.4347
5.3130
5.1374
5.6737
5.9340
5.7004
5.2160
5.2245
5.2341
5.4362
5.1045
5.1605
4.7986
4.7140
4.4900
4.9954
5.2159
5.4122
5.4743
5.6112
5.3436
5.3712
5.1550
4.9518
4.9308
5.4933
5.5212
5.3294
5.5307
5.1360
4.6224
5.0312
4.7732
4.5737
4.8678
5.2608
5.6392
5.6282
5.1131
4.9535
5.0840
5.2717
4.9699
4.9405
4.9576
4.8675
5.2394
5.0164
5.0944
5.3450
5.5506
5.2503
4.9998
4.7745
4.9295
4.2393
4.3751
4.3425
4.1971
4.3003
4.5082
4.3262
4.5251
4.5725
4.4513
4.5443
4.1844
4.3604
4.3584
4.3581
4.1205
4.0957
4.2641
4.3969
4.1604
4.0336
4.2902
4.5449
4.7161
4.8704
4.9459
4.5894
4.4488
4.4719
5.4217
5.4418
5.5420
5.4666
5.5071
5.2360
4.8542
4.6243
4.3122
4.4166
4.3288
4.2319
4.4756
4.3410
4.1267
3.9555
4.0787
4.1565
4.4536
4.1698
4.0665
4.3326
4.1317
4.6558
4.4194
4.5030
5.0415
4.6841
4.9966
4.7809
4.8204
4.3683
4.4896
4.8294
4.9886
4.9395
5.3636
5.8843
5.6859
5.7099
5.3464
5.4978
5.3970
6.0016
5.4029
5.5768
5.4648
5.3801
5.2314
5.0628
5.1431
5.4722
5.3735
5.7561
6.1488
5.9872
5.7684
5.7388
5.6080
5.8265
5.6393
5.5259
5.5281
5.2775
5.1883
5.5866
5.0008
4.8688
5.4182
4.9332
4.8960
4.9505
4.5759
4.2741
4.8542
5.2491
5.3142
5.1899
5.0240
4.2681
4.2915
4.3748
4.4618
4.7699
5.0871
5.1989
5.4793
5.1910
5.6172
5.5200
4.8740
4.5913
4.3943
4.6384
4.5697
4.6521
4.6930
4.7388
4.8408
4.9112
4.6603
4.2889
4.4693
4.5307
4.9133
4.8668
4.7569
4.7514
5.1112
5.4072
5.2540
5.7409
5.8221
5.5432
5.4201
5.6096
5.7181
5.7272
5.3987
4.9026
4.8295
4.7723
4.4736
4.3186
4.5761
4.6771
5.0286
5.1751
4.6188
4.5598
4.7020
5.0346
5.3395
5.5982
5.1775
5.1195
5.0830
5.0585
5.0683
4.5918
5.1257
4.7657
4.8598
4.9818
5.4356
4.9472
4.8889
5.5382
5.3923
5.2162
4.9801
5.4844
5.6703
5.8200
5.2669
5.3915
6.3290
6.3656
6.0818
5.4397
5.3752
5.0758
5.0649
5.1094
5.2474
5.2640
5.5037
5.6122
5.3867
5.4808
5.3848
5.6530
5.7688
6.1896
6.0551
6.1440
5.6742
6.3519
5.9417
6.4479
6.1039
5.8257
5.0982
4.8758
5.2678
5.2599
5.9324
5.5734
5.3577
5.4458
4.9138
5.1726
5.8915
5.2648
4.9884
4.9102
5.2064
4.9153
4.9815
5.1938
4.7950
4.6360
4.6916
4.4226
4.4359
4.3495
4.1486
3.9240
3.8512
3.9533
4.6110
4.6700
4.6821
4.1639
4.1101
4.4554
4.1728
4.2858
4.2650
4.3507
4.2759
4.4651
4.3906
4.0216
4.3987
4.2880
4.1280
4.1461
3.9933
3.7746
4.4914
4.2564
3.9775
3.9233
3.8830
4.2644
4.5131
4.2506
4.2061
4.5134
4.4357
4.3011
4.3741
4.1841
4.4190
4.4271
4.7359
4.5889
5.0475
5.4200
5.0741
5.4830
5.3412
5.8919
5.4841
5.6098
5.6297
5.2473
5.2776
5.2650
5.7576
5.7856
5.3946
4.7850
4.7439
4.8070
4.4894
4.9806
5.2930
4.9886
5.0543
5.1768
5.1390
4.8977
4.5987
4.4297
4.7564
4.8430
4.7667
4.9103
4.6791
4.5802
4.8051
4.8472
4.9253
4.5616
4.5903
4.7118
4.8047
4.4209
4.5073
4.7745
5.0886
5.2825
5.0368
5.2871
5.2077
4.8937
5.0435
5.3019
5.1066
4.6878
5.0573
4.6983
4.7963
4.7426
4.9263
4.7925
4.8877
5.2388
5.2438
5.3806
5.3950
5.4508
5.6684
5.6685
5.0565
5.0291
4.9776
5.5011
5.2858
4.9586
4.9985
5.1779
4.5771
4.7919
4.4546
4.3779
4.5789
4.6612
4.7704
4.5346
4.7091
4.5603
4.5922
4.7028
4.3991
4.7599
4.8672
4.5430
4.5241
4.6741
4.4303
4.6753
4.7307
4.7302
4.5427
4.6725
4.5539
4.5569
4.3125
4.2588
4.4978
4.4930
4.8057
4.8450
4.6077
4.7662
4.7624
4.6078
4.9776
4.3229
4.6473
4.8850
4.6450
4.5277
5.2480
5.6496
5.6343
5.9049
6.0051
5.3585
5.0801
5.3332
4.7854
5.0590
4.8378
4.5371
5.0147
5.1522
4.9254
4.7074
5.1265
5.1168
6.0785
5.8562
5.7681
5.4310
5.1636
4.8877
5.2042
4.9160
5.3094
5.0924
4.7120
4.9411
4.6467
4.9697
5.0494
5.1345
5.2503
5.6641
5.6503
5.7654
5.9101
5.5507
5.7504
5.4616
4.9302
4.8902
5.1254
5.2555
5.2570
5.5596
5.2164
4.7813
4.7786
4.5243
4.7537
4.8828
4.1965
4.8405
5.0389
4.9746
5.2675
5.3481
5.1013
4.8686
4.8752
4.9643
5.2902
5.3933
5.2160
5.1730
5.1457
5.1002
5.0182
4.8980
5.0382
5.9922
5.3045
5.3287
5.7599
5.2771
5.3699
5.5005
5.6827
6.1079
5.7882
5.4982
5.5949
5.4301
5.1302
4.9837
5.2532
5.3365
5.6564
5.3013
5.2832
5.6618
5.9865
6.0558
5.8975
6.0486
5.7229
5.9505
5.7496
5.6657
5.5248
6.0390
6.0043
5.7031
6.1154
5.7934
5.7900
5.6535
5.7171
5.5892
5.2869
5.3821
5.3485
5.3368
5.2083
5.1282
5.1268
5.0362
5.4084
5.7535
5.1316
5.2386
5.0234
5.2790
5.2746
5.1136
4.7502
5.1515
4.9250
5.1549
5.3084
5.3611
5.1699
5.0517
5.0477
4.8088
4.7383
5.0822
5.0541
5.1530
5.0591
4.9441
4.6411
4.9200
4.7157
4.7389
4.6092
4.4357
4.9287
4.6525
4.7467
4.6697
5.0356
4.9569
4.6216
4.3117
4.1802
3.9944
4.5307
4.5886
4.6939
4.8744
5.3228
4.9988
4.8709
4.8263
4.7312
5.3625
5.0938
5.1531
4.6410
4.2423
4.2593
4.4076
4.3464
4.4089
4.3644
4.5420
4.5935
4.1667
4.2238
4.1839
4.6218
4.1130
4.6001
4.7780
4.6942
4.9059
4.6766
4.6827
4.5995
4.7094
4.1634
4.2262
3.9825
4.3949
3.9520
3.9039
3.7471
3.7305
3.6730
3.9885
4.0276
3.8473
4.0111
3.8712
3.8642
4.4568
4.5166
4.6157
4.5641
4.6326
5.1039
5.5200
5.6780
5.7710
5.6976
5.7429
5.7628
5.8303
5.5652
5.5739
5.3194
5.4340
5.5043
5.0372
4.9711
4.5297
4.8441
4.9732
5.1055
4.9894
5.4276
5.5289
5.8420
6.2221
6.0720
6.0344
5.7326
5.4931
5.1788
5.4043
5.6405
5.8062
5.4271
5.5311
5.2840
5.1929
4.8057
4.8790
5.1730
5.0851
4.6460
4.3355
4.4714
4.5187
5.1398
4.9512
4.9131
4.7075
5.1496
5.1079
5.2220
5.1197
5.4933
5.0055
5.5511
5.2461
5.5209
5.5334
5.1680
4.8996
5.0950
6.0009
5.6151
5.2847
4.9476
4.7447
5.1168
5.1062
5.1568
5.2974
5.2923
5.7193
5.5768
5.2680
4.8107
4.2678
5.1629
4.9302
5.0712
4.9922
5.2854
4.4047
4.2391
3.9671
4.4461
5.0803
4.9022
4.7379
4.3248
4.3642
4.4943
4.1733
4.6146
4.6517
4.4587
4.3100
4.3480
4.3083
4.6732
4.1217
4.1989
4.4236
4.8811
4.6104
4.7549
4.5736
4.0938
4.5707
4.7157
4.5130
4.5722
4.9320
4.6233
4.8239
4.6046
4.5151
4.8545
4.7741
4.9764
4.8945
4.9729
4.6497
4.9191
4.7055
4.9156
4.7569
4.9189
4.9974
4.7270
4.4842
4.6996
4.7843
4.5497
4.6685
4.2089
4.5291
4.2843
4.5657
4.4954
4.8754
4.7597
4.9564
4.7061
4.7999
5.0593
4.4474
4.8388
4.9516
4.7908
5.0674
5.0396
5.2822
5.0963
5.1527
5.1339
5.2714
5.0459
4.8167
4.8600
4.7505
4.7486
4.4970
4.6180
4.5824
4.7319
4.4656
4.4388
4.6776
4.7210
4.5174
4.3412
4.4708
4.4451
4.6576
4.4979
4.9110
4.7868
4.7879
4.5467
4.9360
4.8224
4.5493
4.7742
4.8416
4.3015
4.3783
4.4045
4.2445
4.2098
4.3730
4.5026
4.1826
4.3792
4.3952
4.8660
4.9803
4.5257
4.1123
3.9160
4.0547
3.6945
3.7403
4.0019
3.8724
3.9832
4.2431
4.6678
4.8426
4.7425
4.2695
4.1042
4.0230
4.1311
4.3345
4.1228
4.1060
4.1310
4.3340
4.2522
4.4120
4.4646
4.4223
4.5851
4.8030
4.9605
4.7676
4.5087
4.7670
4.9548
5.2027
4.8686
5.0348
4.8645
5.1062
5.0532
4.9706
4.6380
4.8493
4.8006
4.9231
4.7733
4.5517
4.5735
4.6690
5.4549
5.0178
5.3081
5.5524
5.5242
5.2665
4.6731
4.6502
4.8491
5.6187
5.0886
4.4073
4.4970
4.3746
4.2777
4.0860
4.2489
4.0773
4.2012
4.9021
4.6976
4.9543
5.1982
5.1983
5.4167
4.9006
4.8071
4.6582
4.8478
4.6672
4.4604
4.5080
4.3830
4.4104
4.3441
4.2428
4.1803
4.0262
4.2748
4.1754
4.0523
4.3129
5.1111
4.4355
4.0189
4.3434
4.6875
4.5518
4.7458
4.7291
4.7463
4.7739
4.5881
5.1336
5.1083
5.0958
4.8437
4.9230
5.0842
5.2681
4.9432
4.7658
4.6920
4.5472
4.4288
4.5601
4.2897
4.4455
4.2927
4.2695
3.9502
4.0538
4.1769
4.3430
4.5423
4.6239
4.3164
4.7204
4.8016
5.0506
4.8886
4.9077
5.0666
4.7914
4.6904
4.4847
4.2133
4.5759
4.4866
4.4754
4.2797
4.0038
3.9323
4.1737
4.2675
4.5657
4.2181
3.9259
4.6729
4.2920
4.3137
4.1716
3.8930
3.9166
4.3289
4.4406
4.8485
4.4165
4.5452
4.7218
5.1609
4.8291
4.6220
4.6419
4.7880
4.8111
4.9501
4.9549
4.5180
4.4840
4.5406
4.5453
4.4880
4.6771
4.7547
4.5222
4.5915
4.6492
4.0656
4.0797
3.9314
4.1559
4.0308
4.0241
4.1214
4.4042
4.2393
4.6588
4.6880
5.2930
5.4446
5.6240
6.0403
5.8065
5.7063
5.8409
5.7061
5.3158
5.0021
4.7517
4.7612
4.7500
4.7565
5.0022
5.0903
5.1744
5.3959
5.4346
5.8090
5.8342
5.4234
4.9152
5.0782
5.3386
5.1209
5.2056
5.3847
5.4968
5.1771
4.8067
4.9027
5.1830
5.2447
5.3066
5.3506
5.0124
4.9154
5.2720
5.5908
5.3239
5.2361
5.4558
5.4923
5.5427
4.9502
5.0743
5.2064
5.1804
5.1950
5.3258
5.2685
5.5200
5.4372
5.0123
5.3290
5.6448
5.8230
5.9279
5.4847
5.4573
5.4425
5.5247
5.2798
5.2722
5.2685
5.5939
5.2102
5.4067
5.2123
5.4923
5.6694
5.7719
4.9665
4.8006
4.9996
4.7146
4.5363
4.6029
4.7278
4.7036
5.0650
4.8904
5.1646
4.9251
4.6505
4.8768
4.9567
4.9305
5.2379
5.0700
4.9723
4.8878
4.9691
4.7049
4.9961
5.2462
5.2613
5.0610
4.8526
4.9465
5.0623
5.2260
5.3479
5.0223
5.0826
5.1217
5.3035
5.2357
5.5995
5.7145
5.5404
5.7593
5.7396
5.7353
5.7463
5.7431
5.7676
6.0537
6.0855
5.2200
4.7752
4.8666
4.7748
4.7880
4.7646
4.7242
5.3815
5.3487
5.3723
4.7955
4.6664
4.7038
4.7572
5.0023
4.7855
4.8277
4.6166
4.6188
4.8420
4.8698
4.9313
4.4557
4.3751
4.2397
4.1501
4.1702
4.9067
4.2530
4.4345
4.2112
4.0826
4.1965
3.9273
4.0080
4.2133
4.3713
4.8493
5.1448
4.8689
4.7051
5.2103
5.3088
5.3176
5.7056
5.6976
5.3415
4.9839
4.7884
4.7700
4.8813
5.2127
4.9404
4.5630
4.7894
5.1681
5.3337
5.7172
5.0422
4.9822
5.2363
5.7241
5.1114
4.7934
4.7485
4.3646
4.6552
4.2950
4.5449
4.6009
4.2772
4.6399
4.8457
4.5392
4.1678
4.7774
5.0506
5.3874
5.2213
4.8360
5.1931
4.8558
5.2683
4.7752
4.9619
4.9641
4.8527
4.9679
4.7272
4.8978
5.0390
4.9916
5.1077
5.1690
5.1513
4.9759
5.2348
4.9196
5.1999
4.9397
5.2236
5.2408
5.0490
5.1766
4.8856
5.2609
5.3236
5.3277
5.3716
5.5497
5.2408
5.4891
5.3986
5.4096
4.6000
4.6540
5.1686
5.2765
5.4067
5.3719
5.4242
5.6898
5.5652
5.8284
5.5688
5.1813
5.3931
5.0993
5.4581
5.2545
5.6543
5.6444
5.3023
5.6519
5.2627
5.3840
4.8424
4.4837
5.0034
4.6027
4.4975
4.7212
4.9502
5.1913
4.8010
4.9681
5.0279
5.1527
5.0907
5.3913
5.3341
5.3201
5.1105
5.1116
4.7883
4.8794
4.9369
5.0482
5.5424
5.5185
5.6765
5.3622
5.3067
4.8913
4.5927
4.6468
4.8623
4.6122
4.3336
4.6482
5.0356
4.6952
4.5939
4.9696
4.8368
4.8116
4.8638
4.8652
4.9930
5.1317
4.7070
5.0500
4.9160
4.8756
4.4941
4.4146
4.2696
4.5108
4.2343
4.3414
4.3693
4.4557
4.4017
4.4143
4.4413
4.7685
4.6636
4.7526
4.5322
4.3321
4.2415
4.5678
4.2461
4.0988
4.4139
4.7114
4.7452
4.8368
4.3533
4.1733
4.2200
4.3301
4.2170
4.1041
4.3115
3.8866
4.0644
4.2239
4.3088
4.3199
4.6866
4.3924
4.0219
4.2029
4.0682
4.5212
4.5006
4.6916
4.6084
4.6791
4.8807
4.5551
4.5966
4.7472
4.6643
4.2338
4.5197
4.7241
4.9524
5.1402
4.9203
4.7153
5.4744
5.3919
5.2664
5.1297
5.5586
5.3661
5.1205
4.9533
5.2319
5.0292
5.3293
5.1809
5.5693
5.2523
5.2537
4.9730
4.5735
4.4012
4.4756
4.7569
4.7400
4.9777
4.4923
4.7021
4.5139
4.6084
4.7951
4.6317
4.6731
4.3626
4.2480
4.1384
4.1291
4.1231
4.0523
4.1010
4.2944
4.8461
5.1155
5.0424
5.1665
5.6932
5.8959
5.6710
6.1226
6.1019
5.6151
5.5521
5.9113
5.2756
5.6263
5.8487
5.8467
5.9451
5.6745
5.7627
5.8677
6.2222
5.5945
6.0325
5.9374
5.7626
5.9982
5.9061
5.6519
5.6248
4.8633
5.0753
5.2880
5.2800
5.4527
5.2144
4.7015
4.4822
4.9305
4.6279
4.2644
4.6563
4.6268
4.5569
4.3216
4.6884
4.9777
4.9508
4.8287
4.8854
5.3114
5.3311
5.5232
5.5983
5.6178
5.6209
5.5777
5.3428
5.7584
5.5370
5.3937
5.1935
5.1481
5.4324
5.5591
5.5086
5.1909
5.5877
5.5894
5.3196
5.2801
5.3856
5.2519
5.1640
4.8915
4.5764
4.7683
4.7155
4.6849
4.9492
5.2146
4.7824
4.8998
5.4691
5.0946
4.7127
5.0561
4.9684
5.2054
5.4257
5.2398
5.1964
5.7695
6.4353
5.9429
5.6417
5.2418
5.8934
5.8529
6.3766
6.1184
6.8798
6.8012
6.4929
6.4698
6.5171
6.1852
6.0981
6.1358
5.8333
5.6716
5.8043
5.7740
6.0739
5.8239
6.2485
5.5397
5.4376
5.3500
5.5140
4.8267
4.5292
4.8269
4.8851
5.1850
5.0065
4.9476
4.9879
5.3205
5.6640
5.2523
5.1353
5.0809
4.9156
4.6321
4.7288
5.2595
4.8148
5.1824
5.1547
4.7553
4.7981
4.7404
4.9333
4.4729
4.9896
4.4259
4.8675
5.0513
5.2358
4.7285
4.2760
4.6137
4.8593
5.1137
4.9649
5.1160
4.7919
4.6947
4.4158
4.4905
4.3520
4.9800
5.0512
5.0461
5.1967
4.7019
4.9493
5.0589
4.8951
4.9300
5.0190
5.2408
5.0745
5.1212
5.4941
5.3741
5.8604
5.4430
5.5690
6.2079
5.7820
5.5941
5.4114
5.1623
5.1443
5.2337
5.5076
5.3774
5.8772
5.8940
5.6768
6.2879
6.2638
6.2037
6.2804
6.1578
6.4495
6.6451
6.4931
6.1039
6.7303
6.4918
5.7543
5.9816
5.5637
5.7045
5.8418
5.9115
5.7797
5.6882
5.4645
5.5698
5.4568
5.2572
5.1482
5.5398
5.2655
5.1813
5.3169
5.8329
6.1299
5.5740
5.4835
5.5131
5.6886
5.4774
5.6953
5.5877
5.6601
5.8797
5.9104
5.3071
5.1835
4.8387
5.0999
5.1883
5.7756
5.6743
5.7750
5.6146
5.1463
5.3199
5.1992
5.2145
5.1423
4.8180
4.4898
4.4687
4.8066
5.0432
4.6308
4.2333
3.8977
4.2837
4.2217
4.5106
4.4712
4.7853
5.0280
5.0306
5.1472
4.7113
4.6938
4.4326
4.2695
4.1740
4.2172
4.5896
4.5285
4.8724
4.6135
4.7570
4.3744
4.3159
3.9428
4.4267
4.4555
3.9466
4.2413
4.2082
4.3895
3.9326
4.0854
4.7217
4.2243
4.0041
4.1418
4.1489
4.1390
3.8140
4.0553
4.0927
4.1745
4.5851
4.9378
4.8069
4.6295
4.4916
4.5131
4.4175
3.9731
4.2794
4.6108
4.3206
4.5604
4.8981
4.6578
4.8833
4.8824
4.4621
4.1652
4.0339
4.1034
4.1214
3.7396
3.6032
3.7334
3.5545
3.7822
3.9773
3.8083
4.0408
3.7435
3.7338
3.8134
3.9611
4.3151
4.1764
4.0864
4.2917
4.2803
4.3983
4.2331
4.6208
4.3813
4.6436
4.8484
4.6452
4.7671
4.8604
4.8867
4.8502
4.9871
5.0514
4.9978
4.7900
4.6524
4.7379
4.5118
4.8579
5.2348
5.2291
5.2933
5.2131
5.5857
5.7429
5.6316
5.0931
4.7957
5.0093
5.0430
4.8824
4.8357
4.7657
4.8247
4.7787
5.0845
4.7423
5.2464
5.4034
5.1371
4.9826
4.6036
4.6999
4.8742
4.7807
4.7333
4.6352
4.5657
4.5844
4.4006
4.6831
4.5627
4.7148
4.5541
4.5812
4.2059
4.3472
4.2665
4.2144
3.7922
3.8880
3.9988
4.0816
4.8143
4.4601
4.5135
4.5618
4.4670
4.6505
4.6007
4.8840
4.5965
4.6825
4.6418
4.4716
4.2180
4.3214
4.2716
4.2862
4.6073
4.5598
4.4797
4.6042
4.4764
4.8740
4.3781
4.4427
4.3643
4.2821
4.4189
4.5130
4.5068
4.2706
4.3453
4.1660
4.3128
4.3450
4.4250
4.9111
4.5290
4.6940
4.6585
4.7183
4.3660
4.1423
4.1829
4.1979
4.3499
4.2261
4.1265
3.6568
3.6140
3.7596
3.9170
3.8483
3.5492
3.8562
3.9863
3.9003
3.9216
4.0889
4.4053
4.5292
4.7047
4.8762
4.6804
4.9377
4.7742
4.3877
4.3958
4.6261
4.3631
4.5247
4.5741
4.5938
4.9777
5.4317
5.6627
6.0178
5.6943
5.8650
5.5552
5.1132
5.0430
4.6595
4.5087
4.7090
4.9298
5.2308
5.7493
5.8229
5.3416
5.2414
4.8884
5.0500
4.9433
4.7366
4.7434
4.7379
4.6683
4.8680
4.5232
4.8096
4.6956
4.6560
4.5265
4.6991
4.4744
4.8514
4.8349
4.8837
4.7307
5.2032
4.7047
4.6478
4.7844
4.5271
4.5354
4.4094
4.5374
4.8459
4.5013
4.6016
4.5875
4.5020
4.7506
4.6696
5.3592
5.0625
5.0290
4.9101
4.6499
4.3879
4.7302
4.5842
5.2360
4.6986
4.7093
4.5050
4.4106
4.5306
4.4960
4.2245
4.0675
4.0341
4.3394
4.2602
4.5007
4.0060
4.1878
4.0801
4.2536
4.1344
4.7341
4.8363
4.7876
4.7093
4.6797
4.6623
4.3020
4.6319
4.4681
4.8177
4.7324
4.7361
4.9899
4.8488
4.7759
4.6813
4.8832
5.0856
4.7930
4.8632
4.9977
4.8828
5.1178
4.8943
5.1874
4.7096
4.8537
4.8836
4.7756
5.0072
4.8340
5.0347
4.8283
5.2965
4.9023
4.5883
4.9367
4.7027
4.8933
4.8688
4.7295
4.5295
4.5553
4.4165
4.2136
4.5154
4.1894
4.0507
3.8958
4.0758
4.1635
4.0438
4.1572
4.0668
3.9208
4.4148
4.2135
4.2159
4.4642
4.6776
4.6293
4.5776
4.6562
4.4181
4.4729
4.5272
4.9332
4.9043
4.5939
4.6569
4.6360
4.4918
4.7497
5.2774
4.9778
5.0357
4.7824
5.1427
5.5034
5.3648
5.0219
4.7808
4.8003
4.7736
4.6134
5.0383
5.0466
5.2455
4.8678
4.7229
4.4804
4.2801
4.3539
4.0605
4.0596
4.2982
4.4128
4.3371
4.1670
4.2388
4.5048
4.5920
5.0365
4.4866
4.6114
4.8796
4.7493
4.8055
4.6960
4.9574
4.6864
4.6250
4.5839
4.6577
4.6916
4.7043
4.8549
4.5235
4.1501
4.6106
4.2787
4.1490
4.4093
4.6642
4.6128
4.6786
5.0881
5.0827
4.8954
4.5618
4.6327
4.5798
4.8989
4.4733
4.6866
5.0183
5.1286
5.1039
5.2356
5.1094
5.2959
5.4727
4.9696
4.9156
4.9689
4.7528
5.3609
4.8895
4.7703
5.3367
5.2044
5.2970
5.2879
5.3349
5.6041
5.2853
5.0927
5.0144
4.9706
4.8928
4.7413
5.0179
5.0137
4.6036
4.6717
4.9102
4.6128
5.1386
5.3296
5.3903
5.0931
5.2325
5.4260
5.5304
5.2378
4.7958
4.9033
4.9476
4.9366
5.0236
5.1865
5.3297
5.2504
4.7856
5.3852
5.4350
4.9474
4.6817
4.4031
4.5824
4.7658
4.5966
4.9938
5.8296
5.4684
5.0951
5.3505
5.3625
4.8843
5.0847
5.2187
4.8257
4.6709
4.5078
4.0301
4.6242
4.4261
4.5614
4.7738
4.8884
5.0207
4.8149
4.7791
4.9247
5.0734
5.0814
5.0451
5.0728
5.3715
4.9315
4.7648
5.0947
4.9480
5.3262
5.3940
4.9634
5.0142
5.3986
5.5731
5.1813
5.1115
5.5844
5.3858
6.0290
5.3962
5.1480
5.6377
5.1305
5.0523
5.5197
5.5399
5.8100
5.8041
5.4170
5.2558
5.5057
5.6669
5.4771
5.4864
5.2356
5.4529
5.4893
5.3039
4.9624
4.7822
4.6463
4.7319
4.7856
4.8204
5.1576
5.0108
4.9627
5.0451
5.0118
5.0487
5.1930
4.9745
5.5285
5.5744
5.8198
5.5193
5.9811
6.0085
5.7439
5.2870
5.0696
5.1430
5.1287
5.3325
5.2438
5.5320
5.3698
5.0131
5.0554
5.4413
5.5498
5.6141
5.7025
5.4475
5.2534
5.6041
5.1090
5.4002
5.1091
5.2758
5.0215
5.0655
5.0746
4.9622
5.1169
5.2727
4.9287
5.3849
5.6026
5.7335
5.3019
5.6610
5.6883
5.7783
6.0142
5.5128
5.8683
6.0156
5.7170
5.7704
5.9559
5.3929
5.6407
5.9923
5.7013
6.0855
5.7657
5.7049
5.7501
5.5357
5.7816
5.5070
5.1936
4.9472
5.4388
5.3306
5.5450
6.2399
6.4024
6.0695
5.6081
6.0231
5.8814
5.7025
6.0580
5.7925
5.6601
5.4079
5.1517
5.3547
5.5063
5.5275
5.8986
5.9780
5.5792
5.4617
5.5230
5.8004
5.5265
5.9453
5.9490
5.9903
5.8162
5.2550
5.3315
5.6863
5.6288
5.7759
6.1675
5.9797
5.8666
6.2061
5.5961
5.7684
5.3307
5.3540
5.2990
5.2965
5.3221
5.7059
6.0243
6.3170
6.0779
5.4241
5.4635
5.7513
5.7118
5.3924
5.2386
5.6928
5.6341
5.4220
5.2478
5.2360
4.9125
4.7964
4.7838
4.8962
4.7427
5.1666
5.3476
4.9679
5.0426
5.4260
5.3840
4.8938
4.8079
4.9690
4.9959
4.9401
5.1581
5.1061
5.4227
5.8340
5.3609
5.1923
5.4174
5.5008
5.4096
5.4192
5.2130
5.3069
5.8856
5.6003
5.1733
5.3835
5.3723
5.2408
4.8622
5.0176
5.4165
5.1576
4.6888
4.6913
4.8004
5.3248
4.5351
4.9857
4.9277
5.0404
5.0337
5.1681
5.4457
5.5060
5.1442
5.7560
5.6721
5.4659
5.5614
5.7509
5.4329
5.5827
5.6156
5.6554
5.6622
6.0184
5.9392
5.5642
5.2634
5.7004
5.3614
5.7583
5.3288
5.8795
5.9294
5.9880
5.6533
5.3925
5.2725
5.3969
5.1319
5.4894
4.9511
4.9983
4.8479
4.9715
5.1498
5.4794
5.1768
4.9583
5.4210
5.8401
5.4519
5.3507
5.6969
5.9725
5.6826
5.4500
5.4343
5.4209
4.7303
4.7104
4.8261
4.5954
4.6771
4.5779
4.2662
4.9582
5.0708
5.1805
4.9182
4.4307
4.6322
5.2328
5.3641
4.8547
4.7280
4.8156
4.6686
4.6468
4.3553
4.3415
4.1411
4.5202
4.8549
4.6032
4.1940
4.5767
4.1927
4.5057
4.6261
4.8309
4.3591
4.5145
4.3449
3.9200
4.3990
4.3410
4.4888
4.2540
4.4988
4.4265
4.8279
4.6931
4.3591
4.3872
4.1529
4.1886
4.7311
5.1159
4.8250
4.8158
4.8609
4.6181
4.6048
4.5232
5.1309
4.7079
5.0171
4.5141
4.6464
4.9716
5.2542
5.2102
5.4581
5.0458
4.7411
4.9488
4.8020
4.8187
4.7357
4.4676
5.0396
5.0547
5.3681
5.2241
5.1961
5.2581
5.0481
4.6864
4.8784
4.7672
4.8712
5.1169
5.0882
5.0679
5.6365
5.4278
5.2204
5.8158
5.4952
5.2921
5.2859
4.9973
5.0795
5.5275
5.0841
5.2885
4.9947
5.0622
5.4063
5.4815
5.3663
5.1990
5.2540
5.1879
5.4559
5.0537
5.5138
5.2879
5.4167
5.1357
4.7263
5.1402
5.7361
5.7932
5.8428
5.6954
5.2899
5.3327
5.4014
5.3265
5.2382
5.3853
5.5175
4.8617
5.0945
5.0432
5.1984
4.7633
5.1693
5.2838
5.0413
5.3892
5.0020
4.9923
5.1753
5.2111
5.4407
5.6738
5.1965
5.0540
4.8676
4.8976
4.7188
5.4147
4.9640
4.7556
4.6945
4.5679
4.8578
5.0573
4.9006
5.1462
4.7977
4.7340
4.8394
4.5650
4.5380
4.3864
4.1916
4.7457
4.6586
5.1015
4.7420
4.6726
5.3079
5.2163
5.3810
5.1994
5.1976
5.0052
5.0492
4.7566
5.0233
5.1732
5.0351
4.8399
5.0439
4.7097
4.5801
4.1673
4.7158
5.0029
5.0981
5.5144
5.2736
5.2429
5.1353
5.1738
4.7567
4.9167
4.6366
4.7317
4.7258
4.9744
4.9042
4.7397
4.7899
4.8168
4.9362
4.9653
4.9552
4.5830
4.6699
4.6965
4.7050
4.6082
4.7353
4.9805
4.4500
4.7327
4.8606
5.1453
4.9964
5.1199
4.6090
4.6176
4.9127
4.8472
4.6715
4.6953
4.7504
4.5922
4.4790
4.4364
4.8285
4.4643
4.6829
4.2520
4.2927
4.3155
4.0874
4.5432
4.4266
4.8023
4.7814
4.7879
4.6812
4.9791
4.9494
4.7364
5.0675
5.1641
5.0327
5.1528
5.2300
4.8456
4.8949
4.7651
4.8860
4.8626
5.0173
4.6950
5.0312
5.0762
4.9444
5.2885
5.1856
5.2550
4.8904
4.8642
5.0887
4.9581
4.9955
5.2907
5.0372
5.2545
5.3663
5.0779
5.1509
5.0252
4.6936
4.8744
4.6997
4.4639
4.6222
4.5608
4.5419
4.2679
4.5882
4.4834
4.7624
4.5982
4.6984
4.5280
4.5481
4.6497
4.4470
5.3082
5.1308
5.4570
5.2199
5.2797
5.1038
5.4572
5.8198
5.2609
5.5979
5.0343
5.1486
5.0770
4.9507
5.1884
5.1063
5.2365
4.7904
5.1299
4.8725
4.8938
5.1103
5.3512
5.4781
5.4393
5.5174
5.6416
5.0403
5.0192
5.0721
5.2635
5.1256
5.0349
5.1906
5.0766
5.2657
5.2956
5.1603
5.1417
5.0513
5.0592
5.0280
5.2596
5.4543
5.7952
5.6405
5.8560
5.4837
5.5602
5.3350
5.2761
5.4876
5.5803
5.3128
5.2804
4.9849
5.4387
5.2452
5.2101
5.2800
5.2409
5.0438
4.9570
4.9190
4.4470
4.4819
4.1397
4.2080
4.1616
4.7226
4.5298
4.8367
4.7260
5.1268
5.0143
5.4160
4.9214
5.3151
4.8451
4.4598
4.7896
4.9261
4.8368
4.9075
5.1074
5.3579
5.4444
5.3523
5.4364
4.9575
5.2831
5.2244
5.3979
5.7127
5.9547
5.7206
6.2343
5.9188
5.8717
5.7492
5.7432
5.5417
5.3043
5.4593
5.0967
5.4188
5.2348
5.0472
4.9640
4.8644
4.9158
5.1341
5.2241
5.4945
5.0125
4.8939
4.4526
4.7010
4.9475
4.4083
4.4985
4.3639
4.4019
4.0799
3.8813
4.0139
4.1117
4.1587
4.3945
4.2692
4.2285
4.5701
4.3887
4.4976
4.6853
4.4219
4.3112
4.6231
4.8383
4.5741
4.8873
4.8476
4.5056
5.0089
4.8034
4.9032
5.0229
4.7571
4.5600
4.5744
4.2559
4.4906
4.6784
4.4397
5.0337
5.0446
4.4622
4.9834
4.7552
4.6783
4.8215
4.9165
4.9346
4.7927
5.0004
5.1493
4.9911
5.0332
4.9909
4.8128
4.7750
5.0300
4.8823
4.8599
5.0440
4.7379
5.1481
5.2578
5.2378
4.9651
5.2078
4.8682
5.3794
5.7575
5.0691
4.7332
4.5624
4.9426
4.9009
4.8142
5.0147
4.9449
4.9475
4.8679
5.0083
5.0266
4.6697
4.9016
5.0974
5.3401
5.4683
5.5257
5.7324
5.8605
5.5375
5.4470
5.4530
5.4767
5.4195
5.3003
5.0658
5.4209
5.4681
5.0792
4.7967
5.0492
4.9860
4.8340
4.9451
4.8820
4.9984
4.9450
5.3841
5.6890
5.2315
5.3140
5.3913
5.7120
5.7657
5.5738
5.2820
5.0834
4.9326
5.1045
5.2439
5.1361
5.6208
5.7486
6.0287
5.8286
6.1053
5.9754
5.9114
5.4736
5.2948
4.9630
4.9527
5.2767
5.2562
5.1322
5.4905
5.6876
5.6481
5.5515
5.4668
5.2487
5.3359
5.6160
5.3624
5.4638
5.4447
5.6954
5.1918
5.1530
4.7395
4.8065
4.6380
4.8746
5.3557
5.6582
5.1903
5.2018
5.2390
5.6339
5.2104
5.0240
4.6413
4.9106
5.1245
4.9848
4.9714
4.5086
5.0432
4.9401
4.9102
5.2634
5.3383
5.1742
5.1579
5.0273
4.7833
4.7811
4.5803
4.7694
4.9293
4.8619
4.5625
4.7291
4.8541
5.2542
4.4867
4.5976
4.8744
4.8550
4.6731
5.2275
4.9829
5.1288
4.7248
5.3658
5.3991
5.5661
5.2761
4.8264
4.9557
5.2331
5.4500
5.1981
5.0655
5.1378
5.2507
5.2662
5.2750
5.3029
5.3731
5.2841
5.1719
5.1504
5.2052
5.4412
5.4027
5.2441
5.2644
4.9899
5.5829
5.3322
5.4703
5.3973
5.3478
5.5837
5.5643
5.5303
5.4115
5.2677
5.6805
5.1927
5.2540
5.4599
5.7159
5.6185
5.6822
5.8196
5.7446
6.1350
5.7540
5.6286
5.6682
5.4432
5.6942
5.5572
5.6777
5.2039
4.8978
4.9882
5.1071
5.3453
5.3477
5.3941
5.3714
5.3617
5.7697
5.9502
6.0293
5.7395
5.1275
5.5789
5.4346
5.8235
5.3400
5.2878
5.0532
5.2188
5.5958
5.3903
5.2873
4.8783
5.2542
4.9450
5.0032
5.0102
4.9661
4.9095
5.0666
4.9468
4.9342
4.9959
4.8427
4.9011
4.6201
4.9910
4.8371
4.8791
4.5904
4.8545
5.1803
4.6702
4.9636
5.0059
5.0074
5.1314
5.2037
4.9855
5.1894
5.3929
5.1743
4.7426
4.6567
4.4629
4.8676
5.0045
5.0105
5.1038
5.3670
5.1623
4.9951
5.0675
4.9689
5.4202
5.0035
4.9000
5.2018
5.1913
4.9929
5.1101
4.7265
4.6384
4.7653
4.6225
4.5755
4.6739
4.6852
4.5827
4.3864
4.5052
4.6283
4.5055
4.4395
4.4276
4.7141
4.7767
4.6878
4.4217
4.6643
4.7290
4.8478
4.9868
4.7521
4.8682
5.0332
4.9123
5.2797
4.8774
5.0966
5.3565
5.2815
5.5600
5.0679
5.0077
5.0023
5.2176
4.7306
4.8302
5.0645
4.8969
4.7688
4.8247
4.7157
4.6872
4.7187
4.6155
4.5395
4.8029
5.0396
5.2566
5.2833
5.0158
5.1605
5.2123
5.2382
5.4409
5.0868
5.1317
5.2001
5.0704
5.0185
5.4894
5.1993
5.4128
5.2428
5.7977
5.4648
5.2122
5.0607
5.3991
5.0185
5.1488
5.2847
4.9149
5.0878
5.0456
5.2110
5.3937
5.5955
5.1595
5.4004
5.7412
5.7605
5.3486
6.0333
5.6456
5.6119
5.8215
5.2909
5.5374
5.0551
4.8388
5.2786
5.2892
4.8799
4.8618
5.0422
4.7711
4.9723
4.6597
4.4572
4.9416
4.8761
4.9331
4.6441
5.0233
4.9487
5.1971
4.9339
5.1342
4.9041
5.2491
5.4724
5.0411
4.8569
4.9206
5.3341
5.2121
5.3603
5.6714
5.3856
5.1855
5.1627
5.2477
4.9496
4.6893
5.1964
5.3171
5.3813
5.1355
5.4745
5.1996
5.0598
5.1589
4.9938
5.2967
5.2098
5.0969
5.0435
4.8663
5.0048
5.2000
5.4976
5.1861
5.0296
5.2009
4.9013
4.7703
5.3223
5.4951
5.4118
5.3378
4.9866
5.3336
5.2343
5.0454
5.4214
5.0247
4.8342
5.0608
5.3496
5.0467
5.5714
5.3557
5.4523
5.4067
5.2319
5.1186
5.0682
5.2014
4.9072
5.8113
5.3915
5.0077
5.1642
4.7390
4.9685
5.2774
5.1630
5.3953
5.4023
5.2373
4.9262
4.8118
4.8486
4.6072
4.7514
4.5597
4.5982
4.8103
4.9279
4.5489
4.8135
4.8213
5.0455
4.9920
4.7635
4.8360
5.1663
5.2049
5.0837
5.4641
4.8162
4.8928
4.6608
4.8033
4.9655
4.5341
4.9450
4.7813
4.8906
4.9915
5.1493
5.2089
5.0089
4.9141
4.7015
4.9728
5.3091
4.9312
5.0441
5.0334
4.7489
4.8277
4.8968
5.4953
5.2980
5.2573
5.1081
4.9431
5.3809
5.1057
5.1595
5.2710
5.6581
5.7662
5.5295
5.2758
4.9374
5.0414
5.1109
4.9392
5.4098
5.4089
4.8663
5.1709
5.5515
4.9050
5.1161
5.1911
5.1378
5.0340
5.1216
5.2740
5.0576
4.8387
4.9683
5.0288
5.0641
5.0212
5.1825
5.1462
5.2264
5.0672
5.3237
5.4487
5.4501
5.4930
5.5660
5.1771
5.7166
5.8829
5.3817
5.7223
5.5308
5.5208
5.1442
5.1806
5.0624
5.5581
5.5760
5.2454
5.2095
5.6722
5.8851
6.0357
5.5621
5.4617
4.7600
4.6565
4.8349
5.2102
4.6154
4.7591
4.8578
4.9466
4.4130
4.5370
4.3325
4.5122
4.1889
4.3836
4.3765
4.4228
4.1397
4.3307
4.2488
4.2229
4.2913
4.4656
4.5638
4.7727
4.8458
4.4191
4.3097
4.3350
4.4240
4.2638
4.2664
4.3105
4.4756
4.4613
4.4066
4.3558
4.4965
4.3921
4.4407
4.4449
4.5072
4.5555
4.4974
4.4297
4.3679
4.5646
4.9494
4.6642
4.6590
4.3867
4.6682
4.1645
4.4891
4.4846
4.9250
4.7574
4.8944
5.0254
4.8122
5.0867
5.1441
5.3388
5.2412
5.0435
4.9631
4.9692
4.9986
5.1138
5.1646
4.8454
4.3330
4.3807
4.3536
4.1920
4.2642
4.3277
4.4532
4.5015
4.6123
4.3937
4.4133
4.2632
4.2543
4.3209
4.4634
4.4625
4.3580
4.4507
5.0920
5.2039
5.4468
5.2243
5.9014
5.8322
5.5873
5.3873
5.1436
4.9749
5.1670
4.9648
5.0431
4.9759
5.0021
4.9353
5.2471
4.8658
4.9893
4.6945
4.6805
4.6265
4.9194
4.9113
4.7157
4.3267
4.3732
4.0912
4.4939
4.6070
4.7057
4.5824
4.3036
4.6839
4.7794
4.3564
4.9068
4.9321
4.5054
4.6195
4.4954
4.5744
4.9955
5.1613
5.1605
5.4346
5.7310
5.7594
5.6242
5.3974
5.6448
5.1393
5.2815
5.2220
4.8790
5.0703
5.3981
4.9706
4.6305
5.2272
4.8397
4.7397
5.1005
5.1261
4.8522
4.6972
5.2579
5.2932
4.9156
5.1458
5.2133
4.7127
5.0642
5.2398
5.4725
5.3453
4.9191
4.9141
4.9312
5.2346
4.9435
4.6890
5.4169
5.6294
5.4085
5.4624
5.8369
5.7812
5.6896
5.3659
5.8609
5.5751
5.4666
5.6830
5.8920
5.5574
5.2874
5.5095
5.5024
5.0334
5.1194
5.0831
5.3919
5.4109
5.7571
5.6418
5.9109
6.1106
5.8500
5.8549
5.6641
5.4066
5.2289
5.0940
5.2501
4.6271
4.6859
4.7881
5.2512
5.4394
6.0237
5.6856
5.9772
5.7508
5.4916
5.4324
5.2714
5.1131
5.3121
5.2971
5.3869
5.0947
4.9372
5.0585
4.9615
5.3844
5.0421
4.9800
5.0183
5.1204
5.0347
4.9105
5.0804
5.4304
5.3182
5.5376
5.4140
5.4505
5.3290
5.2472
5.4474
5.3462
5.3652
5.2442
5.3828
5.2940
5.2853
5.6351
5.3330
5.5378
5.7464
5.2829
5.4589
5.4948
4.8797
5.0016
5.2304
5.4255
5.3320
5.3133
5.3029
5.6422
5.0170
4.5966
4.8051
5.2883
5.0067
5.4427
5.4065
5.6902
5.6571
5.9849
6.2557
5.5511
5.2067
5.4740
5.8746
5.3695
5.8431
5.8093
5.7445
5.8800
5.8612
5.9677
5.9026
5.4721
5.7306
5.7291
5.2974
5.2789
5.2612
4.8555
4.7897
4.8449
4.7027
5.4473
5.3376
5.4231
5.5017
5.1593
5.3644
5.2782
5.3910
5.2053
4.9945
5.1698
5.3167
5.0666
5.4081
5.5632
5.3258
5.2060
5.6326
5.4164
5.5658
5.1258
5.6085
5.4254
5.4063
5.2388
5.6956
5.5595
5.6301
5.2202
5.2638
5.2736
5.3216
5.3786
5.4962
5.2744
5.2430
5.4181
5.4022
5.1488
5.3382
5.4327
5.5835
5.5072
5.3222
5.6360
5.3378
5.2555
5.3746
5.4363
5.4374
5.1461
5.0308
5.2804
5.0897
4.8121
5.0651
5.0703
5.0040
5.4499
4.7342
4.8458
4.9144
4.9195
4.8660
4.8016
4.8080
4.9560
4.6642
4.6673
4.6745
4.8406
4.8492
4.8119
5.0161
5.5023
4.9644
4.9794
5.2915
5.6948
5.1306
5.1117
4.8916
5.4398
5.3711
5.6183
5.0338
4.9469
5.0032
5.0412
4.8744
4.8857
5.1199
4.7057
4.9573
4.7609
4.5442
4.6692
4.5732
4.4493
4.7496
4.5946
4.4018
4.9701
4.4795
4.1939
4.4963
4.3121
4.6625
4.8878
4.8352
5.0936
5.1572
4.5858
4.8244
4.9887
5.0535
4.7383
4.7409
4.7716
4.6092
4.7249
4.6400
4.7749
4.4632
4.4805
4.7613
4.4375
4.3687
4.4388
4.3695
4.1432
4.2152
4.1042
4.0884
4.2023
4.3621
4.3188
4.6615
4.8148
4.8851
5.2154
5.0698
4.8403
4.8726
4.7943
4.9786
4.9041
4.7849
4.6720
4.6461
4.9114
4.7701
4.5197
5.1013
5.2708
5.0917
5.1959
4.7099
5.1095
5.1710
4.6793
4.6268
4.4551
4.4435
4.7740
4.4242
4.7213
4.4971
4.5521
4.6582
4.3394
4.7433
4.7619
4.5948
4.9039
5.0003
5.1747
5.1581
5.1995
5.0374
5.3021
5.2810
5.1209
4.6691
4.6153
4.6645
4.8156
4.7106
4.6301
4.4742
4.2903
4.6024
4.4991
4.9287
5.4307
5.5098
5.4359
5.5255
5.0414
5.4418
5.3349
5.3080
5.0295
5.0840
4.9818
4.8139
4.9831
4.9057
4.7651
4.8601
4.7981
4.9604
5.1708
4.7241
4.9618
4.8727
4.9257
4.8288
4.7569
5.0440
5.0735
5.3364
5.0846
5.4562
5.1331
5.3079
5.5805
5.7303
5.6154
5.4038
4.9759
5.1182
5.1045
5.4279
4.8038
4.4726
4.9387
4.9574
4.7832
4.7991
4.7825
5.1080
5.0083
4.9627
5.0048
5.0986
5.2620
4.9118
5.1510
5.0781
5.0864
4.7144
4.7020
4.6952
4.6308
4.6320
4.5909
4.3254
4.5294
4.4953
4.7546
4.5640
4.4647
4.8982
4.7123
4.4246
4.8293
4.8700
5.1922
5.3128
5.2751
4.5749
4.5964
4.5949
4.4367
4.7534
4.6473
4.9184
4.8564
4.9737
5.0166
4.7360
4.4721
5.1700
5.3253
5.0554
5.1952
5.1182
4.8574
5.2060
5.3335
5.4777
5.4231
4.8890
5.2192
5.0594
5.2699
5.3300
5.0748
4.9898
4.7120
4.3814
4.3142
4.6044
4.9589
5.1253
5.1351
5.2454
5.0153
5.0525
4.9850
4.4337
4.5781
4.8730
4.6845
4.4342
4.5141
4.5900
5.0642
5.0129
5.3369
5.0091
4.7618
4.8197
4.9721
5.2012
5.3373
5.6919
5.0728
5.4014
5.0788
4.9469
5.0443
5.2194
5.4123
5.4605
5.8075
5.9364
5.5804
5.6498
6.3428
5.5647
5.9888
5.5197
5.9248
5.9981
5.3019
5.3964
5.6775
5.0827
5.0845
4.6363
4.7142
5.0883
4.9143
5.0202
5.1175
4.8063
5.0501
4.9364
5.2720
5.3030
5.6478
5.9888
6.0240
6.1955
5.8366
5.9532
5.3641
5.0206
4.9002
5.0760
5.4024
5.7518
5.6169
5.4865
5.4057
5.3228
5.4921
5.6342
5.2938
5.1504
5.1402
5.0240
4.8990
5.4914
5.3667
5.3581
5.5414
4.8737
4.8847
4.9978
5.3684
5.2001
5.0171
4.9932
4.8843
4.9456
4.6774
4.8502
4.9696
5.2885
5.3456
4.9247
4.9300
4.8756
4.8212
4.9347
5.1491
4.8027
5.0472
4.5011
4.7309
5.1048
4.6671
4.8845
4.7310
4.9364
4.8405
4.7361
4.8077
4.8238
4.4177
4.6751
4.5652
4.3818
4.5424
4.4523
4.3047
4.2023
4.5256
4.3552
4.5168
4.7338
4.0285
4.3027
4.3571
4.3587
4.4862
4.4251
4.4310
3.9186
4.0602
4.2815
4.1601
4.5553
4.3472
4.7845
4.6940
4.6651
4.6049
4.3710
4.1485
3.9643
4.2053
4.2693
4.2435
4.0991
3.7462
3.9040
4.1395
4.3598
4.3646
4.2975
4.0657
4.0832
4.2393
4.4105
4.4655
4.3837
4.4297
4.1829
4.3891
4.4589
4.4698
4.5510
4.5192
4.2558
4.3208
4.2353
4.3753
4.3852
4.4408
4.2300
4.7200
4.5571
4.6329
4.6868
4.6452
5.0178
4.7445
4.4525
4.6397
4.4708
4.5855
4.6654
4.9425
4.6391
4.5937
4.4298
4.8840
4.8977
4.7993
4.8125
4.9486
4.9579
5.4371
5.8558
5.8604
5.9011
5.9519
5.6959
5.6911
5.7311
5.4711
5.5393
5.5509
5.3493
5.7728
5.8229
5.6841
6.4756
5.6139
5.6391
5.8992
5.8028
5.8261
5.9452
5.4283
5.6852
5.8369
5.6229
6.0969
6.0531
5.7576
5.9618
6.1292
6.0321
6.1317
5.8619
5.7839
5.3105
5.5967
5.8600
5.8315
6.0905
6.1528
6.0171
6.4626
6.0942
5.9449
5.9150
6.4767
6.5160
5.9770
6.0655
6.1569
5.9547
5.7523
5.9379
5.7698
5.9741
5.9918
6.3032
6.2656
6.3915
5.9701
6.2647
6.7118
6.6636
5.8758
5.7502
5.7905
6.1200
6.3420
6.4209
6.1934
6.6825
6.7695
6.5356
6.3527
5.9109
5.7310
5.7717
5.5739
5.8567
5.4332
5.8176
5.6477
6.2671
5.7660
5.6982
5.9673
5.9810
6.0381
5.7723
5.6500
5.4553
5.6455
5.4155
5.6063
5.5983
5.7567
5.5959
5.3361
5.4119
5.6694
5.1589
5.6928
5.5553
5.6303
5.7438
5.8873
6.1153
6.3804
6.3811
6.9442
6.8212
6.3270
6.2114
5.9412
6.6458
6.4070
6.1881
6.6520
6.5592
6.5758
6.2237
6.4596
6.3054
6.5288
6.6056
6.4640
6.5321
6.4462
6.2734
6.4021
6.4092
5.7248
5.5138
5.1910
5.6192
5.6568
5.7844
6.3582
6.6888
6.4430
5.9737
6.3257
6.1763
6.0043
5.5662
5.5245
5.0652
5.0888
5.0285
5.1238
4.9959
5.0884
5.5633
5.4106
5.8827
6.1614
6.0293
6.1532
6.2525
5.6534
5.6273
5.7171
5.8649
5.9155
6.2525
5.7908
5.4356
5.1744
4.8882
4.9566
5.1684
5.1416
4.7809
4.6899
4.9420
5.2373
5.0080
4.7839
4.7197
4.7646
4.6312
4.8463
4.9304
4.9579
5.0983
5.3808
5.2507
5.2188
5.1588
4.9947
4.9218
4.9552
4.8024
4.9467
4.7951
4.9912
4.6253
4.6314
4.4187
4.4982
4.5069
5.1090
5.0983
5.0806
4.6600
4.3981
4.2931
4.4915
4.2373
4.5953
4.8658
4.7816
4.7448
4.7990
4.4817
5.1767
5.0870
4.8699
4.7122
4.5157
4.8950
5.1897
5.2394
5.2609
5.1272
5.1755
5.6885
5.7878
5.5099
5.7493
5.4285
5.8480
6.1113
5.5997
5.2869
5.1546
5.5801
5.4992
5.3154
5.0572
5.4210
5.7714
5.4622
5.4986
5.5282
5.9387
6.4016
6.7762
6.4103
6.2707
6.6157
5.9738
6.1106
5.8840
5.7979
5.7026
5.6668
5.3990
5.3303
6.0137
5.9920
6.2226
5.8171
5.7282
5.7810
5.8653
5.7462
5.9217
5.7708
6.3688
6.0596
6.3084
6.2281
6.2115
5.9635
6.1547
5.8070
6.7027
6.1267
6.1910
6.3249
6.8731
6.8148
6.1810
6.2485
6.4493
5.8192
5.8235
5.3655
5.3183
5.1318
5.2636
5.7531
5.6202
6.0193
5.4636
6.2365
6.1310
5.9089
6.0471
6.5392
6.5033
6.7401
6.7239
6.5927
6.6900
6.4511
6.5205
6.3289
6.4855
6.6643
6.8246
6.5532
6.8076
6.7783
6.6885
6.5310
6.6334
6.5436
6.2908
6.6546
6.8229
6.9880
7.1084
6.7241
6.7537
6.8199
6.8441
6.5399
6.4253
6.2378
6.0038
6.0419
6.7009
6.7411
6.3083
6.2692
5.8137
6.5570
6.7840
6.3745
6.6504
6.4865
6.2137
6.5321
6.7244
7.0698
7.3829
6.7597
6.7725
6.7678
6.8376
6.6892
5.9565
5.8548
6.0149
5.6467
5.8369
6.0959
6.2558
6.3779
6.3708
6.6764
6.5760
6.9618
7.2580
6.6437
6.6226
6.8153
7.0295
7.3368
7.1792
7.4530
6.7931
5.9292
6.1103
6.3658
6.2353
6.1957
5.7983
6.2435
6.1279
5.6022
5.6471
5.7319
5.4403
5.3359
5.7229
5.5933
5.5932
5.5191
5.7774
6.1118
6.1250
6.3749
6.0759
5.8049
5.9196
6.1639
5.7270
5.9657
6.0286
5.7820
5.9255
6.4744
6.9458
6.7556
7.0573
6.9210
7.3874
7.3461
7.2176
7.2731
7.2861
7.2665
6.7910
6.7576
6.5347
6.2599
6.4796
6.6221
6.2626
6.6661
6.6164
6.2777
6.3719
6.1076
5.9282
6.0181
6.3935
5.8072
5.2672
5.8895
5.9210
6.0138
6.1313
5.7878
5.6055
6.0444
5.9782
6.4264
6.2612
6.3019
6.1122
6.3167
5.6558
5.7247
5.9289
6.0384
6.1243
6.4312
6.2218
6.1471
5.4466
5.6493
5.6800
5.5947
5.6511
6.0096
5.8945
6.3084
6.1871
6.0755
6.3355
6.5168
6.6866
6.5682
6.4054
6.7407
6.5873
6.4518
6.3236
6.3862
6.5738
6.2807
6.0504
6.6776
6.2997
6.3987
6.0014
6.1423
6.1152
6.2682
6.0398
5.9110
6.2206
6.0060
5.9660
5.8890
5.9837
5.9036
5.9904
6.0996
5.9999
5.9762
5.9545
6.1976
6.0854
6.1314
6.0014
6.3944
5.7983
5.8277
5.9925
5.5133
5.8581
5.9601
6.2205
6.1591
6.1930
6.2235
6.0570
6.4012
6.4175
5.7323
6.0710
5.7670
5.5934
5.7670
5.7986
5.6710
6.2090
5.6288
5.8240
5.6229
5.6670
5.5477
6.0598
5.9494
5.5842
5.9248
6.0868
6.1872
5.8414
6.0354
6.3543
6.0877
5.9866
5.8274
5.9386
6.3658
5.8251
5.8717
5.7800
5.3553
5.3537
5.6139
5.7880
5.7521
5.8490
5.3797
5.5275
5.0404
5.3132
5.4893
5.0300
5.0523
5.3083
5.9945
6.5350
6.1889
6.2753
6.2329
6.1859
5.7064
5.7135
5.9488
5.9941
5.8478
5.3274
5.3313
5.5384
5.5407
5.5185
5.7729
5.9581
6.6349
6.5328
7.0050
6.7674
6.3458
6.4416
6.0870
6.0001
6.8463
6.6479
6.1270
6.1657
5.9088
6.1600
6.0692
6.5422
6.7900
6.8169
6.9743
7.1077
6.8312
7.2871
6.8734
6.2178
5.7264
5.2631
6.1130
6.1146
5.8774
5.8859
6.2752
6.4963
6.1806
6.6154
6.4680
6.1454
5.7239
5.6519
5.7449
5.8346
6.0804
5.9500
6.2799
6.5722
6.2939
6.2351
6.2288
6.0504
6.2466
6.9853
6.5923
6.7492
6.5584
6.6601
7.2674
6.4263
6.5811
7.2429
7.1856
6.9389
6.8938
6.8902
6.6724
6.4510
6.8089
6.6332
6.7305
7.5297
7.4897
7.5677
7.3208
7.3431
6.7107
6.7266
6.2429
6.6614
6.4676
6.7652
6.8020
6.8767
6.6161
6.4838
6.5923
6.9953
7.2907
7.5663
6.7578
6.6409
6.6456
7.6681
7.3943
7.0294
7.4092
6.9375
6.7450
6.8873
6.4396
6.9137
7.3266
6.7086
6.4025
6.9059
7.4745
7.3732
7.2992
7.1553
6.4867
6.3329
5.7357
6.1135
6.2765
6.9214
6.2926
6.4068
6.4496
6.3997
6.5988
6.7705
6.8401
6.4561
6.1397
6.2525
6.4452
6.1292
5.5705
5.1462
5.2495
5.3565
5.3338
5.2917
5.2390
5.0528
5.1038
5.3285
5.8882
6.2248
6.0607
6.0775
5.5285
5.4764
5.6819
5.9508
5.6496
5.5971
5.4355
5.6320
5.2823
5.6962
6.2111
6.2955
6.2874
6.2557
5.9799
6.0054
5.8751
5.3353
5.3214
5.4147
5.3277
5.1463
5.2549
5.5462
5.4717
5.7520
5.2912
5.3664
5.1583
5.0517
4.8316
5.0807
5.5519
5.6262
5.9212
5.1529
5.2787
5.3244
5.5050
4.9376
4.9257
4.9025
5.3189
4.7642
4.6546
4.7850
4.7419
5.0997
5.0371
5.4060
5.0020
5.1460
5.2160
5.0590
5.2837
5.2296
4.7154
4.9587
4.9079
5.1048
5.2551
5.3548
5.3354
5.0949
5.4734
5.4962
5.3285
5.7293
5.3070
5.1523
4.9162
4.8443
4.9454
5.1431
5.0255
4.9709
5.5628
5.0624
4.8448
5.3194
5.5006
5.4219
5.8632
5.5817
6.1107
5.8759
5.8996
6.0950
5.2823
5.2347
4.9146
4.8306
5.2294
5.2268
5.2335
5.7081
5.8036
5.6221
5.9973
5.8245
5.6304
5.8808
5.7490
5.9077
6.0754
5.7139
5.5137
5.3923
5.2830
4.9103
4.5749
4.5286
4.4934
4.7100
4.9525
5.2680
4.7794
4.7037
5.1370
4.9641
4.9455
4.6625
5.3216
5.2395
5.3886
5.3090
5.0799
4.8778
5.0172
5.3985
5.2763
5.3183
5.3820
5.4956
5.4613
5.7368
5.8602
5.8615
5.8185
5.9174
6.1142
6.1230
6.0119
6.2612
5.8496
5.9242
5.6410
6.6858
6.5306
6.1542
6.3882
6.0845
5.7079
5.5363
5.4837
5.0764
5.3890
5.8133
6.1216
6.0788
6.0461
5.9413
5.7986
5.7621
5.7898
6.0068
6.0823
5.9746
6.2200
6.1055
6.4132
6.2043
5.8959
5.8440
6.3534
5.8122
5.5519
5.6380
5.6072
5.5990
5.5758
5.5547
5.6401
5.8353
5.7294
5.9172
5.5711
5.9524
5.5164
6.0409
5.7709
5.9186
6.0606
6.0345
5.9458
5.9674
6.1141
6.2296
5.9423
6.0766
5.9921
5.1995
5.2591
5.1889
5.0702
5.5532
5.3192
5.3271
5.2695
5.6090
5.9727
6.3422
6.6663
6.3416
6.3511
6.5836
6.3811
6.2352
6.1780
5.5233
5.4888
5.2684
5.6620
5.5990
5.6506
5.7994
5.5121
5.7559
6.3843
5.9025
5.9670
6.3957
6.3104
6.4554
6.0399
6.1032
5.9338
5.8426
6.0271
6.0499
5.8873
6.3771
6.1558
6.1735
6.0122
5.8511
5.8592
5.6317
5.9309
5.4411
5.7083
6.1589
6.0502
6.1945
5.9212
5.7072
5.5144
5.3423
5.9504
5.5065
5.8821
5.7748
5.7258
5.7254
5.7356
5.8785
6.2919
6.3480
6.5966
6.1962
6.0394
6.1412
5.7426
5.9819
5.5523
5.8415
5.9298
5.5144
5.5159
5.5647
5.8940
5.8422
5.3608
5.4661
5.5356
6.3107
6.4528
5.7507
5.6450
6.1310
6.2664
6.1875
6.3567
6.4440
6.5372
6.8577
5.9548
6.0973
5.4550
5.6915
5.6875
6.1536
5.8574
5.8779
5.9033
5.9928
6.0067
5.9376
5.7763
5.8740
5.9456
5.5502
5.7317
5.8928
5.7747
5.8365
5.7225
5.7553
6.2304
6.4958
6.3524
6.0647
6.0864
5.9441
6.3124
6.8013
6.9057
6.7523
6.3441
6.2023
6.2002
5.7883
5.5955
5.6267
5.5939
6.2033
6.2998
6.1359
6.0489
6.0127
5.9838
5.7481
5.4353
5.6295
5.6185
5.6760
5.8703
6.1049
6.1788
6.5660
6.1958
6.1794
6.4257
6.2338
6.2493
5.7181
6.1269
6.3348
6.0787
6.3504
6.5160
6.6607
6.8221
6.5090
6.4361
6.3284
6.1074
6.2107
6.3285
6.2196
5.8644
5.9137
5.8734
5.8525
6.2031
6.2633
6.0790
5.9138
6.4819
6.0422
6.4416
6.6470
5.5683
5.9734
6.3887
6.1042
6.4653
6.3580
6.1279
6.2837
6.4012
6.5648
7.1646
6.7525
6.7235
6.0955
6.0730
5.7414
6.2513
6.5638
6.3687
6.6254
6.2207
6.1673
6.1576
6.0075
5.7513
6.0338
5.7607
6.1310
5.8796
5.4007
5.4985
5.5234
5.4889
5.2186
5.1076
4.9572
5.1085
5.2942
5.0801
5.1225
5.5678
5.3114
5.4267
5.4949
5.4231
5.5139
5.4353
5.1410
4.8544
5.3092
5.0966
5.3262
5.0532
4.9867
5.0780
5.0600
5.0529
5.1748
4.7723
4.8073
4.5176
4.3492
4.5917
4.7408
5.0437
4.8003
4.9208
4.8534
4.8409
5.0262
4.9920
5.0544
5.1703
5.0268
4.9937
5.0478
4.7658
5.0965
5.2036
4.9095
4.8122
4.5062
4.4494
4.5142
4.6674
4.6250
4.7107
4.5865
4.7502
4.7930
4.3993
4.2881
4.7268
5.0227
4.7271
4.9282
4.8383
5.1156
5.0320
4.8157
4.8897
5.1478
5.0968
4.9464
4.5208
4.4574
4.6105
4.9134
4.8246
4.8203
4.8465
4.6962
4.4587
4.5682
4.9400
4.7018
4.6479
4.7218
4.9820
4.5123
4.3263
4.6929
4.6990
5.1005
4.9419
4.6467
4.7267
4.7487
5.1127
4.7120
4.7377
4.7063
4.6884
4.9864
4.7240
4.6657
4.6961
5.3279
5.5221
5.1176
5.1106
4.7395
4.8251
5.1234
5.5388
5.2835
5.0359
5.0814
5.3587
6.1123
6.0978
5.3591
5.0682
5.3143
5.2159
5.0038
4.9777
4.8959
4.9200
4.6866
4.8653
4.6271
4.6503
5.0749
4.9922
4.7080
4.8605
4.3853
4.7059
4.9668
4.8268
5.3326
5.3924
5.3980
5.2874
5.1500
5.2893
5.1219
4.9870
5.4485
5.6527
5.2526
5.0103
4.9116
5.0183
5.4744
5.6934
5.8953
5.5956
5.5474
5.4156
5.3855
5.4342
5.7400
5.5342
5.4319
5.6073
5.8277
5.7615
6.1167
6.1942
6.7079
6.6387
6.3895
5.7183
5.5950
5.4265
5.4008
5.4087
4.9667
4.7482
4.7979
4.9959
5.2204
5.0559
5.1523
5.0799
5.3897
5.2360
4.7225
5.1154
4.9006
5.4782
4.9246
4.9188
5.5736
5.4504
5.0263
4.9189
5.2224
5.4356
5.4408
5.2960
6.0391
5.9244
5.8418
5.7065
5.5401
5.4225
5.2801
5.5474
5.4178
5.4133
4.9030
4.8478
4.5479
4.8864
5.2439
4.9993
5.1580
5.5126
5.2975
5.2698
5.1114
5.2388
5.5948
5.4560
4.9697
5.1096
4.8375
4.9842
5.0802
5.2433
5.1065
5.1853
4.8200
5.2471
5.6092
5.9112
5.3222
5.0081
4.7834
4.7279
4.2182
4.4541
4.6948
4.5580
4.6289
4.5949
4.7271
5.0784
5.1441
5.0630
5.4473
5.9112
6.2207
6.2406
6.1930
6.2169
6.3321
5.9803
6.3151
6.0163
6.4008
5.5644
5.9656
6.1435
6.6230
6.3761
6.4807
5.9860
6.1865
6.2778
6.3386
6.2224
5.8349
6.2290
5.8644
6.0954
6.4948
5.7271
5.3780
5.3054
5.0796
5.1657
5.1830
5.5574
5.9214
5.6628
5.5320
5.7522
5.9200
5.7008
5.5612
5.5081
5.6151
5.4390
5.4466
6.0035
6.0123
5.6052
5.8425
5.6585
5.3931
5.3485
5.3456
5.6891
5.4109
5.2209
4.9333
5.0493
5.4317
5.4684
5.2107
5.2589
5.0636
5.0342
5.2772
5.2551
5.4415
5.3433
5.4129
5.3521
5.0937
5.6656
6.1006
5.4371
5.3923
5.2613
6.0117
5.5895
6.1172
6.3318
6.1840
5.7306
6.5119
6.6181
6.6056
6.2623
5.6119
5.6149
5.9855
6.8199
6.2765
6.3916
6.1643
5.7072
6.2566
6.0557
5.9749
6.3170
6.3140
5.7679
6.1279
6.0818
5.6942
5.5249
4.9375
4.9480
5.3592
5.7069
5.3023
4.9597
4.8862
4.7229
4.8826
4.7789
5.2243
5.0077
5.1073
4.9642
4.7267
4.8626
4.9226
5.0911
4.9200
4.7218
4.8721
5.2910
4.8851
5.3013
5.5942
5.1101
5.1358
5.0224
5.2829
4.7624
5.0474
5.4400
5.4563
5.8431
5.5237
5.3319
5.1596
4.6473
4.7909
4.8626
4.5926
4.8599
4.8798
5.2477
5.1608
4.8737
4.5878
5.0483
4.7753
4.8659
4.9847
4.8986
4.8483
4.7981
4.7900
4.7512
4.6307
5.3139
5.1658
5.0173
5.4569
5.3457
4.8782
5.0550
5.2662
4.8248
4.7439
5.3795
5.2665
5.4877
5.3856
5.1592
5.1605
5.0965
4.9896
4.8828
5.1963
5.1738
5.2599
4.8047
4.9578
4.7003
4.5919
5.0610
5.3208
4.9343
5.0626
4.7331
4.9677
5.2985
5.0825
5.2133
4.9046
5.1015
5.4025
5.2698
5.2408
5.1600
5.0016
4.7165
4.6694
4.7976
4.8412
4.9043
4.7079
4.9931
4.8670
4.9304
4.7317
4.8560
4.7930
5.1660
4.9385
4.9158
4.8134
4.5935
4.6028
4.7266
4.2402
4.2567
4.5943
5.2466
5.4065
4.7359
4.9013
4.5565
5.0423
5.2540
5.2832
5.1086
5.2240
5.0897
4.7956
5.4600
4.9886
5.2347
5.1271
4.8544
4.7299
4.9265
4.7340
4.6111
5.1125
4.5765
4.6290
4.7979
5.0548
4.7713
4.7477
4.5869
4.3577
4.7261
4.8802
4.8838
5.0213
5.1487
5.6306
5.6496
5.1558
5.3613
5.5997
5.3262
5.8669
5.9374
5.7080
5.6160
5.1574
4.8215
5.0982
4.6713
4.4265
4.8668
4.5735
4.6392
4.7335
4.9175
5.2484
5.2134
5.3538
5.7171
5.8373
5.3867
5.4304
5.8884
6.0789
5.5889
5.5212
5.4220
5.5352
5.8639
5.5042
5.4329
5.3041
5.8910
5.6768
5.6195
5.7020
5.6255
5.4713
5.5816
5.4812
5.4155
5.4795
5.5546
5.6406
5.5366
5.7700
5.6606
5.8259
6.3419
6.3737
6.5742
7.2305
7.0109
6.9644
6.7643
6.3325
6.4548
6.4080
6.5084
6.5423
6.3276
6.3044
6.3989
6.3572
6.1774
6.0333
6.8465
6.5419
6.5066
6.5569
6.8152
6.8545
6.8965
6.3652
6.8955
6.7972
7.0915
7.1256
6.5436
6.1515
6.3835
6.1206
6.2749
5.8040
5.4898
5.7153
5.4403
5.8170
6.2207
5.5306
5.8444
5.6182
5.8122
6.1308
5.7190
5.4679
4.9171
5.5643
5.9364
5.8079
5.4072
5.8764
5.5752
5.6834
5.6800
5.2251
5.2907
5.2235
5.3714
5.1004
5.5329
5.5880
5.8021
5.6233
5.3401
5.7446
5.5405
5.5166
5.5221
5.3680
5.6063
5.4152
5.2343
5.5082
5.4887
5.3949
5.0621
5.5418
4.9676
4.7276
5.2037
4.9999
4.8993
5.3745
5.1621
5.2654
5.2664
5.4085
5.5008
5.0012
5.0576
4.8348
4.8495
4.9967
4.8516
4.9587
5.3104
5.2090
4.8267
4.5633
5.3276
5.2370
5.1340
5.5260
5.8560
5.0774
4.7207
4.7318
4.7854
5.2440
5.0955
5.3497
4.9183
5.1525
5.1535
4.4848
5.0819
5.1667
5.3511
4.9947
5.5058
5.6033
5.4954
5.0542
5.5391
5.7640
6.5047
6.5189
6.6447
6.7475
6.3363
5.7669
5.7543
6.3975
6.0709
6.1682
6.2395
6.3232
6.6502
6.6805
6.6207
6.1925
6.1097
6.1050
5.7180
5.4623
5.3191
5.6698
5.8893
5.3224
5.2076
5.0869
5.6345
6.1920
5.8196
5.4685
5.4473
4.9531
5.2910
4.9855
5.1144
5.2372
5.4699
5.0193
5.2219
5.4865
5.5273
5.5482
5.8319
5.2716
5.8547
5.5611
5.8722
5.7936
5.4295
5.9519
5.9566
5.8042
5.7116
5.7802
5.6551
5.6947
5.4659
5.9554
5.8290
5.7168
5.4891
5.7414
5.4778
5.8269
5.4629
5.2739
5.3244
5.2071
5.3937
5.2618
5.1317
5.1291
5.2447
5.1526
5.4685
5.1669
4.9626
5.0749
5.1330
5.2206
5.3281
5.6947
5.4935
5.5737
5.3155
4.9266
5.5182
5.3936
5.0679
4.9993
5.0601
5.3684
5.4252
5.2825
5.6962
5.1964
5.0959
5.4607
5.2012
5.0358
5.1250
5.3347
5.5802
4.8675
5.1368
4.9395
4.9259
4.8863
5.0465
4.8642
4.6255
4.9902
5.3179
4.9348
5.7342
5.3384
5.0078
4.9661
5.3719
4.9961
4.8864
5.0563
4.8269
4.6756
5.1114
4.8201
4.8750
4.7237
5.1805
5.4375
4.9660
4.6849
5.0170
5.1966
5.1122
5.3115
5.1897
5.2945
5.3175
5.3002
5.7170
5.5491
5.5185
5.4384
5.7817
5.8357
5.5911
5.6474
5.9699
5.6084
5.2594
5.4860
5.4901
5.5846
5.5140
5.2086
5.4194
5.2376
5.1414
4.8013
5.3191
5.3665
5.0897
5.0773
5.8058
5.6662
5.7525
5.6598
5.4109
5.8067
5.6228
5.3870
5.3758
5.2139
5.1548
5.1226
5.3478
5.1820
5.2077
4.9533
4.9933
5.0664
5.2188
5.0452
5.4764
5.3395
4.9393
5.4133
5.2710
5.0059
5.3966
5.1022
5.0582
4.9602
4.7726
4.8771
4.7522
5.1727
5.3103
5.4240
5.9407
5.6163
5.4631
5.8327
5.6900
5.4714
5.6224
5.6679
5.6673
5.6825
5.9252
5.7200
5.6529
5.0266
5.6626
5.7369
5.6049
5.6448
5.4901
6.0384
5.7709
5.7126
5.5828
5.7393
6.2912
5.7537
5.5365
5.5026
5.1487
5.1716
5.4868
5.6627
5.2728
5.4498
5.5208
5.9602
5.6255
5.2426
5.1606
5.0395
5.3633
5.4568
5.4914
5.6884
5.6165
5.3230
5.6940
5.9714
6.4231
6.7536
6.4942
5.8262
5.9408
6.0011
6.1233
6.2785
6.2833
6.2226
5.9763
5.5876
5.6853
5.2741
5.8001
5.3770
5.3713
5.1604
5.3595
5.6236
5.0534
5.0533
4.8843
5.2371
5.2929
5.4616
5.4876
5.6789
5.4432
5.3977
5.4538
5.0852
4.8768
4.8908
5.0561
5.1394
5.2760
4.7936
5.2872
5.4143
5.5372
5.7748
5.3219
5.0702
5.0930
4.9248
5.4056
5.7463
5.1575
5.7426
5.6538
5.1841
5.2356
5.2291
5.2302
5.4167
5.4697
4.5618
4.9496
5.0433
5.2473
5.1003
5.5611
5.3937
5.1820
5.1172
4.9016
4.8667
5.1620
5.4156
5.5634
5.1511
5.0584
4.9862
5.0979
4.9088
4.6877
5.0409
4.8748
4.8200
4.9359
5.2178
5.4089
5.2326
5.2132
5.1107
4.3882
4.9710
5.4184
5.0320
5.0651
5.5936
4.9160
5.0770
5.2414
5.1337
5.5041
5.5157
5.5562
5.7513
5.7439
5.4157
5.5758
5.3159
4.8907
5.1876
5.2197
5.3195
5.3677
5.2771
4.7357
5.2380
4.9840
4.7905
5.1144
5.0446
4.5788
4.5442
4.9670
5.2723
5.0320
5.0421
5.7760
5.6859
5.4137
5.4301
4.9679
5.3549
5.0118
4.9720
5.0111
5.0503
5.2515
5.2649
5.4634
5.0689
5.6430
5.5247
5.2486
5.1761
5.0827
5.2346
5.1123
5.1030
4.8050
4.6784
4.9517
5.0130
4.7798
4.6260
4.6570
5.1137
4.9422
5.1909
5.2367
5.4262
5.0064
5.0846
4.4367
5.1102
4.9028
5.3076
5.3711
5.1543
4.9749
4.8527
4.3595
4.2826
4.4678
4.6432
5.0481
4.5885
4.5351
4.3296
4.4217
4.5179
4.1451
4.8267
4.2098
4.5462
4.1399
4.0353
4.3685
4.5258
4.4655
4.4378
4.3197
4.3441
4.4156
4.4160
4.4060
4.2333
4.3916
4.3649
4.6649
4.8003
4.7338
4.5903
4.9507
4.6552
4.2886
4.5408
4.1326
4.4430
4.4572
4.6331
4.8500
4.2283
4.2484
4.3115
4.4327
4.3799
4.7046
4.5369
4.1862
3.9815
4.2718
4.4203
4.6070
4.4499
4.5679
4.5165
4.5451
4.6697
4.5359
4.8649
4.9883
4.7524
4.6796
4.6183
4.4521
4.8101
4.3852
4.7464
4.7535
4.3723
4.5890
4.5787
5.0297
5.2853
4.7503
4.8444
5.0593
4.9373
5.0982
5.0924
5.6477
5.3852
5.0826
5.2217
5.1368
5.4011
5.2747
4.8243
5.0411
5.4635
5.1047
5.0607
5.0534
4.6888
4.7248
4.8856
4.4951
4.6275
4.7714
4.5066
4.6699
4.6160
4.8565
4.8953
4.9268
4.5494
4.4992
4.9439
4.9315
5.0162
4.6558
4.7439
4.8425
4.6953
5.0349
4.8535
4.6034
4.6901
4.8304
4.5301
4.8837
4.8667
5.2610
5.1387
4.7472
5.3719
5.2158
5.0288
5.0645
5.1468
4.9527
5.0360
5.1971
4.9597
5.1718
5.4019
5.2571
5.1147
5.1921
5.0770
5.1946
5.2475
5.3624
5.5152
5.4382
5.3798
5.4611
5.5587
5.8190
5.3873
5.8581
5.1944
5.6559
5.5846
5.8820
5.4789
5.5215
5.3619
5.5988
5.9258
5.7714
5.7546
5.8806
5.6095
5.9950
6.0065
5.6109
5.7186
5.8355
5.5927
5.4515
4.8964
5.4059
5.1867
4.9469
5.2600
5.2702
5.0845
5.5043
5.2625
4.8933
5.1476
5.3291
5.3357
5.3799
5.0951
4.9136
5.1358
5.3087
5.0440
5.2997
5.1477
5.3827
5.1963
5.2328
5.1599
5.1220
4.8612
5.1233
5.3405
5.4144
5.6221
5.0446
5.1183
4.9796
5.0392
5.0201
5.2305
5.1618
5.2246
4.7318
4.6040
4.6644
4.6172
4.9610
4.4386
4.3453
4.2680
4.3239
4.5842
4.6010
4.1171
4.3666
4.4955
4.6190
4.9068
4.8114
4.3907
4.5861
4.9963
4.6494
4.5332
4.3650
4.7664
4.6891
4.7135
4.5763
4.4334
4.1165
4.6032
4.5643
4.2310
4.4708
4.6263
4.2041
4.5861
5.1240
5.0000
4.9237
4.9608
5.1651
4.8557
5.0075
4.6314
4.8564
5.0988
4.8064
5.1409
4.9088
4.7591
4.7150
5.0498
5.3952
5.2791
5.1066
4.8690
4.8371
4.6682
4.6815
4.7729
4.7099
4.5017
4.5892
4.6086
4.7179
4.5097
4.5497
4.8992
5.0988
4.9241
5.0335
4.8906
4.9468
4.9861
5.3402
5.1979
5.4086
5.4740
5.3788
5.2137
5.1033
4.8916
4.9729
4.8590
4.3789
4.2947
4.4386
4.3782
4.4534
4.6617
4.8250
4.7533
4.9307
4.6989
4.5286
4.8059
4.7451
4.8806
4.1920
4.2177
4.5061
4.3350
4.6902
4.4940
4.7250
4.7791
4.8839
4.9118
5.0107
4.9194
5.0316
5.0767
5.1581
4.8964
4.5491
4.6449
4.7688
4.8222
4.7075
4.7706
4.5617
5.0403
4.8109
5.2956
5.0069
5.0737
4.9416
4.9805
5.3472
5.5405
5.2346
5.0495
5.1686
5.2279
5.0530
4.8650
5.1409
5.2314
5.6577
5.8737
5.1077
5.2797
5.4542
5.5073
5.7465
5.3390
5.5958
6.1944
6.2174
6.3780
5.6221
5.4048
5.8437
5.6375
5.8139
5.6176
5.8084
5.8158
5.8677
5.6294
5.9459
6.0530
5.9061
6.0965
6.0543
5.7277
5.4444
5.4501
5.7614
5.7989
6.2133
5.5421
5.6261
5.4867
5.4258
5.5426
5.7943
5.8232
6.2768
6.1192
5.4536
5.8082
5.6821
6.0736
6.1329
6.1155
5.5850
5.5562
5.6979
6.0435
6.1085
5.8730
5.7953
5.4278
5.2088
5.4759
4.8411
4.9479
5.1538
5.6845
5.7160
5.6242
6.1348
6.0283
5.9754
5.9094
5.9738
5.5684
5.6215
5.8931
5.9577
5.4377
5.4858
5.6315
5.3520
5.8406
5.9266
6.0253
5.8877
5.5671
5.5575
5.6062
5.4447
5.6848
5.3165
5.0536
5.4235
5.4328
5.2353
5.4897
5.4385
5.5692
5.3740
5.2693
5.5055
5.6010
5.3456
5.3485
5.4584
5.4413
5.4978
5.4984
6.0074
6.2777
5.5448
5.7865
5.3383
5.2854
5.6924
5.4859
5.2814
5.7568
5.6682
6.1399
6.1182
5.4756
5.4462
4.9279
5.2194
5.3978
5.0893
5.1569
5.5292
5.6537
5.4964
5.1301
5.7145
5.6184
4.9161
5.2345
5.4091
5.5274
5.4381
5.6002
5.8755
5.7417
5.8423
6.0128
5.4567
6.0077
6.1087
5.5074
6.0303
5.6899
5.2881
5.2802
5.1391
5.0462
5.3285
5.2774
5.5797
5.6797
5.2595
5.4029
5.1575
5.6503
5.5297
5.4410
5.0834
5.4355
5.5874
5.5341
5.3344
5.0808
5.5417
5.4532
5.4217
5.7166
6.2052
5.6547
5.7404
5.9147
5.6188
5.6916
5.8008
6.0800
6.1106
5.8408
5.9449
5.6306
5.3443
5.6121
5.3508
5.5874
5.6950
5.7503
6.1815
5.9687
5.9685
5.9317
5.5886
5.6004
5.4571
6.2914
6.1790
5.8361
5.6945
5.5533
5.7043
5.6725
5.3446
5.8788
5.3385
5.5250
5.5313
5.2099
5.6810
5.8282
6.1099
6.0789
5.7785
5.4367
5.3061
5.5575
5.6481
5.7221
6.1956
6.1899
6.0357
6.3636
6.3448
6.2031
5.8815
5.7675
5.7265
5.2749
5.3305
5.7092
5.6089
5.7516
5.5085
6.0226
6.0393
5.9564
5.6674
6.0834
6.1568
6.6564
6.3941
6.0014
5.7768
6.0341
6.4828
6.2064
6.2367
5.9747
5.7814
5.6895
5.7559
5.5899
5.8038
5.8456
5.4970
5.8850
5.7910
5.5653
5.2476
5.4513
5.2911
5.9254
5.9829
6.5245
5.8002
5.7065
6.2466
5.6892
5.8028
5.7416
4.8974
4.7539
5.1211
5.2619
4.7999
5.3669
5.7939
5.8316
5.7880
5.8535
5.6927
5.9312
5.9256
6.2458
6.2759
6.7801
6.2818
6.0964
6.0227
5.7912
5.5984
5.6523
5.6438
5.4712
5.6644
6.0137
6.5516
6.3410
6.4910
6.5713
6.1968
6.0719
6.1099
5.8972
6.6256
6.8105
6.5250
6.4645
6.6341
6.3836
6.2281
6.4166
6.8254
6.4907
6.2865
6.8803
6.5377
6.3311
6.5187
6.0499
6.0448
6.1986
5.8879
5.7193
5.8225
5.6040
6.1054
5.6616
6.4458
6.6546
6.6175
6.5322
6.7065
6.5925
6.3311
6.6792
6.4311
6.5863
6.5890
6.9106
6.6682
6.7417
6.9067
6.6048
6.7004
6.3633
6.2826
6.0720
6.9660
7.0632
6.5948
6.6090
6.6476
7.0759
6.4246
6.4369
6.9769
7.3299
6.3101
6.5919
6.5154
6.3764
6.4234
6.0067
6.3332
6.5441
6.3254
6.7120
6.4601
6.6607
6.6853
6.7279
7.1829
6.8530
6.3926
6.4573
6.3003
6.5922
6.5997
6.9274
6.1500
6.8412
6.4445
6.5482
6.4251
6.3431
6.5068
6.2349
6.1173
5.6538
5.3438
5.7008
5.6224
5.9376
5.6321
5.6745
5.9110
5.8707
6.2214
6.0684
5.7664
6.0307
5.3926
5.4301
5.7152
5.2634
5.1146
5.6577
5.5880
5.5082
5.4327
5.6321
5.6194
5.6429
5.2567
5.4873
5.4640
5.4062
5.5867
6.2321
5.8956
5.6248
5.4808
5.5474
5.1688
5.5602
5.2759
5.0843
5.4032
5.2544
5.4489
5.8360
5.2029
5.5754
6.0023
5.6315
5.5768
5.3162
5.3828
5.6001
5.2108
5.1634
5.7613
5.9306
5.6086
5.7700
5.8897
5.8187
5.9667
5.7410
5.6046
5.3612
5.2482
5.4840
5.3012
5.4221
5.6670
5.9667
5.9560
5.9963
5.8771
5.7750
5.8035
5.7659
5.5903
5.7661
5.5663
5.5225
5.3550
5.6761
5.6529
5.8330
6.0026
5.9596
5.5870
5.7411
5.8144
5.5702
5.4718
5.6988
5.8128
6.2284
6.1122
5.8776
5.9275
5.3040
5.4660
5.7196
5.7971
6.0997
6.4240
6.5826
6.2819
5.9857
5.9466
6.1620
6.1540
6.3099
6.4702
6.1752
5.8440
5.7665
6.1247
6.0705
6.0635
5.7557
5.8474
5.5393
5.4600
5.6242
5.4554
5.3509
5.3232
5.6217
5.5463
5.4587
5.5382
5.7179
5.6032
5.9064
5.7090
5.8576
5.4996
6.0165
6.1221
5.8257
5.7192
5.9413
6.0279
6.0177
6.1880
5.9755
5.8069
5.5501
5.7529
5.5290
5.1681
4.9276
5.1295
5.2942
5.7089
5.7343
5.9781
5.8099
5.9550
5.6277
5.8553
5.6106
5.5045
5.1653
5.2882
5.6637
5.8414
5.6756
5.9799
6.3060
5.7519
5.8404
5.6124
5.6116
5.6327
5.5881
5.8470
6.0229
5.8908
5.5910
5.4558
5.4269
5.1941
5.1162
5.0435
5.2220
5.4665
5.5356
5.7475
5.8212
5.9067
5.6745
5.8662
5.6316
5.5315
5.3598
5.5216
5.7287
5.6605
5.5638
5.8161
5.6193
5.8126
5.6956
5.3542
5.2599
5.4936
5.3523
5.6702
5.7517
5.9480
6.2211
6.1101
5.8992
6.1926
5.6475
5.4867
5.4890
5.0144
5.4453
5.3780
5.3879
5.4640
5.6204
6.0804
5.5102
6.0091
6.0145
5.5492
5.6310
5.4953
5.1256
5.3248
5.5707
5.4627
5.2926
5.2465
5.0157
5.7131
5.6621
5.4181
5.2525
5.1066
5.2608
5.3550
5.3003
5.6709
5.5739
5.7119
5.7672
5.8865
6.0058
5.7133
5.8563
5.4651
5.5980
5.6742
5.4960
5.7977
6.1299
5.8122
5.9405
5.8974
6.0357
6.2072
6.1903
5.6988
5.8790
5.7913
5.9158
5.5810
5.5754
5.5889
5.4129
5.4648
5.6071
5.8585
5.7998
5.1949
5.8465
5.5112
5.3311
5.4505
5.4627
5.2775
5.2903
5.4973
5.5213
5.0386
5.2862
5.5804
5.7027
5.3451
5.5485
6.0093
5.9758
6.0417
5.9845
5.9588
6.0897
5.8957
5.5174
5.4535
5.4280
5.8560
6.3839
6.6450
6.3468
6.2762
6.3496
6.1212
5.8130
6.0217
5.7552
6.0470
5.8697
6.0636
5.8273
6.1181
6.0044
6.0268
5.5778
5.4005
5.2272
5.2851
5.4752
5.7760
6.0016
6.0938
5.8999
6.0469
5.9345
5.8230
6.2195
5.7810
5.5096
5.8568
5.8858
6.4497
6.2967
6.1777
6.2798
5.9320
5.9881
6.0623
6.4121
6.0549
6.3931
6.2198
6.0943
5.8558
5.6608
6.0197
6.0255
6.2559
6.6901
6.1811
6.1582
6.3748
6.1389
5.9274
6.0935
6.0625
5.9664
5.9035
6.0328
6.1440
5.9261
5.9297
5.8089
6.2092
5.9020
5.5782
6.0285
6.3491
6.4358
6.1086
6.4317
5.9274
5.8387
5.4777
6.4206
6.0870
5.6639
5.8563
5.7209
6.1412
5.7388
6.0132
5.7319
5.7628
5.7890
5.5382
5.9556
5.8528
5.9054
5.9726
6.0416
6.4538
5.8375
6.0354
6.4751
5.9763
5.7118
6.1655
5.8754
5.9418
5.9765
6.1013
6.0308
5.9105
6.2444
5.9255
6.5455
6.5013
5.5859
5.5462
5.9391
5.8605
6.3693
6.2538
6.3052
5.7268
5.3839
5.8452
5.7247
6.0936
5.6056
5.9298
5.3856
5.6124
5.5420
5.9420
6.2616
6.2847
6.3211
6.2111
6.2241
6.4151
6.3771
6.1648
5.7128
5.3306
5.8858
6.1920
6.4221
5.7561
5.5605
5.6859
5.1849
5.3318
5.3270
5.3779
5.3216
4.9642
4.9863
5.3648
5.4905
4.9214
5.0590
5.4421
5.5295
5.6220
6.0635
6.1180
5.8457
5.4403
5.6863
5.6331
5.5070
5.6724
5.4700
5.2954
5.1153
5.3694
5.9159
5.8076
5.0410
5.7603
5.5062
5.3401
5.9574
5.8211
5.5163
5.5633
5.6628
5.6894
5.6381
6.5050
6.3402
5.9486
5.5538
6.0038
6.0417
6.3660
5.6500
5.5882
5.1164
5.4579
5.4231
5.3343
5.6842
5.5580
5.8568
6.1570
5.7544
5.7356
5.5010
6.2749
6.0685
5.7425
5.7245
5.4779
5.6363
5.6484
5.6050
5.7269
5.6597
5.4740
5.3313
5.8553
5.9302
5.5677
5.5164
5.4648
5.4508
5.5943
5.8408
5.7102
6.0354
5.8816
5.7733
5.8381
5.8313
5.8815
5.7420
5.6322
5.3117
5.6810
5.5986
6.0086
6.3749
6.5038
6.0915
6.2506
5.9360
6.0792
5.7970
6.2639
5.7302
5.4294
5.1608
5.7488
5.7855
5.7158
6.0357
5.6476
5.4809
5.8163
5.9004
5.4967
5.8330
5.9292
5.7581
6.0391
5.8102
6.1321
6.0519
6.2976
5.6861
5.7005
5.5916
5.6302
5.8037
6.0527
5.8440
5.9690
6.3014
5.9786
5.6241
5.9208
5.8596
6.0619
5.8532
5.7623
5.6804
6.3122
6.0466
6.2094
6.7215
7.1817
6.2865
6.1635
6.1303
6.0648
6.2381
5.8091
6.7183
6.1243
6.1661
6.5744
6.3685
6.1322
6.0035
6.1867
6.5583
6.5582
6.0856
5.9037
5.7406
6.1074
6.3918
6.2601
6.2658
6.3792
6.3608
6.3968
5.8719
5.6644
5.2142
5.5337
5.5184
6.0281
5.9868
6.0003
5.8178
6.0059
6.0466
5.7682
6.0783
6.0807
5.7301
6.1385
5.9821
6.1289
5.8553
5.9774
5.8631
6.4899
6.4444
6.4108
5.9182
6.3035
6.0727
6.0451
6.4164
6.1130
6.2444
6.2045
6.0062
5.9214
6.0229
5.6509
5.7439
6.1209
6.0383
6.1163
6.3375
6.2853
6.5388
6.1758
5.9636
6.1598
6.2285
