4.6654
4.6892
4.6244
4.7554
4.7919
4.8745
4.9110
4.9350
4.9597
4.8236
4.6804
4.6225
4.7458
4.8079
5.1016
4.9241
4.7205
4.8697
4.7099
4.8016
4.5999
4.7137
4.7904
4.5754
4.6504
4.7650
4.6604
4.7123
4.5657
4.6303
4.6072
4.7598
4.6868
4.8004
4.8047
4.7015
4.4706
4.4963
4.6905
4.6484
4.5737
4.7566
4.7382
4.7716
4.7587
4.7912
4.8000
4.8503
4.7312
4.7225
4.6957
4.8431
4.7245
4.8209
4.9058
4.7468
4.6834
4.6873
4.8211
4.7883
4.6056
4.7602
4.7957
4.6466
4.6264
4.6339
4.6406
4.5531
4.6416
4.5786
4.6151
4.7187
4.6968
4.5935
4.4283
4.6432
4.5330
4.6649
4.7279
4.6040
4.8799
4.8339
4.7567
4.7412
4.8489
4.7286
4.6970
4.7043
4.7551
4.7988
4.7454
4.9983
4.9711
4.9990
5.0503
4.8337
4.8405
4.8442
4.8666
4.9281
4.8712
4.8899
4.8481
4.9504
4.8696
4.9770
5.1126
5.1743
4.9704
5.1157
4.8735
5.0208
4.9458
5.0904
5.0002
5.0323
4.9279
5.0605
5.0545
5.2623
5.1571
5.1378
5.0977
5.0112
5.0110
4.9722
5.0107
5.2180
5.0645
5.1413
5.2949
5.1168
5.1678
5.1509
5.0146
5.2743
5.2836
5.2127
5.3052
5.2076
5.3388
5.1990
5.2878
5.2601
5.0965
5.1217
5.0914
4.8645
5.0235
5.0936
5.0957
5.1363
5.1150
4.9811
4.9533
5.0344
5.1054
5.1408
4.9634
4.9223
5.0794
4.9850
4.8549
5.0367
4.8847
4.7238
4.6794
4.5810
4.5685
4.5748
4.6816
4.6748
4.6160
4.6899
4.4265
4.6356
4.5062
4.5547
4.6768
4.8563
4.6291
4.8914
4.8812
4.9755
4.9596
5.2690
5.0586
4.9486
4.9293
4.9581
4.8491
4.8433
4.8855
4.9077
5.0066
4.9588
4.8252
4.7235
4.6589
4.6399
4.8514
4.9789
4.8448
4.7950
4.8243
4.8119
4.8156
4.7470
4.7294
4.7653
4.6872
4.8318
4.9625
4.9207
4.8269
4.8008
4.8492
4.8181
5.1116
5.0007
5.0497
5.1240
4.9954
4.7994
4.7757
4.8702
4.8802
4.8511
4.9338
4.9414
4.7485
4.7720
4.7872
4.9736
5.2071
5.2229
4.9815
4.9679
4.9517
4.8852
4.9865
4.9381
4.9005
4.9701
5.0693
5.0493
4.7961
4.9966
4.9513
4.8915
4.8131
4.8815
5.0751
4.9346
4.9467
4.8651
4.7393
4.7432
4.7380
4.8133
5.2362
4.9569
5.0073
5.1545
5.0614
5.2447
4.9829
4.9440
5.0923
5.1400
5.1194
5.2974
5.0598
4.9782
5.1756
5.0331
4.9414
4.7872
4.9181
4.9114
4.8271
4.9106
4.9797
5.0466
5.0308
4.7949
5.0432
5.0711
4.9660
5.1165
4.9301
4.8350
4.9248
4.9320
4.8785
4.8108
4.7805
4.8075
4.8414
4.8145
4.7962
4.8571
5.1397
5.1796
5.0547
5.2146
5.2066
5.0936
4.9889
5.0828
5.0635
5.0487
5.0445
5.1846
4.9933
4.9324
5.0190
4.8103
4.8921
4.7828
5.1131
5.1073
5.0411
5.2597
5.5782
5.2821
5.4458
5.2114
5.3944
5.5610
5.3500
5.0828
5.0546
5.3334
5.0899
5.1497
5.1641
5.1595
4.8317
4.6998
4.8442
4.8036
4.8743
4.9181
4.8073
4.8119
4.9103
4.9298
4.8494
4.8590
4.9831
4.9167
5.1003
5.1089
5.0970
5.0034
5.2172
5.3023
5.4481
5.5635
5.7194
5.5382
5.6225
5.6066
5.5705
5.4619
5.1715
5.1071
5.4792
5.3899
5.3297
5.3309
5.5897
5.9340
5.6914
5.5980
5.4246
5.3579
5.4511
5.3306
5.1449
5.0732
5.2346
5.3412
5.0004
5.1070
5.1387
4.9613
4.8396
4.9667
5.2244
5.3607
4.9678
5.2140
5.1329
4.8771
4.9668
4.7968
4.7377
4.6450
4.6888
4.8583
5.0080
5.1710
5.1631
5.1110
5.0742
5.1284
5.2846
5.1545
4.9838
5.0564
5.0062
5.2574
5.4655
5.3354
5.4301
5.3658
5.4530
5.5098
5.3936
5.4301
5.3200
5.3577
5.4616
5.5158
5.6049
5.6720
5.7354
5.7855
5.4797
5.5023
5.4189
5.3346
5.6560
5.5788
6.0396
5.9025
6.1240
6.4671
6.0528
5.8880
6.1812
6.0184
6.1178
5.9457
5.6265
5.9641
5.9165
5.8592
5.9227
6.0076
5.8919
5.7800
5.9309
5.7540
5.7846
5.5665
5.6587
5.4571
5.5481
5.3552
5.4340
5.2648
5.3028
5.0579
5.3688
5.3766
5.3398
5.3542
5.6424
5.4583
5.8246
5.7794
5.6376
5.5556
5.6056
5.4904
5.4122
5.3695
5.5260
5.4512
5.6837
5.9441
5.6125
5.6079
5.6388
5.5728
5.4964
5.4786
5.5670
5.5669
5.3842
5.4776
5.4891
5.5829
5.4490
5.3641
5.3028
5.4970
5.4603
5.7487
5.5470
5.6529
5.5613
5.2991
5.4462
5.4992
5.6545
5.5591
5.6761
5.6892
5.5327
5.7800
5.7312
5.4736
5.4943
5.5076
5.6356
5.7660
5.7566
5.8352
5.5566
5.3621
5.5823
5.3469
5.5640
5.6616
5.6364
5.4394
5.4886
5.5201
5.4460
5.5830
5.4326
5.4910
5.5898
5.4310
5.4031
5.4842
5.5099
5.4866
5.5212
5.4217
5.5315
5.5818
5.5379
5.6803
5.7497
5.4984
5.4057
5.5789
5.6019
5.4189
5.3180
5.1970
5.4786
5.6261
5.7595
5.7498
5.8547
5.8581
5.6399
5.6987
5.6723
5.6292
6.0042
5.9637
5.6522
5.8296
5.9306
6.0076
5.9569
5.8279
5.9193
5.9566
5.6809
5.7924
5.8609
5.8359
5.6880
5.5364
5.3559
5.4160
5.3729
5.5826
5.6554
5.8231
5.6457
5.5607
5.5832
5.7280
5.7293
5.7495
5.6054
5.6905
5.7359
5.4267
5.7495
5.9903
6.0482
5.8378
5.6885
5.6874
6.0332
5.8769
6.1040
6.1680
6.3303
6.1632
6.3842
5.8404
5.5931
5.8701
6.2301
5.8443
5.9850
5.6659
5.6142
5.6075
5.5488
5.5549
5.5614
5.8218
5.9201
5.9104
5.6580
5.8474
5.6813
5.8639
5.7867
5.6927
5.4421
5.4927
5.5432
5.5609
5.5817
5.7939
5.8281
5.9218
5.9360
6.1972
6.0639
6.0707
5.8548
6.0381
6.0521
6.0116
6.0660
5.9768
5.9132
5.8482
5.9215
6.0317
6.2174
6.2580
6.0382
5.9131
6.2788
6.2198
6.0451
5.9405
6.1158
6.0270
5.9934
5.9538
6.1138
6.2233
5.9761
6.1956
6.0454
6.1076
5.7869
5.7455
5.7661
5.9431
5.9901
5.8955
5.7563
5.9487
5.8507
6.0080
5.8189
6.0709
6.0875
5.7055
5.7217
5.7971
5.8566
5.9454
5.8099
5.9719
6.0658
5.9628
5.9237
5.8090
5.8957
5.6820
5.5901
5.4531
5.4476
5.7630
5.5704
5.6588
5.9415
5.6087
5.6761
5.5639
5.7017
5.6745
5.7589
5.7220
5.5669
5.6643
6.0750
5.6150
5.5045
5.6333
5.4306
5.6785
5.5906
5.4604
5.5420
5.6619
5.4531
5.5222
5.5510
5.7881
5.8664
5.7227
5.9199
5.8818
5.7638
5.7223
5.6718
5.5954
5.7315
5.9117
5.6253
5.5043
5.8234
5.4580
5.6834
5.5178
5.4226
5.3599
5.4643
5.4308
5.5729
5.4345
5.6340
5.8934
5.8031
5.9454
5.5763
5.6340
5.7165
5.9349
5.7372
5.8137
5.5932
5.4981
5.7656
5.8312
5.5465
5.4015
5.3605
5.3748
5.4411
5.2210
5.5370
5.6060
5.6895
5.7316
5.7719
5.9343
5.8454
5.7142
5.8513
5.7254
5.6390
5.6523
5.5403
5.8499
5.6055
5.6984
5.6215
5.4765
5.4914
5.3921
5.5346
5.4369
5.4928
5.3992
5.3516
5.5564
5.2776
5.5646
5.6629
5.6182
5.5666
5.3285
5.4173
5.5550
5.5413
5.5931
5.7490
5.7703
5.7012
5.5365
5.6388
5.6630
5.6363
5.6410
5.7989
5.6698
5.6415
5.5352
5.6147
5.6877
5.7733
5.9012
5.9206
5.7795
6.0397
6.2400
6.1866
6.1939
6.2059
6.5317
6.1555
6.3703
6.2152
6.0212
6.0067
5.9812
5.7555
5.7910
6.0594
6.0796
5.9980
6.3013
6.2167
5.9204
6.1581
5.9632
6.0987
6.0313
6.1905
6.6119
6.4290
6.5947
6.8113
6.4412
6.7679
6.8636
6.5697
6.3734
6.8225
6.9761
6.7241
6.8949
6.5042
6.7418
6.6849
6.4525
6.2574
6.6761
6.5419
6.4942
6.3847
6.2603
6.4651
6.3652
6.4516
6.2816
6.3529
6.6206
6.6142
6.2976
6.5151
6.1066
6.1591
6.3195
6.4198
6.4216
6.2846
6.3137
6.3693
6.4869
6.5257
6.4888
6.4036
6.4735
6.1359
6.1138
6.3569
6.3238
6.6148
6.5534
6.4541
6.4625
6.6949
6.3688
6.7314
6.4479
6.3444
6.7741
6.6984
6.9100
6.6878
6.6568
6.7059
6.5392
6.3021
6.3325
6.6331
6.2111
6.1657
6.4208
6.3829
6.0806
6.1099
5.8884
6.2877
6.5053
6.4702
6.2786
6.5244
6.3747
6.4000
6.3824
6.5628
6.2913
6.3768
6.6075
6.5101
6.4340
6.6392
6.9759
6.7718
6.6870
6.5242
6.5467
6.6196
6.8111
7.0375
7.0407
6.6375
6.3676
6.4180
6.3949
6.4407
6.5007
6.4715
6.5696
6.5383
6.3325
6.3685
6.4680
6.4988
6.4536
6.1930
6.3478
6.2902
6.4661
6.5702
6.5179
6.2382
6.1560
6.0827
6.1989
6.0027
6.3294
6.2783
6.1151
6.2326
6.3962
6.1971
6.6209
6.4404
6.5266
6.4136
6.3405
6.8255
6.3773
6.2831
6.2925
6.0759
6.2111
6.0047
6.4617
6.3911
6.5613
6.5182
6.5580
6.2739
6.5758
6.4448
6.2443
6.4147
6.3985
6.5138
6.7058
6.4995
6.4335
6.5764
6.3328
6.1854
6.1855
6.4275
6.4286
6.3179
6.5460
6.3199
6.6198
6.4967
6.1432
6.1725
6.3222
6.4131
6.3158
6.1370
6.0973
6.1227
5.9916
6.2311
6.0527
6.1556
6.2701
6.1620
5.7776
5.9476
5.7048
5.8454
5.7192
6.0198
5.7538
6.1965
6.0116
6.3692
6.0450
5.9908
6.0227
6.2981
6.1750
6.1204
6.1514
6.6734
6.5350
6.3847
6.2210
5.9499
5.8533
5.8364
5.7613
6.3570
6.2498
6.4617
6.3800
6.6375
6.4514
6.3265
6.8891
6.8302
6.2369
6.5917
6.6613
6.3084
6.7664
6.3077
6.3998
6.4101
6.4834
6.3193
6.3209
6.4276
6.7885
6.5868
6.4314
6.2310
6.0338
5.9610
5.9734
5.7904
5.7967
5.7731
5.7876
5.9518
5.9029
6.0404
5.9018
5.8145
5.8888
5.8139
6.2322
5.9758
6.1384
6.4569
6.4765
6.5172
6.5845
6.5865
6.4331
6.8479
6.7020
6.4204
6.4915
6.0855
6.2573
6.4080
6.0811
5.9214
6.0850
6.3097
6.2870
6.3540
6.0522
6.1589
6.3447
6.1902
6.3837
6.2115
6.0304
6.0539
6.1506
6.1443
6.0660
5.9767
6.0093
6.0791
5.9301
5.8187
5.8631
5.7185
5.6944
5.6863
5.8417
5.8021
5.8842
5.8105
5.9126
5.8089
5.8654
5.8767
6.0860
5.6188
5.3912
5.6479
5.6839
5.7558
5.2005
5.2755
5.2102
5.2604
5.4290
5.5254
5.5871
5.4293
5.4406
5.3909
5.3884
5.4920
5.3677
5.6105
5.7747
5.7246
5.4104
5.5033
5.4269
5.3155
5.5052
5.4109
5.3873
5.5404
5.4473
5.5719
5.7457
5.6728
5.8201
5.5160
5.5190
5.4289
5.2971
5.5517
5.5245
5.4994
5.5344
5.6229
5.3647
5.2335
5.5286
5.2137
5.2317
5.4392
5.6280
5.3505
5.6781
5.8665
5.3563
5.6791
5.6011
5.8827
5.8542
5.8435
5.9816
6.2490
5.7006
5.7195
5.6339
5.6944
5.7339
5.5769
5.6488
5.4997
5.4526
5.1559
5.1549
5.1625
5.3893
5.5171
5.6492
5.5258
5.5344
5.8208
5.7821
5.7074
5.6424
5.5806
5.6902
5.3657
5.4876
5.4781
5.5861
5.6250
5.6263
5.4158
5.7151
6.0859
5.6396
5.7584
5.6010
5.6564
5.6573
6.2396
6.0320
5.8651
5.6600
5.7177
5.8667
5.9712
5.7763
5.6662
5.5473
5.6084
5.4267
5.5461
5.3871
5.5156
5.2910
5.4494
5.6180
5.6306
5.6976
5.5763
5.5178
5.5917
5.5068
5.3290
5.2953
5.2457
5.5149
5.4633
5.4361
5.3843
5.6251
5.6229
5.3322
5.5705
5.7676
5.5781
5.4823
5.6617
5.8141
5.8304
5.8774
6.0781
5.7466
5.8879
6.3031
6.1728
6.1904
6.2237
6.3738
6.3875
6.1627
6.4098
6.0769
6.0755
5.9285
5.8741
5.9447
5.8277
5.9757
5.7764
5.5348
5.8723
5.5658
5.5118
5.1949
5.4126
5.4104
5.6413
5.5925
5.5463
5.7344
5.7376
5.6084
5.7386
5.6811
5.7542
5.5378
5.5389
5.7981
5.6337
5.9836
5.6394
5.5813
5.8916
5.9339
5.9808
6.0144
5.9743
5.9984
6.0101
6.0768
6.0326
6.0550
5.9334
5.8716
5.9982
5.8294
5.7764
5.8075
5.9667
6.0471
6.2188
5.9329
5.9543
5.9297
5.9745
6.1404
6.2454
6.3221
6.5259
6.6415
6.4620
6.6530
6.5238
6.3813
6.4328
6.1382
6.6321
6.6390
6.6868
6.4089
6.0258
6.0754
6.4616
5.9490
6.1736
6.3130
5.8701
5.8267
6.0311
6.1051
6.1659
5.6684
5.6011
5.5774
5.7029
5.7630
5.6642
6.0671
6.0926
5.6275
5.6177
6.2136
6.0916
6.1952
6.1911
6.3989
6.5844
6.6390
6.4281
6.1059
6.1857
6.1970
6.1293
6.0782
6.3979
6.2213
6.2651
6.1663
6.3538
5.9700
5.7349
6.1419
6.1501
6.6429
6.1211
6.3631
6.0894
5.9513
6.0417
5.8465
6.1502
6.3171
5.9664
5.6823
5.7105
5.7075
5.6320
5.6211
5.8174
5.5273
5.8109
5.6438
5.7915
5.7722
5.6596
5.6899
5.6462
5.6342
5.7556
5.6984
5.8614
5.5897
5.3809
5.4316
5.8625
5.7790
6.1645
5.9258
6.3163
6.0724
5.9747
6.2293
6.0376
5.9776
5.9519
5.8490
6.0380
5.6376
5.7467
5.7574
5.6946
5.5979
5.7323
5.5839
5.7195
5.8713
5.8159
5.8815
5.9161
5.8044
5.4355
5.9353
5.8234
5.7228
5.6326
5.5933
5.5705
5.3067
5.3913
5.4436
5.4788
5.4208
5.6289
5.5819
5.7162
5.6215
5.5496
5.6888
5.7579
5.7444
5.6193
5.5750
5.7079
5.7257
5.4878
5.6224
5.7618
5.8026
5.9499
6.1562
6.1529
5.9582
5.8481
5.6426
5.3890
5.6319
5.4525
5.5338
5.6487
5.5582
5.5690
5.7002
5.6019
5.3745
5.5155
5.4185
5.3602
5.5707
5.5941
5.4941
5.3419
5.4220
5.5334
5.5756
5.5959
5.4239
5.4792
5.5161
5.2972
5.5549
5.1799
5.4447
5.5197
5.1890
5.4158
5.4922
5.4529
5.6129
5.6423
5.7282
5.3451
5.5648
5.5527
5.2896
5.2676
5.0889
5.1057
5.3546
5.0957
5.2024
5.3222
5.4384
5.3960
5.1961
5.0864
5.2007
5.2258
5.4035
5.3725
5.2738
5.0892
5.2428
5.0601
5.3696
5.1694
5.2284
5.3887
5.3997
5.4495
5.2349
5.0937
5.3941
5.5067
5.3848
5.5356
5.6703
5.5200
5.4210
5.4268
5.4498
5.4286
5.3825
5.4872
5.5182
5.4179
5.2529
5.2358
5.2733
5.4136
5.5133
5.3798
5.5837
5.5153
5.2355
5.4571
5.4288
5.4904
5.4410
5.5304
5.4443
5.7069
5.6339
5.3736
5.4344
5.4908
5.7171
5.4897
5.3610
5.5894
5.7109
5.5202
5.3669
5.4369
5.4113
5.3010
5.3570
5.2106
5.2797
5.1238
5.6319
5.4808
5.3814
5.7733
5.6106
5.6797
5.8271
6.0191
5.6466
5.6445
5.5957
5.4020
5.4159
5.3393
5.5042
5.5835
5.4564
5.3632
5.5676
5.4026
5.5932
5.7264
5.8676
5.8465
5.9463
5.7517
5.9946
6.1169
6.0254
5.8461
5.8881
5.5611
6.1879
5.9910
5.9274
5.6667
5.6657
5.8434
5.7356
5.8492
5.7815
5.8830
5.7326
5.7551
5.5723
5.5318
5.6076
5.7468
5.7211
5.6893
5.8382
5.9032
5.6465
5.7472
6.0143
6.0141
5.7072
5.8325
5.9673
5.5097
5.5683
5.8315
5.5086
5.4831
5.3077
5.7089
5.5896
5.4831
5.6595
5.5522
5.4103
5.3261
5.2909
5.5346
5.3431
5.1908
5.9207
5.4608
5.5693
5.8383
5.6092
5.6058
5.8100
5.5636
5.7275
5.9089
5.4157
5.3033
5.5489
5.4756
5.5707
5.3724
5.4374
5.8655
5.7380
5.5058
5.8683
5.7143
5.4539
5.6689
5.7697
5.6510
5.3805
5.4025
5.4828
5.3275
5.3647
5.3422
5.6985
5.8883
5.9674
5.7117
5.9207
6.0426
5.9627
6.1948
6.0982
5.9128
5.9084
5.9166
6.0936
6.0326
6.1010
6.1667
6.0139
5.8512
5.8663
5.6265
5.8442
5.9456
6.0584
6.1140
6.1273
5.8203
6.0643
5.9463
5.3905
5.5251
5.5738
5.2032
5.3961
4.9568
4.9735
5.2859
5.5947
5.4969
5.2381
5.3402
5.3099
5.5385
5.6419
5.7900
5.5183
5.8689
5.7754
5.7729
5.8958
5.6674
5.8739
5.9343
5.7741
5.4456
5.8777
5.6573
5.8787
5.8649
5.7165
5.6127
5.7040
6.1774
5.7452
5.9767
5.5774
5.6435
5.1017
5.2065
5.4699
5.6231
5.7459
5.6494
5.9703
5.5810
5.6931
5.5481
5.5474
5.4079
5.6157
5.3546
5.4214
5.3099
5.2255
5.3203
5.3333
5.3959
5.3836
5.6165
5.8919
5.3702
5.0848
5.1956
5.0650
5.1773
5.2782
5.4157
5.4317
5.3496
5.1992
5.4443
5.5352
5.8226
5.8426
6.1380
5.5091
5.6518
5.3527
5.8276
5.3960
5.6200
5.8779
5.7189
5.9008
6.1432
5.7937
5.7536
5.4494
5.6094
5.5913
5.7138
5.5942
5.7379
5.5398
5.6433
5.6526
5.6432
5.6481
5.8416
5.6085
5.8221
5.9599
5.9819
6.1142
6.0134
5.8654
5.7346
5.6505
5.6517
5.5476
5.5836
5.2969
5.4782
5.4083
5.6717
5.7608
5.5859
5.6123
5.8257
5.5212
5.7453
5.5450
5.7251
6.0323
5.8361
5.7694
5.4715
5.4698
5.3978
5.7821
5.6961
5.7481
5.8614
5.5831
5.4477
5.8084
5.5614
5.2568
5.4669
5.4624
5.5916
5.3754
5.6443
5.6942
6.0848
6.0507
6.2249
5.9245
5.8211
5.9100
5.8933
5.7749
5.5230
5.2730
5.6911
5.8928
5.3786
5.5990
5.1759
5.3700
5.0117
5.4186
5.2337
5.3255
5.3158
5.2488
5.3803
5.4390
5.5012
5.4153
5.4426
5.5812
5.3497
5.2151
5.3113
5.5694
5.4611
5.5245
5.4327
5.3710
5.2300
5.2504
5.0940
5.1461
5.3601
5.4040
5.1473
5.3437
5.9235
5.7230
5.4494
5.4550
5.1620
5.1788
5.1549
5.1452
4.9473
5.2878
5.1749
5.2648
5.2257
5.4704
5.3750
5.4876
5.3373
5.2931
5.3229
5.4643
5.6106
5.5612
5.6768
5.2110
5.3901
5.2835
5.3590
5.2906
5.4644
5.3302
5.2669
5.2679
5.1617
5.0588
5.3178
5.3972
5.4097
5.2112
5.1778
5.0073
5.3279
5.3440
5.4388
5.4804
5.4375
5.7169
5.6855
5.7240
5.5150
5.2184
5.2510
5.4050
5.5151
5.3110
5.2190
5.0101
5.1434
4.9615
5.0963
4.9917
5.0187
4.9776
5.0394
5.0411
5.1397
5.1145
5.2647
5.1425
5.1305
5.2056
5.1808
5.2105
5.2001
5.3469
5.2360
5.1225
5.3071
5.0867
5.1620
5.2568
5.2368
5.0638
5.1828
5.2563
5.1847
5.0416
5.3624
5.4075
5.3742
5.2171
5.3623
5.1590
5.2543
5.3060
5.3073
5.2026
5.1603
5.3585
5.3647
5.6714
5.6476
5.8691
5.4949
5.4468
5.6322
5.6156
5.4634
5.4505
5.8199
5.4341
5.5841
5.6785
5.5743
5.5781
5.7238
5.5895
5.5124
5.8041
5.6520
5.4975
5.4496
5.4381
5.3489
5.5883
5.5209
5.3058
5.2064
5.2864
5.3513
5.4701
5.5476
5.3654
5.0824
5.2660
5.3425
5.4259
5.4249
5.3746
5.4418
5.4904
5.3053
5.2021
5.3406
5.1099
5.1909
5.2363
5.1091
5.2409
5.1253
5.2891
5.1504
5.2557
5.5591
5.2551
5.2433
5.2484
5.4321
5.3164
5.2741
5.2611
5.5449
5.2733
5.0854
5.0078
5.2244
5.2339
5.1276
5.3228
5.4821
5.3283
5.1909
5.2943
5.3851
5.2361
5.1546
5.1748
5.0744
5.1984
4.9895
4.9944
4.9971
5.0852
5.2066
5.0807
5.1189
5.0792
4.8947
5.0054
5.1507
5.0014
5.3567
5.2785
5.1666
5.1642
5.3125
5.2622
5.2433
5.1355
5.2938
5.2318
5.1915
5.2698
4.9964
5.0021
5.1070
5.0987
5.0740
5.1589
5.1844
5.0779
4.9369
5.0864
5.0145
4.9885
5.2029
5.1683
5.2734
5.4450
5.2787
5.3690
5.1519
5.1581
5.4112
5.3103
5.2633
5.0038
5.0927
5.2791
5.3260
5.2730
5.2191
5.1077
5.2259
5.2461
5.2599
5.1970
5.2481
5.2165
5.3023
5.3046
5.0979
5.1911
5.3842
5.2256
5.2081
5.3079
5.1142
5.1105
5.1079
5.3248
5.4200
5.3212
5.5168
5.4021
5.3745
5.6039
5.2476
5.4026
5.3209
5.4474
5.3957
5.2674
5.5136
5.4299
5.4396
5.4923
5.4173
5.4363
5.4888
5.3950
5.4698
5.5169
5.6908
5.6012
5.5306
5.5494
5.6283
5.6700
5.5417
5.4786
5.4939
5.4759
5.4658
5.6381
5.5137
5.4883
5.7392
5.4871
5.5973
5.7162
5.5449
5.7055
5.7216
5.4203
5.5387
5.6819
5.5527
5.3836
5.3774
5.7310
5.8093
5.4974
5.5776
5.8397
5.6057
5.5313
5.4200
5.3076
5.6142
5.2789
5.3221
5.5417
5.3420
5.2121
5.1690
5.4466
5.2784
5.6918
5.8714
5.4025
5.5669
5.5635
5.3013
5.1660
5.2832
5.4558
5.3614
5.4560
5.4920
5.3157
5.2859
5.3335
5.3013
5.2333
5.2790
5.2887
5.3078
5.4915
5.3629
5.2621
5.2665
5.4200
5.3847
5.3584
5.4292
5.4066
5.3599
5.4094
5.4591
5.2465
5.2303
5.5110
5.6395
5.5501
5.4430
5.7021
5.4708
5.6024
5.3721
5.4365
5.3409
5.5431
5.5300
5.4650
5.6300
5.6387
5.3909
5.4363
5.3029
5.3009
5.2065
5.0888
5.1074
5.2003
5.2404
5.2826
5.2795
5.0922
5.1760
5.4185
5.4148
5.0978
5.2256
5.2714
5.1390
5.0426
5.2039
5.1654
5.2108
5.1288
5.1998
5.3224
5.2378
5.0030
5.2056
5.2975
5.4002
5.3398
5.4103
5.1810
5.3288
5.1029
5.1675
5.2405
5.0708
5.1187
5.1697
5.3023
5.1980
5.4068
5.2615
5.3496
5.2951
5.4077
5.4176
5.2936
5.1812
5.2717
5.2952
5.2027
5.1737
5.2281
5.2600
5.1364
5.0835
5.0900
5.1704
5.1566
5.2387
5.3244
5.1479
5.3078
5.0681
5.1085
5.0781
5.0371
5.0963
5.0706
5.1623
5.0342
5.0009
5.1950
5.2047
5.1403
4.9102
5.0384
5.1392
5.3036
5.2426
5.2557
5.3066
5.1777
5.2289
5.1538
5.1991
5.1389
5.1277
5.1166
5.1420
5.0971
5.0494
5.1064
5.1562
5.1735
5.2864
5.3190
5.0789
4.9071
5.0987
5.1245
5.2578
5.2871
5.3678
5.3698
5.2721
5.5781
5.7370
5.8272
5.6750
5.5925
6.0142
5.7645
5.7138
5.5871
5.7305
5.5374
5.3866
5.4949
5.6768
5.4644
5.5725
5.5079
5.6876
5.5727
5.4741
5.5058
5.6211
5.8350
5.7508
5.6764
5.6926
5.6030
5.6395
5.5632
5.4058
5.4933
5.2761
5.6113
5.2851
5.3446
5.5096
5.4686
5.3041
5.3361
5.2333
5.3179
5.1933
5.3332
5.2554
5.2864
5.3300
5.4623
5.2820
5.1640
5.1970
5.0986
5.4204
5.3548
5.4512
5.6343
5.6070
5.4943
5.7640
5.6124
5.3918
5.3998
5.4495
5.4106
5.4516
5.4954
5.4289
5.3715
5.4171
5.4945
5.5445
5.6311
5.5964
5.6362
5.4752
5.5378
5.5635
5.2795
5.5483
5.4745
5.6125
5.6473
5.7429
5.8238
5.8391
5.8026
5.7309
5.6328
5.5617
5.5517
5.6945
5.6772
5.5193
5.6696
5.7326
5.6702
5.7068
5.5715
5.6171
5.6690
5.5711
5.2918
5.3378
5.4227
5.3603
5.5933
5.4208
5.4794
5.2260
5.4958
5.4209
5.2016
5.1822
5.3101
5.3991
5.2589
5.4143
5.3426
5.3925
5.3098
5.4241
5.1858
5.0750
5.3800
5.2040
5.2996
5.3870
5.4441
5.4236
5.3118
5.2976
5.3246
5.1413
5.0424
5.2188
5.2323
5.3411
5.5424
5.4292
5.3850
5.5818
5.4291
5.3338
5.3303
5.2959
5.2498
5.4225
5.2287
5.1330
5.2689
5.1336
5.2366
5.2614
5.5422
5.5074
5.5239
5.3615
5.3921
5.3438
5.2328
5.2461
5.3271
5.3441
5.4074
5.2791
5.6767
5.6313
5.5215
5.2620
5.4775
5.5200
5.7223
5.6942
5.4503
5.4174
5.3911
5.7839
5.5447
5.4795
5.6729
5.4563
5.5738
5.5742
5.4706
5.3844
5.4619
5.5706
5.4131
5.4070
5.5000
5.4077
5.4424
5.5113
5.4831
5.2922
5.2472
5.2013
5.4379
5.1046
5.2490
5.3547
5.3564
5.3619
5.2992
5.2926
5.3737
5.2785
5.4152
5.3640
5.3539
5.4995
5.3384
5.2172
5.1895
5.2079
5.2534
5.2950
5.1246
5.2848
5.1868
5.1331
5.0704
5.0253
5.1093
4.9891
4.9352
5.0539
5.0052
5.0416
4.9120
4.9136
4.9783
4.9465
5.2173
4.9821
5.0692
5.1295
5.2580
5.1681
5.2613
5.2103
5.2628
5.3342
5.3454
5.1931
5.1671
5.0049
5.3081
5.0751
5.1351
5.2220
5.2301
5.0889
5.2724
5.3282
5.2824
5.5072
5.4892
5.4133
5.1963
5.2282
5.1776
5.0227
5.0729
5.2572
5.1521
5.2242
5.1281
5.2214
5.3439
5.2601
5.1847
5.3205
5.3013
5.3294
5.2419
5.2653
5.3408
5.0468
5.1892
5.1288
5.2576
5.4558
5.2896
5.2812
5.2468
5.3228
5.2952
5.3780
5.2872
5.5057
5.6973
5.4044
5.2011
5.1599
5.2578
5.2910
5.4017
5.3387
5.2842
5.3231
5.3814
5.3285
5.4169
5.3269
5.3687
5.5317
5.3151
5.4089
5.5737
5.6361
5.6892
5.6690
5.6169
5.5287
5.8442
5.8601
5.7260
5.6161
5.6517
5.5665
5.8076
5.6037
5.5940
5.4568
5.5764
5.4209
5.4624
5.5311
5.5247
5.3824
5.5464
5.3325
5.4445
5.5391
5.4572
5.4766
5.4050
5.4449
5.5825
5.5317
5.5972
5.6390
5.9130
5.9675
5.9534
5.8481
5.6316
5.4994
5.4838
5.6936
5.5222
5.7398
5.4646
5.2696
5.3836
5.4787
5.3693
5.1338
5.1247
5.1058
5.2119
5.3428
5.3364
5.3353
5.3536
5.1046
5.1970
5.1509
4.9944
5.2138
5.1811
5.1489
5.3692
5.2963
5.1493
5.1789
5.0458
5.0844
4.9778
5.1459
5.1058
5.1666
5.0236
5.1243
4.8357
4.9704
4.9957
5.1114
4.9674
5.0698
5.0720
5.0696
5.1352
5.2063
5.2193
5.0409
4.9457
5.2053
5.0859
5.0171
5.3201
5.0688
5.0318
5.0346
5.1630
5.1689
5.1488
5.3097
5.0546
5.1756
5.1651
5.4324
5.0603
5.0921
5.0866
4.9896
5.1290
5.1787
5.0038
4.9266
5.0344
5.0410
4.9163
4.8593
4.8171
4.8913
4.9711
5.0060
5.0237
4.9348
4.9789
4.9802
5.1199
5.1721
5.1506
5.3012
5.2211
5.2498
5.4295
5.4886
5.4846
5.5245
5.3556
5.4129
5.4522
5.5799
5.4667
5.4856
5.3443
5.4912
5.4556
5.4372
5.2975
5.4083
5.4937
5.4419
5.5249
5.5745
5.4388
5.5169
5.5912
5.4064
5.3528
5.4918
5.5455
5.5903
5.5033
5.4976
5.2706
5.3670
5.3904
5.3107
5.3643
5.1929
5.4447
5.3616
5.4222
5.3424
5.4345
5.6163
5.5567
5.4106
5.5668
5.5382
5.3760
5.3782
5.3840
5.4123
5.4169
5.3237
5.2816
5.2946
5.3388
5.2293
5.2746
5.2096
5.2765
5.2865
5.2667
5.3531
5.2484
5.1236
5.3518
5.2484
5.3506
5.4368
5.4693
5.3110
5.4845
5.3997
5.3674
5.3853
5.3234
5.3928
5.3218
5.3745
5.3993
5.4071
5.3431
5.3012
5.3320
5.4347
5.5767
5.4531
5.3786
5.3034
5.3633
5.4115
5.3571
5.3569
5.5727
5.5168
5.4480
5.4436
5.4891
5.5813
5.4428
5.6350
5.5899
5.6082
5.5422
5.6152
5.6089
5.5213
5.2916
5.5245
5.5632
5.8197
5.6825
5.6827
5.6768
5.6444
5.7231
5.5902
5.7538
5.8454
5.5997
5.6143
5.5825
5.4534
5.7057
5.7254
5.7035
5.6843
5.6137
5.6669
5.7012
5.9089
5.7983
5.6444
5.9011
5.6080
5.6291
5.6280
5.6029
5.5768
5.3848
5.2952
5.4127
5.5204
5.5436
5.6519
5.5721
5.3732
5.5499
5.5824
5.5623
5.6731
5.5336
5.4050
5.4914
5.5043
5.7547
5.6415
5.7504
5.7075
5.7472
5.7907
5.7517
5.6586
5.7088
5.6819
5.5580
5.5468
5.6471
5.5306
5.4686
5.5655
5.4641
5.5452
5.7024
5.4746
5.7856
5.8309
5.9594
5.8797
5.6578
5.6760
5.6620
5.5513
5.5725
5.5611
5.7875
5.7271
5.6409
5.6635
5.4258
5.6349
5.5112
5.6514
5.8591
5.9053
5.6170
5.6440
5.5417
5.7006
5.5004
5.6103
5.6277
5.4497
5.6815
5.5586
5.5358
5.5507
5.3577
5.5427
5.5380
5.5801
5.5990
5.5296
5.6359
5.5614
5.5564
5.4948
5.3787
5.6037
5.6820
5.6227
5.6221
5.8877
5.7145
5.5920
5.4958
5.5415
5.4114
5.4803
5.4731
5.4153
5.3490
5.5766
5.4494
5.2249
5.4366
5.5279
5.2534
5.3170
5.3486
5.5026
5.4606
5.3406
5.4891
5.4378
5.4572
5.3378
5.4757
5.4560
5.5259
5.4580
5.7286
5.8147
5.8551
5.7995
5.7059
5.6475
5.8537
5.6748
5.4884
5.3909
5.4245
5.3530
5.6886
5.6264
5.5097
5.4440
5.4974
5.6261
5.3180
5.3082
5.5267
5.4705
5.6031
5.7982
5.4471
5.6723
5.7173
5.6403
5.5817
5.5646
5.5354
5.5627
5.5167
5.5461
5.3032
5.1507
5.2453
5.4397
5.2830
5.3121
5.3863
5.5121
5.3686
5.3327
5.4847
5.2621
5.3633
5.2614
5.2996
5.3417
5.4366
5.1704
5.3381
5.2615
5.4468
5.1824
5.2563
5.2843
5.3839
5.3739
5.1316
5.0834
5.2885
5.3621
5.3406
5.2913
5.2948
5.2275
5.1829
5.2809
5.5263
5.2323
5.1192
5.2310
5.1533
5.1424
5.1271
5.2860
5.1449
5.3684
5.2290
5.3473
5.2935
5.1657
5.1257
5.2538
5.3228
5.1822
5.1510
5.2689
5.1310
5.1965
5.2716
5.2520
5.2182
5.3261
5.3537
5.3884
5.3617
5.5038
5.6404
5.6127
5.6174
5.5832
5.5171
5.5050
5.7366
5.7998
5.7587
5.7364
5.6800
5.6301
5.7343
5.7134
5.7460
5.6604
5.6003
5.7159
5.8684
5.7747
5.6504
5.6535
5.7710
5.7704
5.4708
5.3222
5.5129
5.4438
5.5376
5.6087
5.6104
5.7528
5.6553
5.6311
5.5685
5.4148
5.4556
5.4663
5.7408
5.5671
5.6187
5.4952
5.3608
5.3648
5.4002
5.4143
5.5744
5.3678
5.2945
5.4466
5.4096
5.5120
5.3312
5.3619
5.5093
5.4213
5.4210
5.3345
5.2956
5.4674
5.3811
5.3972
5.3493
5.0985
5.1648
5.4687
5.3969
5.3333
5.3281
5.2628
5.5296
5.6188
5.4681
5.3737
5.3466
5.3044
5.2032
5.2818
5.4273
5.5473
5.5504
5.4870
5.4212
5.6131
5.5274
5.5628
5.6021
5.4451
5.5771
5.6263
5.6825
5.6125
5.5936
5.6787
5.9010
5.6225
5.7948
5.6227
5.7785
5.8447
5.7474
5.6063
5.5798
5.5399
5.5103
5.4906
5.5651
5.8825
5.7498
5.5064
5.3875
5.1936
5.2720
5.3854
5.2163
5.1115
5.2463
5.1335
5.0492
5.0132
5.1519
5.1879
5.3069
5.1841
5.2334
5.2047
5.2096
5.2603
5.2708
5.2244
5.0749
5.2032
5.1886
5.1789
5.1759
5.2686
5.1450
5.3991
5.3586
5.3468
5.1706
5.1833
4.9900
5.2723
5.4208
5.4623
5.3394
5.2804
5.4903
5.6726
5.5329
5.3323
5.3860
5.3500
5.3287
5.4299
5.5155
5.3044
5.4628
5.4227
5.5610
5.6835
5.5732
5.4717
5.3674
5.6156
5.4943
5.4640
5.8125
5.6743
5.4582
5.6089
5.3342
5.2540
5.2785
5.4467
5.4687
5.3830
5.3119
5.3985
5.1755
5.3546
5.2066
5.4093
5.4103
5.6623
5.3559
5.3058
5.4668
5.5618
5.6423
5.5166
5.2205
5.3841
5.2974
5.2186
5.3986
5.1955
5.1472
5.2431
5.2012
5.2234
5.2375
5.1672
4.9772
5.1675
5.1887
5.2687
5.3020
5.2979
5.2832
5.2326
5.0500
5.2758
5.1472
5.2109
5.0745
5.2508
5.2611
5.3756
5.5647
5.5854
5.4562
5.6146
5.6523
5.7084
5.7162
5.5699
5.5838
5.4892
5.4860
5.4244
5.4681
5.4630
5.5868
5.3738
5.2497
5.4167
5.3260
5.2968
5.3970
5.5893
5.4942
5.5314
5.5566
5.5141
5.6473
5.5990
5.7223
5.4131
5.6030
5.5559
5.6131
5.3966
5.4831
5.7812
5.5083
5.4130
5.3863
5.2652
5.4009
5.7144
5.5976
5.6876
5.5482
5.8129
5.7806
5.7459
5.7262
5.3948
5.4843
5.6162
5.4415
5.6132
5.6119
5.4415
5.3464
5.4967
5.5359
5.4836
5.6043
5.4265
5.5391
5.5758
5.5405
5.4428
5.5437
5.4199
5.5365
5.5297
5.5695
5.6631
5.4905
5.6914
5.6978
5.5902
5.4325
5.6807
5.5313
5.4530
5.4056
5.3875
5.3546
5.3703
5.4263
5.6075
5.3598
5.5095
5.2657
5.2884
5.4438
5.3533
5.3404
5.3288
5.3714
5.4513
5.5304
5.3056
5.4699
5.3027
5.4227
5.8816
5.8137
5.7499
5.4602
5.4082
5.3864
5.3809
5.2238
5.4965
5.4088
5.5363
5.5261
5.3240
5.4445
5.4697
5.6150
5.4888
5.5859
5.5560
5.6726
5.5912
5.4803
5.4711
5.5874
5.2598
5.4281
5.3724
5.1199
5.2935
5.2300
5.4325
5.3221
5.4061
5.2579
5.2702
5.3470
5.4587
5.3305
5.2535
5.3972
5.5152
5.3250
5.6575
5.5373
5.6116
5.4435
5.6546
5.5761
5.4003
5.4480
5.4615
5.3582
5.5518
5.4632
5.5984
5.6901
5.5751
5.6585
5.7166
5.7236
5.3494
5.7121
5.7846
5.7561
5.5826
5.4632
5.5212
5.6703
5.3463
5.3585
5.5282
5.4446
5.4759
5.3905
5.3933
5.4620
5.5990
5.6629
5.8929
5.8179
6.1663
5.8938
5.8341
5.7829
5.7663
5.6849
5.7341
5.5760
5.4537
5.4685
5.6843
5.8131
5.5584
5.5432
5.6192
5.4821
5.4520
5.6485
5.4223
5.3110
5.2740
5.1498
5.2746
5.3613
5.4519
5.3812
5.3781
5.4925
5.5412
5.4239
5.5087
5.3861
5.4946
5.4760
5.3416
5.4935
5.4710
5.6197
5.6010
5.5521
5.5791
5.4689
5.4981
5.6227
5.3912
5.3445
5.1081
5.3268
5.5735
5.5174
5.3981
5.3364
5.4126
5.1091
5.4430
5.2517
5.1931
5.1504
5.3987
5.3409
5.1240
5.2180
5.1632
5.0412
5.0050
5.0608
5.0931
4.9809
4.9573
5.2899
5.1201
5.2221
5.3893
5.1829
5.2105
5.2852
5.0979
5.1636
5.2408
5.2992
5.3986
5.4387
5.4432
5.3777
5.3047
5.4196
5.4481
5.6514
5.8004
5.4619
5.2351
5.5335
5.5805
5.3680
5.4872
5.4171
5.3994
5.4090
5.4811
5.3278
5.4073
5.0908
5.1152
5.1827
5.2057
5.1454
5.2557
5.1329
5.3558
5.3465
5.0520
5.0845
5.3393
5.3520
5.2397
5.1778
5.3009
5.5019
5.6171
5.3147
5.2309
5.4704
5.4591
5.3773
5.2132
5.4601
5.4260
5.2754
5.1549
5.3631
5.5152
5.4203
5.3021
5.3792
5.3524
5.4196
5.4235
5.3746
5.3507
5.3065
5.4437
5.3694
5.3091
5.3380
5.1660
5.4189
5.5548
5.5600
5.4077
5.4713
5.3587
5.2134
5.2883
5.0880
5.2016
5.3064
5.3679
5.4792
5.2552
5.4348
5.2001
5.3521
5.3025
5.2302
5.2144
5.2791
5.2227
5.3173
5.3584
5.2404
5.2978
5.5154
5.4753
5.3009
5.3608
5.5662
5.4656
5.4190
5.4603
5.2035
5.4118
5.3733
5.5565
5.4200
5.3611
5.3877
5.4380
5.2529
5.4171
5.1155
5.4165
5.2575
5.3951
5.3371
5.4438
5.2377
5.1340
5.2693
5.2715
5.4022
5.5942
5.4066
5.2957
5.2417
5.4359
5.3143
5.1721
5.0499
5.1313
5.0357
5.0995
5.1614
5.2523
5.2103
5.1261
5.2136
5.1328
5.1211
5.1358
5.0256
5.1701
4.9843
4.9376
5.0133
5.0248
5.0464
5.1814
5.0913
5.1834
5.0801
5.0129
5.0688
5.1764
5.1008
5.1327
5.0326
5.0413
5.0901
5.0285
5.1475
5.1225
5.1091
5.2260
5.1501
5.3362
5.2460
5.3354
5.2602
5.2515
5.3998
5.0638
5.0583
5.0577
5.1262
5.1491
5.2263
5.3971
5.2761
5.3393
5.3439
5.4360
5.2347
5.4504
5.5196
5.5233
5.3545
5.1419
5.3987
5.4014
5.2474
5.2579
5.4667
5.4033
5.2363
5.0904
5.1233
5.0668
5.1551
5.1276
5.1043
5.2590
5.2108
5.2400
5.2053
5.0338
5.1511
5.2168
5.1437
5.1059
5.1702
5.1319
5.2016
5.3598
5.2414
5.3244
5.1705
5.2360
5.1815
5.3537
5.2326
5.3814
5.3062
5.3375
5.2093
5.2419
5.4764
5.5413
5.4314
5.1830
5.2613
5.2652
5.1489
5.0772
5.1092
5.1198
5.0594
5.0358
5.0221
5.1196
5.1081
5.2557
5.3242
5.3359
5.3211
5.3657
5.3836
5.3276
5.2898
5.2175
5.2620
5.2322
5.2314
5.3153
5.2032
5.1634
5.2440
5.1068
5.1483
5.1102
5.1567
5.2332
5.3502
5.0184
5.2830
5.1635
5.1780
5.1397
5.0122
5.1405
5.2549
5.3133
5.3564
5.2947
5.4806
5.4240
5.0796
5.1295
5.1981
5.1337
5.2079
5.1309
5.3395
5.2042
5.5064
5.2263
5.1812
5.2532
5.1643
5.2299
5.2962
5.3062
5.3008
5.2806
5.3284
5.2773
5.1902
5.1943
5.2151
5.2316
5.1498
5.2989
5.1785
5.1372
5.1546
5.3668
5.3829
5.1997
5.1169
5.2748
5.2651
5.3079
5.2519
5.1862
5.1916
5.2746
5.2517
5.1681
5.2526
5.2539
5.3645
5.3258
5.3715
5.3007
5.2752
5.3005
5.2768
5.3112
5.3186
5.2252
5.2991
5.1510
5.2886
5.3490
5.3075
5.2775
5.3599
5.1606
5.3053
5.3308
5.2688
5.2618
5.3339
5.2776
5.4044
5.2549
5.3683
5.2877
5.4507
5.4253
5.4167
5.2038
5.1406
5.1688
5.2187
5.3483
5.3719
5.2690
5.2751
5.1354
5.2861
5.1574
5.2987
5.1423
5.1812
5.2388
5.4556
5.3596
5.4377
5.4241
5.7043
5.8218
5.7513
5.6074
5.4060
5.4061
5.2610
5.4870
5.3206
5.2909
5.1900
5.2699
5.2098
5.1694
5.4414
5.3982
5.3307
5.4662
5.4641
5.5640
5.4802
5.4550
5.4214
5.4415
5.3038
5.2199
5.2889
5.3912
5.4173
5.5883
5.4931
5.3480
5.2898
5.3624
5.2207
5.2333
5.1707
5.2223
5.2028
5.2758
5.0995
5.2924
5.3008
5.3284
5.2863
5.2988
5.0676
5.1749
5.1973
5.2623
5.1522
5.1986
5.1619
5.2021
5.2327
5.2722
5.2371
5.2629
5.2731
5.3191
5.2255
5.4116
5.3597
5.2963
5.0990
5.2051
5.2290
5.1087
5.1215
5.2190
5.2549
5.3590
5.3358
5.2508
5.3097
5.2795
5.2222
5.2984
5.3763
5.3725
5.4964
5.4052
5.4328
5.5471
5.7859
5.5151
5.5735
5.5306
5.5664
5.4055
5.3289
5.4362
5.3051
5.5451
5.4605
5.5288
5.3587
5.2785
5.3616
5.3002
5.2944
5.3568
5.4572
5.3819
5.1708
5.3289
5.3019
5.2858
5.3155
5.2260
5.3642
5.2903
5.2886
5.2939
5.2932
5.3028
5.3730
5.4076
5.2885
5.5391
5.3672
5.3411
5.3089
5.5015
5.3414
5.5623
5.3313
5.2861
5.1556
5.2209
5.2237
5.2497
5.2593
5.4009
5.4730
5.2447
5.1994
5.3975
5.2734
5.6235
5.5386
5.3863
5.6143
5.3941
5.4360
5.4190
5.4633
5.5674
5.4926
5.3942
5.3449
5.5049
5.4182
5.2758
5.3051
5.2248
5.3641
5.4418
5.3715
5.3353
5.1469
5.1818
5.1293
5.2190
5.0841
5.0007
5.0563
5.1982
5.2772
5.3250
5.4019
5.1423
5.1038
5.2008
5.1989
5.1802
5.1825
5.0962
5.1589
5.1988
5.3565
5.2297
5.2209
5.3917
5.4127
5.4739
5.3031
5.3635
5.4576
5.4567
5.4966
5.4335
5.4798
5.3179
5.4951
5.4929
5.3715
5.3876
5.4054
5.4135
5.5282
5.4500
5.4857
5.4858
5.5052
5.4297
5.5382
5.4727
5.4156
5.4578
5.4343
5.4081
5.5125
5.5860
5.2962
5.3167
5.3897
5.4638
5.3749
5.3838
5.1782
5.2236
5.3147
5.3134
5.3836
5.4491
5.3469
5.3304
5.2955
5.3849
5.3546
5.2985
5.3882
5.2687
5.2129
5.3132
5.1742
5.2234
5.1684
5.1418
5.1780
5.1768
5.2869
5.2269
5.3752
5.4134
5.4403
5.2805
5.5138
5.6176
5.5316
5.3736
5.3445
5.1535
5.2082
5.2357
5.2700
5.3187
5.1520
5.2185
5.2731
5.2621
5.3701
5.3155
5.2823
5.3552
5.1987
5.1336
5.0905
5.0922
5.0180
5.2936
5.2769
5.2356
5.1762
5.3512
5.4421
5.2818
5.3757
5.3849
5.5419
5.5258
5.5030
5.3752
5.4280
5.4391
5.3327
5.2106
5.2521
5.3743
5.2119
5.4614
5.2190
5.2683
5.1448
5.1705
4.9362
5.2728
5.1923
5.2888
5.1610
5.2309
5.1646
5.1635
5.1660
5.1145
5.1908
5.1228
5.1097
5.2994
5.2889
5.3088
5.3320
5.3081
5.3408
5.2229
5.3054
5.3022
5.1241
5.1897
5.2557
5.2284
5.0599
5.2634
5.3235
5.3050
5.0963
5.2028
5.1237
5.1127
5.2784
5.5703
5.5797
5.3560
5.3447
5.5648
5.2581
5.2996
5.3454
5.1919
5.2356
5.3576
5.3630
5.5747
5.3525
5.5169
5.3632
5.4177
5.4759
5.4283
5.2971
5.3322
5.2830
5.1476
5.2606
5.2163
5.2664
5.2412
5.1797
5.0788
5.1870
5.3089
5.2106
5.1375
5.0061
5.0697
4.9132
5.0620
5.0126
5.0186
5.1974
5.2508
5.1102
5.0714
5.2275
5.3510
5.1647
5.0211
5.1540
5.1203
5.1955
5.0857
5.1282
4.9258
5.0837
5.2224
5.2440
5.5608
5.3204
5.0656
5.1257
5.1966
5.0587
5.2207
5.0524
5.0828
5.0885
5.2741
5.2139
5.1006
5.1954
5.4755
5.4774
5.3972
5.6453
5.8595
5.6684
5.3471
5.3543
5.5004
5.5568
5.5578
5.5909
5.5684
5.5532
5.4594
5.5566
5.4766
5.2592
5.5122
5.5275
5.4648
5.3914
5.4205
5.3942
5.4534
5.3781
5.4041
5.3544
5.3602
5.4331
5.4148
5.4692
5.5595
5.4850
5.3637
5.5354
5.2675
5.2027
5.2604
5.3444
5.1195
5.0710
5.0073
5.3394
5.5368
5.4720
5.5007
5.2916
5.3115
5.3334
5.3420
5.2119
5.0056
5.0563
5.3795
5.4333
5.3898
5.2296
5.1639
5.3227
5.2669
5.0657
5.2129
5.3319
5.4624
5.4089
5.4022
5.2348
5.3365
5.4186
5.3671
5.4420
5.3422
5.5350
5.4607
5.3941
5.4471
5.2124
5.5268
5.4477
5.5180
5.4065
5.5908
5.7621
5.7327
5.8098
5.7120
5.7659
5.8460
5.6409
5.6454
5.4160
5.3656
5.2089
5.1572
5.2236
5.2420
5.2693
5.3580
5.4888
5.6213
5.6063
5.5192
5.3242
5.2464
5.2585
5.2162
5.2349
5.2899
5.3477
5.4271
5.4040
5.3346
5.5703
5.3362
5.6328
5.5872
5.8262
5.8070
5.7993
6.0265
5.7943
5.9812
6.0279
6.0235
5.8371
5.7204
5.7150
5.6726
5.4983
5.5772
5.7970
5.8271
5.6589
5.5780
5.8136
5.5607
5.8211
5.4567
5.7560
5.6736
5.8089
5.6756
5.8787
5.8575
5.6727
5.4839
5.5587
5.6857
5.4937
5.4431
5.5077
5.3755
5.5156
5.7018
5.6198
5.7649
5.6736
5.5177
5.6744
5.5531
5.3827
5.6719
5.5508
5.5433
5.7443
5.6414
5.7121
5.6873
5.6808
5.7619
5.8592
5.8494
5.6558
5.7571
5.7679
5.7509
5.7790
5.7983
5.5407
5.7544
5.6113
5.5605
5.4908
5.5661
5.4670
5.4319
5.3413
5.3239
5.4369
5.3668
5.4770
5.5243
5.5805
5.5537
5.5257
5.4638
5.3696
5.5170
5.6567
5.6126
5.6745
5.6077
5.5640
5.4775
5.2484
5.4882
5.4946
5.0788
5.2707
5.2516
5.1934
5.2083
4.9896
5.0674
5.3214
5.3750
5.2233
5.3306
5.3453
5.3605
5.5045
5.5404
5.4123
5.7554
5.5797
5.4559
5.5524
5.6937
5.7196
5.6693
5.5784
5.4986
5.5254
5.5644
5.6905
5.7541
5.6080
5.8312
5.9796
5.9549
5.8870
6.1591
6.1380
6.0520
5.8451
5.8950
5.7715
5.8281
5.7622
5.6106
5.9003
5.6484
5.8083
5.7018
5.7161
5.6295
5.7774
5.5579
5.8997
5.6396
5.8305
5.5476
5.6362
5.7862
5.8418
5.5163
5.7263
5.7714
5.5898
5.6519
5.5288
5.7807
5.6431
5.4770
5.4267
5.6155
5.7000
5.8299
5.5323
5.8036
5.8022
5.6139
5.5984
5.8109
5.6984
5.7568
5.5775
5.6830
5.5244
5.6530
5.8015
5.6154
5.5255
5.7376
5.6040
5.8602
5.9654
5.6092
5.6817
5.8539
5.7021
5.7920
5.7639
5.7965
5.9091
5.7910
5.8511
5.8055
5.7711
5.8057
5.7700
5.8997
5.9584
5.8304
5.7160
5.8288
5.6819
5.9173
5.7136
5.8522
5.7463
5.6911
5.8650
6.0994
6.0936
5.9895
6.0524
5.9638
5.8764
5.9988
5.8454
5.9291
5.9532
6.0721
6.0924
5.9975
5.9674
6.0258
5.7343
5.9725
5.3863
5.8450
5.9134
5.8939
5.8075
5.8756
5.8893
5.8808
5.6177
5.7769
5.5781
5.6899
5.6756
5.8537
5.7142
5.5639
5.6490
5.5900
5.4141
5.4754
5.4562
5.3237
5.4655
5.3930
5.4270
5.4336
5.5021
5.2726
5.2912
5.4308
5.3058
5.3416
5.3784
5.2841
5.3147
5.3803
5.5177
5.5592
5.4824
5.5807
5.2077
5.3272
5.3975
5.4726
5.5422
5.5439
5.4120
5.4361
5.6101
5.5278
5.4518
5.5502
5.6010
5.6698
5.8261
5.7694
5.7937
5.6789
5.6619
5.7098
6.0871
5.8763
5.8555
5.9388
5.6673
5.7159
5.7597
5.8207
5.8517
5.6938
5.7795
5.6780
5.4147
5.6954
5.7182
5.8572
5.9026
5.7224
5.7420
5.7220
5.6003
5.4132
5.3888
5.6394
5.6247
5.4790
5.5270
5.4162
5.5854
5.7919
5.5243
5.5744
5.6946
5.5514
5.5742
5.6206
5.6015
5.4960
5.5023
5.5587
5.6387
5.3063
5.4699
5.4234
5.4967
5.5049
5.7176
5.6557
5.3553
5.5936
5.7750
5.5480
5.7450
5.3874
5.5060
5.3683
5.4497
5.4510
5.3982
5.2396
5.2735
5.3197
5.2416
5.4289
5.3396
5.4081
5.3849
5.4046
5.4367
5.4593
5.2552
5.1397
5.1485
5.2464
5.3074
5.4859
5.3631
5.3062
5.2789
5.2491
5.2237
5.1893
5.3388
5.2730
5.4074
5.2469
5.3666
5.4142
5.4603
5.4361
5.2947
5.5745
5.3599
5.5288
5.5771
5.5256
5.5810
5.6155
5.4228
5.7331
5.7040
5.7477
5.4225
5.3603
5.6503
5.7488
5.5304
5.6373
5.7073
5.7490
5.6620
5.7607
5.6484
5.6637
5.5005
5.6009
5.6249
5.6946
5.6816
5.6527
5.5741
5.5708
5.4735
5.4332
5.7425
5.7124
5.6778
5.8554
5.8522
5.7064
5.6010
5.7288
5.8173
5.9436
5.9307
6.0931
5.8129
5.7872
5.7625
5.7758
5.7531
5.6468
5.4484
5.8003
5.7297
5.6267
5.4915
5.5876
5.5315
5.6613
5.6482
5.6366
5.8644
5.7646
5.6534
5.6712
5.7567
5.7300
5.7947
5.6282
5.6845
5.7240
5.7366
5.7356
5.5180
5.6517
5.7245
5.4988
5.6188
5.5372
5.4805
5.5131
5.6576
5.4871
5.5719
5.5923
5.5213
5.5971
5.6708
5.9137
5.9507
6.0365
5.8384
5.8599
5.8286
5.8675
5.9427
5.9250
5.7969
5.8612
5.8039
5.6674
5.7298
5.7017
5.7760
5.8022
5.7143
5.6890
5.8628
5.9653
6.0450
5.9716
5.9334
5.8342
5.6858
5.7060
5.6413
5.5062
5.4399
5.3493
5.2640
5.4607
5.3441
5.6425
5.5157
5.4807
5.5119
5.5649
5.6736
5.4485
5.5652
5.4878
5.6816
5.7852
5.9792
5.9818
5.7552
5.7330
5.6554
6.0114
5.7820
5.7272
5.6824
5.8623
5.7470
5.9757
5.9695
6.1212
5.9186
6.2098
6.0755
5.8750
5.9123
5.8321
5.6883
5.6500
5.5946
5.8920
5.9640
5.8183
5.5891
5.8358
5.6159
5.8960
6.0739
6.1265
5.8817
5.9013
5.9465
6.0520
6.2221
6.3097
6.1596
6.2180
6.2675
6.1158
6.1454
6.0570
5.7775
5.8754
5.6184
5.7724
6.0152
5.6822
6.0304
5.8534
5.8728
5.9361
5.9168
5.8189
5.7695
5.9626
5.9964
6.0306
5.8991
6.0719
5.8990
5.8763
6.2082
5.9636
5.9394
5.8704
5.9457
5.9500
6.2065
6.0533
6.0137
5.8597
5.9813
6.0041
5.9559
5.8174
5.8112
5.6824
5.6565
5.5931
5.8861
5.7132
5.6808
5.5545
5.6854
5.5050
5.6518
5.6118
5.7370
5.7662
5.5814
5.6033
5.4952
5.5385
5.7668
5.6100
5.7375
5.8459
5.8083
5.8694
5.7801
5.8606
5.8414
5.7124
5.6467
5.9293
5.5734
5.6933
5.7094
5.6758
5.8568
5.4563
5.5039
5.7162
5.6554
5.6963
5.7552
5.6456
6.0048
5.8896
5.7765
5.8566
5.8558
5.9037
5.8906
5.5221
6.0492
5.8242
5.7170
5.7079
5.7449
6.0367
6.1364
5.9590
5.8932
5.9071
6.0115
5.7265
5.6013
5.6536
5.5969
5.9400
5.6053
5.6978
5.7174
5.7083
5.6070
5.9179
5.8730
5.9022
5.9454
5.8438
5.8585
6.1425
6.1618
6.1775
5.9468
5.9497
5.9388
5.9599
6.0704
6.2055
6.4194
6.2334
6.2766
6.5912
6.7879
6.7093
6.6995
6.7084
6.9006
6.8541
6.7483
6.9862
6.9260
6.7223
6.8461
6.5279
6.5749
6.3419
6.4964
6.2656
6.0725
6.2993
6.4776
6.3694
6.1399
6.6227
6.4028
6.5197
6.3936
6.7965
6.8800
6.9148
6.9451
6.9805
6.9620
6.9950
7.0068
7.0489
7.1812
7.1638
7.1878
7.1482
6.8768
6.5513
6.4772
6.6359
6.6083
6.7505
6.6268
6.4085
6.5339
6.6097
6.5978
6.5316
6.2631
6.4669
6.3010
6.4597
6.7023
6.5931
6.6313
6.7643
6.2307
6.3798
6.2064
6.2635
6.1578
6.4074
6.3814
6.0383
6.0768
6.2028
6.3535
6.2260
6.1001
6.2310
6.5701
6.5025
6.3191
6.1365
6.2449
6.3863
6.0321
6.1528
5.9544
6.4661
6.4651
6.6588
6.3295
6.4695
6.5901
6.6996
6.4728
6.3150
6.2160
6.0857
6.3520
6.1056
6.1027
5.9204
5.9679
5.9800
6.2294
6.1889
6.1756
6.3460
5.8798
6.0140
6.0969
6.2055
5.9934
6.2008
6.1427
6.1701
6.3696
6.2325
6.3160
6.1822
6.3744
6.1831
6.1390
6.1201
6.4266
6.5227
6.1879
6.2837
6.5595
6.4033
6.3620
6.7433
7.0585
6.9019
6.7678
6.7750
6.8064
6.4332
6.5418
6.8128
7.0443
6.7796
6.6893
6.4224
6.6587
6.4865
6.4442
6.8166
6.7863
6.4988
6.5446
6.6620
6.7237
6.2917
6.7700
6.3185
6.4788
6.4874
6.3767
6.2200
6.3768
6.5903
6.7766
7.0672
6.6028
6.7281
6.7274
6.2534
6.5740
6.6513
6.9426
6.6335
6.6948
6.4885
6.4635
6.3010
6.2072
6.0809
6.3650
6.3392
6.2276
6.4573
6.2134
6.4267
6.3027
6.6355
6.4458
6.3409
6.1495
6.4181
6.8143
6.6843
6.4163
6.2545
6.4180
6.4993
6.7406
6.6312
6.3148
6.8114
6.8401
6.4558
6.5185
6.8579
6.7046
6.8694
6.7638
6.7406
6.2808
6.5414
6.7088
6.6444
6.8406
6.4471
6.4995
6.5539
6.5748
6.9674
6.9213
6.9664
6.7069
6.5620
6.1948
6.1810
6.2332
6.2212
6.2522
6.3934
6.3612
6.3683
6.3953
6.3085
6.2778
6.1689
6.2540
6.1561
6.3220
6.4421
6.1513
6.2284
6.0614
6.0326
6.1051
6.1237
6.1822
6.3488
6.3857
6.1270
6.0955
6.3108
6.1705
5.6951
5.8539
5.7535
5.8568
5.9674
5.7197
5.9898
6.1313
5.9774
6.0045
6.1283
6.2371
6.2097
6.1356
6.1876
6.0621
6.0426
6.0776
6.0804
6.1253
6.0557
5.9869
6.0626
6.0194
5.9796
6.0695
6.0439
6.0942
6.0271
6.2038
5.9575
6.0153
6.0454
5.9803
5.9510
5.9422
5.9703
6.0944
5.8485
6.0608
6.0896
6.2878
6.1857
6.6075
6.3671
6.1702
6.0484
6.1236
6.1944
6.0204
6.2260
6.1717
6.0071
5.9996
6.0343
5.8512
6.0088
6.0584
6.0839
6.1535
6.1493
5.9809
6.1036
6.0245
6.3069
6.2215
6.2178
6.0722
6.2646
6.0701
6.0116
5.8389
5.7618
5.8098
5.7555
5.8144
5.9145
6.0150
6.0249
5.8827
5.8033
5.9047
5.9837
6.0807
6.0649
5.8358
5.9334
6.0212
5.8958
5.9740
5.8010
5.6002
5.6561
5.5279
5.7178
5.7011
5.8579
5.4984
5.5920
5.5211
5.5437
5.7311
5.9620
5.9618
5.7083
5.7690
5.8181
5.5352
5.8260
5.8620
5.5664
5.7644
5.7651
5.8163
5.6742
5.6487
5.9933
5.7898
5.8469
6.0030
6.0453
6.1259
6.0380
6.1093
6.1309
6.0723
5.9769
5.8862
5.7090
5.7126
5.5283
5.6529
5.6400
6.1312
5.8708
5.8957
6.0884
6.0805
5.9751
6.0284
6.0200
5.8448
5.9785
6.1554
5.9613
5.7964
5.7506
5.8315
5.6232
5.8693
5.7838
5.6366
5.7231
5.4508
5.5780
5.4290
5.5310
5.6046
5.5836
5.7465
5.5105
5.8562
5.5779
5.4917
5.5556
5.6062
5.9537
5.9316
5.7094
5.5246
5.5797
5.5782
5.4450
5.3809
5.4628
5.4778
5.2946
5.4013
5.4220
5.2868
5.4346
5.6048
5.5177
5.4738
5.6012
5.6054
5.6544
5.4249
5.4931
5.6114
5.7732
5.8742
5.6633
5.8208
6.1049
5.8608
5.8100
5.9618
6.0729
5.8864
5.9700
6.0537
5.9743
6.0477
6.2318
6.0468
5.8851
6.1333
6.1210
6.0271
5.9835
5.9679
5.9557
5.8550
6.0026
6.0412
6.0789
6.1559
5.9575
5.9109
6.3063
6.3703
6.1523
6.2942
6.0636
6.1601
6.3353
6.1718
5.9784
6.0293
6.1049
5.8651
6.0420
5.9945
5.8129
5.6492
5.5819
5.4522
5.6130
5.9776
5.8175
5.8993
6.1335
6.0947
6.0782
6.0115
5.9803
5.9786
6.2442
6.1310
6.1939
5.9327
5.8623
5.7505
5.5080
5.8768
5.7697
6.0349
6.0940
5.8434
5.8395
5.7813
5.8218
5.9239
5.8876
5.9299
6.0750
5.8764
5.7835
5.6729
5.9786
5.9158
5.9391
5.7206
5.8713
5.7510
5.7196
6.0306
5.9221
5.7132
5.9137
5.8137
5.7048
5.5898
5.5595
5.7578
5.7597
5.6457
5.6532
5.8464
5.6447
5.5754
5.5429
5.2412
5.4077
5.4422
5.4541
5.5092
5.5635
5.5955
5.6762
5.5857
5.3406
5.6488
5.7047
5.6921
5.4259
5.6816
5.5771
5.6863
5.4612
5.8241
5.4505
5.5519
5.7139
5.7257
5.5163
5.4956
5.4486
5.3634
5.4292
5.6904
5.8996
5.5875
5.6936
5.8149
5.6536
5.9948
5.8002
5.8054
5.6831
5.7389
5.6843
5.8106
5.6633
5.9568
5.8384
5.9567
5.7288
5.9464
6.0070
5.9764
5.8531
5.9072
5.9186
6.1197
6.0893
5.8857
5.7083
5.8376
5.8205
5.7810
5.9609
5.9786
5.6072
5.6737
5.6891
5.8808
5.6511
5.7857
5.9818
6.1447
5.9551
6.1473
5.9284
5.8387
5.8595
5.8615
5.7925
5.6709
5.7655
5.9192
5.6770
5.5653
5.4616
5.6452
5.7240
5.8658
5.4534
5.7721
5.5926
5.6042
5.6312
5.6603
5.5457
5.5223
5.6752
5.5121
5.6325
5.7583
5.6274
5.5219
5.5967
5.6507
5.4465
5.3341
5.4384
5.4820
5.5011
5.6465
5.4041
5.1402
5.1570
5.2440
5.1528
5.5156
5.5806
5.3339
5.3038
5.3954
5.1561
5.3931
5.4992
5.3751
5.3881
5.3065
5.5099
5.4803
5.3975
5.6533
5.4962
5.3738
5.4372
5.4080
5.3676
5.4369
5.4046
5.7029
5.6177
5.4679
5.3991
5.4275
5.6477
5.6220
5.1960
5.4926
5.7032
5.4607
5.2775
5.4660
5.3753
5.3211
5.5560
5.4893
5.3751
5.2891
5.3870
5.5143
5.3695
5.3554
5.3662
5.3645
5.3799
5.5316
5.5658
5.7143
5.5259
5.3086
5.2332
5.5680
5.3709
5.1823
5.3432
5.2365
5.5046
5.5303
5.4488
5.4693
5.6505
5.4771
5.5375
5.7250
5.9148
5.8930
5.9480
5.8626
5.7150
5.6579
5.4329
5.5312
5.5908
5.5674
5.4801
5.6018
5.7724
5.7194
5.4824
5.6572
5.7310
5.5994
5.8470
5.8760
6.0785
5.9689
5.6592
5.7089
5.5640
5.5906
5.5494
5.7290
5.7018
5.6438
5.6448
6.0889
5.9134
5.9286
5.7256
5.9987
5.8495
5.6322
5.6816
5.6175
5.7628
5.5760
5.4490
5.4464
5.4020
5.4400
5.4944
5.4030
5.3541
5.4821
5.7980
5.5713
5.5903
5.6830
5.7462
5.5737
5.8295
5.8456
5.9487
5.8557
6.1356
6.0131
5.9888
5.8889
5.8968
6.0217
5.8652
5.9833
6.2206
6.1208
5.9867
5.8294
5.8997
5.6820
5.5199
5.5221
5.4787
5.5289
5.6986
5.9919
5.6888
5.6181
5.5372
5.4984
5.4912
5.6064
5.6798
5.6284
5.5932
5.5783
5.7353
5.8107
5.8919
5.9717
5.8134
5.4676
5.8966
5.8497
5.8871
5.9954
6.2019
6.1777
5.9317
5.7190
5.6298
5.8467
5.9407
5.5853
5.6134
5.8881
5.7092
5.6069
5.8706
5.9107
6.1281
6.0334
6.0168
6.0976
5.8437
5.7908
5.7818
5.7878
5.8390
5.7725
5.8220
5.8501
5.9376
5.9305
5.7873
5.7032
5.8544
5.9653
6.0611
5.9098
5.5225
5.7897
5.7089
5.7107
5.7110
5.7445
5.8709
5.5574
5.7000
5.6724
5.6133
5.5938
5.4177
5.5854
5.4236
5.7321
5.4840
5.5877
5.7519
5.7010
5.7517
5.6683
5.5452
5.7565
5.6994
5.8266
5.9455
5.8131
5.8145
5.5325
5.6687
5.5333
5.8044
5.9354
5.7966
5.8634
5.8144
6.0478
5.8797
5.9306
5.9553
6.1863
5.7789
5.7899
5.8183
5.7659
5.6923
5.5505
5.5405
5.4377
5.2511
5.4294
5.8891
5.6710
5.5858
5.2573
5.3247
5.3240
5.4053
5.4675
5.3766
5.2488
5.1817
5.1183
5.3623
5.2222
5.2943
5.2936
5.2575
5.2025
5.2409
5.0606
5.3673
5.2970
5.1448
5.2683
5.2194
5.3217
5.2712
5.3791
5.5330
5.2293
5.3232
5.2695
5.4470
5.5254
5.5079
5.4747
5.3550
5.3853
5.5108
5.5160
5.6001
5.4895
5.5666
5.6604
5.4789
5.5459
5.5416
5.5934
5.6044
5.6568
5.6903
5.5146
5.5992
5.4920
5.4192
5.5256
5.4005
5.3408
5.6223
5.5361
5.8329
5.6015
5.5599
5.7508
5.6055
5.5270
5.4984
5.6514
5.5465
5.4952
5.5544
5.4297
5.4601
5.4898
5.6928
5.7036
5.5552
5.5957
5.5259
5.5928
5.7756
5.6684
5.5397
5.6735
5.6766
5.4025
5.7975
6.0020
6.0422
6.4806
6.3297
5.9727
6.0806
6.1724
6.0258
5.9809
6.0195
5.9869
5.8906
5.6884
5.6492
5.5730
5.9062
5.8168
5.7854
5.8620
5.8207
5.9291
6.0820
6.2843
6.1117
6.2995
5.8827
6.0445
6.0492
6.1541
6.0724
5.8848
6.1641
6.0877
5.7855
5.8801
6.0816
6.1492
6.0067
5.8890
5.7073
5.8010
5.9767
5.7076
5.9601
5.9896
6.1165
6.2476
6.0195
6.1676
6.1645
6.1470
6.1747
6.3316
6.5784
6.2437
5.9458
6.3456
6.6284
6.3140
6.4451
6.4932
6.1893
6.5488
6.1899
6.1949
5.9993
6.3951
6.2194
5.8850
5.9273
6.0498
5.7772
5.9865
5.8574
6.1907
6.0703
6.2523
6.1797
5.9919
6.1516
6.1905
6.2909
6.2974
6.1670
6.0426
6.0803
6.0416
5.9214
6.0453
6.1974
5.9551
6.0317
5.8573
5.6416
5.7382
5.7621
5.8422
5.9536
5.8772
5.9392
5.7185
5.9491
5.7638
5.8905
5.8257
5.7299
5.6162
5.9448
5.9783
5.9171
6.0723
6.0213
5.6049
5.7660
5.6994
5.9775
5.8219
5.9317
5.9354
5.8280
5.7147
5.8950
5.6424
5.5800
5.6620
5.5178
5.4199
5.6072
5.7421
5.5559
5.7160
5.6585
5.6830
6.0178
5.8500
5.7933
5.8253
5.8891
5.8852
5.7533
5.8576
5.7982
5.8976
5.8047
5.9039
5.9922
5.8499
5.6492
5.8905
5.6418
5.6524
5.6406
5.6063
5.6715
5.4604
5.6059
5.7151
5.9458
5.7557
5.7092
5.6050
5.7660
5.9629
5.8959
5.7938
5.8633
6.0096
5.9931
5.9561
5.7442
5.9210
5.6076
5.8515
5.7041
5.6601
5.9257
5.6309
5.8452
5.7256
5.6415
5.5161
5.4715
5.5429
5.4792
5.4973
5.4319
5.4247
5.4769
5.3550
5.5317
5.6889
5.6295
5.5460
5.6801
5.5667
5.8611
5.7695
5.7232
5.6049
5.5670
5.4780
5.4998
5.5842
5.5660
5.3871
5.3142
5.4516
5.3645
5.4220
5.5795
5.7971
5.4169
5.5212
5.5384
5.3282
5.2758
5.2372
5.3565
5.3851
5.2374
5.3527
5.2658
5.2771
5.4375
5.5782
5.6392
5.6847
5.4053
5.4415
5.4709
5.4970
5.5259
5.4575
5.5173
5.7458
5.5644
5.7076
5.5014
5.7872
5.7020
5.7112
5.6103
5.6123
5.5055
5.3874
5.4662
5.5714
5.6553
5.6978
5.3789
5.5704
5.6838
5.6276
5.5870
5.8610
5.6715
5.8223
5.9189
6.0369
5.9156
5.7068
5.7816
5.7210
5.7327
5.6557
5.5429
5.6586
5.7748
5.9218
5.8844
5.8355
5.6481
5.7351
5.8126
5.9021
5.8320
5.9279
5.6502
6.1186
5.8734
5.9642
5.9017
6.0776
5.9186
6.0009
5.7295
5.8207
5.6905
5.7504
5.9682
5.6855
5.9720
5.6525
5.5997
5.5270
5.6225
5.6994
5.7240
5.7726
6.0506
5.8305
5.8640
5.9409
6.0151
5.9986
6.0410
6.0138
5.7462
5.8906
5.7838
5.7320
5.8378
6.1141
5.8882
6.0908
6.2564
6.2689
5.9712
5.9388
5.7545
6.1387
5.9413
6.2811
6.2040
6.3498
5.9891
5.9685
6.2321
6.1025
6.0721
5.9319
5.8450
5.6222
5.9801
5.7061
5.9080
5.9544
5.8768
5.6780
6.0970
5.8873
5.7372
5.5599
5.5677
5.6553
5.6748
5.6656
5.6268
5.6434
5.6719
5.5603
5.7213
5.8206
5.8717
5.8977
5.8536
5.8022
5.6488
5.9643
5.8386
5.8037
5.7978
5.4230
5.5073
5.5756
5.3581
5.3993
5.6623
5.8631
5.7930
5.7717
5.9083
5.5977
5.7857
5.6348
5.6076
5.5372
5.7549
5.8607
5.8295
5.5678
5.7594
5.7261
5.6424
5.8831
5.3524
4.9810
5.2230
5.4725
5.7783
5.6325
5.6301
5.5005
5.4861
5.3436
5.3616
5.4869
5.6353
5.6979
5.7823
5.6101
5.6562
5.4468
5.5194
5.4205
5.2745
5.3154
5.4116
5.4546
5.5467
5.5040
5.4853
5.6051
5.4351
5.1915
5.4169
5.4413
5.4319
5.5563
5.6453
5.9897
5.8280
5.6788
5.7419
5.7610
5.6914
5.6955
5.6654
5.4229
5.4015
5.5291
5.6461
5.4872
5.9547
6.1132
5.8926
5.8146
6.0454
6.0742
6.0790
5.8399
5.6874
5.6229
5.6150
5.5396
5.5437
5.6720
5.7554
5.6490
5.6227
5.6883
5.7911
5.6834
5.9332
5.7429
6.1415
6.0027
5.7370
5.6751
5.8572
5.7121
5.6005
5.7062
5.5507
5.6322
5.7876
5.5644
5.7973
5.6797
6.0782
6.5230
6.3387
6.2513
6.0208
6.0170
6.0155
6.0067
5.6084
5.7415
5.8155
5.7117
6.0030
6.1418
5.8705
6.0831
6.0027
5.9306
5.8372
6.0138
6.2819
6.1598
6.2970
6.0976
6.0989
6.2151
6.3093
6.2543
6.2212
6.2208
6.0652
6.3115
6.1613
6.0949
6.0048
6.3350
6.5088
6.6228
6.5158
6.2796
6.2626
6.4526
6.5042
6.2669
6.3419
6.3294
6.3999
6.3956
5.9723
6.1032
5.9532
6.2675
6.5422
6.0741
6.3239
6.4363
6.0461
6.1059
6.0989
5.8183
5.8597
5.9189
5.6838
6.0699
5.9481
6.0542
5.9344
5.9763
5.8902
6.1811
6.0454
6.4091
6.2527
6.2850
6.4968
6.4495
6.6682
6.4784
6.1581
5.9371
5.8262
6.1472
6.2829
6.2673
5.9586
5.9416
6.0863
5.8846
5.5413
5.8815
5.9380
6.1047
6.1764
6.2255
6.2805
6.0442
6.0149
5.7342
5.7699
5.6718
5.8050
5.8052
5.7375
5.7856
5.6944
5.7990
5.7664
6.0743
6.0000
5.8651
5.9543
5.9922
6.2437
6.2260
6.0921
6.2363
6.2957
6.0538
5.9147
6.0657
6.1916
6.2114
6.2191
6.2755
6.1877
6.2823
6.3704
6.2426
6.3110
5.6560
5.9844
5.9371
5.5849
5.6843
5.8057
5.5661
5.8701
5.7665
5.7523
5.7123
5.9146
5.9478
6.1356
6.0140
5.9175
6.1784
5.7037
5.7569
5.7273
6.0958
6.0762
5.7464
5.7011
6.0384
6.1284
6.0877
5.8666
6.2253
6.1274
5.9389
5.8740
5.6953
5.8979
6.0092
6.0199
5.8552
5.9269
5.8322
5.9757
6.1307
6.2257
6.0715
5.9897
6.2870
6.1222
6.0644
6.2268
6.1002
5.9663
6.0995
6.1697
5.8128
5.8276
6.0404
6.0862
6.2068
6.1337
6.0297
5.9781
5.8566
6.0710
5.7129
5.7827
5.8999
5.7372
6.0231
5.9208
6.0157
6.5416
6.3618
6.2632
6.4925
6.5046
6.2073
6.5404
6.6900
6.7120
6.3504
6.8712
6.9485
6.7978
6.4742
6.6373
6.1081
6.1980
6.0561
6.0264
6.1335
6.0503
6.1483
6.0396
6.2838
6.3323
6.2083
5.9978
6.0683
6.1359
6.0063
6.2345
5.9582
5.9194
6.0230
6.1557
6.0948
6.1597
6.0645
6.1431
6.1061
6.2434
6.1702
6.1868
6.2008
6.1069
5.9429
5.7733
5.9837
6.3881
6.5371
6.8697
6.3851
6.4864
6.8218
6.5882
6.5556
6.2555
6.1663
6.3148
6.4834
6.3930
6.1555
5.8324
6.1450
6.3800
6.3489
6.3013
6.1882
6.4058
6.2930
6.3229
6.3138
6.4814
6.4015
6.6992
6.2891
6.3985
6.4839
6.2122
6.1059
6.0839
6.1095
5.9720
6.2546
6.0241
6.3906
6.0826
6.0218
5.5732
5.7528
5.6586
5.7640
5.7690
5.9921
6.2595
6.0104
5.9720
6.0274
6.2576
6.2581
6.0757
6.1431
6.1401
6.0790
5.7306
5.6498
5.7418
5.9080
5.9984
5.8650
5.8453
5.9184
5.8073
5.7687
5.9080
6.0434
5.9078
6.0510
6.0249
6.0935
6.0847
6.0924
6.1754
5.6954
5.7105
5.8016
5.8896
5.8861
5.6645
5.7839
5.5709
5.7566
5.7225
5.8958
6.0340
5.9449
5.9055
5.9863
6.1314
6.1373
6.1005
6.2391
6.1152
5.9604
6.0787
5.9923
6.2261
6.0953
6.4571
6.8063
6.8958
6.6078
6.5998
6.4619
6.4564
6.3259
6.7572
6.7570
6.6163
6.2200
6.5716
6.3334
6.1618
6.1279
5.8802
6.2025
6.0715
5.9809
5.8005
5.7251
5.6026
5.5346
5.7299
5.8314
5.8086
5.8262
5.5812
5.5222
5.8578
5.6612
5.9333
5.4771
5.5397
5.7601
5.8759
5.8648
5.7505
5.7480
6.1363
6.2284
5.7492
5.5279
5.8661
5.6542
5.7207
5.6538
5.3307
5.6542
5.6385
5.6178
5.6898
5.6500
5.4676
5.4548
5.3439
5.3009
5.3358
5.4367
5.4448
5.6845
5.7743
5.7355
5.8163
5.7994
5.9995
5.8106
5.6640
5.5227
5.7115
5.2367
5.3222
5.3871
5.4886
5.2727
5.5670
5.6442
5.5329
5.5563
5.5112
5.6111
5.3761
5.3787
5.3594
5.3995
5.3749
5.4629
5.6285
5.5657
5.5438
5.8028
5.7058
6.0229
5.7942
5.6836
5.8536
5.7242
5.5428
5.7939
5.9294
5.7191
5.9599
5.8686
5.8596
5.7154
5.7460
5.8359
5.9961
6.3470
6.0976
6.4585
6.5260
6.3425
6.3543
6.1911
6.1725
6.2139
6.2388
6.3614
6.2750
6.4494
6.1035
6.4580
6.3221
6.6887
6.8465
6.4045
6.5798
6.3444
6.3893
6.4848
6.1714
6.3805
6.3381
6.2102
6.1995
6.3422
6.0179
6.2490
6.4335
6.1032
6.1661
6.0919
5.7729
5.8334
5.7132
5.4142
5.6544
5.7250
6.0939
6.1106
6.1210
5.9420
6.0097
5.8548
6.2255
6.2627
6.0719
6.1174
6.1080
5.9948
6.3412
6.0795
6.3057
6.2161
6.1081
6.2309
5.9489
5.9247
5.9865
5.9493
6.0581
6.3540
6.3555
6.5453
6.1855
6.0461
6.1818
5.9646
6.3876
6.4061
6.5215
6.4503
6.3869
6.4000
6.0794
5.6803
6.1063
5.9056
6.0517
6.2281
6.0303
6.2411
6.3789
6.3420
6.2647
5.9274
6.0372
6.3842
6.4008
6.4517
6.3930
6.1690
6.1200
6.2707
5.8744
6.0701
5.9157
6.4201
6.3259
6.2056
6.4804
6.3238
6.3018
6.4383
6.5830
6.2513
6.2349
6.2477
6.2359
6.6204
6.4972
6.4535
6.4317
6.5564
6.7309
6.2802
6.1561
6.0703
6.2080
6.2646
6.1070
6.2463
5.6023
6.1171
6.4127
6.2913
6.1632
6.0865
5.9411
6.0485
6.0792
6.2246
6.6356
6.4345
6.3057
6.5383
6.8132
6.6674
7.0791
6.5908
6.6227
6.9605
6.8086
6.8229
6.9197
6.7922
6.6869
6.6088
6.6747
6.7869
6.9313
6.7435
7.1066
7.1455
6.9693
6.9496
7.1989
7.2069
6.9301
6.9262
6.8728
6.8395
6.5482
6.9231
6.8940
6.9586
6.7054
6.3210
6.3668
6.5630
6.5843
6.5996
6.4994
6.6947
6.7881
6.9021
6.4299
6.4408
6.4503
6.4931
6.4118
6.1756
6.3725
6.4647
6.2077
6.3338
6.2417
6.5515
6.3137
6.4579
6.1844
6.4502
6.3876
6.7970
6.4583
6.4457
6.5412
6.7431
6.1635
6.1301
6.3171
6.3395
6.2212
6.6809
6.9652
6.9253
6.5260
6.7701
6.6628
6.5062
6.3796
6.3020
6.4436
6.6572
6.8470
6.9494
6.9732
7.1050
7.0609
6.9109
7.2178
7.0611
7.1183
6.6341
6.8849
6.7725
6.6809
6.8444
7.0113
6.9236
6.9546
6.9392
7.0763
7.0751
7.0386
7.0381
7.0956
7.0465
6.9759
7.2623
7.3724
7.1176
7.0262
7.0124
7.1427
7.0718
7.1629
7.1765
7.1445
6.9743
7.1524
7.1588
7.2384
7.3115
7.6635
7.2908
7.0676
7.3662
7.2709
7.0231
6.9589
7.1491
7.2133
7.6051
7.3255
7.3748
7.2446
7.3172
7.2097
6.8532
7.3063
7.0274
7.0926
7.4520
7.6442
7.3872
7.1873
7.1757
6.9821
7.3304
6.9815
7.1381
7.2757
7.1572
7.2504
7.0679
6.8657
7.0007
7.2161
6.9107
7.3462
6.8384
7.0434
7.0435
7.1868
7.0908
7.0972
6.9665
7.1324
7.0160
7.0330
6.9008
6.6480
6.7735
6.7491
6.8452
7.1491
7.2475
7.3218
7.1236
7.1834
7.4564
7.4144
7.1679
7.2165
6.9409
7.1721
7.1081
6.8916
7.1071
7.1672
7.2681
7.4268
7.0794
7.2414
7.3406
7.6356
7.5444
7.6890
7.4399
7.1724
7.7656
7.6281
7.6906
7.5337
7.6242
7.4916
7.4895
7.4005
7.4978
7.4094
7.2890
7.2824
7.6357
7.3431
7.3781
7.2144
7.0017
6.9618
6.7918
7.2516
7.1502
7.2164
7.1084
7.2237
7.0394
6.9388
6.7467
7.1131
7.0164
7.1707
7.0422
6.8999
6.9988
6.8827
6.5955
6.6553
6.9624
6.7011
6.8904
7.0082
7.5538
7.1618
7.1098
7.0227
6.8889
6.7983
6.6442
6.4407
6.1277
6.3548
6.6441
6.4280
6.1789
6.0739
5.8852
5.7780
6.1515
6.3203
6.4696
6.6163
6.2044
6.2679
6.2935
6.1722
6.1242
6.2949
6.2199
6.3584
6.5148
6.5841
6.4432
6.3310
6.3854
6.5320
6.4928
6.2278
6.2089
6.3034
6.2067
6.3548
6.3224
6.3395
6.3556
6.1764
6.3237
6.5160
6.3757
6.1717
6.2268
6.0884
6.2434
5.9576
5.7575
5.8851
5.9647
6.1008
5.9676
5.9253
6.1729
6.0187
6.1900
6.0346
6.1049
5.7162
5.9521
6.1706
6.0993
5.9776
6.0743
6.1278
5.8978
6.1220
6.3753
6.2572
6.2126
6.1549
5.9508
6.2977
6.2283
6.4841
6.1062
6.3115
6.3784
6.2054
6.2598
6.1768
6.3202
6.0967
5.9628
6.0225
5.9506
5.9499
6.1675
6.1002
6.1906
5.9963
6.0844
5.9520
6.3743
6.2383
6.1441
6.1653
5.8583
5.6697
5.7750
6.0197
5.7712
5.6455
5.7292
5.9025
5.9640
5.8752
5.8692
5.9460
6.0726
5.9366
5.8043
5.9003
5.9185
5.9031
5.8412
6.0456
6.0422
6.1675
6.0808
6.0694
6.0769
6.0585
6.0309
6.0870
6.0654
6.1081
5.8624
6.0437
6.1419
6.2890
6.2306
6.2635
5.9928
6.0299
6.0196
6.1731
6.2430
6.3472
6.4796
6.2150
6.1804
6.3213
6.1799
6.2516
6.2020
6.5170
6.5470
6.6162
6.6007
6.4518
6.5607
6.9123
6.8695
7.0581
7.1756
7.1198
7.1750
6.8903
6.7377
6.6687
6.6947
6.6668
6.8159
6.7570
6.7931
6.6750
6.3727
6.4225
6.6956
6.7569
6.8076
6.6557
6.5203
6.2458
6.5317
6.4397
6.4282
6.1579
6.0648
6.1233
6.0981
6.1869
6.2503
6.3176
6.5330
6.2041
6.5479
6.4609
6.1319
6.3273
6.3787
6.2892
5.9372
6.0755
6.0770
5.9620
6.1155
5.8895
6.1727
6.2165
5.8673
5.8762
5.9260
5.8117
5.6442
5.8972
6.2177
6.0638
6.1525
5.9725
6.0596
5.9804
6.1908
6.0548
5.8223
5.8439
5.8945
6.1894
6.1190
6.1932
6.2707
5.9736
6.1199
5.9838
5.8059
5.7807
5.8325
5.9840
5.7081
5.7194
5.9046
5.8485
5.8561
5.8322
6.0643
5.9841
6.1649
5.7307
5.6260
5.9100
5.8825
5.8691
5.8879
5.6191
5.6822
5.6164
5.6309
5.7268
5.6605
5.7945
5.8999
6.0225
5.8857
5.7764
5.9190
5.8074
5.8421
5.6633
5.4686
5.6565
5.4258
5.3312
5.5247
5.6139
5.5663
5.7994
5.6929
5.7498
5.8120
5.9219
6.1756
5.9627
6.0282
6.2570
6.2515
6.0640
6.0541
6.0557
6.2548
5.8915
5.8433
5.8456
5.7517
5.8185
5.9230
6.0313
5.8953
5.9327
5.9937
5.9325
5.8190
5.6573
5.6566
6.0519
5.8504
5.7323
5.9350
5.9364
6.1751
5.8671
5.7523
5.7378
5.7758
5.6124
5.8885
5.7048
5.5287
5.2248
5.3926
5.7118
5.4571
5.6649
5.8365
5.7025
5.6191
5.5941
5.7525
5.9792
5.9204
5.7082
5.7079
5.6896
5.6989
5.5904
5.5392
5.7913
5.5076
5.7546
5.7545
5.9161
6.0302
6.0860
6.1671
6.1422
5.9671
5.8178
6.0763
6.0576
6.0229
5.8194
5.7547
5.8083
5.7432
5.5949
5.7452
6.0398
6.0316
6.1716
6.3953
6.3384
6.1911
6.5195
6.1871
6.0192
5.8277
5.9627
5.8660
5.9600
6.0149
6.0510
6.0643
5.7733
5.7811
5.9048
5.8108
5.8765
5.8578
5.9594
5.9007
6.0679
5.6806
5.8875
5.8452
5.7133
5.8643
5.7494
5.5925
5.6860
5.7544
5.9636
6.0320
6.2722
6.2252
6.0814
5.8466
6.0058
6.0211
6.1857
5.8498
5.8184
5.8574
5.8257
5.8094
5.6597
5.7395
5.8390
5.7059
5.8001
5.6550
5.6421
5.8767
5.9050
5.7996
5.9794
5.8396
5.7991
6.0083
5.7816
5.9418
5.9847
5.9138
6.1377
5.8042
5.8783
5.8832
5.9759
6.3581
6.0088
5.8756
6.1089
5.8760
6.0662
5.7619
5.9045
5.9849
5.9635
6.0535
5.8160
5.9974
5.9145
6.2515
6.0341
5.9310
6.1475
6.2008
6.1523
6.0485
6.2117
6.2217
6.1807
6.4467
6.4398
6.6954
6.6443
6.8617
6.3177
6.2993
6.2957
6.1368
6.0050
6.1458
5.9597
5.9957
5.8105
5.8625
5.8380
5.7991
5.8776
5.6905
5.7063
6.1115
5.7289
5.8419
6.0665
6.1971
6.2626
6.1316
6.1722
6.1236
5.9446
5.9299
6.0360
5.9060
6.0675
6.0220
6.0398
6.0790
6.2238
6.0250
6.2679
6.3523
6.3565
6.1474
6.3553
6.1961
6.4276
6.2710
6.3251
6.1151
6.0485
6.1927
5.9356
5.8111
5.8992
6.0944
6.2234
6.2052
6.2718
6.4074
6.1868
6.1122
6.2406
6.1960
6.0998
6.0196
6.0534
6.0744
5.9763
6.4319
6.3818
6.2586
6.1123
6.0857
6.2479
6.0432
5.9694
6.0425
5.8794
5.9985
6.0835
6.0584
6.0027
6.0746
6.0898
6.2136
6.2976
6.5009
6.2614
6.1725
6.1594
6.2730
6.1299
6.3724
6.3597
6.0660
6.2081
5.9595
5.9672
5.9678
5.8802
6.0189
6.0664
5.9697
5.8982
5.7614
5.8073
5.9366
5.9441
6.1091
6.2161
6.1559
6.1463
6.1071
6.2568
6.1736
6.2138
5.9937
5.9575
5.9434
5.9697
5.8821
6.1273
6.0490
5.9419
6.1616
5.8467
5.8359
6.1082
5.8143
5.8719
5.9393
5.8885
5.9029
5.8581
5.6878
5.9282
5.8832
5.9031
5.9812
5.8438
6.0094
5.7282
5.8457
5.7596
5.8253
5.8392
6.0723
5.8714
5.9665
5.7624
5.5566
5.8094
5.6679
5.6922
5.5999
5.5476
5.4922
5.4768
5.4299
5.4060
5.5873
5.6265
5.6279
5.8311
5.6867
5.6694
6.0144
5.6470
5.5934
5.8068
5.9318
5.8038
6.0958
6.0173
5.9541
5.9627
5.8686
5.8781
5.8478
5.9164
6.0756
5.9674
6.0579
5.9172
5.8322
5.8920
5.6714
5.9044
5.8951
6.0201
6.0415
5.7385
5.9012
5.9791
5.8559
5.9614
5.9073
5.9895
6.0017
5.6965
5.8694
5.7760
5.7471
5.7374
5.9773
5.9995
5.9142
5.6412
5.8067
5.7270
5.7685
5.9872
5.8867
5.6588
5.7613
5.8978
5.7546
5.8346
5.9123
5.9702
5.7468
5.6331
5.8027
5.8688
5.7674
5.7418
5.7506
5.6722
5.7754
5.7228
5.7696
5.9046
5.9129
5.8951
5.8933
5.9976
5.7280
5.9082
5.8801
5.9677
6.1317
6.1937
5.9823
6.1680
6.2538
6.3358
6.2974
6.3139
6.4197
6.0449
6.0239
6.0886
6.0667
6.2027
6.1443
6.3937
6.3312
6.3069
6.6249
6.5181
6.3145
6.2962
6.3117
6.1850
6.1958
5.9356
6.1333
6.1536
6.0416
6.0246
6.0764
6.2711
6.1605
6.0408
5.9579
5.8179
5.8254
5.9492
5.9543
5.8409
5.7499
5.8547
6.0893
5.8756
5.8151
6.0240
5.8474
6.0841
6.2408
6.1368
6.1799
5.8105
5.9555
6.0986
6.1307
6.0637
5.8858
5.8638
6.1925
6.1965
6.1358
6.2566
6.2057
6.4980
6.0639
6.0568
6.3260
6.3029
6.5018
6.8102
6.3902
6.3950
6.2230
6.2829
6.2893
6.4257
6.3187
6.4044
6.2632
6.2923
6.1267
6.1369
6.0446
6.0175
5.9553
6.1110
6.2018
6.3503
6.0912
6.1296
5.9870
6.2609
6.2396
6.2754
6.2232
6.1606
6.2533
5.9287
5.8440
5.6069
5.6903
5.8755
5.7609
5.7698
5.6976
5.9638
5.8197
5.9014
5.6746
5.8527
5.9780
5.9420
5.8773
6.0288
6.0032
6.0202
5.9895
6.0908
6.2018
6.1201
5.9817
6.0991
5.9413
5.8968
5.9393
5.9764
6.0431
5.9429
5.8424
5.9100
5.7464
5.8285
5.9653
5.8543
5.8293
5.9124
5.8462
5.9725
5.8486
5.9652
5.7520
5.9689
5.9636
5.8210
5.8536
5.8918
5.8375
5.9784
5.8175
5.9082
6.0740
6.0341
5.9707
5.9011
6.1550
5.9212
5.9761
6.0348
6.0882
5.9512
5.7835
5.8006
6.0538
6.0374
5.8148
5.9526
5.7481
5.8377
5.8099
5.7619
6.0647
5.9478
5.9552
6.2239
6.2574
6.2351
6.3323
6.1737
6.1954
6.2494
6.2863
6.1791
6.1976
6.1117
5.9807
5.9685
5.9632
5.9055
5.8704
5.6488
5.8756
5.8833
6.1084
5.9532
6.1176
6.0866
5.9656
6.0038
6.1163
5.9371
5.6916
5.8996
5.9291
6.0820
6.1881
5.9188
6.1595
6.0477
5.9389
6.1684
6.1578
6.0367
6.1489
6.1845
5.9913
6.0460
5.9484
6.0330
6.0630
5.8733
5.9254
5.9967
6.0440
5.9421
5.9138
5.9161
6.0094
5.7890
6.1013
6.1663
6.0831
6.0158
5.9079
6.1189
5.9933
6.0415
6.0982
5.9620
5.9218
5.9476
5.9356
6.0917
5.9914
5.9845
5.9268
6.0898
6.0287
5.8754
6.1692
5.9983
6.0547
5.6878
5.7146
5.9513
6.1579
6.0682
6.1791
5.8759
5.9477
5.9641
6.0873
6.0157
6.0575
5.7274
5.8958
5.8623
6.0457
5.9879
6.0047
6.1079
6.0347
6.0593
5.9841
5.8543
6.0951
5.9662
5.8235
5.8747
5.9100
6.0099
5.8215
5.9429
5.8603
5.9961
6.1428
6.1988
6.1147
6.0910
5.7171
5.8907
5.9344
5.9413
5.8202
5.9439
5.9906
6.0337
6.1119
5.8808
5.9253
5.9341
6.0092
5.8703
5.7091
5.9138
5.9587
5.8222
5.8615
5.8152
6.0232
5.9215
5.9034
5.6709
5.8682
5.8678
5.9465
6.0573
5.9386
5.8754
5.8043
5.8069
5.7256
5.8072
5.7867
5.6653
5.7744
5.9404
5.9182
6.0183
5.8983
5.7574
5.8867
6.1094
6.1746
6.1405
6.0940
5.9898
5.8694
5.8511
5.8202
5.8888
5.6705
5.8297
5.8216
6.0400
5.9534
5.9948
6.3107
6.0818
6.2458
6.1700
6.1274
6.2162
6.0338
6.1326
6.0242
6.0875
5.9628
6.0737
5.9793
6.2929
6.0246
6.1819
6.0061
5.8090
5.7262
5.6795
5.6651
5.8648
5.7037
5.9228
5.9106
5.9074
5.6737
5.6377
5.8293
5.7264
6.0208
5.8185
5.9878
5.8994
5.7936
5.8622
5.7012
5.8900
5.9720
5.9649
5.8094
5.9855
5.9322
5.9864
6.1211
5.9017
5.8720
5.8675
5.8633
5.7037
5.8444
5.8883
5.8781
5.6277
5.5613
5.9646
6.1115
5.8460
5.7117
5.6968
5.8483
5.7456
5.6603
5.6931
5.8998
6.0459
5.8378
5.7822
5.6565
5.6988
5.8784
5.8051
5.9715
5.8805
5.8968
5.8591
5.9895
5.9789
5.9760
6.1761
6.2565
6.1677
6.1209
6.0271
6.0254
6.1125
5.9544
5.9273
5.7325
5.7982
5.7804
5.9342
5.9477
5.7778
5.7841
5.9529
5.8546
5.9999
6.1377
6.2852
6.2447
6.3189
5.9098
5.7470
5.8033
5.8753
5.7547
5.9338
5.8479
5.9187
5.8443
5.8534
5.9642
5.7963
5.8004
5.7134
5.7668
5.7026
5.7332
5.6465
5.8260
5.9236
5.8008
5.9371
6.0398
6.2396
5.9729
6.0244
6.0232
5.6962
5.7727
5.9123
5.9905
5.8207
5.9810
5.7046
5.7349
5.9732
5.9419
5.8681
5.8663
5.7755
5.9325
5.9338
5.8218
5.8673
5.8462
5.7519
5.8397
5.9998
5.9955
6.0786
6.0413
5.9637
5.9731
5.9266
6.1106
6.1735
5.9215
5.9158
5.8337
6.0405
5.8172
5.9593
5.7708
5.8522
6.1311
5.8456
6.0983
5.8386
6.0261
5.9777
5.9191
6.1221
5.8533
6.1134
6.0985
5.9293
5.8596
5.9426
6.0662
6.1464
6.0137
5.8632
5.8082
6.0054
5.9155
6.0901
6.0062
6.0638
6.0434
5.8720
5.8027
6.0969
6.0242
5.9940
5.9054
5.9644
6.0828
6.2048
6.3324
6.4575
6.2555
6.2477
6.1537
6.1732
5.9669
6.0490
6.1797
6.2143
6.0122
6.0547
5.8352
5.7027
5.5615
5.8825
5.9012
5.7038
5.9350
5.9007
5.8199
5.9042
5.7208
5.7510
5.6018
5.8189
5.8366
5.8108
5.9325
6.1211
5.9927
6.0244
5.9516
5.8894
5.7280
5.8736
5.8639
6.0973
5.9150
6.1408
6.3370
6.0338
6.1425
6.0306
5.9443
5.9661
5.9346
5.9283
5.7706
5.8403
5.9695
6.1612
5.9175
5.9016
6.0557
5.9057
5.8399
6.0467
5.9141
5.8830
5.9544
5.8851
6.0781
5.9505
5.9251
6.0883
5.9343
5.8745
5.9970
5.9417
5.8561
6.1119
6.0606
6.0313
6.1390
6.0189
5.9038
5.7236
5.8128
5.9307
5.9719
6.1194
6.0692
6.0273
6.0913
6.0944
6.0586
5.9933
5.8005
5.7874
5.6839
5.7371
5.7963
5.8272
5.8928
5.9587
5.9128
5.7833
6.0112
5.9396
5.9634
5.8486
6.0547
5.9772
6.1803
6.3125
6.2669
6.2520
6.0777
5.9748
5.9476
5.8443
5.7361
6.0267
5.7499
5.5032
5.8557
5.7682
5.8510
5.8444
5.7109
5.8027
5.5754
5.6074
5.6669
5.4012
5.5154
5.5735
5.6343
5.6801
5.6660
5.6685
5.8912
5.8022
5.3976
5.7665
5.7492
5.8560
6.0524
5.9771
5.9031
5.8171
5.6742
5.9689
5.8707
5.6370
6.0470
6.1297
5.9798
5.9880
6.1954
5.8233
6.0130
5.9468
6.0446
6.1001
6.1645
6.1356
6.2071
5.9734
5.9833
5.9120
6.0673
6.0436
6.2281
6.1086
6.0986
6.1730
6.2486
6.2861
6.2328
6.1867
6.2023
6.2322
6.1330
6.4431
6.3677
6.3876
6.3949
6.3191
6.3681
6.3401
6.4242
6.4883
6.0347
5.8059
5.7158
6.0009
5.9813
6.0955
6.2512
6.0462
5.9805
5.9014
5.8972
5.7262
5.9044
5.8145
5.7098
5.8313
5.7538
5.8027
5.9318
5.9935
5.8707
5.8511
6.1378
5.9380
6.3642
5.9188
6.0525
5.8732
5.9066
6.0198
5.8646
5.9661
6.0534
5.9646
5.9233
5.9104
5.9126
5.8446
5.9204
6.0728
5.8361
5.8092
5.8166
5.6961
5.8210
5.8549
5.8592
5.8283
5.6227
5.6309
5.7639
5.6878
5.6778
5.6726
5.8467
5.8724
5.8726
5.9750
5.8769
5.8953
5.9813
5.8941
5.7709
5.7749
5.7590
5.8819
6.0493
6.0700
5.9605
5.8958
5.9577
5.8802
5.8399
5.9523
5.8952
5.9320
6.1332
6.0605
6.0698
6.0842
6.1976
6.3043
6.1689
6.2226
5.9512
6.0875
5.9984
5.9797
5.8268
6.0022
5.6480
5.7698
5.7354
5.7302
5.8300
5.8976
5.7675
5.9150
6.1274
6.0746
5.9367
5.9432
5.9504
5.9939
5.8917
5.9797
5.8686
5.7647
5.8215
5.9023
5.9184
6.1066
6.0311
5.9387
5.9263
5.7735
5.8717
5.9696
6.0491
5.9494
6.1330
6.0073
6.0754
6.1388
6.3747
6.1143
6.1387
6.0909
6.2722
6.0224
6.0660
6.2457
6.4820
6.2310
6.3804
6.0971
6.3668
6.3307
6.1157
6.3338
6.2245
6.3596
6.2468
6.2648
6.1955
6.5269
6.3860
6.3824
6.3636
6.2025
6.1632
6.2458
6.2022
6.1247
5.8839
6.0145
6.0712
5.9360
6.1226
6.1645
5.9025
6.2340
5.9591
6.0872
6.3108
5.9925
5.9367
5.9993
5.8626
6.0394
6.0118
6.0697
5.9665
5.8164
6.0216
6.0171
5.8796
5.9457
5.7690
5.7503
5.9173
6.0738
5.9137
6.0179
6.1301
5.9151
5.9503
6.1343
5.9261
5.9835
5.9093
5.8334
5.8666
5.9408
5.9127
5.9957
5.8802
5.9586
6.0495
5.9992
6.0469
6.1871
5.8950
5.9481
5.8540
5.9955
5.9031
5.8138
5.7572
6.0284
6.0687
6.0377
6.1257
6.1726
6.1888
6.0734
6.0519
5.9032
6.1725
6.0832
6.1375
5.9886
6.1067
6.1609
6.2267
6.2613
6.3128
6.2228
6.2332
6.2097
5.8713
6.0555
6.0439
6.0456
5.9582
5.9891
5.9541
5.8850
5.9801
6.0187
5.8826
5.9642
5.9261
5.9626
6.0139
5.9411
5.8466
5.7256
5.6301
5.6191
5.9326
5.8610
5.9421
5.9708
6.1117
5.9239
5.8857
6.0636
6.1523
5.9989
6.0076
6.1037
5.8957
5.9159
5.9205
6.0364
6.0522
6.0325
6.1068
6.0983
5.8268
5.8786
5.5537
5.6481
5.5548
5.7355
5.6153
5.8919
5.9690
6.1977
5.9163
5.7735
5.7861
6.0515
5.9689
5.8842
5.7885
6.0150
5.9293
5.9778
6.0011
6.0757
6.2725
6.0901
6.1335
5.7991
5.7059
5.6950
5.8718
5.7786
5.7031
5.8630
5.8687
5.7121
5.7793
5.8683
5.9436
6.0580
5.9185
5.9950
6.4750
6.2872
6.3362
6.2032
6.5509
6.2252
6.1773
6.0781
6.0858
6.0334
6.1903
6.0365
6.0884
5.7843
5.9743
5.9677
5.8964
6.0800
5.9283
5.9959
5.9354
6.0621
6.0221
6.0437
6.0855
5.8999
5.8915
5.9278
5.8308
5.8677
5.9907
6.0128
5.9896
6.1075
6.0258
5.8387
6.1729
5.9100
6.0453
6.0441
5.9220
6.0862
5.9542
6.0834
6.0231
6.0220
6.0263
5.8858
5.8221
5.9219
6.1216
6.0461
6.3546
6.2240
6.3997
6.2056
6.2348
6.3929
6.0380
6.0925
6.0702
6.2525
6.5960
6.3920
6.2656
6.5112
6.5237
6.3997
6.5858
6.6218
6.5974
6.4163
6.3823
6.1371
6.5269
6.1278
6.1577
5.9757
6.3049
6.4405
6.2040
6.3714
5.9110
6.3542
6.3004
6.5141
6.2258
6.0751
6.0350
6.0443
6.0536
6.3178
6.5162
6.2137
6.3088
6.2891
6.2943
6.4499
6.2318
6.2919
6.4065
6.5526
6.6174
6.2436
6.3051
6.2574
6.3248
6.1772
6.2426
6.3110
6.2373
6.3070
6.2494
6.1852
6.3100
6.1503
6.2149
6.4498
6.5099
6.5184
6.5508
6.6108
6.5304
6.5767
6.2844
6.0892
6.4030
6.5795
6.3357
6.4503
6.0260
5.9775
6.2326
6.5264
6.3263
6.0182
6.2177
6.3956
6.3003
6.2961
6.5350
6.4074
6.2451
6.1974
6.3014
6.4108
6.6594
6.7062
6.6598
6.6436
6.5169
6.3847
6.3064
6.0155
6.2549
6.3304
6.1517
6.3634
6.1065
6.1736
6.3587
6.3381
6.3497
6.2138
6.0730
6.1357
6.0277
6.1550
6.3154
6.3129
6.2726
5.9952
5.7969
5.7402
5.8724
5.9131
6.1834
5.9231
6.1605
6.3735
6.1290
6.1796
6.2823
6.1044
6.0741
6.1776
5.9694
6.0641
6.1257
5.9580
5.9296
5.7623
5.8696
5.8847
6.0087
6.0854
6.1157
5.9703
5.9158
6.0767
6.3040
6.2259
6.0691
6.1029
6.0385
6.0700
6.0993
6.1966
5.9926
5.9417
6.0790
6.0085
6.0264
6.1624
5.8900
6.0174
5.9614
6.0444
5.9611
5.9187
6.0852
6.2017
6.1728
6.0714
6.2212
5.9103
5.8443
5.9988
6.1989
6.2049
6.3490
6.0977
5.9413
5.9737
5.9846
5.9792
5.9109
5.9269
5.8782
5.8517
5.7873
5.7410
5.8329
5.9697
5.9415
5.9277
6.1495
6.1485
5.8754
6.1067
5.9662
5.9793
5.9758
6.0326
5.9443
6.0491
5.9196
6.0019
6.0768
6.1097
6.1372
6.1114
6.1662
5.9573
6.1556
6.0621
6.0428
5.9741
6.0761
6.3710
6.2039
6.1291
6.0114
6.3002
6.1350
6.3166
6.4361
6.2649
6.2707
6.3339
6.4199
6.1042
6.0966
6.0314
6.1645
6.2811
6.2020
6.0027
6.1547
6.1555
6.3612
6.2209
6.0308
6.1739
6.1538
6.0511
6.0584
6.0733
6.1103
6.0951
6.2437
6.2995
6.2213
6.3355
6.5225
6.2773
6.3341
6.3490
6.2612
6.2638
6.2829
6.0520
6.2478
6.1725
6.1423
6.1896
5.9801
6.1183
5.8916
5.9395
5.9352
6.2073
6.1404
6.2231
6.3201
6.2819
6.2424
6.1374
6.0436
6.0072
5.9850
5.8766
5.9364
5.9365
5.9384
5.9931
6.0432
5.9161
5.9793
6.0815
6.2474
6.1468
6.1536
6.1171
5.9651
6.2522
6.3722
6.4498
6.5318
6.4450
6.4515
6.4567
6.7102
6.4337
6.3480
6.5793
6.4320
6.3459
6.3150
6.4336
6.3987
6.3114
6.2061
6.2624
6.0337
6.0349
6.1103
6.1496
6.0591
6.1286
6.0315
6.2732
6.0565
6.4316
6.2899
6.3267
6.2095
6.3355
6.3278
6.1014
6.3661
6.3712
6.4397
6.5896
6.3931
6.5058
6.5040
6.6553
6.3230
6.4439
6.5321
6.4859
6.1697
6.3183
6.4311
6.2774
6.3667
6.5114
6.5046
6.5293
6.4177
6.5070
6.4018
6.7252
6.5724
6.5852
6.3054
6.2890
6.3547
6.4550
6.4804
6.3916
6.3687
6.2464
6.4454
6.2716
6.1675
6.5703
6.1752
6.4604
6.5312
6.3894
6.4960
6.5055
6.3920
6.4744
6.6459
6.5600
6.7983
6.6349
6.6359
6.6984
6.6432
6.5938
6.7282
6.8533
6.8034
6.8420
6.8652
6.5700
6.4144
6.3290
6.5862
6.1687
6.1959
6.3779
6.1598
6.2507
6.3380
6.3942
6.3165
6.3277
6.5681
6.2976
6.6505
6.6466
6.8435
6.6464
6.5796
6.6071
6.5446
6.4015
6.4823
6.5972
6.6839
6.6279
6.7658
6.9154
6.7307
6.9575
6.6731
6.7223
6.4563
6.4899
6.4669
6.6274
6.6040
6.4280
6.5660
6.2547
6.5214
6.3417
6.7603
6.4721
6.6540
6.4583
6.2851
6.2136
6.2096
6.2315
6.2507
6.1698
6.3481
6.2452
6.1585
6.2187
6.4985
6.7146
6.5154
6.4850
6.4549
6.2921
6.4734
6.5153
6.4762
6.4939
6.6759
6.4103
6.3622
6.4596
6.5153
6.3761
6.5160
6.5626
6.5502
6.2504
6.6055
6.6498
6.8437
6.6724
6.5454
6.5982
6.6077
6.3987
6.5129
6.5581
6.5196
6.3732
6.6268
6.3540
6.4601
6.2431
6.3639
6.3928
6.4052
6.2555
6.1342
6.0550
6.0324
6.1682
6.2572
6.3800
6.2063
6.3532
6.3098
6.1752
6.3190
6.1741
6.1701
6.0184
6.0622
6.0727
6.3608
6.2435
6.1710
6.1715
6.0877
5.9823
6.1000
6.0294
6.1052
6.0925
6.2206
6.1836
6.0340
6.0065
5.9919
5.9529
6.1295
6.1082
6.2237
6.1672
6.0518
6.2869
6.0775
6.2365
6.3622
6.5483
6.6634
6.5616
6.4628
6.4059
6.3819
6.5146
6.5430
6.4391
6.4328
6.4691
6.2293
6.2112
6.2763
6.0816
6.1800
6.2846
6.3514
6.4431
6.3345
6.1725
6.2252
6.2147
6.3995
6.2156
6.4333
6.2993
6.2012
6.3736
6.1364
6.1984
6.1770
6.1532
6.2663
6.2837
6.2630
6.3294
6.0558
6.0034
6.0688
6.2155
6.0497
6.2665
6.2529
6.0354
6.0470
6.0579
6.1516
6.1779
6.0257
6.2364
6.1793
6.4481
6.2219
6.2870
6.1133
6.0154
5.9734
6.0287
6.0978
5.9089
5.8692
6.1157
6.2510
6.1458
6.1983
6.1565
6.0452
6.0104
5.8739
6.1730
6.1431
6.3406
6.1099
5.9852
6.4105
6.4333
6.3162
6.3891
6.5733
6.4556
6.3290
6.4291
6.6133
6.6804
6.7039
6.3199
6.5283
6.1673
6.3677
6.3379
6.5011
6.5901
6.6702
6.7480
6.6164
6.5225
6.6253
6.4124
6.4645
6.5116
6.6256
6.8694
6.7807
6.7354
6.7668
6.4901
6.4951
6.6615
6.5370
6.6300
6.4408
6.5553
6.4036
6.3939
6.3950
6.2835
6.1954
6.3372
6.2919
6.1270
6.1256
6.2007
6.3991
6.5250
6.5311
6.5055
6.3217
6.0757
5.9854
6.0642
6.0023
6.1330
6.1711
5.9131
5.9562
6.1056
5.9704
6.1524
6.1871
5.8737
6.1161
6.2630
6.1463
6.0783
6.3214
5.9678
5.9411
6.0664
6.1235
6.0362
6.0442
6.0774
6.3086
6.2289
6.0538
6.2447
6.0769
6.0437
6.2339
5.8870
6.0253
6.2809
6.3186
6.3671
6.3014
6.4264
6.2313
6.0555
6.0564
6.2806
6.2238
5.9110
6.0773
6.0929
6.0152
5.9297
6.1644
6.2311
6.1105
6.0145
6.0916
6.1227
6.0995
6.2711
6.1295
6.1930
6.1916
6.2108
6.1183
6.0087
5.9283
5.9872
6.0263
5.9599
6.1842
6.0642
5.9867
6.2610
6.1954
6.1429
6.1190
6.3573
6.2910
6.1352
6.2239
6.7040
6.1213
6.2505
6.4550
6.3244
6.1075
6.3516
6.0687
6.0194
6.2153
6.2653
6.5194
6.7667
6.7114
6.4594
6.4521
6.2593
6.4383
6.5895
6.8157
6.6734
6.5446
6.9915
6.7183
6.5204
6.3710
6.4764
6.4280
6.5911
6.4163
6.3598
6.6804
6.6350
6.6465
6.3488
6.5410
6.5962
6.5578
6.5625
6.4963
6.6089
6.5332
6.5160
6.4085
6.7150
6.5826
6.2553
6.4404
6.3020
6.6262
6.7664
6.5070
6.6996
6.4015
6.7474
6.3351
6.5355
6.3112
6.1902
6.3104
6.1325
6.0429
6.2917
6.1804
6.1949
6.3318
6.0852
6.2190
6.0800
6.0867
5.9733
6.1175
6.1306
6.2568
6.1823
6.1484
6.3431
6.0935
5.9255
6.0569
6.1203
5.9140
6.1270
6.1551
6.0528
6.0512
6.0321
6.0238
6.0242
5.9998
6.1756
6.0853
5.8551
5.9558
5.9237
5.9522
5.9696
5.8467
6.0238
6.0204
5.9957
6.0286
5.9842
5.7992
6.0877
5.8619
5.8566
5.8434
6.0346
5.9227
6.1376
6.1197
6.1245
6.1492
6.5473
6.5059
6.6193
6.8937
6.9412
6.5895
6.6131
6.6370
6.5474
6.8023
6.8248
6.6677
6.6447
6.4718
6.5609
6.6735
6.7267
6.6582
6.7696
6.5088
6.6645
6.3611
6.4069
6.4640
6.6485
6.4722
6.4162
6.4215
6.4980
6.4512
6.5723
6.7483
6.7869
6.6895
6.8918
6.7917
6.5712
6.3154
6.2836
6.2614
6.1620
6.0998
6.1758
6.0558
6.2370
6.0688
6.1285
6.0724
6.0430
6.0396
5.9934
6.1155
5.9697
5.9846
5.7635
5.9087
6.0181
6.0640
6.0922
6.4243
6.2517
6.3116
6.3011
6.3910
6.3541
6.4212
6.5053
6.5895
6.3862
6.4829
6.4987
6.6901
6.5399
6.4805
6.5407
6.5336
6.4175
6.3523
6.2612
6.3976
6.7363
6.5875
6.5605
6.6247
6.4128
6.4677
6.5447
6.5526
6.6936
6.5135
6.3654
6.3006
6.4807
6.3732
6.4620
6.5432
6.5931
6.4050
6.1204
6.2653
6.2134
6.2066
6.4966
6.4361
6.4207
6.4489
6.2968
6.3062
6.3412
6.4018
6.3222
6.4309
6.5041
6.5799
6.4651
6.3901
6.7115
6.5531
6.8414
6.9896
6.7975
6.5180
6.5591
6.4304
6.3294
6.6851
6.7775
6.4793
6.5721
6.4033
6.5464
6.6604
6.5869
6.6371
6.6299
6.7842
6.8105
6.5311
6.8748
6.8582
6.7474
6.4435
6.2641
6.2129
6.1325
6.4395
6.4167
6.3559
6.4282
6.3547
6.3651
6.5659
6.3699
6.5434
6.3501
6.5209
6.6248
6.4563
6.2754
6.4024
6.5198
6.6023
6.7038
6.4855
6.6649
6.3483
6.3835
6.4370
6.4206
6.4395
6.4520
6.4668
6.4806
6.4908
6.3756
6.4426
6.3533
6.5013
6.5975
6.1761
6.1518
6.1697
6.3513
6.2890
6.0910
6.3334
6.3315
6.4184
6.5329
6.3991
6.2554
6.5523
6.6542
6.5776
6.5018
6.2260
6.3476
6.2772
6.4024
6.4046
6.3629
6.3079
6.2376
6.5228
6.3284
6.4427
6.5611
6.4669
6.5819
6.4112
6.2612
6.2625
6.6081
6.4058
6.7801
6.4045
6.6950
6.7611
6.8594
6.6603
6.5765
6.7680
6.6550
6.7165
6.6367
6.8848
6.6536
7.0740
7.0732
7.1154
7.0537
7.1500
6.7210
6.7788
6.9733
7.1798
7.1440
6.6121
6.8739
6.6001
6.5658
6.6934
6.5549
6.7456
6.4420
6.2631
6.4390
6.7223
6.7467
6.6536
6.7230
6.4726
6.6396
6.5723
6.6491
6.5251
6.7235
6.5781
6.7342
6.7834
6.8343
6.4333
6.5339
6.6156
6.4598
6.5055
6.6391
6.7561
6.5945
6.5907
6.4570
6.7675
6.7346
6.6915
6.8035
6.7948
6.2715
6.3936
6.3252
6.8061
6.7775
6.8386
6.9644
6.9358
6.9170
6.6054
6.7355
6.7359
6.7869
7.1058
6.6851
6.4374
6.3351
6.3251
6.4441
6.2480
6.5520
6.4703
6.3584
6.5717
6.5936
6.3981
6.3018
6.3738
6.2482
6.1001
6.2459
6.1767
6.1732
6.4903
6.5786
6.4394
6.6757
6.4464
6.4437
6.7117
6.6360
6.8142
6.7987
6.6347
6.5619
6.5391
6.4907
6.4331
6.5600
6.6447
6.4574
6.4247
6.5544
6.4736
6.5620
6.8228
6.5719
6.8778
6.7610
6.6795
6.4392
6.7118
6.2227
6.6139
6.5377
6.6230
6.4788
6.2931
6.4073
6.3203
6.3753
6.2180
6.3263
6.2334
6.2287
6.2374
6.2479
6.1908
6.1128
6.2608
6.1898
6.1069
6.1605
6.2814
6.3293
6.2424
6.3238
6.1166
6.2510
6.3027
6.1094
6.1893
6.1517
6.2696
6.5184
6.1038
6.4748
6.2561
6.3262
6.3092
6.4182
6.3034
6.5297
6.2458
6.4845
6.4424
6.4819
6.5119
6.5597
6.5195
6.4698
6.5572
6.8512
6.7122
6.7195
6.6513
6.5878
6.4761
6.5491
6.6981
6.5797
6.6292
6.4290
6.4690
6.3191
6.4523
6.4042
6.3606
6.3325
6.3253
6.3864
6.3182
6.4032
6.5294
6.3720
6.6458
6.4255
6.5909
6.5523
6.2714
6.4492
6.5397
6.6111
6.4543
6.4669
6.4020
6.4661
6.5816
6.4133
6.5003
6.6362
6.4814
6.6594
6.6055
6.4611
6.4808
6.5674
6.3448
6.5088
6.6475
6.6067
6.6929
6.7132
6.6834
6.5607
6.3117
6.2989
6.3216
6.3169
6.4370
6.4045
6.5064
6.3607
6.3793
6.5710
6.3752
6.2703
6.2828
6.0439
5.8740
6.0714
6.1932
6.2233
6.0831
6.2755
6.0665
6.2473
6.1198
6.3494
6.0986
6.0510
6.3219
6.1274
6.2110
6.3281
6.1386
6.0908
6.2629
6.2244
6.3667
6.2781
6.2012
6.4610
6.5853
6.5908
6.3003
6.4985
6.5668
6.7364
6.4495
6.3355
6.1861
6.3293
6.4190
6.5330
6.8242
6.6146
6.5122
6.5586
6.4149
6.5425
6.4498
6.1824
6.6007
6.1628
6.2285
6.4905
6.3931
6.6144
6.6790
6.5103
6.5194
6.5767
6.2101
6.1425
6.2712
6.4079
6.6334
6.7312
6.4838
6.6489
6.6206
6.9117
6.4793
6.5295
6.8549
6.6220
6.6581
6.7764
6.5523
6.5599
6.6592
6.7287
6.7468
6.7397
6.6402
6.9305
6.8183
6.9761
6.8984
6.8673
6.7089
6.8880
6.8015
6.8251
6.6587
6.7342
6.5456
6.5358
6.5396
6.6117
6.4240
6.2840
6.5729
6.5064
6.6782
6.5439
6.3498
6.4605
6.1360
6.3106
6.5734
6.3468
6.2697
6.2822
6.2132
6.4382
6.2643
6.4151
6.3172
6.3175
6.4681
6.1715
6.3803
6.2616
6.3066
6.2835
6.2968
6.3252
6.3608
6.3292
6.5550
6.5253
6.4092
6.3600
6.3686
6.5541
6.5061
6.2451
6.1282
6.0721
6.2786
6.3684
6.4821
6.2444
6.5012
6.4860
6.1988
6.5266
6.5446
6.4952
6.5094
6.1519
6.1096
6.2790
6.1363
6.2772
6.0750
6.3975
6.4883
6.2108
6.5648
6.7379
6.5766
6.3943
6.2065
6.2748
6.2081
6.3379
6.4846
6.2495
6.5807
6.3967
6.6451
6.5175
6.6232
7.3266
7.0078
7.0983
7.0503
6.8496
7.3214
7.6231
7.3040
7.3531
7.2944
6.8446
6.9073
7.0989
7.4219
7.0134
7.0496
7.1474
7.1705
7.1325
7.0480
6.9825
6.9470
6.8840
6.8234
6.8960
6.7744
6.8510
6.8721
7.0233
6.8033
6.7168
6.7195
6.3994
6.2437
6.3079
6.2947
6.4291
6.5808
6.4443
6.6498
6.5102
6.7371
6.9057
7.0178
6.9398
6.8740
6.8830
6.8397
6.6442
6.6389
6.7640
6.9071
6.8946
6.8298
7.1729
6.7841
6.8620
6.6785
6.9817
6.9360
6.8225
6.5456
6.6352
6.6292
6.6953
6.4516
6.7213
6.6909
6.4441
6.3935
6.5007
6.5472
6.5529
6.4768
6.5109
6.6297
6.7020
7.0777
6.9058
6.9009
6.7642
6.8104
6.8131
6.8775
6.6454
6.8338
6.7689
6.7845
6.8090
6.8324
6.6230
6.5407
6.6719
6.5852
6.6342
6.5507
6.3663
6.4890
6.3860
6.4217
6.3069
6.3230
6.3574
6.3521
6.6668
6.4414
6.3232
6.4358
6.3095
6.2064
6.1748
6.3775
6.4174
6.5446
6.5804
6.4192
6.1948
6.4065
6.3212
6.4715
6.2230
6.0773
6.3841
6.2709
6.4673
6.2489
6.4760
6.3134
6.3133
6.3319
6.1823
6.2274
6.4306
6.3179
6.4089
6.3808
6.6444
6.5073
6.8532
6.6446
6.7072
6.6712
6.5472
6.3942
6.4961
6.2946
6.3503
6.0273
6.4419
6.3323
6.3210
6.1611
6.2209
6.0899
6.1861
6.2927
6.2906
6.4340
6.3656
6.5878
6.4102
6.3338
6.2252
6.3917
6.4757
6.4089
6.6478
6.8111
6.8452
6.4502
6.7184
6.5654
6.5349
6.6168
6.5449
6.4439
6.3704
6.3836
6.4567
6.6092
6.3688
6.4883
6.3653
6.5279
6.3940
6.5707
6.6261
6.4925
6.4776
6.3207
6.5274
6.4550
6.1845
6.2543
6.4906
6.2250
6.3271
6.4543
6.4490
6.3732
6.6982
6.4038
6.4589
6.5306
6.6192
6.6596
6.4367
6.3317
6.4568
6.1955
6.3446
6.1906
6.3077
6.1628
6.2591
6.2624
6.1700
6.1693
6.3322
6.0546
5.9623
5.9746
6.0646
6.1645
6.1785
6.1284
6.2212
6.3051
6.3625
6.4323
6.5268
6.3357
6.4011
6.4354
6.5947
6.4918
6.2950
6.3587
6.2967
6.4447
6.3841
6.4452
6.5717
6.7259
6.4452
6.6565
6.4765
6.7956
6.7272
6.5392
6.6705
6.5521
6.4962
6.5937
6.3730
6.0583
6.4938
6.0893
6.4966
6.6382
6.3973
6.4440
6.4536
6.4185
6.1656
