5.2843
5.2762
5.5073
5.5337
5.5982
5.7079
5.4658
5.3528
5.6737
5.6441
5.7347
5.7008
5.7645
5.4671
5.8411
5.8508
6.0251
6.0295
6.0148
5.8930
5.9334
6.2177
5.7131
6.0742
6.0637
5.8297
5.7388
6.2786
6.1641
5.8405
5.8471
5.8411
6.0083
6.1203
5.7733
5.9620
5.9437
5.7997
5.9127
6.1499
6.1568
5.8793
5.8204
5.6053
5.8407
5.7624
5.4800
5.6157
5.8142
5.9414
6.0502
5.9306
6.1717
5.8455
6.0290
6.0533
5.9052
5.9391
6.0448
5.9330
5.8067
5.8477
5.6398
5.8617
5.9137
5.9716
5.8826
5.7294
6.1163
5.6676
5.8721
5.9701
6.0865
5.7597
5.8867
5.8971
5.6384
5.8288
5.5927
5.7538
5.4813
5.6517
5.7426
5.5425
5.6964
5.7673
5.8615
5.7053
5.3555
5.5699
5.3206
5.6726
5.6677
6.1602
6.0108
6.4042
6.2625
6.0190
6.2089
6.2733
6.2461
6.4268
6.2466
5.8182
5.9218
6.0450
6.0260
6.1637
5.8770
6.1321
6.1490
6.0596
6.5004
6.1152
6.4616
6.0747
6.5239
6.3590
6.4691
6.4745
6.3346
6.2324
5.9578
5.9302
5.9122
5.8677
5.9926
6.0356
5.9943
6.4912
6.1295
5.7972
6.1976
6.3108
6.2393
6.0985
5.7370
5.6772
5.8921
5.8480
5.9015
5.9901
5.8619
6.0058
5.9774
5.8664
5.9924
6.1325
5.8751
6.0171
6.0577
5.9555
6.1666
5.9071
6.0530
5.9636
6.0868
6.0846
5.8422
5.9540
6.2200
6.1977
5.9809
6.2627
6.0999
6.2511
6.1843
6.2779
6.1217
6.4655
6.4292
6.2148
5.8987
5.9633
5.8126
5.5754
5.6862
5.9067
5.7666
5.8073
5.7005
5.7819
5.9209
6.0859
6.0497
5.7596
5.8392
5.9631
5.6743
6.1495
5.7274
6.2360
6.4267
6.0711
5.8991
5.8298
5.9313
5.7349
5.9899
5.9930
5.9994
5.6619
5.5299
5.6412
5.9155
6.1361
5.9424
5.8555
5.6410
5.4234
5.5022
5.2172
5.3967
5.3292
5.4240
5.4276
5.5114
5.5686
5.6089
6.0252
5.5566
5.9459
5.9601
5.7553
5.6937
5.9963
5.9052
6.0773
5.8469
5.6122
5.6513
5.5926
5.6985
5.2355
5.5396
5.4573
5.6312
5.8431
5.3982
5.6632
5.8138
6.2676
6.1777
5.7774
5.9042
5.6013
5.9820
5.7151
5.7848
5.8246
5.9429
5.7490
5.5430
5.6846
5.8279
5.8981
5.7239
5.5839
5.7711
5.4721
5.9905
6.0641
6.0578
6.0038
5.6657
5.8095
5.9361
6.2399
5.9504
5.8427
5.5526
5.5683
5.7362
5.7382
5.9588
5.8776
5.6252
5.6013
5.7169
5.6437
5.3219
5.3775
5.3617
5.8630
5.7052
5.5333
5.8430
5.7260
5.7531
5.9282
5.8012
5.9316
5.8386
5.7057
5.8795
6.0870
5.7143
5.9368
6.0002
5.7123
5.6580
5.6897
5.4166
5.3589
5.5933
5.7779
5.8416
5.8307
5.8302
5.6630
5.8205
6.0047
5.6389
5.9045
5.7132
5.7690
5.7441
5.7815
5.7734
5.8720
5.6248
5.5747
5.5965
5.3378
5.6885
5.8306
6.0131
5.8333
5.6734
5.6253
5.7917
5.9739
6.0585
5.9310
5.8538
6.0276
5.9362
6.1046
6.4710
6.2053
6.2056
6.1691
6.2808
6.0838
6.3918
6.1207
6.0248
5.9084
5.8508
5.9967
6.0388
5.9857
5.9748
5.9885
6.0453
5.9530
6.0141
5.9589
6.0244
6.1877
6.0716
6.0789
6.0890
6.0914
6.1125
6.1072
6.0090
5.7544
5.7799
6.1530
6.1681
6.3479
6.1087
6.2132
6.0730
6.2715
6.0751
6.1420
6.1682
6.6365
6.5977
6.3610
6.3855
6.6562
6.5006
6.4633
6.5927
6.0132
6.1263
5.9217
6.0657
6.2432
6.4588
6.3250
6.4979
6.4526
6.5049
6.2506
6.3014
6.4637
6.5258
6.7272
6.4422
6.0264
6.1959
6.2464
6.4976
6.2868
6.2394
6.2454
6.4698
6.5463
6.2741
6.1646
6.6027
6.6255
6.5283
6.5455
6.2568
6.6514
6.9732
6.8432
6.9874
6.9140
6.9503
6.8810
6.9893
6.7890
6.7450
6.6581
6.7716
6.4705
6.9420
6.4186
6.4769
6.5377
6.8360
7.0432
7.1516
7.0086
6.5493
6.7570
6.2496
6.7259
6.6578
6.6601
6.4154
6.2689
6.3107
6.2398
6.6551
6.4795
6.0796
6.2394
6.1887
6.0643
6.4556
6.3230
6.1876
6.4375
6.3220
6.4208
6.4465
6.2664
6.4021
6.3386
6.6200
6.5542
6.4301
6.1338
6.2443
6.2268
6.2468
6.6012
6.3622
6.2996
6.2250
6.3972
6.5234
6.6638
6.5746
6.3003
6.3702
6.3625
6.6493
6.6393
6.5664
6.6418
6.7513
6.5352
6.3894
6.3891
6.7729
6.4104
6.5122
6.8387
6.5958
6.8442
6.7732
6.0636
6.3014
6.6159
6.7582
6.9292
6.7796
6.5161
6.4134
6.0385
6.9035
6.8298
6.5768
6.8412
6.6966
6.5575
6.7617
6.4501
6.2904
6.1206
6.4358
6.5864
6.5297
6.7334
6.2345
6.4696
6.4272
6.1884
6.7312
6.4946
6.2726
6.5766
6.5935
6.4658
6.3627
6.6525
6.6040
6.7277
6.9618
6.7655
6.6971
6.7276
6.7408
6.7410
6.8168
6.8448
7.2540
6.7832
6.7492
6.4247
6.7133
6.9396
6.5856
6.7797
6.7448
6.8084
6.8426
6.9929
7.1527
6.8053
6.7558
6.9014
6.9452
7.0919
7.1502
7.0917
6.4683
6.4020
6.1832
6.0978
6.2289
6.6483
6.9418
6.8924
6.8246
6.9068
6.7414
6.5565
6.6797
6.5534
6.4850
6.7825
6.3852
6.4980
6.5039
6.2474
6.4364
6.5127
6.5110
6.4348
6.2961
6.3195
6.4830
6.5045
6.6016
6.1472
6.1942
6.2250
6.1879
6.4582
6.2720
5.9128
6.2393
6.0638
6.4327
6.4015
6.6148
6.5551
6.4101
6.3319
6.0980
6.2398
6.7258
6.3406
6.5079
6.6534
6.3541
6.2533
5.9625
6.4488
6.5684
6.5668
6.5812
6.2360
6.5780
6.5402
6.5845
6.6567
6.5402
6.8835
6.8413
6.7123
6.6291
6.8791
6.6458
6.9176
6.9904
7.0613
6.8883
6.7277
7.0142
7.1892
6.9866
7.1248
6.8976
6.8351
7.1076
7.0234
7.2865
6.8393
7.0363
7.1615
6.5718
6.5162
6.6981
6.4148
6.3409
6.3193
6.3275
6.4776
6.5703
6.4077
6.6008
6.5952
6.6227
6.4398
6.3434
6.5872
6.3155
6.3408
6.4664
6.5713
6.5362
6.8211
6.5172
6.3099
6.1822
5.9468
6.2338
6.3559
6.5208
6.5312
6.3957
6.4812
6.6931
6.6660
6.6355
6.4782
6.5557
6.6507
6.6236
6.4971
6.7181
6.7405
6.9786
6.9355
6.5496
6.6037
6.3126
6.3230
6.2971
6.6134
6.4720
6.4704
6.4088
6.6143
6.3173
6.3844
6.4300
6.3690
6.6844
6.3242
6.2514
6.4825
6.4700
6.4889
6.2481
6.4896
6.7278
6.6844
6.6404
6.4111
6.6228
6.4735
6.6316
6.2471
6.5065
6.1211
6.6483
6.7690
6.8976
6.7852
6.6526
6.8653
6.6303
6.8122
7.0781
7.2286
6.9772
7.1813
7.2921
6.8617
6.4609
6.4959
6.5638
6.6955
6.5940
6.4913
6.9829
6.6488
6.9261
6.4098
6.8795
6.6356
6.2867
6.5200
6.6156
6.6386
6.1380
6.4303
6.4764
6.5569
6.7363
6.5782
6.6639
6.5384
6.5618
6.3029
6.3456
6.3858
6.4349
6.3927
6.4857
6.9339
6.6357
6.5794
6.5165
6.3382
6.6774
6.3869
6.8445
6.7082
6.3341
6.5490
6.6840
6.4038
6.6528
6.7074
6.7653
7.1336
6.8876
6.8316
6.9329
6.6789
6.9038
6.6177
6.6527
6.7181
6.7125
7.0345
6.7261
6.6092
6.6539
6.8190
6.6969
7.1887
6.8411
6.8258
6.6486
6.7790
6.6084
6.3966
6.5572
6.8932
6.7127
6.5243
6.7359
6.6866
6.9445
7.1822
6.8454
7.0147
6.7624
6.7769
6.7671
6.6227
6.9978
6.7018
6.5773
6.4853
6.6795
6.8022
6.8294
6.7256
6.8668
6.9465
7.0384
6.7210
7.0907
6.8262
6.7161
6.7471
6.8902
6.7864
6.7758
6.5427
6.9695
6.7861
6.7974
6.9180
6.5732
6.8795
6.5705
6.8162
6.9476
6.8882
6.9960
6.9938
6.7635
6.5710
6.1314
6.3949
6.6049
6.8808
7.1354
7.2393
7.0956
7.0948
6.9633
6.9175
6.5920
6.9261
6.8911
6.9331
7.0002
6.8334
7.3424
7.1285
6.9697
7.2682
7.1296
7.4027
7.1721
7.2405
7.5240
7.4164
7.1513
7.2645
6.8570
7.3005
7.3289
7.3415
7.0899
7.3990
7.0714
7.0777
6.7872
7.2212
7.2539
7.2445
7.3114
7.3666
7.1801
7.1717
7.1773
7.2538
7.1888
6.9195
6.7879
6.8014
6.7308
6.9753
7.0350
7.0300
7.0185
7.0636
7.0108
6.9559
6.9215
7.2405
6.8290
6.6563
6.8881
6.9523
6.7774
6.7994
6.7858
7.2553
7.1211
7.6295
7.3767
6.9940
6.7610
7.0111
7.1227
7.2466
7.3098
7.5462
7.1765
6.8247
7.0244
7.1526
7.2773
7.1800
7.0342
7.3318
6.9907
7.1697
7.3064
7.0681
7.3643
7.1513
7.3315
7.3744
7.2142
7.4543
7.4308
7.2989
7.1907
6.8233
6.6308
7.1249
7.0831
7.2870
7.2173
6.8512
6.9490
6.9141
6.8221
6.7548
6.7390
6.9765
6.9740
6.9202
6.8890
7.3421
7.0123
6.9527
7.3377
7.1129
7.0141
7.3964
7.2413
7.1034
7.3847
7.1182
7.2505
7.4431
7.2878
7.3277
6.9557
6.6072
7.2550
6.9977
7.1504
7.2067
7.1687
7.3467
7.2052
7.0632
7.1763
7.1143
7.1868
7.3442
7.2639
7.3234
7.3177
7.2757
6.9531
7.0996
6.7554
6.8208
6.9337
6.6904
6.6345
7.0091
6.5293
6.5662
6.9080
7.0153
7.3970
6.9966
7.0293
6.8293
7.0719
7.1723
6.9476
6.7439
6.6133
7.0082
6.8038
6.9395
6.9406
7.2070
7.4054
7.6966
7.7311
7.4790
7.3997
6.9916
7.0063
7.4650
7.3626
7.3218
7.5058
7.3239
7.1911
7.5126
7.2883
7.4176
7.3621
7.6485
7.1007
7.1198
7.1852
7.6422
7.7468
7.5789
7.2487
7.4564
7.4348
7.6042
7.6475
7.5507
7.4614
7.3136
7.4922
7.6384
7.9355
7.6092
7.7647
7.5767
7.6158
7.3360
7.1742
7.4799
7.3527
7.2961
7.2817
7.4591
7.3512
7.3347
7.2985
7.4876
7.7077
7.5189
7.2854
7.4148
7.1303
7.2104
6.9187
7.1533
7.0837
6.9457
6.9166
6.8096
6.5162
6.5373
6.5788
6.5184
6.5934
6.3295
6.6474
6.8204
6.9014
6.8648
6.5989
6.7194
6.8163
6.6803
6.6453
6.6437
6.5668
6.6904
6.4170
6.3823
6.5154
6.3540
6.4413
6.6663
6.3788
6.5312
6.7332
6.6681
7.0600
7.0946
6.9194
7.2831
7.3221
6.8516
6.8489
7.0756
6.8921
6.9335
6.5784
6.4329
6.4769
6.6331
6.6282
6.4617
6.6304
6.8409
6.6521
6.8307
6.8549
6.9065
6.7483
6.8896
6.9144
6.8563
7.0919
6.9090
7.4272
7.3503
7.0481
7.1596
7.2184
7.1023
6.6608
6.8213
6.5677
6.6339
6.6896
7.2749
6.9443
7.2144
6.6537
6.7499
6.5767
6.2198
6.2206
6.3329
6.6080
6.4621
6.7838
6.5725
6.6862
6.5252
6.4108
6.5178
6.5278
6.7711
7.0089
6.9193
6.7812
6.8877
6.7725
6.4584
6.4118
6.6984
6.2105
6.2641
6.1709
6.3120
6.2648
6.3521
6.6275
6.4046
6.5602
6.5613
6.5487
6.4212
6.7731
6.5476
6.5374
6.5392
6.3382
6.1361
5.9272
5.9884
5.9674
5.9437
5.8124
5.8481
6.2659
6.3843
6.4340
6.5575
6.5231
6.1072
6.4845
6.4958
6.2286
6.4758
6.4009
6.3355
6.0758
6.3242
6.5558
6.5685
6.5294
6.3386
6.4455
6.2426
6.4139
6.6798
6.7928
6.3938
6.4159
6.2872
6.5072
6.3122
6.5196
6.4537
6.4402
6.1989
6.0875
6.4765
6.6088
6.3354
5.9708
6.1080
6.1283
6.4218
6.0849
6.2870
6.3884
6.5853
6.4042
6.3966
6.5566
6.5176
6.4410
6.5041
6.6259
6.4832
6.4698
6.3229
6.2830
6.2837
6.1973
6.2487
6.3123
6.4171
6.7494
6.6968
6.8195
6.5478
6.3710
6.4900
6.9942
6.7562
6.2468
6.5708
6.0525
6.5561
6.4965
6.8991
6.6096
6.6077
6.5511
6.4135
6.3783
6.2389
6.0469
6.1598
6.1388
6.3197
6.1524
6.1168
6.0145
6.1897
5.8041
6.1404
6.2076
5.6374
5.9872
6.2056
6.4522
6.7125
6.3104
6.1383
5.9786
6.1878
6.0852
6.1303
6.2494
6.3275
6.4554
6.6845
6.1860
5.9709
6.3609
6.2360
6.1330
6.0294
6.3400
6.1191
6.0691
5.9003
5.9500
5.9265
5.9021
5.9534
6.0935
5.9593
6.2130
6.3977
6.6218
6.2139
5.9752
6.1635
5.9798
6.0674
6.0560
5.9460
6.0405
6.0252
6.4372
6.2724
6.3235
6.2650
6.3651
6.3590
6.8329
6.6605
6.6899
6.5861
6.8053
6.7459
6.5332
6.5116
6.5339
6.7912
6.7063
6.7600
6.6105
6.7487
7.0623
7.1538
6.8343
6.7363
6.9799
6.7868
6.6056
6.3694
6.2675
6.1743
6.4661
6.3778
6.2144
6.4343
6.6721
6.4862
6.4807
6.2808
6.6685
6.1081
6.1595
6.6429
6.3669
5.9970
6.4275
6.2550
6.3415
6.4276
6.5748
6.4260
6.6019
6.3953
6.5763
6.2093
6.2998
6.4797
6.5565
6.3262
6.7644
6.4276
6.2522
6.1131
6.0976
6.0860
6.2134
6.3346
5.9169
6.1227
6.4468
6.3952
6.2895
6.6221
6.4923
6.1853
6.4232
6.4499
6.4267
6.5169
6.1920
6.3458
6.4257
6.2981
6.5635
6.2649
6.3353
6.1452
6.0658
6.3454
6.5306
6.0522
6.3939
6.1357
5.9130
6.0755
6.3401
6.5475
6.8528
7.0666
6.8872
7.0500
6.6023
6.9296
6.9779
6.9654
6.7249
6.8415
6.9527
6.7021
6.5664
6.5444
6.6363
6.8617
6.8693
7.0023
6.8941
6.7136
6.9352
6.6017
6.6027
6.9142
6.5049
6.7055
6.5424
6.5474
6.4414
6.2730
6.7644
6.7922
6.4367
6.7720
6.5771
6.9083
6.8990
6.8638
6.8973
6.9432
6.8093
6.5714
6.6786
6.6302
6.4996
6.8587
6.7964
7.0184
6.7428
6.8416
6.7370
6.8620
6.9403
6.9870
7.0203
6.6378
6.9230
6.6952
6.6655
6.5480
6.7213
6.6525
6.8180
6.7454
6.8969
7.0411
7.0192
6.6048
6.6052
6.6459
6.8401
6.8634
7.0160
6.6867
6.9329
7.0260
6.9069
6.8062
6.8571
6.8227
6.8336
6.6830
6.9629
6.8514
6.8360
7.1776
7.1790
6.9870
7.0403
6.9176
7.3395
7.3411
7.1513
6.8721
7.1460
7.2260
7.0432
6.8563
6.9981
7.0622
7.1208
7.0923
6.8902
6.9941
7.0342
6.7190
6.8741
7.1586
7.1725
7.0369
7.0153
7.2956
7.0679
7.0370
7.1183
7.0568
7.2251
7.3286
7.0811
6.7890
7.0916
6.9530
6.8647
7.0667
7.2136
7.2126
7.1355
7.0926
6.9737
6.9795
7.1789
7.0510
6.8631
6.7808
6.8384
6.9406
6.8430
6.7303
6.6630
7.0123
6.6236
6.8023
6.9579
7.1476
7.0912
7.0843
7.0581
7.1490
6.7598
6.7756
6.8794
7.0568
6.6978
6.7867
6.6498
6.6989
6.6123
6.5088
6.9256
6.6362
6.6235
6.9505
6.7907
6.8554
6.7419
6.6139
7.0727
6.4804
6.5254
6.6039
6.6473
6.8279
6.5228
6.3105
6.3116
6.4259
6.2879
6.0701
6.3890
6.4005
6.3347
6.5272
6.3844
6.5553
6.7300
7.0043
6.9147
6.5679
6.8674
6.9239
7.1134
7.0854
6.9570
6.8390
7.0767
7.0418
7.0757
6.9055
7.0781
7.1560
6.9585
6.9963
6.9165
7.2368
7.1404
7.2422
7.4361
7.3032
7.1771
7.5341
7.2849
7.3833
7.2096
6.8663
6.9740
7.2080
6.7227
6.7881
6.9185
6.7357
6.8092
6.7450
6.7708
6.8425
7.0254
6.8124
6.5757
6.6437
6.8168
6.5425
6.7750
6.7734
6.8511
6.9221
6.5612
6.8656
6.5665
6.7050
6.7126
6.7565
7.0935
7.0815
7.0258
7.1691
7.3352
7.1727
7.0707
7.2870
7.3456
7.0683
7.1278
6.8461
7.1438
6.9806
6.8990
7.0383
7.1045
7.0416
6.9495
6.9279
6.6587
6.8509
6.6231
6.5881
6.5141
6.5392
6.6363
6.8662
6.5622
6.5463
6.7494
6.6194
6.6125
6.6967
6.3750
6.5913
6.6397
6.4094
6.4920
6.3801
6.4031
6.4040
6.4334
6.4619
6.0494
6.4778
6.5191
6.5043
6.1970
6.2468
6.0175
6.0896
6.2570
6.1942
6.2283
6.3061
6.3485
6.3092
6.6408
6.3809
6.2863
6.6828
6.1233
6.4203
6.2981
6.6906
6.7272
6.5176
7.0568
6.8543
7.0572
7.0730
6.7527
6.7733
6.6913
6.7753
7.0697
6.5982
6.5378
6.4138
6.7493
6.5992
6.4335
6.4486
6.3007
6.3257
6.6555
6.3090
6.3009
6.3206
6.2117
6.3777
5.9909
6.1555
6.2882
6.1170
6.2187
6.2129
6.1140
6.0682
6.2255
6.2592
6.2938
6.4143
6.2304
6.1938
6.6073
6.4087
6.2258
6.3811
6.4460
6.7043
6.8048
6.5846
6.8677
6.5663
6.6033
7.0020
6.6988
6.7067
6.7022
6.8468
6.4182
6.8106
6.5729
6.6577
6.5861
6.5014
6.5010
6.5754
6.6265
6.5327
6.6081
6.7161
6.7774
6.5473
6.7647
6.5456
6.7424
6.5277
6.5765
6.5935
6.6559
6.7186
6.5129
6.5091
6.5042
6.4866
6.5441
6.6682
6.6014
6.4525
6.4417
6.3962
6.2503
6.3298
6.0748
6.4932
6.4419
6.5555
6.4737
6.3307
6.3098
6.2483
6.1614
6.1076
5.8664
6.1046
6.3821
6.4567
6.3971
6.4046
6.4291
6.3470
6.5065
6.1287
6.2363
6.2975
6.7198
6.5387
6.5043
6.4640
6.2923
6.3617
6.2898
6.2719
6.1116
6.0663
6.5006
6.2013
6.1793
6.1606
6.2260
6.2540
6.1757
6.0697
6.0363
6.0292
6.1565
6.0771
6.2304
6.3817
6.3387
6.6269
6.2721
6.5265
6.2792
6.4560
6.3642
6.3335
6.4575
6.3795
6.2226
6.2885
6.2332
6.3789
6.4388
6.1944
6.1899
6.4800
6.0220
6.0256
5.8981
5.9263
6.1367
6.0237
5.8440
6.0004
6.1040
5.9822
6.0215
6.0250
6.0009
6.3514
6.2442
6.1976
5.8174
5.6419
5.7199
5.5574
5.7747
5.9294
6.2589
6.4817
6.3594
6.2363
6.3133
6.0669
6.1010
6.3124
6.1684
6.1931
6.1995
6.2060
6.1593
6.2031
6.2478
6.3214
6.6714
6.4024
6.4804
6.7240
6.4090
6.4099
6.3270
6.3574
6.3116
6.4394
6.3401
6.6441
6.4077
6.4744
6.3143
6.4538
6.5092
6.7472
6.3522
6.1970
6.0002
5.7837
6.1461
6.0527
5.8705
6.0086
5.8144
5.6751
5.6315
5.7364
5.8631
6.0148
5.8735
5.9213
5.8686
5.9962
5.7358
5.6173
5.6931
5.9743
6.0437
5.7630
5.6187
5.7898
5.5779
5.4934
5.6461
5.6459
5.6083
5.7865
5.8841
5.6518
5.6417
5.8497
5.9041
5.9733
5.9959
5.7863
6.0308
5.9146
5.9119
5.8923
5.8475
5.9668
5.7736
5.8218
5.8058
6.1897
6.1553
5.9532
5.9027
5.7131
5.6321
5.7458
5.7593
5.7240
5.6709
5.7982
5.8915
5.7516
5.7377
5.7980
5.7726
5.7388
5.8466
6.0661
6.0431
5.9310
6.1548
5.8950
5.7384
5.6211
5.6624
5.7768
5.7486
6.0047
5.8732
6.2802
6.1680
6.1805
6.2127
6.2855
6.2900
6.2513
5.8530
5.7843
5.8984
5.8710
5.7698
5.7091
5.9078
5.6393
5.9513
6.0736
6.0698
6.1567
6.1475
6.0450
6.0673
6.0116
6.2219
6.1181
5.7184
5.9805
5.7021
5.6572
5.8179
5.6937
5.6277
5.5245
5.8130
5.9346
5.6851
5.9143
5.7648
5.6931
5.5249
5.1753
5.3812
5.4060
5.5304
5.4205
5.3823
5.5843
5.6161
5.6618
5.7555
5.8353
5.9010
5.6819
5.7344
5.8168
5.9140
5.8262
5.8032
5.9600
5.6956
5.7137
5.7476
5.7372
5.6977
5.8746
5.9363
5.9123
5.8360
5.7130
5.5347
5.6173
5.7157
5.7257
5.7451
5.7316
6.0230
6.1425
5.7514
5.8290
5.9190
5.7910
5.8858
5.7924
5.9139
6.1172
6.1098
5.9751
6.0363
5.7934
5.8157
5.7467
5.8887
5.8947
5.8828
5.7453
5.9447
5.8931
5.9617
5.8699
5.7571
5.7912
5.8888
5.7118
5.7296
5.9083
5.7903
5.9701
6.0083
5.9883
6.1022
5.7880
5.7452
5.7515
5.8205
5.8771
5.8913
6.1949
6.0472
6.1514
5.8013
5.8817
5.8623
5.7235
5.7472
5.7665
5.8619
5.9316
5.8120
5.9271
6.0921
5.9516
6.0728
6.0828
6.1605
5.7839
5.9520
6.2742
6.3109
6.0302
6.2146
6.0572
6.0661
6.0273
6.2908
6.2866
6.4823
6.6068
6.5019
6.4894
6.6106
6.5763
6.4778
6.3048
6.6553
6.3115
6.0515
6.0633
6.5009
6.5416
6.7015
6.6813
6.5596
6.3670
6.2976
6.3963
6.6490
6.5315
6.3883
6.7264
6.3147
6.2696
6.3244
6.2907
6.2614
5.9503
5.9110
6.3117
5.8813
5.6395
5.7567
5.8630
5.7231
5.8125
5.9589
6.0307
5.9090
5.9001
5.9884
5.7787
5.9257
5.7005
5.8163
5.7066
5.7415
5.9342
5.8646
5.7352
5.7827
6.1220
6.0149
5.8762
6.4170
6.3704
6.5570
6.4044
6.3436
6.4363
6.6161
6.2011
6.1835
6.0450
6.2435
6.3729
6.0896
6.5013
6.5176
6.1801
6.0417
6.0870
5.8926
5.8820
6.2161
6.0670
5.8417
5.8363
5.9296
5.9251
5.6418
5.8733
5.9848
5.9565
5.8985
5.8645
5.7817
5.8860
5.9453
6.2215
6.0058
5.9828
5.8076
6.0286
5.6526
5.7177
5.6927
5.8579
5.7986
5.7011
5.5405
5.6545
5.9193
6.1880
6.5113
6.3304
6.3709
6.0993
6.1072
6.0835
6.2088
6.0309
6.0269
6.0557
5.9490
6.0204
5.8064
5.6757
5.7840
5.8585
5.9166
5.9736
5.5208
5.7196
5.7058
5.6788
5.6372
6.1038
6.0239
5.7355
5.7524
6.0553
5.8163
5.7211
5.7540
5.7966
5.5959
5.8498
5.7446
5.8642
6.1311
5.8380
5.7533
5.8803
5.8121
5.6207
5.7551
5.7888
5.7817
5.7376
5.8320
5.6511
5.8125
5.6647
5.8748
5.7769
5.8301
5.8610
5.8335
5.9408
6.0966
6.1628
5.7973
6.1657
6.2594
6.2785
6.0397
6.1864
6.2017
6.0235
5.9873
6.1161
6.0164
5.9109
5.7838
6.0170
5.6751
5.7804
5.8207
5.7404
5.6405
5.4737
5.4005
5.7566
5.9044
5.8606
5.9372
5.7360
5.8199
5.6339
5.7669
5.9323
6.0058
5.9050
5.8920
6.0401
6.1788
6.0014
5.9286
5.7986
5.7393
5.7025
5.7393
5.6249
5.7160
5.7380
5.7298
5.8847
5.8786
5.8727
5.7349
5.7382
5.8639
5.6835
5.6221
6.0297
5.5783
5.5721
5.5001
5.6526
6.0245
5.8275
6.0091
5.6690
5.5311
5.9956
6.1033
6.0742
5.9263
5.9912
5.7684
5.8122
5.9302
5.8081
5.8187
5.8153
6.0000
6.1958
6.2673
6.1619
6.3090
6.1171
6.0728
6.3402
6.1210
6.0849
6.0092
5.9288
6.0344
6.1074
5.9462
5.9805
5.9828
6.1673
5.9597
6.0175
5.9334
5.6965
5.9846
5.8888
5.9168
6.0854
5.9112
6.0442
6.0167
5.8918
5.8742
5.6497
5.7062
5.8160
5.7506
6.0264
5.9189
5.6971
5.9986
6.0164
5.7763
5.8866
6.1001
5.9083
5.9866
6.0951
6.1098
6.0909
6.0777
6.1861
6.0322
6.2115
5.9589
5.8329
5.8793
5.8784
6.0148
5.9195
6.1154
5.8103
5.7493
5.6445
5.6772
5.6730
5.7555
5.8198
5.6019
5.6124
5.6887
5.5704
5.5562
5.6421
5.5273
5.6125
5.6377
5.6951
5.5857
5.3725
5.5760
5.8065
5.5671
5.6836
5.6495
5.7261
5.8264
5.7326
5.6048
5.4570
5.5204
5.4969
5.3634
5.6002
5.7278
5.5236
5.8024
5.8819
5.8125
5.6804
5.9463
5.6272
5.5861
5.5400
5.7584
5.5332
5.6819
5.7076
5.7862
6.0762
5.8973
5.7171
5.7911
5.8584
5.9153
5.8125
5.7823
5.7639
5.8734
5.8045
5.9528
5.9491
5.9101
5.7971
5.8552
5.9002
5.9028
5.9301
5.8664
5.8556
5.9316
5.9390
5.8727
5.7855
5.6756
5.6943
5.8306
5.8879
5.7233
5.9428
5.8622
5.8998
5.9847
5.8728
5.8246
5.8212
5.7852
6.0043
6.1662
6.0149
6.0406
5.9314
5.8011
5.7253
5.7590
5.8686
5.9104
6.0034
6.0981
5.8927
6.1348
6.0019
5.8930
5.8300
5.9036
5.9210
5.7466
5.8921
5.9349
6.0376
6.2087
5.9363
5.9589
5.9402
5.6903
5.6776
5.5336
5.5912
5.6320
5.6646
5.6596
5.6941
5.6651
5.6992
5.6646
5.6474
5.6656
5.7713
5.7144
5.7457
5.5487
5.5452
5.4556
5.5453
5.5589
5.4908
5.7337
5.7265
5.9064
5.8011
5.7634
5.8561
5.7810
5.6876
5.7808
5.7965
5.8423
5.7558
5.7093
5.8031
5.6518
5.5555
5.5535
5.5561
5.5805
5.5381
5.4809
5.3941
5.5953
5.9169
5.8973
5.8071
5.9423
5.9533
6.0881
5.8897
6.0805
5.9213
5.8091
5.8488
5.8059
5.8354
5.9209
5.9494
5.9428
5.8908
5.9711
6.1369
6.1039
6.1626
6.0366
5.9361
5.8163
5.9166
5.7945
6.0091
5.9575
6.0029
5.9396
5.9577
5.9292
6.0782
6.0236
5.9336
5.9611
5.6109
6.0428
5.9056
6.0587
6.0002
5.9315
6.1606
6.0474
6.1387
6.1982
6.0349
5.9195
5.8804
6.0003
5.9764
5.9737
5.9409
5.8628
6.0914
6.1639
6.1850
6.1879
6.2620
6.1257
6.1796
6.0152
6.1563
6.2975
6.2044
6.3019
6.3184
6.2415
6.1954
6.2222
6.2056
6.1490
6.1533
6.0098
6.0260
6.0865
6.3370
6.0884
6.0857
6.0193
6.3487
6.0776
5.9094
5.9681
6.0887
5.8646
6.0311
6.1376
6.0940
6.3726
6.3924
6.2111
6.0379
6.2379
6.3445
6.2992
6.2622
6.2066
6.2171
6.2100
6.1589
6.3870
6.3385
6.3028
6.0036
5.9455
6.0039
6.1514
6.1268
6.1082
6.0526
5.9990
6.1192
6.1332
6.0751
6.0839
6.1225
6.3751
6.1877
6.2842
6.5722
6.5516
6.6970
6.2058
6.0564
6.4238
6.1369
6.1988
6.1423
6.1177
6.2344
5.9851
6.1057
6.2676
6.1717
6.0824
6.3381
6.0344
6.4312
6.3452
6.4218
6.4972
6.3566
6.2941
6.3668
6.3249
6.4858
6.0794
6.4168
6.0820
5.9661
5.9042
5.7445
5.8561
5.6489
5.8562
6.0090
5.8793
5.7801
5.6509
5.3494
5.6269
5.4925
5.4941
5.5434
5.5829
5.6108
5.7293
5.7400
5.5445
5.5908
5.5395
5.4990
5.6352
5.6532
5.6987
5.6293
5.8069
5.5394
5.5771
5.4391
5.5264
5.4714
5.4887
5.6086
5.6706
5.9601
5.6690
5.7991
5.7653
5.6126
5.3317
5.5323
5.5024
5.3944
5.3991
5.5027
5.6159
5.6098
5.4599
5.4075
5.4964
5.4416
5.7205
5.5665
5.5735
5.4954
5.3781
5.5656
5.6409
5.4443
5.3624
5.4906
5.3742
5.4815
5.5847
5.6575
5.6291
5.5047
5.5746
5.5003
5.4968
5.5379
5.6070
5.7322
5.6641
5.6076
5.7238
5.9204
5.9431
5.9173
5.6804
5.6921
5.6983
5.6959
5.7815
5.7322
5.7937
5.6774
5.6809
5.7384
6.0987
5.8978
5.8828
5.6785
5.5572
5.7450
5.6516
5.7195
5.8293
5.6861
5.5484
5.6720
5.5687
5.4723
5.5988
5.6616
5.4969
5.4916
5.6145
5.7074
5.5723
5.5335
5.6793
5.5996
5.6358
5.4899
5.5607
5.6927
5.8183
5.7183
5.9507
5.7500
5.8179
5.7427
5.7097
5.5115
5.7067
5.8516
5.8196
5.8553
5.9393
5.8255
5.6582
5.7231
5.7693
5.7882
5.7209
5.6948
5.7729
5.6547
5.7349
5.9262
5.7498
5.9223
5.7359
5.7682
5.7463
5.6736
5.7832
5.7903
5.7509
5.8764
5.8794
5.8911
5.7264
5.9657
6.0083
5.9062
6.1444
6.1432
5.9277
5.7147
6.0656
5.8674
5.9008
6.0610
5.8423
6.1388
6.2964
6.1699
5.9862
5.8391
5.7683
5.9539
5.8192
5.7562
5.9214
5.8887
6.1721
6.2121
6.0814
6.0883
6.0371
6.0413
6.1938
6.4044
6.1489
6.2811
6.2989
6.2797
6.3294
6.2944
6.4696
6.1782
6.2749
6.2778
6.3419
6.3551
6.2859
6.2009
6.3418
6.2930
6.1799
6.1141
6.1297
6.1997
5.9266
6.0919
6.0263
5.9054
5.8436
6.0711
6.2263
6.5117
6.3624
6.4459
6.0492
6.2025
6.3274
6.3862
6.3990
6.5276
6.4160
6.3792
6.2427
6.1169
6.1891
6.3611
6.1847
6.3280
6.1928
6.1993
6.2596
6.3659
5.9984
5.9685
6.0872
6.1829
6.1673
6.1596
6.2594
6.2608
6.2760
6.3151
6.2484
6.3240
6.3023
6.2321
6.1853
5.8491
5.9112
5.9093
6.1024
6.1098
6.1826
5.8499
5.9791
5.9885
6.1988
6.3911
6.3821
6.2673
6.3379
6.2237
6.1235
6.2844
6.3930
6.2195
6.1576
6.1377
6.1289
6.2462
6.3968
6.1879
6.5671
6.5352
6.5006
6.3587
6.5586
6.4370
6.4496
6.2161
6.4141
6.5694
6.6922
7.1722
7.0750
6.8016
6.7633
6.8588
6.6046
6.4279
6.4876
6.5021
6.3093
6.3808
6.4359
6.5273
6.6130
6.7630
6.6122
6.5397
6.5549
6.4290
6.3922
6.0687
6.0780
5.7557
5.9543
6.3784
6.1131
6.2073
6.1704
6.2744
6.3174
6.4350
6.2415
6.8479
6.4235
6.3715
6.2467
6.3841
6.5210
6.6908
6.3804
6.1173
6.5601
6.4058
6.3980
6.5091
6.6277
6.4275
6.2252
6.3159
6.5661
6.5814
6.6182
6.0853
6.4118
6.5021
6.6888
6.3143
6.4212
6.3713
6.4489
6.5370
6.3779
6.5537
6.6401
6.6859
6.4704
6.5486
6.8470
6.8849
6.8897
6.8572
6.4683
6.5225
6.4135
6.6625
6.5404
6.5664
6.6822
6.4848
6.3689
6.4496
6.5205
6.5229
6.4914
6.5707
6.3018
6.2683
6.4344
6.2844
6.4543
6.6520
6.3428
6.1743
6.2643
6.3473
6.3773
6.2471
6.3256
6.4047
6.3198
6.0956
6.3141
6.4775
6.7441
6.4689
6.3220
6.6888
6.3047
6.3760
6.6129
6.8357
6.5354
6.5727
6.5163
6.4115
6.3913
6.6443
6.7186
6.4087
6.5614
6.7556
6.5156
6.5696
6.5918
6.2937
6.4862
6.3323
6.4748
6.3173
6.8555
6.3161
6.3903
6.5864
6.5658
6.6681
6.9981
6.6762
6.6393
6.6088
6.3820
6.3120
6.2821
6.6658
6.6416
6.3813
6.2434
6.3704
6.3203
6.2582
6.4648
6.4128
6.2141
6.1366
6.0027
5.9791
6.0267
6.0415
6.0273
6.1480
6.0105
6.2344
6.3120
6.1324
6.3868
6.4346
6.4917
6.4022
6.0566
6.2992
6.3770
6.4312
6.3624
6.2412
6.2739
6.1392
6.2377
6.0431
5.8698
6.1258
6.2942
6.3693
6.1595
6.2620
6.3511
6.3653
6.4556
6.5853
6.4183
6.5284
6.8323
6.5712
6.5510
6.8666
6.7470
6.8782
6.7574
6.7513
6.8083
6.6601
6.5682
6.6156
6.7213
6.4947
6.4053
6.2618
6.4019
6.4894
6.5766
6.5252
6.4120
6.5557
6.4797
6.3967
6.4539
6.4258
6.4496
6.4523
6.6445
6.3549
6.2530
6.1118
6.1654
6.3813
6.0934
6.2579
6.3197
6.3998
6.4763
6.7106
6.4285
6.4311
6.4980
6.5912
6.7157
6.4909
6.4212
6.4515
6.5258
6.4489
6.5584
6.7023
6.6581
6.5919
6.6228
6.6340
6.6605
6.5135
6.4970
6.5380
6.7260
6.7814
6.5008
6.5492
6.5150
6.4465
6.4969
6.5009
6.8240
6.7034
6.7293
6.8785
6.4856
6.5518
6.5993
6.4564
6.5300
6.6172
6.7793
6.7205
6.9075
6.6334
6.4637
6.5480
6.6777
6.6070
6.5006
6.6077
6.5132
6.4593
6.4405
6.6136
6.6648
6.3683
6.3581
6.3949
6.3550
6.4644
6.5349
6.6172
6.5404
6.4211
6.2467
6.3193
6.5797
6.6819
6.6274
6.5258
6.3784
6.4375
6.6414
6.6202
6.5976
6.6038
6.6533
6.7698
6.6117
6.3532
6.2293
6.3400
6.0750
6.2477
6.2300
6.3578
6.5495
6.5467
6.5150
6.5450
6.6484
6.4667
6.4011
6.3187
6.3625
6.1312
6.2932
6.3322
6.3152
6.4112
6.0892
6.1343
6.0221
6.3130
6.3189
6.2910
6.3405
6.3517
6.6019
6.6153
6.5344
6.5946
6.6922
6.5308
6.4890
6.4321
6.5104
6.2797
6.1576
6.2896
6.2946
6.3433
6.3220
6.1431
6.2216
6.0166
6.0969
5.9451
6.0380
6.3308
6.3068
6.2172
6.5561
6.8147
6.5545
6.3360
6.3798
6.1374
6.2734
6.3018
6.1159
6.2839
6.2717
6.4449
6.2841
6.1910
6.2590
6.3658
6.2845
6.4599
6.5793
6.7419
6.4687
6.4701
6.5349
6.4851
6.7981
6.5592
6.5588
6.5955
6.6785
6.8149
6.5138
6.4179
6.3670
6.3685
6.6998
6.6124
6.4114
6.6613
6.5483
6.8058
6.8817
6.5839
6.2205
6.4465
6.3364
6.3823
6.2625
6.4076
6.2700
6.2736
6.4318
6.4520
6.1939
6.2798
6.5069
6.6184
6.4813
6.3382
6.3087
6.3514
6.2229
6.1799
6.1638
5.9679
6.1270
6.2917
6.5496
6.6156
6.6730
6.1903
6.2580
6.4376
6.5510
6.4546
6.4800
6.3282
6.2083
6.3894
6.4714
6.4446
6.5669
6.5886
6.6455
6.4851
6.5669
6.3557
6.1890
6.0731
6.1999
5.9840
6.1248
6.2582
6.3743
6.1225
6.2566
6.2979
6.1209
6.1471
6.0944
5.8813
5.9937
6.2198
6.0994
6.3412
6.3164
6.1251
6.0059
6.2592
6.1950
6.2218
6.0834
6.3528
6.2004
6.0862
6.1342
6.1639
6.1811
6.4393
6.2717
6.2385
6.1650
6.3788
6.4707
6.3316
6.4188
6.5413
6.3898
6.5568
6.6137
6.5769
6.6389
6.5461
6.7520
6.8064
6.6262
6.3765
6.3839
6.7612
6.7480
6.5769
6.5032
6.7490
6.5127
6.1953
6.4442
6.5079
6.3165
6.3062
6.4501
6.4449
6.2331
6.1818
6.1803
6.1383
6.0997
5.9316
6.3089
6.4079
6.2470
6.5776
6.5503
6.2385
6.6072
6.6421
6.5680
6.4951
6.4521
6.4045
6.8091
6.7674
6.3891
6.5456
6.6174
6.5727
6.2111
6.1902
6.4133
6.2846
6.4566
6.4213
6.4472
6.6070
6.7361
6.2268
6.3916
6.4750
6.0691
6.2796
6.1482
6.4497
6.5753
6.5256
6.5880
6.4515
6.3291
6.5018
6.6469
6.4903
6.6349
6.5485
6.5553
6.4876
6.6929
6.7528
6.8682
6.4897
6.5798
6.5087
6.5086
6.4082
6.5218
6.4765
6.2712
6.3334
6.3570
6.5462
6.3962
6.3970
6.4678
6.5016
6.4076
6.1705
6.3124
6.3268
6.3297
6.1643
6.1672
6.1325
6.2101
5.9276
6.3096
6.3439
6.3433
6.5162
6.2926
6.2605
6.0392
6.0937
6.3967
6.4164
6.4898
6.3465
6.5851
6.8091
6.7085
6.7812
6.6756
6.7076
6.5347
6.5713
6.5436
6.8392
6.7069
6.7242
6.6034
6.3501
6.4205
6.6070
6.6341
6.3896
6.3836
6.4210
6.3937
6.4313
6.6299
6.4927
6.4768
6.8217
6.6749
6.8196
6.4096
6.2789
6.3063
6.3907
6.5712
6.3716
6.5856
6.5211
6.2553
6.3241
6.6683
6.6176
6.2516
6.3655
6.2014
6.3553
6.3050
6.3629
6.4805
6.1943
6.0681
6.2213
6.2051
6.0953
6.1536
6.5444
6.4919
6.5404
6.4338
6.1027
6.4170
6.3143
6.4169
6.3200
6.2176
6.5393
6.2901
6.3718
5.9646
6.0409
6.1552
6.0203
6.0303
6.2215
5.9702
6.1846
6.0392
6.0931
6.0417
6.1730
6.1556
6.1849
6.1959
6.2907
6.3184
6.4953
6.5739
6.2418
6.5173
6.6345
6.5569
6.5300
6.6515
6.7293
6.7770
6.5740
6.6602
6.6197
6.5180
6.7572
6.6683
6.6911
6.9340
7.0135
6.9383
6.9054
6.7125
6.8048
6.6013
6.5528
6.4535
6.4639
6.7254
6.7360
6.8548
6.8780
6.9378
6.6899
6.4835
6.4627
6.3980
6.4979
6.6385
6.6094
6.5500
6.4166
6.7425
6.5427
6.7201
6.4980
6.5739
6.5113
6.5004
6.7032
6.4318
6.4204
6.8878
6.7282
6.6722
6.4467
6.5043
6.5476
6.6063
6.5676
6.6437
6.5031
6.7787
6.8421
6.6661
6.7979
6.5923
6.6509
6.6236
6.5481
6.4438
6.5120
6.9468
6.8501
6.7215
6.7404
6.7510
6.4149
6.6753
6.6293
6.6671
6.7463
6.5547
6.4333
6.2457
6.4311
6.3678
6.2740
6.1671
6.1776
6.2984
6.0702
6.1747
6.1994
6.2174
5.9487
5.9748
6.4982
6.5245
6.2772
6.3681
6.0959
6.1385
6.1919
6.1856
6.1672
6.1567
6.1139
6.1431
6.2213
6.2122
6.1142
6.1020
5.9841
6.0862
6.0242
6.0391
5.8879
6.3014
5.7768
5.9294
5.9378
5.9508
6.0149
6.1339
5.8623
6.0038
6.1691
6.0848
6.0499
6.2688
6.2359
6.1500
6.0717
5.9739
5.9179
5.9824
5.9225
5.9144
5.9064
5.9387
5.8034
5.6155
5.7945
5.8203
5.8137
5.6298
5.7727
5.8251
6.0341
6.0703
6.0253
5.9757
5.8739
5.9356
6.0839
5.9777
6.0758
5.9217
5.9105
5.8512
5.9474
5.8010
6.1576
6.1315
5.9926
6.1014
6.1538
6.1125
6.3545
6.4098
6.4268
6.0808
6.1899
6.1741
5.9927
5.8650
6.0204
6.1253
5.8495
5.9342
6.0807
6.0974
5.9640
5.9594
5.8349
6.1489
6.3272
6.4912
6.3201
6.4553
6.1704
6.4623
6.4513
6.3334
5.9375
6.1305
6.2236
6.2227
6.2031
6.0865
6.2438
6.3173
6.1782
6.3088
6.3267
6.1457
6.3016
6.2336
6.3102
6.4891
6.0937
6.5389
6.4543
6.2073
6.4079
6.3259
6.4202
6.3296
6.1001
6.0018
5.9950
5.9741
6.0153
6.0256
5.9753
5.8337
5.9261
6.0149
6.3834
6.3608
6.2973
6.0944
5.9498
6.0179
5.9301
5.9520
6.0009
6.1953
6.3399
6.2714
6.2312
5.9320
5.8840
6.0100
5.9129
5.9995
5.7406
5.8546
5.9416
6.1754
6.0421
5.9221
5.9169
6.0080
6.0400
6.0731
6.2817
5.8773
6.0426
6.0035
6.2471
6.0114
6.1625
5.9425
6.1696
5.9494
5.8969
5.9836
5.8624
6.0495
6.1648
6.0612
5.9246
5.8858
5.9575
5.9928
6.2672
6.2210
5.9913
6.0018
6.0696
6.0308
5.9672
6.0158
5.7440
6.0072
6.0907
6.1569
5.9912
6.2125
6.0872
6.3891
6.3832
6.3443
6.3578
6.4425
6.5036
6.5463
6.2772
6.2470
6.2290
6.1533
6.2581
6.3957
6.2671
6.1846
6.4546
6.4485
6.4359
6.3509
6.3424
6.3686
6.5372
6.3113
6.2510
6.1470
6.4082
6.2226
6.1064
6.0277
5.9796
6.1533
5.9673
6.2010
6.2269
6.3066
6.3803
6.1547
6.1202
6.1514
6.0346
5.8371
5.9843
6.2085
6.1839
6.2397
6.2319
6.1299
6.3935
6.4100
6.3401
6.1611
5.9559
6.0984
5.9686
6.0777
5.8755
6.1405
6.2700
6.4480
6.0232
6.3120
6.3362
6.3741
6.2362
6.1786
6.2768
6.3528
6.4881
6.5654
6.4141
6.4313
6.5032
6.4027
6.4476
6.6726
6.4469
6.1700
6.3158
6.0245
6.0748
6.3693
6.0470
6.0290
6.1799
6.3366
6.2059
6.0083
6.2031
6.1854
6.3190
6.1675
6.0849
6.1615
6.1748
6.0168
6.1237
6.1349
6.3238
6.2207
6.4308
6.3574
6.3431
6.3649
6.5053
6.4664
6.2822
6.0212
6.0111
6.2030
6.4106
6.5096
6.4578
6.5495
6.4080
6.3537
6.3989
6.0792
6.2166
6.1246
6.4703
6.4143
6.2948
6.3714
6.2526
6.3977
6.3772
6.4011
6.4307
6.5639
6.3554
6.4372
6.3552
6.5230
6.2503
6.0696
6.2907
6.2528
6.2322
6.1322
6.4203
6.0468
6.3993
6.4798
6.4436
6.3154
6.4889
6.3673
6.2468
6.4359
6.5580
6.4508
6.5681
6.5450
6.3654
6.3876
6.1274
6.2206
6.3746
6.2409
6.2326
6.2975
6.2578
6.1873
6.4537
6.3230
6.5193
6.8002
6.7441
6.6187
6.3278
6.8441
6.8236
6.8073
6.8261
6.7365
6.8373
6.5921
6.7560
6.7136
6.4011
6.4683
6.4477
6.6238
6.4613
6.7094
6.6809
6.6958
6.7602
6.7408
6.7114
6.6955
6.7619
6.8603
6.8338
6.5513
6.6819
6.5775
6.5015
6.4865
6.6683
6.7136
6.8979
6.6593
6.8208
6.9693
6.8029
6.4838
6.5609
6.6052
6.5266
6.4832
6.5117
6.4265
6.3369
6.3832
6.5862
6.3765
6.5165
6.8503
6.5740
6.6038
6.7921
6.9352
7.0896
7.0144
6.9157
6.8501
6.9137
6.7592
6.8950
6.8284
6.7479
6.4172
6.7398
6.9266
7.1267
6.9995
7.0501
7.1342
6.7017
6.8762
6.8786
6.6747
6.8385
6.5730
6.6651
6.9696
6.6681
6.8822
6.7479
6.7332
6.5445
6.4612
6.5098
6.6216
6.6402
6.4742
6.3540
6.2613
6.3163
6.5389
6.3583
6.5752
6.5518
6.6038
6.6366
6.6264
6.5397
6.6169
6.3449
6.2842
6.5091
6.2560
6.2359
6.3743
6.3727
6.2873
6.3359
6.1693
6.4362
6.3634
6.4322
6.4174
6.4980
6.3139
6.4591
6.3819
6.3688
6.6266
6.5271
6.4489
6.4819
6.4949
6.5630
6.3756
6.1662
6.2901
6.3619
6.0537
6.1403
6.2574
6.2600
6.0066
6.1708
6.2091
6.1232
6.0436
5.9759
5.9868
6.2628
6.2794
6.1563
6.3668
6.3347
6.4227
6.2649
6.4111
6.3057
6.0167
6.1871
6.6222
6.7146
6.6204
6.5976
6.6438
6.4980
6.3117
6.1673
6.3097
6.3774
6.4374
6.2734
6.3449
6.3258
6.3657
6.4356
6.5807
6.4730
6.3973
6.4134
6.5941
6.4482
6.7031
6.7822
6.7989
6.8675
6.8562
6.5500
6.8132
6.6113
6.7506
6.6363
6.4864
6.6081
6.5207
6.4595
6.3890
6.5507
6.5933
6.3513
6.4845
6.2952
6.3913
6.4717
6.7007
6.2738
6.4588
6.4301
6.3172
6.0677
6.2744
6.3263
6.4142
6.3772
6.4891
6.3816
6.5436
6.5485
6.4278
6.4472
6.5057
6.5204
6.5118
6.5013
6.4479
6.3352
6.2875
6.4575
6.5210
6.2967
6.5098
6.4906
6.4201
6.2441
6.1795
6.2096
6.2320
6.2847
6.0861
6.1256
6.1478
6.2220
6.1631
6.1304
6.2860
6.3176
6.1224
6.4093
6.3179
6.2704
6.4277
6.4235
6.7043
6.4905
6.3675
6.5752
6.5609
6.5132
6.7448
6.5817
6.0596
6.3863
6.3853
6.3705
6.3758
6.3069
6.4215
6.5926
6.3593
6.4847
6.6297
6.4717
6.6862
6.7175
6.6404
6.6376
6.8834
6.5881
6.5215
6.4402
6.3733
6.3701
6.6351
6.2823
6.2460
6.3847
6.4823
6.5845
6.2760
6.3338
6.5422
6.4036
6.4572
6.5484
6.3315
6.4929
6.6822
6.8158
6.6948
6.7681
6.4440
6.5399
6.3623
6.9717
6.8214
6.7919
6.4100
6.5068
6.5116
6.4699
6.2126
6.3605
6.2579
6.1685
6.3469
6.4891
6.5239
6.5657
6.4134
6.4763
6.5682
6.7578
6.4838
6.4878
6.4689
6.4693
6.3652
6.0891
6.2492
6.4461
6.6301
6.6892
6.8038
6.3660
6.3883
6.5729
6.5433
6.7476
6.2831
6.1078
6.3550
6.2914
6.1551
6.3414
6.3725
6.2129
6.2357
6.5455
6.7716
6.4788
6.5707
6.3994
6.3623
6.1755
6.3651
6.3841
6.2724
6.1492
6.6058
6.4477
6.5852
6.2769
6.3192
6.5674
6.7964
6.5593
6.6431
6.8259
6.6266
6.6492
6.5652
6.8041
6.3900
6.4231
6.4041
6.6525
6.6044
6.5199
6.5407
6.5838
6.4097
6.3395
6.4173
6.2753
6.5189
6.6201
6.5670
6.4120
6.5331
6.6127
6.8549
6.6195
6.7833
6.7428
6.6619
6.7242
6.8474
6.6342
6.8701
7.0913
6.8679
6.9805
6.8912
6.7648
6.5302
6.4123
6.6070
6.9814
6.5231
6.8386
6.7565
6.8095
6.7809
6.7919
6.9235
6.7745
6.9766
6.7344
6.7114
6.8213
6.6560
6.8863
6.8264
6.6720
6.4694
6.5033
6.6835
6.5922
6.6589
6.7446
6.4477
6.6929
6.5407
6.5000
6.6321
6.4656
6.4204
6.4543
6.4210
6.2919
6.2417
6.3003
6.1196
6.4100
6.3004
6.5338
6.3921
6.6388
6.7684
6.3794
6.2693
6.3016
6.5882
6.8281
6.6400
6.6142
6.6372
6.7194
6.5556
6.7550
6.5870
6.5997
6.6191
6.7504
6.8087
6.9272
7.0023
7.1629
7.2716
6.8921
6.8293
6.8175
6.8292
6.9364
6.7597
6.7571
6.7508
6.7944
6.7156
6.8533
6.7314
7.0109
6.8674
6.8998
7.0246
6.7622
6.8271
6.5629
6.4534
6.8019
6.5436
6.6027
6.7653
6.5824
6.5959
6.5590
6.7226
6.4846
6.2854
6.8134
6.8847
6.8096
6.5366
6.4652
6.5432
6.7845
6.6239
6.5747
6.7071
6.4388
6.3328
6.4868
6.3560
6.5653
6.4469
6.3740
6.6481
6.3927
6.7061
6.7254
6.8650
6.5106
6.6050
6.5611
6.5037
6.2226
6.2107
6.4307
6.4236
6.2385
6.4100
6.2091
6.0928
5.8725
5.9450
6.3966
6.4284
6.3930
6.4524
6.5580
6.6749
6.5791
6.5930
6.4667
6.5577
6.2896
6.4242
6.3603
6.2704
6.3039
6.6887
6.5879
6.5028
6.4059
6.3360
6.2645
6.4331
6.4434
6.4822
6.3575
6.2157
6.3602
6.2739
6.4519
6.4225
6.4624
6.3844
6.3706
6.4540
6.5721
6.4387
6.6236
6.4170
6.1765
6.3155
6.1521
6.3318
6.2464
6.0588
6.0356
6.1571
6.1003
6.2976
6.5582
6.6030
6.4784
6.4767
6.5199
6.3606
6.4903
6.5948
6.5601
6.3176
6.1531
6.2518
6.6421
6.5294
6.4742
6.2441
6.5537
6.4412
6.4449
6.3732
6.4248
6.3481
6.3138
6.2763
6.4038
6.3467
6.0048
5.9440
6.0686
6.0478
6.0575
6.2196
6.1112
6.2796
6.0192
6.2821
6.1016
6.2072
5.9761
6.0775
5.9658
6.1092
6.0895
6.1468
6.2806
6.2245
6.2204
6.3046
6.4011
6.6096
6.1532
6.1749
6.2392
6.3214
6.3611
6.1763
6.2039
6.2086
6.2645
6.2587
6.1023
6.1476
5.9998
6.0993
6.4091
6.3547
6.2337
6.2370
6.1141
6.2420
6.4805
6.2419
6.1371
6.2453
6.3149
6.3427
6.3725
6.0813
6.2854
6.3610
6.1122
6.1117
6.3110
6.2485
6.1136
6.3377
6.3175
6.1684
6.3037
6.2031
6.1688
6.2550
6.2458
6.3927
6.3221
6.2865
6.3077
6.3212
6.3342
6.0481
6.1602
6.2367
6.1722
6.2689
6.1617
6.1686
6.2304
6.1218
6.2240
6.1069
6.2092
6.1960
6.0577
5.9577
5.9050
6.0219
6.3024
5.9902
6.0076
6.2883
6.3737
6.3971
6.3621
6.2675
6.3617
6.4616
6.2571
6.3676
6.3031
6.3877
6.4953
6.3579
6.6767
6.4616
6.4679
6.3068
6.4800
6.6820
6.5740
6.5783
6.6607
6.5164
6.6904
6.6259
6.7697
6.5628
6.6272
6.7650
6.5857
6.6172
6.5918
6.6445
6.3752
6.5403
6.4402
6.4695
6.1594
6.2867
6.3577
6.3360
6.2984
6.3319
6.4988
6.6607
6.5240
6.4426
6.6249
6.6967
6.9414
6.6943
6.9396
6.7101
6.7542
6.6035
6.6592
6.6638
6.6228
6.5950
6.4197
6.5708
6.4229
6.2648
6.5706
6.4746
6.5068
6.5988
6.6174
6.7407
6.6763
6.4716
6.3691
6.4736
6.3455
6.2143
6.2948
6.5296
6.3527
6.4481
6.3872
6.5253
6.5627
6.5268
6.5162
6.5737
6.5294
6.5429
6.5205
6.3112
6.4139
6.3807
6.4851
6.3637
6.1843
6.1439
6.2370
6.2630
6.5557
6.2580
6.4085
6.3226
6.2984
6.2609
6.3859
6.3632
6.3902
6.3971
6.4397
6.3862
6.4743
6.4711
6.4838
6.4266
6.5211
6.2491
6.2124
6.2634
6.0145
6.0224
5.9348
5.8474
5.9451
6.0246
6.2559
6.0999
6.3801
6.3575
6.6288
6.4304
6.3800
6.1941
6.2385
6.1274
6.3083
6.5653
6.4459
6.4347
6.5373
6.3172
6.2137
6.3365
6.0656
6.2650
6.1003
6.1609
6.0531
6.1077
6.0991
6.1214
5.8845
6.2488
6.2479
6.2907
6.2658
6.2772
6.0771
6.1345
5.9704
5.9489
6.1017
6.0558
6.1305
5.9785
6.1600
6.1629
6.3457
6.2459
6.0714
6.2047
6.1142
6.1380
6.1984
6.0925
6.1713
6.4738
6.5868
6.4320
6.1382
6.2207
6.3409
6.4973
6.5843
6.3384
6.4336
6.2050
6.2526
6.3844
6.3986
6.4975
6.3668
6.3476
6.2610
6.4261
6.4140
6.4784
6.3543
6.3601
6.3223
6.3756
6.2242
6.1935
6.0811
6.1706
6.1374
6.4467
6.2220
6.2484
6.3408
6.0629
6.0905
6.0102
6.1156
6.0074
6.0715
6.0866
6.0748
6.1699
6.0053
6.0171
5.9069
6.0413
6.0690
5.9556
6.0679
5.7383
5.9465
5.9422
5.9125
5.9180
5.8964
6.0013
5.9220
5.9159
5.8304
6.1095
5.9437
6.0121
6.0267
6.0585
6.2523
6.1502
6.2980
6.0784
6.2142
6.2324
6.3163
6.2866
6.1677
6.3045
6.3584
6.0521
6.0471
6.1116
6.2182
6.1306
6.3825
6.4481
6.3350
6.2399
6.1845
6.2499
6.3410
6.3334
6.3642
6.1925
6.1879
6.1660
6.0528
6.2726
6.2248
6.3786
6.3611
6.3340
6.2294
6.1975
6.2310
6.1538
6.3086
6.1043
6.3523
6.4424
6.2019
6.1352
6.2731
6.4143
6.3209
6.2942
6.3629
6.3571
6.3456
6.1212
6.2284
6.2523
6.1272
6.2774
6.2278
6.2941
6.1892
6.3307
6.1682
6.2283
6.1130
6.1038
6.0142
6.2156
6.1821
6.2117
6.2742
6.1888
6.2276
6.2211
6.4389
6.3797
6.1309
6.5685
6.2601
6.3334
6.3686
6.2246
6.3138
6.4936
6.2445
6.2433
6.2024
6.4314
6.2515
6.2978
6.3563
6.3746
6.2398
6.2937
6.1351
6.1303
6.0703
6.1122
6.2585
6.2015
5.8466
5.8696
5.9445
5.8244
6.1039
6.2491
6.3337
6.5452
6.1972
6.3171
6.1055
6.0302
6.3028
6.2446
6.0136
6.2054
6.2703
6.0578
6.3327
6.4104
6.3613
6.0961
6.4503
6.1747
6.4535
6.3188
6.7021
6.1436
6.2519
6.3616
6.4235
6.2364
6.3294
6.1746
6.1879
6.0846
6.1030
6.0241
6.1882
6.3189
6.3696
6.4981
6.4721
6.4150
6.3136
6.2178
6.4250
6.4563
6.3236
6.2383
6.3398
6.3629
6.5795
6.4238
6.2906
6.4154
6.4339
6.5702
6.5619
6.4363
6.3318
6.1041
6.0389
6.2117
6.2972
6.4231
6.4264
6.1610
6.4427
6.2517
6.5311
6.5106
6.9320
6.9199
6.7329
6.5240
6.7641
6.5634
6.6443
6.3351
6.4089
6.5708
6.7481
6.4722
6.4398
6.4613
6.5926
6.4317
6.5167
6.3306
6.2363
6.0379
6.1651
6.0294
6.0262
6.0572
6.4748
6.1690
6.4350
6.4135
6.3762
6.4324
6.2933
6.2700
5.9699
6.2159
6.1482
6.1273
6.1456
6.0825
6.0584
6.1492
6.3465
6.0536
6.2070
5.8922
6.1487
6.1820
5.8735
5.8545
5.8700
5.7732
5.9758
6.0680
6.0228
5.9525
6.0328
6.2507
6.2058
6.1462
6.0936
6.0122
6.0127
5.9810
5.8669
6.0271
5.9397
6.2783
6.4172
6.4355
6.2906
6.2413
6.4218
6.0497
6.0811
6.1540
6.3428
6.3014
6.2197
6.3007
6.0674
5.8459
5.9432
5.8559
5.8398
5.9580
6.0548
6.0643
6.1991
6.0598
5.9978
6.0049
6.1053
5.9234
5.9542
5.9237
5.8302
5.8240
5.9917
6.1114
5.9631
6.0003
6.0250
6.0651
6.1226
6.3551
6.3245
6.0036
6.1779
6.1478
6.1778
6.1708
6.0939
6.0170
6.1842
6.1820
5.8608
6.0136
5.9604
5.8772
6.1084
5.9855
6.2340
6.2380
5.9200
6.0883
5.8864
5.9932
5.9652
5.7707
5.8196
5.9571
5.5472
5.6358
5.8457
5.8716
5.8235
5.6096
5.9578
5.7586
5.7228
5.6890
5.7800
5.7419
5.6883
5.6786
5.9000
6.1133
6.0289
6.3249
6.1976
6.4161
6.1840
6.0043
6.1376
6.1663
6.2156
6.5657
6.3629
6.4810
6.1904
6.1380
5.9391
6.1630
6.0537
6.0475
6.1875
6.3017
6.1193
5.9279
5.9248
6.1256
6.3659
6.1359
5.8657
6.2315
5.9618
6.1375
5.9073
6.1855
6.0419
6.0186
6.0528
6.0054
5.9074
5.9891
6.1300
5.9901
6.3682
6.0868
6.3650
6.0806
6.2828
6.2673
6.2103
6.2937
6.1878
6.2187
6.2676
5.9270
6.0840
5.9141
5.8855
6.0235
6.0046
6.0276
6.3679
6.1694
6.0699
6.1249
5.9632
5.9396
6.1472
6.3575
6.1870
6.1537
6.2706
6.0252
5.8688
6.0530
6.2757
5.9706
6.0041
6.0838
6.0004
5.8428
5.9479
6.1485
5.7928
5.7767
5.9215
6.1327
5.8455
5.8099
5.8434
5.8411
5.9321
6.0529
6.1072
6.1530
5.7414
5.7833
6.0103
5.7016
5.6466
5.5285
5.7158
5.9630
5.7359
6.1142
6.2728
6.0466
6.1485
6.2988
6.3482
6.5969
6.3344
6.1643
6.1731
6.1912
6.0903
6.5533
6.4027
6.3667
6.4399
6.5057
6.4043
6.3550
6.0547
5.8669
5.9196
5.8244
6.0302
6.0265
6.2430
6.3934
6.4170
6.1480
6.2731
6.1864
6.1123
6.0653
6.3042
6.1170
6.3791
6.3665
6.3073
6.5715
6.4748
6.2919
6.1769
6.5194
6.4130
6.2207
6.5531
6.5821
6.6036
6.6178
6.3813
6.3303
6.5241
6.3320
6.1822
6.1244
6.4726
6.2350
6.2798
6.3662
6.2125
6.0150
6.0475
6.3569
6.1035
6.3268
6.2925
6.1144
5.8165
5.9934
5.8097
5.7675
5.9131
6.0188
5.9940
6.0060
5.7008
5.7990
5.8465
6.0852
5.9121
6.0444
6.1848
6.0326
6.0753
6.2463
5.9280
5.9836
6.0045
5.9363
5.8289
5.9651
5.8838
5.9968
6.1504
6.1377
6.1372
6.1551
6.0346
6.1205
6.2562
5.8832
6.0106
6.1614
6.1645
6.5419
6.5538
6.1947
6.0337
6.0976
6.0913
6.2840
6.2726
6.0973
6.2714
6.0464
5.7927
5.6320
5.8268
5.6689
5.8295
5.8031
5.7987
5.7786
5.7875
5.8407
5.8857
5.8522
5.8055
5.9184
5.9920
6.0830
5.7716
6.0018
5.9693
5.9609
5.9126
5.8197
6.0146
6.1621
6.1029
5.9097
6.0620
5.9758
5.9851
5.7956
6.1790
6.3551
6.2078
6.4552
6.0539
6.1998
6.4635
6.1975
6.2556
5.9941
5.9512
6.1224
5.9982
6.0496
5.8296
5.9997
6.0971
6.2610
6.3310
6.4067
6.4770
6.2054
6.4068
6.1360
6.1501
6.2084
5.9894
5.8493
5.9670
5.7493
6.0144
5.9287
5.9836
6.2473
6.3406
6.0216
6.2293
6.2224
6.4709
6.3378
6.1349
6.0818
5.8214
5.8812
5.8341
6.0640
5.9171
5.9432
6.0474
6.2277
6.3050
6.0686
6.2462
6.3087
6.4010
6.1733
6.2897
6.3810
6.4299
6.6634
6.6608
6.7826
6.6866
6.4324
6.2667
6.2773
6.2883
6.1000
6.0967
6.3244
6.3309
6.2833
6.5292
6.2646
6.0633
6.0873
6.1225
6.4049
6.3188
6.4808
6.6575
6.4515
6.2791
6.4515
6.5313
6.7559
6.6161
6.5356
6.4759
6.1354
6.1309
6.4032
6.3829
6.3950
6.2394
6.2097
6.1172
6.2708
6.2122
6.0997
6.1379
6.3414
6.5474
6.3755
6.4113
6.1309
6.1861
6.2747
6.3147
6.2613
6.1971
6.4291
6.3485
6.4885
6.2862
6.4777
6.2829
6.3756
6.3315
6.1770
6.2967
6.2784
6.2214
6.2620
6.3464
6.2111
6.2284
6.2832
6.4654
6.3826
6.2818
6.5581
6.1512
6.1915
6.0541
6.1733
6.0416
5.8843
5.9796
6.1276
6.4403
6.1780
6.4031
6.2655
6.0836
6.0823
6.2756
6.0843
5.9507
6.0820
6.1595
6.2978
6.3134
6.2517
6.1734
6.2925
6.2296
6.1003
6.0449
6.1261
5.9762
6.0003
5.9376
5.9621
6.2505
6.3846
6.1968
6.5151
6.6171
6.3328
6.3460
6.3928
6.4169
6.4418
6.3767
6.2364
6.0891
6.0177
6.0367
6.2022
6.2040
6.3128
6.1964
6.4087
6.2330
6.1254
6.1631
6.2231
6.1361
6.2238
6.0667
6.1300
6.2966
6.3462
6.2705
6.0585
6.2836
6.2025
6.3271
5.9730
5.9960
5.9442
6.3152
6.3900
6.3095
6.0612
6.0254
6.0284
6.2249
6.4070
6.5467
6.4434
6.2843
6.1381
6.1536
6.2935
6.2951
6.1317
6.2988
6.3342
6.3158
6.2379
6.1022
6.0269
6.1271
6.0608
6.2855
6.0759
6.1905
6.1752
5.8876
6.1013
6.1857
6.1262
6.2681
6.3967
6.2718
6.4836
6.2473
6.4366
6.4010
6.2094
6.2363
6.2947
6.4575
6.3043
6.3887
6.1691
6.4148
6.1322
6.1757
6.4677
6.2896
6.2338
6.1363
6.1836
6.2340
6.3498
6.3435
6.2888
5.8719
5.8431
6.0547
5.9360
5.8547
5.7926
5.8516
5.6271
6.0361
5.9850
5.8948
5.9690
5.9598
5.9646
6.1016
5.8362
6.1024
5.9616
5.9878
6.2335
6.2023
6.0435
6.1203
6.2464
6.3342
6.3647
6.2737
6.1635
5.9682
6.0690
6.0471
5.8454
6.0003
6.0915
5.8991
6.0319
6.1296
6.1926
6.0284
5.9963
6.2223
6.2231
6.1434
6.0317
6.1252
6.0833
6.0986
6.1383
6.1697
6.1939
6.0966
6.0935
6.1095
5.9512
6.0133
5.9833
5.9030
6.1330
5.8952
6.0977
5.6805
5.9291
5.9012
5.7335
5.8914
5.7269
5.7737
5.8240
5.7445
5.6890
5.4281
5.6392
5.8221
5.6464
5.6715
5.7616
5.6460
5.7320
5.5650
5.5059
5.4605
5.5302
5.5474
5.6536
5.7535
5.8696
5.9634
5.7983
5.7156
5.8423
5.8597
5.9827
5.9130
6.0201
6.0024
5.8092
5.8801
6.0508
5.9914
6.1250
5.6324
5.7500
6.0218
6.2559
5.8932
5.8718
5.9003
5.8899
6.0563
5.8136
6.0069
5.9772
6.0473
5.9373
6.1900
5.8760
5.8858
5.9034
5.8991
5.8133
5.7880
5.7371
5.9175
5.7709
5.5910
5.6414
5.4938
5.5341
5.5905
5.4818
5.5181
5.5748
5.6219
5.5442
5.5649
5.4911
5.5823
5.4961
5.7814
5.6878
5.6869
5.5824
5.5751
5.6458
5.5038
5.6546
5.5560
5.5484
5.6588
5.5852
5.6993
5.8154
5.9058
5.9672
5.9908
6.0479
5.9095
5.8702
6.0482
5.8803
5.9335
5.9261
5.7871
5.8830
5.6790
5.8770
5.7178
6.0104
5.9884
5.8289
6.0462
5.9103
5.8244
6.0126
6.0608
5.9819
5.8757
5.9118
6.0919
6.0252
6.3195
6.2186
6.1617
6.1695
6.0989
5.7958
5.9214
6.1158
6.0159
6.1197
6.4023
6.1742
6.1571
6.0767
6.0773
6.1024
6.1435
6.0327
6.0719
6.0627
6.1517
6.1138
5.8478
6.0257
5.8750
5.9377
6.1226
5.9568
6.1780
6.3560
6.2736
6.3395
6.0690
6.0972
6.0844
6.0962
6.2055
6.2809
6.1959
6.1828
6.0251
6.3461
6.0836
6.0942
6.0968
6.0466
6.2056
6.3100
5.9056
6.1196
5.8851
6.0219
6.0251
6.1448
6.1185
6.0529
6.2189
6.1916
6.0681
5.9303
5.9995
5.9383
5.9199
5.8936
5.7904
5.7084
5.8039
5.8541
5.6559
5.7232
5.7575
5.9550
5.9954
6.0758
5.9859
6.0041
6.0397
5.9267
5.8532
6.0493
6.0517
6.0346
5.9097
6.0541
5.8692
6.0222
6.0258
6.0010
6.1189
6.0942
6.1717
6.2979
6.2743
6.4721
6.2873
6.3571
6.0293
6.3131
6.3661
6.0617
6.0579
6.1792
6.0979
6.2029
6.0609
6.0297
6.1412
6.0917
5.7383
6.2625
6.3531
6.5255
6.4916
6.3441
6.1615
6.2433
6.1621
5.9102
5.9532
6.0367
5.8559
5.9055
6.0959
6.2336
6.3318
6.3723
6.2744
6.2987
6.3501
6.1609
6.3518
6.2382
6.3582
6.4494
6.5049
6.5601
6.3810
6.3542
6.4972
6.5886
6.6348
6.4533
6.3253
6.1769
6.2939
6.2999
6.3419
6.3625
6.2946
6.2451
6.5143
6.3865
6.3149
6.0660
6.4311
6.3371
6.3555
6.5461
6.5237
6.4389
6.4281
6.5492
6.5068
6.2899
6.5324
6.4256
6.3485
6.5037
6.4177
6.5557
6.2748
6.4362
6.8936
6.6863
6.5069
6.7946
6.3902
6.5061
6.4252
6.3487
6.1255
6.3484
6.2936
6.3612
6.4100
6.2049
6.3463
6.3876
6.1620
6.1389
6.2467
6.0693
6.1287
6.3873
6.2475
6.2272
6.2312
6.3424
6.0195
6.0794
6.1808
6.1457
6.2481
6.1824
6.3647
6.1712
6.1966
6.1308
6.0830
6.0922
6.1627
6.0887
6.1707
6.0119
5.8715
5.8791
6.0573
5.7105
6.1157
5.8034
6.0283
5.9722
6.2077
6.2076
5.9897
5.9121
6.1508
6.1795
6.1412
5.9365
5.9080
6.0726
6.1372
5.9909
5.9988
6.0850
6.0865
5.8961
5.9365
5.9507
5.7399
5.8455
6.0055
6.0878
6.0352
5.9859
5.9365
6.0529
6.2579
6.2393
6.2159
6.2899
6.1832
6.2790
6.0966
5.9700
6.2396
6.0863
6.1039
6.0917
6.1027
6.0541
5.8526
6.0546
6.1381
5.9424
5.9875
6.0059
5.8931
6.0118
5.8441
6.1184
6.2146
6.1984
6.3511
6.3165
6.2642
6.1045
6.1341
6.5247
6.2324
6.2924
6.1354
6.0296
5.9742
6.0025
6.1580
6.2866
6.3239
6.3594
6.3234
6.4125
6.2870
6.3494
6.2672
6.4300
6.0552
6.1777
6.2036
6.3460
6.5222
6.7591
6.4282
6.2137
6.3198
6.4900
6.4324
6.5446
6.3771
6.4690
6.6542
6.3651
6.4619
6.5627
6.3676
6.4596
6.3108
6.1786
6.1923
6.2843
6.3283
6.1080
6.0309
6.4333
6.2751
6.4453
6.2558
6.5349
6.2981
6.3253
6.4094
6.3532
6.3211
6.2702
6.3276
6.3781
6.2868
6.3533
5.9968
6.1322
6.1649
6.1735
6.2529
6.2491
6.2755
6.2296
6.1925
6.1572
6.3216
6.3668
6.2348
6.2696
6.5048
6.4451
6.2929
6.3002
6.7497
6.1838
6.0663
6.3022
6.3459
6.4435
6.3654
6.3071
6.1794
6.4908
6.4848
6.3461
6.5097
6.3004
6.5562
6.5034
6.5261
6.8241
6.5117
6.3278
6.5240
6.5705
6.6258
6.5218
6.7166
6.5562
6.6393
6.2616
6.3180
6.6986
6.4898
6.6411
6.5525
6.4660
6.4307
6.3381
6.3562
6.3678
6.5331
6.4536
6.4160
6.1636
6.4196
6.3140
6.3284
6.6568
6.9608
6.7283
6.2976
6.5900
6.4275
6.3508
6.5350
6.7018
6.5005
6.4469
6.7517
6.6288
6.8002
6.4187
6.4605
6.4242
6.3483
6.2426
6.3491
6.6578
6.5584
6.2234
6.3228
6.1649
6.2016
6.3684
6.4859
6.4038
6.4845
6.3532
6.3880
6.5092
6.3812
6.3221
6.4253
6.3684
6.4625
6.3608
6.4408
6.4497
6.3898
6.5418
6.7430
6.4872
6.5270
6.4868
6.6886
6.4026
6.3178
6.3831
6.2787
6.4921
6.6894
6.4327
6.6889
6.8270
6.5995
6.5580
6.4913
6.6162
6.5396
6.4532
6.2798
6.4175
6.4824
6.4560
6.5065
6.4931
6.4214
6.3851
6.3891
6.5174
6.2273
6.5308
6.5780
6.6187
6.5874
6.5660
6.4423
6.4617
6.4698
6.5142
6.5663
6.4190
6.4814
6.4999
6.6069
6.7448
6.5304
6.5802
6.7462
6.6024
6.4786
6.5370
6.7763
6.3819
6.1938
6.3717
6.5503
6.4494
6.7942
6.7629
6.9859
6.9311
6.8371
6.6298
6.2787
6.3866
6.1014
5.9413
6.0559
5.8714
5.9767
6.0313
6.0791
6.2065
6.0905
6.2132
6.1002
6.3877
6.6024
6.3431
6.5402
6.7574
6.3935
6.5589
6.6139
6.3738
6.7142
6.2834
6.4361
6.2896
6.3265
6.3775
6.5011
6.5010
6.2774
6.2183
6.2209
6.1169
6.3599
6.3946
6.1606
6.4524
6.5418
6.4671
6.4559
6.3304
6.5785
6.4648
6.3648
6.5557
6.3549
6.3750
6.2667
6.1706
6.0381
5.9921
6.0451
6.0091
6.1241
6.0597
6.0388
6.0975
6.1443
6.0680
6.0370
5.9475
6.0084
6.0895
6.2194
6.0554
6.1104
6.2799
6.3907
6.3982
6.3433
6.3829
6.2996
6.3431
6.2121
6.2012
6.3539
6.3733
6.4822
6.5390
6.4219
6.4571
6.3266
6.3931
6.3681
6.3344
6.1759
6.0947
6.2351
6.3002
6.1465
6.3628
6.5171
6.3508
6.6361
6.4771
6.5144
6.6131
6.8069
6.5060
6.6089
6.4098
6.3638
6.4833
6.4422
6.6134
6.6515
6.3491
6.5209
6.2445
6.2742
6.2535
6.3285
6.2469
6.1849
6.1855
6.1133
6.3729
6.3036
6.2961
6.2615
6.2949
6.1682
6.2198
6.2151
6.1773
6.2050
6.3344
6.5578
6.0210
6.1680
6.3030
6.1894
6.2296
6.2245
6.1931
6.1018
6.1076
6.0293
6.1841
5.9366
5.8379
5.7622
5.8081
5.8619
5.6903
5.8153
5.9118
5.9436
6.1170
6.1563
5.9955
5.8365
5.9903
6.0867
6.1270
6.1206
6.0528
6.1860
6.3128
6.3815
6.3551
6.4197
6.3650
6.2577
6.1983
6.3184
6.1459
6.2573
6.0339
6.2883
6.4130
6.1673
6.2494
6.4509
6.2882
6.5954
6.5526
6.6284
6.5352
6.2767
6.3296
6.3033
6.0932
6.1962
6.4739
6.2726
6.7091
6.4521
6.7909
6.6155
6.3419
6.5999
6.3456
6.4695
6.4552
6.5458
6.5444
6.3975
6.3467
6.4509
6.2833
6.2506
6.3082
6.2890
6.3359
6.1758
6.0861
6.0219
6.0823
6.2115
6.1521
6.0317
6.1040
6.0763
5.8940
5.8924
6.0049
6.0526
6.2077
6.0970
6.1607
6.2439
6.3843
6.3634
6.3016
6.5630
6.1254
5.9503
6.1446
6.0634
6.2697
6.0862
6.1061
6.2886
6.0744
6.1049
6.3655
6.3718
6.5168
6.4509
6.2773
6.2730
6.3487
6.0223
5.9692
6.0046
6.2865
6.1434
6.1203
5.9604
6.2055
5.9697
5.8764
5.7985
5.9599
6.0234
6.0712
5.9470
5.8715
5.8332
5.9024
5.8321
5.9419
5.8820
6.0097
5.9387
6.0956
6.0320
5.8554
5.7533
6.0499
6.2903
6.1054
6.1858
5.8855
5.7323
6.0166
6.0038
5.9734
5.9916
5.7679
5.9886
5.7976
6.2519
5.9380
5.7329
5.8623
6.0002
6.0775
6.0860
5.6928
5.8642
5.7528
5.8337
6.0532
5.8311
5.9093
6.1725
6.1464
5.9417
6.0175
5.9015
6.1544
6.0562
6.1728
6.1278
6.3301
6.1210
6.5890
6.2474
6.2928
6.4989
6.2385
6.2227
6.1374
5.8515
6.0383
5.9741
5.7975
5.7530
6.0656
6.1376
6.3059
6.0529
5.9773
5.9185
5.7963
6.2210
6.3695
6.1669
6.3706
6.1023
6.2683
6.1080
6.1520
6.3452
6.2558
6.1625
5.9807
5.9880
5.9591
6.1705
6.2126
6.1057
6.1949
6.1801
6.0501
6.1958
6.2616
6.4765
6.2703
6.1640
6.3358
6.2102
6.2981
6.3979
6.1747
6.1299
6.0659
6.0405
6.3331
6.3374
6.2978
6.2165
6.1372
6.3500
6.2226
6.2922
6.3385
6.5589
6.2952
6.3725
6.3018
6.2094
6.2190
6.3260
6.4541
6.1317
6.2639
5.9660
5.9043
5.8816
5.9630
5.9412
5.9899
5.9401
6.0508
5.7882
5.6929
5.7052
5.7226
5.5964
5.6948
5.8372
5.6976
5.7812
5.7223
5.9464
5.8633
5.7176
5.6838
5.7927
5.8491
6.2063
5.8821
5.7739
6.0295
5.8355
5.7412
5.8664
5.9919
6.0133
6.4000
6.1889
6.1657
6.2356
5.9757
5.8553
5.9665
5.8543
6.0205
6.2093
5.8866
6.1934
5.8633
6.0924
6.1654
5.8684
5.9472
6.2447
6.2494
6.2627
6.1884
5.9303
5.8316
5.9366
5.9956
5.9465
5.9131
5.9599
5.9342
5.9209
6.0506
5.9935
6.0833
6.0569
6.1466
6.0723
6.0412
6.2828
6.2102
5.9843
6.2903
6.2860
6.2494
5.7933
5.8655
6.0527
6.0269
6.1808
5.9374
5.9245
5.8764
5.9187
5.9700
6.0383
6.2371
6.1045
6.1150
6.2380
6.0642
6.2095
6.3794
6.6793
6.1223
6.2983
6.1242
6.1422
5.9755
6.2437
6.2368
6.4707
6.1630
6.0722
6.3571
6.2334
6.3386
6.4276
6.4565
6.5007
6.1670
5.9128
6.1679
6.3620
6.2619
6.4681
6.5274
6.5380
6.4575
6.7331
6.6217
6.4967
6.2856
6.4742
6.4035
6.0816
5.8833
5.9387
5.7328
5.9024
5.8069
5.9538
6.0995
6.2954
6.2993
6.0077
6.2108
6.2380
5.9992
5.9914
5.8652
5.7771
6.0347
6.1107
6.0008
5.9908
6.2316
6.1545
6.3086
6.0243
6.1643
6.1314
6.1158
6.3706
6.4402
6.4349
6.4102
6.3571
6.5022
6.4341
6.4020
6.2475
6.2037
6.1084
5.9672
6.0993
6.4688
6.3215
6.1627
6.1019
6.3097
6.2901
6.4151
6.7942
6.5552
6.5364
6.4334
6.4254
6.3625
6.3434
6.3241
6.2777
6.0899
6.3014
6.3814
6.4274
6.3903
6.3020
6.1863
6.4281
6.5718
6.5732
6.4152
6.2644
6.1620
6.2450
6.1495
6.2402
6.1294
6.0016
6.1105
6.6700
6.2480
6.1928
6.0329
6.1444
5.8923
6.1593
6.1143
6.1280
6.2197
6.1052
5.8293
6.1831
6.1858
6.1210
6.1397
6.1845
6.2937
6.0273
5.9511
6.1982
6.0605
6.2351
5.9406
5.9506
5.8592
5.6649
5.7736
5.5268
6.0478
5.8110
5.8843
6.1224
6.0077
6.0035
6.0298
6.0299
5.8437
5.6636
5.6264
5.8585
5.8752
5.7087
5.6754
5.8038
5.8953
5.8628
6.1336
5.9890
6.1932
6.2314
6.2139
6.1566
6.6867
6.3329
6.4859
6.4161
6.2200
6.2066
6.0655
6.0505
6.1470
5.9742
6.1930
6.1306
6.3346
6.3222
6.3986
6.4362
6.1386
6.2243
6.2091
6.1827
5.8510
6.2637
5.9619
6.0152
6.2247
5.9660
5.9641
6.1239
5.9323
5.8956
5.9599
5.9185
6.1402
5.8348
5.9858
6.0334
5.9770
5.8620
5.6747
5.7511
5.7286
5.8809
5.7169
5.7234
5.8250
5.8370
5.8508
5.9357
5.7795
5.8594
6.1181
6.1384
6.0534
6.2132
6.2946
6.3386
6.4582
6.4363
6.4173
6.1439
6.2579
6.0674
6.1455
5.7383
6.0245
6.0353
5.8820
5.7291
5.7887
5.6893
5.7191
5.7936
5.8567
5.9720
6.2700
6.2109
6.2017
6.0365
6.2039
6.2935
5.9752
6.3401
6.2615
6.4584
6.0896
6.1575
6.0981
6.0970
5.9135
6.2667
6.3482
6.3236
6.4875
6.4115
6.2480
6.0954
6.0302
6.3473
6.3230
6.3901
6.1321
6.1834
6.2853
6.1942
5.8536
5.9884
5.7896
5.6614
5.9186
5.7364
5.7681
5.6730
5.5984
5.7681
5.8298
5.8100
5.6561
5.8356
6.0727
5.8011
5.8269
5.9343
5.7037
5.7387
5.6958
5.6828
5.7522
5.8059
5.7354
5.6666
5.5596
5.7887
5.8024
5.7789
5.5929
5.8851
5.8382
5.6712
5.8304
5.7034
5.6927
5.6577
5.9553
5.7755
5.7950
5.9196
5.9674
5.6338
5.9090
5.5790
5.6406
5.7188
5.6327
5.7844
5.8912
5.9170
6.0435
5.9907
6.1903
5.8139
6.1248
5.8586
5.9006
5.7742
5.6185
5.7186
5.7536
5.6067
5.6969
5.6266
5.9490
5.7400
5.8952
5.7000
5.7803
5.7403
5.6006
5.7482
5.7410
5.7090
5.6590
5.7795
5.7170
5.6983
5.8483
5.8774
5.8894
5.8978
5.9661
6.1750
6.2219
6.1758
6.0588
5.8283
5.6677
5.8540
6.0729
5.6408
5.7069
5.7573
5.5022
6.0298
5.8048
6.0188
6.0815
6.0718
5.9277
5.8952
5.8022
5.7610
6.2070
6.1700
6.1182
6.1004
6.1832
6.3804
6.3866
6.1746
5.9449
5.7892
5.7288
5.8753
5.5436
5.7535
5.5312
5.6462
5.7310
5.7559
5.6657
5.4566
5.7004
5.5662
5.5485
5.7210
5.5501
5.6052
5.5451
5.5891
5.8400
5.6672
5.5890
5.6215
6.0109
5.6054
5.7530
5.5929
5.9033
5.9106
5.9097
6.1624
6.0708
5.7260
5.8628
5.9622
5.9018
6.0038
6.0557
6.1041
6.0861
5.8871
5.9354
6.1766
6.3289
6.2974
6.1576
6.1382
6.1315
6.2845
6.3329
6.1997
5.9562
5.9481
6.2479
6.1356
6.0646
5.8974
5.8833
5.8760
5.7310
5.8961
5.7506
6.0196
5.9375
5.9243
5.9832
5.7081
5.8406
5.8655
6.1227
5.8570
5.8841
5.7490
5.8266
6.0003
5.8399
5.7742
5.7614
6.0207
5.7184
5.6586
5.6805
5.5604
5.6236
5.5948
5.4937
5.6913
5.5895
5.5351
5.7182
5.6525
5.7589
5.6973
5.7794
5.6200
5.6220
5.6559
5.6772
5.8842
5.7248
5.3773
5.6414
5.4132
5.6149
5.5908
5.8087
5.6170
5.5759
5.4416
5.3416
5.3000
5.3145
5.3414
5.3306
5.4240
5.6691
5.5173
5.7731
5.8719
5.9632
5.7483
5.7162
5.8864
6.0277
5.8558
5.7968
6.0151
5.9960
6.2127
6.1006
5.9751
5.9943
6.0668
6.1802
6.1242
6.2310
6.2414
6.1733
6.2277
5.8928
5.9031
6.0725
6.2957
5.9844
6.0580
5.7969
5.6034
5.7338
5.7192
5.8651
5.9301
5.9019
6.0428
6.1229
6.3515
6.3047
6.6577
6.5950
6.1414
6.3024
6.0548
6.3836
6.5209
6.6576
6.6122
6.3094
5.9423
6.1877
6.1933
6.3550
6.4033
6.3062
6.3298
6.4720
6.4029
6.1061
6.2257
6.2867
6.4780
6.2305
6.0785
6.1171
5.8733
5.9137
5.9434
6.1622
6.1957
6.3889
6.1997
6.2442
6.1244
6.2818
6.3559
6.2143
6.0044
6.1015
5.8364
5.9950
5.8134
5.7058
6.0695
5.9233
5.9999
5.8113
6.0904
6.0494
6.0083
5.9541
6.0207
6.0979
6.2006
6.0990
6.1236
5.9989
5.7355
5.9085
6.0173
5.8801
5.7844
5.9016
5.9148
5.9416
5.9922
5.9666
6.2388
6.1318
5.9193
5.9146
5.7724
5.8867
6.1818
5.8942
6.0125
5.7687
5.8003
6.0348
6.2790
6.4003
6.0424
5.9841
6.0032
5.9258
5.8321
5.9968
5.8349
5.9133
5.8794
6.0177
6.0590
6.2710
6.2205
5.9624
5.9457
5.8927
6.0297
5.8095
5.6344
5.8035
6.0635
6.1309
5.9473
6.1466
5.9071
6.0336
5.9390
6.0528
5.9622
5.9412
6.2701
6.3045
6.2756
6.3109
6.1948
5.9406
5.9661
6.0250
5.9851
5.9839
6.0334
6.1229
6.1935
6.1365
6.0997
5.9924
6.0192
6.2250
6.5022
6.5188
6.2337
6.0240
6.2042
6.1173
6.1646
6.0887
6.0020
6.0371
6.3110
6.0848
6.2960
6.1244
6.1277
6.1072
6.3651
6.3111
6.4495
6.2663
5.9555
6.1468
5.9736
6.1527
6.1158
6.2031
6.1975
6.1733
6.1726
6.1097
6.1187
6.2349
6.0505
6.1525
6.1381
5.9530
6.0646
6.0937
6.2788
6.1900
6.0201
5.9736
5.9897
6.0758
5.7883
5.8553
5.8854
5.7814
5.8110
5.5710
5.8831
5.8661
5.8784
6.0072
5.9297
6.0707
6.0436
5.8264
6.0190
6.1160
6.0141
6.0198
5.7912
6.0232
6.2659
6.1174
6.1327
5.9291
6.1106
6.1922
6.4051
6.1902
6.3417
6.3796
6.2007
6.6711
6.3336
6.5968
6.6207
6.2983
6.2831
5.9192
6.0081
6.1735
6.3848
6.0159
6.0481
6.1016
6.1106
6.1745
6.0890
5.9850
6.0027
6.0439
6.0540
5.9890
6.1151
5.8769
6.0249
5.9314
6.1217
6.1843
6.0459
6.1895
6.1473
6.2273
6.2011
6.0730
6.0712
6.1864
6.3166
6.3939
6.1860
6.1891
6.1650
6.1370
6.1025
6.1549
5.9437
6.1617
6.3059
6.2565
6.3880
6.5665
6.6056
6.5430
6.5456
6.4704
6.2829
6.4314
6.3293
6.5449
6.5511
6.2681
6.3319
6.4501
6.3804
6.2456
6.1719
6.4149
6.3487
6.2841
6.0310
6.2641
6.1069
6.3776
6.6562
6.3151
6.2916
6.2609
6.3374
6.3790
6.1878
6.2984
6.5090
6.4700
6.4034
6.3052
6.4907
6.3229
6.3728
6.0935
6.3195
6.2234
6.1271
6.0554
6.0243
6.0616
6.0401
5.9905
5.9603
6.0470
6.3206
6.3764
6.1454
6.2355
6.2646
5.9107
6.2497
6.2580
6.2417
6.2602
6.1241
6.2510
6.4307
6.2324
6.3693
6.3637
6.1707
6.2072
6.3484
6.1607
6.3200
6.2241
6.1570
6.4192
6.2396
6.3069
6.2977
6.4046
6.3509
6.5033
6.1953
6.3374
6.3581
6.5298
6.2465
6.4286
6.3081
6.6762
6.1979
6.0443
5.9965
6.0099
5.8047
6.0029
6.1688
5.9775
6.1591
6.1933
6.2320
6.2415
6.0825
6.0535
6.0770
6.1547
6.1512
6.1272
6.3225
6.1075
6.0597
5.9728
5.9594
6.1528
5.9028
5.9990
5.9186
6.1740
6.0917
6.1650
6.0434
6.2192
6.2748
6.0859
6.2376
6.1226
6.3014
6.1762
6.2455
6.1742
6.0815
6.2541
6.2736
6.3831
6.2355
6.2182
6.4293
6.2091
6.1954
6.2199
6.2001
6.4094
6.4073
6.1301
6.0222
6.0897
6.2587
6.0574
6.4571
6.4157
6.3732
6.4482
6.4309
6.6239
6.6182
6.4495
6.6047
6.6341
6.4822
6.5213
6.6677
6.3964
6.4151
6.4137
6.6132
6.4640
6.4251
6.4183
6.4942
6.3051
6.1122
6.2419
6.2162
6.1263
6.0890
6.3551
6.0682
5.9429
5.9409
5.8536
5.9276
6.0231
6.1192
6.0441
6.0949
6.0386
6.0876
6.1322
6.1419
6.3966
6.1520
5.9827
6.1571
6.0933
6.2634
6.2202
6.1157
6.0050
6.3756
6.0949
6.0807
6.1400
6.1806
6.2895
6.3741
6.3661
6.3030
6.4946
6.4076
6.6764
6.7638
6.5242
6.6663
6.5838
6.7671
6.7007
6.6582
6.7073
6.6129
6.8570
6.6521
6.6836
6.8346
6.7309
6.6521
6.9476
6.5808
6.6926
6.8447
6.3891
6.3503
6.2283
6.1129
6.1941
6.2789
5.9798
5.9560
6.2194
6.1714
6.1070
6.5429
6.2643
6.2237
6.2165
6.4521
6.3127
6.2439
6.5656
6.5658
6.4947
6.5481
6.5478
6.6055
6.5163
6.5977
6.4006
6.1815
6.3291
6.4322
6.5422
6.4277
6.1614
6.1344
6.4105
6.4302
6.2853
6.4173
6.4722
6.5624
6.4391
6.1209
6.2383
6.4273
6.3227
6.2403
6.4192
6.2499
6.3142
6.1964
6.2298
6.3395
6.0355
6.2733
6.3579
5.9581
6.0714
5.9403
6.0090
5.8974
6.0244
6.2704
6.1189
6.2670
6.2190
6.2686
6.1608
6.4090
6.3716
6.1055
6.0289
5.9472
6.2012
6.2865
6.3009
6.1110
6.0198
6.2220
6.4009
6.2437
6.1786
6.5084
6.2018
6.1714
6.3177
6.1258
6.1415
6.3138
6.2617
6.2457
6.4346
6.2900
6.3172
6.3269
6.2380
6.3528
6.2785
6.1546
6.3726
6.1422
6.1402
6.0523
6.2571
6.5472
6.3781
6.3045
6.2486
6.4354
6.2666
6.3829
6.2043
6.2387
6.2793
6.1458
6.0527
6.1955
6.3356
6.4333
6.6061
6.5839
6.6320
6.5294
6.5099
6.6168
6.6244
6.6918
6.3422
6.3659
6.5827
6.7189
6.6315
6.6334
6.5486
6.6161
6.6205
6.4436
6.4233
6.2341
6.2380
6.2927
6.3981
6.1003
6.2600
6.1989
6.2719
6.5050
6.5183
6.3834
6.2760
6.6298
6.6477
6.5590
6.7100
6.5714
6.5124
6.3803
6.4967
6.4668
6.7642
7.0080
6.7757
6.4458
6.4071
6.6616
6.5710
6.5100
6.2827
6.4367
6.6204
6.4696
6.3304
6.2479
6.1267
6.1969
6.3283
6.5073
6.4390
6.1730
6.3815
6.4891
6.5570
6.4068
6.4339
6.4785
6.7050
6.6626
6.7018
6.8540
6.7740
6.6413
6.7775
6.8175
6.5598
6.2056
6.3377
6.2828
6.2600
6.1849
6.3292
6.3746
6.2816
6.5523
6.7023
6.3857
6.4252
6.5303
6.2296
6.3504
6.2400
6.0242
6.1237
6.1274
6.0473
6.0029
6.3833
6.0237
6.0218
5.9714
6.1644
6.1420
5.9548
6.1139
6.1828
6.2747
6.3747
6.2724
6.2051
6.5329
6.3845
6.3229
6.3803
6.3959
6.3108
6.1437
6.0924
6.1463
6.2646
6.2528
6.0437
6.2007
6.1553
6.1482
6.0788
6.0791
6.1017
6.2305
6.2945
6.5487
6.3460
6.2717
6.2925
6.5093
6.6112
6.6248
6.7007
6.5546
6.5957
6.5604
6.5855
6.3803
6.5938
6.4518
6.5724
6.7021
6.4173
6.4127
6.4972
6.3824
6.2821
6.3575
6.1898
6.3138
6.3829
6.2812
6.4405
6.5716
6.2260
6.2317
6.3445
6.5904
6.3439
6.4677
6.6152
6.6338
6.4087
6.1556
6.4874
6.5458
6.4562
6.5951
6.4133
6.3162
6.3443
6.4159
6.2198
6.3619
6.3059
6.4225
6.1773
6.0435
6.1631
6.2984
6.0394
6.0736
6.1528
6.1944
6.0525
6.3002
6.3255
6.1926
6.3851
6.2485
6.2047
6.1306
6.2982
6.4623
6.4162
6.3628
6.5869
6.5499
6.3040
6.3960
6.4823
6.5371
6.3063
6.2638
6.2670
6.3102
6.0323
6.0221
6.0804
5.8851
5.9831
5.9668
5.8971
5.7239
6.0382
5.9965
6.0297
6.0636
6.2984
6.2796
6.0750
6.0470
6.1001
5.9319
6.0790
6.3887
6.3082
6.2384
6.1146
6.2209
6.1491
6.1616
6.0090
5.9485
5.9258
5.9045
5.7937
6.0104
6.0071
5.9238
5.9424
6.2173
6.3049
6.1265
6.5201
6.1789
6.0453
5.9849
6.1493
6.0661
6.2687
6.2197
6.0478
6.1300
6.5649
6.2984
6.3153
6.4003
6.5381
6.6565
6.3735
6.5281
6.6807
6.4684
6.5121
6.3677
6.3075
6.2539
6.2217
6.3544
6.4790
6.3828
6.2059
6.4968
6.7079
6.5017
6.3921
6.3574
6.4757
6.3960
6.1740
6.3358
6.5957
6.4972
6.5522
6.3649
6.6599
6.4909
6.5207
6.6160
6.5399
6.5928
6.5812
6.4087
6.4969
6.5453
6.4723
6.5420
6.4606
6.6297
6.5886
6.5426
6.4946
6.7900
6.3179
6.2723
6.3426
6.2248
6.2779
6.2697
6.2525
6.5653
6.2900
6.4353
6.3732
6.4197
6.3006
6.4554
6.4979
6.5805
6.4424
6.4607
6.4177
6.1840
6.4063
6.3877
6.2890
6.2693
6.1548
6.0423
6.2113
6.1351
6.0895
6.0874
6.4717
6.6109
6.4194
6.6272
6.3984
6.4940
6.4092
6.6043
6.7175
6.5350
6.3051
6.4944
6.5465
6.7985
6.6099
6.7235
6.9649
6.9314
7.1004
6.8840
6.6719
6.4900
6.3351
6.6834
6.5359
6.4456
6.5509
6.4253
6.2295
6.3294
6.4996
6.4355
6.3022
6.3553
6.2741
6.1713
6.2649
6.1612
6.4320
6.3372
6.1380
6.4459
6.3383
6.3229
6.2384
6.3793
6.4138
6.4148
6.4015
6.4819
6.6210
6.5523
6.4792
6.4810
6.5082
6.7037
6.7982
6.5946
6.6602
6.6773
6.4039
6.4556
6.3572
6.3598
6.3651
6.3358
6.6364
6.5549
6.4982
6.3313
6.4216
6.5093
6.5446
6.4277
6.4061
6.2919
6.4024
6.3397
6.3810
6.2089
6.2155
6.2665
5.9867
5.9377
5.9863
5.9277
6.2030
6.4295
6.2243
6.4281
6.5535
6.3570
6.3556
6.2088
6.2886
6.1992
6.5834
6.6052
6.8265
6.6240
6.6491
6.5552
6.6866
6.5708
6.6199
6.5658
6.5788
6.3797
6.3232
6.6320
6.5145
6.6411
6.7146
6.8541
6.7355
6.6323
6.5618
6.4707
6.4123
6.5998
6.4869
6.5532
6.6994
6.4391
6.5321
6.4720
6.3825
6.7345
6.6557
6.5799
6.5745
6.3430
6.3864
6.3604
6.3175
6.2726
6.2131
6.3498
5.9589
6.1778
6.0948
6.0087
5.9725
5.9776
5.9444
5.8008
5.9335
6.0041
6.2741
6.4051
6.1743
6.2814
6.0917
6.0721
5.8873
5.9462
5.9957
6.0937
6.4879
6.3516
6.0848
6.2658
6.3697
6.3468
6.1502
6.2160
6.6769
6.5149
6.5706
6.6032
6.8269
6.6419
6.6551
6.4774
6.3746
6.4051
6.6430
6.4006
6.6086
6.5190
6.6182
6.4675
6.4108
6.2278
6.5481
6.4131
6.4804
6.7141
6.7155
6.7549
6.5397
6.3099
6.2292
6.3553
6.2531
6.4003
6.6154
6.2416
6.3664
6.2526
6.4484
6.3703
6.3298
6.3715
6.1703
6.4376
6.3379
6.3049
6.4668
6.2210
6.1142
5.8869
5.8893
6.0036
5.9492
6.3230
5.7838
6.0906
5.9700
5.9332
5.9445
6.1416
6.1562
6.3231
6.1065
6.1444
5.9222
5.9486
5.9862
6.1637
5.9849
6.1930
6.1626
6.0500
6.2415
6.2737
6.1566
5.9652
5.8785
5.8100
5.8798
5.8161
5.7971
5.8379
6.0301
6.0738
6.0463
6.2293
6.2668
6.3025
6.4529
6.5754
6.2427
6.2013
6.2992
6.1736
5.7747
6.0828
6.1691
6.0980
6.4066
6.3144
6.1363
6.3193
6.2007
6.2257
6.0899
6.0090
6.0251
6.2531
6.2528
6.1312
5.8894
6.2134
6.1535
6.2156
6.0181
5.9704
5.8814
5.9836
5.8465
6.0352
5.7886
5.8821
5.7769
5.9194
5.9339
5.9705
5.7312
5.8403
5.8051
5.8759
5.9153
5.7596
5.6730
5.8024
5.9318
5.8107
5.6264
5.4881
5.5112
5.5399
5.6737
5.7085
5.8294
5.6381
5.7092
5.7316
5.9524
5.7642
6.0257
5.8262
5.9548
6.0317
5.9853
5.8806
6.1225
6.1048
6.1770
5.9713
5.7698
5.8037
5.9238
6.0680
6.0853
5.9921
5.9531
6.0163
6.1007
6.1485
5.9641
6.2462
6.0633
6.1697
6.1142
6.2726
6.2093
6.0899
6.1284
6.1670
6.3494
6.2773
6.0213
6.0859
6.1221
5.9069
6.4465
6.0802
6.2445
6.2836
6.2665
6.1556
6.3711
6.4599
6.2608
6.1743
6.4313
6.4418
6.5018
6.6771
6.6775
6.2421
6.6119
6.6041
6.2893
6.4457
6.3981
6.3863
6.2123
6.0473
6.2273
6.1686
6.1480
5.9617
6.1081
5.9488
6.0559
5.8935
6.0273
5.8199
5.9379
6.0673
5.7566
5.7992
5.7668
5.7972
5.8588
5.7647
5.8809
5.7660
5.9668
5.7181
5.9995
5.8675
5.8369
5.9458
6.1192
5.7600
6.0552
6.0292
6.0319
6.1303
5.8851
5.9823
6.0011
6.0026
5.9823
6.1534
6.0327
5.8991
5.9557
6.1499
5.9968
6.2053
6.1951
6.0350
6.1425
5.9382
5.9287
6.2397
5.8409
6.1481
6.4334
6.1847
6.3752
6.1323
6.0223
6.1154
6.1801
6.3547
6.1985
5.9578
6.0951
6.2311
6.0506
5.8412
5.9886
5.8623
6.2265
5.9379
5.9700
5.9028
5.7832
5.8752
5.8629
5.9169
5.8581
5.6792
5.6360
5.8317
5.7214
5.7624
5.7731
5.6164
5.8496
5.7243
6.0756
5.9716
6.1190
6.1270
6.2500
6.2552
6.3168
6.2592
6.5010
6.1577
6.2577
6.2501
6.5587
6.3799
6.1766
6.0412
6.1802
6.0944
6.2122
6.0932
6.1332
6.0939
6.1652
6.1640
6.2579
6.1479
6.2079
6.1013
6.1832
6.0621
6.2193
6.1817
6.1404
6.3194
6.5254
6.4102
6.4244
6.3795
6.1474
6.1623
6.2175
6.0254
6.3862
6.3077
6.0469
6.0105
6.2406
5.9470
6.0308
5.8382
5.8496
6.1275
6.2626
6.2306
5.7040
6.1086
6.0457
6.1387
6.2983
6.1957
6.1922
6.0668
6.4786
6.1171
5.9485
6.4111
6.0881
6.1276
6.4089
6.3843
6.5069
6.4527
6.2102
6.2078
6.2882
6.0756
6.0737
6.3847
6.3534
6.0565
5.8001
5.9479
6.0162
5.8550
5.9986
5.9003
6.1285
6.2187
6.1693
6.5827
6.2481
6.2137
6.1221
6.1313
6.1799
5.6656
5.9450
5.8738
6.1720
6.1260
5.8841
5.9645
6.0118
5.8618
5.8517
5.9776
6.0937
6.2533
5.9339
6.1158
6.1122
6.2484
6.1987
6.3494
6.2524
6.4060
6.3937
6.2865
6.1800
6.2762
6.2210
6.0186
6.4808
6.1949
6.0033
6.2699
6.3514
6.6893
6.5379
6.3545
6.1327
6.4246
6.4555
6.7190
6.6817
6.3850
6.3914
6.4891
7.0223
6.9442
6.7583
6.5743
7.2838
7.1791
6.6379
6.4813
6.3401
6.4376
6.3326
6.2449
6.5573
6.5995
6.4466
6.6224
6.7103
6.8633
6.6511
6.5270
6.4497
6.5499
6.4105
6.3399
6.3157
6.1188
6.3751
6.5448
6.1565
6.3483
6.1653
6.2888
6.4281
6.3112
6.0524
6.0586
6.3799
6.1021
6.0253
6.2965
6.2813
6.2638
6.3464
6.4677
6.5527
6.3363
6.3704
6.3194
6.2204
6.3168
6.0099
6.0763
6.4180
6.4223
6.5044
6.4798
6.5199
6.5944
6.4872
6.7381
6.7098
6.5517
6.5539
6.7331
6.8277
6.4862
6.4007
6.4458
6.8008
6.6338
6.9065
6.6138
6.7330
6.6880
6.6455
6.7771
6.5003
6.4807
6.4247
6.1911
6.3564
6.7695
6.6474
6.3757
6.3936
6.1715
6.5397
6.4539
6.5047
6.4189
6.2955
6.2890
6.2455
6.3121
6.1651
6.2758
6.2988
6.5072
6.4064
6.4804
6.4578
6.5278
6.3411
6.3347
6.2574
6.4595
6.4316
6.7010
6.5204
6.4803
6.4916
6.7198
6.5270
6.5775
6.8017
6.3593
6.5069
6.4724
6.5686
6.3645
6.2947
6.2132
6.2871
6.5462
6.6822
6.6058
6.6965
6.6125
6.6991
6.5646
6.5454
6.3293
6.4031
6.5694
6.6903
6.6911
6.5172
6.4799
6.4416
6.3538
6.2277
6.2874
6.4421
6.1135
6.1331
6.3224
6.0849
6.1508
6.2634
6.1143
6.3014
6.1114
6.1696
6.2596
6.5517
6.6619
6.5338
6.5166
6.3915
6.4263
6.1144
6.1881
6.2079
6.0275
6.1958
6.2570
6.3246
6.3258
6.3208
6.5728
6.4843
6.3386
6.3040
6.2233
6.4112
6.3131
6.2699
6.3044
6.2601
6.1949
6.3437
6.2656
6.1198
6.1424
6.2487
6.1352
6.1655
6.2994
6.2866
6.3736
6.0999
6.2174
6.1254
6.1062
6.2523
5.8654
5.8213
6.0342
6.1385
6.0585
6.2068
6.2182
6.2742
6.3190
6.4511
6.4910
6.2772
6.3684
6.3098
6.5507
6.3204
6.0153
6.0973
6.0551
6.2237
6.1722
6.1828
6.2278
6.0098
6.1986
6.0427
5.8962
5.8372
5.9985
6.2457
6.2343
6.4284
6.3761
6.3563
6.4107
6.6662
6.3039
6.1703
6.2972
6.1414
6.0664
5.9237
5.7526
5.9682
6.2053
5.8505
5.9889
6.3239
6.2729
6.2361
6.2544
6.3300
6.2607
6.2200
6.1367
6.2704
6.1497
6.2196
6.3157
6.1205
6.1955
6.1135
6.1497
6.3960
6.1606
6.3512
6.6064
6.6907
6.3247
6.4601
6.3891
6.3009
6.3995
6.4264
6.3955
6.4617
6.4531
6.2655
6.5400
6.3789
6.2788
6.5907
6.4970
6.3965
6.4741
6.2028
6.4580
6.5985
6.5235
6.6199
6.3362
6.4377
6.3137
6.2213
6.1912
6.1879
6.1366
6.1648
6.2308
6.5719
6.4063
6.5604
6.0434
6.0079
6.0924
6.2073
6.0933
6.0299
6.0564
6.2001
6.0889
6.0571
6.3260
6.1515
6.1173
6.1357
5.9892
6.0767
6.1603
6.2230
6.0597
6.2325
6.3177
6.3650
6.5078
6.3451
6.4015
6.5488
6.2091
6.5216
6.3555
6.5139
6.4975
6.4059
6.3476
6.1332
6.4066
6.5605
6.4766
6.3849
6.2675
6.1040
6.1848
6.2450
6.1345
6.3201
6.1364
6.2771
5.9933
6.4506
6.3307
6.6398
6.5660
6.6763
6.6884
6.6657
6.8977
6.7677
6.8330
6.9027
6.5473
6.7505
6.6077
6.4331
6.5773
6.5294
6.4176
6.3898
6.3963
6.5011
6.4401
6.4083
6.3853
6.4181
6.1885
6.2815
6.3092
6.1774
6.1428
6.2541
6.2884
6.2430
6.0814
6.1412
6.2318
6.3138
6.2461
6.1690
5.9623
6.0711
6.0001
5.9833
5.9872
6.3149
6.6212
6.6398
6.3411
6.5298
6.4804
6.5179
6.6623
6.6333
6.2051
6.4529
6.7510
6.5300
6.5798
6.5518
6.4253
6.3219
6.3565
6.5212
6.3734
6.3255
6.1924
6.0958
6.1049
6.1342
6.0317
6.1205
6.1433
6.3789
6.4540
6.3609
6.3739
6.0997
6.1211
6.1534
6.0262
6.0558
5.9883
5.9348
6.1192
6.1292
6.1438
5.9294
6.1303
6.1261
5.8293
6.0645
6.0098
6.2271
6.0134
6.0268
6.0718
6.2156
6.1905
6.1483
6.1917
6.0430
6.1536
6.0883
5.9688
5.9906
6.0336
6.0924
6.1074
6.1854
6.1708
5.9668
6.1646
6.3500
6.3229
6.1397
6.4219
6.2740
6.1527
6.0384
6.1947
6.1134
6.1463
6.3214
6.3757
6.1564
6.5074
6.1547
6.3230
6.3652
6.2442
6.4291
6.7371
6.6058
6.4516
6.1525
6.1168
6.2104
6.3358
6.5070
6.2631
6.2385
6.3413
6.5325
6.2843
6.1358
6.5337
6.4618
6.7247
6.3906
6.4449
6.3655
6.4328
6.4190
6.4465
6.6185
6.3390
6.1672
6.1120
6.2395
6.2436
6.0808
6.2122
6.1695
6.3300
6.2263
6.3677
6.1094
6.0909
6.0456
6.0665
6.2082
6.2064
6.1676
6.0325
5.8923
6.0721
5.8508
6.0681
6.0308
5.8525
5.8998
6.0852
5.8726
5.8844
6.0961
5.9307
6.0765
6.2404
6.0683
6.3331
6.1323
6.1875
6.4651
6.3173
6.6448
6.4194
6.3218
6.1852
6.3791
6.4986
6.6605
6.6568
6.4565
6.3552
6.5999
6.5220
6.4982
6.3912
6.2759
6.5520
6.2425
6.3352
6.0918
6.1947
6.0069
6.0921
6.0029
6.1390
5.9393
5.9962
5.9552
6.0148
6.1427
6.1488
6.0316
6.1317
6.1288
6.1501
6.1950
6.1357
6.2023
6.3043
6.1490
6.2280
6.3927
6.2680
6.3489
6.4377
6.4360
6.4620
6.4893
6.1160
6.3810
6.2887
6.4369
6.4277
6.2221
6.3948
6.5738
6.1584
6.1743
6.2976
6.2842
6.4217
6.5530
6.3518
6.5237
6.5421
6.7230
6.6125
6.8007
6.6765
6.4899
6.4965
6.6063
6.3619
6.6627
6.6728
6.6245
6.5948
6.5102
6.4288
6.2868
6.1830
6.2707
6.4352
6.5100
6.4526
6.3437
6.4706
6.5519
6.4734
6.1587
5.9911
5.8153
6.0418
5.9912
6.1619
6.3564
6.4074
6.5418
6.3406
6.3028
6.5175
6.2281
6.3050
6.2801
6.0096
6.1547
6.1271
6.2945
6.4186
6.6794
6.3978
6.5132
6.1369
6.1672
6.1208
6.3105
6.0991
5.7852
5.9828
6.0141
6.0841
6.1201
6.1408
6.0155
6.2252
5.9767
6.2381
6.4506
6.2520
6.5619
6.5217
6.5406
6.3927
6.6799
6.7989
6.6526
6.3388
6.3633
6.3906
6.3332
6.4859
6.8600
6.7582
6.4875
6.5294
6.1593
6.4459
6.5345
6.4030
6.2968
6.4862
6.5369
6.6009
6.5665
6.5259
6.4772
6.4577
5.8640
6.3030
6.2459
6.1967
6.3512
6.3824
6.0825
5.9218
5.9080
5.9429
5.9528
5.7215
5.7261
5.6815
5.7626
5.8580
5.9037
6.2112
5.9589
5.8578
5.8844
5.6090
5.7803
5.7425
5.9011
5.8319
5.9802
5.8114
5.8401
5.9261
5.8664
5.9637
6.0888
6.1353
6.2286
6.1810
6.0480
5.8811
6.3117
6.3440
6.1546
6.5579
6.4255
6.0580
6.5174
6.4477
6.2281
6.1590
6.5299
6.5233
6.3905
6.7328
6.3865
6.5936
6.3944
6.9178
6.8470
6.4544
6.5717
6.5174
6.3756
6.4564
6.3879
6.4766
6.6595
6.4572
6.2708
6.1271
6.2812
6.3478
6.5421
6.5416
6.3712
6.5190
6.5945
6.4996
6.3646
6.2298
6.4658
6.4777
6.3398
6.4892
6.6653
6.5947
6.7489
6.6393
6.6841
6.5824
6.5554
6.7355
6.6693
6.7754
6.4405
6.6112
6.3293
6.5248
6.5056
6.8605
6.7850
6.7195
6.6770
6.5654
6.5197
6.5330
6.3365
6.4460
6.4917
6.2438
6.3900
6.3776
6.3400
6.4694
6.6520
6.5728
6.4691
6.5897
6.3220
6.6174
6.2837
6.4609
6.4719
6.6042
6.4506
6.8443
6.6705
6.8521
6.4632
6.9885
6.6601
6.6828
6.6054
6.6473
6.6954
6.5477
6.6492
6.6489
6.4915
6.5261
6.7674
7.1230
6.9081
6.6186
6.7227
6.5917
6.5984
6.4424
6.7272
6.5520
6.7587
6.4596
6.5858
6.4562
6.3696
6.6983
6.2737
6.4571
6.3417
6.2216
6.4164
6.4076
6.4814
6.5143
6.6495
6.6131
6.3291
6.1547
6.0133
6.1367
6.0960
6.2267
5.9944
6.0076
6.1632
6.1844
6.2320
6.4463
6.4597
6.1678
6.4984
6.3924
6.2779
6.1598
6.1811
6.2115
6.1948
5.8917
5.9403
6.0990
5.9118
5.8860
6.1524
6.1068
6.3838
6.5595
6.3689
6.2072
6.2181
6.3072
6.2159
6.0879
5.8220
6.0007
5.9532
6.1075
6.5153
5.9060
5.9625
6.0780
6.1858
6.4106
6.0466
6.4039
6.2547
6.0777
6.2894
6.0313
6.0384
6.1071
6.3391
6.2992
5.8873
5.8980
5.9426
5.8811
6.0273
6.2595
5.9312
5.6705
6.0395
6.0080
5.8844
5.8469
5.9215
6.1523
6.1027
5.9785
6.1002
5.9519
5.8524
5.9669
5.9766
6.1141
6.1384
6.1072
6.3672
6.2381
6.2826
6.1756
6.2819
6.3201
6.2696
6.2739
6.0663
6.2484
6.3817
6.3162
6.4958
6.1267
6.2108
6.4884
6.3793
6.3070
6.0749
6.2050
6.1008
6.0370
6.2532
6.2550
6.0992
6.0233
6.0978
6.2569
6.1011
6.2186
6.3166
6.2895
6.2070
6.4074
6.1655
6.3444
6.3562
6.2614
6.3998
6.5684
6.2920
6.2203
6.3175
6.3053
6.0706
6.3553
6.1892
6.2426
6.3696
6.2193
6.2240
6.3046
6.0679
5.8435
5.9239
5.9902
6.0728
6.0341
6.2017
6.1554
6.1536
6.3080
6.3762
6.2825
6.2245
6.2666
6.4513
6.4530
6.4146
6.3792
6.3718
6.1875
6.2200
6.0446
6.2295
6.0795
6.2091
6.1457
6.1281
6.1938
6.3647
6.3021
5.9559
6.1125
6.2660
6.3361
6.1722
6.2382
6.3639
6.6501
6.3847
6.1731
5.9882
5.9236
6.0921
6.0962
6.0230
6.2971
6.3620
6.5063
6.4579
6.4468
6.0717
5.9542
6.2156
6.2159
5.9223
6.4067
6.3044
6.3691
6.3122
6.5104
6.2531
6.3098
6.6383
6.7124
6.5944
6.6614
6.4273
6.4031
6.3840
6.4311
6.4242
6.5082
6.4989
6.5073
6.5734
6.4727
6.5660
6.5975
6.6440
6.6126
6.2224
6.5802
6.4064
6.4538
6.3245
6.5158
6.4266
6.1494
6.3115
6.2924
6.4210
6.1896
6.0791
6.1635
6.3655
6.4812
6.4802
6.3680
6.5097
6.5202
6.3355
6.1865
6.3401
6.4249
6.3375
6.4469
6.3767
6.3683
6.1691
6.1012
6.2741
6.4263
6.4580
6.3697
6.2321
6.1522
6.2832
6.4924
6.3960
6.4399
6.3404
6.2498
6.1662
6.2236
6.3633
6.2881
6.0954
6.2887
6.1223
6.0678
6.1970
6.0991
6.1318
6.1888
6.2930
6.3814
6.3134
6.4541
6.6720
6.3874
6.2313
6.6738
6.1283
5.9932
5.9443
6.1186
5.9504
6.0011
5.8780
6.1416
6.3038
6.3036
6.4228
6.2698
6.1483
6.1788
6.3028
6.2921
6.3396
6.5946
6.3232
6.4818
6.2570
6.1490
6.4247
6.4152
6.6849
6.5202
6.4161
6.5149
6.4806
6.4438
6.4503
6.1961
6.1704
6.0982
6.2484
6.3325
6.2557
6.1451
6.3753
6.5338
6.3224
6.0619
6.3129
6.3180
6.1664
6.2647
6.3950
6.2649
6.2189
6.2685
6.2384
6.0320
6.0726
6.0562
6.2072
6.2853
6.2667
5.9351
6.0446
6.1126
6.2815
6.1621
6.3040
6.2428
6.1703
6.2659
6.3674
6.4238
6.2975
6.2132
6.4676
6.5310
6.2738
6.1505
5.9660
6.2084
6.0781
6.1715
6.0833
5.8359
6.0317
5.9216
6.3301
5.9600
6.2089
6.0517
5.9504
5.9787
5.9920
5.7203
5.8720
5.9927
5.8513
5.8784
6.0500
6.1082
6.0109
5.9410
6.1618
6.3226
6.1411
6.0383
6.0712
5.6403
6.1087
6.2502
6.1675
5.9836
6.2262
6.1807
6.2140
6.2947
6.2089
6.1964
6.2450
6.3112
6.1925
6.1869
6.1219
6.2399
6.3888
6.4182
6.2275
6.1831
6.1742
6.0515
6.1230
6.0613
6.3270
6.2122
6.1657
5.9767
6.2089
6.1401
5.8529
5.9885
6.3889
6.1271
5.8495
5.8884
5.9484
6.0001
5.8449
5.8158
6.0030
6.0642
5.8354
6.0837
6.2556
6.1397
6.2461
6.2391
6.3938
6.4484
6.2951
6.4953
6.2233
6.4724
6.3777
6.2762
6.0908
6.1443
6.3056
6.2562
6.3603
6.2256
6.2228
6.2422
6.3159
6.1159
6.3846
6.2311
6.5394
6.6655
6.7660
6.7781
6.9357
6.6690
6.5218
6.4712
6.7616
6.5772
6.4596
6.6741
6.4974
6.3830
6.4497
6.3607
6.3243
6.5570
6.2827
6.4289
6.7463
6.4505
6.2100
6.2894
6.2736
6.1852
6.1351
5.7701
6.0321
5.6039
5.6438
5.6793
5.9586
5.9185
5.9633
5.8163
6.0466
6.0094
5.9294
5.9938
5.8908
5.7722
5.9058
5.9912
6.0900
6.3350
6.3846
6.1445
6.1481
6.2432
6.0195
6.1542
6.1662
6.3391
6.4725
6.5305
6.5186
6.1999
6.2954
6.2453
6.3989
6.6636
6.3453
6.6760
6.6144
6.4018
6.1369
6.2715
6.4422
6.3277
6.4650
6.4364
6.0985
6.1900
6.0861
6.1322
6.2157
6.0902
6.0621
5.8617
5.9795
5.8711
5.9091
5.9516
5.8993
5.9063
6.0366
5.8743
5.9228
5.8753
6.0715
5.8977
6.0219
5.9511
6.3859
5.8916
5.9199
5.8356
5.7699
5.9091
5.8402
5.7473
5.7244
5.7918
5.6222
5.5365
5.8752
5.8276
5.5293
5.7901
5.9354
5.7254
5.8390
5.9215
5.8066
5.9723
5.8565
5.7086
5.7577
5.7955
5.6542
5.7017
5.6491
5.7895
5.5976
5.7264
5.6185
5.6257
5.4354
5.6104
5.5698
5.5297
5.6588
5.5987
5.4260
5.3595
5.4538
5.8164
5.8221
5.5694
5.5324
5.4643
5.5251
5.5036
5.5664
5.6289
5.6197
5.3453
5.5834
5.7295
5.7454
5.5515
5.6932
5.7688
5.9719
5.9984
5.9890
6.1981
6.2309
6.2150
6.1455
6.1384
6.2871
6.2819
6.1684
6.2191
6.0720
6.0086
6.0980
6.1651
6.0428
6.0983
6.0093
6.1207
6.3397
6.0960
5.9367
5.9760
6.0159
6.2208
6.3058
6.1384
5.9723
6.1520
6.3046
6.1551
6.3748
6.3550
6.2245
6.1884
6.4590
6.7640
6.2341
6.3690
6.2671
5.8561
5.9084
5.6916
6.0900
6.1899
6.3347
6.4792
6.5608
6.4646
6.4926
6.3777
6.4275
6.1998
6.2820
6.1924
6.0547
6.2603
6.2090
6.1906
6.0368
6.3564
5.9065
5.8622
5.9318
6.2311
6.0393
6.0195
6.3250
6.1297
6.0937
6.0152
5.8637
6.1385
5.9202
6.2233
6.5220
6.3336
5.8161
6.2158
5.9848
6.1051
6.3364
6.0502
6.1513
6.3006
6.0208
5.7900
6.0499
5.9838
6.1316
5.8563
5.8202
5.7776
5.6460
5.6337
5.7721
5.8780
5.8218
5.8009
5.6503
5.5455
5.5328
5.7636
5.6302
5.6150
5.5803
5.4319
5.5066
5.4523
5.5830
5.6029
5.5854
5.5212
5.6037
5.6242
5.9702
5.9206
5.9007
5.8466
5.7351
5.8628
5.9019
5.7725
6.2328
5.9800
5.8920
5.8337
5.8199
6.0353
6.1279
6.1021
5.8734
6.0342
5.6820
5.6750
5.7643
6.0352
5.9819
6.0659
6.0603
6.0709
6.1444
5.9911
6.0305
6.1914
5.9116
5.8484
5.8874
5.9303
5.7763
5.9311
5.9072
5.5823
5.8681
5.9674
6.1084
6.0397
6.1742
6.0101
6.0773
6.0238
6.0449
5.8988
5.9459
5.9286
5.9472
5.8067
5.9173
5.9781
6.0310
5.7749
6.1394
6.2266
6.0054
6.2087
6.0880
5.9702
6.2841
6.0561
6.1300
6.2106
6.1932
6.0436
6.3779
6.6162
6.3889
6.3545
6.3877
6.6629
6.3882
6.3480
6.1182
6.0658
6.0941
6.0384
6.1844
5.9526
5.8081
6.0400
5.9887
5.9184
6.0722
6.0536
5.9747
5.8716
6.0883
5.8942
5.7631
5.8774
5.9729
6.0117
5.9477
6.2428
6.1576
6.1896
6.2233
6.3114
6.1608
6.2601
6.2765
6.2815
6.1762
6.2505
6.3383
6.2066
6.0865
5.9584
6.0427
6.2190
6.3690
6.4903
5.9776
6.0361
6.0050
5.9294
5.6530
5.8528
6.3204
6.0011
6.0569
5.8586
6.0702
5.8172
5.9196
5.8842
6.0586
5.9249
6.0019
5.7312
5.8982
6.1340
6.1463
6.0584
6.2829
6.3396
6.2089
6.2418
6.2479
6.1263
6.0813
6.2448
6.2406
6.0850
6.0153
6.2672
6.2844
6.2104
6.1334
6.1283
6.1659
6.4006
6.1907
6.4744
6.3493
6.3378
6.5919
6.2870
6.5313
6.4678
6.1297
6.2775
6.3472
6.2675
6.2954
6.1887
6.3419
6.5023
6.4441
6.4853
6.1264
6.1424
6.1967
6.5219
6.7542
6.3921
6.5097
6.2721
6.3932
6.4214
6.2635
6.3377
6.3219
6.1263
6.4023
6.4889
6.3258
6.4175
6.4892
6.0877
6.1283
6.0778
6.0682
6.1789
6.2506
6.1898
6.3333
6.1593
6.0493
6.1345
6.1188
6.3218
6.5290
6.4883
6.4971
6.2956
6.3173
6.2003
6.3050
6.4359
6.5703
6.5528
6.5013
6.2976
6.1703
6.4710
6.4247
6.1225
6.1314
6.2676
6.1753
6.0181
6.0010
5.8716
6.0404
6.1406
6.0084
5.8417
6.1274
6.0827
5.9185
6.2043
6.0513
5.9400
6.2338
6.4568
6.4894
6.3666
6.3651
6.3908
6.1607
6.1418
6.3420
6.3393
6.3071
6.3771
6.4408
5.8606
6.2081
5.9961
5.8877
6.1395
5.9710
5.7793
5.8472
6.0858
5.9863
6.0390
6.1951
6.2941
6.2596
6.1206
6.2073
6.4607
6.4138
6.3344
6.2262
6.3056
5.9441
6.3288
6.2558
6.4102
6.4404
6.6171
6.5029
6.1395
6.0288
6.0104
6.1222
6.0912
5.8950
5.9377
5.9173
6.0560
5.8628
5.9122
6.1262
6.2059
6.2359
6.3904
6.2238
6.3067
6.2769
6.3846
6.3273
6.0971
6.2355
6.2176
6.2186
6.4033
6.2761
6.2890
6.1364
6.1736
6.0868
6.1432
6.1121
6.1967
6.1205
6.2260
6.0482
6.1676
6.1810
6.1182
6.0835
6.3405
5.9879
6.1114
6.2099
6.0010
5.8487
5.8556
6.0196
6.0018
5.7384
6.0535
5.9130
5.8615
5.9351
5.8213
5.9326
5.6829
5.7861
5.8794
6.0226
6.0920
6.1739
6.0082
5.9387
5.8390
5.9775
5.9623
5.9883
5.9027
5.8549
6.0377
5.9467
5.9456
5.6742
5.7002
5.8517
5.7088
5.8489
5.8706
5.9102
5.9260
5.6785
5.7828
5.7608
5.8636
5.7594
5.6942
5.8206
5.7645
5.9347
5.8349
6.0423
5.9878
5.9876
6.4118
5.8703
6.0349
5.8534
5.9617
6.0314
5.9102
6.0247
6.3121
6.3850
6.4363
6.5109
6.5546
6.4785
6.2878
6.1694
6.3564
6.3251
6.3890
6.3833
6.1428
6.0329
6.2356
6.1240
6.3308
6.0888
6.1712
6.1766
6.3411
6.1895
5.9936
6.1360
6.0819
6.1016
5.8875
6.2807
6.1390
6.1988
6.1946
6.3072
6.3785
5.9965
6.2528
6.0265
6.0328
6.1591
6.3174
6.1771
6.1077
5.9827
5.9651
5.9453
5.9834
5.8884
6.0809
6.0615
