4.5191
4.5780
4.6367
4.7613
4.7485
4.6704
4.6984
4.9429
4.6525
4.5874
4.4390
4.5176
4.5809
4.3869
4.5645
4.4795
4.5116
4.4275
4.6515
4.7865
4.8453
4.9155
4.9522
5.0184
5.4172
5.3678
5.2370
5.1753
5.3193
5.4409
5.3391
5.4141
5.2757
5.4573
5.5506
5.2152
5.1659
4.9566
4.8595
4.8460
4.6166
4.4913
4.2436
4.4536
4.2958
4.2849
4.3725
4.3637
4.4115
4.5596
4.4338
4.5266
4.2651
4.4153
4.4111
4.4466
4.3153
4.4065
4.3623
4.7115
4.5832
4.5466
4.4208
4.2730
4.3931
4.4673
4.6237
4.6763
4.4223
4.4584
4.5463
4.3779
4.2305
4.3132
4.4604
4.3641
4.3500
4.3901
4.3147
4.2771
4.5821
4.5843
4.4733
4.5157
4.4668
4.8234
4.9322
4.9459
4.8168
4.8315
4.8159
4.8003
4.7693
4.7091
4.9406
4.8470
4.8961
5.0488
4.8625
4.8822
4.8227
4.7054
4.9076
5.2880
5.1107
4.9067
4.6300
4.5608
4.5886
4.6232
4.4550
4.4968
4.5207
4.3751
4.3863
4.5426
4.6019
4.7336
4.4352
4.5226
4.7627
4.8351
4.8071
4.5244
4.6640
4.4905
4.3399
4.4556
4.6799
4.4981
4.5755
4.5186
4.4767
4.4026
4.4882
4.7070
4.4393
4.4823
4.4413
4.7352
4.6272
4.5526
4.5649
4.5979
4.7877
4.5976
4.4172
4.3085
4.3746
4.4847
4.6031
4.5614
4.8532
4.8891
4.9804
4.8325
4.9349
4.8140
4.9178
4.9194
4.9463
4.7351
5.0205
4.8121
5.1322
5.0902
4.8756
4.7915
4.9034
4.9950
4.7082
4.7517
4.6537
4.7263
4.5699
4.9669
4.6415
4.7683
4.9927
4.7563
4.5668
4.7036
4.6382
4.6362
4.7541
4.5793
4.5929
4.7664
4.9410
4.8242
4.8057
4.7195
4.5538
4.4615
4.6117
4.6075
4.9204
5.1525
5.2381
4.9819
5.0278
5.1104
4.9562
5.0727
5.0656
4.8890
4.8042
4.6669
4.4956
4.5409
4.5284
4.6136
4.8963
4.7994
4.9783
5.0277
5.0883
5.0815
5.1515
5.0069
4.8813
4.9648
4.8200
4.9162
4.8407
4.8172
4.6121
4.7754
4.7364
4.8971
4.8080
4.7482
4.9255
4.9587
5.1031
4.9792
5.0144
4.7403
5.0107
5.1123
5.0586
5.4409
5.3085
5.4259
5.6223
5.6876
5.4505
5.2822
5.2711
5.2476
5.3207
5.1650
4.8439
4.9222
4.8899
4.6479
4.7548
4.6542
4.6335
4.4735
4.5781
4.5869
4.7734
4.7034
4.6643
4.6783
4.5604
4.5248
4.5915
4.6624
4.8566
4.7866
4.7922
4.9736
5.0328
5.1101
4.9953
5.1637
5.2281
5.1024
5.0264
4.9908
5.0203
5.1811
4.9934
4.9659
4.9586
5.0481
5.2206
5.1702
5.2526
5.1142
5.2250
5.1840
5.2944
5.1288
5.0813
5.1732
5.0440
5.1608
5.4681
5.5451
5.4946
5.1117
5.1233
4.9645
5.1319
4.8194
4.9800
5.0398
5.1164
5.1041
5.2409
5.1165
5.1666
5.1447
5.2099
5.0451
5.2247
5.1263
5.1994
5.2848
5.6534
5.2880
5.3989
5.5673
5.0593
5.0896
4.9353
5.0061
5.1606
5.2794
5.1526
5.3262
5.2776
5.1352
4.9522
4.8437
5.0440
5.3475
5.3694
5.4738
5.3633
5.1073
5.3395
5.3939
5.4969
5.1180
5.0660
5.3744
5.2581
5.1593
5.1812
4.9382
5.3517
5.3010
5.3482
4.9731
5.2408
5.1375
5.3427
4.9610
5.1021
5.3383
4.8242
4.8958
5.1093
5.2286
5.1507
4.9579
4.9977
5.0456
5.0231
5.2925
5.0464
5.1036
5.0434
5.0053
5.0799
5.0378
5.1576
5.0474
5.1550
5.1979
5.2669
5.2583
5.3646
5.2123
5.2289
5.3959
5.1018
5.3767
5.5714
5.4099
5.5200
5.1313
5.0600
4.9214
5.5192
5.2882
5.3893
5.4813
5.3024
5.5968
5.4302
5.4953
5.4756
5.3471
5.4380
5.5293
5.6739
5.4289
5.4382
4.9161
5.1075
5.3482
5.0461
5.0395
4.8180
5.1370
4.9953
4.9385
4.9148
4.8793
4.8365
4.7293
5.1439
5.0882
5.1395
5.3071
5.3377
5.4745
5.3217
5.3309
5.5494
5.5194
5.3686
5.5048
5.5619
5.4220
5.3654
5.2876
5.1879
5.2197
5.3103
5.2952
5.2068
5.5007
5.6086
5.7361
5.6171
5.6724
5.2666
5.6072
5.8039
5.3484
5.4945
5.3293
5.4118
5.6083
5.4338
5.1558
5.4299
5.3696
5.2850
5.4936
5.2381
5.1742
5.1279
5.5417
5.3522
5.1971
5.0818
5.0339
4.9579
5.0865
5.0692
4.9859
5.1535
5.2927
5.3606
5.4299
5.2130
5.0594
5.0729
5.2622
5.1956
5.1924
5.0634
5.3010
5.1749
5.0867
5.2856
5.2353
5.4403
5.1636
5.5209
5.0282
5.2267
5.2435
5.1594
5.1655
5.2425
5.4149
5.4415
5.2858
5.3656
5.2545
5.0765
5.3257
5.3790
5.6244
5.6467
5.7515
5.7190
5.5687
5.5542
5.1609
5.1894
5.1809
5.1702
5.1539
5.4123
5.2740
5.2004
5.1608
5.3199
5.0814
5.3867
5.1651
5.4428
5.3767
5.4669
5.7418
5.6973
5.8203
5.6412
5.7216
5.8034
6.0132
5.8221
5.6555
5.7089
5.4173
5.3812
5.7252
5.8154
5.5980
5.4808
5.4582
5.2940
5.4203
5.3732
5.6408
5.3300
5.4569
5.3773
5.6738
5.8412
5.6522
5.5396
5.9649
5.6034
5.5730
5.6317
5.8666
5.7168
5.5015
5.4110
5.1081
5.5601
5.5054
5.4873
5.2788
5.1257
5.3641
5.2505
5.4141
5.2159
5.0647
5.1486
5.3550
5.5616
5.2826
5.3757
5.3317
5.5315
5.3371
5.2468
5.0954
4.9130
4.9233
4.6856
4.9272
4.9992
4.8459
4.6183
4.8948
4.7965
5.0187
4.9245
5.1855
5.1628
5.1836
5.1885
5.1529
4.9055
4.9656
5.2142
4.9736
5.2361
5.2124
5.0794
5.2199
5.4728
5.7310
5.8154
5.9279
5.8628
5.9052
6.0700
5.5831
5.4803
5.5662
5.5508
5.3348
5.2662
5.4764
5.3217
5.3737
5.5772
5.5225
5.7370
5.7137
5.3348
5.1716
5.4279
5.5996
5.3517
5.7730
5.9744
5.7748
5.7462
5.7457
5.5511
5.6113
5.5290
5.5779
5.5907
5.4736
5.1887
5.2287
5.0367
5.1116
4.9508
5.3042
5.3684
5.2391
5.3235
5.2370
5.4006
5.5832
5.6267
5.4546
5.6404
5.5029
5.1027
5.4559
5.4829
5.5240
5.2929
5.4605
5.3805
5.3376
5.5749
5.3393
5.4204
5.5235
5.1618
5.2610
5.3484
5.8118
5.3354
5.6147
5.4458
5.0823
5.4676
5.6204
5.5504
5.6367
5.3102
5.3466
5.4435
5.4040
5.5011
5.7002
5.5198
5.6012
5.5312
5.6057
5.3758
5.5701
5.7134
5.5779
5.6403
5.5833
5.5816
5.8708
5.9401
5.7258
5.8843
5.3785
5.7392
5.7000
5.3600
5.4326
5.3548
5.2972
5.1722
5.3594
5.4656
5.3960
5.2372
5.3849
5.0084
4.9763
4.9526
4.9914
5.0461
5.2160
5.0247
5.0084
5.2317
5.6457
5.6521
5.4683
5.2544
5.4153
5.4494
5.7705
5.5133
5.6945
5.4243
5.5001
5.6309
5.5258
5.5399
5.3591
5.6105
5.1725
5.4668
5.2590
5.7803
5.6299
5.4366
5.6319
5.5965
5.6630
5.6544
5.8816
5.8417
5.7818
5.7298
5.9945
6.0366
6.1976
5.9151
5.7644
6.0077
5.9099
5.8280
5.6704
5.5327
5.6307
5.6385
5.4632
5.4363
5.7593
5.6746
5.7147
5.6561
5.3753
5.4023
5.6956
5.9252
5.9436
6.1597
6.1695
5.8162
5.6517
5.5502
5.7389
5.6284
5.6767
5.8176
5.7940
5.4923
5.7408
5.8915
5.7961
6.0800
6.0916
5.9727
5.9810
6.1271
6.3169
5.8068
6.0405
6.3930
6.2997
6.5304
6.2126
6.0641
6.0109
6.0128
6.0271
5.7629
6.0195
5.7370
6.0896
6.0449
6.1699
6.0546
6.2896
5.9464
6.0826
6.1598
5.8107
6.1465
6.2483
6.2144
6.4968
6.4201
6.2225
6.4299
6.3325
6.2852
6.4800
6.6113
6.2512
6.2998
6.4329
6.3293
6.2437
5.9200
5.7984
6.0108
6.0635
6.3464
6.4264
6.6187
6.2769
6.3625
5.9928
6.3737
6.3902
6.4879
6.3260
6.5113
6.3763
6.2935
6.1865
6.4928
6.5463
6.6912
6.5193
6.5750
6.5433
6.4209
6.3101
6.5884
6.2634
6.2172
6.2513
6.2318
6.4556
6.3825
6.2505
6.2765
6.4508
5.9701
5.8162
5.7466
5.8782
6.0718
5.8389
6.2129
6.1142
6.0806
6.2441
6.2645
6.5673
6.6016
6.4767
6.3009
6.0932
6.2102
6.4326
6.2359
6.5076
6.4305
6.4604
6.5482
6.3520
6.4048
6.3540
6.2655
6.4564
6.5498
6.3361
6.6331
6.3381
6.5080
6.2559
6.2714
6.2784
6.2913
6.0205
6.4810
6.4382
6.3485
6.3807
6.2941
6.1735
5.9638
6.2075
6.2394
6.2827
6.2603
6.1534
5.9966
6.3277
6.4309
6.3619
6.0362
6.0119
5.9549
6.3225
6.0754
6.2155
5.9692
6.0358
6.1697
6.0977
6.0385
6.2172
6.2339
6.2397
6.3136
6.6646
6.6789
6.6242
6.4457
6.3872
6.5618
6.2050
6.2505
6.3275
6.3146
6.3207
6.2122
6.0960
6.1061
6.1733
5.9390
5.9358
6.2054
5.9492
5.8784
5.9147
5.7499
5.8506
6.2469
5.9685
5.8803
5.9074
5.8397
5.9005
6.0649
6.1562
6.2225
6.1654
6.1313
6.1295
6.2546
6.0589
5.9458
5.9979
6.3846
5.9791
5.8123
6.4207
6.6036
6.7713
6.3646
6.1565
6.0346
6.0354
5.9407
5.8749
5.7519
5.9108
6.1963
5.7289
5.8547
6.0759
6.1103
5.9275
5.9650
6.1359
6.2120
6.1918
6.2877
6.5395
6.3192
6.2138
6.2384
6.4594
6.4014
6.0868
5.6884
5.7954
5.6445
5.7415
5.9203
5.8940
5.9927
6.2434
6.2508
6.0320
5.7945
5.6162
5.7938
5.8273
5.6495
5.6356
5.4941
5.6683
5.8174
5.7193
6.0314
5.7495
5.9024
5.7684
5.6801
5.8781
6.2678
6.2196
6.0592
6.1567
6.1080
6.2645
5.9424
6.1335
6.0885
6.1734
6.1041
6.3314
5.9478
6.0396
6.1555
6.3364
6.5304
6.3876
6.0316
6.2229
6.1891
6.4432
6.4025
6.3463
6.3420
6.0096
5.7673
5.7683
6.0355
6.1875
6.6208
6.2563
6.1519
6.2505
6.1687
6.2923
6.1271
6.1606
6.1538
5.7915
5.7544
5.9714
5.7408
5.9582
5.9476
5.8050
6.0792
6.2815
6.1263
6.0650
6.2634
5.9431
5.7470
5.6300
5.8127
5.6089
5.5545
5.5628
5.3099
5.5850
5.5548
5.7530
5.5643
5.7677
5.9839
5.5748
5.4528
5.4457
5.5506
5.2922
5.4517
5.6308
5.4385
5.5551
5.6200
5.7194
5.9264
6.0346
5.7321
5.7142
5.8783
5.7738
5.6508
5.9346
5.8900
5.6846
5.4324
5.6470
5.5460
5.6945
5.9725
5.7357
5.6555
5.8344
5.8994
5.6959
5.7246
5.6768
5.5294
5.7112
5.9113
5.8679
5.3819
5.4537
5.4541
5.6222
5.5727
5.6183
5.7729
5.8453
5.7558
5.7324
5.8681
5.8670
5.9571
5.9912
5.8584
5.6461
5.6017
5.6438
5.8122
5.8635
5.8996
6.0590
5.8170
6.0918
5.9064
5.7945
5.5257
5.2915
5.1622
5.4568
5.5281
5.5314
5.3557
5.4845
5.1795
5.5910
5.2387
5.5116
5.6010
5.4758
5.4889
5.4794
5.5148
5.8415
5.6430
5.5767
5.7210
5.5636
5.5295
5.5183
5.6700
5.7402
5.5214
5.6395
5.5930
5.5298
5.3882
5.6174
5.6785
5.5235
5.6306
5.4755
5.4467
5.4298
5.4726
5.7067
5.6346
5.4837
5.5267
5.5560
5.7101
5.4627
5.6745
5.7268
5.3966
5.5464
5.5824
5.4626
5.6814
5.5152
5.7219
5.4375
5.5567
5.4751
5.6876
5.7308
5.6138
5.4715
5.6940
5.5476
5.7849
5.7360
5.7348
5.5666
5.8690
5.7061
5.8412
5.9314
5.8356
5.7910
5.8087
5.7218
5.7668
5.3881
5.6980
5.6726
5.6171
5.4884
5.7729
5.5794
5.3767
5.4104
5.3488
5.3065
5.3651
5.3181
5.4517
5.5757
5.2659
5.4877
5.4775
5.3862
5.4137
5.3527
5.4808
5.1987
5.1259
5.3278
5.2899
5.3405
5.1681
5.2042
5.2753
5.1866
5.3379
5.2969
5.2425
5.2524
5.2289
5.3123
5.3527
5.1248
5.0714
5.2220
5.4501
5.5117
5.4921
5.5982
5.4202
5.4392
5.4208
5.3384
5.4525
5.4324
5.6169
5.5739
5.3882
5.2963
5.3387
5.3813
5.3674
5.5560
5.2721
5.4885
5.5129
5.1286
5.5176
5.5158
5.5424
5.4371
5.6542
5.6554
5.4582
5.5959
5.6362
5.5950
5.9674
5.8731
5.9708
5.9397
5.9267
5.8220
6.0328
6.0036
6.1142
5.8548
5.7606
5.6088
5.8476
5.8823
5.8827
5.8645
6.0239
6.0189
5.8724
5.5859
5.8479
5.7960
5.5858
5.6837
5.6284
5.5001
5.5128
5.5929
5.5689
5.4843
5.4309
5.5488
5.5837
5.5840
5.8569
5.7624
5.8784
5.7493
5.7511
5.8177
5.8195
5.7881
5.8741
5.6628
5.6151
5.4960
5.6101
5.4686
5.5433
5.5625
5.6329
5.5585
5.6842
5.9718
5.8785
6.0155
5.7871
5.8250
5.8839
5.8939
5.7685
5.6536
5.7052
5.6381
5.6281
5.7159
5.6526
5.6514
5.6290
5.6847
5.7978
5.7806
5.8775
5.7572
5.6908
5.8979
6.1462
5.8665
5.7908
5.7124
5.8019
5.7152
5.7112
5.5988
5.7869
5.7302
5.8302
5.7434
5.8823
5.7092
5.6666
5.7129
5.8443
6.0636
5.9647
5.8844
5.7568
5.5662
5.6779
5.7163
5.7414
6.0068
5.9510
5.8988
5.9050
5.9256
5.8469
6.0303
6.0354
6.0529
5.9276
5.9048
5.7079
5.8657
5.8892
6.0134
6.0201
5.9004
6.1558
6.0985
6.0125
6.0888
6.0280
6.1456
6.0592
6.0915
5.9394
6.0377
6.0085
5.7923
6.1029
5.9263
5.8386
5.7584
5.9608
5.7735
5.7639
5.5332
5.8446
5.9236
5.8662
5.8245
5.9710
5.8104
5.9591
5.8046
5.6588
5.5603
5.5569
5.5313
5.4885
5.4919
5.4692
5.8767
5.7006
5.7364
5.9269
5.7781
5.8641
5.8566
5.8539
5.9338
5.7121
5.6599
5.5948
5.7204
5.8841
5.8192
5.8840
5.7096
5.4809
5.6409
5.6616
5.4304
5.5721
5.6377
5.8458
5.6541
5.6563
5.6997
5.5569
5.7826
5.5397
5.7212
5.8125
5.5776
5.8079
5.9321
5.9424
5.9078
5.7568
5.8104
5.7029
5.9168
5.9804
5.8290
5.7958
5.7959
5.7584
5.7440
5.8128
5.7498
5.8020
5.9947
5.9090
5.6684
5.6506
5.7921
5.9673
5.8728
6.1024
6.1093
5.8039
5.7693
5.6688
5.5662
5.5100
5.6341
5.5316
5.5903
5.6877
5.6945
5.7070
5.7791
5.6614
5.6842
5.7587
6.0072
5.9015
5.8350
5.9351
5.8171
5.7304
6.0147
5.7073
5.5533
5.5616
5.7088
5.6367
5.5597
5.6577
5.7236
5.5946
5.6066
5.5758
5.9799
5.8667
6.0171
5.8571
5.6567
5.6400
5.4288
5.7069
5.8231
6.0789
5.7957
5.7837
5.7849
5.8715
5.8817
5.8884
5.7740
5.8084
5.6671
5.7365
5.7814
5.6964
5.8337
5.9368
5.6785
5.6707
5.6238
5.7503
5.8128
6.0089
5.8058
5.5823
5.7586
5.6039
5.5863
5.6906
5.6553
5.5760
5.5628
5.8051
5.8355
5.6510
5.5205
5.5767
5.6371
5.7127
5.5796
5.6332
5.5600
5.5468
5.6125
5.5342
5.5253
5.5649
5.5001
5.5825
5.6276
5.7099
5.5884
5.6436
5.6286
5.7060
5.7452
5.6886
5.8932
5.8638
5.7926
5.7013
5.7243
5.8719
5.7060
5.8534
5.9351
5.9949
5.9076
5.8106
5.9414
6.1016
6.2036
6.1093
6.0629
6.1573
5.8837
5.9817
5.9819
5.8058
6.0412
5.8191
5.9798
5.9713
5.7375
5.9281
5.8321
5.8063
5.8772
5.9298
5.9404
6.0491
6.0065
5.9864
6.0046
5.9571
6.0145
5.8818
5.9401
5.8773
5.8597
5.7399
5.7966
5.7074
5.8055
5.6604
5.6911
5.7618
5.7601
5.7920
5.6822
5.4554
5.7033
5.7370
5.7133
5.8480
5.9281
5.8033
5.9179
5.8322
5.9138
5.7997
5.9583
5.9517
5.8589
6.0184
5.9075
5.9132
5.9572
5.9938
5.9285
6.1307
6.1373
6.0723
5.7183
6.0450
5.9178
5.8892
5.8850
5.8627
5.8019
5.7949
5.9272
5.7226
5.8370
5.6745
5.8716
5.6754
5.7871
5.9617
5.9281
5.8251
5.8069
5.7457
5.9002
5.8268
5.7800
5.7910
6.0534
6.0229
6.0592
5.9116
5.6887
5.7775
5.9226
5.8473
5.7060
5.7567
5.6497
5.8705
6.0913
6.0545
5.9306
5.9681
5.8549
6.0101
5.7849
5.8758
5.8267
5.8627
5.7276
6.0531
5.9013
5.9824
6.0426
5.9873
6.0890
6.1435
6.0293
5.8826
6.0320
5.9360
5.8434
5.7933
5.8389
5.9303
5.9583
6.0943
5.9441
6.0911
6.0540
5.9261
5.8549
5.8626
5.9508
6.1266
6.2751
6.2275
6.1131
6.1748
6.3479
6.1804
6.0924
5.8845
5.8452
5.8808
6.1320
6.0751
6.0255
6.0736
5.9381
5.7897
5.9246
5.8219
5.9188
5.8066
5.8137
5.8561
5.9396
5.6571
5.9241
5.7485
5.5835
5.6199
5.7138
5.7324
5.5838
5.8477
5.6133
5.5382
5.6171
5.5551
5.4850
5.6063
5.6128
5.6770
5.6711
5.7242
5.6809
5.7004
5.5112
5.4591
5.3422
5.5210
5.6028
5.5233
5.6501
5.5303
5.6198
5.6405
5.6761
5.4788
5.6960
5.5347
5.5702
5.5278
5.7692
5.7638
5.4840
5.7608
5.8355
5.7821
5.7459
5.5923
5.6273
5.7999
5.6668
5.6244
5.7447
5.7323
5.8228
5.6808
5.7911
5.9770
5.8590
5.9775
5.9439
5.8553
5.7947
5.6949
5.7128
5.9707
5.6861
5.5348
5.6185
5.7403
5.6673
5.7633
5.7620
5.7900
5.8004
5.7798
5.7430
6.0280
5.8943
5.6378
5.5902
5.8056
5.9360
6.0339
5.9313
5.7890
5.8021
5.8389
5.9743
5.7804
5.7593
5.7100
5.5380
5.5624
5.6068
5.7011
5.5232
5.6620
5.5028
5.6422
5.5057
5.8039
5.5454
5.5992
5.6847
5.7527
5.6934
5.4717
5.5979
5.4562
5.5245
5.5895
5.7118
5.7518
5.6097
5.6095
5.7741
5.7876
5.7513
5.7618
5.8370
5.6993
5.5405
5.7310
5.7669
5.7068
5.7472
5.6543
5.7544
5.6427
5.8682
5.8559
5.9287
6.0506
5.9413
6.1000
6.3629
6.2495
6.0440
6.1147
5.9416
6.1064
5.8787
5.9532
5.6988
5.7111
5.9110
5.8907
5.8880
5.9781
5.7700
5.6046
5.8979
5.8755
5.6967
5.7697
5.9327
5.7530
5.6908
5.8601
5.8126
5.8179
5.7799
5.7591
5.8048
5.6976
5.7001
5.7975
5.7918
5.7386
5.4594
5.7131
5.6819
5.6222
5.7145
5.6321
5.4971
5.5339
5.4457
5.3550
5.2895
5.2232
5.4351
5.5742
5.5217
5.6481
5.4037
5.4871
5.7072
5.6092
5.5470
5.6707
5.7995
5.6208
5.7472
5.7096
5.6171
5.7650
5.7178
5.6518
5.4938
5.4899
5.4620
5.6895
5.7076
5.6120
5.6031
5.8692
5.8876
5.8385
5.9596
5.6342
5.5759
5.5572
5.6361
5.5943
5.7216
5.6880
5.6789
5.5523
5.6137
5.5953
5.6084
5.6822
5.9496
5.6649
5.6556
5.5840
5.5686
5.6035
5.5552
5.6230
5.6533
5.4220
5.6327
5.4349
5.6246
5.6301
5.5919
5.6449
5.4439
5.3819
5.4612
5.6449
5.6916
5.6575
5.7250
5.9365
5.7077
5.6554
5.8697
5.9688
5.9561
5.6925
5.7564
5.6745
5.6571
5.8584
5.7786
5.6817
5.6665
5.6989
5.7460
5.8894
5.9091
5.7642
5.7481
5.8577
5.8681
5.8894
5.7971
5.9085
5.7517
5.8346
5.9259
5.7938
5.9144
5.9922
5.6405
5.5011
5.7945
5.8451
6.0182
5.8481
5.8791
5.8071
5.7607
5.7538
5.7565
5.6420
5.8103
5.6557
5.6575
5.6411
5.6637
5.6088
5.8097
5.7724
5.6406
5.7888
5.7274
5.7001
5.8376
5.6571
5.8142
5.7495
5.7484
5.7905
5.6272
5.6243
5.7533
5.6837
5.7770
5.7669
5.7047
5.8301
5.8315
5.9896
5.7749
5.9452
5.7884
5.7299
5.7840
5.8587
5.7649
5.6142
5.5211
5.5668
5.6881
5.7140
5.7545
5.6422
5.9091
5.6924
5.7223
5.7808
5.7381
5.6133
5.9339
5.9762
5.8232
5.7322
5.7122
5.6751
5.4445
5.4813
5.6155
5.7589
5.8001
5.8070
5.6118
5.7618
5.5185
5.4911
5.6643
5.4870
5.4819
5.4495
5.5091
5.4188
5.4702
5.4096
5.6031
5.3629
5.2993
5.3497
5.5655
5.5119
5.5197
5.4793
5.4777
5.5436
5.4043
5.4983
5.4939
5.5598
5.5180
5.5316
5.3744
5.4470
5.4557
5.5151
5.6888
5.3848
5.3748
5.4761
5.6690
5.3616
5.5106
5.5438
5.6036
5.4231
5.5402
5.9403
5.6556
5.5482
5.7763
5.6142
5.4680
5.4552
5.5404
5.5073
5.5545
5.7104
5.5433
5.6690
5.7488
5.8307
5.6275
5.6909
5.6969
5.6822
5.6974
5.7011
5.5696
5.6737
5.7398
5.8968
5.8342
5.8769
5.7576
5.8876
5.7755
5.7733
5.7378
5.6716
6.0030
5.9905
5.7963
5.9297
5.8673
5.6900
5.8108
6.0733
5.8351
5.9082
5.9393
5.8478
5.9181
5.8252
5.8725
5.8526
5.9028
5.7377
5.6513
5.6899
5.8399
5.8545
5.7860
5.7922
6.0527
5.8604
5.8579
5.6444
5.5439
5.5311
5.8172
5.5444
5.5993
5.8355
5.7727
5.8015
5.9284
5.9128
5.6111
5.7081
5.9664
5.7552
5.8218
5.6965
5.8108
5.7351
5.7247
5.6638
5.5196
5.4791
5.6010
5.4495
5.8089
5.8863
5.6967
5.6322
5.5757
5.5765
5.5155
5.6408
5.7698
5.8257
5.8295
5.6549
5.7193
5.7647
5.5355
5.5436
5.6825
5.6014
5.8832
5.5891
5.8821
5.7454
5.8709
5.8766
6.0258
6.0495
5.7885
5.9729
5.6713
5.7175
5.7928
5.8718
5.8592
5.8188
5.9776
5.7932
5.7448
5.8345
6.0056
5.9463
5.8602
5.8166
5.9075
5.8338
5.8729
5.9290
6.0727
5.9599
5.8294
6.1096
5.8241
5.8654
5.9696
5.8830
6.0025
5.9178
5.7999
5.6713
6.0562
5.9288
5.8177
5.6531
5.8797
5.9554
5.8404
5.7926
5.6337
5.7995
5.7650
5.6670
5.6915
5.7009
5.9167
5.7842
5.6895
5.6661
5.7456
5.8999
5.7529
5.6902
5.6846
5.6711
5.8429
5.8029
5.6755
5.6904
5.5564
5.7357
5.7211
5.7825
5.5963
5.7165
5.5297
5.6707
5.6191
5.6971
5.7090
5.8673
5.8533
5.8550
5.7931
5.6354
5.9224
5.8668
5.9910
5.7626
5.8002
5.6715
5.8411
5.8874
5.8536
5.8205
6.0516
5.9879
5.8969
5.6859
5.7178
5.6407
5.6505
5.7959
5.8752
5.9981
5.7405
5.6920
5.6864
5.8595
5.6209
5.3636
5.7108
5.6910
5.7144
5.6056
5.7799
5.6136
5.7869
5.8404
5.7984
6.0684
5.8399
5.7930
6.0458
5.6039
5.7234
5.9624
5.8167
5.8235
5.7667
5.7233
5.6513
5.8968
5.6326
5.8602
5.6990
5.8217
5.8137
5.7998
5.7392
5.7853
5.9989
6.0288
5.7177
5.7882
5.7505
5.7271
5.7316
5.7103
5.8097
5.9999
5.7447
5.7098
5.6858
5.8201
5.9178
5.9374
5.9336
5.7377
5.9585
6.0035
5.8866
5.8734
5.9503
5.9491
6.0513
6.0074
6.0636
5.8778
6.0015
5.8492
5.7875
5.9337
6.0906
6.0929
6.1672
6.2345
6.3031
6.0722
6.3991
6.2249
6.2775
6.2559
6.2299
6.0601
6.1614
6.1776
6.1048
6.1769
6.0580
6.1367
6.0542
6.1220
6.0307
6.1840
5.8629
5.9779
5.9462
6.0367
6.0015
6.0048
5.9020
5.8974
5.8219
5.8066
5.9097
5.8316
5.8626
5.6568
5.6593
5.5866
5.6735
5.5439
5.5816
5.3994
5.7276
5.6652
5.8572
5.8663
5.8433
5.7005
5.7518
5.6838
5.8775
5.7601
5.6639
5.8231
5.9542
5.8738
5.8872
5.7903
5.7273
5.6414
5.7678
5.7041
5.7364
5.7382
5.8736
5.6563
5.7100
5.6252
5.7871
5.7082
5.8963
5.8201
5.8617
5.9504
6.0760
6.0422
6.0663
6.0003
5.8708
6.0983
6.0919
5.8476
6.0584
5.8589
5.8724
5.9967
6.0619
5.8691
5.7700
5.7613
5.7353
5.6167
5.8182
5.8513
5.9275
5.9068
6.1521
6.2588
6.0799
6.0146
5.9731
5.8157
5.9331
5.7709
5.9574
5.9850
5.8019
5.9662
6.0591
5.8189
5.8244
5.8385
5.7805
5.7585
5.6300
5.7835
5.8865
5.8437
5.7830
5.7230
5.7668
5.7638
5.8395
5.9098
6.0312
5.9753
5.8233
5.8527
5.9221
5.9228
5.8667
5.6949
5.8987
6.0251
5.7201
5.9047
5.8001
5.7678
5.9865
5.8872
5.8696
5.9322
5.7967
5.6973
5.8202
5.7333
5.7796
5.7632
5.6879
5.9191
5.6901
5.5698
5.8572
5.7026
5.8488
5.9429
6.0316
5.9400
6.1522
5.9151
5.9797
5.9875
5.8882
5.8015
5.8131
5.7195
5.6831
5.9364
5.8447
5.6770
5.7212
5.7871
5.8557
5.6491
5.6672
5.7963
5.8842
5.9517
5.7838
5.6790
6.0471
5.8299
5.7831
5.6470
5.8615
5.7305
5.7934
5.5486
5.7212
5.7364
5.5587
5.6535
5.7358
5.8189
5.5234
5.5898
5.5771
5.8285
5.6314
5.6847
5.6194
5.7341
5.7461
5.7466
5.8812
5.8223
5.7685
5.7048
5.7562
5.6848
5.6944
5.6373
5.5864
5.5332
5.6374
5.8453
5.7189
5.8024
5.8089
5.6228
5.6630
5.7019
6.0256
5.8406
5.6210
5.6695
5.6316
5.7455
5.6866
5.5263
5.7723
5.8092
5.6750
5.6919
5.7181
5.5972
5.8066
5.6793
5.8174
5.7206
5.4958
5.5323
5.5335
5.5767
5.4895
5.4439
5.4777
5.5529
5.4924
5.5186
5.4178
5.4552
5.5962
5.4520
5.6115
5.5421
5.4684
5.6519
5.6382
5.6090
5.5658
5.6692
5.5916
5.5143
5.4743
5.6614
5.6929
5.4901
5.4336
5.4517
5.4906
5.4406
5.4787
5.6287
5.7116
5.6330
5.6589
5.5697
5.5118
5.7995
5.5810
5.6669
5.8475
5.8466
5.9214
5.8657
5.6112
5.8784
5.5414
5.8412
5.7125
5.6785
5.7600
5.6683
5.8942
5.7263
5.6232
5.6422
5.9458
5.6387
5.6971
5.8101
5.5736
5.6199
5.7178
5.8114
5.6802
5.8866
5.6440
5.7001
5.5392
5.3209
5.3715
5.6552
5.5618
5.7036
5.5482
5.4023
5.6113
5.7039
5.7535
5.7424
5.7347
5.7130
5.8336
5.7768
5.7047
5.7715
5.6452
5.5800
5.6836
5.7005
5.6667
5.6486
5.8260
5.6133
5.4668
5.6601
5.6814
5.6498
5.5964
5.7792
5.8320
5.8831
5.9289
5.8679
6.0539
5.9327
5.9059
5.8475
5.9328
6.0581
5.9593
5.9507
5.7567
5.6522
5.7384
5.7316
5.5460
5.6451
5.7412
5.7985
5.6132
5.7289
5.7532
5.8490
5.9211
5.8937
5.7232
5.8523
5.8467
5.8855
5.8468
5.6101
5.6483
5.6917
5.7401
5.7666
5.6276
5.7410
5.8677
5.8654
5.8128
5.7832
5.6877
5.6204
5.5654
5.9077
5.7960
5.6850
5.7817
5.6484
5.8370
5.9866
6.0276
6.0285
5.7896
5.8965
5.7065
6.0025
5.6289
5.9297
5.9507
5.8548
5.8552
5.7615
5.6543
5.5241
5.5526
5.7037
5.4698
5.5279
5.5342
5.4124
5.5828
5.6945
5.5434
5.6765
5.6890
5.5892
5.7652
5.6290
5.6413
5.5839
5.8164
5.7151
5.5589
5.6308
5.7217
5.5050
5.4856
5.5847
5.7285
5.6535
5.6801
5.7961
5.6324
5.6921
5.6395
5.8615
5.8488
5.5836
5.5473
5.7010
5.5681
5.8168
5.7942
5.8592
5.8573
5.8199
5.6735
5.8654
6.0263
5.9936
5.9560
5.9512
5.9101
5.8596
5.9370
5.9514
5.8251
5.7459
5.7684
5.6782
5.4991
5.6804
5.6385
5.5823
5.4286
5.7297
5.6658
5.6876
5.8751
5.7211
5.6501
5.5531
5.6854
5.6383
5.5875
5.4402
5.5261
5.6669
5.6872
5.8271
5.6796
5.9030
5.8607
5.7543
5.7393
5.7673
5.7175
5.6414
5.7324
5.7658
5.7835
5.7420
5.8211
5.7873
5.6023
5.5910
5.7782
5.9334
5.8094
5.8075
5.9095
5.7583
5.5255
5.7502
5.6375
5.5732
5.6389
5.8359
5.6628
5.6085
5.6728
5.7303
5.7520
5.7692
5.8847
5.7972
5.7869
5.8061
5.8009
5.7711
5.7775
5.9143
5.7791
5.6928
5.7880
5.9038
5.9297
5.7138
5.6520
5.5385
5.6625
5.6849
5.9813
5.8874
5.8377
5.9124
5.8879
5.6816
5.7492
5.7138
5.6473
5.7580
5.7520
5.5923
5.6107
5.6202
5.8184
5.6524
5.5894
5.6151
5.5264
5.5020
5.5684
5.7113
5.4393
5.2941
5.3963
5.4501
5.4694
5.4468
5.3576
5.3907
5.4512
5.4407
5.5627
5.5835
5.5845
5.7774
5.8321
5.7182
5.6576
5.7789
5.6526
5.5679
5.6378
5.5904
5.6398
5.7596
5.7862
5.9010
6.0246
6.0878
5.9451
5.7593
5.8772
5.5600
5.7911
5.5844
5.7095
5.9250
5.8962
5.7081
5.8706
5.6146
5.8776
5.8337
5.9115
5.8460
5.7293
5.6921
5.6015
5.6446
5.6670
5.6927
5.4731
5.5936
5.6885
5.7808
5.6231
5.6007
5.7981
5.6940
5.6521
5.6698
5.5903
5.8354
5.7294
5.6910
5.6444
5.5844
5.4742
5.5818
5.5411
5.5773
5.7147
5.6118
5.9206
5.7729
5.8171
5.6774
5.5045
5.4013
5.5857
5.5753
5.6207
5.4760
5.6527
5.7898
5.8109
5.5695
5.6543
5.5847
5.5671
5.6750
5.6457
5.4289
5.4318
5.5876
5.5623
5.6291
5.5062
5.5089
5.6163
5.8116
5.8599
5.8411
5.7707
5.9574
5.8393
5.7785
5.7640
5.8248
5.8673
6.0554
6.1936
5.9738
6.1693
6.0676
6.0207
5.9568
6.1227
6.0912
5.7696
5.7883
5.8419
5.8341
5.8387
5.9006
5.7451
5.8007
5.9799
5.8024
5.7629
5.6587
5.6697
5.7438
5.7281
5.7018
5.8858
5.7425
5.7364
5.9505
5.8334
6.0860
5.8760
5.8444
5.7654
5.8555
5.7804
5.8769
5.9192
5.9396
5.9826
6.1703
5.9982
6.0238
5.9721
6.1232
6.1659
6.0966
6.1440
5.9382
5.7656
5.8537
5.7769
5.8730
5.9833
6.0518
5.9464
5.7966
5.7665
5.8291
5.8744
5.9053
6.0888
6.0591
5.8874
5.9264
5.8221
6.0350
5.9326
6.0591
5.9777
5.9320
5.9237
5.9239
6.0083
6.0975
5.8648
6.0603
5.9303
5.8704
5.8010
5.8191
5.9247
5.9018
5.8744
5.8647
5.9212
5.7641
5.8208
5.7469
5.8070
5.9420
5.9183
6.0111
6.0416
6.1952
5.9497
5.9144
5.9754
6.0299
5.9534
6.0622
6.1385
5.9186
5.7503
5.8790
5.8887
5.8006
5.8279
5.6759
5.7127
5.7613
5.8319
5.6471
5.8056
5.7743
5.9312
5.6889
5.8794
5.9434
5.6499
5.5952
5.5354
5.5395
5.5748
5.6207
5.6654
5.7463
5.7588
5.6596
5.8332
5.6843
5.7566
5.6855
5.6149
5.7558
5.6060
5.7197
5.7266
5.6091
5.6008
5.6413
5.4223
5.5701
5.7006
5.5976
5.6908
5.5710
5.7302
5.9176
5.7411
5.7297
5.7435
5.7689
5.6934
5.6243
5.4485
5.4509
5.3388
5.5644
5.7872
5.6790
5.5185
5.4368
5.7487
5.7329
5.6584
5.5555
5.6938
5.6992
5.6790
5.6909
5.6950
5.6401
5.6399
5.5696
5.5711
5.4596
5.4407
5.6149
5.4129
5.3199
5.4498
5.4755
5.4207
5.6549
5.6295
5.5674
5.3355
5.6151
5.3836
5.3498
5.4467
5.4934
5.5097
5.4534
5.5354
5.3929
5.3242
5.4256
5.5041
5.7367
5.6333
5.4816
5.4888
5.4945
5.5524
5.5539
5.6086
5.6839
5.7841
5.6701
5.3746
5.4197
5.3990
5.3649
5.4643
5.3400
5.2638
5.4565
5.4994
5.3692
5.3985
5.4821
5.4420
5.4396
5.2637
5.2126
5.3143
5.5482
5.5464
5.4432
5.3585
5.4118
5.1998
5.2905
5.2422
5.3282
5.3178
5.3704
5.3726
5.6245
5.4824
5.5758
5.6445
5.6125
5.6202
5.7302
5.3744
5.4638
5.4711
5.5188
5.5385
5.5925
5.5611
5.4541
5.5162
5.5665
5.5408
5.6110
5.4738
5.4904
5.5952
5.5118
5.6671
5.7801
5.4876
5.4221
5.2747
5.4957
5.2693
5.4761
5.4764
5.4368
5.5451
5.6395
5.5467
5.7028
5.6907
5.5476
5.6383
5.7079
5.6072
5.6213
5.4763
5.4986
5.5146
5.5025
5.3796
5.4040
5.4992
5.6378
5.8056
5.6796
5.5430
5.6283
5.6539
5.4887
5.5523
5.3511
5.4163
5.4463
5.5996
5.2671
5.6389
5.6744
5.5406
5.6640
5.7535
5.7524
5.7267
5.7193
5.6714
5.8387
5.6378
5.7828
5.6165
5.5661
5.8138
5.7969
5.8656
5.6757
5.6185
5.6724
5.6982
5.6785
5.7489
5.7486
5.5909
5.7225
5.6595
5.7508
5.6926
5.8028
5.6458
5.7376
5.6908
5.5246
5.6844
5.6325
5.6874
5.4479
5.4989
5.5746
5.6622
5.9205
5.7544
5.6309
5.6407
5.7398
5.5229
5.5997
5.5073
5.7236
5.6502
5.5692
5.6091
5.4809
5.6170
5.5436
5.3671
5.5089
5.5608
5.5337
5.6371
5.4959
5.4711
5.4420
5.5347
5.5292
5.5603
5.5843
5.5489
5.4607
5.5240
5.4793
5.4815
5.5289
5.5859
5.4714
5.5937
5.5972
5.3733
5.3858
5.3523
5.5242
5.3545
5.5110
5.4863
5.5097
5.3783
5.3014
5.4511
5.4685
5.2266
5.3249
5.5654
5.5801
5.5900
5.5995
5.4423
5.3645
5.4069
5.7047
5.4384
5.5198
5.4337
5.3480
5.3022
5.3255
5.4050
5.3740
5.3284
5.4539
5.4266
5.3997
5.3776
5.3505
5.2070
5.2070
5.2549
5.2687
5.2666
5.2604
5.4004
5.5270
5.5836
5.4979
5.5541
5.5417
5.6780
5.4018
5.4702
5.6156
5.5940
5.5351
5.4048
5.5481
5.4187
5.4147
5.5245
5.6340
5.6760
5.5822
5.7969
5.6922
5.5887
5.5900
5.5780
5.4127
5.4835
5.6575
5.5503
5.6754
5.7077
5.6576
5.6472
5.5889
5.7605
5.6958
5.7093
5.5804
5.7926
5.7824
5.7964
5.7644
5.7828
5.8499
5.7604
5.5362
5.6081
5.5697
5.7741
5.7835
5.8451
5.7367
5.9954
5.9076
5.8419
5.9061
5.8087
5.4845
5.5395
5.3889
5.4011
5.4605
5.3220
5.4677
5.5010
5.4839
5.4142
5.5440
5.5015
5.6385
5.6235
5.5286
5.7374
5.6535
5.5581
5.4744
5.6046
5.3753
5.3243
5.4503
5.5238
5.5954
5.4429
5.4687
5.4699
5.6180
5.5249
5.4531
5.4842
5.4191
5.4776
5.2876
5.4008
5.4431
5.5115
5.5715
5.4856
5.6419
5.4378
5.7339
5.6932
5.4406
5.7123
5.5455
5.5034
5.6917
5.7919
5.5962
5.8107
5.8233
5.5575
5.7399
5.7540
5.9814
5.8448
5.7558
6.0327
5.8466
6.1270
5.7889
5.7983
5.6594
5.5479
5.6472
5.7720
5.5453
5.6719
5.6670
5.5957
5.6623
5.5889
5.5528
5.5465
5.5368
5.4341
5.5083
5.5183
5.5008
5.5481
5.5246
5.4992
5.3390
5.4780
5.5979
5.5676
5.4156
5.3929
5.3758
5.4541
5.3978
5.6105
5.4994
5.4627
5.5446
5.4493
5.4345
5.3698
5.4584
5.4975
5.6659
5.5736
5.6879
5.5497
5.6279
5.4648
5.5444
5.5093
5.5250
5.5928
5.6244
5.7185
5.5276
5.5457
5.7065
5.7467
5.6850
5.8419
5.5544
5.5673
5.5714
5.5455
5.4915
5.6696
5.7445
5.8019
5.6387
5.6345
5.6097
5.5448
5.5619
5.4081
5.5528
5.4203
5.5501
5.3852
5.4774
5.5480
5.5630
5.5572
5.6046
5.5327
5.4660
5.4834
5.4061
5.1213
5.3968
5.3764
5.3967
5.3579
5.5562
5.5784
5.4386
5.4723
5.5450
5.4932
5.5249
5.5103
5.6116
5.6078
5.6286
5.4660
5.4931
5.5836
5.6584
5.5218
5.6347
5.6413
5.6334
5.5890
5.6252
5.5015
5.4822
5.5994
5.3714
5.4986
5.5656
5.4310
5.6128
5.5754
5.6256
5.5220
5.5820
5.5960
5.5927
5.6433
5.6906
5.5928
5.6066
5.5379
5.5444
5.6059
5.4734
5.4730
5.6009
5.5693
5.4906
5.4851
5.4812
5.5157
5.6623
5.6953
5.6616
5.8230
5.9959
5.6685
5.6921
5.7023
5.5479
5.5273
5.7069
5.6684
5.5209
5.7697
5.4395
5.6916
5.6754
5.6688
5.6978
5.7485
5.7670
5.4449
5.4528
5.5219
5.2862
5.4061
5.3391
5.2174
5.4496
5.4098
5.3663
5.3188
5.4168
5.4204
5.5661
5.4657
5.5801
5.6115
5.6263
5.7428
5.7682
5.6130
5.6295
5.6820
5.7614
5.7963
5.6379
5.6063
5.7243
5.7246
5.5215
5.5363
5.5592
5.4130
5.5912
5.5864
5.5199
5.4379
5.5207
5.5631
5.5740
5.5281
5.6087
5.6231
5.5919
5.5191
5.3577
5.3046
5.3797
5.5090
5.5454
5.4837
5.3657
5.6244
5.5845
5.6874
5.5924
5.7425
5.5580
5.5926
5.7055
5.6127
5.8357
5.8081
5.7811
5.6070
5.5350
5.6655
5.8442
5.6555
5.7309
5.7766
5.7775
5.9504
5.8367
5.8882
5.7738
5.5831
5.7429
5.6110
5.6379
5.5173
5.6381
5.6135
5.4655
5.6751
5.6331
5.7040
5.6880
5.9208
5.8141
5.8536
5.7373
5.6624
5.5480
5.6458
5.6930
5.8223
5.7535
5.5321
5.6110
5.5287
5.6146
5.4757
5.6262
5.7420
5.6796
5.7513
5.7644
5.6056
5.6056
5.6367
5.7226
5.7986
5.5425
5.6467
5.7017
5.4341
5.6826
5.6129
5.6582
5.6438
5.7445
5.6950
5.5767
5.6381
5.5230
5.5705
5.5705
5.5254
5.6625
5.7620
5.5374
5.6183
5.4597
5.5637
5.6002
5.5035
5.5381
5.4014
5.4811
5.5855
5.7171
5.7691
5.5150
5.5713
5.6209
5.5099
5.3922
5.5676
5.4328
5.6158
5.5328
5.4885
5.6312
5.7093
5.6690
5.3372
5.4670
5.5578
5.5462
5.6018
5.5065
5.4858
5.5129
5.3528
5.5303
5.6600
5.5544
5.8824
5.5101
5.5776
5.7721
5.4838
5.4954
5.6484
5.6661
5.5504
5.5455
5.6011
5.5047
5.4341
5.4781
5.4427
5.3919
5.3146
5.3257
5.3523
5.4096
5.5032
5.6476
5.4667
5.4968
5.6344
5.5614
5.5116
5.6067
5.7237
5.6246
5.5987
5.5933
5.5380
5.6104
5.6459
5.7223
5.7234
5.8119
5.7303
5.5728
5.7941
5.7361
5.6383
5.5698
5.8324
5.6342
5.6144
5.5622
5.9148
5.6597
5.6301
5.5181
5.7989
5.7720
5.3772
5.6740
5.6837
5.6798
5.6149
5.5878
5.8639
5.4362
5.5548
5.3805
5.3622
5.4344
5.3460
5.4195
5.4323
5.4136
5.4631
5.3529
5.4372
5.5922
5.6143
5.5669
5.4586
5.1362
5.2085
5.2467
5.4107
5.3584
5.2786
5.4159
5.4281
5.4604
5.3885
5.3256
5.5141
5.3188
5.6217
5.4354
5.2964
5.5540
5.4320
5.5238
5.3676
5.3828
5.2510
5.3349
5.1889
5.3177
5.4007
5.3483
5.2957
5.3796
5.3825
5.4832
5.3346
5.3978
5.4228
5.3661
5.2967
5.2529
5.2999
5.2120
5.3504
5.2178
5.2694
5.3408
5.2312
5.2320
5.2790
5.4395
5.4389
5.4032
5.3535
5.2261
5.4441
5.5251
5.4817
5.2436
5.3971
5.1404
5.1276
5.1069
5.0859
5.2870
5.4785
5.3383
5.3866
5.2939
5.3155
5.3103
5.0838
5.2163
5.3504
5.1905
5.1460
5.3540
5.3840
5.2442
5.3712
5.4633
5.4751
5.3116
5.5105
5.3005
5.3986
5.3575
5.4480
5.4433
5.4398
5.3570
5.5631
5.4782
5.3828
5.5141
5.2743
5.5209
5.4367
5.3793
5.3291
5.5411
5.2471
5.3174
5.3339
5.3116
5.1591
5.1099
5.2481
5.1332
5.1514
5.2376
5.2152
5.1942
5.2691
5.2685
5.2898
5.1316
5.0606
5.1333
5.3561
5.3074
5.1543
5.1992
5.2492
5.3602
5.2065
5.3026
5.2667
5.2180
5.1894
5.0246
5.0224
5.1190
4.9925
5.0833
5.1980
5.0798
5.0615
5.2862
5.0800
5.2416
5.2098
5.0902
5.1841
5.1822
5.1790
5.2592
5.1056
5.2152
5.1670
5.2066
5.1070
5.1950
5.2260
5.2570
5.3403
5.1900
5.3421
5.1767
5.1455
5.5153
5.3553
5.1862
5.2524
5.4454
5.3729
5.4831
5.3473
5.4345
5.3111
5.2091
5.2277
5.4370
5.3844
5.4454
5.4798
5.5734
5.3550
5.3684
5.4907
5.3919
5.3378
5.2822
5.2841
5.2358
5.2462
5.3935
5.4799
5.4777
5.5407
5.3728
5.4048
5.6371
5.6614
5.4223
5.3473
5.2422
5.4106
5.4392
5.4528
5.4646
5.3433
5.3897
5.3374
5.2769
5.1240
5.2120
5.1134
5.2226
5.3005
5.1265
5.1845
5.1935
5.4090
5.2978
5.2759
5.2124
5.0416
5.1424
5.2308
5.1547
5.2515
5.1914
5.0999
5.3190
5.1557
5.2736
5.2762
5.2987
5.3765
5.2383
5.3613
5.3801
5.4345
5.3351
5.3729
5.2932
5.2498
5.3936
5.3708
5.3151
5.2058
5.3424
5.2427
5.3831
5.1293
5.3289
5.1957
5.4255
5.4314
5.5118
5.4571
5.4344
5.5566
5.3692
5.3502
5.5000
5.5485
5.5624
5.6342
5.6885
5.7336
5.5936
5.6141
5.6630
5.5151
5.5673
5.4976
5.3715
5.5206
5.5543
5.5842
5.5591
5.5265
5.4806
5.3632
5.4366
5.2977
5.4665
5.4488
5.3714
5.5167
5.3956
5.6017
5.5196
5.6472
5.6053
5.5265
5.3897
5.6450
5.6474
5.5320
5.5935
5.5060
5.5247
5.5809
5.5037
5.4938
5.6173
5.5556
5.4461
5.5806
5.3518
5.5252
5.3950
5.4233
5.3080
5.3502
5.4274
5.3619
5.4331
5.4345
5.5388
5.5465
5.4701
5.3718
5.4638
5.5280
5.5277
5.4831
5.3134
5.3710
5.6046
5.4221
5.2710
5.4759
5.6067
5.7496
5.5930
5.4549
5.5068
5.4412
5.4376
5.4715
5.4349
5.3353
5.3806
5.3050
5.3309
5.5036
5.4229
5.5196
5.5858
5.5902
5.3795
5.4237
5.3509
5.5993
5.5521
5.4199
5.3948
5.3103
5.4064
5.3923
5.3862
5.3649
5.3048
5.2305
5.4063
5.3476
5.4325
5.3673
5.4578
5.4240
5.3040
5.3773
5.4793
5.2357
5.4295
5.5157
5.6410
5.3490
5.3195
5.4464
5.4349
5.2064
5.3092
5.2610
5.4659
5.3354
5.3631
5.4175
5.4692
5.5122
5.6666
5.5732
5.2891
5.4784
5.5042
5.6147
5.4843
5.5144
5.4921
5.4988
5.3715
5.2532
5.4442
5.2527
5.2213
5.3191
5.4032
5.5326
5.5142
5.3784
5.4507
5.4248
5.5850
5.4678
5.6461
5.6603
5.7296
5.4500
5.5748
5.5007
5.5545
5.6201
5.4504
5.6406
5.5100
5.5574
5.3433
5.5335
5.4439
5.6904
5.4100
5.4540
5.3065
5.3703
5.4577
5.3402
5.5601
5.9667
5.7858
6.0713
5.8793
5.6248
5.6145
5.6833
5.5389
5.7135
5.5935
5.6552
5.6423
5.7889
5.8879
5.7069
5.7685
5.6285
5.5555
5.6435
5.6619
5.7225
5.7324
5.7765
5.5692
5.6523
5.6616
5.6147
5.6951
5.6810
5.5255
5.5197
5.4775
5.5716
5.5800
5.5760
5.6486
5.6426
5.5662
5.6088
5.5422
5.5588
5.6704
5.5873
5.7219
5.6088
5.4657
5.5378
5.6819
5.5087
5.5761
5.6068
5.5300
5.4213
5.5478
5.5432
5.7824
5.7300
5.6514
5.8059
5.6152
5.5835
5.6257
5.7093
5.5663
5.6041
5.5846
5.7965
5.6502
5.9203
5.8984
5.6491
5.5988
5.4802
5.4692
5.4919
5.5932
5.5038
5.4364
5.7086
5.4813
5.4951
5.3595
5.3712
5.5051
5.6869
5.5448
5.5487
5.4705
5.7249
5.6076
5.5948
5.5418
5.4438
5.3708
5.3228
5.3102
5.4449
5.4416
5.4668
5.4373
5.4898
5.5229
5.5571
5.3805
5.5952
5.5524
5.4556
5.4399
5.5112
5.5590
5.6033
5.6064
5.6042
5.5807
5.4245
5.5863
5.5858
5.4760
5.6130
5.7666
5.3983
5.4561
5.2776
5.2821
5.3215
5.5357
5.5416
5.3528
5.4036
5.4037
5.3263
5.3252
5.4999
5.4268
5.4210
5.3279
5.3676
5.3884
5.4714
5.4236
5.5235
5.4083
5.6307
5.3783
5.4049
5.3023
5.3097
5.4879
5.3110
5.3640
5.4869
5.3624
5.6128
5.5313
5.7944
5.7502
5.5765
5.6736
5.7203
5.7952
5.4090
5.5124
5.6012
5.6629
5.6662
5.7764
5.7602
5.7847
5.6008
5.6019
5.5796
5.4665
5.3959
5.5163
5.5200
5.3658
5.6602
5.5303
5.6028
5.7170
5.6530
5.6936
5.7811
5.6459
5.6217
5.7172
5.6585
5.5600
5.5887
5.4668
5.4063
5.6131
5.6208
5.6958
5.5871
5.6830
5.6357
5.6230
5.4103
5.5752
5.8089
5.8662
5.7464
5.7148
5.5249
5.4414
5.7248
5.6844
5.6895
5.6845
5.7110
5.8040
5.6772
5.6534
5.6163
5.7240
5.7861
5.7531
5.6808
5.6334
5.7304
5.7604
5.6158
5.4722
5.4778
5.4920
5.6344
5.6887
5.7448
5.8103
5.8086
6.0114
5.8352
5.7217
5.5504
5.7198
5.7306
5.6572
5.7080
5.5703
5.5608
5.5794
5.7560
5.7587
5.5687
5.3756
5.5898
5.3564
5.5790
5.6241
5.4894
5.5398
5.4399
5.6160
5.5474
5.6199
5.6924
5.6885
5.6838
5.7822
5.7262
5.8689
5.6550
5.6217
5.7544
5.7201
5.7037
5.5159
5.5164
5.6334
5.5387
5.5019
5.6294
5.6838
5.7260
5.5467
5.4736
5.6755
5.4359
5.4663
5.3383
5.5460
5.3183
5.3723
5.4939
5.5294
5.5383
5.3609
5.4960
5.4494
5.7751
5.7661
5.7777
5.8165
5.7586
5.6694
5.6773
5.5298
5.4816
5.5755
5.8708
5.6764
5.5238
5.5632
5.5137
5.6102
5.6587
5.6462
5.5313
5.5925
5.8325
5.6518
5.6199
5.5772
5.7167
5.5505
5.6177
5.6133
5.8790
5.5617
5.5820
5.6458
5.6739
5.6827
5.5727
5.6058
5.6268
5.5433
5.5613
5.4058
5.2707
5.4318
5.3908
5.5440
5.5644
5.4090
5.4786
5.4370
5.3197
5.4527
5.4550
5.3840
5.3991
5.5419
5.4118
5.3470
5.3632
5.2086
5.3037
5.3732
5.3762
5.5037
5.4973
5.4543
5.4103
5.4274
5.5423
5.5767
5.5968
5.5772
5.5391
5.6501
5.5301
5.4678
5.4507
5.3877
5.3209
5.2765
5.4719
5.2931
5.3733
5.3476
5.6003
5.5955
5.4554
5.3487
5.5460
5.2917
5.2775
5.2633
5.3050
5.3599
5.4941
5.3097
5.4657
5.4289
5.6177
5.4587
5.5416
5.5568
5.6569
5.5830
5.6485
5.7064
5.5713
5.4980
5.6050
5.6241
5.5568
5.4405
5.3990
5.3668
5.8146
5.7242
5.4581
5.5414
5.4106
5.4489
5.6182
5.6556
5.4576
5.5158
5.3545
5.4968
5.4691
5.4068
5.5146
5.5916
5.5488
5.6957
5.8017
5.6162
5.8753
5.7315
5.6683
5.5670
5.3856
5.6440
5.4612
5.4508
5.5436
5.4465
5.5268
5.7801
5.7431
5.5693
5.6390
5.7412
5.6309
5.8048
5.5678
5.5353
5.6057
5.7669
5.6899
5.6933
5.7984
5.8637
5.7399
5.7494
5.7061
5.6671
5.4748
5.5414
5.6633
5.7748
5.6060
5.6614
5.5982
5.3225
5.3908
5.5333
5.5411
5.5459
5.6430
5.6070
5.5158
5.5232
5.5893
5.5453
5.5585
5.6421
5.5263
5.5306
5.6235
5.8321
5.8533
5.9360
5.7686
5.9581
5.8829
5.9325
5.8225
5.8237
5.6038
5.5154
5.5697
5.5477
5.4532
5.3982
5.6438
5.3734
5.5310
5.3675
5.2944
5.3574
5.2816
5.3003
5.3313
5.2609
5.2858
5.3107
5.2317
5.2956
5.0746
5.2199
5.2728
5.4366
5.3922
5.3789
5.4098
5.3177
5.5889
5.4975
5.5381
5.5056
5.4547
5.4025
5.4046
5.4188
5.5484
5.5963
5.4584
5.4661
5.5846
5.6356
5.4692
5.3952
5.2872
5.3442
5.3299
5.3881
5.5504
5.3720
5.4224
5.3100
5.4503
5.3521
5.2996
5.4580
5.4463
5.3470
5.3487
5.3228
5.4920
5.5005
5.4464
5.5453
5.8209
5.9044
5.7332
5.6281
5.5366
5.5068
5.3492
5.4899
5.5930
5.5532
5.6116
5.5893
5.5321
5.4689
5.6797
5.5071
5.4688
5.4270
5.3242
5.3950
5.4413
5.4821
5.5324
5.5096
5.4964
5.7493
5.7651
5.8698
5.5906
5.3590
5.5523
5.6595
5.5674
5.6590
5.4703
5.4626
5.5765
5.6568
5.6440
5.5512
5.6261
5.5573
5.5693
5.5952
5.6260
5.7182
5.6153
5.5392
5.5501
5.5651
5.5282
5.2745
5.5841
5.4389
5.4920
5.3920
5.6386
5.5022
5.6246
5.4826
5.4591
5.4210
5.5976
5.5724
5.7299
5.5020
5.6996
5.7386
5.6530
5.7154
5.6711
5.7918
5.7720
5.7094
5.6992
5.6726
5.7840
5.7404
5.7145
5.5827
5.5325
5.6221
5.5413
5.4240
5.4681
5.5361
5.4992
5.5348
5.3044
5.5241
5.3404
5.4997
5.3789
5.4767
5.5809
5.5228
5.3545
5.5545
5.5870
5.5303
5.5325
5.4273
5.5711
5.7211
5.5780
5.5944
5.3905
5.6187
5.5394
5.2965
5.6021
5.6177
5.9342
5.8374
5.7733
5.7889
5.5881
5.7224
5.7908
5.7927
5.6988
5.7911
5.7542
5.6642
5.5960
5.8447
5.8012
5.6838
5.7085
5.9068
5.7513
5.6588
5.5032
5.8001
5.4327
5.4762
5.7131
5.6398
5.5342
5.5812
5.4723
5.5183
5.6812
5.3321
5.5508
5.5562
5.5155
5.5024
5.6508
5.3153
5.5553
5.4522
5.5404
5.5315
5.1531
5.3594
5.5184
5.2582
5.4368
5.3033
5.4269
5.5529
5.4043
5.3882
5.6004
5.4311
5.4078
5.4171
5.4525
5.4389
5.4931
5.4665
5.3624
5.4391
5.5811
5.3621
5.5220
5.5492
5.5167
5.4677
5.5809
5.7720
5.8087
5.5686
5.5420
5.3119
5.3964
5.5633
5.5427
5.4795
5.6970
5.5945
5.6251
5.2155
5.5055
5.4395
5.4823
5.4971
5.6298
5.5266
5.5962
5.5421
5.5314
5.5584
5.7760
5.4030
5.4879
5.4438
5.4595
5.6018
5.6120
5.7414
5.7152
5.7645
5.5299
5.5245
5.5555
5.4393
5.5211
5.5637
5.4705
5.5643
5.7270
5.6030
5.5759
5.4312
5.4571
5.5176
5.4452
5.1942
5.3217
5.5407
5.6185
5.7411
5.4013
5.3994
5.5394
5.3508
5.5728
5.4978
5.3710
5.1935
5.3989
5.2553
5.3623
5.4622
5.6390
5.7221
5.6717
5.6393
5.4811
5.4613
5.1224
5.2341
5.2080
5.3100
5.4607
5.5933
5.1548
5.2600
5.2347
5.3047
5.1443
5.3840
5.4878
5.7336
5.6339
5.4886
5.4017
5.4459
5.3610
5.5011
5.5394
5.4685
5.4709
5.2155
5.5628
5.0596
5.1705
5.1814
5.4464
5.3112
5.2284
5.1850
5.2984
5.2873
5.2693
5.2275
5.4818
5.5832
5.4978
5.5506
5.5544
5.5752
5.3396
5.3163
5.3570
5.4622
5.4935
5.3513
5.4219
5.4576
5.3286
5.2874
5.3396
5.2320
5.3096
5.2714
5.3047
5.4141
5.5927
5.5658
5.7539
5.7601
5.8314
5.6771
5.6544
5.3877
5.3432
5.4677
5.3552
5.4105
5.4489
5.3251
5.4670
5.4336
5.4485
5.6826
5.6296
5.6581
5.7810
5.6313
5.5840
5.7448
5.6580
5.9068
5.6159
5.4458
5.3930
5.4089
5.4667
5.4040
5.4385
5.5009
5.4756
5.5566
5.4629
5.5421
5.6807
5.6177
5.3772
5.4072
5.3863
5.4814
5.4439
5.5536
5.3901
5.2056
5.3128
5.3211
5.5421
5.6299
5.6253
5.7735
5.7794
5.7330
5.6360
5.5596
5.8125
5.6985
5.8024
5.6564
5.5441
5.4789
5.5396
5.5409
5.5568
5.4823
5.6341
5.3031
5.6218
5.6754
5.5012
5.6382
5.5156
5.7287
5.9242
5.7805
5.5465
5.4558
5.4334
5.7275
5.6501
5.4659
5.5751
5.5452
5.5240
5.5822
5.5055
5.4809
5.7156
5.7285
5.6524
5.4654
5.4711
5.4228
5.5114
5.4638
5.5796
5.6225
5.5690
5.6247
5.4730
5.4400
5.5667
5.3111
5.4293
5.5470
5.3868
5.6214
5.6854
5.5983
5.7560
5.8028
5.5152
5.4990
5.4088
5.6718
5.6538
5.5523
5.4460
5.5213
5.7375
5.6921
5.6328
5.5281
5.5652
5.6608
5.6566
5.5928
5.6780
5.5832
5.5175
5.3986
5.1864
5.3458
5.3237
5.4120
5.6932
5.4294
5.5281
5.5385
5.5136
5.5531
5.5064
5.4893
5.4678
5.3371
5.5637
5.5620
5.7550
5.6561
5.5808
5.6995
5.4103
5.4885
5.5312
5.5698
5.5193
5.5726
5.8005
5.8020
5.7071
5.8030
5.5617
5.4748
5.6404
5.5338
5.4612
5.3779
5.5735
5.4491
5.4444
5.5882
5.4599
5.8759
5.6190
5.6530
5.6283
5.4715
5.4051
5.7024
5.4968
5.3443
5.5523
5.5388
5.5022
5.4945
5.6000
5.5745
5.6842
5.5048
5.5294
5.5632
5.5962
5.5767
5.6010
5.5065
5.5325
5.6823
5.6837
5.7363
5.6306
5.6927
5.7582
5.6042
5.7441
5.5637
5.7222
5.6426
5.7771
5.8534
5.8839
5.8859
5.8593
5.8496
5.8670
5.9424
5.9681
5.6683
5.7849
5.7543
5.6802
5.6975
5.7749
5.5439
5.6630
5.5615
5.8194
5.4551
5.5725
5.5328
5.6417
5.5443
5.5983
5.6881
5.5481
5.5971
5.5977
5.3455
5.6045
5.5042
5.6185
5.6966
5.6119
5.5936
5.7239
5.5064
5.5529
5.5849
5.3714
5.4034
5.4778
5.4383
5.4619
5.5870
5.3383
5.4034
5.3619
5.3132
5.4781
5.4955
5.3937
5.4647
5.4691
5.5910
5.5644
5.4450
5.4809
5.6226
5.7130
5.6304
5.8379
5.6539
5.7528
5.5781
5.6341
5.7170
5.5168
5.5844
5.6746
5.5109
5.4935
5.5403
5.6139
5.6748
5.4994
5.6396
5.6541
5.4118
5.5085
5.4800
5.5826
5.3993
5.3161
5.2440
5.3176
5.5204
5.4162
5.4996
5.7439
5.7811
5.6797
5.6020
5.6539
5.5524
5.5396
5.6320
5.4751
5.2998
5.3516
5.2776
5.3156
5.3523
5.3817
5.3405
5.3989
5.4200
5.5119
5.4511
5.5228
5.6098
5.6468
5.4189
5.5223
5.4364
5.4198
5.5032
5.4012
5.6969
5.6953
5.6236
5.7787
5.8953
5.7211
5.8985
5.7080
5.7183
5.6207
5.7263
5.5285
5.7147
5.6152
5.4865
5.6240
5.7686
5.8141
5.6517
5.5092
5.5718
5.5000
5.6811
5.5383
5.7454
5.6916
5.5348
5.5206
5.4641
5.5294
5.4361
5.3132
5.3917
5.6390
5.5739
5.5841
5.5609
5.5579
5.6721
5.6447
5.6210
5.5421
5.4589
5.5678
5.4574
5.8088
5.7171
5.6205
5.6449
5.7102
5.5862
5.6265
5.5907
5.4848
5.2643
5.5113
5.4051
5.4045
5.2386
5.4233
5.5404
5.4803
5.3968
5.5723
5.5850
5.4967
5.6013
5.5580
5.6928
5.7510
5.6784
5.5038
5.4984
5.3694
5.4686
5.4410
5.2662
5.5055
5.5099
5.4678
5.4418
5.6798
5.6561
5.8227
5.6039
5.6028
5.6206
5.7316
5.6517
5.5995
5.7128
5.6509
5.6370
5.6725
5.5583
5.5713
5.3564
5.2730
5.2913
5.3085
5.4247
5.4833
5.3741
5.6109
5.8410
5.7186
5.8320
5.7747
5.7357
5.8076
5.7314
5.8005
5.9644
5.9974
5.7104
6.0492
5.7991
5.8171
5.8790
5.8832
5.8506
5.8120
5.8456
6.0504
5.9531
5.8379
5.7201
5.7987
5.6856
5.5420
5.6374
5.4964
5.5550
5.4172
5.4923
5.4134
5.6848
5.6846
5.8211
5.5669
5.5932
5.4431
5.4010
5.5615
5.4529
5.3547
5.2602
5.2130
5.2198
5.3546
5.5410
5.3538
5.3734
5.5663
5.4826
5.5035
5.5307
5.4698
5.4445
5.4190
5.5909
5.5325
5.8473
5.7774
5.7755
5.5989
5.2857
5.4938
5.6503
5.7212
5.8587
5.7808
5.8186
5.6449
5.6398
5.7539
5.6450
5.7700
5.5755
5.6636
5.6585
5.5063
5.4248
5.7510
5.9044
5.9343
5.6722
5.6553
5.5218
5.8066
5.7937
5.6459
5.6896
5.5397
5.6555
5.7036
5.7223
5.8063
5.6998
5.8901
5.8943
5.9360
5.8213
5.8913
5.5813
5.7913
5.7585
5.5373
5.7618
5.5779
5.5755
5.4355
5.2708
5.3228
5.4027
5.5104
5.4859
5.3922
5.5653
5.4572
5.4580
5.5652
5.4957
5.4234
5.4726
5.4456
5.4701
5.3855
5.4713
5.5406
5.6481
5.6678
5.7044
5.6626
5.5372
5.3430
5.4604
5.4974
5.6245
5.6381
5.5215
5.4731
5.5262
5.4739
5.6823
5.6824
5.8467
5.5763
5.5448
5.6992
5.6372
5.7873
5.5707
5.5974
5.6300
5.4011
5.4982
5.6113
5.6025
5.6414
5.5743
5.6055
5.6264
5.4843
5.3268
5.4196
5.3455
5.3544
5.3352
5.4718
5.4188
5.3602
5.3775
5.4533
5.2740
5.1938
5.2409
5.1586
5.1953
5.3386
5.3213
5.3815
5.5356
5.4449
5.5468
5.3594
5.5329
5.6287
5.5895
5.7140
5.6614
5.7174
5.4671
5.7180
5.7775
5.6836
5.6875
5.7665
5.7505
5.5386
5.6141
5.6097
5.6518
5.6005
5.5019
5.5328
5.3398
5.4076
5.2671
5.6066
5.6725
5.7218
5.6637
5.6266
5.8645
5.6396
5.6901
5.4688
5.7066
5.4804
5.5890
5.4707
5.3574
5.5451
5.6338
5.7133
5.5040
5.4621
5.4388
5.2654
5.6187
5.4748
5.6327
5.6115
5.5632
5.3192
5.3692
5.5167
5.6309
5.6154
5.8602
5.8194
5.6870
5.8529
5.9569
6.0845
6.1534
6.0463
5.8344
5.8369
5.7056
5.7826
5.8964
5.8974
5.7196
5.4528
5.5907
5.5151
5.4450
5.4356
5.4169
5.3962
5.6882
5.5772
5.4421
5.5689
5.5571
5.3657
5.5438
5.5190
5.5573
5.5364
5.7789
5.6339
5.3916
5.4448
5.3686
5.3824
5.6168
5.5148
5.5343
5.5255
5.2692
5.3679
5.2421
5.4779
5.3313
5.3827
5.3488
5.2502
5.4427
5.3518
5.2908
5.3101
5.5204
5.2319
5.4333
5.3208
5.4149
5.3002
5.3446
5.3627
5.2997
5.4286
5.6515
5.5581
5.6683
5.6884
5.5385
5.4968
5.4855
5.8274
5.8513
5.6842
5.5204
5.5362
5.5093
5.4964
5.7400
5.6470
5.7090
5.6721
5.6051
5.3234
5.6617
5.4912
5.5803
5.7236
5.5399
5.6451
5.7747
5.8963
5.7834
5.7338
5.7372
5.8211
5.8238
5.6335
5.5889
5.7021
5.5497
5.5306
5.4146
5.5338
5.5454
5.3444
5.3018
5.3298
5.2967
5.1048
5.2749
5.1469
5.1629
5.2035
5.3021
5.2159
5.2198
5.3242
5.3046
5.2826
5.3297
5.2907
5.1643
5.1895
5.3114
5.2322
5.3524
5.2480
5.4735
5.2760
5.3333
5.5268
5.2805
5.4939
5.4138
5.4819
5.3579
5.4235
5.2202
5.3681
5.3470
5.2873
5.3590
5.2409
5.5406
5.5853
5.5161
5.6471
5.6332
5.6394
5.6205
5.4031
5.5640
5.3453
5.4562
5.3113
5.2562
5.3993
5.3717
5.4477
5.2119
5.4402
5.3389
5.3619
5.2532
5.3326
5.3574
5.2557
5.2246
5.2050
5.5907
5.3368
5.5624
5.5168
5.5116
5.3509
5.4030
5.5341
5.4425
5.4863
5.4925
5.3653
5.3561
5.5372
5.5446
5.3642
5.6009
5.7597
5.4793
5.3772
5.5327
5.4141
5.4834
5.4394
5.4718
5.3221
5.5363
5.6302
5.4190
5.4063
5.3042
5.4706
5.5434
5.2020
5.3308
5.3520
5.3012
5.3571
5.2834
5.2652
5.3488
5.4777
5.3788
5.3253
5.4855
5.3609
5.3335
5.1988
5.4132
5.5818
5.6305
5.5765
5.6261
5.4609
5.3302
5.3724
5.4638
5.3384
5.1462
5.3028
5.3885
5.3027
5.4987
5.4164
5.5074
5.4151
5.4602
5.5469
5.3746
5.5374
5.5024
5.4358
5.5872
5.6088
5.4635
5.5184
5.4430
5.5865
5.6788
5.4450
5.5464
5.4985
5.4898
5.3935
5.4702
5.5342
5.5520
5.8209
5.5816
5.5658
5.6208
5.5548
5.4595
5.2337
5.3261
5.3730
5.2984
5.2268
5.3593
5.3334
5.3798
5.4791
5.3038
5.3708
5.5589
5.3982
5.5462
5.5156
5.4656
5.3958
5.2121
5.4223
5.3634
5.4909
5.3299
5.5314
5.6123
5.4406
5.6058
5.5449
5.4424
5.3206
5.4448
5.4135
5.6201
5.4290
5.1970
5.3386
5.3697
5.2978
5.4742
5.4452
5.5287
5.5828
5.5913
5.7336
5.5333
5.6586
5.5826
5.5947
5.6404
5.5120
5.5543
5.5251
5.5349
5.6508
5.7045
5.6086
5.4512
5.4186
5.8191
5.6858
5.6041
5.5688
5.6666
5.4656
5.5928
5.5750
5.6672
5.6454
5.5634
5.7319
5.5003
5.3501
5.3093
5.5086
5.2506
5.3044
5.3090
5.2532
5.5108
5.3863
5.4407
5.4685
5.4917
5.3889
5.3488
5.2865
5.2747
5.3757
5.4345
5.5347
5.5168
5.5882
5.4729
5.3088
5.4139
5.5458
5.4467
5.6775
5.4553
5.4309
5.4186
5.4827
5.5865
5.5223
5.4533
5.6313
5.5839
5.6698
5.5355
5.4854
5.5654
5.4786
5.5565
5.5160
5.5834
5.5097
5.5266
5.4571
5.5315
5.6225
5.5010
5.6750
5.6842
5.4719
5.3944
5.4497
5.4602
5.5874
5.4722
5.5261
5.4999
5.5302
5.5358
5.4582
5.5771
5.5339
5.6562
5.6103
5.6337
5.4585
5.5155
5.4736
5.2399
5.3387
5.3645
5.4278
5.4185
5.4946
5.4320
5.5720
5.4014
5.2965
5.2286
5.3233
5.3723
5.5186
5.4304
5.5575
5.5941
5.5921
5.4410
5.5125
5.5445
5.5223
5.6103
5.6153
5.5845
5.6997
5.4969
5.5902
5.5406
5.7137
5.6341
5.7280
5.6116
5.6528
5.5457
5.7258
5.6213
5.7614
5.7572
5.6222
5.7331
5.8322
5.7380
5.7967
5.8495
5.7245
5.7046
5.7291
5.8314
5.6537
5.5554
5.6806
5.7209
5.7807
5.8874
5.7826
5.7297
5.9358
5.8418
5.5534
5.5825
5.7146
5.7894
5.7254
5.6272
5.6870
5.4891
5.4789
5.3434
5.5494
5.4452
5.6426
5.6326
5.5448
5.5854
5.8214
5.5526
5.6424
5.5112
5.4778
5.6411
5.4505
5.4946
5.5883
5.5046
5.2320
5.3621
5.3921
5.4253
5.3879
5.2956
5.5441
5.5381
5.5768
5.5591
5.4830
5.5999
5.6733
5.6836
5.6962
5.6480
5.4640
5.5392
5.6301
5.6679
5.5851
5.6765
5.7065
5.6419
5.6745
5.6286
5.6316
5.7043
5.7389
5.8194
5.8677
5.8710
5.8896
5.6722
5.6608
5.7216
5.7198
5.5756
5.7351
5.5677
5.7254
5.7297
5.7695
5.7634
5.6855
5.7887
5.7785
5.7816
5.8131
5.6925
5.7519
5.5439
5.4267
5.3925
5.5069
5.5055
5.6935
5.5062
5.7167
5.7208
6.0630
6.1093
5.8763
5.9068
5.9139
5.7595
5.8373
5.8322
5.7717
5.8460
5.8121
5.8646
5.6224
5.7212
5.7011
5.6371
5.6314
5.8817
5.7829
5.6442
5.6313
5.6573
5.5370
5.6181
5.8966
5.6223
5.7594
5.7108
5.6634
5.4516
5.6452
5.4562
5.5066
5.5341
5.7019
5.6436
5.5516
5.8475
5.7251
5.7359
5.6737
5.7354
5.8112
5.8120
5.6396
5.8496
5.7064
5.5765
5.7232
5.7327
5.7074
5.5065
5.7376
5.7931
5.9324
5.7905
5.6942
5.7970
5.8604
5.8368
5.8427
5.6005
5.8615
5.5691
5.6692
5.7243
5.7040
5.5124
5.6210
5.7102
5.6235
5.7744
5.9672
5.7905
5.8373
6.0381
6.0220
5.7332
5.6737
5.8882
5.8566
5.9382
5.7595
5.6656
5.8869
6.0099
5.8164
5.6963
5.8498
5.8616
5.8364
5.7886
5.7568
5.8632
5.7768
5.8621
5.8616
5.8279
5.7732
5.8930
5.8186
5.8871
5.9318
5.8289
5.9156
5.6971
5.8397
5.7730
5.6623
5.6914
5.8873
5.6877
5.7304
5.6709
5.7101
5.8898
5.7447
5.8329
5.8161
5.9060
5.9251
5.9367
6.0287
5.9558
5.7873
5.9160
6.0365
5.9971
6.0874
5.8935
5.9364
5.7649
5.6524
5.7302
5.7955
5.8508
5.6293
5.5054
5.5632
5.7440
6.0657
5.9547
6.0444
5.8874
5.7159
5.8155
5.7935
5.7150
5.8855
5.8224
5.6805
5.7034
5.8136
5.9775
5.8996
5.9063
5.9918
5.8187
5.8916
5.7992
5.8740
5.6471
5.8726
5.5702
5.7323
5.6842
5.8894
6.0225
6.0794
5.9854
5.9659
6.1155
6.1639
5.8462
5.8085
5.9460
6.0451
6.1013
5.9373
5.7054
5.7921
5.6518
5.6323
5.7084
5.8051
5.8041
5.7446
5.6410
5.7468
5.5584
5.6348
5.5332
5.6086
5.6304
5.5816
5.6157
5.7464
5.6427
5.6749
5.8445
5.7265
5.7418
5.6121
5.8166
5.7372
5.6839
5.8031
5.7250
5.7938
5.8247
6.0830
5.8068
5.4676
5.7476
5.7143
5.6177
5.7973
5.8837
5.9258
5.7270
5.6615
5.7333
5.6101
5.7556
5.8909
5.7591
5.8089
5.7863
5.8929
5.7528
5.6228
5.6237
5.9243
5.7680
5.6147
5.4268
5.6365
5.5401
5.5019
5.6608
5.8359
5.7062
5.7922
5.7773
5.8454
5.6852
5.9241
5.7137
5.7576
5.7820
5.6172
5.5719
5.6252
5.8470
5.8550
5.8805
5.6511
5.6742
5.7778
5.7250
5.5724
5.7207
5.5462
5.5060
5.6341
5.7379
5.5026
5.6520
5.4391
5.4539
5.6568
5.6736
5.6872
5.8479
5.8767
5.6838
5.6652
5.6238
5.7602
5.6343
5.6740
5.6882
5.6785
5.6662
5.6145
5.6282
5.6574
5.7410
5.6195
5.4963
5.7094
5.8289
5.7680
5.7311
5.5755
5.6887
5.7985
5.4258
5.6509
5.6755
5.6992
5.6691
5.5398
5.6517
5.6595
5.6419
5.5491
5.5354
5.5017
5.5540
5.7749
5.6165
5.7160
5.7686
5.6600
5.4914
5.4568
5.5449
5.6976
5.6867
5.6614
5.7481
5.7331
5.7175
5.6215
5.6614
5.6936
5.6419
5.6015
5.6331
5.5824
5.5809
5.7180
5.5707
5.4822
5.6627
5.8911
5.7504
5.7391
5.7339
5.6108
5.6593
5.7281
5.6272
5.6646
5.7327
5.8149
5.8550
5.5360
5.7075
5.8281
5.7101
5.7895
5.6271
5.6578
5.6052
5.4298
5.5113
5.4676
5.5550
5.7002
5.5358
5.5975
5.6707
5.5983
5.7391
5.7648
5.6410
5.4894
5.7146
5.5478
5.4871
5.5845
5.5874
5.4942
5.3428
5.4976
5.3942
5.3747
5.4357
5.5582
5.5690
5.3752
5.5342
5.6103
5.8157
5.4815
5.5900
5.4629
5.4623
5.3751
5.6983
5.5354
5.4623
5.5685
5.4884
5.4684
5.3524
5.4719
5.5823
5.4504
5.4634
5.3856
5.5479
5.3546
5.5651
5.5221
5.3945
5.3962
5.3912
5.5561
5.5234
5.6344
5.4058
5.3807
5.4051
5.3715
5.4218
5.6958
5.4910
5.2801
5.3450
5.3171
5.3393
5.4719
5.3621
5.2748
5.4541
5.5930
5.4623
5.4580
5.7462
5.5224
5.6367
5.4842
5.4082
5.2400
5.3667
5.3740
5.3394
5.5561
5.6968
5.3474
5.4870
5.4767
5.5245
5.6583
5.6180
5.5235
5.4368
5.2915
5.4387
5.2505
5.2987
5.4245
5.3060
5.3049
5.2121
5.1816
5.2732
5.2252
5.5275
5.5238
5.6185
5.5423
5.3775
5.5836
5.4199
5.5594
5.4897
5.5993
5.4704
5.5433
5.5451
5.6818
5.4977
5.5468
5.4613
5.5329
5.7398
5.8787
5.8378
5.6810
5.7214
5.7238
5.7074
5.7742
5.8016
5.7049
5.7506
5.8390
5.7148
5.6438
5.6249
5.4454
5.6535
5.6211
5.5169
5.4966
5.4340
5.4173
5.4342
5.5798
5.4770
5.3009
5.4513
5.2885
5.2649
5.4300
5.5403
5.6132
5.5943
5.3019
5.4759
5.5381
5.4138
5.2359
5.5223
5.6121
5.5956
5.6586
5.3870
5.4691
5.3728
5.4289
5.4904
5.4430
5.6312
5.6479
5.5365
5.4813
5.3494
5.3969
5.3294
5.2738
5.4096
5.4949
5.5860
5.7768
5.7388
5.5616
5.5865
5.7272
5.7071
5.7168
5.7595
5.8550
5.6043
5.5782
5.5935
5.5939
5.4986
5.6380
5.6968
5.8082
5.6238
5.5331
5.5392
5.2743
5.3926
5.4896
5.4818
5.5293
5.2788
5.3646
5.5249
5.5100
5.4569
5.6287
5.4586
5.4014
5.6459
5.6120
5.4676
5.5134
5.4001
5.4385
5.5397
5.5691
5.3991
5.4940
5.3910
5.4765
5.4291
5.4429
5.6337
5.5707
5.6435
5.6751
5.5343
5.4563
5.5144
5.3460
5.4918
5.4043
5.5655
5.4699
5.4294
5.4396
5.5819
5.5201
5.6200
5.5898
5.4595
5.4847
5.5050
5.4613
5.3457
5.3644
5.3510
5.5110
5.3408
5.4168
5.5909
5.4312
5.5935
5.4186
5.4560
5.4779
5.4216
5.4498
5.5072
5.5824
5.4888
5.5761
5.6082
5.5397
5.5988
5.7234
5.5990
5.5112
5.5668
5.5951
5.6753
5.5868
5.6760
5.7462
5.7035
5.5213
5.5725
5.6044
5.8865
5.6892
5.5400
5.7002
5.7311
5.6604
5.6192
5.8667
5.8134
5.8097
5.8446
5.8608
5.9615
5.9093
5.8143
5.6592
5.7310
5.7374
5.8122
5.6658
5.5990
5.6464
5.7290
5.7802
5.8304
5.7513
5.6921
5.6643
5.7095
5.7208
5.5623
5.7027
5.6928
5.5435
5.6618
5.5857
5.4656
5.6325
5.6237
5.4741
5.6250
5.6406
5.6369
5.8201
5.7626
5.7187
5.8215
5.8221
5.8741
5.6921
5.4202
5.3255
5.4276
5.6876
5.7113
5.6946
5.5035
5.4774
5.5377
5.5575
5.6178
5.6496
5.6973
5.5643
5.6093
5.5238
5.5214
5.4867
5.3399
5.5103
5.4460
5.4961
5.5290
5.6079
5.6217
5.7045
5.6993
5.7274
5.7782
5.7032
5.5944
5.8195
5.6867
5.6085
5.8202
5.6744
5.3935
5.6232
5.6479
5.4341
5.4974
5.3589
5.5439
5.6210
5.6411
5.6615
5.6872
5.5948
5.6397
5.7789
5.5697
5.5937
5.3884
5.4954
5.6593
5.6353
5.8359
5.7119
5.4912
5.4948
5.4566
5.5329
5.5170
5.7356
5.6443
5.4739
5.3579
5.4846
5.4901
5.4738
5.4133
5.4787
5.3996
5.3580
5.4375
5.4099
5.3998
5.3135
5.3228
5.3803
5.2806
5.3457
5.4166
5.4086
5.3561
5.3030
5.2434
5.2543
5.3036
5.1030
5.0996
5.1056
5.1441
5.3414
5.4007
5.3640
5.3246
5.4297
5.3790
5.6241
5.3964
5.2806
5.3874
5.3622
5.3944
5.2872
5.4492
5.5327
5.4627
5.6012
5.6051
5.7531
5.6718
5.5007
5.7523
5.6269
5.5806
5.6483
5.7362
5.7672
5.8769
5.8272
5.6653
5.6095
5.7989
6.0906
6.0515
5.8121
5.8029
5.7165
6.0194
5.8230
5.7007
5.8802
5.9255
5.9397
5.7331
5.6568
5.5663
5.4309
5.5106
5.6433
5.6816
5.4736
5.5340
5.4060
5.5324
5.6397
5.6351
5.5012
5.5202
5.6588
5.6077
5.8405
5.5930
5.4863
5.6525
5.5337
5.6165
5.6654
5.4773
5.5923
5.5226
5.5784
5.3875
5.4179
5.5668
5.4846
5.5715
5.6342
5.7238
5.8676
5.7560
5.6333
5.7051
5.6787
5.7053
5.5030
5.5318
5.6558
5.6412
5.6198
5.6165
5.6576
5.6701
5.5538
5.6307
5.5875
5.6599
5.6767
5.8109
5.8409
5.7592
5.6259
5.5942
5.8036
5.7159
5.7985
5.6658
5.7403
5.6584
5.5916
5.5037
5.4100
5.4635
5.7201
5.6311
5.5820
5.6316
5.6287
5.6573
5.5273
5.5085
5.5233
5.5610
5.4335
5.5540
5.7209
5.6538
5.8145
5.7219
5.7936
5.6639
5.7839
5.8616
5.6340
5.7097
5.7156
5.6431
5.6094
5.6476
5.5585
5.5651
5.6527
5.6309
5.6303
5.7922
5.7725
5.6691
5.8578
6.0261
6.0325
5.8245
5.7240
5.6788
5.7230
5.6566
5.6756
5.5769
5.6549
5.8651
5.8795
5.6598
5.9303
5.8352
5.8274
5.8299
5.6805
5.4688
5.3507
5.4578
5.2950
5.3375
5.3787
5.4154
5.5079
5.6298
5.6115
5.5727
5.6000
5.7073
5.6854
5.6758
5.5659
5.4140
5.4834
5.6618
5.6289
5.6954
5.6794
5.5987
5.5359
5.5437
5.7616
5.6517
5.6907
5.6641
5.4002
5.6217
5.6573
5.5428
5.5251
5.5208
5.4211
5.2967
5.3087
5.3907
5.3337
5.5493
5.6080
5.6979
5.5489
5.4739
5.7067
5.5031
5.3898
5.6167
5.4882
5.4826
5.6300
5.4544
5.5579
5.5985
5.7488
5.5285
5.5949
5.4661
5.5729
5.4606
5.7750
5.4993
5.4683
5.5804
5.4967
5.5698
5.7819
5.6947
5.5678
5.7330
5.7416
5.5770
5.5437
5.5713
5.4877
5.6316
5.5098
5.4348
5.4196
5.5345
5.6188
5.5099
5.2920
5.4049
5.4133
5.4779
5.3410
5.3586
5.3233
5.3862
5.2626
5.4256
5.4791
5.3841
5.4051
5.4891
5.5296
5.3612
5.4322
5.6861
5.4440
5.4860
5.7743
5.5417
5.4963
5.3253
5.2261
5.5207
5.2584
5.3158
5.5665
5.6874
5.4936
5.3534
5.4853
5.6083
5.6983
5.5863
5.4417
5.4560
5.2154
5.2534
5.2808
5.2649
5.3877
5.2327
5.4127
5.3549
5.3249
5.3185
5.3832
5.3369
5.2411
5.4034
5.5540
5.3793
5.5528
5.5216
5.6174
5.3761
5.4753
5.5816
5.4937
5.5263
5.1825
5.2476
5.2765
5.4574
5.3506
5.3197
5.2974
5.5835
5.4922
5.3891
5.4103
5.4056
5.2168
5.4533
5.4528
5.2303
5.1296
5.2453
5.2816
5.3926
5.7729
5.5042
5.7679
5.7263
5.4176
5.4019
5.4704
5.4715
5.3704
5.3403
5.4612
5.4338
5.3685
5.2457
5.3610
5.2697
5.2702
5.4488
5.3206
5.1241
5.3689
5.4575
5.5790
5.5533
5.5345
5.5682
5.5581
5.5170
5.4675
5.5364
5.7725
5.6605
5.5689
5.6883
5.5978
5.5792
5.4768
5.4977
5.4312
5.3830
5.4276
5.4141
5.6459
5.6941
5.6120
5.7185
5.7579
5.8646
5.8040
5.5265
5.8342
5.8283
5.6653
5.6480
5.4785
5.6763
5.6445
5.6654
5.4693
5.5551
5.4765
5.5173
5.2894
5.3609
5.4840
5.4524
5.4161
5.5285
5.5496
5.4575
5.5342
5.6464
5.5922
5.6048
5.5418
5.6971
5.6811
5.7044
5.6508
5.5612
5.6395
5.6163
5.8065
5.5853
5.7596
5.5394
5.4858
5.5841
5.5736
5.6281
5.7745
5.8034
5.8165
6.0273
5.9624
5.8445
5.8563
5.6600
5.7733
5.8555
5.7207
5.7407
5.7701
5.5668
5.7601
5.6777
5.6612
5.7540
5.6241
5.7064
5.6938
5.6262
5.6376
5.6352
5.5438
5.5904
5.6959
5.6143
5.6621
5.6903
5.6985
5.5972
5.7682
5.6859
5.7594
5.7601
5.6117
5.6282
5.6424
5.5605
5.6961
5.3956
5.5511
5.6429
5.7455
5.6666
5.6497
5.4757
5.5668
5.5750
5.6585
5.6537
5.6182
5.5293
5.5046
5.5252
5.3697
5.2592
5.3767
5.6212
5.5647
5.8456
5.6315
5.6606
5.7246
5.7268
5.6250
5.5938
5.7395
5.6228
5.7618
5.5810
5.6339
5.6913
5.7081
5.7150
5.5997
5.6727
5.8414
5.9698
5.9558
5.8798
5.7607
5.8216
5.9968
5.9971
5.9505
5.9134
5.9622
5.7884
5.7617
6.0131
6.0661
6.1506
5.9494
6.0199
5.9952
6.0232
5.8933
6.0864
5.9750
5.9587
5.9429
5.8012
5.9681
6.0178
6.0382
6.2310
6.0300
5.6940
5.9385
6.0670
5.9426
5.9119
6.0127
5.8630
5.8805
5.9377
5.7659
5.8890
5.9115
5.8431
5.8364
5.7066
5.6749
5.8051
5.7876
5.8839
5.7387
5.7416
5.9678
5.8638
5.8302
5.7781
5.6978
5.7408
5.8118
5.8853
5.7588
5.9632
5.8589
6.0182
5.9075
6.0214
5.8078
5.8217
5.8664
5.8379
5.8335
5.8475
5.8009
5.7207
5.6114
5.6101
5.5812
5.6804
5.6666
5.6129
5.7807
5.7547
5.9357
5.6610
5.7566
5.6394
5.6359
5.6743
5.7220
5.7175
5.8192
5.8765
5.6173
5.6783
5.5561
5.5536
5.6490
5.5047
5.5755
5.4807
5.7351
5.7187
5.7651
5.8941
5.9452
6.0881
5.8553
5.9687
5.8654
5.7292
5.7186
5.7238
5.6651
5.7000
5.9239
5.8745
5.8932
6.0089
5.9034
5.9217
5.7768
5.9677
5.9916
5.9024
5.6852
5.6713
5.7073
5.6330
5.5768
5.8166
5.6626
5.5965
5.5688
5.8569
5.6986
5.7325
5.6897
5.9371
5.7623
5.6259
5.5993
5.7419
5.8162
5.7256
5.7546
5.8091
5.8128
5.6141
5.8741
5.8758
5.9509
5.8339
5.7585
5.8754
5.8163
5.7850
5.7136
5.6560
5.6705
5.6655
5.5053
5.7008
5.7377
5.6375
5.6781
5.7328
5.6468
5.7779
5.5982
5.6174
5.7566
5.9398
5.7937
5.7654
5.7485
5.7235
5.6866
5.6062
5.6037
5.7536
5.7320
5.7501
5.6626
5.6741
5.6767
5.7038
5.9197
5.8266
5.8375
5.6225
5.8631
5.7848
5.6015
5.6262
5.5629
5.7039
5.5669
5.5830
5.5251
5.5777
5.6473
5.6408
5.6223
5.8770
5.7132
5.7396
5.6532
5.7689
5.9840
5.9708
5.9440
5.8812
5.7695
5.9006
5.7618
5.7486
6.0673
5.9074
5.7860
5.6228
5.5260
5.5415
5.6736
5.8031
5.8912
5.7749
5.7358
5.8345
5.5595
5.7435
5.8785
5.6999
5.5599
5.7576
5.8977
5.7313
5.5517
5.6473
5.8228
5.6167
5.7504
5.6215
5.5005
5.6990
5.6131
5.5853
5.4731
5.5562
5.4687
5.6534
5.9927
5.8737
5.7362
5.4915
5.6118
5.5652
5.6405
5.6739
5.8848
5.8001
5.7316
5.6734
5.6024
5.5850
5.6361
5.6789
5.8203
5.8315
5.4969
5.6008
5.5133
5.6607
5.5450
5.5776
5.5779
5.6983
5.7908
5.7436
5.5859
5.7820
5.6760
5.6760
5.6101
5.6145
5.5302
5.4233
5.5386
5.4554
5.5044
5.4340
5.5637
5.7058
5.8826
5.9955
5.8893
5.9604
6.0927
5.8505
5.9371
5.8333
5.7842
5.5963
5.8138
5.9863
5.7830
5.8078
5.7966
5.8633
5.7917
5.6917
5.8503
5.8124
5.8581
5.6721
5.6625
5.7761
5.9660
6.0833
5.9209
5.8858
5.8806
6.0249
5.7907
5.7590
5.9553
5.7023
5.7991
5.7391
5.5177
5.5315
5.4980
5.5589
5.5985
5.5674
5.5640
5.6224
5.6569
5.7680
5.7590
5.8459
5.7579
5.8635
5.6819
5.4575
5.6235
5.8129
5.5737
5.7307
5.5916
5.5111
5.6853
5.7373
5.7338
5.7074
5.7856
5.8837
5.7722
5.7526
5.8234
5.8742
6.0413
6.1132
5.9321
5.8312
5.7652
5.9255
5.7511
5.6704
5.6065
5.7639
5.7002
5.6329
5.4061
5.6463
5.8582
5.7280
5.5720
5.6491
5.5597
5.4642
5.7229
5.6937
5.3634
5.5206
5.5142
5.6097
5.5033
5.5703
5.6111
5.6003
5.4609
5.5832
5.5792
5.4642
5.5590
5.9067
5.6778
5.6276
5.5825
5.7910
5.9834
5.9010
5.9882
5.9144
5.8308
5.6890
5.9500
5.8891
5.8015
5.7685
5.9835
5.8443
5.7280
5.7783
5.9724
5.9988
5.9711
5.7878
5.7113
5.5771
5.6398
5.7742
5.6437
5.6369
5.6883
5.5526
5.7307
5.4387
5.6528
5.7652
5.6076
5.6263
5.7979
5.7133
5.7762
5.8110
5.6526
5.7018
5.8462
5.7796
5.8774
5.8553
5.8201
5.8749
5.8605
5.9367
5.9962
6.0082
5.8464
5.8867
5.7967
5.7450
5.7395
5.7299
5.5799
5.6034
5.6060
5.5873
5.5939
5.6124
5.5686
5.6737
5.6280
5.6577
5.7993
5.6860
5.7368
5.6980
5.6681
5.6099
5.7802
5.7069
5.5723
5.6237
5.8018
5.5348
5.7737
5.5714
5.5432
5.7978
5.6069
5.7023
5.6626
5.5702
5.5777
5.5799
5.7009
5.7086
5.7978
5.6126
5.6429
5.7109
5.7130
5.8724
5.7790
5.7676
5.7017
5.7533
5.6948
5.6176
5.7253
5.6813
5.5729
5.8221
5.5701
5.5423
5.4371
5.5451
5.7725
5.6283
5.5723
5.6971
5.6520
5.7416
5.7030
5.6889
5.7318
5.6547
5.8138
5.6220
5.5883
5.6026
5.5520
5.6604
5.6554
5.5035
5.6092
5.4734
5.6015
5.8283
5.7277
5.7290
5.8253
5.8762
6.0020
5.6705
5.9532
6.0602
5.9807
5.8964
5.8256
5.8641
5.9097
5.8709
5.7697
5.7111
5.9116
5.8216
5.7987
5.8038
5.9566
5.9235
5.9758
5.7769
5.6376
5.7496
5.7015
5.7843
5.6627
5.8398
5.6572
5.7397
5.5827
5.6833
5.8259
5.8363
5.7038
5.6838
5.7210
5.7711
5.8731
5.8655
5.7169
5.8087
5.6757
5.7126
5.7716
5.6976
5.6944
5.5964
5.5965
5.6823
5.5371
5.6456
5.6555
5.7053
5.8217
5.6324
5.6237
5.5009
5.4893
5.4985
5.6239
5.7050
5.7415
5.6452
5.6333
5.6928
5.6146
5.5516
5.6580
5.7292
5.6459
5.6981
5.6556
5.5795
5.4752
5.4569
5.5157
5.6646
5.7834
5.8671
5.8903
5.7352
5.8204
5.6106
5.9780
5.9434
5.7859
5.9946
5.9162
5.9274
5.7662
5.7222
5.6995
5.8097
5.7642
5.8594
5.7406
5.8553
6.0138
5.9954
6.0408
5.8947
5.8641
5.7388
5.6563
5.6890
5.6781
5.8888
5.9164
5.9141
5.7633
5.8669
5.9420
5.7777
5.7353
5.7267
5.6708
5.8658
5.8557
5.9257
5.9496
5.9236
5.8319
5.8355
5.9211
5.8224
5.6317
5.9292
5.9391
5.6575
5.7551
5.8322
5.7810
5.8190
5.6059
5.6134
5.4928
5.4228
5.5912
5.7047
5.6656
5.5996
5.5400
5.5067
5.6793
5.6355
5.6624
5.7210
5.5954
5.5495
5.5652
5.6880
5.7186
5.5950
5.5815
5.6742
5.6387
5.5485
5.4671
5.5332
5.3933
5.6018
5.5736
5.4236
5.4955
5.4161
5.4946
5.4760
5.6542
5.5760
5.5080
5.5786
5.4651
5.7071
5.4614
5.5014
5.3473
5.5261
5.4161
5.3344
5.4818
5.4806
5.3928
5.4491
5.3329
5.4275
5.4862
5.2972
5.3907
5.5015
5.5874
5.5226
5.4709
5.6293
5.5324
5.4770
5.4441
5.4909
5.5593
5.5636
5.5412
5.6092
5.5408
5.5840
5.4860
5.5215
5.4576
5.4772
5.4132
5.6287
5.5169
5.7028
5.7004
5.7050
5.7456
5.5248
5.5103
5.5215
5.6048
5.6088
5.6486
5.7351
5.6305
5.7612
5.6857
5.6302
5.4495
5.5627
5.4746
5.6337
5.7304
5.6924
5.5215
5.5079
5.6569
5.6292
5.5557
5.6053
5.7316
5.6781
5.5939
5.6724
5.6126
5.5945
5.6779
5.5680
5.7014
5.6777
5.4859
5.8398
5.7984
5.5887
5.7547
5.8499
5.7929
5.7881
5.9082
5.8859
5.8412
5.8424
5.6138
5.8881
5.6977
5.7061
5.7038
5.5735
5.7293
5.6654
5.6694
5.7211
5.7167
5.4416
5.5576
5.5802
5.6442
5.5144
5.4730
5.5772
5.5988
5.5191
5.4423
5.4419
5.3241
5.4850
5.4127
5.5398
5.4926
5.6023
5.5801
5.4843
5.6307
5.7801
5.6378
5.7111
5.8003
5.7241
5.7645
5.5921
5.6856
5.7710
5.5983
5.6462
5.5308
5.5791
5.6106
5.6173
5.5348
5.6985
5.7611
5.5770
5.6613
5.5826
5.5582
5.6011
5.4232
5.3922
5.4008
5.4002
5.5116
5.5598
5.4929
5.5454
5.4853
5.5322
5.6710
5.5369
5.4939
5.4572
5.3309
5.6134
5.6254
5.6622
5.5462
5.3255
5.4643
5.4610
5.3965
5.3963
5.3514
5.2745
5.2530
5.3632
5.4576
5.4619
5.4999
5.4727
5.5302
5.6361
5.7927
5.5638
5.5472
5.7883
5.6913
5.6312
5.6192
5.7137
5.6015
5.5954
5.7367
5.6004
5.5600
5.6069
5.4907
5.5758
5.4780
5.5065
5.7045
5.6890
5.7085
5.7240
5.7063
5.5300
5.8666
5.6351
5.7685
5.7285
5.8617
5.6486
5.5887
5.7389
5.9016
5.8381
5.7209
5.8668
5.8578
5.6721
5.6098
5.8964
6.0868
5.9511
5.8975
5.9503
5.9038
5.7621
5.8680
5.9106
5.8461
5.8370
5.9388
5.7970
5.6551
5.6439
5.6593
5.8824
5.7342
5.6513
5.6890
5.8844
5.5860
5.5838
5.4845
5.4445
5.4796
5.3636
5.5330
5.4727
5.6711
5.3912
5.5058
5.5369
5.3130
5.3279
5.4439
5.4763
5.3255
5.2732
5.4673
5.5269
5.7726
5.5742
5.3759
5.4645
5.4492
5.6259
5.4808
5.4909
5.5585
5.4365
5.3483
5.2238
5.3801
5.3668
5.4269
5.5166
5.4750
5.2540
5.5587
5.5761
5.5128
5.7173
5.8670
5.7593
5.7077
5.6122
5.7832
5.6738
5.6246
5.5469
5.5695
5.6070
5.6210
5.4589
5.6660
5.6134
5.7585
5.6830
5.6384
5.5208
5.7213
5.7409
5.8392
5.7130
5.6237
5.7981
5.7751
5.7042
5.5771
5.5289
5.5954
5.6635
5.6783
5.6861
5.7472
5.6034
5.6842
5.6358
5.6271
5.5522
5.6035
5.5889
5.5825
5.4028
5.5684
5.5364
5.5872
5.4512
5.5366
5.4096
5.6463
5.6701
5.4788
5.6516
5.4977
5.4757
5.3967
5.5154
5.5275
5.5148
5.4958
5.4971
5.5452
5.3850
5.4377
5.4690
5.3131
5.3249
5.4108
5.5603
5.4836
5.4733
5.2861
5.4541
5.3334
5.4531
5.5067
5.4379
5.3023
5.3744
5.4399
5.4272
5.4811
5.5277
5.7029
5.6801
5.6777
5.6267
5.5451
5.4101
5.5006
5.4978
5.6897
5.7334
5.7146
5.5060
5.6408
5.6238
5.6537
5.6841
5.6808
5.8579
5.5460
5.7825
5.8899
5.8547
5.9134
5.7494
5.6294
5.7918
5.7608
5.6218
5.6274
5.5202
5.7044
5.6903
5.6889
5.8068
5.6982
5.6926
5.7992
5.7205
5.7200
5.8469
5.8336
5.9416
5.7814
5.7327
5.7831
5.7549
5.6533
5.8540
5.5540
5.6823
5.4980
5.6169
5.4492
5.5059
5.3630
5.4228
5.4503
5.3400
5.3227
5.4359
5.3368
5.2805
5.5005
5.5136
5.4176
5.3771
5.5073
5.5075
5.4273
5.5525
5.4866
5.4954
5.4362
5.2780
5.2748
5.4622
5.6320
5.6305
5.7644
5.6199
5.5962
5.5836
5.4995
5.7342
5.7223
5.7772
5.5354
5.4942
5.7225
5.6312
5.5758
5.5489
5.5793
5.7220
5.7004
5.6401
5.6163
5.8751
5.9820
5.9268
5.6432
5.7841
5.8127
5.6647
5.4635
5.5378
5.5527
5.6523
5.5998
5.5888
5.4349
5.5173
5.5285
5.5227
5.5829
5.5885
5.5449
5.6531
5.7653
5.7558
5.5192
5.6001
5.3626
5.4206
5.4151
5.3345
5.3671
5.3635
5.5485
5.6039
5.3844
5.7078
5.4908
5.4392
5.3924
5.5485
5.5712
5.7121
5.5546
5.6271
5.7403
5.6797
5.5941
5.6210
5.3548
5.4162
5.4623
5.4630
5.4515
5.6961
5.5810
5.7533
5.9347
5.7182
5.9022
5.6763
5.6389
5.6663
5.7044
5.8449
5.6633
5.7745
5.5453
5.5650
5.7590
5.6520
5.7640
5.6894
5.6496
5.5704
5.6637
5.6446
5.6491
5.4893
5.6127
5.5050
5.6077
5.6462
5.5685
5.5881
5.8432
5.5377
5.6677
5.7648
5.6202
5.5955
5.8270
5.6504
5.5106
5.5246
5.7040
5.6964
5.6158
5.4995
5.5628
5.6062
5.6955
5.6874
5.8184
5.9130
5.9418
5.7579
5.7443
5.6448
5.6705
5.7290
5.6221
5.6156
5.7410
5.7635
5.7468
5.9125
5.9761
5.7323
5.8812
5.8097
5.7214
5.6048
5.7514
5.6287
5.6121
5.4802
5.5236
5.6018
5.4675
5.4614
5.5497
5.5780
5.5522
5.5027
5.4835
5.4662
5.4021
5.5175
5.6834
5.7085
5.5445
5.4386
5.4966
5.4981
5.5175
5.5375
5.6349
5.6473
5.6087
5.6908
5.6222
5.6536
5.6964
5.7688
5.5359
5.3799
5.4669
5.5860
5.5104
5.5100
5.5644
5.3531
5.4272
5.2032
5.6276
5.4106
5.5525
5.5910
5.5561
5.6949
5.5144
5.7091
5.4742
5.5671
5.4679
5.5201
5.5307
5.4156
5.4492
5.4145
5.5059
5.5559
5.5976
5.6071
5.5994
5.5740
5.5569
5.5636
5.6188
5.6597
5.6245
5.7124
5.6410
5.7919
5.6672
5.5795
5.6684
5.4111
5.7373
5.5936
5.4457
5.4147
5.5021
5.3743
5.4656
5.5152
5.5299
5.4380
5.3342
5.4746
5.7222
5.4385
5.3932
5.3642
5.5575
5.6804
5.5607
5.4858
5.6554
5.7606
5.7482
5.5003
5.6873
5.7752
5.8351
5.7859
5.8225
5.8249
6.0026
5.8097
5.7523
5.4995
5.4135
5.3696
5.6456
5.4809
5.5514
5.6675
5.6501
5.9133
5.9214
5.8048
5.9606
5.9652
5.9211
5.9276
5.7787
5.9869
5.9884
5.7990
5.8840
6.0868
6.0740
6.1165
5.9230
5.5269
5.7996
5.8696
5.7348
5.5596
5.7844
5.7361
5.7938
5.6702
5.8664
5.6415
5.7131
5.6375
5.5235
5.6559
5.4613
5.6998
5.4768
5.6149
5.5437
5.5650
5.4698
5.4331
5.4776
5.3956
5.4613
5.3761
5.3961
5.4024
5.4378
5.4062
5.3603
5.4068
5.6812
5.7174
5.6502
5.5775
5.5137
5.2930
5.2939
5.2886
5.5288
5.3915
5.2945
5.2975
5.3601
5.4979
5.3183
5.3083
5.4323
5.5254
5.4723
5.4628
5.3819
5.5997
5.4396
5.5658
5.4342
5.3260
5.2623
5.4368
5.4382
5.4410
5.6905
5.6560
5.4935
5.5107
5.7123
5.5958
5.5848
5.6708
5.5833
5.6753
5.6441
5.7658
5.6189
5.5685
5.6736
5.5510
5.6254
5.4401
5.5952
5.6152
5.3068
5.4946
5.6997
5.4460
5.5272
5.5253
5.5924
5.4153
5.5038
5.4390
5.4310
5.4416
5.6931
5.6505
5.5432
5.3963
5.3732
5.4302
5.4983
5.3666
5.6675
5.5747
5.4742
5.5053
5.6450
5.5355
5.5868
5.5111
5.5878
5.6065
5.7664
5.6902
5.5721
5.6746
5.6405
5.4994
5.4364
5.5459
5.5653
5.6543
5.5541
5.5657
5.4483
5.3589
5.5146
5.4146
5.4242
5.5060
5.5043
5.6661
5.6574
5.6446
5.6953
5.6472
5.5504
5.6162
5.4344
5.5390
5.5717
5.4789
5.5496
5.5372
5.5167
5.5698
5.6162
5.6805
5.5049
5.5297
5.4491
5.4780
5.5845
5.4406
5.6263
5.5883
5.6628
5.5607
5.6070
5.5388
5.6577
5.7089
5.5724
5.6635
5.5597
5.6065
5.5541
5.6107
5.7768
5.6226
5.7690
5.6959
5.5433
5.6789
5.7133
5.5412
5.5463
5.5151
5.3703
5.4141
5.5424
5.4397
5.4136
5.4810
5.4346
5.5734
5.5968
5.5337
5.5965
5.6222
5.3726
5.6325
5.6973
5.6170
5.6438
5.6893
5.5525
5.5473
5.3831
5.4922
5.6522
5.6839
5.6955
5.7393
5.6126
5.6834
5.7281
5.5305
5.6179
5.8618
5.6644
5.7837
5.5805
5.7051
5.6631
5.6590
5.6245
5.6624
5.7644
5.7666
5.5954
5.7370
5.6537
5.6448
5.6047
5.8501
5.7634
5.8010
5.8271
5.7164
5.8871
5.7069
5.5788
5.6107
5.6068
5.4836
5.5608
5.5977
5.6014
5.6125
5.7236
5.4579
5.6149
5.6357
5.6284
5.5897
5.6226
5.7416
5.7851
5.7939
5.9479
5.7058
5.9454
5.7344
5.6576
5.6670
5.5599
5.4724
5.5266
5.6346
5.6462
5.4959
5.6084
5.7051
5.8794
5.7746
5.9274
5.6840
5.7761
5.6922
5.8039
5.6785
5.5752
5.7063
5.6285
5.6234
5.7794
5.5970
5.6434
5.6938
5.9112
6.0169
5.5280
5.6001
5.8765
5.6890
5.7019
5.7704
5.6247
5.6630
5.9296
5.7169
5.7059
5.7542
5.9669
5.6313
5.6405
5.5969
5.5984
5.4925
5.6976
5.5364
5.7639
5.8609
5.7843
5.8359
5.7877
5.6745
5.4772
5.3410
5.4505
5.4767
5.3431
5.3895
5.3335
5.4856
5.4636
5.2638
5.2873
5.4408
5.3432
5.5693
5.3403
5.7201
5.5199
5.4572
5.3056
5.5886
5.4839
5.6429
5.4751
5.3669
5.4670
5.3582
5.3307
5.2578
5.1508
5.2067
5.2848
5.3011
5.2994
5.4256
5.4367
5.4223
5.4065
5.5296
5.5349
5.4144
5.1323
5.5588
5.5135
5.5513
5.5175
5.6361
5.7893
5.8637
5.5925
5.8275
5.6057
5.4031
5.1970
5.3187
5.3080
5.3973
5.5480
5.4712
5.4153
5.6507
5.6218
5.5411
5.7233
5.5904
5.6054
5.6973
5.7742
5.8024
5.7911
5.6485
5.6765
5.6876
5.6302
5.6516
5.7580
5.6585
5.5087
5.5338
5.7202
5.7098
5.8073
5.7004
5.6700
5.6692
5.7444
5.9182
5.7062
5.6069
5.6661
5.6223
5.6239
5.7104
5.8071
5.9630
5.8518
5.7909
5.7979
5.8833
5.6510
5.7105
5.7514
5.7045
5.7215
5.7400
5.7919
5.7269
5.6599
5.7057
5.7489
5.5899
5.6783
5.5873
5.7275
5.5615
5.8911
5.7528
5.7584
5.7553
5.8635
5.7537
5.9185
5.9132
5.8829
5.7569
5.8635
5.7092
5.8167
5.8795
5.9024
6.0132
6.0777
6.0294
5.8146
5.7771
5.7811
5.8989
5.7552
5.6050
5.5416
5.5083
5.6126
5.6532
5.6699
5.6837
5.6945
5.8312
5.6626
5.6961
5.8163
5.7084
5.8261
5.7967
5.8001
5.6637
5.6798
5.6611
5.5775
5.6665
5.6180
5.7833
5.7099
5.7044
5.7192
5.6446
5.6332
5.8588
5.7312
5.8028
5.5914
5.7282
5.8759
5.8232
5.7442
5.8082
5.7124
5.4228
5.5382
5.7952
5.4900
5.7687
5.7931
5.8597
6.0108
5.8747
5.7410
5.7118
5.8395
5.9055
5.9165
5.9047
5.9075
5.9771
5.7024
5.6922
5.7186
5.5796
5.7277
5.7235
5.7528
5.5989
5.6481
5.8103
5.7861
5.8219
5.6556
5.7757
5.9131
5.8682
6.0021
5.9088
5.8898
5.9892
5.9504
5.7745
5.9003
5.7694
5.8501
5.8002
5.6258
5.6411
5.5120
5.7127
5.4993
5.5945
5.7070
5.5947
5.5439
5.5832
5.4866
5.5693
5.6058
5.5694
5.5878
5.6249
5.5585
5.5542
5.6286
5.6604
5.6501
5.4856
5.6572
5.6708
5.6167
5.5115
5.6373
5.4033
5.6589
5.6580
5.9304
5.6045
5.5084
5.5092
5.6074
5.6398
5.5602
5.7101
5.5299
5.5007
5.6353
5.6952
5.7714
5.6520
5.4085
5.4989
5.6057
5.6707
5.7093
5.5841
5.6853
5.5796
5.5452
5.6240
5.7338
5.9284
5.9435
6.0229
6.0784
5.8495
5.9090
5.7945
6.1601
6.1199
5.8886
6.0487
6.0845
6.0013
6.1151
6.0463
5.9765
6.0236
6.0162
6.2225
6.1867
6.0454
6.0441
6.0035
6.1025
5.9575
5.8989
5.8943
5.9973
6.0432
5.9511
5.9708
6.0346
6.1568
6.0870
6.1563
5.9114
6.0973
5.8633
5.6813
5.8761
5.7728
5.7409
5.8789
5.8768
5.8628
5.9016
5.8860
5.9661
6.0386
6.0350
6.0587
6.1012
5.8611
6.0466
5.7808
5.9779
6.1404
6.2300
6.3467
6.2770
6.0739
6.2153
6.1440
6.3948
6.2858
6.2243
6.1946
6.2228
6.1565
6.0237
5.9058
5.9461
5.9338
5.9853
6.0598
6.0160
5.9011
6.0660
6.1839
6.1574
6.0351
6.0037
6.1084
6.0303
5.9523
5.8659
5.9517
5.7399
5.9639
5.9582
6.1593
6.2467
6.1410
6.1817
6.1190
6.0536
6.1032
5.8780
6.1207
5.7923
5.6754
5.7939
5.9497
5.7748
5.8209
5.6915
5.8456
5.8663
5.9187
5.9339
5.9172
5.9379
6.1266
5.9300
5.7389
5.7266
5.8393
5.7131
5.8764
5.9060
5.8814
5.8420
5.7813
5.6529
6.0116
6.0486
5.8932
6.0407
5.7780
5.8293
5.8758
6.0467
5.8496
5.9607
5.8731
5.9677
5.7643
5.9719
5.9091
6.2700
5.9901
5.9461
5.7596
5.9028
5.8096
6.0825
5.7890
5.9838
6.2045
6.3018
5.9485
5.9420
5.9039
6.0765
6.0211
5.7951
5.9913
5.8409
5.9077
5.8793
5.8351
5.9857
5.7624
5.7748
5.8251
5.5892
5.8904
5.9988
5.8964
6.1461
5.9993
5.8210
5.8895
5.7837
5.8893
5.7990
5.8097
5.7692
5.8751
5.7999
5.7028
5.8461
5.7417
5.5948
5.9214
5.8330
5.9284
5.9286
5.8409
6.0072
6.0042
5.8753
5.8560
5.6399
5.7114
5.6799
5.7563
5.8217
5.8997
5.8584
5.6912
5.7199
5.7787
5.8852
5.7827
5.9085
5.7284
5.8017
5.7257
5.9149
5.6787
5.7041
5.7112
5.7219
5.9096
5.7611
5.7965
5.7603
5.6579
5.7584
5.8265
5.7728
5.7855
5.9657
5.9338
5.8732
5.8154
5.6598
5.7743
5.7939
5.7682
5.8154
6.1142
5.9954
5.8372
5.8478
5.6828
5.6417
5.5933
5.6477
5.5631
5.7330
5.5477
5.7636
6.0689
6.0064
5.9315
5.9254
5.8463
5.9607
5.7729
5.6091
5.8166
5.7436
5.7402
5.9090
5.8254
5.9930
5.9501
6.0391
5.9054
5.9711
6.1629
5.9653
5.8232
5.7338
5.8628
6.0545
6.1252
6.1231
6.0294
6.1669
5.8877
5.8427
5.9673
5.9484
6.1124
6.1545
6.0100
6.1804
5.9475
6.0974
5.9746
6.0471
5.9912
6.0469
6.0519
5.8933
5.9308
5.8466
5.9504
5.8210
5.7013
5.7332
5.8954
5.9556
5.9390
5.9686
5.9461
5.8752
5.9509
5.7482
5.7735
5.8071
5.6842
5.8416
5.9222
5.8545
5.8614
5.7719
5.7454
5.8605
6.0348
5.8721
5.8776
5.8082
5.9607
5.8089
5.7838
5.8339
5.7253
5.8946
5.9184
5.8149
5.7505
5.6610
5.5944
5.7491
5.7445
5.8039
5.6666
5.7010
5.6446
5.6394
5.8272
5.7470
5.5998
5.5637
5.5459
5.4874
5.6313
5.6183
5.7235
5.9327
5.9567
5.7807
5.9437
5.7029
5.7033
5.6660
5.7816
5.6958
5.6778
5.8298
5.9132
5.8911
5.9408
5.9424
5.7374
5.6745
5.6348
5.7510
5.8724
5.7108
5.6217
5.6168
5.6680
5.6398
5.6003
5.6071
5.4624
5.6933
5.4951
5.4430
5.5712
5.4391
5.5103
5.5276
5.6293
5.6211
5.6467
5.6437
5.6306
5.5304
5.5187
5.5015
5.4401
5.6178
5.6276
5.5847
5.8135
5.5283
5.7973
5.6130
5.5942
5.6377
5.6895
5.7847
5.7245
5.6446
5.4263
5.5625
5.7331
5.6110
5.5938
5.6126
5.7682
5.6478
5.8495
5.8189
5.6512
5.6608
5.6126
5.6523
5.7053
5.5965
5.6979
5.9238
5.8530
5.9533
5.7458
5.6932
5.6890
5.7060
5.7463
5.8034
5.7380
5.7250
5.6202
5.8616
5.9172
5.9236
5.9120
5.9753
6.0074
6.0303
5.8437
5.8566
5.8128
5.7359
5.8572
5.8342
5.7174
5.9443
5.8467
5.8676
5.9976
6.0277
5.9765
5.9644
6.1602
5.9196
5.8104
5.8529
5.8375
5.6779
5.6953
5.9526
5.9609
5.9249
5.7601
5.9513
5.8978
6.0034
5.8358
5.9318
5.8674
5.9808
6.0858
6.3094
5.9052
5.9585
5.9855
5.8296
5.9078
5.7816
5.9235
6.0513
5.8000
5.9233
5.9358
5.9423
5.9451
5.8327
5.5681
5.6319
5.7814
5.8939
5.7549
5.7794
5.8473
5.8790
5.7205
5.7231
5.5512
5.7530
5.7394
5.6811
5.9461
5.8921
5.8258
5.9296
5.9504
5.9733
5.9107
6.0671
5.8925
5.9120
6.0366
6.0694
6.0325
5.7177
5.9594
5.9543
5.9301
6.0447
6.2550
6.1772
5.9196
6.0590
5.7578
5.8413
5.7775
5.9174
5.9833
5.8850
5.7223
5.9467
5.7830
5.8977
6.0168
5.7995
5.7903
6.0377
6.1412
5.9903
5.9818
5.9123
5.9713
6.1176
6.2514
5.9657
5.9043
5.8719
5.9876
5.8111
5.9790
5.8590
5.7549
5.6270
5.9249
6.0532
6.1282
6.0879
6.1015
5.8365
5.9496
6.1540
5.9149
6.1005
6.0581
6.0846
6.0878
5.9541
6.0314
6.0735
6.0009
5.9587
5.9649
6.0696
6.1089
5.9982
6.0825
5.9402
6.2116
6.0342
5.9173
5.8347
5.8142
6.0822
5.9522
5.8074
5.8910
5.8467
5.9928
5.8940
5.8175
5.8289
5.9811
5.9681
6.0083
5.9217
6.0500
6.0776
5.9534
5.6905
5.7374
5.8832
5.8384
5.8388
5.9810
5.9277
5.7667
5.9329
5.8531
5.6180
5.7248
5.7340
5.5562
5.8199
5.8875
5.8760
5.8770
5.8921
5.7565
5.8880
5.6813
5.8249
5.7100
5.8497
5.8082
5.7976
5.9492
5.7429
5.7880
5.7731
5.8318
5.9672
5.8621
5.9474
5.7154
5.7870
5.9676
5.9322
5.8359
5.7886
6.0723
6.2364
6.0768
6.1137
6.1534
6.1901
6.0790
6.0035
6.0670
5.9115
5.9196
6.0056
6.2700
5.8606
5.8023
5.7718
5.8240
5.6433
5.9798
5.9053
5.8974
6.0323
5.9968
5.9957
6.1258
6.3272
6.2498
6.4263
6.3192
6.1919
6.3546
6.1792
5.9939
5.9026
6.0189
6.2037
6.1024
6.3797
6.0941
6.2972
6.2978
6.2542
6.3593
6.3262
6.2975
6.3206
6.3482
6.3326
6.0921
6.1510
6.0240
6.2460
6.1827
6.0686
6.2406
6.2538
6.2280
6.3346
6.2961
6.2058
6.3137
6.0821
6.0975
6.1220
6.1165
6.1504
5.9487
6.1286
5.9753
6.1537
6.1587
5.9564
5.9875
6.1835
6.0464
5.9907
6.0370
5.9885
6.1151
6.1188
5.9333
5.9207
6.0506
6.2845
6.2850
6.3566
6.1643
6.1322
6.1670
6.1551
6.1771
5.9464
6.3721
6.2004
6.0935
6.2958
6.2836
6.2020
6.2113
6.0782
6.0998
6.1849
6.2333
5.9646
6.1234
6.2824
6.4182
6.2239
6.1823
6.0652
6.3274
6.1673
5.9848
6.0805
6.0604
6.2291
6.1987
6.1351
6.0916
6.1237
6.2064
5.9394
5.8280
5.9597
6.0607
5.9925
6.0266
6.2314
5.9747
5.9182
6.2155
6.4306
6.4459
6.2393
6.2716
6.2348
6.1651
6.1356
6.0597
6.3310
6.2047
5.8894
6.0758
6.0123
6.1254
6.0580
5.9571
5.9219
6.2679
6.2938
6.3501
6.3318
6.1894
6.3001
6.0300
6.0185
6.1649
6.2825
6.3118
6.1449
6.1535
6.0673
6.3565
6.1682
6.0565
6.2179
6.1493
6.0310
6.0048
6.0516
5.9859
6.0858
6.0337
6.0487
5.8892
5.8479
5.9296
5.8865
5.9933
6.1395
5.8370
6.0771
5.8588
5.6160
5.7928
5.8108
5.7625
5.6762
5.8337
6.0069
6.0445
5.8372
5.9794
5.9441
5.8577
5.9830
5.8671
6.0426
6.0746
5.9304
5.9654
5.9422
6.0332
6.0217
5.9227
5.6814
5.9437
5.6506
5.5714
5.6491
5.9398
5.8718
5.6790
5.8114
5.8970
5.8823
5.7732
5.7711
5.8724
6.0483
5.8005
5.7736
5.6803
5.8626
5.6807
5.6321
5.8899
5.6864
5.8718
5.7898
5.8645
5.9041
5.9790
5.8182
5.9670
5.8863
6.0543
5.8897
5.8118
5.9124
5.7959
5.8325
5.8714
6.0556
5.9702
6.0020
6.0295
5.8392
5.8143
5.9172
5.9351
5.9407
5.7340
5.7604
5.8710
5.8215
5.9234
5.7686
5.6354
5.8292
5.8403
5.8753
5.7001
5.9151
5.9924
5.9717
5.9186
5.9336
5.8565
5.7620
5.9906
5.8809
5.9917
5.7669
5.7610
5.8449
6.0119
6.0258
6.1038
6.1198
6.0680
6.0408
5.8320
5.9172
5.6006
5.6146
5.6817
5.6820
5.6745
5.6961
5.8100
5.9916
5.8136
6.0535
5.8265
5.7744
5.6436
5.8322
5.7688
5.6516
5.8550
5.8206
5.8864
5.8752
5.7216
6.2145
6.1865
6.1877
6.0716
6.2160
6.1450
6.0244
5.9876
5.8311
6.0027
6.1121
6.1460
6.3482
6.1095
6.0365
5.8401
6.0862
6.3383
6.1622
6.5035
6.1536
6.3559
6.5105
6.4518
6.2781
6.0077
6.1649
5.9414
5.9511
5.8586
6.1369
5.9640
6.1987
6.1773
6.2946
6.1851
6.3049
6.3729
6.4508
6.4568
6.3758
6.6155
6.3552
6.2898
6.1518
6.1653
6.3427
6.4267
6.3824
6.5355
6.3375
6.1798
6.4477
6.0265
6.4680
6.0176
6.3072
6.0465
5.9849
6.1829
6.1202
6.2462
6.1371
6.3322
6.2728
6.2645
6.2637
6.4388
6.4465
6.3923
6.3145
6.2443
6.3958
6.3894
6.3396
6.4467
6.1909
6.2832
6.2694
6.2565
6.2642
6.1991
6.3795
6.5107
6.4590
6.3941
6.2120
6.3275
6.3212
6.3910
6.3501
6.4597
6.4682
6.3378
6.5124
6.4126
6.4320
6.0806
6.1434
6.3490
6.2287
6.0720
6.0611
6.1871
6.2459
6.2276
6.1502
6.2782
6.3129
6.1882
6.2127
6.0948
6.0616
6.1691
6.1842
6.3788
6.1919
6.2210
6.3286
6.2012
6.1837
6.2014
6.2640
6.3002
6.2249
6.2185
6.4210
6.0979
5.9863
6.0317
6.1548
6.1719
6.3492
6.2479
6.2450
6.0424
6.0126
5.9966
5.8661
5.9093
5.9575
5.9701
5.8547
5.9486
6.0539
6.1533
6.0176
6.1415
6.2875
6.1130
6.1429
6.1271
6.0746
6.0510
6.0570
6.0862
6.0039
6.0089
6.2040
6.0981
6.0899
6.1089
6.2068
6.0311
6.1848
6.1275
6.2965
6.3948
6.3417
6.3116
6.2559
6.2075
6.1505
6.3013
6.1877
6.1865
6.0472
5.9961
6.0472
6.1865
6.2131
6.2787
6.3569
6.0312
6.1932
6.0593
5.9800
6.3763
6.1636
6.1404
6.1653
6.1937
6.1451
6.3856
6.4838
6.1957
6.1734
6.2506
6.1919
6.4147
6.2627
6.4517
6.3649
6.5158
6.4504
6.3676
6.3092
6.4172
6.5815
6.4903
6.6436
6.6121
6.4755
6.5204
6.3018
6.2066
6.4724
6.4743
6.4027
6.2468
6.2719
6.4190
6.4023
6.5211
6.6387
6.4877
6.4514
6.7267
6.4182
6.3563
6.4089
6.4142
6.4654
6.5235
6.4039
6.4882
6.4856
6.5655
6.7113
6.7142
6.8589
6.7752
6.6653
6.6661
6.9642
6.9589
7.0159
6.8157
6.6046
6.4857
6.4806
6.4112
6.2964
6.1203
6.2849
6.2762
6.2564
6.2433
6.3684
6.3678
6.3852
6.2734
6.5447
6.4293
6.3058
6.3549
6.3297
6.2793
6.3257
6.3792
6.4332
6.4023
6.3169
6.2942
6.5338
6.4523
6.5652
6.5161
6.6234
6.5026
6.5123
6.3770
6.2025
6.3094
6.3989
6.4940
6.1055
6.0116
6.4022
6.3877
6.3572
6.5910
6.5688
6.7414
6.6794
6.6128
6.8057
6.7305
6.4713
6.5919
6.6585
6.6098
6.3944
6.4272
6.5820
6.4129
6.3213
6.4853
6.3621
6.3727
6.4921
6.6134
6.6186
6.6127
6.3992
6.3008
6.1786
6.0045
6.3753
6.2282
6.2488
6.3727
6.4669
6.2284
6.3412
6.3359
6.2829
6.2874
6.3268
6.3429
6.1874
6.1722
6.3034
6.4543
6.1241
6.3519
6.3052
6.3252
6.3704
6.1418
6.0044
5.9897
6.4645
6.1338
6.1242
6.2743
6.2057
6.3269
6.1945
6.2160
5.9305
6.0458
5.9163
6.0006
6.1407
6.0117
6.1021
5.9854
6.0190
6.1131
6.0427
5.9712
6.0278
6.2837
6.2692
6.2981
6.5159
6.6634
6.3395
6.3288
6.2892
6.2211
6.2915
6.4569
6.4269
6.4065
6.3153
6.3928
6.1856
6.2660
6.0438
6.1286
6.1342
6.1866
6.0466
6.2720
6.1280
6.3206
6.1558
6.3077
5.9601
5.9630
5.6293
6.1489
6.3037
6.4338
6.2290
6.2681
6.1708
6.2354
6.4204
6.1438
6.3108
6.1613
6.3225
6.1257
6.0230
6.1581
6.3417
6.3792
6.4580
6.4045
6.4504
6.4277
6.1201
6.2651
5.9552
6.1362
6.1339
