# RMSF / nm
0.271104
0.267552
0.202339
0.218972
0.196780
0.224719
0.299160
0.318069
0.261109
0.273952
0.317408
0.279528
0.267222
0.222913
0.216712
0.149065
0.167352
0.231214
0.151661
0.131604
0.156042
0.125723
0.119498
0.107637
0.091706
0.102085
0.101249
0.115841
0.125833
0.140801
0.141883
0.158822
0.176376
0.163671
0.151710
0.133715
0.128528
0.086590
0.096364
0.101143
0.077470
0.073770
0.086411
0.070702
0.091383
0.084701
0.072774
0.071698
0.068904
0.067725
0.070442
0.070618
0.067797
0.069640
0.072348
0.072279
0.073296
0.081493
0.070521
0.067310
0.067768
0.066767
0.071632
0.067317
0.063813
0.064680
0.065942
0.068060
0.078013
0.081645
0.098030
0.100764
0.124415
0.146845
0.171608
0.172629
0.209225
0.235611
0.235364
0.225463
0.183579
0.153881
0.072374
0.085480
0.097001
0.074552
0.073531
0.084259
0.079166
0.071376
0.074483
0.074014
0.072073
0.071546
0.067646
0.070279
0.067194
0.064969
0.068560
0.067895
0.067466
0.073034
0.076522
0.077721
0.091009
0.088894
0.091165
0.110445
0.094458
0.093633
0.097171
0.089672
0.083467
0.078133
0.073542
0.075306
0.072072
0.067450
0.067973
0.068361
0.070889
0.075239
0.088057
0.082195
0.090482
0.097324
0.103498
0.117994
0.109769
0.096580
0.097719
0.093704
0.087335
0.085574
0.079795
0.080118
0.076944
0.072419
0.071976
0.073343
0.077147
0.081954
0.097106
0.094887
0.105799
0.107455
0.116686
0.131690
0.121095
0.112300
0.116921
0.113394
0.104091
0.101466
0.092154
0.091271
0.086051
0.079686
0.077881
0.080919
0.087909
0.094351
0.118038
0.113675
0.126005
0.133241
0.146152
0.168987
0.150216
0.137305
0.143461
0.135652
0.123871
0.117190
0.105371
0.106270
0.098404
0.090851
0.085027
0.087360
0.082084
0.084845
0.084528
0.092333
0.094563
0.135500
0.127485
0.139642
0.150447
0.159064
0.176565
0.164452
0.155515
0.160926
0.151693
0.139451
0.142531
0.138238
0.142141
0.144320
0.144517
0.154355
0.140711
0.137071
0.140433
0.164733
0.161829
0.175742
0.166919
0.175921
0.193251
0.184702
0.159674
0.162541
0.143518
0.133328
0.115743
0.106717
0.112689
0.106821
0.094996
0.089245
0.093472
0.084657
0.085530
0.086395
0.091214
0.095349
0.131077
0.115526
0.124901
0.142278
0.147353
0.163749
0.161212
0.126972
0.120056
0.109769
0.104484
0.103257
0.101495
0.102738
0.102758
0.101249
0.102649
0.105766
0.103702
0.103914
0.108286
0.102895
0.101031
0.114679
0.111175
0.116850
0.124444
0.134216
0.150641
0.139239
0.129342
0.132632
0.128117
0.119999
0.116920
0.111911
0.114631
0.112500
0.107016
0.104706
0.107979
0.103772
0.105121
0.107201
0.107304
0.131684
0.127944
0.135335
0.142989
0.149556
0.169666
0.154831
0.136719
0.138601
0.130528
0.123656
0.117554
0.110108
0.114456
0.113551
0.107069
0.110623
0.120394
0.110382
0.108025
0.116183
0.106316
0.104976
0.129720
0.125748
0.137470
0.141322
0.147298
0.170992
0.152004
0.135221
0.143053
0.132729
0.125512
0.118764
0.111350
0.112992
0.115810
0.117673
0.130969
0.119135
0.115360
0.127425
0.125256
0.122927
0.138822
0.132866
0.134640
0.145595
0.141228
0.127012
0.129507
0.130192
0.128428
0.128941
0.127288
0.125665
0.126620
0.129983
0.134812
0.132668
0.131821
0.139572
0.133765
0.134328
0.141626
0.143670
0.153468
0.155263
0.158078
0.167178
0.174359
0.190185
0.196304
0.214860
0.216931
0.202806
0.212310
0.237188
0.254173
0.256255
0.246004
0.271643
0.202035
0.221888
0.244212
0.217433
0.236633
0.256042
0.237616
0.245287
0.259883
0.270461
0.253031
0.261813
0.244594
0.233891
0.230160
0.230341
0.234251
0.237740
0.249138
0.270137
0.288491
0.290841
0.316602
0.317357
0.346937
0.376423
0.339791
0.359078
0.389232
0.402143
0.415450
0.405630
0.411915
0.416876
0.431914
0.443233
0.464818
0.449139
0.435542
0.462590
0.378809
0.371110
0.367040
0.398120
0.409828
0.439514
0.419801
0.379943
0.373072
0.347902
0.314772
0.308950
0.301743
0.312641
0.311678
0.301085
0.307540
0.296129
0.294694
0.296378
0.365873
0.344988
0.353198
0.375120
0.414459
0.445808
0.425117
0.411816
0.394962
0.398347
0.388687
0.378689
0.346292
0.351476
0.324059
0.296952
0.266073
0.256675
0.255559
0.274900
0.275272
0.302772
0.311825
0.377056
0.379036
0.415909
0.398624
0.379031
0.414927
0.355817
0.354799
0.380290
0.361665
0.341968
0.310286
0.269250
0.260048
0.229431
0.215262
0.194232
0.181365
0.210200
0.242304
0.271761
0.258557
0.243401
0.333044
0.315853
0.347866
0.358062
0.338555
0.388555
0.390005
0.242363
0.215127
0.198287
0.182116
0.171893
0.162860
0.166936
0.160181
0.149664
0.142135
0.142565
0.139632
0.144531
0.150872
0.152580
0.194288
0.181392
0.191829
0.206372
0.249407
0.248229
0.272750
0.296246
0.320467
0.296849
0.293838
0.261306
0.235065
0.241559
0.221206
0.196182
0.169783
0.164877
0.155753
0.170521
0.165462
0.196401
0.206057
0.254213
0.244890
0.272664
0.254409
0.215312
0.225176
0.211870
0.186931
0.193824
0.176903
0.179692
0.156312
0.146298
0.157769
0.161126
0.152198
0.163531
0.137424
0.134660
0.130049
0.143815
0.141679
0.160401
0.147964
0.127577
0.152434
0.110531
0.124968
0.142140
0.123813
0.105645
0.092028
0.084492
0.089162
0.092023
0.095317
0.107330
0.093904
0.086768
0.092532
0.121475
0.111642
0.133722
0.158246
0.116345
0.121110
0.144862
0.082800
0.079745
0.070829
0.071893
0.073892
0.086506
0.098160
0.111946
0.110909
0.128039
0.145613
0.134507
0.124365
0.105614
0.097969
0.069121
0.073526
0.079838
0.066838
0.070776
0.081088
0.073472
0.073304
0.074420
0.079083
0.085091
0.086191
0.087526
0.087720
0.092360
0.095108
0.102407
0.095858
0.092750
0.099721
0.077921
0.085578
0.094335
0.078528
0.076567
0.133836
0.101132
0.112318
0.104974
0.106775
0.113483
0.108173
0.104409
0.106993
0.107284
0.102500
0.104205
0.103662
0.105008
0.111353
0.101150
0.105189
0.114671
0.104542
0.102819
0.115287
0.104064
0.097519
0.102403
0.097447
0.098715
0.091899
0.087989
0.089971
0.090138
0.087885
0.092323
0.086900
0.086855
0.090553
0.088338
0.088498
0.096667
0.089100
0.084437
0.092314
0.086511
0.079463
0.081692
0.076875
0.078513
0.074284
0.072224
0.073466
0.072840
0.071126
0.073852
0.071949
0.072113
0.076424
0.071580
0.072366
0.079839
0.074116
0.073609
0.082249
0.077003
0.071826
0.075816
0.074428
0.073622
0.072259
0.069093
0.068428
0.067333
0.066781
0.068190
0.070041
0.072677
0.076825
0.086182
0.075164
0.069308
0.074034
0.074388
0.082416
0.081913
0.087921
0.100931
0.093688
0.085787
0.087531
0.088815
0.084902
0.100263
0.082077
0.076425
0.072767
0.073041
0.072022
0.072654
0.075790
0.082942
0.089449
0.086328
0.079395
0.103008
0.139310
0.204455
0.105937
0.104176
0.120377
0.105997
0.100931
0.111245
0.109292
0.103966
0.100881
0.088473
0.089798
0.080332
0.072305
0.067338
0.070058
0.066682
0.070148
0.072021
0.076523
0.077087
0.106745
0.108356
0.124446
0.118071
0.125932
0.151958
0.115332
0.136680
0.126940
0.110835
0.096338
0.090053
0.082071
0.081346
0.078218
0.075118
0.073250
0.073720
0.074897
0.078262
0.083019
0.080684
0.078108
0.110656
0.098903
0.101245
0.115523
0.125537
0.133278
0.130376
0.138433
0.163437
0.148289
0.159969
0.164255
0.188654
0.222720
0.249355
0.234105
0.261645
0.294988
0.275399
0.263627
0.226606
0.207442
0.157466
0.180224
0.206056
0.156368
0.152100
0.159423
0.180106
0.140495
0.137785
0.128399
0.131245
0.122460
0.122510
0.143743
0.142117
0.119245
0.120404
0.102042
0.101371
0.090385
0.120302
0.120639
0.118385
0.114167
0.103857
0.112792
0.099472
0.098423
0.106522
0.104237
0.104255
0.106819
0.089624
0.087343
0.082646
0.078842
0.076672
0.075567
0.081243
0.087540
0.089860
0.084205
0.101175
0.130160
0.189262
0.099249
0.099321
0.123802
0.101251
0.099808
0.123118
0.132449
0.129462
0.130196
0.116601
0.110805
0.111717
0.115710
0.128862
0.137088
0.148123
0.156153
0.145763
0.122773
0.128544
0.136530
0.165007
0.151223
0.157750
0.194722
0.159698
0.139583
0.145451
0.135447
0.130072
0.125830
0.121817
0.117553
0.123773
0.133380
0.148537
0.137809
0.132220
0.145266
0.130765
0.129007
0.141935
0.140301
0.144999
0.163941
0.148578
0.133631
0.140611
0.133800
0.124775
0.115884
0.102649
0.103105
0.099723
0.096153
0.104498
0.112336
0.120696
0.128319
0.119865
0.101784
0.128910
0.124067
0.140588
0.143464
0.142442
0.162429
0.139061
0.132644
0.142848
0.135184
0.127673
0.119418
0.106114
0.103829
0.094670
0.090577
0.086939
0.086024
0.092776
0.101325
0.111413
0.104897
0.098776
0.125829
0.122463
0.137862
0.135635
0.132842
0.149772
0.132942
0.122563
0.128877
0.122760
0.115686
0.109664
0.100778
0.099451
0.095022
0.092723
0.092288
0.094309
0.095504
0.099245
0.106304
0.100437
0.096602
0.119855
0.116000
0.126937
0.130959
0.136448
0.152932
0.137545
0.131844
0.137256
0.134490
0.126559
0.124760
0.117928
0.115470
0.112648
0.112523
0.114258
0.115966
0.118382
0.125387
0.136679
0.134358
0.144285
0.148903
0.157018
0.174403
0.158134
0.153193
0.159313
0.157543
0.148447
0.148821
0.141962
0.138509
0.135496
0.135783
0.137500
0.140022
0.143481
0.151617
0.161752
0.159662
0.169982
0.174119
0.183254
0.198192
0.182727
0.183072
0.188689
0.188478
0.178004
0.177523
0.168468
0.167427
0.162232
0.158919
0.155742
0.155924
0.156676
0.160762
0.164583
0.164194
0.162692
0.195532
0.187860
0.195082
0.204134
0.217624
0.221046
0.229969
0.222447
0.240856
0.242992
0.234748
0.229466
0.212969
0.205611
0.194147
0.193363
0.187079
0.178874
0.192969
0.204313
0.211138
0.205047
0.244258
0.241566
0.258921
0.262574
0.268565
0.291486
0.264853
0.258517
0.264725
0.255600
0.238475
0.229394
0.218270
0.218212
0.210337
0.201470
0.196899
0.202122
0.210161
0.212569
0.257563
0.243701
0.250723
0.276733
0.289573
0.313060
0.291840
0.277592
0.280244
0.271287
0.252945
0.248609
0.239839
0.241048
0.235938
0.228758
0.226577
0.228466
0.234033
0.237972
0.279233
0.266925
0.273642
0.299143
0.316077
0.339046
0.317836
0.309148
0.315276
0.309910
0.291999
0.289324
0.278369
0.277401
0.270946
0.264614
0.262289
0.266144
0.273205
0.278215
0.317658
0.308143
0.319224
0.338058
0.353247
0.375740
0.352798
0.348290
0.356826
0.350643
0.331296
0.327799
0.316436
0.316280
0.309631
0.302581
0.299548
0.303121
0.309963
0.313766
0.358132
0.347299
0.357128
0.379108
0.394758
0.417967
0.395542
0.387597
0.393266
0.385982
0.366248
0.364416
0.355477
0.357964
0.354381
0.348491
0.349726
0.346227
0.349445
0.350871
0.396430
0.386141
0.394457
0.417082
0.434903
0.457867
0.431841
0.436850
0.460462
0.468954
0.477030
0.466486
0.468613
0.466158
0.478193
0.493375
0.512996
0.496227
0.485436
0.501342
0.450542
0.441071
0.440945
0.469212
0.485542
0.512867
0.496669
0.464509
0.457431
0.444268
0.424992
0.427489
0.424609
0.435097
0.444000
0.440965
0.458470
0.428618
0.420523
0.417072
0.462408
0.457250
0.472402
0.463558
0.484546
0.535101
0.469527
0.488959
0.465771
0.501616
0.552366
0.576090
0.595380
0.639807
0.673663
0.653534
0.696993
0.759688
0.680243
0.622516
0.626472
0.581823
0.601632
0.466684
0.526442
0.578478
0.462233
0.427117
0.440392
0.472712
0.371600
0.350229
0.338098
0.339920
0.327608
0.317965
0.316926
0.309787
0.305758
0.300972
0.298836
0.302698
0.308829
0.313426
0.313312
0.311256
0.318125
0.317444
0.329608
0.318686
0.304869
0.316961
0.298715
0.294967
0.304057
0.298186
0.298507
0.287848
0.276172
0.273558
0.266238
0.263487
0.259995
0.257596
0.263255
0.269725
0.273590
0.269848
0.281127
0.281080
0.295532
0.284119
0.268313
0.282578
0.259009
0.256979
0.267789
0.260291
0.259241
0.247956
0.237267
0.234470
0.228010
0.225975
0.222752
0.220997
0.225547
0.231890
0.237825
0.235475
0.231818
0.242690
0.241067
0.254589
0.247497
0.235556
0.249876
0.233424
0.218104
0.221551
0.207980
0.205522
0.191471
0.189775
0.194194
0.194008
0.188565
0.188911
0.193820
0.187786
0.186955
0.190450
0.186527
0.186840
0.194771
0.188313
0.190956
0.192305
0.204683
0.218869
0.204645
0.215944
0.225698
0.233687
0.247893
0.257388
0.276613
0.274084
0.303386
0.338046
0.373023
0.338088
0.309635
0.323580
0.232277
0.250024
0.262869
0.233474
0.235030
0.259775
0.238559
0.226844
0.235013
0.230706
0.229074
0.225397
0.216034
0.211486
0.207378
0.207273
0.208369
0.212048
0.217265
0.227082
0.220161
0.223517
0.238012
0.223976
0.212733
0.224356
0.204179
0.209706
0.220808
0.219535
0.219122
0.213450
0.201403
0.194953
0.187454
0.186229
0.184109
0.193613
0.201493
0.212176
0.207769
0.211176
0.226620
0.211365
0.200621
0.212162
0.191933
0.196491
0.207067
0.204686
0.203864
0.196342
0.183280
0.177474
0.167246
0.166146
0.159596
0.153442
0.164630
0.175189
0.182444
0.181409
0.176344
0.191644
0.193979
0.209059
0.195352
0.184064
0.195717
0.176044
0.177471
0.186982
0.181067
0.177764
0.166206
0.154470
0.154572
0.144740
0.137288
0.127971
0.124846
0.126460
0.133821
0.134926
0.142847
0.143718
0.168685
0.164731
0.176268
0.175320
0.167987
0.183068
0.163953
0.155532
0.160961
0.149671
0.142188
0.130847
0.121036
0.123444
0.117247
0.107589
0.105253
0.106194
0.113032
0.116208
0.141355
0.133143
0.141157
0.150127
0.150969
0.165105
0.154550
0.137955
0.137354
0.126385
0.116734
0.111599
0.108581
0.117553
0.116814
0.105140
0.102095
0.112015
0.094926
0.091129
0.093911
0.100128
0.127311
0.120406
0.119183
0.126589
0.135399
0.147186
0.133173
0.136984
0.147111
0.144339
0.142345
0.133307
0.120836
0.119547
0.110418
0.101393
0.095423
0.103604
0.113908
0.120759
0.134843
0.134060
0.148312
0.140629
0.132908
0.141487
0.126628
0.128519
0.136073
0.132174
0.130125
0.126725
0.121613
0.122136
0.123635
0.125478
0.135696
0.128750
0.126492
0.137457
0.124675
0.125862
0.139111
0.129829
0.119899
0.128038
0.119829
0.110613
0.112713
0.105635
0.112003
0.103527
0.101479
0.103272
0.106299
0.104882
0.113160
0.108874
0.110361
0.131245
0.094302
0.096806
0.104263
0.093682
0.088148
0.093373
0.094036
0.081320
0.080189
0.074623
0.074194
0.070572
0.070648
0.075036
0.077592
0.074843
0.080202
0.071160
0.069142
0.069463
0.074351
0.071480
0.072378
0.077048
0.079414
0.088445
0.077429
0.085489
0.084022
0.088417
0.096568
0.101722
0.110062
0.112887
0.126540
0.133045
0.152733
0.167748
0.160935
0.152167
0.168546
0.133976
0.123976
0.090314
0.098591
0.110300
0.094816
0.093583
0.094535
0.104159
0.092729
0.085232
0.083062
0.088296
0.092784
0.103207
0.118788
0.130880
0.126281
0.143918
0.165590
0.149023
0.135289
0.114667
0.110526
0.088017
0.095558
0.109814
0.087487
0.093112
0.122794
0.114847
0.094649
0.107114
0.124466
0.134828
0.138466
0.147753
0.150706
0.168710
0.182980
0.205660
0.179983
0.164965
0.177618
0.125017
0.127375
0.120876
0.135091
0.156462
0.174888
0.185252
0.140731
0.147848
0.137406
0.136684
0.120552
0.111357
0.123362
0.122666
0.108211
0.111399
0.124866
0.109485
0.105509
0.117044
0.102065
0.102436
0.118953
0.115932
0.131576
0.124029
0.118417
0.134804
0.108024
0.123894
0.131751
0.135573
0.135024
0.137727
0.130130
0.136056
0.131444
0.128406
0.135531
0.134722
0.131987
0.146927
0.131818
0.139062
0.155999
0.137884
0.130559
0.138378
0.129495
0.127201
0.131066
0.126872
0.125079
0.120226
0.114982
0.117715
0.115852
0.110900
0.113612
0.109844
0.111827
0.115587
0.120921
0.119889
0.129398
0.125586
0.124136
0.137675
0.125535
0.117030
0.124180
0.118799
0.115984
0.108785
0.099482
0.100132
0.094723
0.089517
0.086347
0.087022
0.087705
0.091527
0.096459
0.094840
0.093169
0.110228
0.109156
0.121412
0.117398
0.115094
0.132516
0.112470
0.107875
0.117571
0.113859
0.108052
0.103160
0.093300
0.089373
0.084345
0.084175
0.083260
0.082232
0.089560
0.097049
0.107227
0.097970
0.090728
0.109847
0.109052
0.123286
0.121424
0.125727
0.144202
0.124450
0.123271
0.132030
0.131151
0.125098
0.123311
0.113279
0.108134
0.102453
0.100651
0.099558
0.105511
0.112481
0.122298
0.131284
0.132140
0.146044
0.142593
0.150471
0.169030
0.156601
0.144664
0.150559
0.150803
0.147271
0.146637
0.140653
0.138264
0.141132
0.147787
0.158570
0.149816
0.146540
0.154942
0.147919
0.149350
0.166417
0.161839
0.163246
0.186001
0.158360
0.158819
0.170523
0.169652
0.156226
0.152491
0.139204
0.132366
0.129992
0.128961
0.132860
0.134026
0.141627
0.157975
0.172318
0.165399
0.182081
0.195359
0.209895
0.238811
0.202247
0.211239
0.231268
0.231723
0.210785
0.205046
0.180100
0.170470
0.154721
0.150505
0.141531
0.140284
0.145636
0.161493
0.171682
0.174973
0.166643
0.236765
0.229513
0.253015
0.265767
0.281142
0.314600
0.273540
0.274341
0.289649
0.277606
0.246125
0.236825
0.218205
0.219592
0.208901
0.199983
0.200908
0.199976
0.207409
0.211229
0.287697
0.268262
0.281502
0.321339
0.345603
0.382497
0.343545
0.335191
0.347140
0.334243
0.300238
0.298779
0.285468
0.285686
0.279478
0.276988
0.280464
0.279202
0.281722
0.287901
0.353619
0.335675
0.346157
0.388858
0.420644
0.456328
0.417771
0.419042
0.433275
0.431644
0.398646
0.405046
0.389497
0.379304
0.366603
0.370864
0.367380
0.356439
0.383472
0.398173
0.416596
0.399482
0.386091
0.457106
0.446208
0.461025
0.494509
0.528551
0.564886
0.522262
0.530909
0.547606
0.547790
0.512212
0.516530
0.493974
0.482869
0.464401
0.457087
0.441337
0.469902
0.488371
0.503623
0.570850
0.559063
0.579742
0.611344
0.643196
0.682904
0.634512
0.641342
0.659166
0.654414
0.615451
0.612701
0.585540
0.581712
0.562799
0.544967
0.531747
0.549327
0.569774
0.577166
0.673651
0.654527
0.675140
0.715963
0.745791
0.786479
0.727454
0.754484
0.787209
0.802891
0.822106
0.806631
0.807223
0.792606
0.796473
0.817220
0.826799
0.832775
0.828418
0.848493
0.771258
0.764172
0.757956
0.790600
0.794764
0.825330
0.806992
0.750945
0.735750
0.696823
0.669923
0.656743
0.653458
0.680219
0.682147
0.655211
0.659783
0.629051
0.627924
0.607468
0.700656
0.687957
0.679044
0.679123
0.698437
0.745087
0.677052
0.693351
0.658119
0.666783
0.694135
0.685378
0.678697
0.707551
0.699263
0.661199
0.640101
0.651924
0.605872
0.595027
0.566836
0.615743
0.648055
0.629448
0.649588
0.674680
0.620665
0.585120
0.591031
0.603938
0.552789
0.542032
0.546357
0.551466
0.536369
0.506007
0.485935
0.464113
0.470668
0.459971
0.442936
0.475774
0.500338
0.516136
0.511835
0.495867
0.515237
0.524242
0.557411
0.520670
0.489047
0.510221
0.459049
0.477561
0.502136
0.490740
0.489180
0.464207
0.435234
0.425132
0.401084
0.387582
0.367899
0.398703
0.421804
0.433397
0.453315
0.448414
0.473053
0.457667
0.424063
0.444537
0.406879
0.395612
0.405850
0.382883
0.386623
0.357400
0.340318
0.339880
0.321245
0.308220
0.288397
0.275750
0.287477
0.302413
0.304459
0.318751
0.321021
0.342897
0.332333
0.343784
0.337720
0.304006
0.316271
0.295933
0.276786
0.276842
0.259084
0.266996
0.245988
0.233675
0.236779
0.226440
0.216181
0.207988
0.205834
0.208864
0.216886
0.225684
0.222218
0.221685
0.225489
0.223380
0.235829
0.218502
0.195311
0.202605
0.199195
0.173622
0.175298
0.166028
0.172525
0.159564
0.150973
0.155411
0.156797
0.147932
0.151908
0.144458
0.148391
0.157993
0.145191
0.147151
0.165518
0.149875
0.141957
0.138580
0.166373
0.138239
0.144208
0.146626
0.155946
0.165178
0.176998
0.191481
0.216497
0.218683
0.251520
0.285165
0.263569
0.245728
0.213536
0.197840
0.147341
0.163324
0.196994
0.152547
0.162535
0.149739
0.192968
0.172361
0.168807
0.183878
0.213926
0.237005
0.280296
0.292256
0.347652
0.388083
0.447496
0.379878
0.328138
0.338123
0.183086
0.210955
0.228810
0.175325
0.150339
0.147094
0.160745
0.137356
0.131542
0.118086
0.120976
0.112025
0.112263
0.129738
0.131587
0.112236
0.109010
0.119613
0.103756
0.106169
0.122517
0.104198
0.104980
0.110879
0.106699
0.112779
0.114687
0.120418
0.130086
0.130796
0.113344
0.109422
0.102714
0.103239
0.098134
0.109635
0.133075
0.157708
0.157076
0.188506
0.136395
0.113463
0.111721
0.103444
0.103398
0.111313
0.108451
0.097650
0.111970
0.098456
0.091761
0.095953
0.099238
0.104014
0.099003
0.095182
0.102153
0.104578
0.095411
0.096780
0.106604
0.092976
0.092117
0.097175
0.092469
0.091651
0.099314
0.101816
0.110284
0.106753
0.110532
0.108575
0.126208
0.109186
0.149786
0.133898
0.128186
0.126710
0.140495
0.206942
0.223967
0.160664
0.164727
0.193043
0.197891
0.230080
0.196696
0.141512
0.129425
0.129144
0.142293
0.140537
0.139152
0.192744
0.132241
0.154101
0.187994
0.141969
0.123652
0.119916
0.113172
0.119227
0.114756
0.104952
0.100939
0.102370
0.102199
0.107998
0.115914
0.110020
0.107159
0.128916
0.123541
0.133948
0.132614
0.124778
0.138716
0.122698
0.117401
0.123804
0.119689
0.117311
0.111586
0.099938
0.097312
0.093879
0.086725
0.087731
0.090956
0.099654
0.113415
0.113054
0.113875
0.129473
0.120633
0.121427
0.135321
0.120630
0.117544
0.126113
0.121417
0.112725
0.106487
0.096270
0.097481
0.094490
0.089813
0.093173
0.087821
0.090963
0.094232
0.121629
0.117079
0.135081
0.141366
0.128390
0.142539
0.142689
0.121774
0.137996
0.122285
0.114127
0.112552
0.108359
0.102243
0.099219
0.101972
0.104408
0.102738
0.118035
0.130299
0.153353
0.127609
0.111492
0.126949
0.124938
0.130183
0.122890
0.124787
0.133980
0.129316
0.118934
0.119135
0.115487
0.116973
0.112647
0.109609
0.111214
0.109352
0.106245
0.105538
0.107279
0.106098
0.107667
0.111311
0.108425
0.107138
0.112548
0.112890
0.122135
0.117944
0.121020
0.131317
0.124232
0.118901
0.120426
0.117909
0.113341
0.111435
0.110076
0.113087
0.112585
0.109064
0.110503
0.114797
0.111705
0.110487
0.115903
0.108989
0.108118
0.121257
0.115896
0.119671
0.132917
0.142144
0.164413
0.149605
0.128462
0.126605
0.119956
0.122594
0.118503
0.115671
0.125125
0.125837
0.118877
0.124883
0.113159
0.109960
0.109456
0.111885
0.115364
0.129324
0.115161
0.113458
0.123273
0.120562
0.118679
0.137355
0.130602
0.144274
0.142543
0.166986
0.195531
0.232485
0.247578
0.290646
0.247134
0.213030
0.256838
0.121594
0.134910
0.165805
0.123090
0.113954
0.118875
0.134817
0.099491
0.093209
0.086401
0.095106
0.096794
0.109885
0.120512
0.143920
0.157860
0.188996
0.157853
0.134532
0.151653
0.079192
0.089088
0.096385
0.074017
0.072807
0.070271
0.084431
0.075988
0.074134
0.077177
0.087859
0.091369
0.097431
0.113123
0.119235
0.107209
0.110797
0.126179
0.104777
0.093730
0.087637
0.094496
0.071341
0.082302
0.091701
0.069505
0.066145
0.072046
0.064790
0.070891
0.078369
0.081309
0.084299
0.084521
0.082848
0.082262
0.085853
0.088372
0.096300
0.103395
0.100695
0.098840
0.107180
0.092902
0.087027
0.079416
0.084629
0.095407
0.086517
0.091219
0.105045
0.093019
0.093774
0.101448
0.106707
0.108020
0.111037
0.107226
0.102956
0.104357
0.109594
0.116578
0.120230
0.124133
0.125214
0.119979
0.111653
0.108037
0.115522
0.128116
0.114234
0.118685
0.130310
0.118231
0.121578
0.129885
0.133390
0.131437
0.133998
0.128418
0.122287
0.121381
0.127116
0.132579
0.132653
0.142244
0.146159
0.142013
0.132031
0.134176
0.139725
0.151812
0.140896
0.144241
0.156268
0.139877
0.148229
0.157753
0.161122
0.154710
0.159656
0.152858
0.144456
0.139052
0.142573
0.140236
0.152794
0.158003
0.170806
0.167476
0.170660
0.181599
0.179219
0.189777
0.208163
0.185284
0.192683
0.205607
0.206299
0.193398
0.188432
0.171086
0.166535
0.151874
0.146247
0.134009
0.126656
0.135675
0.148758
0.152000
0.161103
0.158613
0.207995
0.202590
0.217981
0.227255
0.228711
0.256629
0.227367
0.209112
0.216725
0.194946
0.180097
0.159988
0.146569
0.156167
0.149813
0.132868
0.133057
0.126245
0.132757
0.135115
0.183181
0.163004
0.169815
0.196787
0.199741
0.219367
0.207977
0.180725
0.178021
0.166084
0.156675
0.150203
0.145184
0.151549
0.150205
0.141067
0.141963
0.136263
0.138389
0.139143
0.169393
0.161580
0.167926
0.180571
0.193312
0.208642
0.200905
0.187901
0.191667
0.189843
0.176853
0.176023
0.166238
0.168779
0.163949
0.156430
0.152283
0.155251
0.148949
0.150821
0.151416
0.155815
0.157679
0.199092
0.193086
0.204314
0.218352
0.233301
0.257001
0.234323
0.230689
0.242133
0.242590
0.254599
0.251252
0.256409
0.252760
0.265520
0.283612
0.301749
0.286342
0.273845
0.285335
0.223377
0.234836
0.245907
0.218301
0.197768
0.205908
0.190878
0.189254
0.193178
0.189088
0.198847
0.191925
0.195340
0.188564
0.195881
0.209200
0.224671
0.229530
0.238673
0.238028
0.255315
0.224193
0.209744
0.172925
0.176574
0.178176
0.166054
0.151337
0.151582
0.147695
0.148195
0.150982
0.150989
0.158571
0.158466
0.162196
0.149225
0.158526
0.180116
0.201728
0.205169
0.225220
0.227791
0.209203
0.184497
0.143538
0.150216
0.154055
0.140194
0.137983
0.152929
0.141834
0.130372
0.132254
0.126069
0.128071
0.122800
0.125080
0.126507
0.126104
0.123827
0.125308
0.130192
0.125879
0.125012
0.129131
0.124506
0.123749
0.121080
0.120342
0.122001
0.121990
0.121783
0.143341
0.137243
0.104908
0.111735
0.120723
0.124738
0.141750
0.140874
0.130089
0.149752
0.171079
0.205177
0.224742
0.228738
0.222173
0.194853
0.167098
0.120813
0.147778
0.179023
0.128221
0.118929
0.129799
0.111659
0.126522
0.139919
0.151246
0.156385
0.168059
0.144149
0.137045
0.126693
0.124963
0.123110
0.130913
0.138344
0.144667
0.148290
0.180079
0.266198
0.171238
0.142560
0.132134
0.193733
0.134750
0.141617
0.163413
0.189079
0.216393
0.227679
0.183036
0.209847
0.295528
0.384813
0.390046
0.482183
0.486928
0.405890
0.311687
0.186578
0.221332
0.241355
0.202673
0.269230
0.346328
0.304417
0.248074
0.208755
0.212172
0.207630
0.203298
0.190499
0.184616
0.172809
0.170634
0.161727
0.153794
0.166197
0.178543
0.184287
0.187034
0.182288
0.207374
0.207490
0.221604
0.216898
0.216591
0.231012
0.212202
0.211235
0.218909
0.213741
0.205598
0.196692
0.180225
0.176702
0.163924
0.153174
0.144215
0.158190
0.171697
0.178673
0.208990
0.203531
0.216890
0.221604
0.220591
0.240796
0.216304
0.207514
0.214988
0.199896
0.189241
0.174601
0.163149
0.167999
0.159297
0.144362
0.138939
0.141700
0.150688
0.151681
0.190128
0.176840
0.183425
0.200204
0.198477
0.216759
0.198427
0.182856
0.184734
0.170145
0.160874
0.147882
0.139569
0.145624
0.141027
0.128750
0.126089
0.123401
0.128977
0.128072
0.162917
0.150261
0.156926
0.174425
0.178124
0.199413
0.185000
0.160146
0.160032
0.147131
0.140314
0.133604
0.132687
0.140044
0.143716
0.137603
0.143792
0.156017
0.141434
0.134239
0.139151
0.129507
0.130772
0.143318
0.137525
0.144023
0.149790
0.155066
0.166862
0.164277
0.146888
0.144120
0.138016
0.134066
0.133228
0.136519
0.143634
0.147424
0.144076
0.151605
0.160661
0.154722
0.149833
0.162112
0.140348
0.138242
0.141634
0.141186
0.144953
0.148100
0.153612
0.176846
0.177454
0.125889
0.120926
0.118582
0.122495
0.144779
0.165295
0.170412
0.211497
0.246516
0.290721
0.242982
0.207567
0.230670
0.124995
0.150963
0.181318
0.126242
0.132643
0.147099
0.138030
0.133478
0.147882
0.149731
0.145359
0.141735
0.138450
0.145227
0.145234
0.141728
0.147754
0.142931
0.139476
0.145653
0.148150
0.135481
0.138401
0.175464
0.584253
0.505006
0.425441
0.449447
0.369410
0.330290
0.357452
0.411545
0.477267
0.505502
0.570089
0.622498
0.616836
0.301880
0.330430
0.277146
0.263445
0.285133
0.321132
0.358533
0.436821
0.511703
0.528628
0.604822
0.231766
0.228330
0.230262
0.266616
0.279281
0.241900
0.216203
0.197581
0.211612
0.192544
0.202817
0.216293
0.220802
0.215851
0.240577
0.258927
0.249851
0.213535
0.247987
0.200608
0.218765
0.225699
0.242508
0.265953
0.235576
0.246036
0.293102
0.352971
0.440165
0.501940
0.556543
0.616761
0.682911
0.708891
0.755712
0.342817
0.352426
0.366098
0.374398
0.338901
0.331031
0.348987
0.338985
0.398353
0.309025
0.321717
0.303183
0.298032
0.333417
0.269934
0.269398
0.272566
0.256502
0.292080
0.321996
0.392374
0.470817
0.226405
0.231383
0.215933
0.206284
0.225510
0.248722
0.271913
0.291117
0.191959
0.192753
0.191107
0.216261
0.243488
0.197713
0.181531
0.176950
0.170154
0.191207
0.203079
0.219651
0.268106
0.236163
0.214336
0.230044
0.218133
0.235374
0.240880
0.244824
0.274020
0.273313
0.255932
0.277967
0.259441
0.285613
0.304536
0.309676
0.331485
0.356438
0.365288
0.347142
0.263139
0.232533
0.289986
0.340931
0.370779
0.344613
0.287630
0.256928
0.272878
0.233255
0.216122
0.250703
0.274347
0.307386
0.377670
0.403420
0.345182
0.185938
0.216293
0.169804
0.184086
0.157076
0.169918
0.147873
0.140524
0.138679
0.150204
0.138147
0.144529
0.130000
0.139225
0.134000
0.133363
0.154054
0.173444
0.185050
0.236609
0.226935
0.126020
0.156869
0.149721
0.159718
0.141378
0.136937
0.140998
0.137570
0.142914
0.160292
0.168601
0.191881
0.209188
0.271613
0.228922
0.144039
0.143215
0.162900
0.183488
0.196636
0.201608
0.207778
0.216879
0.227057
0.254467
0.255472
0.233575
0.215829
0.194972
0.230902
0.224845
0.217973
0.250501
0.264076
0.321631
0.368331
0.375060
0.453315
0.218206
0.193277
0.256847
0.277944
0.315994
0.373194
0.331893
0.402706
0.432811
0.508535
0.558788
0.596424
0.640231
0.666413
0.688680
0.467157
0.512345
0.511054
