3.1173
3.3905
3.4635
3.6413
4.0031
3.5967
3.2970
3.4526
3.6387
3.5572
3.5016
3.5797
3.8134
3.8100
4.2334
4.0111
4.1071
4.1209
3.9468
3.6469
3.7372
3.8902
3.5813
3.8321
3.5289
3.4750
3.8843
4.2326
3.8854
3.7133
3.3400
3.4655
3.0515
2.7519
3.0115
3.1540
3.3097
3.2068
3.2154
2.9783
3.1862
3.3250
3.3176
3.3393
3.3153
3.3361
3.3453
3.3674
2.9962
3.0170
3.3979
3.7219
3.7156
3.4758
3.5291
3.5088
3.7910
3.3535
3.4403
3.5208
3.5057
3.6661
3.7132
3.8653
4.2157
4.1923
4.2728
4.5275
4.2232
4.8006
4.9717
5.2034
4.4750
4.4979
4.8941
4.9680
4.8321
4.3491
4.1480
4.2742
4.7301
4.6426
4.3671
4.3883
4.8650
3.8146
3.8159
3.7756
3.5943
3.8623
3.3214
3.8685
4.1922
4.1867
3.7341
4.1950
4.2608
4.1710
3.1688
3.5820
4.1506
3.5823
3.8659
3.6107
3.8569
3.7297
3.8474
3.5041
3.2433
3.9252
3.8696
3.8669
4.1348
4.0998
4.0181
3.6057
4.0043
4.0223
3.7810
3.4275
3.6564
4.0430
3.9095
3.5904
3.8216
4.0076
3.8734
3.8527
3.6790
3.6060
4.0229
3.5039
4.1088
3.5161
3.3117
3.3868
3.5182
3.1610
3.3668
3.3867
3.3850
2.9843
2.8154
2.8645
2.9510
2.8992
3.2554
3.1860
3.3472
2.9777
3.6970
3.6298
3.8324
3.5415
3.4676
3.5306
3.2914
3.3108
3.2926
3.7787
3.3578
3.5530
3.5675
3.7998
3.7635
3.3312
3.3081
3.8750
4.3410
4.5365
3.5368
4.1313
4.2790
3.6997
3.6418
3.6315
3.4124
3.9274
3.8800
4.0549
3.8466
3.8877
3.4333
3.8079
4.2016
4.5590
3.9990
3.9853
3.6059
3.8136
4.1363
4.3346
4.0503
3.4274
3.5581
4.0079
3.7456
3.5704
4.0096
3.9522
3.6612
3.7356
3.9490
4.3371
3.6922
3.6257
3.8135
3.7838
3.3556
3.6128
3.8017
3.6090
3.8620
3.4819
3.3824
3.5536
3.3689
3.8651
4.1967
3.7259
3.6601
3.6850
3.3502
3.9699
3.5414
4.1972
4.4443
4.4724
4.3743
4.4771
4.3013
4.5647
4.5522
4.0277
4.0890
3.9625
3.6644
4.5283
4.2571
3.7846
4.3688
4.0168
4.1499
4.4330
4.1972
4.0712
4.4436
4.8805
4.9010
4.6252
4.1313
3.3409
3.9607
3.8154
3.8722
4.2588
3.6900
3.8647
3.9020
4.1432
3.7323
3.9762
4.0285
4.0542
4.2072
4.5524
4.5520
4.5265
4.7430
4.0680
4.0391
4.0987
4.2578
4.4549
4.5744
4.7442
4.7438
4.9384
4.9089
4.8646
4.4338
4.3587
4.9965
5.1521
4.6787
4.5520
4.2108
3.9690
4.1205
4.3321
4.4733
4.5246
4.6441
4.6888
4.3724
3.7155
3.8398
3.4548
3.8811
4.4027
4.2161
4.0424
4.6040
4.7975
4.7933
4.9304
5.0187
5.7169
5.7899
5.7883
5.8065
5.7301
5.5276
5.3302
5.7225
5.7294
5.7458
5.5423
5.4103
5.6053
5.2806
4.6678
4.3191
5.0473
4.6516
4.9851
5.1476
4.5065
4.0139
4.1032
3.9663
3.7065
4.3726
4.4823
4.5558
4.1189
4.0304
4.3321
4.4256
4.3255
4.3387
3.9992
4.1299
3.7511
4.1657
3.6850
4.0517
3.5790
3.6127
3.9167
4.2226
4.3103
3.7151
3.3475
3.5587
3.6268
3.6640
3.4844
3.0314
3.7390
3.3884
3.5482
3.6608
3.0724
3.8695
3.5402
3.9572
3.5643
3.7763
4.2140
3.3163
3.2081
3.3069
3.5766
3.4601
4.0638
3.8226
3.4789
3.5933
3.4382
3.6784
3.8432
3.4571
3.7444
3.5432
3.8857
4.2593
3.8470
4.2188
4.2225
4.0853
4.2047
4.2548
3.6987
3.9388
3.7082
3.9787
4.1183
4.0281
3.3669
3.8817
4.1319
3.9163
3.7676
3.6965
3.7006
3.8782
3.3436
3.4349
3.3705
3.0969
3.4067
3.4192
3.2699
3.7016
3.8942
4.4183
4.4538
4.3804
4.0080
4.1965
4.1113
4.6131
4.0683
4.1235
3.9054
3.7236
4.0857
4.6535
3.9755
4.3643
4.0849
4.1029
3.7892
3.7303
3.7582
3.6941
3.7614
3.8406
3.5476
3.6880
3.6286
3.5755
3.8404
4.3155
4.1214
4.3195
4.3531
4.1503
4.3074
4.0600
4.1028
4.4194
3.6244
3.7747
3.9408
4.3903
4.5489
4.4037
4.4732
4.6799
4.8113
4.8065
4.4248
5.0834
4.7567
4.7897
4.8107
4.3624
4.3785
4.1255
4.3950
3.9736
4.0609
3.8324
4.0731
4.1816
4.6183
4.6158
4.6361
4.1009
4.1328
4.4522
4.1113
3.9005
3.7282
3.5755
3.7385
4.7278
4.0719
4.1120
4.0776
4.0000
3.3374
4.0204
4.5641
3.9518
3.7736
3.9606
3.6870
3.6520
3.7775
3.6981
3.5172
3.4971
3.3688
3.9022
4.6069
4.1693
3.9453
4.2708
3.7103
4.0655
3.7918
3.8055
3.2923
3.3534
4.0101
4.3844
3.7262
4.1554
3.4838
3.4920
3.4206
3.7391
3.7628
3.7579
4.1983
4.1127
4.1731
4.1887
3.9447
4.1834
4.1661
3.8926
3.8230
4.0271
3.9460
4.1886
4.1575
3.7454
4.1928
4.8040
4.0926
4.3081
4.0049
3.9535
4.0002
3.8057
4.3156
4.5757
4.1259
4.2177
4.3958
4.1190
4.3143
4.1867
3.7407
3.8456
4.2569
4.8107
4.9582
5.4020
4.5121
4.4751
4.3423
4.1108
4.6556
4.8560
4.4107
4.0077
4.0397
3.9769
4.3387
4.1676
3.8667
3.6994
3.5269
4.2711
4.1225
4.5590
4.6042
4.0693
4.1553
4.0162
4.2278
3.7946
3.6860
4.0161
4.3713
4.5639
5.0892
4.4371
4.3566
4.8200
4.2181
4.0305
3.9991
3.9558
3.8526
4.3865
4.0955
3.6289
3.7451
4.0574
3.9703
4.5343
4.7154
4.0149
4.2896
3.9741
3.8452
3.6923
3.4656
3.7928
3.4131
3.9260
3.7275
3.6836
3.9367
3.7833
4.2797
4.4402
4.5061
3.9200
3.4744
3.8209
3.5328
3.7305
3.4083
3.2933
3.5600
3.4935
3.9391
4.3760
4.1630
4.3518
4.2529
4.0243
4.6450
4.5765
4.1100
3.6172
3.8073
3.2770
3.1108
3.6277
3.6786
3.9152
3.5353
4.0111
4.1458
3.5669
3.9092
4.0878
4.2175
4.1484
4.1857
4.0866
3.5550
4.0594
3.6501
3.6179
4.4849
4.3081
4.3964
4.4561
4.6757
4.2135
3.7132
3.8410
3.8951
4.2335
4.4810
4.2494
4.0094
3.7315
3.7240
3.9046
4.2178
4.2636
4.0688
4.6652
4.3972
4.3415
4.2839
4.1274
4.8340
4.4020
4.6278
3.9343
4.0918
4.0257
3.9383
3.8368
4.6647
4.0435
3.5810
4.0007
4.2069
3.9621
3.4522
3.0438
3.1751
4.0620
3.6491
3.6840
3.5336
3.8558
3.9580
3.1895
3.0362
3.0975
2.8804
3.1577
3.1077
3.1708
3.7522
3.5134
3.3985
3.9788
3.8147
4.2135
4.2438
4.5488
4.2616
3.6244
4.0805
4.4682
4.0544
4.1939
3.5167
3.3596
3.4459
3.9212
4.0109
3.9971
3.9870
4.2865
3.5131
3.7779
4.0860
4.1105
4.4783
3.8042
3.3335
3.9122
3.9950
3.9128
4.5861
4.4528
3.8083
4.0626
4.8710
4.2847
4.4345
4.5193
4.1576
4.6330
4.1145
4.0116
4.3327
4.1325
4.1350
3.8651
3.6335
4.1023
4.1927
3.9968
4.1797
3.9411
4.0057
4.7291
4.4143
4.2715
4.2091
4.5160
4.2210
4.1911
3.9855
3.9012
4.1069
3.8060
3.8854
3.8126
3.8564
3.7642
3.6319
3.9188
4.0430
3.9597
4.2810
3.5872
3.9424
4.2931
3.7840
4.4545
4.1071
4.3132
4.4613
4.4064
4.6953
4.4209
4.0882
4.5454
4.6346
4.4785
4.4788
4.5661
4.5523
4.3267
4.2140
4.1359
4.1640
4.1856
4.6393
3.9192
3.9576
4.3861
4.4715
4.6640
4.3048
3.7006
4.5373
4.3008
4.0165
4.4010
3.8995
3.6360
3.1217
3.6757
3.9372
3.5249
3.9048
3.7852
4.1620
4.2992
4.3765
4.1593
4.1588
3.9359
3.8540
3.7214
4.0408
3.5775
3.8074
4.1990
3.9509
4.4420
4.0962
4.2996
4.3697
4.4520
4.2654
4.2394
5.1584
4.4538
4.2996
5.1398
4.8532
4.6549
4.7719
4.7185
4.6422
4.5683
4.7042
3.5352
3.3612
3.7744
3.9830
3.6990
3.9203
4.0959
4.4054
4.2070
4.3065
4.0579
4.0045
4.6174
4.7609
4.2389
4.1568
4.2662
3.9043
3.2867
3.9782
4.1529
4.3389
4.3132
3.7108
4.2177
4.2243
3.5763
3.6269
3.8026
3.7008
3.7032
3.5080
3.9102
3.0093
3.5706
3.6174
3.7966
3.8644
4.2621
4.3084
3.7971
3.7837
3.5226
3.8074
4.0089
3.7925
3.6483
3.5213
3.9232
4.2361
4.3199
4.2360
3.8913
3.7293
3.9507
4.3345
4.4212
4.5390
4.1048
4.2377
3.2648
3.9684
3.7792
3.6626
3.7873
3.9578
4.5957
3.8354
4.0364
3.9644
4.2424
3.8424
3.6020
3.8868
3.4641
3.5068
3.5566
3.4902
3.5565
3.9708
4.1026
3.7449
3.5210
3.3369
3.6259
3.5345
3.8685
4.4106
4.0642
3.9004
3.9524
3.9692
3.8278
3.9001
3.7003
4.2552
4.3948
4.0049
4.3506
3.6682
3.6236
4.1563
3.7503
3.4196
3.9329
4.0436
3.8158
3.1554
3.4274
3.3259
3.0348
3.4483
3.8164
3.9048
3.9044
4.2981
3.7784
3.8873
3.8609
4.0850
3.9117
3.7920
3.5098
3.3767
3.4720
3.7897
3.5363
3.5287
3.5788
4.2166
4.0728
3.7347
3.7819
4.2325
3.8014
3.9021
3.6801
4.2482
4.3726
4.4263
4.7049
4.3793
4.8494
5.0931
4.8203
4.4640
4.0639
4.1588
4.6078
4.3866
4.2394
3.9480
3.7901
3.9734
4.0828
3.8902
3.9247
3.9416
3.9331
3.6680
3.6276
3.9820
3.8623
3.6725
4.0386
3.4771
3.7761
3.8455
4.0277
4.1308
4.7449
4.2454
4.3307
4.1270
4.0595
3.8858
4.1184
4.7545
4.5119
4.6992
4.4785
4.5657
4.8413
3.8431
5.1402
4.8150
4.3630
4.1867
3.6894
3.9913
4.0293
4.3516
4.5126
4.2759
3.9846
3.8053
4.2245
4.0645
3.8137
3.9129
3.8870
4.8244
4.8388
4.7076
4.6751
4.8736
4.7112
4.8943
4.8846
4.3410
4.3335
4.5554
4.3760
4.1387
3.9274
3.8148
4.1945
4.2430
4.7976
5.1040
4.9514
4.8942
4.7380
3.7658
4.2612
4.2615
4.0677
3.8327
4.1424
4.0636
4.0454
4.1564
4.2385
4.6956
4.5569
4.7780
4.5244
4.6564
4.3405
4.6589
4.5395
4.5557
4.8544
4.8838
4.8302
4.6087
4.6138
4.5987
4.3089
4.1468
4.2160
5.0994
4.6005
5.2600
4.5988
4.9411
4.3627
4.2313
4.0527
4.4146
4.6413
4.3959
4.8887
4.3775
4.1817
3.9811
4.4135
4.5966
4.7026
4.7429
4.4654
4.5074
4.5120
4.1279
4.5358
4.5777
4.3959
4.8229
4.2932
4.1300
3.9282
4.4249
3.7262
3.7099
3.7767
4.3253
4.8902
4.7874
4.6716
4.7136
4.5919
4.2784
4.5613
4.9122
4.4988
4.4885
4.3601
4.6871
4.4782
4.4846
4.4795
4.5537
3.6697
3.8804
3.7255
3.8285
3.5182
3.8063
4.0121
4.3364
4.2297
4.1838
4.1284
4.3916
4.5590
3.8840
4.0368
4.1773
3.9122
3.7537
3.9672
3.4880
3.6923
3.8049
4.0226
3.9400
3.6494
3.9017
4.0882
4.2454
4.1995
4.2267
4.2343
4.3264
4.0886
3.4711
3.3213
3.6449
3.5086
3.4452
3.4392
3.6616
3.4304
3.7966
3.6399
3.8344
3.8680
4.4294
3.7979
4.2089
4.8110
4.2073
4.6567
4.8259
4.7614
4.9760
5.1821
4.4703
5.1978
5.2451
4.9484
4.7725
4.5917
5.1243
5.5267
5.2642
4.9775
5.0638
5.0533
5.2771
5.3985
5.2654
5.3361
5.0124
5.1527
4.7288
4.9653
4.8960
4.6690
4.9952
4.8056
4.4276
3.8720
4.0159
4.4457
4.6064
4.7172
4.6271
4.7749
3.8823
4.1607
4.2987
4.6273
4.5824
4.3880
4.8257
4.8179
5.1893
5.8779
5.6218
5.2206
5.2800
4.6558
4.7773
5.3290
5.6025
5.1342
4.5908
5.1338
4.9860
5.1395
5.2462
5.4862
5.2735
4.9844
5.1842
4.6301
4.5629
4.5256
4.8629
5.1250
4.6967
5.1468
4.8208
4.5584
4.8349
4.5906
4.4170
4.6597
4.6411
4.7991
4.4554
4.5087
4.4520
3.7679
3.9278
4.4390
4.4972
4.5507
4.3615
4.8045
4.6085
4.6307
4.9027
4.4704
4.7324
4.6245
4.8095
4.7838
4.8103
5.1679
5.0031
4.6627
5.4288
5.6961
5.4601
5.7928
6.1193
6.1580
5.6420
4.9774
6.0845
6.1861
6.1441
6.1033
6.1069
6.2529
6.2986
5.9946
5.9141
6.6903
6.3048
5.9125
5.8521
5.5241
5.3792
5.4488
5.1149
4.6321
4.6450
5.0037
5.0586
4.6024
4.7345
4.2811
4.6403
5.0200
5.0650
5.7379
5.3886
5.2975
5.4689
5.5293
5.6661
5.3821
5.3076
4.9709
5.0460
5.3593
5.7604
5.1725
5.3281
5.6099
5.1968
5.7181
6.0895
5.1636
5.6248
6.0769
5.5946
5.7935
6.0832
5.3727
5.0001
4.9239
4.5189
5.1081
5.0823
5.9568
5.3567
5.0928
5.3374
5.4217
5.1438
5.0754
5.6864
5.2444
5.4951
5.7189
5.4046
6.0266
5.5153
5.5361
5.4786
5.7906
5.8864
5.7655
5.4084
5.4654
5.4423
5.7548
5.5467
5.5594
6.3950
6.0267
5.9139
5.6841
5.6613
5.7876
5.8851
5.6754
5.3943
5.6553
5.6878
5.2794
5.4404
5.6967
5.5661
5.5915
5.5555
5.3945
5.5318
5.7037
5.1706
5.1471
4.8722
5.1701
5.0741
4.9749
4.9246
4.6509
5.3388
5.6348
4.8143
4.8690
4.7461
5.0460
5.6953
5.2887
5.1295
5.4932
5.4826
5.1844
5.1245
5.0026
5.2643
4.7610
4.7656
4.7150
4.8128
4.8820
4.6877
4.6754
4.9340
5.2194
5.0360
5.5465
5.3531
5.1554
4.6963
5.5732
5.1794
5.2553
4.6008
4.3572
4.2951
4.8110
4.4238
4.4861
4.4917
4.5583
5.3579
5.0406
4.3728
4.8959
4.8065
4.9477
5.1327
4.5429
4.8068
5.0048
5.2641
4.5123
4.6685
4.6601
4.3467
4.6907
4.6957
4.6036
4.6430
5.1212
4.1814
4.0041
3.9909
4.3619
4.5430
4.9637
5.2700
5.3021
5.0452
5.5452
5.2581
5.4259
5.1989
4.9558
4.5453
4.7297
4.5266
4.5278
4.9211
5.1928
4.8941
5.2103
4.6477
4.7408
4.6550
4.2857
4.8182
4.2851
4.6365
5.0697
4.6218
4.9676
5.0858
4.9778
4.7252
5.0568
4.8666
5.1165
5.6023
4.9776
5.1632
5.6008
5.3409
5.2600
5.8473
5.0744
4.8847
5.4239
4.3589
4.3442
3.9156
4.1748
4.6030
4.7802
4.5218
4.9432
6.0615
5.2698
5.3152
5.5057
5.9589
6.0277
6.4948
5.9154
5.5205
5.4479
5.3399
5.4006
6.2905
6.2534
6.1139
6.1548
6.0216
5.8184
5.7381
5.3633
5.5197
6.3271
6.8577
6.8409
6.3911
6.5288
7.0187
6.9022
6.8123
6.7725
6.4710
7.3733
6.7675
6.9823
6.8992
7.1085
6.7047
6.2025
6.2218
6.5141
6.6748
6.4495
6.9005
6.5049
6.6552
6.6027
6.7299
6.5648
6.3966
6.5196
6.6915
7.5686
7.1843
6.8615
6.9841
6.5794
6.9213
6.8707
6.4725
6.6590
7.2606
6.8360
6.8982
6.8567
7.0078
7.2861
6.8821
6.8245
6.8219
7.0169
7.3501
8.1286
7.8476
7.8257
7.5272
7.1261
6.9131
7.2018
7.1293
7.3225
7.1139
6.8076
6.6418
7.1780
7.1598
6.9871
6.6905
7.2259
6.9930
7.0840
7.0309
7.4042
7.6649
7.5783
7.6203
6.8657
6.4887
7.2762
7.1244
6.9850
6.8497
6.2943
6.2322
6.5713
7.2667
7.1808
6.8943
6.9171
6.2150
6.7909
6.8125
6.7564
6.0005
5.8364
5.2447
5.8124
5.9179
6.1961
6.3200
6.1580
6.4842
6.5656
6.3415
6.2846
6.0073
6.4069
6.0506
5.9914
6.2460
6.3278
6.0301
6.4778
6.0551
6.9917
6.8150
7.0992
6.7267
6.4796
6.7776
7.0030
6.9329
6.7528
6.3477
5.8385
6.3605
5.8768
5.9424
5.7871
6.0778
5.7601
5.7919
6.1532
5.8961
6.4674
6.5930
7.0541
7.0030
6.2669
5.7214
6.3384
6.3434
6.4049
5.7151
6.1433
6.5360
6.5744
6.3894
6.4744
6.6787
6.1613
6.4983
6.4698
6.1357
5.5547
5.6389
6.0519
5.9208
6.3456
7.0368
6.9720
6.2046
5.8442
6.2430
6.5410
6.4992
6.0886
6.0664
6.1467
6.2157
6.3734
6.1920
6.3763
6.6754
6.5141
6.5093
6.9470
6.1040
6.5688
6.2043
6.5007
6.3698
6.3461
6.7208
7.1547
6.6925
6.3094
6.3190
6.3023
6.3146
6.3962
6.8221
6.9467
7.1096
6.3268
6.4386
7.0546
6.7885
7.0572
6.8646
6.2610
6.3659
6.4197
6.5971
7.4628
7.2775
6.0313
6.1148
6.3704
5.7262
5.8554
6.4801
6.6641
6.1527
6.2630
5.7801
6.6034
6.9021
6.6506
6.2609
6.5742
6.9510
6.0188
5.9311
5.9754
5.6557
6.2474
5.5808
6.4724
5.7114
5.5298
5.8817
6.4852
5.6584
6.1091
5.7982
5.4187
5.4887
5.6297
5.5547
5.6906
6.0271
5.1913
5.6160
6.0606
6.5426
6.4920
6.6604
6.3834
6.4269
6.9299
7.4908
6.6220
7.0749
6.5020
6.9549
7.3060
6.8125
6.2654
6.9021
6.8208
6.7905
6.4985
6.6743
5.9448
6.1916
5.9685
6.1346
5.5845
5.5980
5.7698
5.2224
5.2124
5.6608
5.3988
5.6468
6.0011
6.0817
6.3338
5.9624
5.8919
6.2755
6.0844
5.9849
6.3403
6.2563
6.7202
6.4978
6.6384
6.8585
6.0076
5.9287
6.1342
6.7663
6.0270
5.4981
5.5670
5.9181
6.4707
5.6843
6.2701
6.5916
6.6199
6.5061
6.6072
6.5799
7.2462
6.8906
6.6488
6.8055
7.0025
6.9742
6.9469
6.7725
6.6959
6.7885
6.3759
6.5269
6.8706
7.4860
7.0532
7.1366
6.6804
6.8176
6.4414
7.0635
6.8715
6.8833
6.1151
6.4992
6.0477
6.2860
6.4186
6.6978
6.6370
6.5479
6.7655
6.0268
5.7098
5.9985
6.3525
5.7055
5.6819
5.9301
6.2935
6.4490
6.3270
6.2418
6.1044
6.4397
5.6365
5.8736
6.2877
6.1366
6.2523
6.2674
6.6464
6.0517
6.1427
5.8772
6.9154
6.8305
6.8044
6.8769
6.7076
6.6755
6.8869
6.1643
6.3775
6.0708
5.7104
5.3216
5.7486
5.5163
5.5082
5.8334
5.6674
6.2157
5.9549
5.7588
6.3890
5.7811
5.4693
5.8563
5.7042
5.8536
5.7629
5.5430
5.6049
5.8644
6.0773
6.1640
6.6493
6.5393
5.9763
6.1921
5.8840
6.4630
6.4853
6.8254
7.3546
7.3823
6.7968
6.6403
6.4956
6.4619
6.2889
5.7107
6.0265
6.2282
6.2796
6.2305
5.9317
5.6014
5.8331
5.7351
6.1459
6.4862
6.1817
5.8115
5.8667
5.6549
5.9383
6.1001
5.9064
5.9266
5.9951
5.7265
5.3305
5.6656
5.8872
6.4246
6.5469
6.1086
6.3370
6.1515
6.6127
6.8379
6.1348
6.5484
6.3940
6.6679
7.0762
6.2051
6.0032
6.0967
6.1174
6.1506
6.3027
6.0811
5.8150
6.4132
5.5928
5.6797
5.5457
5.9217
6.1795
6.0498
5.9239
6.2792
5.6740
6.5966
6.7108
5.9464
5.8118
5.6541
5.5514
5.5709
6.1544
6.3893
6.0877
6.0070
5.8876
6.3497
6.1332
5.0843
5.7788
5.7741
5.9329
5.7766
5.8704
5.2675
4.9545
5.4868
5.4677
5.9907
5.9491
6.0469
5.7078
6.5278
6.9970
6.8291
6.7374
6.6316
6.6811
6.7404
6.4967
6.8141
6.6515
6.7397
6.6762
6.6921
6.6987
6.7772
6.4378
7.1315
6.2510
6.6245
6.4611
6.3469
5.7280
6.2969
6.3275
6.2847
6.0876
5.9184
5.7521
6.3451
6.5422
6.5631
6.4794
6.3422
6.3891
6.8023
6.6004
6.7061
6.4625
6.4657
6.6222
6.1345
6.5858
6.7661
6.7745
6.6123
6.3937
6.4162
6.9728
7.0620
6.3985
6.0577
6.0435
5.7398
5.3466
5.7427
6.0030
6.0816
6.4378
6.3851
5.8522
6.1672
6.4250
6.5349
6.6811
6.4652
6.9457
6.9044
6.5457
6.1413
6.0189
5.8501
6.7367
6.0498
6.3942
6.3473
6.4762
7.1220
6.8444
6.7902
6.8211
6.9940
7.1976
6.7908
7.6709
7.7634
6.9468
6.1249
6.8546
6.7128
6.8862
6.8865
6.6076
7.0095
7.6018
7.3879
7.3695
6.9517
6.9847
6.8133
6.9598
7.0302
6.4068
6.5242
6.3744
6.0278
6.1282
6.0661
5.8728
5.6077
5.5615
6.1051
5.8737
5.8448
5.7376
5.8144
5.4082
5.4233
5.9068
5.3282
6.1223
6.4871
6.1701
6.3810
6.5789
6.4666
6.0659
6.6937
6.9073
6.5420
6.5465
6.7635
6.3508
6.2239
6.0808
5.6987
5.3170
5.3757
5.6769
6.0249
6.1738
6.0125
5.8500
6.1779
5.3556
5.8710
5.8319
5.6526
6.0567
6.0783
5.9516
6.0697
5.6563
6.0223
5.4337
5.1983
5.3588
5.8603
5.9574
5.6893
5.5103
5.6809
5.8927
5.6628
5.0081
5.4136
5.2402
5.7005
5.4628
5.6218
5.5742
5.3325
5.2113
5.7918
5.2468
5.4722
5.1501
5.1751
4.8665
5.7614
5.6303
5.7123
5.4570
5.8840
6.1442
5.6998
5.6370
5.6790
5.6122
6.2149
5.3898
5.7019
5.7315
5.5972
5.8747
5.4726
5.9856
6.4912
5.6137
5.7597
5.4690
5.3606
5.6100
5.9475
5.5809
5.0040
5.1716
5.3967
5.3582
5.2773
5.9469
5.9086
5.8058
5.7483
5.6339
5.7514
5.8988
5.9386
6.8653
5.9546
5.2636
5.6676
5.6214
5.2608
5.3311
5.8389
5.7457
5.9721
5.5301
5.1982
5.4195
6.0562
5.6430
6.2238
5.8950
5.6216
6.0391
6.4865
5.6798
5.8254
5.3011
5.5955
5.7067
5.8464
5.3182
6.0104
5.7021
5.8816
6.1252
5.7376
5.5983
5.8083
5.2970
5.6930
5.3141
4.8909
4.9693
5.3467
5.2425
4.5684
4.5059
4.2806
4.3186
4.6904
4.8488
4.8325
4.7296
5.1078
5.4415
4.4928
5.4424
4.8411
4.8333
4.9825
5.1268
4.7852
5.3333
5.2781
4.7204
4.6439
4.6952
4.8315
4.8380
4.8870
4.7845
4.9127
5.3916
5.8285
5.7168
5.4173
5.0841
5.4907
5.0454
5.7944
5.5263
5.6391
5.7568
5.2976
6.1565
5.6717
5.3361
4.9213
5.1624
5.3553
5.1110
4.9374
4.9590
4.9984
5.7901
5.7557
5.7417
5.5641
5.9567
6.6121
5.7839
5.3092
5.7904
6.5243
5.6686
5.4315
4.9980
4.5686
5.0381
5.1702
6.1149
5.5781
5.2589
5.1473
5.4464
5.1591
4.9129
5.3810
5.4119
5.7081
5.5197
5.7196
5.3338
5.4589
5.1438
5.1339
4.8670
4.7984
5.2956
5.4374
5.6523
5.8291
6.1207
6.1241
6.1417
6.4786
6.4491
6.2285
5.9420
6.3124
6.1802
5.5215
5.1728
5.2922
5.1093
5.0089
4.9869
4.6048
4.3651
4.4676
4.8458
4.7930
5.0089
5.0878
4.8140
4.5886
5.0925
4.9958
5.4393
4.9320
4.6060
4.4968
4.5113
4.5535
4.9767
5.4902
5.7182
5.6120
5.6793
5.7116
5.7789
5.5391
5.5744
5.8751
5.7789
5.2718
5.7464
5.8006
6.2086
5.5114
5.8572
5.6467
5.6409
5.9781
5.7157
5.8488
5.4889
5.3851
4.9540
5.3347
5.6743
5.5882
5.8730
5.7710
4.8717
4.8313
5.2694
5.5138
5.6515
5.2603
5.3908
5.5841
5.1018
4.9885
4.9724
5.7008
5.1745
5.6156
5.5624
5.8984
5.9141
5.7539
5.5135
5.6678
5.8960
5.4413
5.7821
5.8565
6.2426
5.6964
5.5334
5.7436
5.7152
5.8738
5.7897
6.1736
6.2595
5.9144
5.8205
6.0346
6.0685
6.3219
5.4155
5.6259
5.7362
5.9972
6.6461
5.7273
6.0815
6.1850
5.8554
5.8315
5.8534
6.0296
5.4783
6.1247
6.4058
5.9177
6.0960
6.6821
6.0172
5.6249
5.9465
5.7092
5.7649
5.7554
5.7148
5.6823
5.7226
6.1409
6.6678
6.0932
6.0878
5.5496
5.6864
5.9260
6.5875
6.1167
6.0878
6.4401
6.4039
6.2161
6.1602
6.4942
6.2542
6.5896
6.3928
6.5960
6.0829
6.3579
6.1115
5.5309
5.7839
5.4883
5.8472
6.0103
6.3663
5.9761
5.7748
5.7175
5.6757
5.5689
6.0917
6.0628
5.8065
5.7109
5.9427
5.9677
6.2293
5.8959
5.6090
5.8653
5.8082
5.9908
5.9388
6.5559
6.6190
6.4246
7.0668
6.8959
6.6573
6.9633
6.2991
6.4262
6.1745
5.7475
5.9775
6.1331
6.6110
6.3523
6.4560
6.8328
6.6525
6.8612
6.9168
6.9837
7.2567
7.4129
7.4726
7.1222
6.7877
6.4353
6.6662
6.5277
6.4103
5.8088
5.5801
5.2352
5.3680
5.1189
5.1719
5.4021
5.4498
5.6050
6.0252
5.7757
6.0766
6.0849
5.9291
5.8194
5.9183
6.3717
6.6587
6.4654
5.6862
5.7191
5.8163
5.8074
6.0851
5.8368
5.7139
5.9608
5.9539
5.6977
6.2183
6.4960
6.8184
6.4064
6.4024
6.3008
6.6001
6.5323
6.5448
6.3041
6.4328
6.6182
6.0834
5.7362
5.2045
5.4795
5.6732
5.8998
5.8488
5.9279
5.5660
6.0398
5.7003
6.1703
6.0143
6.0575
6.1110
6.2426
6.5875
6.1392
5.6726
5.8027
5.5779
5.9799
5.9706
5.5929
5.7828
5.2395
5.3209
5.7667
6.2214
5.6532
5.6673
5.9357
6.6468
6.4791
5.8720
6.5775
6.3821
7.2251
6.1530
6.0866
5.9590
6.4099
6.0922
5.8045
6.3050
6.8931
6.1882
6.6751
6.0789
6.0710
6.3048
6.3899
6.4815
6.7297
6.6748
6.2167
7.1196
6.8292
6.7225
6.9318
6.3687
6.2090
6.2237
5.9137
6.0133
6.4048
5.8303
5.5984
5.7649
5.8055
5.5212
5.8457
5.7975
6.4152
5.8173
5.3277
5.3193
5.8382
5.7840
6.0079
5.2136
5.9043
5.8025
5.7244
5.6269
5.3025
5.1073
5.0517
5.2360
5.2316
5.0556
5.9576
5.4008
5.4398
5.5405
5.5036
5.7584
5.4770
5.3673
5.5344
5.3158
5.4507
6.0425
5.5806
4.9915
4.5185
5.3002
5.1541
5.6713
5.3914
5.6692
5.5495
6.0994
6.1785
5.9617
6.2260
6.6705
6.5237
6.4987
6.6725
7.0880
6.5622
6.5929
6.5131
6.1914
7.0725
6.4569
6.1443
6.1599
6.2235
6.5461
7.0266
6.8538
7.2374
6.5389
6.7332
6.6294
6.4612
6.5728
6.4547
5.7278
5.2971
6.3071
6.4098
6.8984
6.6428
6.2092
6.5819
5.9712
6.1416
6.0644
6.7291
6.4306
6.4497
5.7722
5.7374
6.3087
5.9448
6.7549
6.5197
5.9428
6.4782
6.8331
6.6141
6.4955
6.7722
6.2774
7.0523
6.4715
6.5879
6.3114
6.0543
6.0353
5.9481
5.5105
5.5786
5.5036
5.9107
5.2889
5.7283
6.0384
6.0422
6.3591
6.1372
5.6777
5.5947
6.1889
5.7040
5.8088
5.7763
5.7101
6.2499
5.5472
5.7013
5.7537
5.9464
6.4042
6.5745
6.2203
6.3587
6.2478
7.1067
6.9051
7.1638
6.6330
6.0642
5.8260
5.9058
5.2730
5.5108
5.5212
6.1755
6.1068
5.6268
5.0943
5.4508
5.6062
5.5288
5.2758
5.7919
5.9338
5.8623
5.7334
5.7303
5.6946
5.5916
5.5959
6.1315
5.9172
5.9743
5.8463
5.7114
5.9916
6.1314
5.8332
5.7225
5.1537
5.7060
5.8551
6.1782
5.8197
6.1094
6.1678
6.4144
6.1436
6.3770
6.5386
6.2360
6.1038
6.1349
5.8950
5.5661
5.9688
5.9745
6.0171
5.7968
5.8799
5.7095
5.4541
5.7560
4.7765
5.2252
5.3108
5.8352
5.2822
5.3851
5.7956
5.9448
5.6442
5.3906
5.5602
5.7558
5.9246
5.9847
5.8199
5.5607
5.5343
6.3550
5.9101
6.4299
6.7398
6.3146
6.4783
5.8918
5.9611
5.7184
6.0115
5.5949
5.3024
5.1867
5.5065
5.9921
6.0924
6.0961
5.9168
5.7683
6.0332
6.1101
5.4161
5.6194
6.0822
6.1090
5.9681
5.8915
5.9588
4.9250
5.2916
5.7216
6.3464
6.0510
5.5329
5.8137
6.1640
6.3621
5.1537
5.4223
5.2693
5.6083
5.2126
5.2717
5.4161
5.7705
5.3436
5.7381
5.2688
5.5357
5.3166
5.3059
5.2030
5.2710
5.6870
5.9993
5.8710
5.8562
5.4554
5.8660
5.5512
5.9659
5.7035
5.4538
5.7212
5.8949
5.9243
5.8857
5.4390
5.9397
6.0650
5.4132
5.1185
5.4749
5.2073
5.3530
5.4070
5.8347
5.5995
5.5138
5.6611
5.7098
5.5599
5.5865
5.5568
6.0762
6.0375
6.4776
6.8085
6.0093
5.3875
5.4207
5.1264
4.8137
5.0529
5.0758
5.1919
5.5066
5.3243
5.6984
5.6247
5.2732
5.3270
5.8791
5.9203
5.9095
5.3771
5.4002
5.1338
5.1644
5.6105
5.6399
5.1064
5.5078
5.7979
6.1084
5.8807
5.6153
5.5973
6.1156
5.8834
6.0501
5.6265
6.4051
5.9111
5.5772
5.6002
5.4540
5.6422
5.6393
5.2566
5.6490
5.2649
5.9330
6.0904
5.9864
6.1921
6.0798
6.1567
6.0287
5.7193
5.8098
5.9513
5.9745
5.6055
6.1020
5.8736
5.7807
5.9048
5.7190
5.5054
5.8855
5.5393
5.6479
6.1395
6.1578
6.1985
5.8700
6.1054
6.6079
6.4122
6.5458
6.1999
5.1499
5.3180
5.3775
5.8435
6.0100
5.5668
6.1499
5.7002
5.2610
5.4866
5.5521
5.3677
5.9097
6.0696
6.1720
6.1047
5.9834
5.3627
5.3854
5.8469
6.0225
5.8821
5.6030
5.5556
5.9566
5.4905
6.1698
6.2241
6.5545
6.8530
6.6235
6.3357
6.2736
5.9371
6.1349
5.9842
5.8511
6.1766
6.1442
5.9066
6.1058
6.0035
6.4378
6.5778
6.5585
6.1021
6.3866
6.8978
6.3796
6.3837
6.2166
6.2642
6.7604
6.8584
6.7209
6.8824
6.4734
6.2564
6.8184
7.2056
6.2052
6.9427
6.8869
6.7216
6.2738
6.1041
6.4247
6.6199
6.4572
6.2546
6.6684
6.7876
6.5792
6.6848
7.2235
6.3858
5.7318
6.4505
5.8663
5.6541
5.7301
5.9582
6.1848
6.0222
6.1599
5.7869
5.9343
5.8373
5.4774
6.0205
5.6799
5.5174
5.4926
5.4544
5.8897
6.3386
6.5707
5.6133
5.4497
5.8729
6.1704
5.8037
6.0955
5.5182
5.3310
6.0050
5.9133
5.4671
6.1583
5.4318
5.7685
5.8909
5.7620
5.9086
5.7234
5.6148
5.5313
4.9930
5.2426
5.7711
5.6924
5.7363
6.3010
6.0755
6.2698
5.8828
5.6569
5.8392
5.5728
5.4306
5.9517
6.1413
6.1806
6.0042
6.1232
6.3142
5.2753
6.0773
5.8556
6.2287
5.5197
5.6423
6.1582
6.1065
6.2270
6.4394
6.4826
6.0814
6.4758
5.9746
6.1699
6.1112
5.9880
6.1075
5.9144
5.8254
5.7298
6.0720
6.5306
6.2002
6.3398
5.9589
6.5541
6.1419
6.0217
6.5083
6.8893
6.7444
6.2242
6.7608
6.3763
6.9980
6.4394
6.0081
6.3328
5.9232
5.5360
5.4939
5.6427
5.5922
6.1335
5.9139
5.6592
5.5400
5.1138
5.3559
5.3287
5.9011
5.5294
5.9635
5.6429
6.0030
5.8080
5.5431
5.6571
5.6070
5.9509
5.3518
5.6253
5.7178
6.0372
6.1971
5.4803
5.5532
6.1333
5.2249
5.9981
5.7121
5.8409
6.0504
5.9152
6.4197
6.2516
6.2979
6.2801
6.2473
6.4296
6.3579
6.3443
6.3191
6.6441
6.7025
7.1927
7.0760
6.4258
5.9188
5.8825
5.8078
5.9644
6.1935
6.2309
5.7497
5.8784
6.0860
6.1451
6.0978
6.1903
5.5061
6.1245
5.8034
4.9684
5.3759
5.3765
5.6482
5.5896
6.1040
6.0925
5.4946
6.4949
6.1238
5.9737
5.7300
5.4133
4.9327
5.5213
5.5144
5.8803
5.2951
5.1408
5.3787
5.2563
5.8458
5.7652
5.6862
5.4179
5.0813
5.6489
5.5687
5.4254
5.3014
5.2168
5.5159
5.3417
5.8864
5.9351
5.7102
5.6221
5.6732
5.3549
5.0526
5.4192
6.2008
6.1154
6.1133
5.5084
5.8293
5.7943
6.3297
6.4946
5.8369
5.8893
5.9513
5.7866
5.3509
5.6728
5.7042
5.5951
5.9689
6.0905
5.8156
6.1860
6.4129
6.2589
6.2323
5.7888
6.0864
5.7547
5.7761
6.0757
6.3191
5.7152
5.6736
5.6831
5.8375
5.8658
6.3809
5.8868
5.7634
6.2222
6.1753
6.0311
5.9359
5.2830
6.1775
5.8363
6.0481
5.9557
5.6549
5.9807
6.0509
6.2087
5.9016
6.5106
6.1652
5.6995
6.2402
5.8376
5.6440
5.9981
6.1803
6.3993
5.7241
5.7907
5.6526
5.5208
5.8765
5.5072
5.6099
5.5876
5.6642
5.9179
5.5020
5.6155
5.6013
5.0753
5.8565
6.0763
5.6158
5.7872
5.1857
5.6691
5.9242
6.0464
5.9526
6.1549
5.9559
5.9948
5.5167
5.2871
5.7511
5.5188
5.5883
5.9527
6.2086
5.4736
5.4550
5.1139
5.7814
5.3997
5.5666
4.9749
5.1220
5.2797
5.7854
5.6967
6.0784
6.2948
5.4692
5.5728
5.5097
5.7020
6.2506
6.1019
5.9228
6.1989
6.1385
5.7157
6.3155
6.5422
5.8258
5.6912
5.7437
5.4845
5.6903
5.5198
6.5598
6.5337
5.6931
6.0588
6.4375
6.4019
6.1922
6.4170
5.8366
6.0843
6.2382
6.1485
5.9883
5.7777
5.5695
5.7355
5.4222
5.8499
5.9656
5.3398
4.8671
5.5910
5.9901
5.9096
5.6880
5.6527
5.0785
5.5444
5.7061
5.6193
5.7436
5.6412
5.8046
5.6045
5.4846
5.7104
5.8729
5.8588
5.4888
5.8325
5.9611
6.0723
6.7161
6.3290
6.4933
5.8908
6.4123
5.9416
6.0053
6.2365
5.9515
6.0557
5.9973
6.5063
6.3976
6.3397
6.5066
6.3014
6.2208
6.3553
6.5405
6.8492
6.7120
6.3572
6.6312
6.8951
6.4149
6.3281
6.0402
6.2746
6.0079
5.6830
6.4956
6.2734
6.3228
6.1231
5.9102
5.8644
5.6467
6.1975
6.0472
6.4973
5.9683
5.9784
6.2700
5.7988
6.3279
5.9309
5.6643
5.8906
6.4403
6.0031
5.9028
5.7493
5.6452
5.5550
6.1285
6.2109
6.4315
5.4763
6.5739
5.9209
5.9812
6.6024
6.4538
5.6846
5.6057
5.5890
5.5973
5.8889
5.7539
5.8093
5.7442
5.8946
5.7950
6.1994
6.3287
6.3626
6.7941
6.2745
6.1377
6.1671
5.7493
5.8022
5.2780
5.4874
5.0595
5.6766
6.4805
5.6957
5.6922
5.7154
5.9624
6.6302
6.4510
5.3953
5.9517
5.9644
5.9593
6.0412
6.4975
6.9189
6.4165
6.4497
6.2705
6.6188
6.1851
6.8578
6.9620
6.5939
6.2847
6.7254
7.0732
6.7313
6.3192
6.3232
6.4646
6.9675
7.3271
7.4506
7.1776
6.5821
5.8241
6.4140
6.4817
6.9236
6.8155
6.9399
6.8983
6.5616
6.4472
6.4662
6.6950
6.1421
6.5242
6.8192
6.4851
6.6897
6.8827
6.8738
6.5620
6.1686
6.3891
6.6327
7.2682
6.8592
7.6044
7.3160
6.6440
6.1355
6.7616
6.3704
6.9357
6.1949
6.6397
6.5550
6.6218
6.6462
6.8379
6.6324
6.7857
6.5887
6.5131
6.3544
6.6121
6.7118
6.8259
6.3676
6.5255
5.9497
5.7277
5.6598
5.6527
5.9492
5.9276
5.8124
5.8929
6.2863
6.3136
6.4536
6.3313
5.9540
6.1587
6.2750
6.2757
6.1905
6.3277
6.4737
6.2291
5.9695
6.5083
6.5052
6.3134
6.7469
6.8549
5.7170
5.7928
6.3344
5.7634
6.0264
5.8324
6.1198
5.6387
5.5522
5.9456
5.7801
6.0452
5.7313
6.0448
6.0530
6.0680
6.6304
6.3292
6.7310
6.6559
6.0359
6.2888
6.8601
7.3123
7.1947
7.4464
6.7554
7.0773
7.0913
6.3742
6.6799
6.3973
6.9506
6.4823
6.5083
5.5867
6.0407
6.6888
6.7109
6.7386
7.1720
6.7899
6.4371
6.5975
6.3970
6.4917
5.5012
5.9946
5.8855
6.3153
6.4525
6.5236
6.5308
6.5672
6.0023
6.5942
6.6240
6.6455
6.2746
6.2332
6.1280
6.4068
5.9606
6.0814
6.5634
6.6766
6.3548
6.6873
6.5143
6.0508
5.5230
5.2661
5.9111
6.3733
6.1199
6.6804
6.5622
7.0321
6.7223
6.5891
6.8251
7.0829
6.4094
6.5090
6.2416
6.7649
6.6504
7.4189
7.0056
6.6156
6.3092
6.9698
7.0261
6.7441
5.9565
6.4916
6.3799
6.3658
6.1312
6.4393
6.5250
6.0444
6.0758
6.6673
6.6898
6.5372
6.4793
6.4106
6.2110
5.7712
5.7505
6.2370
6.0018
5.9341
6.1204
5.6692
5.6952
5.7036
5.1440
5.5434
5.5399
5.5505
5.2064
5.5463
4.7528
5.0350
5.6508
5.8988
5.8449
5.4919
5.6012
5.9335
6.7681
6.4760
6.2056
6.5204
6.1483
6.2427
6.2956
6.4244
6.6952
5.9033
5.9674
6.1950
6.3338
6.1010
5.9757
6.1782
6.4335
5.9238
6.1577
6.2588
6.2194
6.2312
6.6147
6.6904
6.5533
6.5405
6.8158
6.5169
6.7223
6.1843
6.0747
6.4466
6.1101
6.1782
6.2916
5.9282
5.9308
5.8764
5.6809
5.7586
6.5263
6.0576
6.7360
6.2991
6.4851
6.4193
6.0768
6.7723
6.8981
7.5382
7.2587
6.2259
6.6077
6.5272
6.2018
6.7530
6.7540
6.5981
6.7191
6.6720
6.8441
7.3561
6.9474
7.1128
7.3331
7.0458
6.7032
6.4146
6.0291
6.4126
6.1066
6.0531
5.7626
5.6291
6.0259
6.2902
5.9086
5.8371
6.2782
6.3720
6.3583
6.0789
6.1860
6.5462
6.3340
6.8356
6.3687
6.5907
6.0289
5.8489
5.9504
6.0004
5.2478
6.2929
6.5612
6.5611
7.0664
6.6005
6.1641
6.0004
6.0547
5.9839
6.4971
6.4259
6.4167
5.9028
6.1192
6.1274
6.1944
7.1383
6.6699
7.1696
7.5855
7.4237
7.1479
7.1417
6.7875
6.8016
6.3076
6.2980
6.5702
6.7310
6.0798
6.3438
6.4371
6.4643
6.2510
6.0140
6.5849
6.5650
7.2888
6.8413
7.2961
7.6139
7.4911
7.5113
7.5905
7.2118
7.4366
7.1644
7.2689
7.5931
6.8558
7.0146
6.7940
6.8917
6.7037
6.6320
6.6501
6.5133
6.7383
6.4724
6.4403
6.2442
6.1774
5.8570
5.7564
5.7700
5.2391
5.7598
5.8032
5.4919
5.3439
5.6161
6.2548
6.2123
5.7186
5.6955
5.1995
5.3993
5.0333
5.5020
5.5311
5.4347
5.3201
5.7677
5.8468
5.7824
5.9552
5.8255
5.7252
6.0111
5.5371
5.4873
5.7442
5.9783
6.8293
6.7649
6.4871
5.8749
6.3289
6.7071
6.6005
6.6330
6.2668
6.3146
6.3418
6.0218
5.3917
5.9982
6.1987
6.3372
5.8983
5.7185
6.1237
6.0124
6.8097
6.0000
6.8035
6.9499
7.0184
7.4227
7.4576
6.9947
7.0153
6.9755
6.4289
6.5058
6.0098
5.8676
6.0893
6.2751
6.0066
6.4984
6.0974
6.3668
6.8896
6.8681
6.6184
6.4419
6.7241
6.6554
7.3331
7.2515
7.0886
6.6421
7.2254
6.5597
6.3136
6.3973
6.7199
6.4448
6.6114
6.9655
6.7796
6.8871
7.0576
7.7450
7.2591
6.9481
7.6401
7.7143
7.7658
7.2025
6.3940
6.7658
6.8553
6.9560
6.8163
6.4761
6.4133
6.3561
6.6000
6.6279
6.3307
6.3949
6.3581
5.9203
6.0710
6.0913
6.1138
5.8484
6.2491
6.3688
6.1206
6.5336
6.5982
6.0649
6.3389
6.4807
6.5837
6.5690
5.8546
6.2761
6.3082
5.9615
6.6230
6.4477
6.9434
7.1460
6.7898
6.5912
5.8432
6.2669
6.1193
5.5624
5.9286
6.2644
6.7461
6.1331
6.6732
6.1745
5.9590
6.2375
6.0315
6.8186
5.8067
6.1820
6.2903
6.6644
6.8963
7.0988
6.9007
6.6768
7.9672
6.8610
7.0157
6.6291
6.4790
5.8681
5.7607
5.4006
5.7741
5.8602
5.8424
5.8077
5.2865
6.0530
6.8508
6.7272
6.1638
6.4865
6.7989
6.4203
5.9813
6.1753
5.7272
5.9895
5.7243
6.6247
6.6952
6.8360
6.8981
7.3039
6.8859
6.6876
6.8515
6.9227
7.1386
6.9758
7.1287
7.3120
6.6782
6.9828
6.7721
7.0383
7.3002
7.2391
6.6626
6.6732
6.0755
6.1029
6.1514
6.6954
6.7443
6.4614
7.2762
7.0439
7.1364
7.1027
6.4680
7.1334
7.4459
7.1546
6.8260
6.4906
6.4978
6.6703
7.1241
6.7871
6.5490
7.0255
6.8406
7.3226
7.3299
6.9805
6.8663
6.9743
6.3466
6.4886
6.3235
6.2209
6.6174
6.8926
6.0764
7.0916
6.7696
6.9859
6.8527
6.7958
7.4047
6.8791
6.0748
6.8167
6.4774
6.5805
6.3174
5.9711
6.3463
6.1134
6.7856
6.2245
6.4982
7.1787
6.7007
6.3061
6.5002
5.5657
5.9055
5.6366
6.3203
6.4042
5.3488
5.6797
5.8960
5.4078
5.4451
5.2317
5.7231
4.8804
5.0213
6.1442
6.0154
6.1713
6.1922
6.1857
6.8071
6.4186
6.4085
5.9128
6.4160
5.7073
5.8426
5.4500
5.9322
6.1111
5.9627
5.2603
5.6439
6.0059
5.3317
5.2066
5.0186
4.8294
4.9058
5.4541
5.7646
5.9335
5.6301
5.7924
6.2325
6.6357
6.1358
5.9534
5.6307
6.0178
6.1145
5.9816
6.3588
6.7367
6.4257
6.1034
6.1410
6.5281
6.5120
6.7002
7.0980
6.8102
6.6901
7.3626
7.4320
6.7462
6.0353
6.8801
6.4282
6.6560
6.5819
5.7820
6.6002
5.9842
5.9447
5.8828
5.5509
5.3979
5.1835
4.8132
4.8594
4.5778
4.9051
4.7899
5.2515
5.3303
5.1645
5.1108
5.5412
5.1068
5.4712
5.5792
5.4025
5.9885
5.7397
5.3031
5.1056
5.2437
5.1168
5.3490
5.4647
5.6149
5.0916
4.7217
5.0068
5.1609
4.9554
5.0717
5.4847
5.4494
5.6239
5.9603
5.7539
6.2347
6.0132
5.9219
5.4281
5.1983
5.2807
5.1456
4.9506
5.1953
5.4562
5.3554
5.6690
5.7698
5.3625
5.7886
6.1099
6.6702
6.2626
6.0744
6.0402
5.6396
5.5466
5.8979
5.5431
5.1346
5.2192
5.5127
5.6666
6.0095
5.6718
5.7943
5.7587
5.8685
5.7273
5.5514
5.9261
5.9108
5.3926
6.0147
5.7988
5.8183
6.2661
5.7254
5.9365
5.7527
5.9261
5.8766
5.9234
6.2756
6.0478
6.5222
6.3308
6.2206
6.2035
6.9990
6.8410
7.1403
7.0093
7.3636
7.1003
7.3183
7.0398
6.6609
6.1073
6.0177
6.3143
6.2981
6.3909
6.1229
7.1252
6.7942
6.5174
6.7971
6.2956
6.4484
6.7639
6.6995
6.3137
6.0411
6.8693
6.5921
6.6194
5.4290
5.9640
6.1206
6.3853
6.6970
6.5560
6.2948
6.6338
6.8796
6.9189
6.6706
7.1521
6.5937
6.6151
6.6828
6.7576
6.2842
6.3757
6.1106
5.9898
6.5277
6.9258
6.7227
7.3820
6.6396
7.0276
6.8708
6.6599
5.9144
6.5641
6.1326
6.2682
6.0099
6.0689
6.4489
6.1627
5.9590
5.9840
6.0765
6.1491
7.0938
6.6150
6.0164
6.2210
5.7964
5.7855
6.1791
6.0951
6.2234
6.2476
6.2838
6.1296
6.6534
6.5719
6.2786
6.5659
6.8008
6.1833
6.0093
6.3157
6.0433
6.5782
6.2583
6.2771
5.9169
6.1842
6.0243
5.9217
6.1556
6.6038
6.6673
6.1208
6.0097
5.2674
5.6410
5.6372
5.6280
5.3670
5.4833
5.3591
5.7478
5.5743
5.2406
5.6027
5.9812
6.1248
5.6535
6.0082
6.1202
6.5366
6.8752
6.3802
6.3602
6.6971
6.9058
6.2813
5.7912
5.1947
6.4514
6.5907
6.2215
5.8395
5.5411
5.6893
5.6327
5.2713
6.0430
6.1672
5.8846
5.7475
6.7274
6.3635
6.2339
5.8721
6.4227
6.0924
6.1135
5.6111
5.8010
6.0982
6.5617
6.7672
6.3805
6.7220
7.0739
6.0090
5.8421
5.3243
6.0401
6.3236
6.7047
6.9139
6.7482
6.9722
6.5650
6.7146
6.5138
7.0523
6.6170
6.7542
6.8804
6.1239
6.3099
6.7047
7.3127
6.8206
7.4172
7.9448
6.9540
7.1800
6.5245
6.2349
6.6589
6.0534
6.0475
6.2715
6.3850
5.8564
6.0645
5.7833
6.1292
6.4185
6.1289
6.7683
6.3324
6.9253
7.0160
6.6297
6.2773
6.5641
6.8805
7.5101
7.0626
7.1457
6.9855
6.3240
6.2599
6.0718
5.7939
5.6057
6.2001
6.5191
6.5047
6.8065
5.7592
6.1671
6.1170
5.7564
6.0959
6.3839
6.2228
6.5900
6.3216
6.5229
6.4862
6.2384
6.6918
6.4396
6.8421
6.8019
6.2939
6.3449
6.2902
6.2691
6.1336
6.0957
6.5775
5.6083
6.3182
6.8929
6.8639
6.6499
6.9122
6.8776
6.5013
6.8720
7.0664
7.3060
7.1315
6.9727
6.6966
6.7072
6.3657
6.1211
6.9646
6.8042
7.2450
7.5714
7.1897
6.3826
7.1285
7.2444
7.1318
7.1706
7.2844
6.6002
6.9235
6.8747
6.5117
6.4321
6.5461
6.2101
6.5737
5.7856
6.3297
6.4464
6.3358
6.0263
6.2042
6.3029
6.9859
6.5994
6.5734
7.2772
7.1254
6.9961
6.2070
6.6412
6.5892
6.6432
6.9164
6.3612
6.2141
6.4398
6.4822
6.1463
6.1904
5.5307
5.7393
5.9975
5.2251
5.3242
5.9527
5.9578
6.6402
6.5098
5.9524
5.7791
6.0488
6.5730
6.1919
6.5571
7.0962
6.5338
6.0695
7.0306
7.1539
6.9853
6.8045
6.6745
6.2219
6.4127
6.2791
5.8545
5.4157
5.7755
6.5127
6.8527
6.7514
7.3266
6.7879
6.9629
6.2192
6.3513
6.4561
6.4536
6.5703
6.4174
6.8800
6.6794
6.4496
6.1422
6.4534
6.1939
5.9941
5.1407
5.8053
5.8239
6.4465
6.1466
6.4791
6.2270
5.9467
6.0398
5.7762
6.0657
6.0356
5.9179
5.8598
5.9176
5.9481
5.7902
6.5001
5.9669
5.9574
5.7260
5.8274
5.8091
6.3095
5.8926
6.1243
5.8476
6.0141
5.9807
6.3838
5.7395
6.2994
6.4819
6.0728
6.7204
5.7171
5.7504
5.9185
6.0241
6.2525
5.8005
5.8766
6.3120
5.6996
5.5872
6.4406
6.5497
5.7992
6.1913
6.3193
6.4908
5.9169
5.6422
5.9849
6.6927
6.5383
6.4082
6.8383
6.3443
5.8657
6.4327
5.9171
5.5967
6.0154
6.4349
5.3655
5.3549
6.2793
6.7354
6.5463
6.2267
6.0977
6.1175
6.3974
5.9405
6.2929
6.0577
5.8386
5.7451
5.7724
5.8168
5.4745
6.1897
5.9744
5.9859
6.0834
6.0251
5.7101
5.8643
5.2858
5.7804
5.7607
6.1419
6.3839
6.9289
7.0925
6.9664
6.7338
6.9903
7.2539
7.4393
7.5340
7.4054
6.4938
6.3235
5.4600
6.1428
6.2662
6.0831
5.9721
6.0765
5.7648
6.3336
5.9863
6.8064
7.0653
6.9339
6.6647
6.5454
5.9474
6.4823
6.1127
6.3347
6.6956
6.7566
7.0014
6.7261
7.4436
6.3063
6.6118
6.4184
6.6309
6.5491
7.5558
6.8444
7.3357
7.2181
7.0623
6.8632
7.4001
6.7151
6.6553
6.4715
6.6661
6.7368
6.8340
6.7140
6.6752
7.0070
6.0589
6.5995
6.3628
6.5163
6.9017
6.2187
6.3728
6.3520
6.1404
6.3605
6.0918
6.1035
6.3282
6.2780
6.3108
6.4495
6.3951
6.6068
6.9427
7.2979
7.1973
6.8805
7.2572
7.6087
7.0492
7.0187
6.7412
6.7403
6.8853
6.7864
7.0274
6.8819
6.2816
7.5611
7.6354
6.9546
6.2788
7.0544
6.4859
5.8695
6.2944
6.2808
6.6881
6.2493
6.3711
6.5066
6.6658
7.0757
6.8383
6.2048
6.5024
6.7478
6.8253
6.7485
6.9698
7.7537
7.7686
7.5858
7.8551
7.8346
7.5882
8.0460
7.3659
7.2786
7.5147
7.6288
7.5763
7.4716
8.1144
8.5348
8.0765
7.3848
7.3545
7.7982
7.3949
7.0416
7.3847
7.6101
7.3675
7.1555
7.4142
7.6040
7.6116
7.6852
7.6284
7.9313
7.3839
7.4078
7.0590
5.7984
6.2533
7.0000
7.6395
7.1682
7.4414
7.2858
6.9539
7.0672
6.9815
7.4130
7.5021
7.1311
6.8818
7.5149
6.8998
7.1322
7.4888
7.1823
7.5109
7.0552
7.1342
6.7446
6.3264
6.5214
7.0913
7.4495
7.2865
6.3853
6.8105
6.9490
7.4871
7.0830
7.4301
8.5211
8.1679
7.1081
7.4478
7.6937
7.5163
7.4203
7.6759
7.9143
7.8518
8.6941
7.6773
7.7172
7.1935
7.3163
7.1994
6.7308
7.2078
7.3486
6.8307
6.7802
6.7498
6.7391
6.4447
7.0512
6.9547
6.8903
7.2167
6.6502
6.4310
6.2487
6.3311
5.8932
6.2337
6.4433
5.8895
6.6297
6.4856
6.2561
6.7634
6.7027
6.2241
6.4488
5.9791
6.2520
6.0500
6.3209
6.1376
6.4496
6.5093
6.2704
6.5774
6.6371
6.4502
6.7687
7.2058
7.5458
7.6833
7.3050
7.3850
6.9202
6.3128
6.3255
6.6654
6.8616
6.5127
6.3626
6.2522
6.6882
6.4530
6.2046
6.0837
6.4408
5.8853
5.9363
6.5610
6.5032
6.5920
6.5954
6.7113
7.1547
6.9252
7.0678
6.8049
6.2252
6.5829
6.8229
6.6695
7.1706
6.7563
6.6673
7.7178
7.2104
6.8020
7.1708
6.7956
6.9052
6.4842
7.1258
7.3474
6.7718
6.6295
6.5095
6.4264
6.0178
6.6779
6.8603
6.8803
6.6364
6.5935
7.2011
7.3684
7.1113
6.7696
6.5306
6.6397
7.0468
6.9067
6.0600
6.0992
6.3925
7.2311
7.0607
6.7384
6.9723
6.1708
7.0263
7.0967
7.1812
6.7606
6.9715
7.1009
7.5882
7.6237
7.0769
7.5032
7.6143
7.5761
7.5281
6.8949
7.0453
6.9793
7.4996
6.6249
6.5993
7.3780
6.6004
6.6874
6.9254
6.6362
6.6014
6.6354
6.2066
6.5118
6.6493
6.6090
6.2855
6.6371
6.5766
6.2573
6.5024
5.8729
6.2965
6.7852
6.7523
6.7038
6.0044
5.9773
6.3706
6.8457
6.6504
6.8865
7.0196
7.0858
7.0922
7.2977
6.9322
6.4988
6.3542
5.9225
5.7473
6.3204
6.2117
5.9920
5.7718
6.4926
5.6376
5.7763
5.7858
5.4774
5.9004
5.7546
6.4421
6.1584
6.5931
6.0539
6.0935
6.0560
6.8270
6.4446
6.5203
6.6361
6.6623
7.1357
7.2787
6.8387
6.9353
6.7022
6.5268
6.5736
6.1829
6.6025
6.1624
6.7453
6.9863
6.7145
6.3662
6.3825
6.3521
6.3316
5.9411
5.8781
6.0397
6.5262
6.4284
6.8196
7.0522
7.0428
6.5545
5.9866
6.0546
6.1765
6.4387
6.1440
5.8737
5.7171
5.7286
5.7517
6.0381
5.9209
6.0649
6.7715
7.1967
6.4350
6.5812
6.1663
6.3864
6.6567
6.7624
6.7061
6.9446
6.6290
6.5189
6.7568
6.1526
6.5149
6.5408
6.8268
7.0596
6.4226
7.0193
6.8661
6.6038
5.8992
6.3231
6.2122
6.4129
6.2923
6.4913
6.4698
5.9109
6.3452
6.4802
6.6009
6.2969
6.3926
6.5763
6.1564
6.9150
6.3020
6.2766
6.7440
6.6383
6.3930
6.1828
5.8643
6.7616
6.7760
6.5300
6.6669
6.6736
6.8898
6.2429
6.7725
6.1171
6.0111
5.9008
6.4900
6.6493
6.4586
6.5026
6.6783
6.9180
6.7414
6.6877
7.4219
7.5629
7.0354
7.2657
6.7754
6.9161
6.4315
6.6415
6.7903
7.2092
6.7440
6.5747
6.6857
6.7036
7.2452
6.9365
6.1499
6.4195
6.3154
6.6571
6.8959
6.5318
6.0180
6.1247
6.6839
6.6143
6.6691
6.8681
6.8186
6.6321
6.8860
6.0716
6.5630
6.6778
5.7128
6.6351
6.6039
6.7380
6.8611
6.5347
6.6152
5.6990
6.2630
5.8292
6.0392
6.0510
5.3448
5.3135
6.1970
6.7099
6.3732
6.2663
6.5553
6.7722
7.4603
7.5594
6.7115
7.0291
6.7685
6.2347
5.9258
6.1012
5.8423
6.1562
6.6454
6.5394
6.6418
6.2576
6.3324
5.7343
6.7082
6.6907
6.6042
6.2322
6.1970
6.4719
6.5331
6.8795
6.8572
6.6578
6.0276
5.9901
5.5312
5.2517
5.8702
5.8080
5.9286
6.7412
6.8494
6.5407
6.2398
6.1476
6.2887
5.9861
6.5763
6.3410
5.9922
6.2519
6.2836
6.2169
6.0070
5.9051
5.9053
5.9309
6.2217
6.4632
6.1804
6.0138
5.8416
5.6587
5.4076
5.8462
5.8557
5.8441
5.4027
5.2993
5.3290
5.4645
6.2253
6.2481
6.5088
6.5981
6.4948
6.3807
6.5469
6.3679
6.7134
6.5750
7.3538
6.6489
6.1468
6.3875
6.6284
6.8315
6.7355
6.8891
6.9801
7.1009
6.7624
6.2499
6.5125
6.6493
6.9179
7.1411
6.4796
6.7333
6.8702
7.5412
6.7717
6.4490
6.6546
7.1820
7.0830
7.2421
6.1363
6.7133
6.3264
6.8734
6.4093
6.2578
6.3967
6.5579
6.1198
6.4569
7.0706
7.3762
6.7431
5.8802
6.3928
6.1964
6.5383
6.9137
6.7474
6.8848
6.5906
6.1813
5.8696
6.6960
6.5403
6.5231
6.4837
6.0321
6.0030
5.8523
5.9184
5.7446
6.3536
6.1027
6.1897
5.9867
5.9347
5.7345
6.4466
6.0327
5.9883
6.2672
6.3861
6.9206
6.4150
6.2028
7.1047
6.5241
6.0210
6.4564
6.8964
6.6163
7.0206
6.4432
6.7245
7.0455
6.9603
7.3348
7.3680
7.0804
7.1140
6.6524
7.1631
7.1825
7.3897
6.3495
6.6010
6.3777
6.8419
7.1832
6.8968
6.4679
7.2524
7.0605
6.5180
6.1038
6.4090
6.3127
6.5929
6.4541
6.6325
5.9690
6.2116
5.8911
6.5442
6.5720
6.7558
7.0193
6.6423
6.9771
7.0299
7.0965
6.7177
6.6808
6.6091
6.5611
6.4192
6.5003
6.6215
6.7796
6.8517
7.1287
6.6029
6.7521
7.0018
6.3791
6.1886
6.5781
6.7768
6.6321
7.1244
6.7077
6.7596
6.1014
6.9299
6.9421
7.1206
6.6157
6.8417
6.6031
6.2061
5.6690
5.4356
5.9351
5.9041
6.0854
6.5342
5.9160
5.6819
5.5712
5.5647
5.4674
6.4286
6.4630
6.9001
6.3776
6.3476
6.8041
6.4526
6.7203
6.3487
6.5044
6.4940
6.5233
6.8250
6.3601
6.9190
6.7894
6.8917
6.8509
6.2836
6.2868
6.2301
6.5419
6.8690
6.5645
6.1209
6.3647
6.5914
6.4159
6.4361
6.6317
6.5667
6.8975
7.1482
6.9230
7.1417
6.9847
7.0862
7.3141
7.2302
6.7293
6.5271
6.7157
6.5243
6.3606
6.2379
6.5203
6.3627
6.3172
6.7881
6.1957
6.7880
6.5237
6.6494
6.7522
6.8768
7.2071
6.5825
6.1689
7.3942
6.8196
6.5079
6.6707
6.8283
6.6730
6.2843
6.0181
6.3183
6.9793
6.2414
6.3286
5.8402
6.2076
6.7221
6.8628
6.5408
6.1786
6.8943
6.0121
6.0928
5.6343
5.9956
6.0109
6.1552
6.3528
6.7151
6.7347
7.0218
7.4734
7.1465
6.7348
6.9583
6.7829
6.5783
6.6991
6.8461
6.7540
7.0640
7.0467
6.7880
6.4804
6.5548
6.1064
5.8152
6.6307
5.6507
5.9115
5.6596
5.5948
5.9024
5.5602
6.1980
6.2612
5.9443
6.2688
7.1662
7.6300
7.3211
7.0483
6.8967
7.0742
7.2496
7.0359
7.4468
7.1726
6.9833
6.6469
7.0850
7.1900
7.3896
7.4899
7.1830
7.2862
6.6624
6.7824
7.4024
7.5041
8.0037
7.9667
7.4380
7.7461
7.6164
6.4292
6.5555
7.2387
7.7707
7.0197
6.9993
6.6905
6.7011
6.5578
6.7174
6.2931
6.3412
5.9653
6.8453
5.6406
6.4852
6.3757
6.5928
6.6701
6.3299
6.3704
6.4670
6.2929
6.6836
6.6817
6.6755
6.8349
7.2053
6.8135
7.2101
7.1881
6.5506
6.8717
6.4897
6.2641
6.3683
6.6738
6.5324
6.7894
6.5250
6.5218
6.0905
6.5968
6.4101
6.1919
6.2834
5.7632
6.1870
6.2811
6.2827
6.5194
6.3740
6.7037
7.2508
7.3662
7.2161
6.8315
6.4996
6.2979
6.5020
6.0475
6.3451
6.4526
6.5364
6.4672
7.1617
7.2585
6.8880
5.8786
6.5869
7.0574
7.1933
7.4645
7.3326
6.9405
7.0187
7.2938
6.9529
6.3984
6.2487
6.6426
6.9220
7.2468
7.4091
6.9841
6.9028
7.2867
7.6108
7.0059
6.9294
7.2297
7.1511
6.7946
7.3831
7.6069
7.7209
7.2053
7.3512
6.8065
7.3211
7.2406
7.4213
7.3082
7.2492
6.7670
6.5562
6.5627
6.7740
6.7497
6.8478
7.2314
7.4762
7.6427
7.5004
6.6291
6.3785
6.6709
7.0658
6.6044
7.1248
6.3289
5.4405
5.6948
5.9910
6.2539
6.2573
6.0839
6.4387
5.8417
6.5178
6.9223
6.5476
6.4670
6.4772
6.7475
6.7717
6.0336
6.3335
6.7486
6.4008
6.5915
6.5163
6.0008
6.2855
6.1614
6.1856
6.4215
6.2968
6.0779
6.1358
6.4970
6.3776
6.2837
5.8101
6.3837
6.5057
6.6628
7.0064
6.0386
6.5481
6.4441
5.9852
5.8005
6.1933
6.1300
6.1467
5.8941
6.1840
6.4005
6.4917
6.3963
6.5622
6.2660
6.9066
6.4984
6.0501
6.2194
6.5898
7.0353
6.4562
6.4255
6.6433
6.4524
6.2729
6.0940
6.8007
6.5814
6.8897
6.2267
6.1259
6.0567
6.2272
6.4645
6.5469
6.4180
6.7616
6.9619
7.4197
6.7122
7.0895
6.9729
7.0902
7.1590
7.3682
6.8478
7.0531
7.5293
7.6515
6.9035
6.6812
7.2090
6.4975
6.7509
7.6162
6.9778
6.8799
7.3928
7.6878
7.0794
6.8507
7.0915
7.3294
7.6980
7.3798
7.2801
7.4689
7.4946
7.3722
7.4538
6.4856
6.4951
6.5422
6.8709
6.6281
6.3546
6.5056
6.8357
7.1656
6.7302
6.7661
6.4103
6.6726
7.2899
6.9209
7.0002
6.6812
5.8384
6.0044
6.1982
6.3119
6.6839
6.0816
5.9113
5.9937
5.9780
6.6886
6.6675
6.6455
7.1727
6.9909
7.0544
6.9904
6.9840
6.7712
5.9495
6.8941
6.9850
6.5574
6.8846
6.3354
6.0879
6.4218
6.2416
6.3272
6.4655
6.2521
5.9916
6.3009
6.1424
6.4832
6.2269
5.7192
5.8925
5.8871
6.4770
5.5575
6.1301
6.6470
6.4648
6.6296
6.7296
6.4246
6.2628
5.8709
6.5190
5.9619
6.0264
6.5133
6.1580
6.1469
6.0512
6.1259
6.1709
6.6416
6.2763
6.4429
6.0331
6.1734
6.4300
6.5008
6.3889
6.7535
6.5077
6.1657
6.3272
6.1906
6.0785
6.3371
6.5561
6.2281
6.0373
6.6526
6.1395
6.0205
6.3059
6.1616
6.2876
6.0241
6.0944
6.4399
5.7535
6.4031
6.2319
6.0438
5.9584
6.2980
6.9639
6.4318
6.2422
6.4268
6.4707
6.4851
6.2525
7.0162
6.6383
6.8744
6.6149
6.3937
6.6113
6.3746
6.3313
6.0118
6.0625
6.3451
6.1969
6.3604
6.7680
6.6770
6.6883
7.0776
6.8802
6.6260
6.1535
6.2025
6.3516
6.3059
6.8701
7.7803
7.5139
6.9038
6.8315
6.6126
7.1040
6.5515
6.6931
6.6949
7.3024
7.0900
6.9230
6.4967
6.2519
7.1043
6.3315
6.4001
6.2954
6.0025
6.0860
6.1723
6.1824
7.1394
6.7388
6.6869
6.6836
6.8827
6.3778
6.4756
6.8128
6.5307
6.8513
7.5191
7.4259
7.0908
7.0796
7.1964
7.3997
7.0507
6.7474
6.6151
6.9533
7.1407
6.8196
6.8977
6.5606
5.7635
6.2894
5.8289
6.4480
6.7695
6.4405
6.1355
6.2589
6.3434
6.4772
6.5626
6.4339
6.5511
6.5158
6.3375
6.6050
6.4223
6.2366
6.4796
6.2434
6.5914
6.4181
6.6216
6.2021
6.6025
6.7009
6.6717
6.1370
6.1665
6.1113
6.4545
6.6207
6.4852
6.3368
7.3148
6.4726
6.2374
6.4270
6.9900
6.4775
5.8914
6.2510
6.0630
6.2677
6.1174
6.5160
6.9961
7.3267
7.2146
7.7034
7.9055
7.2931
7.7991
7.5521
7.6068
7.2807
6.8331
7.1619
6.8842
6.8449
7.1861
6.7009
6.3944
6.4470
6.4791
6.3771
6.3237
6.1909
6.2243
6.1252
6.1218
6.2742
6.2934
6.3276
6.8553
6.3517
6.1578
6.7213
6.8193
6.2515
6.5870
6.7105
6.3402
6.3776
6.9974
6.5591
6.4808
6.7422
6.5075
6.5274
6.3196
6.0642
6.1975
6.1743
6.5762
6.1959
6.1275
6.4193
6.0680
6.2716
6.5592
6.1761
6.1438
6.1537
6.6921
6.3250
6.4607
6.1921
6.6420
6.7298
6.3565
5.9880
6.3916
5.9688
6.3019
5.9836
6.1881
6.1675
6.7612
7.3190
6.7232
6.5973
6.5213
6.0035
6.1354
6.7236
6.5249
6.1961
5.9668
6.3809
6.0211
6.5112
6.6020
6.6684
6.2542
6.4004
6.2920
6.3303
6.4904
6.6938
6.7128
6.3874
6.7587
6.5595
6.3631
6.4433
7.4160
7.2567
6.8398
6.5729
6.6431
6.8773
6.8113
6.5147
7.0651
7.3803
7.2386
7.1660
7.2197
7.2512
6.5246
6.3899
6.5672
6.4038
6.4774
6.5519
6.7026
6.7202
6.6154
6.8377
6.4132
6.7265
6.3396
6.8894
7.1789
6.6406
7.0546
8.1316
7.9991
7.5101
7.2920
7.3108
7.4130
7.1269
7.5034
7.1976
7.3062
7.5348
7.7537
7.7508
6.7990
7.3804
7.3096
7.4770
6.9963
7.1599
7.1443
7.3509
7.3111
7.3435
6.8958
7.1489
6.7070
6.7840
6.6077
6.4757
6.3142
6.7609
6.5081
6.2954
6.9268
7.1444
6.4256
6.4191
6.4519
6.4811
6.9177
7.4128
7.1122
6.8831
6.7249
6.5450
6.6809
7.3315
6.9159
6.4179
6.7684
7.4178
6.8430
7.0814
6.8149
6.3900
6.5428
6.2343
6.4508
6.4821
6.1001
6.1111
5.9761
6.3320
6.0690
6.5298
6.3664
6.5211
6.8405
7.2535
6.7239
6.7002
6.7432
6.9076
7.0157
6.6758
7.1329
7.1944
7.0288
6.5580
6.7701
7.4077
6.5532
6.6929
6.9919
6.9229
7.1375
6.9059
6.5753
6.3785
6.7290
6.2602
6.6203
6.5675
6.5299
6.4973
6.0922
6.4464
6.5394
6.7010
6.6104
6.7605
6.3247
5.7643
6.3583
6.2027
6.3150
6.3750
6.9240
7.0562
6.4597
5.9291
6.1542
6.0384
5.5851
6.1915
6.1393
6.2422
6.1195
6.5563
6.8259
7.0984
7.2761
6.7215
6.7184
7.4707
7.0853
6.9158
6.8046
6.7061
6.0116
6.2672
5.9575
5.5975
5.6119
6.3914
6.1732
6.3399
6.9707
7.9053
7.1744
6.7987
7.0255
7.4226
7.2995
6.6988
7.2455
7.0208
6.9047
6.4791
6.1347
5.6022
5.9322
6.3831
6.7186
6.4194
6.2634
6.4893
6.6595
6.8559
7.0505
6.9306
7.2028
6.5017
5.8740
6.0832
5.8878
6.3994
6.2123
6.7382
7.0049
7.0359
6.9536
6.6483
6.5002
6.7888
6.7945
6.8903
7.2733
6.5154
6.4718
5.9740
6.5797
6.7339
6.6287
6.6036
7.2340
7.6058
6.7797
6.4737
6.8902
6.7616
6.7915
6.6826
6.2339
6.9098
7.2333
7.1980
6.7879
7.7896
7.2427
6.5210
7.1532
7.0986
6.9016
7.0543
7.0160
6.9310
6.5248
6.8332
6.3998
6.5687
6.3286
6.2431
6.3121
7.0413
6.7321
6.5441
6.7487
7.2076
6.6186
6.3184
6.8712
6.7951
6.7459
6.4852
6.5838
6.6913
6.4858
6.4940
6.6948
6.6799
6.4706
6.6447
7.0082
6.6786
6.6158
6.5409
7.1559
6.3687
6.1369
6.3054
6.4669
6.1962
6.4256
6.5490
7.1016
6.0641
6.3537
5.9484
6.7468
7.1041
6.4573
6.9664
6.9915
6.5117
6.4621
6.6967
6.6328
6.9494
6.6090
6.7378
6.6531
6.5195
7.5275
6.4902
6.7197
6.5667
6.3771
6.2219
6.9706
5.8287
6.1526
5.5480
5.5393
5.9910
6.6229
6.3873
6.3584
6.8243
6.8948
5.8363
6.2398
5.6207
6.0485
5.9659
5.9426
5.8957
6.1282
6.7850
6.7561
6.7378
6.9782
6.6406
6.6887
6.4689
6.1288
6.7601
6.3944
6.9270
6.4634
5.9861
6.3300
6.6349
7.0116
6.8618
6.0914
5.9384
6.3550
5.7620
6.2707
5.7266
6.0718
6.2325
6.3521
6.0225
5.8217
5.6018
5.7654
5.5611
5.7944
6.1439
6.1467
6.2775
6.4927
6.4780
6.2995
6.5872
6.2862
6.3403
6.2489
6.2839
6.4516
6.8541
6.5290
6.3448
6.9219
6.1547
6.3972
6.3080
5.9804
6.1148
6.2042
6.3190
6.2443
6.4699
5.7566
6.3532
6.6595
6.7245
6.4748
6.3985
6.4469
6.7883
6.5426
6.5947
6.9012
6.7148
6.4766
6.5993
6.4146
6.5727
6.7759
6.2563
6.2201
6.4886
6.7152
6.9039
6.8884
6.6115
6.8684
6.4377
6.4980
6.5182
6.2824
6.4498
6.6678
6.4149
6.6098
6.8699
6.5444
6.5332
6.4535
6.4175
6.6149
6.3247
6.3900
6.7307
6.8081
6.9446
6.0727
6.4355
6.2923
6.2902
6.7557
6.3563
6.1005
5.9499
6.1751
6.0358
5.4102
6.0260
5.9728
5.3932
6.0114
5.8224
6.2373
6.1085
5.7614
5.5910
5.4399
5.5250
5.6930
6.0610
6.1869
6.0319
6.1117
5.4343
5.7316
5.9310
5.7167
5.9459
5.7056
5.8340
5.7444
5.7853
5.9373
6.0686
5.8558
5.8442
6.1977
6.5267
5.6569
6.4616
6.3085
6.2507
6.5014
6.5516
6.5227
6.3831
6.6787
6.2389
6.3721
6.4326
6.7551
6.8380
6.4812
6.8785
7.2447
7.1743
6.8502
6.5096
6.1361
6.3456
6.6141
6.7520
6.3748
6.5576
6.6330
6.7302
6.6968
7.2868
6.3831
6.5538
6.7126
6.9549
6.3022
6.5564
6.9413
7.0577
7.1480
6.8047
6.7868
6.8201
6.6946
6.3233
6.8076
6.5078
6.2699
6.7077
6.6839
7.0004
6.6849
6.7365
6.9451
6.6339
6.7161
7.2249
6.9234
7.0258
7.1882
6.9723
6.8962
6.7533
6.9650
6.7949
6.4360
6.1889
6.4527
6.7698
6.4504
6.5727
6.1230
6.4161
7.0827
6.6685
6.5443
6.1960
6.3386
6.6146
6.6715
6.6680
6.1889
6.1307
6.4557
6.0063
6.0958
6.0928
6.6388
6.0270
6.3543
6.3762
6.4177
5.9676
5.7756
5.8806
5.6728
5.9629
5.6369
6.0964
5.9912
6.1962
5.7581
6.1445
6.4378
6.0667
5.9872
6.5967
6.7146
6.9257
7.3628
6.8259
6.5935
6.7739
6.1538
6.1372
6.6671
6.4151
6.8555
6.5828
6.6802
6.6781
6.0217
6.3926
6.4587
6.4312
6.5560
6.4015
6.5344
7.2389
6.6016
6.5283
6.8951
6.7645
7.1668
6.5938
6.3666
6.2197
6.4080
6.5494
6.2347
6.3712
6.3030
6.2637
6.3213
6.3593
6.2498
6.8910
6.2475
6.2725
6.1110
6.1902
6.3059
6.3333
6.0988
6.2204
6.4591
6.4658
6.5826
6.6274
6.4099
7.0257
6.7914
5.9830
5.8753
5.7193
6.8643
6.0710
6.9464
6.8468
6.8009
6.2771
6.8102
6.8695
7.3968
6.6531
6.4009
6.1793
5.6674
5.8236
6.0365
5.8382
5.8739
6.0676
5.8008
6.1934
6.4214
5.6797
5.9481
6.0201
6.5920
6.0634
6.0766
5.9861
5.9663
5.6149
6.0486
6.1507
5.8719
5.6517
6.0012
5.8552
5.6653
5.9154
5.7828
5.6270
5.7861
5.9816
5.9615
6.4158
6.2381
5.9853
5.7609
5.4764
5.7919
6.2378
6.3535
6.3243
6.6250
6.4682
6.4445
6.3247
6.5702
6.8223
6.6074
5.9268
6.1980
6.2512
6.1912
6.3762
6.2438
6.4018
6.0052
6.3193
6.9095
6.9238
6.5936
6.5255
6.3956
6.8348
7.0162
6.8443
6.6948
6.5843
6.6102
6.2758
6.3581
6.6795
6.3753
6.8442
6.3621
6.4261
6.3195
6.1281
6.5654
6.7721
5.9276
6.2468
6.3164
6.4169
6.4630
6.0341
5.9925
6.1619
6.1856
6.2136
6.4137
6.4911
6.7335
6.4115
6.1744
5.8017
5.8946
5.9753
6.0213
6.0918
7.0409
6.5486
6.6917
6.0298
5.9336
5.9159
6.1150
6.3844
6.0023
5.9613
5.7724
6.1599
6.3782
6.3778
5.9701
6.4700
6.5549
6.1503
6.3733
6.4675
6.5209
6.5368
6.3296
5.6052
5.7457
5.6776
5.9988
5.6155
5.7676
6.2024
5.3975
5.9113
5.8149
5.5759
5.7203
5.7258
5.9472
5.8026
5.8623
5.6407
6.4038
5.8967
6.2306
6.2374
6.0717
5.4275
5.8879
5.8332
6.2467
5.9841
5.9424
5.9901
5.8011
5.3404
5.8009
5.9038
6.1517
5.8129
6.1674
5.8819
5.8135
6.4035
5.8186
5.7988
6.0965
6.1935
6.3442
6.4946
6.4380
6.0349
6.3762
6.7008
6.6149
6.4272
6.3253
6.2290
6.5967
6.1388
6.7416
7.0261
6.6481
6.3329
6.3834
6.4096
6.3911
6.2285
6.1474
6.4589
6.2476
6.4583
6.6301
6.5774
6.4724
6.4285
6.2474
6.2200
6.8580
6.6705
6.0720
6.4404
6.3822
5.9864
5.8245
5.8588
5.7343
6.1007
6.1683
6.1148
6.2892
6.1663
6.4562
5.9102
5.8226
5.3848
5.1949
5.6594
5.5262
5.0004
4.8784
4.8801
5.9615
6.0334
5.9640
5.9757
5.9303
5.4944
5.9052
5.7286
5.5837
5.7945
5.2720
5.6918
5.3908
5.3592
5.6733
6.2341
6.0274
5.8799
5.7512
5.9424
5.7395
5.6794
5.9121
5.7553
5.6118
5.9495
5.9932
5.7839
5.4488
6.2007
5.6376
6.3394
5.6085
6.0505
5.8311
6.2467
5.9674
5.4722
5.3682
5.9645
5.7520
5.8112
5.7157
5.5544
5.6658
5.8812
5.1238
5.6502
5.4427
5.7836
5.6786
5.5391
5.5713
6.0850
5.4805
5.7527
5.6746
5.9759
6.1099
6.0692
6.0461
5.9406
5.9190
5.8681
6.5559
6.9113
6.8530
6.3277
6.7947
6.4371
6.3866
5.9483
6.1434
5.7964
5.9912
6.0390
5.9296
5.7303
6.2473
6.3067
6.7391
6.4450
6.7449
6.3999
6.3053
6.4012
5.9526
6.0580
5.8974
5.7555
5.5904
5.7572
6.3064
6.5630
6.4416
6.3505
6.3924
6.1600
6.1021
5.8325
6.8977
6.2804
6.2445
6.4192
6.4963
6.6035
6.7558
6.4043
6.5105
6.3330
6.6317
6.6287
6.4851
6.6200
6.6202
6.7787
6.1190
5.6958
6.3576
6.0126
5.8633
6.0038
6.4103
6.0563
5.8779
5.5467
6.1911
6.0521
6.2774
6.3880
5.9520
5.7075
5.4112
6.0336
6.2940
5.7404
5.8356
5.2470
5.3236
5.6475
5.6593
5.9248
5.6729
5.9077
6.6247
6.1778
6.1701
6.2820
6.2380
5.6546
5.9750
5.7431
6.3480
6.4895
6.5471
6.0894
6.0780
6.4852
6.3708
6.4424
6.1834
5.4453
5.7353
5.5843
5.8936
6.3946
5.8809
6.2793
6.4859
6.3443
6.8793
6.7141
6.8124
6.2257
6.5164
6.2263
5.6310
6.1345
6.1555
6.1045
5.5985
5.6711
5.9365
5.3511
5.7303
5.8111
5.7063
6.1069
6.1539
5.6326
6.0077
6.2295
6.1932
6.2893
6.1854
6.3940
5.9909
6.7702
7.1843
6.8563
5.9860
6.1139
6.6312
6.4322
5.7546
5.8842
5.7291
6.3809
6.2465
6.8947
6.1603
5.9445
5.8646
6.2817
6.1487
6.5210
6.1283
6.2532
6.1991
6.1461
5.9217
5.6843
6.0775
6.2859
5.8526
5.8826
5.9877
6.0962
5.9190
6.0050
6.4181
6.3600
6.7576
6.7304
7.3212
6.8585
7.0783
6.7636
7.2577
7.2058
6.6628
6.8693
6.3027
6.5737
6.2765
6.0397
6.1500
6.8109
6.6231
6.6171
6.8339
6.7658
6.4291
5.9690
6.3683
6.5454
6.4354
6.7590
6.2352
6.7804
6.9600
6.5925
6.6734
6.5077
6.0850
6.4092
6.2699
6.3139
6.3833
6.4700
6.4466
7.4748
7.1351
6.7458
6.2261
7.0019
6.4431
7.0251
6.3455
6.5439
6.2660
6.5809
6.7193
6.2714
6.4780
6.0471
6.1984
6.5432
6.8773
6.6138
6.5259
6.8919
7.3862
7.6329
7.8552
7.3284
6.8376
7.0772
6.3436
6.7662
6.8180
6.7521
6.7163
6.7686
6.3356
6.6100
6.2737
6.3742
6.3147
6.5371
6.7474
6.3457
6.0677
5.9401
6.4086
6.3018
6.4692
6.9194
6.4708
6.4966
6.9007
7.0666
7.0737
6.9003
6.9001
6.5423
7.2654
7.1656
6.9392
7.1118
7.2310
6.9574
6.7294
7.2595
7.0064
6.6024
6.8254
6.9827
6.7362
6.5847
6.6816
6.0879
6.7936
6.6686
6.9883
6.3633
6.2039
6.7845
7.0173
6.9917
6.5455
6.9218
7.2378
6.7882
6.7898
6.8448
6.8441
7.4788
7.2989
6.8760
6.8820
6.4473
6.3743
6.4963
6.2929
6.0488
6.9783
7.5119
6.8032
7.0116
6.9331
6.5687
7.4212
7.1057
6.9493
6.8229
6.7476
6.0102
6.3884
6.4236
7.0420
7.0984
6.2515
6.1238
6.4060
6.7129
6.6045
6.8336
6.6867
6.2994
6.4365
7.1476
6.7558
7.3201
7.6660
6.6842
7.0076
6.7186
6.7697
7.2325
6.6062
6.8229
6.7838
7.1036
6.7032
6.7280
6.6902
6.6427
6.2408
6.0887
6.2072
6.0440
6.0946
6.0729
6.4620
6.3213
6.8080
6.4844
6.3386
6.4260
6.2851
6.2891
6.4917
6.6728
6.9723
6.7944
6.2016
6.4389
6.1548
6.8800
6.7801
6.6606
6.6886
6.5307
6.7634
6.2002
6.4645
6.4564
6.4697
6.1681
6.3299
6.0640
6.2262
6.2462
6.4105
7.1354
6.4207
6.5219
6.5377
6.3472
6.1459
6.0295
6.1303
6.1396
6.0285
6.5360
6.5033
6.7276
6.1600
6.2771
6.2433
6.4144
5.6229
5.8434
5.6905
6.4160
6.7291
6.2272
6.5543
6.5074
6.2100
6.3679
6.1996
6.0683
6.5061
6.0009
6.1892
6.0873
6.2908
6.3160
6.1289
6.2934
6.2300
6.1152
6.1225
6.8513
6.2861
6.6398
6.9431
7.0772
6.6953
6.9342
6.4818
6.8145
7.5537
6.6237
6.2933
6.4161
6.6153
6.8264
6.1946
6.9539
6.6276
6.3859
6.2479
6.8353
6.5667
6.4212
6.2167
6.2901
6.4356
6.5497
6.7430
5.9627
6.3676
5.9030
6.0978
5.7950
6.5971
6.5584
6.4047
6.4745
6.3773
5.9161
6.7179
6.8730
6.6392
6.2938
6.2909
6.5634
6.6885
5.8492
5.7948
6.0040
6.0766
6.4668
6.1008
6.6023
6.9218
6.3635
6.6827
6.0716
6.2987
6.1247
6.4090
6.5484
6.0976
6.6543
7.4379
6.4825
6.7164
6.4614
6.0503
6.0578
6.1735
5.8307
6.1812
6.4619
6.1996
6.1632
5.7068
5.9536
6.2443
6.4417
6.3164
6.3151
6.2283
6.3059
6.8188
6.7068
6.4907
7.3502
6.6249
6.4041
6.4838
6.6009
6.5246
6.3804
6.4404
6.3961
6.2709
6.6171
6.2718
6.1398
6.4783
6.6164
6.9482
6.3888
6.2741
6.0526
5.7514
5.9602
5.6685
5.8423
6.3656
6.0528
6.7674
6.5561
6.6578
6.6365
6.2056
5.8040
5.7374
6.1148
6.0367
5.8540
5.8131
5.4706
5.5516
5.5518
5.7550
5.6087
5.1387
5.3806
5.5982
5.3104
5.5687
5.7482
5.8408
5.3834
5.7872
5.2080
5.3904
4.9210
5.2402
4.7388
5.0873
5.2519
5.6222
5.9486
6.0657
6.3469
5.7573
6.0727
5.9948
5.9983
6.0795
5.9086
5.6794
5.7702
5.9038
6.1948
6.4117
5.8836
5.2853
5.1586
5.7312
5.7089
5.3550
5.8924
5.5430
5.5661
5.9169
5.8669
5.7923
5.5694
5.4346
5.2549
4.9114
5.7537
5.6959
5.8995
5.3975
6.0650
6.3396
5.9939
5.8372
6.0728
6.0237
5.5230
5.7556
5.3238
5.7912
6.1187
6.4423
5.9112
5.4676
5.7457
6.0045
5.8763
6.5242
6.4172
6.3769
6.1410
5.9541
5.7645
5.3355
5.8212
6.2529
6.3400
6.0703
6.0471
6.1068
5.4758
6.0580
6.2795
6.5903
6.3880
5.8208
5.9505
6.3852
5.7631
5.9049
6.5786
6.2879
6.6319
6.3164
6.2240
6.0866
6.0351
6.5688
5.9824
6.3212
6.2092
6.5038
6.2724
6.1370
5.7480
6.5015
6.0888
6.9635
6.2021
6.6145
6.5202
5.8910
6.3876
5.5827
6.1285
6.3474
6.4030
6.6911
6.7984
6.5921
6.7288
6.5849
6.6363
7.0832
6.6278
6.6678
6.4327
6.1233
6.4892
6.3988
6.0615
5.9146
6.2849
5.8544
5.4329
5.2848
5.8216
5.9422
6.1396
6.3434
6.3959
6.1933
6.0352
5.7394
6.2081
6.3178
6.1567
6.3614
5.9412
6.4697
5.9809
6.5691
6.4333
6.8180
6.5561
6.2454
6.3592
6.3525
6.2574
6.1425
6.2883
6.4035
6.4069
6.5251
6.3240
6.4040
6.6918
6.2096
6.3853
6.6163
5.5911
5.7353
5.5971
5.6259
5.5275
6.0096
5.6747
5.8444
5.2949
5.7594
5.4924
6.3500
6.3050
6.6568
6.4335
6.3766
6.1253
6.3326
6.0667
5.8635
5.9274
6.0079
5.5208
5.4452
5.9811
5.7659
5.7194
5.8869
5.8996
5.8871
5.5602
5.7083
5.7754
5.6801
5.6649
6.0875
5.8456
5.5835
5.6683
5.7374
5.6026
5.7436
6.1911
5.9930
6.0776
6.1763
6.4591
6.9011
7.0269
6.3278
6.6024
7.0698
6.5104
6.5766
6.5333
6.9291
6.7552
6.6687
6.5769
6.5315
6.8860
7.0654
6.8939
6.7271
6.5041
6.1980
6.2537
6.3909
6.9770
6.4249
6.8142
6.7022
6.4215
6.9187
6.7574
5.7962
6.6906
6.1874
6.5520
6.4402
6.1829
5.8926
5.7898
6.0794
6.0917
6.1132
6.8882
6.6389
6.5324
6.8921
6.7945
6.9815
6.9640
6.5865
6.8726
7.0609
6.6273
6.7178
6.3145
6.6267
6.1633
6.5909
6.3209
6.5027
7.1301
6.3627
6.3878
6.4322
6.0886
6.2476
6.4863
6.9068
6.7180
6.5647
6.5922
6.6368
6.7457
6.7765
6.3352
5.9526
6.2207
6.2048
5.7284
6.4948
6.2248
5.4659
5.4531
5.3296
5.4237
5.5490
5.4290
5.1097
5.5356
5.5094
5.4774
5.6305
5.3770
5.4923
5.3709
5.6123
5.4595
5.6131
6.0822
6.0529
5.8659
6.2632
5.9784
6.5301
6.1248
6.3654
5.5170
5.9337
5.8595
5.6446
5.4818
5.2955
5.8828
5.6261
6.2420
6.0140
5.5386
5.7242
5.7808
5.4576
6.0465
6.0925
5.8322
5.8269
6.2040
5.8403
6.0755
5.9339
5.9444
5.9871
5.9983
6.0458
5.2986
5.7243
5.8829
5.9790
5.3409
5.2082
5.2472
5.8454
5.9550
6.3925
6.3648
6.1770
6.3175
6.1549
5.6130
5.7140
6.8157
6.7752
6.5857
6.5728
6.7458
6.9683
6.9499
6.5015
6.6854
6.2752
6.7074
6.7921
6.2781
6.6890
6.5356
6.6564
5.9462
6.8396
6.8082
6.6954
6.4325
6.7845
6.3829
6.3245
6.2892
6.0909
5.8398
6.1365
5.7981
5.8647
5.9536
5.8121
5.8898
6.2164
5.8129
6.2866
6.5738
6.3705
6.2186
6.1544
5.7532
6.0664
6.3653
6.1730
6.8405
6.4152
6.2264
6.5665
6.5453
7.0118
6.4967
6.8303
6.6173
6.6889
6.3128
6.0530
6.0683
5.7625
5.9873
5.6174
5.7457
5.8004
6.4471
6.4792
6.3985
6.0360
6.1404
6.4967
6.4880
6.0728
6.3253
6.3308
6.4219
6.3998
6.2748
6.1619
5.6793
5.9421
6.2788
5.9722
5.7639
6.0825
6.4246
6.5405
6.6858
6.1846
6.5978
6.4407
6.4871
6.7017
6.4738
6.4891
6.9497
6.3436
6.1206
6.3408
5.6134
6.2187
6.3623
6.5969
6.5442
6.7668
6.4976
6.3771
6.8168
6.4173
5.9560
6.4992
6.0806
6.1421
6.2201
5.9368
6.8390
6.5286
6.6394
6.3195
6.5875
6.3369
6.9965
6.9170
6.3979
6.3796
6.2387
6.1140
5.6794
6.4727
6.0917
6.0596
6.3256
6.2639
6.1407
5.9948
5.9865
5.9467
5.8638
6.2084
6.3219
6.2566
6.4812
6.4330
6.3849
6.7028
6.4499
6.4461
6.7602
6.9247
6.8769
6.5846
6.9564
6.6658
6.5669
6.8505
6.6314
6.2973
7.2886
7.4611
7.3913
6.9692
6.7610
6.3362
6.4522
6.7767
6.8255
6.9560
7.2003
6.4999
6.8236
6.6713
6.5421
6.6308
6.7561
6.5732
6.3669
6.3118
6.1250
6.2165
6.5722
6.5832
6.3436
6.4949
6.6891
7.1226
6.8001
6.4388
6.0785
6.1224
5.6057
5.6101
5.6105
5.2356
5.4761
5.3682
5.4159
5.6808
6.4613
6.0250
6.4186
6.5405
6.7412
5.9794
6.9960
6.3418
6.4229
6.0207
6.2203
6.2533
6.8799
7.2342
7.1165
6.1941
5.9217
6.5227
6.9142
6.9351
6.6504
6.6884
7.1527
6.8206
6.3763
6.5548
6.4998
6.1966
6.3284
6.3647
6.5152
6.7606
6.2956
6.0926
5.6328
6.3469
6.3811
6.4252
6.5243
6.4314
6.2347
6.3838
6.4512
6.4678
6.2046
6.4634
6.7296
7.0138
6.4101
6.3508
6.5736
6.3301
6.4113
6.0764
7.1118
6.7762
7.0214
6.6393
6.6009
6.9620
6.3618
5.8621
5.8957
6.2103
6.4737
6.7033
6.2156
6.2973
6.7058
7.2791
6.6820
6.7654
6.4759
6.2131
6.7242
6.4722
6.2745
6.4733
7.2116
6.6397
6.4310
6.8566
7.2243
7.5060
6.8593
6.4252
6.9801
6.6941
6.9807
6.0595
6.4810
6.6867
7.0048
6.8496
6.5654
6.1752
5.9395
6.2916
6.7190
6.1607
6.3440
6.0844
6.5706
6.3736
6.1742
6.6860
7.1011
7.1153
6.8914
6.6518
6.6907
6.7832
6.2053
6.2318
6.4723
6.2963
6.4682
6.9052
6.8066
6.5063
6.7258
7.4391
6.6285
6.8780
6.4015
6.2742
6.8625
6.6239
6.5026
6.8441
7.3057
6.8937
6.4409
6.4420
6.6258
6.3346
6.5237
6.2089
6.4386
6.5593
7.0641
6.5809
6.7834
6.9590
6.5638
6.8060
6.0416
6.2350
6.7051
6.8824
6.5746
6.5929
6.7830
6.6477
6.6797
6.2880
6.1958
6.7175
6.6726
6.5675
6.6464
6.2815
6.3505
6.8587
6.3758
6.5026
6.1559
6.1932
6.4363
6.3706
6.2288
6.4274
6.8449
6.6895
6.3887
6.9090
6.4938
6.3665
6.7772
6.7873
6.2397
6.1158
6.5612
6.5164
6.2196
6.1782
6.3381
5.9006
6.4122
6.6097
6.4852
6.4176
6.2291
6.6089
6.6942
6.8590
6.5923
6.4582
6.5093
6.6344
7.1109
7.2263
6.6038
6.4998
7.0519
7.1182
6.4075
7.0010
7.0659
6.9583
7.1732
6.8864
6.7257
6.4889
6.6922
6.6150
6.3208
5.9781
6.5793
6.5143
6.8842
6.2217
6.5114
6.1968
6.6395
6.6834
6.4447
6.4851
6.5179
6.2305
6.6091
6.6677
6.9218
7.2538
6.6632
6.7221
6.6595
6.9774
7.0738
6.7477
6.4219
6.3397
6.5457
6.3667
6.5858
6.4044
5.8833
6.1641
6.9973
6.5823
6.6938
6.4193
6.4454
7.2403
6.6420
6.1064
6.1807
6.6001
6.7304
6.9247
6.5300
6.5377
6.6925
6.5333
6.5537
6.7156
6.6608
6.5455
6.6232
6.1440
6.1089
7.0659
6.4990
6.8588
6.6153
6.7225
7.0119
6.6137
6.6309
6.7518
7.0978
6.8670
7.0838
6.7696
6.4104
6.5796
6.8954
6.8921
7.2388
6.9911
7.1885
6.9081
6.9628
6.9435
6.6569
6.2581
6.6688
6.9267
6.9802
7.0681
6.8119
6.6741
6.9344
7.1854
7.3477
7.1113
7.7026
6.3342
5.8153
6.1025
6.6382
6.9045
7.0651
6.9971
7.1374
7.1839
7.3332
7.0659
6.7344
7.2259
7.3104
7.5937
7.3551
7.2721
6.7328
6.7977
7.0560
7.1965
7.0746
7.5062
7.2290
7.5355
7.4832
6.9691
7.3969
7.1058
7.2418
6.7253
6.9416
7.0480
7.1918
6.9512
6.9129
6.5307
6.8279
7.1417
6.9539
7.2250
6.7908
6.9044
6.8848
6.9281
6.6278
7.2097
6.9420
6.8538
7.4163
6.7569
6.7814
6.7116
6.6959
6.5616
6.2323
6.9218
6.7010
7.2360
7.1222
7.1169
7.4500
6.8841
6.8211
7.4063
7.3272
7.1068
7.3924
7.2838
7.1396
7.1776
6.6065
6.3519
6.2695
6.6250
7.2824
7.1733
6.6441
6.5756
6.5729
6.6131
6.9271
7.2616
7.1598
6.6320
7.4888
7.2261
7.4096
7.2713
6.9677
7.1550
6.5710
6.8493
6.5236
6.3078
6.7761
6.7243
6.7318
6.5336
6.9270
6.9571
6.8381
6.9744
7.1643
7.3391
6.9200
7.3202
7.3484
7.5619
7.3530
7.3565
7.0385
7.0170
7.2789
7.1705
6.9747
7.2252
7.3452
7.5871
7.0516
6.8078
6.4383
7.1500
6.5388
6.5739
6.6620
7.2606
7.1315
6.5708
6.3605
6.2731
6.5393
6.6705
6.7283
7.5493
7.3310
7.0682
6.8500
6.6891
6.7672
7.0448
6.8020
6.6157
6.4301
6.3524
6.5309
6.6081
6.7465
7.1059
7.2150
7.0437
6.5496
6.8956
6.3810
6.3306
6.3675
7.2585
7.2851
6.7948
6.7978
6.9305
6.9641
6.9223
6.7142
6.6101
6.3646
6.4079
6.2662
6.5463
5.8565
6.1521
6.3671
6.7648
6.5629
5.9992
6.0390
6.4689
6.4339
6.4896
6.5708
6.6772
5.9995
6.8119
6.7389
6.8109
6.8205
7.0467
7.2814
7.8334
6.9300
6.5335
6.9921
6.9146
6.9694
6.8049
6.9121
6.7884
6.3103
6.4442
6.8552
6.7555
6.9428
7.1043
7.0590
7.2974
7.1193
6.7251
6.2717
6.2064
6.6171
6.9021
6.6966
6.9073
6.4205
6.3822
6.5219
6.2819
6.4662
6.6480
6.8498
6.6629
6.8522
6.8067
7.2482
7.2137
7.1287
7.0667
6.8999
7.1361
6.8748
6.7833
6.3894
6.6511
6.7358
6.5347
6.9161
6.3432
6.5716
6.6449
6.5939
6.6415
6.6974
6.1407
6.2721
6.6216
6.4233
6.7111
6.7832
6.8997
7.0146
6.5903
6.6038
7.3993
7.0623
6.8796
6.5716
7.1623
7.0828
6.8689
7.1798
6.6256
6.9924
6.9437
6.0846
7.0381
6.4364
6.6873
7.6892
7.1164
6.8177
6.7866
6.6907
6.7174
6.5397
6.8583
7.0570
6.5103
7.0435
7.5753
7.1286
6.9996
7.0952
7.3416
7.2687
7.5316
7.5171
7.8218
7.4878
7.5101
7.6108
7.5629
7.0472
6.3978
7.0499
7.1368
7.4076
7.2955
7.0955
7.0802
7.3111
7.5008
7.5358
7.1758
7.3718
6.9420
7.0005
7.2873
7.5497
7.4109
7.2468
6.7895
6.7850
7.1045
7.1553
7.4507
6.7839
6.6867
6.4950
6.9561
6.9894
6.7974
6.9816
7.6935
7.0912
7.6257
7.5644
7.3369
7.3927
7.4833
6.9051
7.2120
7.2496
7.2818
6.9578
7.1999
7.2154
7.1059
6.2653
6.4713
6.4147
6.4872
6.5194
7.1001
6.7087
6.9448
6.6884
6.5999
6.2202
6.4836
6.0814
5.7643
6.4379
6.5241
6.5875
6.2829
7.0123
6.6139
6.1625
7.1060
7.1799
7.0599
6.8194
6.7395
6.9089
6.6984
6.4117
6.3583
6.1000
6.0855
6.2106
5.8424
5.8915
5.9421
5.9576
5.8605
5.9157
5.8886
6.3845
5.7129
5.8017
5.7982
5.4023
6.2011
6.2108
6.5384
6.0585
6.3196
6.0012
5.3031
5.5060
5.3435
5.7039
6.0197
5.4040
5.8713
5.7751
5.0947
5.4228
5.7370
5.5765
5.9234
6.5609
5.7571
5.8012
6.0942
5.4477
5.3724
5.6781
5.6201
5.7589
5.8635
5.6302
5.3090
5.8698
5.9739
6.5521
6.4487
5.7609
5.7540
5.7256
5.9330
5.3092
5.6296
5.8477
6.2988
5.6319
5.7669
5.7719
5.9943
6.1248
6.2499
5.9270
6.3786
6.0901
5.8986
5.8864
6.4361
5.6290
5.7127
5.9984
6.0651
5.9477
6.3402
5.9517
6.0407
6.4583
5.8890
5.4670
6.0953
6.0430
5.8241
5.7241
5.9826
5.6572
5.7923
6.1367
6.7476
7.0265
6.8525
6.6402
6.7341
6.4634
6.4077
6.6300
6.4879
6.8656
6.6492
6.2839
6.1900
6.2149
6.0226
6.4130
6.5271
6.2519
6.4404
7.0716
7.1763
6.4140
6.9286
6.8099
7.0728
6.6891
6.9249
6.3936
5.8427
6.7811
6.7260
6.1180
6.5468
6.8274
6.6236
6.6192
6.4079
6.5445
6.3358
6.0935
6.8509
6.8696
6.1699
6.7847
7.0029
7.0706
6.6058
6.5878
7.0323
6.9184
7.0699
6.9122
6.7369
6.4767
6.7147
6.2387
6.6483
6.6591
6.1103
5.9957
6.5106
6.4862
7.3756
6.7512
6.4345
6.3186
6.3054
6.6600
6.8243
6.4135
6.5254
6.2831
6.2528
6.5378
6.6418
6.5411
6.3803
6.9859
7.1141
7.4494
7.2354
7.0874
6.8314
6.5958
6.7818
6.3190
6.8538
6.5507
6.2041
6.1325
6.2404
6.0710
6.4533
6.1330
6.4454
6.5563
6.8969
7.0620
6.5728
6.2410
6.2726
6.5485
5.9264
6.1745
6.3356
6.1612
6.0049
6.6342
6.6480
6.5864
6.1058
6.1811
5.8539
6.1367
6.4118
6.5855
6.2914
5.9797
6.1265
6.1729
5.7553
5.9224
6.3712
6.4432
6.4812
6.4567
6.3636
6.8020
6.4690
6.4482
6.7620
6.7896
6.2446
6.2808
6.5354
5.8723
5.9916
5.8564
6.0722
6.2095
6.4344
6.3197
5.9524
6.2214
6.0274
6.2162
6.2866
6.2831
6.0780
6.3125
6.0692
5.8813
6.1027
5.8846
5.8751
5.8747
5.9889
5.9176
5.9823
6.0719
5.8256
5.9721
6.4188
6.6302
6.3849
7.1512
6.1386
6.2821
6.1505
6.1795
6.1367
5.6628
5.6192
5.8303
6.1088
6.2543
6.7475
6.9209
6.6516
6.9599
6.4716
6.5725
6.2461
6.1543
6.2716
6.3921
6.6264
6.3520
6.5343
6.3319
6.1607
6.4786
6.5068
6.2451
6.1108
6.1932
6.6939
6.4242
6.5651
6.3358
6.5239
6.6868
6.5562
6.2489
6.1353
6.2987
6.3000
6.5939
6.5722
6.9011
6.4310
6.2920
6.4041
6.4348
5.9328
6.0858
5.8300
6.2542
6.2922
5.9708
5.9640
7.0297
6.8997
6.6868
6.2761
6.8309
6.6218
6.4066
7.0780
6.8505
6.7357
6.7261
6.4658
6.2495
6.3606
7.2069
6.7741
6.5180
6.9292
6.7264
6.4562
6.8373
6.9526
7.2170
7.1258
6.6832
7.5527
6.9494
7.2032
7.1687
7.3301
6.5610
6.8763
7.4243
6.6806
6.7931
6.5073
6.3568
6.7625
7.2647
7.1128
6.7224
6.8170
6.5004
6.1123
6.1531
6.8404
6.7358
6.5445
5.8484
6.1851
6.2161
6.6363
6.6936
6.3985
6.3720
6.7919
6.8302
6.5420
6.2213
6.5014
6.2122
6.7224
6.6340
6.4647
6.1136
6.3739
6.2447
6.1033
6.1783
6.4469
6.4821
6.3417
7.0601
6.7425
6.5549
6.5914
6.8880
7.0855
7.0606
6.4735
6.1134
6.7205
6.9660
6.9335
6.3499
6.5281
5.7251
5.8549
5.8554
5.7556
5.9074
6.1419
5.9313
5.7788
5.8542
5.6974
5.9665
6.2314
6.4947
6.2888
6.2584
6.7206
6.3420
6.5638
6.8086
6.8937
6.9319
6.5165
6.2610
6.3818
6.6126
5.9922
6.1409
6.1602
6.7506
7.0908
7.0842
6.6432
6.3983
6.5777
6.3497
6.4701
6.6497
6.8199
7.0082
7.0094
6.8804
7.0653
7.0376
7.0143
6.8471
6.8857
7.1201
7.0368
6.8935
7.3201
7.5763
8.0840
7.4551
7.5328
7.7130
7.6587
7.1850
7.2445
7.8713
7.6565
8.0219
7.8267
8.3476
8.6019
8.0314
8.0948
8.0412
7.4692
7.4423
7.4764
7.7064
7.2339
7.3989
7.1011
7.0759
7.1173
7.4549
6.9047
6.7888
6.8528
7.0593
7.5199
7.9805
7.6044
7.0674
7.2225
7.5186
6.9968
7.0090
7.0539
7.4089
7.5693
7.3560
7.5306
7.4998
7.3101
7.7914
7.5379
7.7033
7.3663
7.3822
7.2706
7.8092
7.3757
7.6979
7.6185
7.4182
7.6499
7.5222
6.9610
7.1751
7.5488
7.2684
6.9548
7.5241
7.1827
6.8915
7.1698
7.6906
7.6412
7.6883
7.4120
7.2482
7.4239
7.2348
7.7968
7.5387
6.9569
7.9238
7.7888
7.9733
8.2649
7.7976
7.4893
7.9440
8.0056
7.7240
7.3077
7.3045
7.3489
7.3807
7.7665
7.7540
7.3182
7.4262
7.3711
7.1637
7.6058
7.4244
7.5356
7.6446
7.9469
7.6741
7.4959
7.5725
7.6220
7.6207
7.1260
7.2091
7.0523
7.2353
7.3430
8.1691
7.7859
7.8586
7.4081
7.2672
7.3467
7.4778
7.2108
7.2178
7.0280
7.0850
7.5533
7.7092
7.6977
7.6111
7.2838
7.5838
7.0883
6.9381
6.5832
6.2029
6.2958
6.8584
6.9509
7.1467
6.9413
6.9412
6.9825
7.0684
6.9090
6.7297
7.1543
7.0117
7.9023
7.7133
7.4784
7.2782
7.3898
7.9002
7.5167
7.2988
6.9312
7.2247
7.2597
7.1843
7.0511
6.9571
7.2446
7.2154
7.3960
7.3327
7.2559
7.4420
7.5182
7.1896
7.2883
7.0432
7.2838
7.7083
7.0939
7.4945
7.7050
7.5566
7.7701
7.4899
6.8699
6.8253
7.0160
7.2933
7.4654
7.7318
7.4887
7.7680
7.4964
7.1290
7.2332
7.1078
7.9376
7.7106
7.5591
7.9565
8.2009
8.1062
7.8128
8.1379
8.2138
7.7938
7.6130
7.5039
6.9006
7.4988
7.0888
7.4213
7.5634
7.3653
6.8401
6.7755
6.9806
6.9193
7.5008
7.0044
7.1336
7.1639
8.0703
8.1415
8.0268
8.0964
7.9634
8.4827
7.4902
7.3836
7.3574
7.6215
7.8924
8.1938
7.8956
7.7595
7.3733
7.4573
7.0624
6.7383
7.4765
7.4399
7.5722
7.8379
7.6592
7.2764
7.1050
7.1186
7.0442
7.7801
7.4234
7.4751
7.8314
7.3819
7.4533
7.5151
7.6477
7.8724
7.3997
7.9847
8.0422
7.5271
7.4083
7.1733
7.3162
7.4467
6.8845
6.8288
6.9675
7.0960
7.1699
7.1048
7.5586
7.4350
7.2782
7.1337
7.1612
7.4878
7.2798
7.3547
7.4312
7.8031
7.7386
7.4991
7.2360
7.1258
7.6667
7.2222
7.2757
7.0594
6.7418
6.7659
7.0639
6.5871
6.9131
7.3907
7.2790
7.6777
7.5554
7.3918
7.2304
7.8569
7.3133
7.9542
7.1881
6.9566
7.0399
7.3656
7.2345
7.4616
7.4778
7.6732
7.8447
7.4258
7.6046
7.2080
7.2804
7.2580
7.1963
7.7311
7.5486
7.1336
7.1201
7.2132
7.4995
6.5779
6.7255
6.5682
6.6440
6.1385
6.3387
6.5075
6.7707
6.6778
6.5316
6.5903
6.9122
6.7763
7.0553
7.2472
7.4315
7.0446
7.1523
6.4374
6.5293
7.3511
6.9003
7.2730
6.5241
6.9025
6.6795
6.6820
7.0057
7.1702
6.5403
6.8170
7.5195
7.6916
7.2482
6.7920
6.4400
7.1905
6.9499
7.1110
7.0161
6.7969
7.0973
6.4381
6.1693
6.2465
6.2404
6.7876
6.8776
7.2262
7.2501
7.1994
7.3868
7.0580
7.0460
7.2053
7.3858
7.1384
6.5237
6.8099
6.7966
6.9743
6.5910
7.0163
6.9113
7.2833
7.0556
6.6349
6.5753
6.4187
6.4501
6.9501
7.0927
6.5183
7.0105
6.9453
6.6860
6.6512
6.7252
6.4019
7.0742
7.1750
7.2354
7.3519
7.4517
7.1435
7.0518
6.8469
6.8369
7.0544
7.0350
7.2275
7.5595
7.0716
7.3994
7.9196
7.7049
7.3970
7.1503
7.2669
7.0589
7.6588
6.9361
6.9455
7.3683
7.3255
7.8180
7.7635
7.6986
7.3235
7.1708
7.0306
7.0935
6.9849
7.8179
7.3213
7.5351
7.3124
6.7764
6.9315
6.8475
7.2931
7.0119
7.1142
6.7085
6.9012
6.9068
7.2531
7.3034
7.0937
6.9376
6.7751
6.8410
7.1725
7.2550
7.5256
7.6995
7.8389
7.2184
7.4159
7.2625
7.8276
7.7033
7.8410
7.4427
7.4739
7.6307
8.1178
7.5993
7.9296
7.7407
7.0127
7.4834
7.3987
7.4319
7.4729
7.2887
7.5465
7.6932
7.0421
6.8662
7.1428
7.6265
7.4882
7.5297
7.4633
7.7533
7.5378
7.1726
7.2605
7.2270
7.3951
7.0549
7.2236
7.5833
7.5375
7.5394
6.7625
6.7679
7.0221
6.8419
6.9387
6.8828
7.3114
7.7361
7.6244
7.5243
7.5649
6.9400
7.2012
6.8745
7.4819
7.5384
7.2335
7.3138
7.4157
7.2656
7.2780
7.2902
6.9709
6.9764
6.9097
7.4528
7.5937
6.8454
7.1696
7.2678
7.2287
7.4215
7.5833
7.0850
7.5667
7.6678
6.8924
7.4651
7.2917
7.8580
7.9942
7.7934
7.4743
7.5578
7.3049
7.7443
7.5281
7.5492
7.9075
7.5181
7.8521
7.3384
7.4062
7.9928
7.5231
7.2307
7.5633
7.5901
7.8037
7.5541
7.6642
7.4022
6.9793
6.8253
6.9367
6.9686
6.7916
6.6748
7.4235
7.4308
7.8223
7.7917
7.9486
7.9896
8.1252
8.0105
7.3492
7.9858
7.7994
7.7830
8.0703
7.9613
7.8248
7.3196
7.7075
6.9841
7.2256
7.5363
7.4317
7.0154
7.2798
7.7666
7.7194
7.9179
7.4045
7.7075
7.4261
7.0905
7.3060
7.3955
7.8567
7.7936
8.0106
7.7769
7.3761
7.0441
6.9957
6.6826
6.8255
7.7335
7.2617
7.2344
6.5780
6.6594
7.1470
7.4948
7.2232
7.0311
6.6023
6.7093
7.1927
6.5419
6.7970
6.7898
7.0404
7.0253
7.6783
7.6908
7.4270
6.9882
6.7869
6.7457
7.2367
7.8789
7.8120
8.1725
7.9271
7.7987
7.8748
7.3992
7.0872
7.2121
7.1666
7.6493
7.5995
7.4784
7.9248
7.2627
7.4291
7.6554
7.4646
7.5519
7.6051
7.2271
7.3604
7.7629
7.2947
7.0237
6.9701
7.0354
7.3350
6.7219
7.2952
7.5226
7.4536
6.9778
7.0310
7.1374
7.5102
6.9136
7.5186
7.3578
7.5716
7.7789
7.5109
7.2895
6.9128
7.3744
7.7931
7.5038
7.2354
7.1451
7.1328
7.3114
7.3593
7.3745
6.7657
7.1244
6.9627
6.6021
6.4610
7.1506
6.6350
6.4220
6.3182
6.4826
6.8215
6.5286
6.7117
6.2789
6.6950
6.8477
7.0463
6.6024
6.6617
7.6143
7.1561
7.1108
6.8414
6.6467
6.9382
6.9738
7.3924
7.0262
6.8606
6.7132
6.6747
7.2073
7.0013
6.4623
7.0886
6.7489
6.1165
6.3112
6.5815
6.3910
6.5561
7.0311
7.5344
7.2930
6.9109
6.5019
6.8231
6.4655
6.7541
6.7410
6.2757
6.1457
6.3118
6.0923
6.2063
6.5523
6.8141
7.3908
7.0614
7.1220
7.3036
7.7744
7.6584
6.9760
7.0060
6.7000
6.8159
7.0242
7.0860
7.2892
6.4759
7.0850
7.1933
7.0624
7.1411
7.7212
7.0362
7.0960
6.6584
7.2371
7.3105
7.3732
7.0760
7.2582
7.1458
6.9104
7.2502
7.1453
7.2257
7.1653
7.3651
7.2883
7.4871
7.3255
7.4401
7.5701
7.0215
7.0455
6.9137
6.8679
7.2971
7.7040
7.2714
7.5525
7.4695
6.6401
6.7008
6.8295
7.2196
6.8971
7.3163
7.3290
7.5896
7.1671
6.7667
6.7981
6.3846
6.4085
6.5000
6.4883
6.4750
6.6079
6.3837
6.6609
6.7793
6.9335
6.7342
6.8621
6.6544
6.6517
7.0624
6.8909
6.7919
6.6833
6.4918
6.4567
6.2170
5.9664
6.3176
6.3938
6.5083
6.5969
6.8364
6.7018
6.0629
5.9857
5.9071
5.9636
5.7454
6.1418
6.3778
5.9781
6.1215
6.1699
5.8252
6.1315
6.3558
6.3822
6.5226
6.0412
6.3196
6.6010
6.4120
6.5743
6.8076
6.9107
7.1423
6.8321
6.6461
6.7005
7.0232
6.7002
6.6782
6.1054
6.6446
6.7145
6.7043
6.3994
6.4570
6.6908
7.2516
7.3143
7.1388
6.8720
7.4897
7.0155
6.8199
6.0501
7.0458
6.7497
7.0593
6.8352
6.3804
6.3339
6.3453
6.6792
6.4084
6.6977
6.4952
6.6000
6.4467
6.2264
6.3293
6.4495
6.5249
6.3376
6.2467
6.1410
6.9797
6.9785
6.7870
6.3328
6.5303
6.6796
6.6036
6.9927
6.4360
6.3122
6.9150
6.5311
6.3326
6.2348
6.5787
7.1547
6.8169
6.2698
6.6441
6.5695
6.3393
6.4649
6.5605
6.7023
6.6329
6.5136
6.5027
6.7564
6.2985
6.9002
6.7423
6.2994
6.1419
6.6191
6.7194
6.2505
6.8813
6.3235
6.3242
6.0705
5.9843
6.3055
6.4063
6.5402
6.0968
6.6259
6.5163
6.7755
6.7416
6.7975
6.2016
6.6043
7.2673
6.5420
6.6214
6.9537
6.7803
6.9336
6.8418
6.3574
6.7396
7.0618
7.2155
6.9783
6.7525
6.7284
6.7355
6.6109
6.6029
6.6227
6.6871
6.9427
6.3775
6.7937
6.9388
6.9242
6.4873
6.7385
7.0088
6.9004
6.6979
6.3042
6.6352
6.3975
7.1727
6.7841
6.7431
6.6251
6.4644
6.7223
6.5027
6.7851
6.3060
6.4294
6.6717
6.7565
6.8802
6.5963
6.6993
6.6929
6.5279
6.7036
6.8056
7.2142
7.3189
6.6237
6.6099
6.5500
6.6069
6.1247
5.9950
6.5122
6.0122
6.6503
6.3032
6.4308
6.7511
7.0364
7.2189
6.9869
6.8831
7.1491
6.9607
7.2252
6.7152
6.5463
6.6315
6.8082
6.5860
6.6786
6.6674
6.4326
6.0285
5.9760
6.0830
5.9191
5.9885
5.9428
6.2660
6.3973
6.2723
6.2226
6.2380
5.7591
5.9185
5.8700
6.1037
5.9721
5.9514
6.0486
5.8173
5.9520
6.3061
6.2485
6.6759
6.5352
6.3213
6.3184
6.5355
6.6445
6.7964
6.5368
6.0505
6.2901
6.2583
6.3822
6.1495
6.4419
6.1765
6.4185
6.2722
5.9007
6.2927
6.2137
6.2023
6.4695
6.8463
6.4252
6.5767
6.6531
6.7213
6.5847
6.5202
6.4504
6.6570
6.7814
6.8383
7.2455
6.9873
6.7783
6.9184
6.6794
6.7736
6.7424
6.8176
6.8794
6.7663
6.5050
6.6961
6.6756
6.9640
6.7505
6.6006
6.4693
6.5145
6.5615
6.7050
6.9850
7.0292
6.7769
7.1166
6.6619
7.0519
7.0182
6.8224
6.1352
6.5771
6.4901
6.3576
6.6728
6.3974
6.7784
6.7544
6.5345
7.0321
7.1627
7.2232
6.9113
6.9084
6.6815
6.6672
6.4010
6.3056
6.3009
6.3064
6.4103
6.7288
6.4220
6.7973
6.9214
6.9593
7.2858
6.6086
6.9540
6.9755
7.2123
6.4105
6.5417
6.5791
6.8024
6.9293
7.1706
6.7012
7.4335
7.6373
7.5144
7.5113
7.3053
7.2362
7.0498
7.0983
7.5379
7.7623
7.4906
6.7026
6.9006
7.4900
7.2077
7.4938
7.3532
7.1530
7.3209
6.7307
7.0822
7.1479
6.2573
6.3001
6.9828
7.2764
7.0562
6.9454
7.0396
6.9767
7.0711
6.5362
7.0989
7.6050
7.3157
7.1550
7.3968
6.7537
7.1249
7.1741
7.4577
7.4200
7.5711
7.5838
7.6777
7.5474
7.4765
7.4316
7.3750
7.5324
7.0191
7.4455
7.3739
8.1862
8.1107
7.5856
7.4771
7.2240
7.0960
7.4419
7.5095
7.3809
6.8788
7.3903
7.6263
7.9497
7.5826
7.6208
7.2938
6.7503
7.1978
7.3073
6.9075
6.7266
6.9858
6.8267
6.7742
7.0896
6.4603
6.8908
6.5043
6.8967
6.8059
7.5679
7.6688
7.0412
7.4918
7.0791
6.3796
6.5578
7.1917
6.7445
6.8205
7.2366
7.3529
7.2440
7.2247
7.2066
6.8961
7.1247
7.0847
7.2478
7.0704
6.9467
7.0125
6.7482
7.1405
7.4058
7.8098
7.3466
7.1981
6.9417
6.7787
6.8422
6.7443
7.2055
7.3635
7.3236
7.0938
7.2076
6.8885
7.1833
6.4711
6.7157
7.2281
7.0412
7.0494
7.6625
6.9504
6.6000
7.2697
7.1044
7.1179
7.1887
7.2490
7.2742
7.2191
6.9845
6.7703
7.0098
7.1116
6.8959
6.7652
6.9091
7.3424
6.7978
6.9421
6.9053
6.3573
6.5971
6.3818
6.9097
6.9009
6.6448
6.8085
6.4911
6.5036
7.0176
6.7015
7.0641
6.9216
7.2445
7.1213
6.7375
7.0600
6.4611
7.4728
7.0113
6.7998
6.7053
6.9599
6.8603
6.8168
6.9985
6.6764
6.4516
6.5945
6.8195
6.5621
6.9483
7.0477
6.8040
6.6898
6.5396
6.4444
6.7160
6.6657
6.6343
6.5072
6.8539
6.6292
6.6855
6.7086
6.7642
6.8923
6.5403
6.6004
6.8626
6.7173
7.1269
7.1687
6.7667
6.8652
7.0822
6.8541
6.6978
6.7837
6.6774
6.7131
6.9454
6.8826
6.7691
6.9153
6.3246
7.2193
7.0398
6.7822
6.8374
6.4000
6.2026
6.3846
6.5232
6.1178
6.5623
6.5885
6.4550
6.4240
6.4188
6.4046
6.3160
6.5707
6.8822
6.6281
6.6761
6.5143
6.6110
6.6190
6.8274
6.4589
6.5092
6.9962
6.5106
6.6899
6.4676
6.8159
6.8306
6.6821
6.4604
6.6954
6.8086
6.5403
6.5401
6.6471
6.2324
6.6801
6.5918
6.9798
6.6797
6.8574
6.4437
6.5477
6.8660
6.9162
7.0826
6.4868
6.8455
7.0492
6.4622
6.4368
6.6269
6.4917
6.3830
6.8326
6.9972
6.4092
6.3083
6.3609
6.7033
6.0226
6.1034
5.9883
5.9818
6.0802
6.5250
6.4366
6.3890
6.4531
6.3426
6.5219
6.2307
6.7038
6.4053
6.4355
6.4383
6.5503
6.2834
6.4108
6.3446
6.2180
6.5126
6.2179
6.1660
6.1517
6.1951
6.4085
6.3282
6.4119
5.9960
6.8139
6.2119
6.6713
6.0531
6.5145
6.4429
6.6844
6.7378
6.3956
6.9077
6.6151
6.5373
6.7282
6.3524
6.4817
6.7793
6.8516
7.0806
7.5926
7.7537
7.0413
6.6617
6.8301
7.1379
6.7423
6.7453
6.8075
7.1095
6.5010
6.9704
6.6525
6.6945
6.8169
6.7215
6.5635
6.3457
6.2719
6.1175
6.7181
6.5204
6.8032
6.8602
6.8175
6.5671
6.4293
6.2771
6.3344
6.2451
6.2973
6.0581
6.5905
6.2841
5.9718
6.0941
6.2652
6.4027
6.5209
