3.3682
3.4526
3.5391
3.4629
3.8714
3.3573
4.2297
3.6037
3.0297
3.0035
3.1707
3.4976
3.9485
3.5637
3.5001
3.1218
3.8415
3.5092
3.0231
2.6789
3.1193
3.1661
3.1515
2.9750
3.4034
3.2416
3.7872
4.1550
3.8997
3.8443
3.5083
3.8118
3.9201
3.6423
3.3544
3.4070
2.9657
3.3314
3.3278
3.2844
2.9362
3.3574
3.1313
3.2000
3.8313
3.5439
3.6382
3.4810
4.2032
3.8927
3.2491
2.9750
3.7125
3.4676
3.5201
3.9463
3.6716
4.1089
4.1285
3.9792
4.0440
3.7001
3.7884
3.6205
3.4604
3.6597
4.0011
4.2956
5.0704
4.4886
4.3187
4.6009
4.2919
4.3091
4.3403
3.9029
3.9221
3.6808
3.4108
2.9549
3.1550
3.7797
3.6440
3.7128
3.2291
3.0978
3.2333
3.1986
3.2963
3.5472
3.4454
3.2965
3.8063
3.0397
3.0622
3.1914
3.1334
3.3113
3.6831
3.6055
3.6786
4.2799
4.5537
4.6010
4.3308
4.1290
3.6351
3.8152
3.6781
3.4855
3.3470
3.3359
3.1493
3.4082
3.1184
3.4406
3.9599
3.9743
4.1582
4.3738
3.9270
4.3391
4.2314
3.8515
3.6313
3.7159
3.6036
3.6532
3.5138
4.2344
3.5997
4.0233
3.5900
3.7225
3.6841
3.9268
3.8550
4.1059
4.0288
3.8189
3.2377
3.5557
3.3968
3.7989
3.6705
3.6393
3.6724
3.9572
3.6206
3.7419
4.0211
3.7434
3.3886
3.6322
3.7833
3.8515
3.9952
4.0919
4.2877
4.0833
3.4500
3.5100
3.2238
3.5618
3.3023
3.3035
3.6448
3.6282
4.3590
4.8658
5.0724
5.2587
5.3493
4.7752
4.8643
4.9006
4.8539
5.1448
4.6332
4.6972
4.4147
4.4542
4.0929
3.8947
4.3469
4.3536
4.1852
3.9249
3.6775
4.1034
4.1480
3.6404
4.0922
3.7427
3.8291
4.2100
4.1012
4.1630
3.5929
3.6242
4.1256
3.7888
3.6695
3.6003
3.8935
4.0148
4.0270
4.0623
3.7419
3.2406
3.6278
4.1302
3.7280
3.2818
3.2498
3.3920
3.4843
3.7061
3.4884
3.3835
3.7390
3.2297
3.4155
2.8764
3.2370
3.4030
3.0821
3.8244
3.2680
3.2380
3.3609
3.3201
3.3397
3.0521
3.6368
2.9936
3.5788
3.5265
3.7921
4.1284
3.3484
3.6200
3.6136
3.1384
3.3831
3.2641
3.1235
3.3710
3.1705
3.2703
3.2005
3.4609
3.1575
3.1793
3.1300
3.2575
3.1156
2.9020
3.1705
2.7884
2.9317
3.3052
3.3823
3.0109
3.7618
3.4673
3.1336
3.7466
3.7280
3.7822
3.2187
3.9649
4.0988
4.0060
3.7407
3.9113
3.6989
4.2260
4.0759
4.0692
4.1801
3.9488
3.8481
3.7401
4.1150
3.7660
4.0310
4.1387
3.8483
3.9804
3.4669
3.5170
3.5310
3.9202
3.8375
3.6854
3.9293
3.8336
3.8118
3.7709
3.6078
3.4113
3.4380
3.5247
3.1302
3.3778
3.6937
3.6962
3.8078
3.4016
3.1891
3.1571
3.4217
3.8505
3.9831
4.2239
3.7928
3.8002
3.7459
3.5612
3.2583
3.6455
3.7310
4.2141
3.9585
3.4798
3.6357
3.6251
4.0076
3.7230
3.9218
3.3081
3.3484
3.3947
3.4007
3.3095
3.3977
3.4799
3.4323
3.7618
3.4217
3.7875
3.6850
3.6031
3.2984
3.5498
3.8199
4.0553
3.4457
3.1417
3.5844
3.9325
3.7056
3.6900
3.9599
3.6930
3.4295
3.3596
3.4411
3.1264
3.5458
3.3230
3.7612
3.3292
3.9722
3.4443
3.6260
4.0261
3.4793
4.1393
3.8559
3.5584
3.4037
3.7093
3.1272
4.2977
3.7172
3.9239
4.2285
3.7690
3.5776
3.6077
3.3690
3.8507
4.1271
4.1950
3.7532
3.9178
3.3667
3.0324
3.6097
4.1305
3.5236
3.2254
3.6566
3.5908
4.3609
4.0696
4.4117
3.8174
3.6538
4.0497
3.6908
3.8188
3.5676
3.5865
3.7150
3.4012
4.1252
4.1345
3.8473
3.7161
3.5778
3.5500
3.4126
3.8459
3.5880
3.7235
3.3794
3.4143
3.6893
3.7400
3.9642
3.5038
3.8779
3.4787
3.8009
3.4244
3.8877
4.1736
3.8754
3.5181
3.5750
3.5726
3.5137
3.3788
3.3304
3.6230
3.3023
3.5000
3.7452
3.7573
3.2444
3.4193
3.6964
4.4853
4.2535
4.1700
3.7864
4.2417
4.3313
4.4240
3.6994
3.7559
3.7382
4.1450
4.1270
3.9065
4.1837
4.5356
4.5101
4.3984
4.3948
4.4052
4.1602
4.1807
4.1312
3.8058
4.2251
4.4828
5.0412
4.5227
4.3031
4.0318
3.9235
3.5132
3.9155
3.9625
3.8425
3.8465
4.3598
3.7495
3.7729
3.7440
3.7928
4.0521
3.9930
3.9685
4.4112
4.3582
4.0947
4.2902
4.1203
4.0330
3.6682
3.9011
3.6803
4.2512
3.8433
3.8331
4.2957
4.3584
4.7391
4.2117
4.5997
3.9837
3.5448
3.3347
3.7031
3.5756
3.7571
3.7488
3.8211
4.1144
4.3856
4.2327
4.1626
4.4768
3.9209
4.2501
4.0880
3.8056
3.9541
3.5686
3.4328
3.6808
3.8071
3.7443
4.0064
3.7650
4.3394
3.9604
3.5990
3.5749
3.6733
3.7057
3.6616
3.8152
3.4359
4.1823
4.1217
4.5070
4.2533
4.5383
4.1320
4.4448
4.0296
3.9734
3.9386
3.9465
3.6957
3.6834
3.6234
3.8389
3.7398
3.4314
4.4097
3.9536
4.2473
3.9572
4.3085
4.0900
3.8652
3.8376
3.7431
3.6942
3.7429
4.0709
3.7970
3.7462
3.9131
3.6329
3.5701
3.6880
3.5622
3.8338
3.6479
3.5797
3.2959
3.0785
3.5997
3.2675
2.9852
3.3913
3.0192
3.1046
3.0968
3.4379
3.5709
3.4383
3.8363
3.6813
3.5985
3.2080
3.3842
3.3989
3.8821
3.7591
3.5387
3.8321
3.6381
3.3792
4.0907
3.1496
4.1182
3.5747
3.9246
4.1824
4.3555
3.9846
4.0273
4.0538
4.3772
3.8225
3.9939
3.8754
3.6019
3.6307
3.3607
3.1157
3.0212
3.4074
3.5682
3.7679
3.6707
4.3493
3.9656
3.7334
3.5462
3.7607
4.1578
4.0558
3.9297
3.5441
3.3042
3.3197
3.7155
3.8205
4.3701
4.1061
4.0168
3.4748
4.2181
4.1579
4.3135
4.0775
4.0006
3.8391
3.3949
3.5099
3.9640
3.9595
3.4673
4.0414
4.2331
4.0436
4.0148
3.6021
3.6268
3.8483
3.7414
3.3120
3.3689
3.6884
3.6815
3.8260
3.2149
3.0190
2.9092
3.0853
2.9706
3.2474
3.2513
3.1144
2.9892
3.0704
3.2286
3.1355
3.1234
3.6844
3.2138
3.4354
3.4276
3.5844
3.6595
3.7079
3.3008
3.2111
2.9050
3.5626
3.2198
3.5726
3.5729
3.5942
4.0192
3.7830
3.4170
3.8029
3.8003
3.9000
3.6442
3.4864
3.6103
3.2887
3.8009
4.0008
3.8118
4.0715
3.9915
3.9333
3.6838
4.2319
3.3442
2.8972
3.5483
3.9503
4.3247
4.0338
3.6922
3.6120
3.7061
4.0696
4.1233
4.1199
3.9944
3.9860
4.1411
3.8693
4.0405
3.9282
3.5824
4.2642
4.3810
4.5797
4.6708
4.0574
4.1133
4.1479
3.8750
3.6629
4.2994
4.0330
4.1836
3.7501
3.7384
4.0406
4.1683
3.4911
3.6342
4.4706
4.3227
4.9510
4.9462
5.1066
4.8045
4.7094
4.1053
4.0853
4.3049
4.6212
4.2635
4.2110
3.7573
3.7859
3.9820
4.0485
3.9807
4.2008
3.6020
3.6587
3.3613
3.9888
3.7907
3.4794
3.8614
3.8422
3.7104
3.8521
3.7822
3.9908
3.8935
3.6531
4.3489
3.9098
3.5380
3.9410
4.1393
3.6806
3.2877
4.0180
4.0172
3.9002
3.6630
4.1778
4.3064
4.2843
4.1245
4.0655
4.2339
3.9988
3.6887
3.3717
3.2811
3.4818
3.6050
3.2391
3.3409
3.6356
3.1737
3.2792
4.0304
3.8887
4.0940
4.2768
3.9520
3.7254
3.8461
3.5213
3.4403
3.8436
4.2749
4.0132
3.9460
3.7378
3.9977
4.5791
4.3451
4.5884
4.6038
4.0869
4.2530
3.9946
4.2388
4.0275
4.1765
4.1195
3.8362
3.7452
3.4551
3.5532
4.0111
3.6822
3.7024
3.5406
3.4252
3.1683
3.2137
3.4610
3.2531
3.4474
3.3595
3.3108
3.2817
2.8674
3.1224
3.3026
3.4035
3.1165
3.0658
3.6013
3.0386
3.1321
3.4232
3.3220
3.4562
3.4793
3.6305
3.7033
3.2360
3.1462
3.3886
2.9736
3.2454
3.3329
3.5117
3.6371
2.7528
2.9708
3.1762
2.9218
3.1085
3.0776
3.1890
3.3445
3.1606
3.0776
3.5679
3.6236
3.2224
3.2668
3.0779
3.0649
2.8252
2.7947
2.7776
2.7283
2.9333
3.0307
2.9795
3.0641
3.5259
3.6908
3.5082
3.5682
3.6940
3.6525
3.1379
3.3911
3.5633
3.8142
3.1967
3.2221
3.2007
3.2374
3.3184
3.3816
3.1959
3.2730
3.3648
3.2717
3.1515
3.2563
3.2177
3.2452
3.2840
3.5789
3.8581
3.5214
3.2694
3.5898
3.7176
3.4035
3.2358
3.4868
3.3277
3.6333
3.3337
3.2937
3.1938
2.8842
2.9537
2.9967
2.9932
3.2739
3.5644
3.9982
3.7512
3.7393
3.5848
3.0836
3.2144
2.9542
2.9928
3.0755
3.1373
3.3958
3.3038
3.3127
3.5829
3.7559
3.5332
3.5900
3.5024
3.2634
3.6227
3.5354
3.2084
3.3449
3.5976
3.5703
3.9836
3.8519
3.5317
4.3994
3.8188
4.1718
4.0507
3.9808
3.4301
3.7460
3.7528
3.7677
3.7028
3.6519
3.7602
4.0877
3.7623
3.7992
3.9298
3.6881
3.6800
4.1222
4.1812
4.1084
4.4158
4.3907
4.2814
3.7858
3.6523
3.7239
3.6083
3.8069
3.2482
3.9316
3.7482
3.9700
4.5212
4.0034
3.9837
4.2678
4.0724
3.3715
3.2684
3.3400
3.8745
3.1405
3.0421
2.8078
3.0189
3.3206
3.2745
3.1415
3.0018
3.2542
3.4170
3.7886
3.7758
3.5850
3.7087
3.2806
2.8415
3.1836
3.7127
3.4559
3.6685
3.5337
4.0501
3.7614
3.8435
3.8400
3.5036
3.4219
3.4373
3.9541
3.3215
3.5323
3.5620
3.7209
3.2927
3.4115
3.3725
3.6973
3.4302
3.5871
3.7863
3.7342
3.4235
3.4473
3.2827
3.0514
3.0699
3.4614
3.5084
3.2790
3.8917
3.9708
3.7629
3.4674
3.4251
3.8191
3.4857
3.5859
3.3141
3.3504
3.3966
3.4209
3.6271
3.5766
3.0471
3.5027
3.6278
3.9900
3.8944
4.0171
3.8136
3.9938
3.8018
4.2343
4.0296
3.9158
3.4871
3.9302
3.3419
3.6768
3.6733
3.4321
3.4916
3.4495
3.4639
3.6983
3.6365
4.5295
4.0106
3.7784
3.4592
3.6656
3.7388
3.6447
3.8656
3.8486
4.0671
4.0089
4.0641
4.1309
4.3537
3.9232
4.0092
4.1670
3.6225
3.4510
3.5537
3.7188
3.8385
3.9825
3.7418
3.7229
3.6892
3.9181
3.7203
3.5341
3.9782
3.4916
3.2351
3.3962
3.7057
3.4952
3.2263
3.4936
3.3408
3.1355
3.4922
3.7012
3.8802
3.6588
4.0281
3.8498
4.0807
3.6300
3.4603
3.6668
3.4300
4.0534
4.0620
3.7688
3.5676
3.6484
4.0919
3.6601
3.7182
3.7777
3.8707
4.0559
3.6425
3.7838
4.0088
3.7430
4.0608
3.5798
4.3707
3.9098
3.6961
3.2630
3.4545
3.6985
3.4713
3.1167
3.3056
3.8027
3.9680
3.9329
3.9066
3.8954
3.6454
3.7558
3.6834
3.3886
3.3199
3.5368
3.9103
3.9797
4.2479
4.3610
4.1969
3.8986
3.6495
3.2852
3.2509
3.8234
3.7139
3.9488
3.8305
4.2195
4.0186
3.8937
4.3242
4.3036
4.4096
3.6158
4.1847
4.0496
4.1367
4.2875
3.8898
3.7224
4.2760
4.0959
4.1601
4.2741
3.8340
3.8815
3.9401
4.1314
3.5078
3.8652
3.5488
3.3641
3.3359
3.5645
3.3390
3.4166
3.4589
3.1543
3.5371
3.4603
3.4391
3.5601
3.6185
3.6634
3.6307
3.2980
3.4602
3.5692
3.6372
3.5814
3.2088
3.1782
3.3949
3.7111
3.8133
3.7764
3.7036
3.8486
4.0566
3.8788
3.8517
4.2367
3.8626
3.8391
3.9407
3.5471
3.6064
3.5164
3.5330
3.4873
4.1055
3.5394
3.2185
3.3712
3.7586
3.6390
3.8737
3.3361
3.7231
3.8132
3.4663
3.8288
3.6024
3.7420
3.9248
3.4223
3.1635
3.1774
3.3724
3.5793
3.8742
3.5049
3.5526
3.5101
3.4423
3.7775
3.9047
3.5572
3.5111
3.6003
3.2463
3.6354
3.3068
3.2361
3.6655
3.8344
3.3119
3.7753
3.2328
3.2881
3.4015
3.9704
3.8451
3.5167
3.3910
3.6677
3.6222
3.8777
3.4997
3.3490
3.4500
3.2196
3.6764
3.6623
3.3891
3.1638
3.1672
3.9738
3.7221
3.7024
3.2931
3.2520
3.5291
3.0530
3.0981
3.2028
3.3751
3.1694
3.5110
3.7163
3.7305
3.5714
3.0586
3.2666
3.7247
3.4925
3.3672
3.4605
3.6686
3.5715
3.6394
3.7724
3.9171
3.4866
3.5693
3.1804
3.6926
3.7011
3.4866
3.3658
3.9313
3.7243
3.9763
3.4394
4.0218
3.3767
3.9108
3.8670
3.6765
3.9114
3.8250
3.7195
3.5707
3.9296
3.7375
3.4005
3.5244
3.3849
3.1121
3.0314
3.1880
3.5480
3.4021
3.3550
3.4120
3.7814
3.8048
3.7421
3.4825
3.6948
3.3076
3.4814
3.5255
3.4643
3.4057
3.2383
3.6631
3.8447
3.7746
3.7883
3.3435
3.4624
3.6446
3.3901
3.5947
3.9688
3.7792
3.6966
3.5112
3.1656
3.3910
3.5931
3.5113
3.2611
3.5707
3.8519
3.4072
3.8454
3.8203
3.8141
3.9953
3.4928
3.8180
3.9212
4.1694
3.9427
3.8282
4.4829
3.8071
4.2896
4.1104
3.8628
3.8081
3.7291
4.4261
4.4356
4.1262
3.7220
3.7078
4.1606
3.8728
3.7946
3.9424
3.7212
4.2180
4.1353
4.0785
3.5632
3.8834
3.6924
4.3970
3.9230
4.3112
4.0653
3.7190
3.7523
3.2276
3.4983
3.6623
3.3447
3.6310
3.9589
3.7290
3.2636
3.4637
3.2215
3.4008
3.5507
3.6101
3.4396
3.6197
3.7571
3.4738
3.4072
3.1532
3.2930
3.4713
3.3179
3.1951
3.2469
3.3512
3.2229
2.7440
3.0032
3.1237
2.6893
3.1180
3.5799
3.5370
3.4298
2.9667
3.4226
3.8067
3.6645
3.4797
3.3233
3.4065
3.1695
3.6361
3.5101
3.2781
3.2793
3.1068
3.7163
3.1473
3.2904
3.2151
3.3623
3.3242
3.2179
2.9104
2.9637
3.1925
3.2227
3.5237
3.9008
4.0631
3.7654
3.8481
3.6418
3.2648
3.5280
3.6677
3.7415
3.6258
3.5722
3.6834
3.8520
4.0767
3.8272
3.8833
3.8067
3.7987
3.8457
3.9753
3.4763
3.6964
3.7110
3.4962
3.3533
3.4078
3.3529
3.4796
3.8524
4.1080
4.0715
4.0288
3.9920
3.6066
3.3213
3.4647
3.5993
3.5586
3.9081
4.0858
4.3508
4.6046
4.5258
4.4158
4.2759
4.1782
3.7466
3.9751
3.8702
3.8012
3.6023
4.0554
3.8594
3.8705
3.9206
3.8436
3.8659
3.8120
4.1761
3.4848
3.7729
4.2720
4.3228
4.1072
4.2993
4.4061
4.0732
3.6633
3.4037
3.5878
3.5641
3.4791
3.8500
3.9275
3.6349
3.3286
3.5694
4.0798
3.9406
3.5276
3.5493
3.7338
3.8963
4.1097
3.7774
3.8333
4.1008
3.8874
3.9182
3.8157
3.7469
3.7774
4.0096
3.5484
3.3890
3.2126
3.2261
3.3237
3.0037
3.1863
3.3553
3.4218
3.2961
3.1740
3.2801
3.2507
3.7598
3.6642
3.4713
3.8166
3.5358
3.7018
3.6009
3.8071
3.6781
3.6903
3.7018
4.0148
3.7516
3.7949
3.5616
4.1288
3.6660
3.7982
3.5661
3.8242
3.7078
3.2161
3.5106
3.7016
3.8251
3.6997
3.5490
3.9489
4.0130
4.1160
4.0229
4.3579
3.7855
3.5612
3.7034
3.6531
3.5441
3.5914
3.5675
3.6466
3.6787
3.4147
3.4276
3.7300
3.6266
3.5527
3.1056
3.7149
3.7053
3.5577
4.1973
4.1325
4.0856
4.1412
4.0022
3.8139
3.7106
3.5916
3.9054
4.0776
3.9832
4.1102
4.0143
3.9255
3.6459
3.8642
3.8008
4.0598
4.0889
3.8349
3.7022
3.8812
3.8839
3.8694
3.8987
3.6836
3.4033
3.4937
3.5579
3.6819
3.5273
3.2371
3.5772
3.8082
3.6372
3.1499
3.8108
3.9904
3.4568
3.7614
3.8499
3.4606
3.7987
3.8821
3.8002
4.0221
3.5930
3.5156
3.6776
3.9085
3.8531
3.8608
3.9625
3.8632
3.5682
3.4607
3.4766
3.8860
3.9075
4.0325
3.8777
3.7164
3.7493
3.5046
3.5273
3.5916
3.7671
3.5473
3.4209
3.7949
3.7368
3.6457
3.5651
3.6138
3.5610
3.7658
3.7488
4.0474
3.9947
4.0414
4.4941
4.2219
4.1633
3.9619
3.7018
3.6219
3.9580
3.5330
3.7905
3.9673
3.5554
3.8405
3.6102
4.0574
3.8623
3.7213
3.6025
3.8823
3.7495
3.9333
4.1748
3.9012
3.8692
3.4707
3.7331
3.8256
3.4909
3.7879
3.6261
4.0118
3.8807
3.8439
3.6170
3.2871
3.3431
3.3885
3.6883
3.5452
3.6119
3.5163
3.7791
3.5392
3.8626
3.8657
3.8785
3.6030
3.2243
3.3222
3.3152
3.9362
3.9270
3.5726
3.8507
3.5975
3.4773
3.8104
3.6219
3.3596
3.7310
3.7520
3.8930
4.2031
4.1197
4.2642
3.8912
3.7797
3.9483
3.9371
3.7461
3.7999
3.6950
3.6389
4.0424
4.2775
3.9400
4.4167
4.2052
3.8900
3.7793
3.5163
3.5667
4.0626
3.8534
3.6364
3.6029
3.2464
3.4177
3.5084
3.5927
3.6986
3.5676
3.6607
3.5047
3.3049
3.8300
3.8102
3.7919
3.3296
3.6354
3.5731
3.4231
3.8364
3.6913
3.9325
3.8345
3.5066
3.5638
3.8270
4.0576
3.8385
3.5273
3.8008
3.5468
3.5474
3.5097
3.6320
3.2633
3.1051
3.6534
3.9383
4.1264
3.3582
3.8895
3.6963
3.3041
3.6511
3.6627
3.4007
3.1864
3.0292
3.2982
3.5239
3.6599
3.8311
3.5699
3.4841
3.3475
3.4679
3.4641
3.9109
3.4029
3.1556
3.7253
3.6326
3.4758
3.8546
4.2009
4.4481
4.0328
4.0077
4.4633
4.1928
4.2551
3.8886
3.7468
3.6057
3.5224
3.4677
3.5334
3.0327
3.3124
3.1127
3.2922
3.2640
3.6433
3.5099
3.2805
3.4192
3.3557
3.4145
3.5118
3.5607
3.5782
3.9615
3.3882
3.4906
3.5821
3.5052
3.3854
3.6118
3.4253
3.5886
3.6913
3.5830
3.5752
3.4204
4.6213
4.0219
3.9667
4.0392
3.8031
4.0799
3.4606
3.6025
3.6869
3.8320
3.4991
3.3033
3.4441
3.3481
3.3528
3.6157
3.9505
4.0595
3.8414
3.6867
3.7972
3.6284
3.3215
3.3933
3.5984
3.1894
3.4581
3.5202
3.0547
3.1511
3.2661
3.4027
3.7002
3.8941
3.5500
3.6144
3.3965
3.8950
3.7921
3.9743
4.4367
3.7514
3.6373
3.7020
3.9463
3.9247
4.3244
3.8239
3.9097
3.9327
3.7002
4.1434
3.7998
3.2675
3.7021
3.5810
4.0214
4.4324
4.3030
3.9309
3.7961
4.0179
4.0815
4.3282
4.1285
4.3750
3.6977
3.6578
3.8699
4.4354
4.5951
4.1847
3.6386
3.9114
3.6072
3.6733
3.7451
3.6966
3.7379
4.0840
3.9980
3.4674
3.4140
3.7946
3.7429
3.9145
4.0608
3.5318
3.4134
3.8036
3.9531
3.6252
3.6971
4.1914
3.9294
3.9510
4.3604
4.1466
4.1112
3.7921
3.8652
4.2692
4.1911
4.7916
4.3544
4.1227
3.5214
3.6948
3.8622
3.7790
3.7437
3.9821
3.4523
3.6970
3.4412
3.9282
4.1624
3.6483
3.5187
3.7360
3.5987
4.0069
3.8331
4.4893
3.8515
4.1518
4.1113
3.9802
4.1165
4.0063
4.1583
3.7457
3.8248
3.8509
3.3086
3.6985
3.4281
3.5942
3.7291
4.2032
3.5164
3.7570
3.6020
3.6802
3.4986
3.5274
4.0429
3.8142
4.0159
3.8734
4.0908
4.2162
3.7756
4.2384
4.1166
3.8854
3.7240
4.0619
3.9598
3.8403
4.0835
4.2148
4.4624
4.4557
4.4979
4.4413
4.9168
4.8403
4.6112
5.1405
4.9551
4.4651
4.6157
4.3765
4.3549
3.7751
4.3226
4.6234
4.8155
4.9201
4.7362
4.3610
4.8940
4.2157
4.7589
4.0924
4.0588
4.6170
3.9879
4.5442
4.7810
4.1427
4.0874
3.9920
3.9899
3.9984
4.3214
4.8424
4.4376
4.3013
3.9257
4.6015
4.4016
4.3641
4.2166
4.5738
4.0657
3.8919
4.3460
4.4818
4.3270
4.0888
4.4264
4.5693
4.6359
4.6355
4.6395
4.8600
4.6944
4.3860
4.9563
5.0378
4.8825
4.7968
5.1430
5.1590
5.2012
4.8837
4.9594
5.2809
4.3372
4.2681
4.1959
4.3841
4.0845
4.3804
4.5131
4.6061
4.2193
4.3289
4.5341
4.2948
4.5631
4.1136
4.2354
4.0074
4.4006
4.2882
3.9729
3.6454
3.7676
4.4472
4.0800
4.5146
5.2976
4.5883
4.7600
4.2087
4.4300
4.3917
4.5537
4.4350
4.2382
4.4101
4.6824
4.8508
4.3435
4.6896
5.1576
3.9876
4.3697
4.4490
4.2029
4.5833
4.1404
3.9793
4.0083
4.1799
3.8646
3.9373
4.4169
3.8080
3.8324
4.9110
4.3072
4.6558
4.6011
4.7387
4.1537
3.9885
3.9688
3.9486
3.9248
3.9376
3.9644
4.1350
3.8571
4.3954
4.0206
4.3561
4.2399
4.2159
4.4287
4.3427
4.3804
4.1388
4.1114
4.1102
3.9727
3.9992
4.2150
4.5096
3.9912
3.8893
3.7172
4.0443
3.8108
4.2453
4.0575
4.6620
4.3367
4.8918
4.3094
4.2433
4.2597
3.9803
4.2424
4.5965
4.3477
4.1733
4.3093
4.3602
4.0876
4.6072
4.5110
4.9966
5.2018
5.2338
4.9126
4.7459
4.7314
4.3910
4.5247
4.6571
4.4480
3.8441
4.4917
4.4002
4.6009
4.6998
4.6267
5.0392
4.8290
5.1659
4.9844
4.6867
4.6412
4.6923
4.5172
4.2947
4.0251
4.4929
4.2972
4.5393
4.5034
4.0296
4.6327
4.4591
4.5573
4.3873
4.3183
4.1587
4.6466
4.3582
4.3239
4.0816
3.7935
4.1204
3.8967
4.2665
3.9168
3.9515
4.3397
4.0120
4.2253
4.1743
3.8991
4.0804
3.7490
3.8196
3.8951
3.7605
4.3739
4.1345
3.8606
4.0483
3.8002
4.2094
4.1026
3.6746
3.7017
4.1555
3.8254
3.7562
3.9575
4.2607
4.2370
4.5313
4.6117
4.5076
4.2561
4.4999
4.2312
4.4652
4.1031
3.7936
4.0925
3.9836
4.4367
3.9469
3.7139
3.8233
4.0314
4.3558
3.7783
3.8002
3.9718
4.1511
3.6294
3.8179
4.1468
3.8459
3.6744
3.9144
4.0381
3.9178
3.8398
4.3014
4.3935
4.9277
4.2443
4.5667
4.6782
4.2594
4.8049
4.5787
4.7820
4.2325
4.4568
4.2682
4.2490
4.4103
4.2705
4.3536
4.2727
4.5789
4.5095
4.3564
4.4427
3.9736
4.4142
3.9705
4.0742
3.9304
3.6002
3.9551
3.6731
3.7725
3.4831
3.8712
4.2064
3.9462
3.8935
4.0226
4.1447
4.4563
4.1485
4.3287
4.4209
4.4514
4.2049
4.0240
4.0775
3.9492
4.0525
4.4450
4.5389
4.5649
3.8792
4.2455
4.7781
4.2373
4.3386
4.2290
4.2623
4.0240
4.3343
4.4198
4.1736
4.0195
4.2169
3.8185
4.0263
3.7719
3.7792
3.8991
4.3495
4.2485
3.8591
4.0982
4.4804
4.3573
4.3479
4.3567
4.7651
4.8755
4.5556
4.4677
4.5690
4.9001
4.5838
4.0730
4.0330
4.4163
4.2324
4.3949
4.3575
4.2932
4.1334
4.0542
3.7123
4.2004
4.3291
4.0826
4.2461
4.1873
3.8483
4.1409
4.3997
4.2504
4.2681
4.1190
4.7805
4.3789
4.5563
4.4711
4.1190
3.9718
4.1193
4.4074
4.6026
4.5691
4.5670
4.6424
4.8251
4.8893
5.1221
5.1415
4.9330
4.5005
4.0593
3.9147
4.0379
4.1765
3.9806
3.9583
3.9719
3.7913
4.1708
4.2236
4.1027
4.1245
4.0225
4.0331
3.8881
4.3985
4.1373
3.9774
4.0764
3.9447
4.3868
4.4522
4.2360
4.0052
4.3841
4.1254
4.1304
4.1943
4.4998
4.7256
4.9030
4.3923
4.5429
4.3876
4.1619
4.3070
4.2791
4.2144
4.2006
4.4148
4.0000
4.0509
4.2287
3.7505
4.0009
4.3056
4.3725
4.4933
4.0980
4.5432
4.3952
4.0879
4.2815
4.1231
3.7765
3.7911
3.7555
3.8243
3.8735
3.7328
3.6078
3.7461
4.0076
4.1827
3.9345
4.0199
3.7099
4.1246
3.9031
3.8566
3.8993
4.0266
4.1555
4.1400
4.3092
4.3841
4.1303
4.2508
4.2252
4.7234
4.8358
4.4039
4.0561
4.1621
4.0816
4.5203
4.6185
4.1942
4.5306
4.2258
4.2586
4.1575
4.4892
4.6462
4.5741
4.4736
4.6347
4.4949
4.7005
4.4411
4.2996
4.2538
4.2220
4.3094
4.3221
4.3984
4.3113
4.4248
4.4138
4.1404
4.3710
4.6029
4.6662
4.2287
3.7897
3.9758
3.8318
3.9987
4.1350
4.0543
3.9196
4.2218
4.2266
4.2533
4.0908
3.9552
4.1044
4.0474
4.1075
4.2416
4.0276
3.9818
4.1294
3.8378
4.1376
4.3121
4.1509
3.9106
4.2028
4.4664
4.3336
4.6229
4.5778
4.4670
4.3951
4.6554
4.6199
4.6735
4.2911
4.5310
4.3007
4.7580
4.2190
4.2422
4.4090
4.4232
4.3028
4.5088
4.2722
4.0623
3.7218
3.9577
4.1642
4.2354
4.1028
4.0991
3.9515
3.8865
4.0916
4.3631
4.4860
4.4214
3.8744
4.1429
4.1499
4.1324
4.0978
4.6044
4.4964
3.8776
4.1316
3.9420
4.1698
4.2123
4.1896
4.1214
4.1042
4.8770
4.7690
4.6251
4.6476
4.4747
4.3507
4.6537
5.1163
4.8352
4.8327
4.3643
4.7050
4.6965
5.1501
5.2482
4.9547
5.0583
4.7114
4.5591
4.5243
4.6678
4.6970
4.5601
4.6350
4.5281
4.7853
5.0626
4.9022
4.6609
4.7291
4.6968
4.7169
4.8205
4.8030
4.5641
4.3711
4.9476
4.8879
5.0213
4.8245
4.5545
5.1161
4.8589
4.6079
4.9448
5.4188
5.3158
5.1944
5.2365
5.2280
4.9223
4.8337
4.6604
4.7089
4.6831
4.8607
4.8913
4.4604
4.6391
4.6978
4.6678
4.4682
4.3537
5.3261
5.0293
4.8254
5.0783
4.8507
4.8911
4.7672
5.4458
5.0009
5.0468
4.7069
4.8113
4.4440
4.4398
4.6301
5.1762
5.1141
4.9473
4.9139
4.7863
4.8646
5.3173
5.3080
5.4269
5.2908
4.7324
4.6391
5.0643
4.7952
4.4742
4.2564
4.5754
4.6617
4.3350
4.0472
4.1323
4.3700
4.6087
4.6226
4.3011
4.3155
4.4213
4.4937
5.0055
5.2703
5.0648
4.5985
4.5495
4.6242
4.1591
4.3978
4.5061
5.0059
4.7289
5.0049
5.3452
5.3856
4.9905
4.9427
5.2426
5.0089
4.9790
4.8187
4.5968
4.3973
4.4670
4.4025
4.2147
4.4715
4.5896
4.4235
4.7425
4.6494
4.4404
4.5863
4.5959
4.4075
4.3460
4.5298
4.4789
4.6752
4.7442
4.6801
4.7798
4.8864
5.1664
5.1667
4.7807
5.0980
4.7222
4.5335
4.2186
4.6380
4.4288
4.1372
4.2096
4.0322
4.4746
4.5298
4.5758
4.4044
4.6129
4.8958
4.5930
4.1006
4.0514
4.1127
4.2761
4.4915
4.2110
4.2782
4.2812
4.0423
4.2837
4.1835
4.0750
3.7590
3.9679
4.2277
3.8780
3.9520
4.2220
4.3654
4.7252
4.8198
4.6878
4.8032
4.8011
4.7277
4.7964
5.3261
5.0556
5.2876
5.0900
5.1477
4.9487
4.8432
5.0446
4.9326
5.0030
5.0322
4.8397
5.3001
4.9965
4.8223
4.9713
5.1377
4.8050
4.9889
4.9910
4.9412
4.9621
4.7903
4.1941
4.2991
4.4384
4.8610
4.7813
4.9219
4.7733
4.6188
4.9035
4.8454
4.3503
4.3768
4.5932
4.7284
4.5821
4.6575
4.7181
4.5454
4.5154
4.1104
4.5822
4.1964
4.2702
4.4258
4.5185
4.2427
4.4981
4.6081
4.5413
4.5786
4.4701
4.3534
4.2767
4.5805
4.5922
4.9050
4.3071
4.1846
4.2570
3.9795
4.8143
4.8430
4.6004
4.5007
4.7637
4.6974
5.2678
5.1828
4.9892
4.5031
4.5027
4.7058
4.1921
4.3842
4.5495
4.7823
4.8018
4.7409
4.8593
4.6455
4.3781
4.5345
4.5427
4.5660
4.6776
4.6892
4.5460
4.8627
4.8572
4.7168
4.6747
4.5929
4.6119
4.8635
5.1444
5.0083
4.8487
4.5328
5.2984
5.0062
4.9900
4.6938
4.7711
5.1068
4.9971
4.8767
4.9405
4.8567
5.2286
4.5166
4.7975
4.5471
4.4954
4.7315
5.2368
4.9240
4.7341
4.7974
5.2479
5.3477
5.5170
5.7339
5.4835
4.4426
4.6272
4.5644
4.6459
4.1834
5.1410
5.3207
4.8048
4.9796
4.6797
4.2290
4.1337
4.6331
4.6984
4.5097
4.4868
4.5450
4.6638
4.8539
4.2332
4.4124
4.8680
4.6187
4.6629
5.0660
4.8884
5.2203
5.0300
4.8233
4.7496
4.5368
4.5850
4.5724
4.1531
4.5278
4.7943
4.9194
4.9212
4.6110
4.7682
5.0137
5.0665
5.0166
5.1093
4.8250
5.1939
5.0063
5.0277
4.4341
4.5822
4.4911
4.3860
4.4644
4.5458
4.5531
5.3660
4.9230
4.6075
4.8338
4.8068
4.5543
4.6208
4.6565
4.8590
4.5897
4.4014
4.4026
4.2496
4.3821
4.3694
4.5431
4.9334
4.5476
4.5802
4.5400
4.4059
4.7423
5.2772
4.6335
4.4652
4.5419
4.7191
4.7442
5.0624
4.6088
4.8355
4.6431
4.8540
4.6227
4.5011
4.5692
4.7094
5.2726
5.1280
4.9734
5.0832
5.3588
5.1202
4.8075
4.7589
5.1585
5.2538
5.0181
5.9451
5.2799
5.1702
5.3533
5.2788
5.2500
4.9375
5.3103
5.1643
5.1342
5.2959
4.7814
4.4796
4.7194
4.8212
4.9446
4.9403
4.9667
5.1358
5.2398
4.7963
4.9623
4.7246
4.6004
4.4951
4.3817
4.7887
5.1691
5.0427
5.0232
4.5097
5.0010
4.6867
4.8575
4.6727
4.5830
4.9760
4.8882
5.1235
5.0343
4.3790
4.5790
4.8060
4.7873
4.5178
4.7281
4.4969
4.4762
4.5932
4.9532
4.7516
4.7886
4.6454
4.1794
4.6253
4.9640
4.5919
5.3021
4.9566
5.2573
5.1734
4.8894
5.0467
4.9932
5.2399
5.1139
4.5656
4.7457
4.5936
4.5120
4.8692
4.8176
5.1215
5.1875
5.1896
4.8368
4.8194
4.5236
5.0376
4.5406
4.4890
4.1665
4.5849
4.8520
5.1555
4.8279
4.5903
4.4012
4.2852
3.9368
4.3343
4.4158
4.2218
4.1828
4.2793
4.6139
4.7179
4.5292
4.5292
4.9204
4.2789
4.2355
4.2880
4.4363
4.8999
4.6405
4.6339
4.8913
4.2525
4.2040
4.3375
4.3972
4.5460
4.3670
4.3529
4.3936
4.1648
3.9603
4.1913
4.1185
4.0825
4.4221
3.7730
4.1753
4.0383
3.8687
3.8307
3.7667
3.9780
4.2493
4.2906
3.7038
4.2551
4.0511
4.4516
4.2975
3.8522
4.3733
4.8751
4.8267
4.6658
4.4030
4.4111
4.5912
4.9359
5.1103
5.1295
4.8084
4.9117
4.4433
4.8226
4.9218
4.7509
5.0601
5.1403
5.0621
5.0906
4.4926
4.8734
4.6919
4.5249
4.8327
4.5088
4.4845
5.0361
4.9303
4.5855
5.1526
5.0698
4.8442
5.5925
5.0312
5.0954
4.9613
4.6640
4.5645
5.3011
5.1429
5.2529
4.6337
5.5274
5.7653
5.1629
5.0816
5.6715
5.3515
5.6960
5.1838
5.0109
4.8012
5.2710
5.2297
4.7897
5.3934
5.0535
4.9300
5.0932
4.6817
4.7235
4.5881
4.8920
4.7254
4.8113
4.2075
4.6137
4.9789
4.7826
5.2711
5.1024
5.0175
5.4667
4.6638
5.1049
5.6956
5.7465
5.5264
5.1967
5.2372
5.2025
5.0018
5.0689
5.4095
5.3443
5.0774
5.1108
5.1591
5.5504
5.4477
5.4129
5.4578
5.7032
6.0330
5.8432
4.7724
5.1267
5.5586
5.6864
5.3564
5.5490
5.3038
4.9902
5.4030
4.9582
5.4799
5.3405
5.5986
5.1158
4.7636
4.4876
4.4372
4.9941
4.9987
5.3631
5.7731
5.6781
6.0313
5.6839
5.6282
6.3162
5.8385
5.6096
5.2481
5.0440
5.3500
5.4983
6.0474
6.3304
6.1681
5.8532
5.7385
5.9762
6.6207
6.4784
6.7430
6.4410
6.2801
5.9677
6.0369
6.3110
5.8433
5.5467
5.7876
5.3998
5.4519
6.5640
6.6834
6.4182
5.8915
5.8245
5.8081
5.8256
6.0112
5.1714
5.2444
5.1910
5.8394
5.4848
5.2017
5.3670
5.4602
5.6395
5.6885
4.9863
5.3889
5.5276
5.2334
5.0885
5.2713
5.3946
5.0441
5.3573
5.6242
5.0352
4.8480
4.9573
5.0107
4.7566
4.9851
4.9390
4.7913
4.9324
4.8999
4.4278
4.5937
4.7900
4.5829
4.7578
4.4888
4.2859
4.5863
4.5790
4.7313
4.6969
4.4657
4.6987
4.5528
4.5354
4.3482
4.5673
4.5216
4.9094
4.8867
4.9143
4.8290
4.5579
4.4533
4.3441
4.4721
4.8598
5.0742
4.8830
4.6959
4.4114
4.8444
4.9130
4.7903
5.1963
5.0713
5.5733
5.5371
5.1682
5.2023
5.2087
5.2979
5.2518
5.1106
5.3634
5.5142
5.4548
5.8418
5.6606
5.5867
5.3902
5.3845
5.6429
5.4752
5.3243
5.5837
5.5176
5.1126
5.0912
5.5396
5.2678
5.3721
5.1890
4.6653
4.9384
4.7228
4.9544
5.1329
5.6911
5.5074
5.2667
5.4922
5.2884
5.8996
5.1911
5.4684
5.4317
5.6971
5.7418
5.5083
5.7654
6.3085
5.9842
5.7160
5.6977
5.6221
5.8589
5.8558
5.6770
5.3282
5.2724
5.2545
5.5696
5.6432
5.0345
5.0132
4.8487
5.4877
5.0133
5.0673
5.5524
5.2182
4.7645
5.1984
5.2622
5.1737
5.3231
4.9637
5.4213
5.2429
5.8445
5.4078
5.4800
5.4469
5.0409
5.0599
5.4579
5.2512
5.0032
4.8973
4.9869
4.7178
5.2746
5.1269
5.3916
5.1843
5.4307
5.7329
6.0820
5.5611
5.5950
5.6777
5.8990
5.5389
5.3792
5.2418
5.2614
5.0476
5.4614
5.3939
5.1173
5.5858
5.5497
5.1041
5.5139
5.7545
5.7094
5.9035
4.9387
5.0673
4.9853
4.8933
4.5060
4.8756
4.5369
4.8089
4.6073
4.4501
4.6001
4.6194
5.0178
4.6363
5.0086
4.4884
5.0327
4.6084
4.7559
5.1035
4.6849
4.8913
4.4069
4.9366
5.0495
4.8965
5.2214
4.9168
4.4204
4.9810
4.6897
4.5482
4.4608
4.6859
4.6046
4.5184
4.5394
4.5893
4.8935
4.9159
4.7157
4.8561
5.1854
4.9400
4.9576
4.7150
4.9875
4.7417
4.4695
4.5433
4.6004
4.6540
4.4787
4.3383
4.5357
4.6183
5.2046
4.7374
5.5207
5.1972
5.0552
4.7728
4.5861
5.0687
4.9448
4.6903
4.4436
4.6560
4.7914
4.4932
4.7198
5.0234
4.7743
5.0549
5.2384
5.1141
4.9659
4.5774
5.0879
5.3971
5.4295
5.6841
5.0785
5.1766
5.2122
5.1989
5.0825
4.7863
5.3916
4.9816
5.3778
4.7084
4.7124
5.0505
4.4504
4.7448
4.5805
4.8382
4.7699
4.7595
4.6506
4.6132
4.5210
4.6107
4.4922
4.7687
4.8608
4.7656
4.9892
4.9008
5.3572
5.1062
4.9797
5.5569
5.3122
5.4537
5.0491
4.6101
4.6898
4.4511
5.0510
5.0899
5.0406
4.6561
4.5910
4.6311
4.8188
4.7334
4.6851
5.4266
5.6198
5.8750
6.1335
6.2279
5.8362
5.0315
5.5550
5.4365
5.4288
5.2608
5.8642
4.8285
5.1070
5.0580
4.6239
4.6825
4.6601
5.1923
4.4702
4.2828
4.6016
4.5250
4.3264
4.5757
4.1805
4.4573
4.7942
4.6314
4.5790
4.6854
4.6004
4.3961
4.6830
4.9149
4.9577
4.9266
4.6289
4.5165
4.7218
4.9858
4.8745
5.0891
4.8070
4.8702
4.7030
4.8016
4.6807
4.4791
4.7383
4.4519
4.9181
4.8059
4.6646
5.1735
5.5342
5.3410
5.3021
5.7907
5.3768
5.2585
4.8911
4.4954
4.7468
5.2468
4.7917
5.0392
5.4876
5.0863
4.7446
5.1916
5.4326
5.7078
5.2686
4.5889
5.2825
5.3939
5.2270
4.9254
4.6376
5.0371
5.1704
5.2252
4.9881
4.8154
4.9420
4.7997
5.5298
5.3126
5.1924
5.1408
5.1814
5.0807
4.8177
5.4118
4.9989
4.9661
5.4152
5.1516
5.4960
5.5290
5.0336
4.9426
5.2494
5.3143
5.1755
5.0488
4.7698
5.1890
5.3473
5.2448
5.3924
5.0895
5.3100
5.3793
5.7513
5.9237
5.8154
6.0212
5.4171
5.4130
5.8461
5.1760
5.4495
5.3850
5.8846
5.6355
5.1839
5.3478
5.3834
5.6678
5.7344
5.3419
5.4164
5.4371
5.4198
5.5302
5.5180
5.3550
5.9740
5.9666
5.9977
5.6367
5.5054
5.4005
5.2634
5.5356
5.3612
5.4752
5.2663
5.3316
5.2285
5.4714
5.4496
5.4743
5.6717
5.4745
5.5598
5.7519
5.9246
5.7401
5.7861
5.4074
4.9504
4.5047
4.7585
4.7018
4.8467
4.7606
4.9047
5.5513
5.0716
5.7583
5.2472
5.6599
5.6213
5.4427
4.8423
5.8956
5.3481
5.4564
5.1414
5.0836
5.2352
5.2616
5.1899
5.9456
5.4564
5.7575
5.1675
5.4033
5.5876
5.4150
5.2546
5.4029
5.2803
5.8640
5.4331
5.6818
5.4721
5.5022
5.2519
5.3674
5.1035
5.4821
5.8798
5.6980
5.4905
5.4089
5.9003
5.8036
5.6990
5.7155
5.3885
5.3361
5.4569
4.9345
5.3414
5.2499
5.3369
4.8798
4.8498
4.9973
4.5127
4.8311
5.1996
5.0713
5.1634
5.3550
5.1643
5.0407
5.1467
4.9494
5.2940
5.0139
5.5018
5.6705
5.3596
4.6613
4.7335
4.6427
4.9142
5.0669
5.4327
5.5947
5.9873
5.5190
5.3557
4.8694
5.2641
5.3956
5.2048
5.4070
5.5031
5.4150
5.5956
5.7925
5.8493
5.3449
5.4025
5.4841
5.2182
5.4135
5.1302
5.3835
5.2402
4.9432
5.0745
5.3611
5.4042
5.1973
4.9237
5.2115
4.8218
5.4169
5.1255
4.8709
4.8320
4.9342
5.3428
5.5367
5.1414
5.1885
4.9529
4.8099
5.3600
5.7152
5.7226
5.5293
5.3346
5.1032
5.3329
5.0244
4.8983
4.9255
5.2344
5.0534
5.2494
5.3593
5.7538
5.5966
5.5707
5.1845
5.2763
5.3519
5.3564
5.4218
5.2341
5.3171
5.4864
5.6085
5.3479
5.3431
4.4380
5.0103
5.1600
4.8176
5.3310
4.9544
5.3240
5.4462
5.3568
5.0089
5.3085
5.2606
5.7648
5.8323
5.0979
5.3525
5.4877
5.5154
5.5670
5.4766
5.1576
5.1434
5.7599
5.1643
5.3030
5.6753
5.8526
6.3781
5.7608
5.3653
5.0625
5.3706
5.7902
5.5188
5.6464
5.6439
4.7074
5.3766
4.8803
5.0735
5.2981
5.4062
5.5244
5.0088
5.1342
4.9481
5.2866
5.2321
5.3744
5.3894
5.3757
5.5337
5.6336
5.4821
5.8260
5.3458
5.4457
5.4582
5.6170
5.1214
4.8514
4.8314
4.6863
5.0740
5.3548
5.5317
5.5672
5.4079
5.5653
5.8145
5.6909
5.8864
5.7365
5.9407
5.7864
5.6776
5.6445
5.7109
5.5869
5.4212
5.3968
5.5275
5.5145
6.1554
5.7249
5.7265
5.5055
5.7438
5.7408
5.8735
6.0172
5.7517
5.2058
5.3579
5.5884
5.3970
5.6508
5.6505
5.0265
5.7172
5.3916
5.2510
5.1052
4.7834
5.1866
5.5061
5.2081
5.5245
5.7024
5.6095
5.1772
5.3023
5.2533
5.2201
5.6266
4.9336
4.9072
5.4522
4.9667
5.1460
5.4598
5.6723
6.1456
6.1282
5.8020
5.1469
5.2074
5.1423
4.7907
4.7944
4.9188
4.9706
4.7945
4.6300
4.8542
5.1650
5.5751
5.1389
4.9764
4.9887
4.7112
5.3153
5.3571
5.3721
4.9774
5.2237
5.1886
4.6857
4.9411
4.6267
5.0177
5.2973
5.1865
5.1241
4.6985
4.8573
4.8787
5.2294
5.3577
5.7804
6.1460
6.0466
5.7209
5.8658
5.2099
5.8040
5.3074
5.3320
5.1115
5.3119
5.6615
5.5445
5.5732
5.7559
5.8127
5.6869
5.3739
5.2543
5.2394
5.0509
5.2990
5.1503
5.6349
5.6824
5.7581
5.4303
5.5060
5.4655
5.4608
5.2187
5.6496
5.5036
4.9432
5.1871
5.4661
5.3847
5.3652
5.4645
5.0094
5.1941
5.2924
5.4806
5.6438
5.5925
5.3733
5.2098
5.6624
5.4641
5.6613
5.3087
5.5070
5.1552
5.4765
5.6374
5.4998
5.8535
5.6726
6.0451
5.8722
5.7732
5.8352
5.7329
6.0555
5.8347
5.5283
5.6186
5.4981
5.8881
5.4381
4.7736
5.2866
5.3378
5.0921
5.5087
5.2426
5.1872
4.6701
5.0900
4.8105
5.0864
5.3074
4.9626
4.9300
4.6548
4.9721
4.8238
5.2573
5.1290
4.8131
5.0978
5.1421
4.7723
5.1204
4.9883
4.9251
5.3200
5.0838
4.9996
4.7548
4.9108
5.0061
4.7292
4.6446
4.8863
5.0654
4.8755
4.8174
4.7225
4.9920
5.0452
4.9622
5.2499
5.1905
5.0897
5.0481
5.0501
5.5253
5.1762
5.1463
5.2033
5.1255
5.1848
4.8504
5.2225
5.2810
5.2718
5.1884
4.8621
4.9624
4.6866
4.4881
4.7955
4.7944
4.9563
4.8434
5.0499
5.0205
4.8856
5.1374
4.4800
5.1024
5.1575
5.0489
4.7096
4.6407
4.6869
4.6351
5.1919
5.0955
4.7807
4.7354
4.7477
5.2772
5.0720
4.9708
5.1128
5.4929
5.4561
5.4367
5.6499
5.0015
5.7623
5.1538
5.0928
5.0991
5.1048
5.2341
5.3469
4.8912
5.0118
5.1890
4.9065
4.8767
4.8597
5.1914
5.4393
4.7781
4.9793
5.3735
5.2537
5.3831
5.2011
5.2868
5.7022
5.8950
6.0125
5.6771
5.7149
5.4457
5.6925
4.9207
5.4719
5.3798
5.4295
4.8651
5.1815
5.3268
5.5789
5.3868
5.2762
5.3593
5.3213
5.0067
5.9451
5.3264
5.3262
5.6417
5.3972
5.4979
5.9211
5.5620
5.3912
5.3574
5.2553
5.3329
5.2448
5.6377
5.5153
5.5264
5.6313
5.5573
5.6852
5.7959
5.1474
5.2831
5.2699
5.5320
5.3211
5.4239
5.7384
5.8563
5.7285
6.2856
6.0400
5.9306
5.6126
5.3113
5.6349
5.6897
5.6601
5.5137
5.5900
5.7055
5.4761
5.4096
5.2767
5.6403
5.6830
5.8611
6.0195
5.8818
5.7623
6.1144
6.1665
6.0105
5.7134
5.5469
5.7725
5.9839
6.1990
6.0763
5.9238
5.6122
5.8157
5.9441
6.0024
6.4058
6.1016
6.1333
6.3830
5.9099
5.7620
6.0024
5.6050
6.1277
5.7224
5.4242
5.2366
5.4663
5.4881
5.2813
5.0531
5.1784
5.2597
5.2063
5.2843
5.1028
5.1303
5.4409
5.2529
5.5981
5.4364
5.4936
5.1373
5.0795
5.2764
5.2110
5.1046
5.2937
5.2461
5.1602
5.1464
5.6906
5.5163
5.1159
5.5336
5.4823
5.4816
5.1466
5.4010
5.5037
5.4769
5.7787
5.8279
5.6029
5.5338
5.7150
5.5302
5.6676
5.7545
5.9238
5.6878
4.8672
4.9166
4.9192
5.2637
5.2609
4.9802
5.1649
5.3890
5.3448
5.4620
5.4491
5.4492
5.5031
5.6036
6.1066
5.6613
5.6607
4.9443
5.0973
5.4738
5.1141
5.0480
5.5012
5.1654
5.1576
5.2473
4.9313
5.3521
5.3277
5.1482
5.1998
5.6121
5.3799
5.0746
5.3475
4.9595
5.0899
4.8936
4.7200
4.8125
5.0503
5.1484
4.9870
5.1628
4.8851
5.4550
5.3902
5.6842
6.1734
5.8143
5.9268
5.8405
5.7355
5.3290
5.6863
5.3256
5.4143
5.2652
5.4197
5.2721
5.2187
5.4212
4.6917
4.9028
4.7023
4.9047
4.8159
4.6694
4.8625
4.8521
4.5446
4.6427
4.9566
4.5714
4.6286
4.8686
5.3555
5.0530
5.1062
4.9574
4.4756
4.6689
4.5963
4.5879
4.7233
5.0293
5.0168
4.7883
4.6469
4.4114
4.4627
4.7085
4.1747
4.6623
4.9882
4.7098
4.7247
5.0023
4.9452
4.9153
4.7476
5.0278
4.3751
4.8168
4.7087
4.6859
4.7034
4.6918
4.2944
4.1023
4.5720
4.4904
4.7033
4.8655
4.7237
5.1449
5.0340
4.6899
4.9132
4.9463
6.0035
5.4400
5.5966
5.4195
5.3551
5.6690
5.1877
5.5667
5.1832
4.8556
4.9886
4.8092
5.1307
4.9946
5.1128
5.4167
5.5152
5.1972
5.2952
5.3604
5.2670
5.3555
5.4209
5.0379
4.9249
5.2328
5.4073
5.1137
5.2331
5.2110
5.2228
5.2043
5.2351
4.8861
5.0407
4.4470
4.5011
4.3907
4.4907
4.2864
4.3802
4.3435
4.8331
5.2398
5.2434
5.3752
5.1628
5.0305
5.3772
4.8316
4.9909
5.2910
4.7176
4.9490
4.9726
5.1077
5.2067
5.5165
5.2121
5.8733
5.5682
5.5883
5.9084
5.3833
5.5078
5.3350
5.5503
5.5315
5.0608
5.2913
5.0278
5.2628
5.1684
5.2808
5.3640
5.5989
5.2360
5.2020
5.1893
4.9020
5.0065
4.9914
5.3196
5.2777
5.0367
5.4157
5.4475
5.1224
5.4725
5.3367
4.7641
4.4694
5.0431
5.2299
5.2087
5.2959
5.4470
5.0572
5.2878
5.3239
5.3847
5.2858
5.1584
5.4469
5.5795
5.6227
5.6011
5.1923
5.7803
5.6454
5.7506
4.9033
4.7359
4.7189
4.9447
4.9788
5.4729
5.4489
5.3161
5.0189
5.3268
5.8291
6.0903
5.6054
6.0051
5.3778
5.2477
5.1639
5.0164
5.4588
5.4561
5.2312
5.5759
5.4812
5.7148
5.7076
5.2982
5.5173
5.1451
5.5255
5.4328
5.0652
5.2232
5.4181
5.2915
5.3780
5.9250
5.3166
4.9963
5.0540
5.0365
5.2960
5.0801
5.1387
5.2740
5.9315
5.8434
5.0382
5.8712
5.6394
5.3406
5.3661
5.1883
5.3400
4.6395
4.6524
4.7243
5.1901
5.4260
5.6140
5.4877
5.5599
5.4532
5.9623
5.6797
5.1192
4.9764
5.5947
5.1654
5.0930
5.2706
5.4518
5.4431
5.6759
5.9166
5.3196
5.7291
5.5842
5.5383
5.5145
5.8244
5.6563
5.7213
5.3776
5.7427
4.8680
4.8782
4.7554
4.7798
4.9336
4.9999
4.9633
5.1167
5.0809
5.3072
4.5328
4.3136
4.7933
5.1344
4.8640
5.1171
4.8795
4.9544
5.4923
5.1968
5.2716
5.7669
5.1406
5.3667
5.5895
5.8387
5.5006
5.1309
4.9449
5.2176
5.3140
5.0384
4.8129
4.7608
5.0388
5.0150
5.1135
4.7799
4.8997
4.8371
4.6453
4.7369
4.3260
4.2555
4.7014
4.6009
4.5318
5.0066
4.7932
4.8112
5.0082
4.9286
5.2205
5.5615
5.1179
5.0612
5.3330
5.6728
5.6123
4.9482
5.1966
5.1879
5.3411
5.5717
5.8483
5.8619
5.5678
6.1151
5.4767
5.1514
5.2745
5.5008
5.4310
5.2990
5.2512
4.8435
5.0706
5.2080
5.2021
6.0380
5.6087
5.4195
5.3700
5.4767
5.2912
5.4698
5.2910
5.4454
5.4037
5.5020
5.7507
5.5781
5.8805
5.7136
5.5950
5.6462
5.4883
5.3676
5.6751
5.9415
5.8943
5.5784
5.6506
5.5167
5.5288
6.0046
6.0241
5.7404
5.5666
5.3430
5.1146
5.4278
5.7274
5.6055
5.5051
5.5395
5.7337
5.3148
5.3325
5.4444
5.3589
5.8211
5.8379
6.1788
5.4116
5.3120
5.5237
5.9078
5.2067
5.5390
5.5130
5.6457
5.9928
5.9904
5.8307
5.8385
5.7806
5.9773
5.7591
5.8543
6.2425
6.1718
6.0276
6.2141
5.9641
5.7506
6.0067
6.0178
5.7844
5.7056
5.0620
5.2216
5.1449
4.9325
5.3538
5.5549
5.4998
5.3272
5.0196
5.0524
4.8510
4.7789
4.8474
5.2830
5.5662
5.0496
5.0637
5.6471
5.4308
5.4412
5.7311
5.3778
5.2112
5.4106
4.7314
4.8223
4.3942
4.6941
4.7076
5.0073
4.5366
4.7837
5.0233
5.2882
4.9664
4.6860
5.1490
5.1903
4.4878
4.7149
4.8984
5.1507
4.8726
4.5262
4.8369
4.9629
4.8744
5.2684
5.3718
5.3083
5.4042
5.2931
5.5824
5.2214
5.3791
5.3502
5.7037
5.5133
5.5300
5.2675
5.1879
5.0762
5.0547
5.1244
4.5954
4.8906
5.0918
5.3253
5.8250
6.1550
5.9260
5.8380
5.7465
5.5932
5.7285
5.8585
5.3735
5.9238
5.6524
5.1720
5.3721
4.8654
5.1889
5.2661
5.2033
5.2443
5.1649
5.7668
5.5198
5.3288
5.4798
5.6101
5.7915
5.6970
5.4073
5.5857
5.3195
5.5184
5.2255
5.0578
5.3323
5.3323
5.3686
5.5359
5.7877
5.3949
5.7499
5.6642
5.5991
5.8156
5.5542
5.2959
5.7860
5.4315
5.2114
5.2840
5.2169
5.5885
5.3939
6.0784
6.1747
6.1358
5.8415
5.9417
5.5497
5.9497
5.6585
5.3800
5.6940
5.7445
5.7826
5.8538
5.6114
5.7902
6.0308
6.1868
5.8166
5.6962
5.4696
5.4160
5.0177
5.0659
5.1182
5.2418
5.0455
5.3092
5.4609
5.8193
5.6165
5.6596
5.3708
5.6928
5.7720
5.3929
5.7036
6.1094
6.6909
6.0439
5.8544
5.3677
5.2154
5.3358
5.4669
5.7089
5.8518
6.0688
6.3920
6.3684
6.3164
6.1425
5.8578
5.6960
5.7387
5.9002
6.1644
6.6540
6.3950
6.2495
6.0029
6.0311
6.0244
5.8745
5.9926
5.7907
5.8448
5.7560
6.1213
5.8803
5.7829
5.5839
5.7829
6.0137
5.4188
5.2677
5.0739
5.1411
5.0768
5.4620
5.7256
6.3150
6.0168
5.9657
5.9622
6.5351
5.6108
5.4448
4.7666
4.8515
5.5250
5.3046
5.5662
5.6326
5.3369
5.0088
5.2105
5.1076
5.6528
5.6637
5.6526
5.8617
5.8436
5.5377
5.2192
5.2562
5.1992
5.4893
5.5985
5.2138
5.5328
5.3626
5.7174
5.9929
5.3905
5.5501
5.0032
5.0905
5.4814
5.3276
5.1231
5.1631
5.3252
5.5280
5.3593
5.5148
5.6609
5.5620
5.4992
5.3440
5.6582
5.1130
5.2134
5.1997
5.4994
5.3125
4.9426
5.2949
5.1598
5.2540
5.3688
5.2545
5.5475
5.7722
6.0487
5.9018
5.4081
5.5030
5.2577
5.2221
5.2460
4.9745
5.4330
5.6929
5.7778
5.5410
5.6617
5.7306
5.9867
5.3852
5.4672
5.2164
4.7925
4.9183
4.8977
4.5004
4.9445
4.7554
5.0997
4.8761
4.8313
5.2453
5.0628
5.0827
4.8506
5.0229
4.6788
4.6338
4.9392
4.8190
4.9552
4.7831
4.4827
4.6859
5.0319
4.8399
4.8988
4.7299
5.0512
5.1684
4.9346
4.9264
5.0490
4.8907
5.0357
4.8991
5.1704
5.2668
5.3804
5.2878
4.9461
5.0142
5.3053
5.6600
5.2937
5.2484
4.9217
4.6317
4.7413
5.0136
5.0680
4.9770
5.0494
4.8037
5.0670
4.8649
5.0128
5.0847
4.7575
4.8773
5.3306
5.4429
5.2912
5.9550
5.8102
5.6521
5.8770
6.2474
6.1603
6.2250
6.2929
5.5942
5.9205
5.6327
5.2228
5.4438
5.8277
5.9516
5.5548
5.3916
5.7959
5.6892
5.5907
4.9132
4.9425
5.1610
5.6788
5.6640
5.7306
6.0334
5.3113
5.6893
5.6967
5.8302
5.4670
5.1060
5.6752
5.8538
5.7687
5.9066
5.9250
5.9344
5.7844
6.4119
6.2602
6.1866
5.8140
5.0860
5.5262
5.3509
5.5214
5.5762
5.9894
5.8919
5.7860
5.8982
5.8611
5.5424
5.3258
5.4987
5.1213
5.2324
5.6107
6.1358
5.9655
5.8113
5.8086
5.9896
5.7505
6.2383
5.9466
5.7524
5.6122
5.7209
5.9327
5.3035
5.7748
5.6812
6.0537
6.0088
5.8810
5.8508
5.2989
4.8751
5.1574
5.6464
5.2002
5.3263
5.1960
5.1350
4.7633
4.8212
4.8309
4.8858
5.0508
5.1427
5.1755
5.3629
5.1976
5.2088
4.5829
4.9669
5.4060
5.6860
5.7842
5.1392
5.2245
5.5011
5.3228
5.0791
5.3766
5.0363
5.2350
5.2582
5.3428
5.0693
5.2029
5.2013
5.2213
5.5688
5.3152
5.3838
5.2929
5.6270
5.3059
5.5140
5.6191
5.4030
5.2297
5.5239
5.2872
5.7860
5.7943
5.8597
5.3795
5.4838
5.9408
5.9822
6.0629
5.3389
5.6412
5.6049
5.4000
5.3826
5.6719
5.7963
5.6120
4.9584
4.9276
5.3227
5.5405
5.2932
5.6342
4.8968
4.9486
4.9555
5.1581
4.8830
4.9021
5.1260
5.1589
5.3773
5.2950
5.5772
5.5483
5.4984
5.0861
5.2422
5.5874
5.2388
5.3184
5.3016
5.3346
5.3765
5.8014
5.6600
5.6265
5.6569
5.4421
5.5641
5.2413
5.7367
5.4951
5.6536
5.7410
6.2492
5.6232
6.0275
6.3804
6.2641
6.2186
5.5217
5.9287
5.9906
6.1953
5.6172
5.6090
6.0624
6.2546
6.4782
5.9857
6.5714
6.1511
5.7976
6.0267
5.5925
5.9654
6.4019
6.2752
5.5412
5.7286
5.8210
5.5378
5.8097
5.4640
5.1703
5.6083
5.7825
5.4873
5.3550
5.2707
5.6677
5.4464
5.8569
5.4864
5.4421
5.5122
5.5501
5.6930
5.4304
5.6959
5.6374
5.7344
5.4715
5.1595
4.9676
5.4078
5.1878
5.0711
5.3096
4.9067
5.0496
4.9047
5.1741
5.2317
5.2606
5.6989
5.7327
5.9043
6.0551
5.6658
5.4425
5.3995
5.1057
5.3177
5.3898
5.2312
5.4483
5.3987
5.4042
5.1978
5.2362
5.5613
5.2636
5.3605
5.5806
5.4231
5.2338
5.3282
5.0513
5.2475
5.4537
5.8066
5.7262
5.6931
5.4050
4.9229
5.3330
5.0564
5.3010
5.3488
5.3789
5.3297
5.8280
5.6000
4.9210
5.1698
5.0095
5.0504
5.2584
5.6509
5.2106
4.9001
5.2207
5.6248
5.5971
5.5870
5.5323
5.0087
5.3355
5.6239
5.5240
5.3275
5.0852
5.0903
5.2928
5.5107
5.7905
5.5603
5.5324
5.6289
5.3984
4.9200
5.2041
5.3168
5.0658
5.3302
5.2991
4.9055
4.9848
4.9604
5.1313
5.3487
5.1754
5.3891
4.6383
5.0046
5.0850
5.5570
5.0888
5.2114
5.3173
5.7174
5.5382
5.2394
5.1725
5.3415
5.0780
5.1746
5.1204
5.2566
5.4111
5.3144
5.0962
5.1312
5.2820
5.3768
5.1970
4.8963
5.4619
5.0868
5.0289
5.5524
5.4647
5.8775
5.9695
5.4640
5.4776
5.4783
5.3381
5.4641
5.0647
5.9945
5.7355
5.6505
5.4084
5.2433
5.4133
5.3558
5.2839
5.1613
5.0798
5.5557
5.1227
4.8461
4.7525
4.4915
4.7852
5.1007
4.7678
4.8553
4.6583
5.1746
5.3599
5.4441
5.1039
5.0351
5.1222
5.6526
5.2696
5.1581
5.0428
5.1751
5.5816
5.2460
5.5408
4.9199
5.5873
5.3214
5.3644
5.1688
5.3063
5.6083
5.6150
5.4220
5.9042
5.4566
5.4425
5.9714
6.0380
5.8380
5.6444
5.8137
5.4254
5.6194
5.4551
5.8311
5.9465
5.7527
5.1695
5.2181
5.9233
5.5150
5.6697
5.9035
5.7797
5.3950
5.4225
5.5052
5.7034
6.1960
6.3298
5.9277
5.1090
5.2476
5.0220
4.9493
5.4186
5.0435
5.3981
4.8524
5.0025
5.3747
5.5741
5.6298
5.1045
5.3332
5.0028
5.2594
5.1896
5.1113
5.2386
5.5656
5.2094
5.1984
5.5017
5.4581
5.2245
5.1398
5.1758
5.8090
5.8338
5.6465
5.9622
5.5557
5.5328
5.8295
5.6342
5.2476
5.7916
5.4034
5.5457
5.5247
5.1932
4.8191
5.6074
5.1194
5.0672
5.2507
5.1261
5.0740
5.7675
5.3665
5.2849
5.3333
5.2017
5.2986
5.4809
5.6653
5.9226
5.7487
5.8936
6.0663
6.0514
6.2191
5.8641
5.8849
6.0730
5.8918
6.2330
6.0843
5.7289
5.7398
5.9606
5.3967
5.2158
5.8091
5.4679
5.4680
5.4903
5.5454
5.8300
5.7720
5.6869
6.1165
6.0893
5.6522
6.0349
5.6562
5.8331
5.7813
5.9042
6.2527
5.7649
5.3341
5.2148
4.7357
4.9622
4.6769
4.5031
5.0122
5.2970
5.1571
5.0898
5.6133
5.1371
5.1586
5.2860
5.2865
5.1646
4.9237
4.8709
4.9456
5.2269
4.8969
4.8697
5.1993
5.1038
5.2302
5.1209
5.0570
5.3739
5.5174
5.4822
5.7465
5.6876
5.6961
5.1738
5.0434
5.5713
5.8358
5.4018
6.1784
5.6077
5.9269
5.6167
5.6682
5.8467
5.6289
5.5434
5.4373
5.8539
5.7143
5.3842
5.3298
5.9252
5.2778
5.3068
5.0294
5.0101
5.0519
5.1516
5.7674
5.1955
5.6586
5.6443
5.8437
5.8502
6.1001
5.3891
5.8879
5.8896
5.8866
5.5551
5.7514
5.6335
5.4269
5.3109
5.3951
5.4791
5.3427
5.6253
5.6701
5.4973
5.8808
5.2109
5.8409
5.3554
5.3039
5.2654
5.2846
5.0308
5.3995
5.4660
5.4987
5.2719
5.3302
5.2468
4.9994
4.9573
5.1332
4.9330
5.0702
5.1959
5.0485
5.1718
5.2007
5.4411
5.1657
5.0249
5.7141
4.9540
5.0938
5.0115
5.3628
5.6867
5.6974
5.4585
5.2027
5.7783
5.4453
5.3242
5.3960
5.3519
5.3497
5.5501
5.5925
5.1459
5.3936
5.4635
5.6396
5.2994
4.9441
5.5677
5.2169
5.3159
5.1194
4.8989
4.8386
5.0726
5.3140
4.9585
4.7718
5.2130
5.3979
5.0742
4.7711
4.8439
4.8850
4.5837
4.5086
4.6244
4.9145
5.3408
5.3892
5.1453
5.5475
5.0827
5.1060
5.4320
5.5606
5.2005
4.9608
5.7399
5.1770
5.1532
5.6781
5.2208
5.7434
5.4843
5.3008
5.4941
5.1703
5.1777
5.2622
5.2284
5.3994
5.4740
5.5154
5.2406
5.5148
5.7055
5.5893
5.2535
6.0763
5.9326
6.4169
5.7439
5.9306
5.6053
5.7540
5.8240
5.8992
5.6109
5.6010
5.5142
5.3344
5.8790
5.2599
5.9436
5.3862
5.5072
5.6561
5.4014
5.4263
5.4391
5.7564
5.3784
5.3729
5.3017
5.0240
5.0455
4.5985
4.7708
4.9903
5.1405
4.9074
5.3190
5.0785
5.4916
5.6782
5.5977
6.0183
5.4715
5.5352
5.7064
5.1076
5.1640
5.1874
4.9836
5.3511
5.5989
5.5712
5.4450
5.1788
5.2778
5.3206
5.6493
5.3553
5.4419
5.5886
5.4215
5.3261
5.5896
5.9163
5.5571
5.6113
5.4116
5.3475
5.0342
5.0955
5.3261
5.3025
5.2505
4.9853
5.6759
5.0440
4.8069
5.4632
5.1837
4.8734
4.8353
5.2328
5.1834
5.4955
5.6900
5.9902
5.7388
5.5241
5.8200
5.6072
5.3871
5.6533
5.7635
5.7042
5.5947
5.4388
5.5608
5.1582
5.2683
5.1916
5.0593
5.6452
5.4344
5.1751
5.1513
5.2893
5.1392
5.2603
5.7515
5.5858
5.7608
5.6117
4.6438
4.9511
5.0587
4.9258
5.4974
5.0078
5.0836
4.9069
4.9093
4.9229
4.9079
5.1320
5.2993
5.0802
5.0492
5.1893
5.1625
5.5363
5.5625
5.6929
5.5030
5.6812
5.3457
5.1937
5.5473
5.5084
5.4319
5.9035
6.0465
5.2908
5.6995
5.9093
5.4711
5.5217
5.4063
5.6342
5.5934
5.3613
5.4191
5.6604
5.7089
5.5923
5.4804
5.0899
4.9597
5.0289
5.1209
5.3538
5.5400
5.4480
5.4774
5.6646
5.4340
5.9073
6.0433
6.0051
5.8298
5.5764
5.7458
5.6950
5.8461
5.7775
5.2997
5.7883
5.6865
5.6182
5.7340
5.5548
5.5448
5.7919
5.7882
5.4890
5.1518
5.8379
5.5223
5.7674
5.8530
5.5151
5.6989
6.0013
5.1869
4.9563
4.5962
5.0233
5.0579
5.1447
5.1700
5.6310
5.3182
5.4104
5.2463
5.2741
5.6075
5.8920
5.9473
5.8320
5.6897
6.0815
5.8955
5.9040
5.8996
5.7040
6.1067
5.8963
6.2622
6.2379
6.1353
6.2000
5.7418
5.9027
5.5866
5.2904
5.7804
5.7121
5.7533
5.9209
5.5871
5.2718
5.6004
5.5307
5.5070
5.4528
5.2414
5.5256
5.2921
5.5878
5.6040
5.6190
5.6678
5.2850
5.3074
6.3896
6.1192
5.8855
5.4135
5.5185
5.6098
6.1178
5.3537
5.0758
5.5782
5.4823
5.5856
5.6362
5.7171
5.7935
5.6754
6.2876
5.8735
6.0201
6.3103
6.3425
5.9831
5.8044
5.7666
5.4719
5.1232
5.1993
5.2775
5.4075
5.1593
4.7546
4.9188
4.8322
4.5873
5.1696
5.0990
4.6615
5.0510
4.7880
5.1371
4.9246
4.8785
4.8380
4.7554
4.8517
4.6762
4.7201
5.1562
4.6183
4.7209
4.6645
4.6653
5.0214
4.7515
4.9536
5.0985
5.3190
5.2748
5.4624
5.0804
4.7674
4.9406
4.9804
4.8265
5.2413
4.9239
5.2021
5.2518
4.6763
5.0525
4.9413
5.3734
4.9424
4.9716
4.9454
5.0278
5.1523
5.1554
5.4129
5.1514
4.9348
5.2930
5.2830
5.5769
5.3511
4.6900
4.9567
5.1269
4.9308
4.8777
5.2358
5.0114
5.0175
5.0573
4.9145
4.8366
4.7274
4.9197
5.2508
5.2469
4.8083
5.1285
5.2156
4.9005
5.1887
4.7886
5.0346
4.8368
4.8423
4.7076
5.6458
5.3426
5.4256
5.3875
5.3324
5.3547
5.3329
5.0372
5.5903
5.5370
5.5301
5.6712
5.6883
5.2066
5.3214
4.9354
5.5854
5.2004
5.2288
5.5420
5.1266
4.9498
4.9099
5.3114
5.5398
5.6021
5.3961
5.3624
5.1520
5.5710
5.5997
5.6861
5.5551
5.0989
4.9312
5.1417
5.1458
5.5412
5.1580
4.9265
4.9543
5.0774
4.8501
5.0294
5.1472
4.9733
4.9424
4.4475
4.9615
4.9345
4.8696
5.6187
6.0004
5.9993
5.8968
5.6153
5.3166
5.6239
5.0879
5.0126
5.0891
5.1406
5.0526
5.3097
5.5933
5.3568
5.3774
5.2981
5.5735
5.3470
5.6538
5.5320
5.6621
5.6324
5.4960
5.9032
5.8090
5.7267
5.3557
5.5867
5.3560
5.4354
4.8844
4.8059
4.9887
5.3708
5.3864
4.8647
5.0849
5.0237
5.2389
5.3703
5.3762
5.1767
5.1199
5.1939
4.9652
5.0857
5.0993
5.2336
5.3077
5.2529
5.2562
5.2293
5.4063
5.3569
5.5507
5.3959
5.8656
5.7294
5.8584
5.4128
5.5042
5.6088
5.9477
5.4928
5.7018
5.2323
5.2785
5.4079
5.0622
5.1710
4.8141
5.1918
5.0662
4.7767
4.8954
5.1378
4.9784
4.9012
5.2912
4.6667
4.8271
4.9662
5.4077
5.7290
5.8812
5.8786
5.7594
5.4175
5.3365
5.1017
5.3280
5.3095
5.2949
5.5619
5.3322
5.4708
5.5368
5.2921
5.1812
5.2032
5.0555
5.0803
5.1067
5.2279
5.6230
5.6161
5.6579
6.0190
5.8742
5.7736
5.7163
5.8241
5.6949
5.3983
5.1592
5.3783
5.2729
5.2103
5.5070
5.4926
5.3682
5.7618
5.3403
5.4182
5.7262
5.4243
5.6542
5.7348
5.4433
5.5536
5.3177
5.4827
5.8247
5.3776
5.2605
5.2140
5.2241
5.8035
5.8356
5.7246
5.5131
5.3417
5.9165
5.8104
5.5216
5.1286
5.7954
5.6706
5.6239
5.9631
5.4693
5.8765
5.6788
5.2770
5.4038
5.0903
5.4769
5.8375
5.9016
5.7343
5.8815
6.1229
6.0345
5.7927
5.5485
5.3660
5.2158
5.1048
5.1396
5.1122
5.4474
5.2388
5.1393
5.0798
5.4917
5.2416
5.3477
5.1052
5.2242
5.2643
5.1465
5.1040
5.3888
5.3226
5.2841
4.9958
5.0268
4.7376
4.8548
4.6033
4.8259
4.4172
4.9860
4.9849
4.8334
4.8919
5.0651
5.3112
5.1948
5.0799
5.1179
5.4044
5.1431
5.3824
5.1637
5.3994
5.5013
5.4870
5.6005
5.8063
5.8660
5.6614
5.7109
5.9625
5.8650
5.6575
5.9893
5.7970
5.7410
5.5589
5.3073
5.6162
5.4665
5.4468
5.6843
5.3948
5.4762
5.7480
5.4887
5.7414
5.3283
5.4931
5.6602
6.0811
6.0635
5.6853
5.7046
6.2614
6.1788
5.8364
5.4061
5.2106
5.4990
5.4514
5.7851
5.8303
5.7759
6.0661
5.5493
5.6300
5.6667
5.7324
5.9422
5.8964
5.7183
5.3004
5.6760
5.9348
5.4001
5.4390
5.6499
5.1704
5.2655
5.7466
5.5907
5.3960
5.2743
5.6152
5.9463
5.5292
5.3621
5.4152
5.6560
5.5414
5.3108
5.6352
5.3433
5.4300
4.8333
5.1293
5.7059
5.5856
5.5994
5.0453
5.2699
4.9889
5.1559
5.0978
5.3469
4.9417
4.8158
4.9379
5.0209
4.9470
5.2059
5.0474
5.1011
4.8424
4.7662
4.7553
4.9249
5.0955
4.9586
4.8764
5.1344
5.0359
5.1280
4.9990
4.9177
4.9718
5.2734
5.2906
5.1170
5.7477
5.4045
5.5065
5.3287
5.5746
5.7123
5.3213
5.5458
5.4738
5.6099
5.5937
5.6233
5.8933
5.5008
5.8908
5.9217
5.9614
5.9772
5.5263
5.8868
5.8020
5.8025
5.9768
6.0362
5.7104
5.4363
5.4605
5.3416
5.6233
5.7023
5.7307
5.7695
6.0667
5.6983
6.2703
5.9588
5.8337
5.7671
5.5095
5.2833
5.6738
5.5170
4.9814
5.0880
5.2114
5.5039
5.1826
5.4969
5.3106
6.1882
5.4722
5.5380
5.5322
5.0967
5.0969
4.9563
5.1497
5.3288
5.1714
4.8209
5.1258
5.1325
5.0404
5.2216
5.1950
5.4997
5.2684
5.4820
5.6513
5.7587
5.5487
5.5455
5.5121
5.5176
5.4583
5.4912
5.5160
5.3885
5.3334
5.5889
5.7899
5.7407
5.8222
5.6307
5.4288
5.6356
5.2699
5.3094
5.4086
5.8764
5.9395
5.9446
5.7068
5.7971
5.5611
5.6859
5.9350
5.7763
5.5458
5.7382
5.6868
5.3813
5.3579
5.5689
5.9319
6.3494
6.2662
6.0721
5.9089
6.0981
6.5571
6.1361
5.9074
5.7392
5.7591
5.7546
6.1575
5.7626
5.7910
5.3637
5.4974
5.1846
5.3383
5.2243
5.5692
5.5040
5.6574
5.4944
5.5349
5.5312
5.5908
5.7904
6.0280
5.4571
5.4154
5.8420
5.1728
5.0179
4.6397
5.2734
5.3954
5.4659
5.3009
5.4462
5.8491
5.5308
5.5765
5.4479
5.8269
5.7708
5.7101
5.4195
5.2970
5.6205
5.6269
5.4885
5.8861
5.4401
5.6585
6.0160
5.7364
5.3315
5.2542
6.0479
5.8682
5.9518
6.0485
5.8896
5.5489
5.8263
5.8376
5.4769
5.6822
5.2993
5.3282
5.4910
5.6148
5.2340
5.4702
5.7783
5.3605
5.3066
5.1518
5.3425
5.5782
5.8259
5.4039
5.4482
5.2533
5.3469
5.9716
6.1266
5.9900
5.8267
5.4083
5.6067
5.6317
5.7120
5.4736
5.4781
5.3524
5.4031
5.3635
5.4410
5.8308
5.2795
5.6581
4.8212
4.6127
5.1744
5.4208
5.2045
5.3687
5.3389
5.4204
5.5029
5.0935
5.3757
4.8764
4.3561
4.8286
4.7667
4.8540
4.9280
4.9668
5.2730
5.4111
5.2472
5.0792
5.0280
5.7822
5.2743
5.0605
5.2272
5.5307
5.1831
5.2420
5.3223
4.8620
4.9518
4.9851
5.1498
5.0191
4.9306
4.7657
4.9067
5.0253
5.5595
5.4936
4.8061
4.9637
4.9630
5.0443
4.9034
4.7691
5.1541
5.0363
5.2964
4.5911
5.1032
5.0289
4.8836
5.0729
5.3415
5.2062
4.7661
4.7661
5.5809
5.5247
5.8469
5.7628
5.3919
5.5440
5.0113
5.4136
5.1118
5.3926
5.8887
5.9820
5.0904
5.2197
5.1775
4.9945
5.5303
5.2299
4.9010
4.8211
5.0954
4.9662
4.8991
5.6344
5.0899
5.1184
5.4261
5.1535
5.1877
5.3816
5.3053
5.2746
5.5422
5.7547
5.9426
5.8939
5.7848
5.9683
5.5001
5.8662
5.7305
5.9200
5.9363
6.0103
5.7724
5.5617
5.7522
5.7756
5.9760
5.6603
5.4524
5.4745
5.8502
5.6566
5.7966
5.6581
5.4379
5.3437
5.3668
5.3880
5.8303
5.9990
5.7659
5.6936
4.9883
5.3912
5.1620
5.6066
5.0002
5.1231
4.9711
5.0248
5.3220
5.2452
5.5921
5.0615
5.3723
5.6268
5.4631
5.3123
5.4290
5.0533
5.3883
5.3151
5.5621
5.6712
5.8707
6.1981
5.8506
5.2037
5.5542
5.5811
5.2878
5.3755
5.6360
5.3800
5.1314
5.5378
5.6662
5.9001
5.7441
5.4912
5.4857
5.6563
5.4368
5.6888
5.5200
5.7233
5.7103
5.6071
5.6085
5.0387
5.0116
5.5180
5.4666
5.7229
6.0605
5.8132
5.2336
5.4816
5.3421
5.5183
5.3161
5.6729
5.7490
5.7203
5.6718
5.4991
5.8597
5.8271
6.1138
5.9895
5.7330
6.0624
5.7147
5.9166
5.6278
5.6170
5.8499
5.8292
5.4893
5.8198
6.0978
6.3184
5.5273
5.8142
6.0949
6.1909
5.6114
5.7345
5.8679
5.7231
5.5556
5.9487
5.4489
5.7562
5.8164
5.6972
5.5773
5.7802
5.5187
5.4740
5.5096
5.6212
5.5763
5.7637
5.9137
5.8907
5.9486
5.7111
6.2422
5.8473
6.0265
5.2961
5.4433
5.0083
5.7158
5.4178
5.1923
5.2054
5.7836
5.8260
5.8450
5.5879
5.5965
5.8695
5.3820
5.6720
5.2777
5.7008
5.5895
5.5772
5.3058
5.8924
5.6365
5.3642
5.3841
5.6705
5.5055
5.7614
5.6026
5.6975
6.1036
5.6469
5.6151
5.8731
6.0699
5.5807
5.6640
5.3806
6.0851
5.8307
5.7553
6.0598
5.5452
5.5098
5.5736
5.7742
5.9664
5.6614
5.6986
5.7370
5.7075
5.9574
5.7855
5.9778
6.0487
6.3482
6.2182
6.5455
6.0769
5.8220
5.9665
6.0148
6.0085
6.1150
5.8918
6.4381
6.2228
6.6593
6.4531
6.0281
6.2353
5.9211
6.0027
5.9545
6.0762
5.8178
5.4922
5.8239
5.4266
5.6639
5.6297
5.9924
5.9182
5.6328
5.7873
5.5447
5.5939
5.6567
5.4457
5.7375
5.4525
5.8793
5.7684
5.5977
5.9420
5.2828
5.0987
5.2606
5.5759
5.4894
6.0357
5.4477
5.4256
5.2839
5.7566
5.6453
5.3298
4.7509
5.4574
5.3015
5.5549
5.2227
5.4255
5.8283
5.7282
5.3449
5.2481
5.2149
5.6042
5.8108
5.6656
5.0666
5.3364
5.7737
5.7917
5.6663
5.6678
5.6235
5.3458
5.5319
5.4369
5.6787
6.0924
6.0337
5.8262
5.6937
5.8539
5.9537
6.0758
5.3728
5.8971
6.3521
5.6314
6.1290
6.5706
6.6260
6.5839
6.4035
6.4350
5.8868
6.2634
6.4344
5.9968
5.8540
5.3363
5.6619
5.3512
5.9247
5.9187
6.3703
6.2263
5.8587
5.5668
5.9289
5.4617
5.6212
6.0657
6.4292
6.4803
6.5373
6.7227
5.9933
6.0408
5.6925
6.3181
6.1641
6.2311
5.7156
5.2838
5.5578
5.3232
5.5754
5.6596
5.5865
5.8015
5.7827
5.8536
5.9674
5.8831
5.8193
5.7607
6.1791
5.8935
5.8080
5.9342
5.9892
5.4302
5.2794
5.9879
5.5331
5.6202
5.7626
5.9397
5.1559
5.4051
5.2910
5.3715
5.7144
5.9552
5.6048
5.5157
5.5671
5.6382
5.5990
5.9328
5.1883
5.7908
5.4454
6.0516
6.0430
5.7418
5.2954
6.0192
6.0331
5.8279
5.9451
5.8145
5.7755
5.7204
5.9761
5.8580
6.0501
6.0816
6.0316
6.0049
6.4429
6.3531
5.9191
5.7164
5.9052
5.5465
5.4852
5.5135
5.7245
5.5752
5.9711
6.3869
6.4231
6.3738
6.0457
6.4245
6.3667
6.1291
6.8126
6.2987
6.3423
5.7574
5.9977
6.3404
6.0853
5.6459
6.2755
6.2732
6.0578
5.9588
5.5449
5.6493
5.7354
6.0133
5.7791
6.4333
6.3684
6.0460
6.2783
5.9645
6.2427
6.4680
7.0111
6.7419
6.6360
6.5259
6.5500
6.4916
6.2366
5.9832
5.9691
5.9404
5.7419
5.5489
5.6035
5.7807
5.3640
5.3196
5.7073
5.5083
5.3729
5.4261
5.2741
5.2958
5.3988
5.4656
5.4908
5.3063
5.7046
5.7648
5.6239
5.5865
5.6880
5.3687
5.5745
5.5761
5.4396
5.5574
5.7492
5.5781
5.4019
5.7784
5.3173
5.2444
6.0432
5.6632
5.3052
5.4658
5.4501
5.6800
5.1742
5.5722
6.0137
5.6000
5.4812
6.0021
6.0316
5.5137
5.4480
5.4221
5.4500
5.0546
5.1587
5.7221
5.1026
5.1126
5.5972
5.7344
5.6600
5.7563
5.5814
5.1945
5.5756
6.0171
6.0568
6.0393
5.3524
6.1780
5.7835
5.8002
6.2868
5.8995
5.7420
5.5575
5.2271
5.4583
5.7819
5.9210
5.9218
6.1225
5.9180
6.3029
5.9476
6.5969
6.0634
6.1686
5.5617
6.0621
5.8445
6.2450
6.4513
6.0857
5.8967
5.8497
5.6010
5.1504
5.2987
5.6135
5.3316
5.6077
5.8787
5.5849
5.6721
5.7558
5.5870
5.5099
5.6741
5.7947
5.5193
5.8242
5.9467
5.8626
5.5114
5.4780
5.2511
5.2694
5.6395
5.0659
5.6852
6.0695
6.3580
6.2579
6.3040
6.4244
6.6553
6.6227
6.1684
6.4279
5.8148
5.9268
5.9774
5.8919
5.7904
6.2476
6.3543
6.3630
6.1595
5.7668
6.5410
5.9499
5.7838
5.7332
6.0092
5.8183
5.8771
5.7782
5.4166
5.6635
5.4674
5.2406
5.3979
5.3637
5.7330
5.2127
5.3395
5.2384
4.9103
5.1869
4.9260
5.3760
4.9726
4.9591
4.8323
4.9959
5.5947
5.2889
5.4872
5.4501
5.4310
5.1554
4.9435
5.4984
5.4573
5.6816
5.2575
5.1030
5.2308
5.4231
5.4555
4.9189
5.3489
4.6777
5.0471
5.0794
5.1046
5.2511
5.0658
5.1651
5.5886
5.0907
5.4819
5.5505
5.2112
4.6957
5.0998
5.1965
5.4170
5.5223
5.1582
5.1738
5.4142
5.4449
5.5517
5.2478
5.2187
5.5137
5.5348
5.2909
5.3419
5.5892
5.2997
5.2938
6.0947
5.7311
5.3524
5.5677
5.7310
5.3844
5.6291
5.7673
5.3785
5.3870
5.3811
5.6429
5.5114
5.8506
5.8101
5.4015
5.4652
5.1972
5.4754
5.4562
5.4368
4.9845
4.9192
5.3108
5.3353
5.5245
5.7407
5.6505
5.5123
5.1488
5.1776
4.9684
5.1472
5.1492
4.8309
5.0279
5.3780
5.3055
5.5222
5.3241
5.2267
5.3819
5.4491
5.6645
5.4165
5.2661
5.2683
4.9933
5.1494
5.2691
5.1987
5.3827
5.0607
5.2974
5.5415
5.7347
5.7020
5.7739
6.1328
6.3029
5.5495
5.8343
6.1215
6.0050
5.9946
6.1106
5.7850
5.4557
5.1574
4.9875
5.5844
5.5977
5.3559
5.2726
6.0350
5.6412
4.9963
5.2055
5.3550
4.9518
5.1726
5.6240
5.3950
5.4631
5.0549
5.2485
5.5893
5.6784
5.4127
5.7904
5.6022
5.7292
5.5806
4.9389
5.3087
5.1398
5.1916
5.6626
5.2631
5.5742
5.3165
4.8956
5.2534
5.0098
4.9751
5.2680
5.5299
5.3451
5.3707
5.4237
5.0259
5.5385
5.4071
5.3887
4.9365
5.3495
5.5151
5.5406
5.4942
5.4411
4.9468
5.1183
5.1418
5.5905
5.2996
5.4643
5.2289
5.3749
4.8280
5.1992
5.0898
4.8476
4.6747
4.8188
4.9761
5.1511
5.2247
4.9227
4.9647
4.7675
4.6747
4.8218
4.7712
4.8954
4.6051
4.7679
4.8140
5.0944
4.9667
4.8800
4.9225
4.4034
4.4549
4.5200
5.0189
5.2408
5.0081
5.3776
5.4186
5.2882
5.2251
5.5037
5.5535
5.2013
5.2858
5.7586
5.8259
5.9564
5.6847
5.6664
5.9918
6.2212
5.5840
5.8548
5.6286
5.6076
5.7003
5.3068
5.6641
5.5933
5.8190
5.4466
5.3843
5.0616
5.1926
5.4362
5.4581
5.0342
4.9194
5.1156
5.2622
4.9675
5.0515
5.1179
5.0540
4.9458
5.1192
5.4123
5.1826
4.9853
5.0670
5.1925
5.4782
5.3575
5.3382
5.7694
5.4618
5.6269
5.6908
5.5617
5.8223
5.4265
5.3653
5.3316
5.5866
5.1793
5.5934
5.2623
5.4236
5.6280
5.4894
5.2364
5.0121
5.4149
5.1561
5.6035
5.9649
5.5610
5.9891
5.5363
5.4240
5.6731
5.3670
5.2661
5.2267
4.8607
5.4737
5.2476
5.5250
5.4000
5.5442
5.4701
5.6467
6.0545
6.1538
6.1880
6.1130
5.7041
5.4548
5.3394
5.3165
4.6500
4.7946
5.1129
5.6267
5.9234
6.1455
6.1082
5.7137
5.7115
5.9856
5.6220
5.8583
5.4409
5.5827
5.0893
5.4920
5.5634
5.3841
5.3889
5.2769
5.2681
5.2129
4.9715
5.0164
5.3546
5.4314
5.6196
5.8769
5.5351
5.6017
4.9635
5.3139
5.3465
5.4175
5.5113
5.2232
5.2069
5.8075
6.4466
6.0391
5.6093
5.5620
5.5038
5.4443
5.5063
5.8186
5.9019
5.5977
5.2287
5.7135
6.1036
6.1113
6.2615
5.5022
5.7420
6.0685
5.3782
5.5912
5.7646
5.6568
5.8513
5.5060
5.4477
5.3851
5.9151
5.7371
5.8393
5.8812
5.6232
5.2818
5.6475
5.8025
5.5077
5.7805
5.6151
5.2225
5.6439
5.4493
5.5243
5.5369
6.0469
5.9517
5.5995
5.5658
5.8436
5.5797
5.6542
5.5928
5.5816
5.9603
6.0395
5.2722
5.6366
5.2219
5.5336
5.4645
5.6175
5.7114
5.9115
5.3018
5.3031
5.3967
5.6403
5.6011
5.3297
5.3943
5.2931
5.2237
5.5597
5.5434
5.4672
5.3358
5.1289
5.2455
5.7493
5.3513
5.2867
5.4273
5.7574
5.9985
5.8373
5.8079
5.7310
5.8525
5.8803
5.6610
5.9021
5.7025
5.6035
5.7335
5.7019
5.9635
5.7171
5.8124
5.8902
5.7138
5.6580
5.7047
5.9828
5.9614
6.0670
5.9506
6.0708
6.3147
6.0494
6.4137
6.5574
6.0702
6.3132
6.3722
6.1227
6.0282
6.1655
6.0960
6.3340
5.8618
5.8417
5.8546
6.1142
6.3871
6.3380
6.3331
6.2753
6.3973
5.9161
6.1591
5.4663
5.4798
5.7277
5.6478
6.6356
6.5034
6.2490
5.6060
5.6599
5.6191
5.5094
5.8139
5.7913
6.0157
5.8588
5.5816
5.8352
5.7832
5.6268
5.5624
5.8944
6.1437
5.5677
5.7354
6.2440
6.1487
6.4573
5.9795
6.1179
5.9024
5.5872
5.9624
6.2391
6.7111
6.2528
6.2799
6.1103
6.2640
6.0493
6.2609
6.3987
5.9846
5.7986
5.4135
5.6058
5.7566
5.8810
6.3318
6.1328
5.6509
5.4456
5.7826
5.4608
6.0426
5.6687
5.8511
6.1251
5.9096
6.4158
6.2010
6.2606
6.2823
6.0724
6.0171
5.8702
5.8396
6.2666
5.9836
5.9523
6.0630
6.0310
5.9630
6.1619
6.1578
6.2358
6.8540
6.1368
6.3123
6.1034
5.9873
6.2275
6.3313
6.7796
6.4089
5.8446
6.2849
6.3234
6.0709
6.2378
6.0789
6.3470
5.9295
6.1508
6.3320
6.2460
6.2546
6.6738
6.3090
5.9988
6.4641
5.8152
5.5467
5.2288
5.6209
5.6051
5.9725
5.3667
5.6996
6.0711
6.2029
5.7443
5.9431
6.1528
6.2653
6.0216
6.0276
6.2417
5.8996
5.7016
5.3041
5.7591
5.6825
5.4072
5.4350
5.6595
5.7535
5.8199
4.9686
4.8225
4.7310
5.3516
5.2820
5.1994
5.2964
5.2328
5.4736
5.2527
5.2086
5.0000
4.9527
5.2356
5.1916
4.9721
5.1025
5.3164
5.2292
5.4729
5.7058
5.4236
5.1488
4.8684
5.1386
5.1133
4.9716
4.7031
4.5799
4.9479
5.0014
5.2956
5.2136
4.6185
4.9416
5.0129
5.5018
5.6456
5.2900
5.6110
4.8319
4.8028
5.2816
4.9016
5.2573
4.8414
5.1514
4.9026
5.1429
5.2458
5.5155
6.1150
6.0139
5.6213
5.2726
5.3996
5.6680
5.4141
5.0016
5.4386
5.5004
5.2972
5.4498
5.3425
5.5763
5.1373
5.1692
5.4258
5.1475
5.2566
5.1117
5.2742
5.1660
4.9259
4.8954
5.4937
5.6572
5.3250
6.1563
5.7679
5.4624
5.4958
5.3320
5.7904
5.6892
5.6074
5.7161
5.2239
5.5401
5.7199
5.7641
5.6935
5.4407
5.5232
5.8485
5.7382
5.7007
6.0899
5.7156
5.4294
6.0855
5.2869
5.5445
5.8855
6.0104
5.3941
5.7612
5.4701
5.8724
5.5882
5.2922
5.7170
5.9256
5.5756
6.3843
6.1718
6.0755
5.8028
5.8161
5.7644
6.0744
6.1344
5.8781
6.2545
5.3502
5.4700
5.5382
5.5531
5.2670
5.5453
5.5008
5.8916
6.0917
5.8422
5.3272
5.3603
5.1485
5.7042
5.7736
5.8675
5.9640
5.9521
5.7056
6.1678
6.0777
5.8078
5.3686
5.8358
5.4632
5.8793
5.4205
5.3478
5.4707
5.8551
6.2014
6.2141
5.8183
5.5642
5.4772
5.3786
5.2562
5.5830
5.6476
5.0775
5.4149
5.3132
4.8450
5.4884
5.4633
5.3566
5.2406
5.3848
5.2509
5.3436
5.2841
5.6634
5.6732
6.1511
6.1728
5.9116
6.0040
5.7569
5.4354
5.6592
6.2326
5.9006
5.4452
5.3640
5.5120
5.3756
5.5185
5.3178
5.9412
5.9362
5.9631
5.9614
5.5255
5.5220
5.9581
5.5628
5.4890
5.7337
5.5372
5.8335
5.6574
5.7116
5.5772
6.1539
6.3101
5.7690
5.8171
5.3202
5.3028
5.7736
5.9343
5.5359
5.5811
5.2809
5.1208
4.8664
5.1580
5.4047
5.5611
5.7094
5.9875
6.2452
5.8198
5.6868
6.1212
5.7699
6.1939
5.8718
5.7625
6.0969
6.1292
6.1517
6.2137
6.5428
6.4067
6.1875
6.3106
6.4868
6.2220
6.3299
5.9911
5.7658
6.4707
6.6273
6.1659
6.2423
5.8966
5.6980
5.2900
5.5838
5.1738
5.2509
5.6496
5.7283
5.7281
6.0491
6.6665
5.9868
6.1281
6.1504
5.9840
6.0235
6.0320
5.7059
5.9316
5.6990
5.7137
6.1541
6.0256
5.7929
5.5953
5.2846
5.3816
5.8189
5.8544
5.5447
6.0431
6.4407
5.6868
5.7442
5.9421
5.4053
5.7617
6.2028
5.8243
5.5224
6.2624
6.3217
6.5108
6.5589
6.3258
6.1155
6.3234
5.9929
5.8800
5.8077
6.2362
5.8471
5.5905
5.5435
5.4102
5.6908
5.3937
4.9767
5.3749
5.3888
5.3217
5.2557
5.6703
5.5730
5.1024
5.1924
5.2937
5.1496
5.0778
5.0456
5.2380
4.9784
5.2501
5.6476
5.9208
5.5657
5.3493
5.3721
5.2325
5.3524
5.5448
4.9913
5.1701
5.5850
5.7093
6.0561
5.8595
5.9014
5.6343
5.8920
6.0476
6.1468
6.3716
6.0335
6.4065
6.4713
6.3815
5.8750
6.1237
6.1650
5.7805
6.2325
6.0044
5.7364
5.6522
5.6587
5.9700
6.1080
6.1173
6.0783
6.7594
5.9721
6.0828
5.9150
6.0755
5.8390
5.8087
5.6657
5.8712
6.2742
5.7089
5.7868
5.8054
6.0535
5.6409
5.6323
5.7177
5.7007
5.5320
5.9618
5.3889
5.5038
6.0743
6.1596
5.9965
5.6913
5.6396
5.5996
5.1131
5.6041
5.3177
5.2904
5.1860
5.0971
5.5458
5.3541
5.3208
5.5404
5.7595
5.7187
5.4336
5.2878
5.5458
5.5661
6.3310
5.6832
5.9238
5.5050
5.5015
5.7523
5.4807
5.9270
5.7931
5.6931
5.7402
6.0979
5.9227
5.3293
5.3527
6.0480
6.3817
6.8492
6.1821
6.3765
6.1735
5.7242
6.1874
5.6411
6.0703
5.8686
5.9256
6.0019
6.3304
5.7481
5.3517
5.6055
5.3516
5.4684
5.1539
5.3298
5.5757
5.8647
6.1876
6.1114
5.9406
5.7759
5.6253
5.8081
6.3197
5.8520
6.3515
6.0757
5.5467
5.4187
5.7248
5.7861
5.8467
5.6755
5.5615
5.2892
5.4070
5.8165
5.7358
5.8789
5.4041
5.6208
5.5215
5.2182
5.2541
5.1609
5.0791
5.1360
5.1927
4.8723
4.8406
5.4432
5.2467
5.6661
5.7374
5.6820
5.7869
6.0450
5.4389
5.3454
5.5332
5.7381
5.5953
6.0963
5.3928
5.4746
5.4620
5.5097
5.3222
5.6439
5.9760
5.5990
5.5249
4.8416
5.4193
5.2025
5.1566
5.0306
4.8673
5.6526
5.8581
5.8394
6.2423
5.9465
6.1536
6.0386
5.7939
5.4423
5.9685
5.5374
5.8422
5.7488
5.8476
5.2641
5.6253
6.1663
6.1873
5.7254
5.5252
5.1771
5.1430
5.0953
5.5262
5.8904
5.3650
5.6531
5.6633
5.7771
5.8832
5.4519
5.7780
5.8870
6.0959
5.9575
5.5636
5.8092
6.1238
5.6501
5.8609
5.5798
5.4875
5.5985
5.6081
6.1254
6.1091
6.3620
6.3212
6.3203
6.0405
6.1503
6.1944
6.5053
6.0231
6.0231
5.9844
5.7010
5.2319
5.3051
5.8823
5.5175
5.7173
5.7813
5.6338
5.2646
5.9594
6.1122
5.9702
5.8195
5.3890
5.5588
5.4522
5.2454
5.2129
5.6880
5.2890
5.1840
5.4562
5.1813
5.7300
5.4352
5.4792
5.7172
5.6056
5.5636
5.5797
5.5552
5.5721
6.0814
5.5581
5.5855
6.1274
5.7599
5.7170
5.8256
5.7487
5.7111
6.0963
5.7332
5.7730
5.7884
5.8637
6.2068
5.9601
5.8479
5.8293
6.0110
5.8731
6.0042
5.9753
5.7007
5.6547
5.6951
5.8902
5.3961
5.5391
6.0895
6.4500
6.7857
6.5820
6.5156
6.4109
6.4366
6.2506
6.3332
6.0385
5.8075
5.9204
6.1025
5.9574
5.9043
5.6846
5.8670
5.9710
5.6855
5.5968
5.5946
5.7836
5.6967
5.3266
5.6163
6.1204
5.8038
5.3738
4.8644
5.1927
5.6270
5.6109
5.8990
5.6734
5.9087
5.8990
6.0043
5.4946
5.6637
5.8823
6.0157
6.0125
5.8095
5.4050
5.6857
6.4035
6.0750
6.2052
6.1111
5.4114
5.1459
5.6274
5.2706
5.7638
6.0246
6.2689
6.2639
6.2984
6.4361
6.0229
6.0044
5.9297
6.3776
6.3570
6.1195
5.7706
5.3249
5.9998
5.9173
5.3451
5.5027
5.5292
5.1673
5.3384
5.4545
5.6508
5.3382
5.3796
5.6266
5.7196
5.7090
5.8992
5.5266
5.7860
5.8179
5.3813
5.1387
5.6294
5.5815
5.2094
5.7913
5.7688
5.8534
5.8925
5.8673
6.1227
5.7000
5.5754
6.2388
5.8445
5.8979
6.0958
5.7686
6.3839
6.3642
6.0774
6.1314
5.6101
5.7163
5.5368
6.0341
5.9707
5.5775
5.6868
5.6019
5.7673
6.1171
5.8622
5.9158
6.0468
5.1374
5.1151
5.3920
5.3739
5.5410
5.9100
5.8376
5.7772
5.8362
6.6289
6.5894
6.7459
7.1206
6.6520
6.2943
6.5702
6.6498
6.5933
6.5517
6.0518
5.9108
5.7629
5.8719
6.3763
6.3224
6.2904
6.3568
6.3876
6.1230
6.1376
6.0998
6.1865
6.6043
6.6401
6.5298
6.2952
6.4973
6.2655
6.2333
6.7345
6.6163
7.0828
6.9278
6.7585
6.4636
6.6143
6.1701
6.1719
5.8551
5.9377
6.3111
6.8117
6.8551
6.4804
6.7470
6.9029
7.4927
7.1260
6.5670
6.4323
6.3435
6.3388
6.0647
6.1150
6.2662
6.3394
6.4467
6.3003
5.7496
5.7876
5.7242
5.7983
5.7746
5.7765
6.0535
6.0760
5.7011
5.6989
5.8171
5.7531
5.8728
5.8012
5.8310
5.7582
5.8389
5.5092
5.2502
5.8673
5.4049
5.3059
5.1929
5.3492
5.5672
5.8025
5.6732
5.6930
5.9422
6.5835
6.8226
7.2700
7.0176
6.4043
6.6665
6.3959
6.4540
6.5511
6.5761
6.1328
5.9782
6.3403
5.9106
6.0200
5.8185
5.8791
6.2487
5.8401
5.5692
5.5360
5.6737
5.5414
5.8329
5.5033
5.5732
5.2864
5.3465
5.1612
5.7891
5.8720
5.7530
5.9304
6.4239
6.1895
6.2909
5.5982
6.2861
5.9889
6.0573
5.3736
5.8772
6.1302
5.9227
5.5398
5.4550
5.7919
5.6891
5.1967
5.2450
5.2408
5.8448
6.0161
5.7722
5.5100
5.5367
5.6881
5.9962
5.7859
6.2944
5.9389
6.2992
6.2060
6.2766
5.6157
6.0001
6.1149
6.0588
5.8863
6.2495
6.2148
5.9050
5.8910
6.2437
5.8381
5.7782
6.0177
6.4481
6.4794
6.7308
6.4198
6.1244
5.5404
5.7453
5.9907
5.8008
5.9036
5.9989
6.0791
6.0253
5.8977
5.6367
5.6395
5.8487
6.1771
6.0582
5.9832
6.2105
6.0479
5.6116
5.7540
5.5450
5.9195
5.8642
5.9910
6.0413
5.7292
6.4381
6.3464
6.0835
5.9071
5.5334
5.6346
5.5600
5.8552
6.4869
6.7230
6.8954
6.5498
6.3217
6.5114
6.5194
6.2426
5.8713
5.6924
6.0193
5.8726
5.4539
5.8492
5.8671
5.7197
5.5387
5.7486
5.7231
5.5204
6.2717
6.5002
6.3642
6.5280
6.5378
6.4850
6.5387
6.2143
6.1335
6.1733
6.3822
6.0279
6.5590
6.2485
5.9149
5.9700
6.4476
6.0135
5.8395
5.5537
5.4549
5.6522
5.9452
6.1384
5.7966
5.5374
5.6330
5.7808
5.8507
5.7942
5.4459
5.2186
5.6365
5.8860
5.9199
6.1136
6.4170
6.0934
6.2942
6.1410
6.8184
6.7013
6.2398
6.3949
6.0190
6.2222
5.7282
5.2914
5.8813
5.8389
5.8396
5.5187
6.0240
5.9386
5.6532
5.7509
5.5245
5.8641
5.1600
5.5162
5.4253
5.4611
5.4534
5.1014
5.2807
5.3943
5.7402
6.0589
6.1520
6.0666
5.7791
5.5404
5.5404
5.1713
5.4383
5.6258
5.6098
5.4392
5.6146
5.4649
5.6095
5.6644
5.4241
5.0285
5.0843
5.4433
5.6328
6.0351
5.6798
5.2999
5.2443
5.6943
6.3011
6.4127
6.8264
6.7779
6.4589
6.2519
6.1508
6.0745
5.9582
5.9972
6.3333
6.0262
6.3695
6.1598
6.2708
6.0493
5.5602
5.5792
5.3985
5.2570
5.8703
5.9799
5.7037
5.6049
5.0759
5.6535
5.2479
5.6431
5.7059
5.4015
5.5918
4.9541
5.5531
5.8368
5.8034
5.9231
5.8747
5.7578
5.6001
5.8214
5.9081
5.6852
5.7104
5.9382
5.8168
5.7917
5.8792
6.4468
6.0000
5.7784
5.7362
5.6817
5.7539
5.7003
5.7688
6.1787
5.5530
5.4750
6.1746
6.1666
5.9366
5.7273
5.7307
5.6320
5.7566
5.6342
5.6054
5.7756
5.4885
5.5462
5.3999
5.6345
5.3391
5.6177
5.5998
5.9140
5.4259
5.5425
5.1658
5.4538
5.4066
5.5285
4.7078
4.9895
5.3923
4.9456
5.4301
5.3267
5.2167
5.4040
5.5337
5.9771
5.5099
5.9026
6.3789
5.8658
5.8074
5.9042
5.6651
5.7797
5.6594
5.5438
5.4861
5.2832
5.7753
6.1098
6.1520
6.1767
5.6686
5.6763
6.0214
5.8542
5.9789
5.6957
5.6637
5.6701
6.0673
6.1979
5.9177
5.7115
6.0885
6.0138
5.8224
5.6691
5.7250
5.7172
5.7495
5.6991
5.7147
5.4390
5.5715
5.1738
5.7849
5.8703
5.8082
5.7909
5.9418
5.7453
5.8117
5.6212
6.2257
5.3744
5.3402
5.5552
5.7670
5.7817
5.7273
5.3981
5.3908
5.0221
5.0822
5.1652
5.0524
4.8873
5.4579
5.1838
4.9088
5.4655
5.2295
5.1451
5.3018
5.1103
6.1201
4.8892
5.4766
5.1757
4.9233
5.3627
5.3090
5.1603
5.2102
4.8584
5.2793
5.9262
5.3426
5.2840
5.1174
5.3776
5.0927
5.5389
5.4066
5.2589
4.8602
5.3560
5.5227
5.5471
5.4425
5.0994
5.2886
5.1851
5.2912
4.8781
4.8541
5.5514
6.1844
5.6695
5.7127
5.6768
5.7635
5.7139
5.9598
5.5943
5.2139
5.1975
5.4766
5.4775
5.3269
4.5837
5.2532
4.9920
5.2130
5.3907
5.4272
5.5291
5.8091
6.0129
6.1382
6.8075
6.3087
5.9454
5.9276
5.7128
5.4195
5.2512
5.2747
5.5358
5.6131
5.5717
5.5436
5.2997
5.5987
6.3226
5.5201
6.0463
5.6679
5.5255
4.8044
4.9912
5.0456
5.1749
5.0422
5.0108
5.2993
4.9466
5.4366
4.8379
5.0122
4.9118
4.5973
4.4489
4.6110
5.0670
5.6009
5.2751
5.5799
5.4754
5.3529
5.0537
5.1821
5.1384
5.5680
5.1735
5.4811
5.3586
5.1728
5.4794
5.6316
5.7970
5.2759
5.8036
5.7806
5.8377
6.0611
5.5063
6.1249
5.5859
5.7377
5.8521
5.5295
5.3217
5.4497
5.6116
5.5329
5.6631
5.8296
5.4914
5.4997
5.4462
5.5532
5.3261
5.6762
5.4163
5.2208
5.1950
5.2845
5.1144
5.1199
5.5728
5.5381
5.5205
5.4482
5.1675
5.4653
5.4587
5.3094
5.8210
5.5010
5.6257
5.4393
5.2809
5.6438
6.2494
5.8599
5.9741
5.9951
5.9074
5.5838
5.6343
5.5582
5.1976
5.8275
5.6350
5.4455
5.2391
5.2817
5.4441
5.3700
5.4871
5.3502
5.2337
5.3850
5.1151
4.7819
5.1999
4.8676
5.1198
5.2815
5.7382
5.6863
5.4199
5.2218
5.6515
5.5091
5.2753
4.8148
5.0530
4.8520
5.0905
5.4609
5.6403
5.0879
5.6854
5.7793
5.9927
5.7539
5.7932
6.0602
5.4847
5.2366
5.1992
4.8150
4.9834
5.2492
5.3346
5.5341
5.6978
5.5745
5.4553
5.8795
5.9874
6.2355
5.8880
5.4551
4.8799
4.9852
5.0091
5.1239
5.0773
5.1530
5.1768
5.3909
5.4985
5.0024
5.1483
5.2691
5.5443
5.6028
5.6168
5.7065
5.4695
5.4518
5.2889
5.3284
5.4669
5.0815
4.9909
4.9405
5.4434
5.2476
5.4293
5.6061
5.4087
5.4260
5.4427
5.8934
5.3832
5.9912
6.0352
5.4772
5.2511
5.0365
5.2255
5.5427
5.2830
5.4158
5.3290
5.2461
5.7589
5.4790
5.4413
5.5866
5.3722
5.4224
5.4986
5.8488
5.4431
5.3860
5.4245
5.4311
5.4494
5.2549
5.1220
5.0741
5.6184
5.3623
5.6349
5.6888
5.4183
5.1978
5.6018
5.7102
5.6581
5.9737
5.8313
5.2673
5.3877
5.4257
5.6656
5.6358
5.0926
5.4478
5.9380
5.7268
5.3737
5.5327
5.8011
5.7262
5.5191
5.3247
5.8547
5.4650
5.7145
6.0555
6.1833
5.6640
5.6524
5.6514
5.2964
5.8348
5.7620
5.7162
5.4209
5.3335
5.0961
4.5506
4.5410
5.1087
5.0092
4.6261
4.5896
4.6564
4.6073
4.8902
4.7753
5.1418
5.5024
5.0023
5.0967
4.9223
4.8821
4.9137
5.2039
5.0721
5.3957
4.8904
5.1954
4.8687
4.6748
4.6596
4.5764
4.9664
4.5612
4.5375
4.8346
4.8151
5.1669
5.0034
5.3283
5.0217
5.3673
5.3151
5.5511
5.0297
5.3965
5.5908
6.0323
5.9730
5.4661
5.6411
5.5311
5.5513
5.3510
5.5290
5.3874
5.4369
5.3027
5.2495
5.3226
5.8711
5.9906
5.9127
5.6831
5.4289
5.4370
5.5228
5.3096
5.6395
5.4057
5.6037
5.4582
5.6558
6.3225
6.0797
5.3529
5.5364
5.5527
5.5440
5.4890
5.8782
5.5530
5.2928
5.4427
5.1811
5.5320
5.5841
5.3060
5.7675
5.5589
5.7619
5.5885
5.7501
6.0005
5.9840
6.1555
5.9188
6.0449
5.9006
5.4219
5.4385
5.8928
6.3179
5.4243
5.0720
5.1892
5.1656
5.1772
5.3310
5.4299
5.4655
5.0195
5.0634
5.6479
5.3729
5.3198
5.7044
6.0451
5.7383
5.7662
5.7247
5.5266
5.7158
5.4109
5.2879
5.4697
5.3799
5.4542
5.9337
5.3299
5.2932
5.5349
6.2062
5.8763
5.7931
5.6774
5.5633
5.6241
5.5839
5.8271
5.7201
5.7552
5.6158
5.6895
5.5631
5.0766
5.1685
5.4072
5.1615
5.2060
5.1022
5.1059
5.4562
5.4774
4.6353
4.9248
5.0716
5.1321
5.1095
4.9768
5.2438
5.5641
5.5805
5.3394
5.4363
5.6153
5.3473
5.5719
5.5882
5.9009
5.6918
5.8517
5.5327
5.2281
5.5269
5.4197
5.4558
5.3435
5.4104
5.1559
5.4078
5.1030
5.6245
5.6503
5.7490
5.7998
5.8410
5.6051
5.8674
5.6852
5.4834
5.6035
6.0679
5.9171
5.7579
5.9700
6.1233
5.7322
5.9810
5.8177
6.0024
5.6957
5.6969
5.2769
6.0052
5.4548
5.0217
5.2549
5.4359
5.5120
5.8437
5.4259
5.6382
5.6435
5.3970
5.9682
5.5363
5.4880
5.9990
5.6296
5.4663
5.3475
5.5039
5.3886
5.6618
5.9398
5.5416
5.4325
5.4105
5.4562
5.2787
4.9459
5.3469
5.4862
5.6575
4.9508
4.9324
5.0803
5.2136
4.9820
5.4274
5.2029
5.0361
5.2788
5.1706
4.9231
4.9087
5.3589
5.2114
4.9663
5.2663
5.2661
4.9923
5.1639
4.8161
4.9643
5.0475
5.3256
4.8591
5.0705
5.3177
5.1504
5.2599
5.1702
5.3964
5.3485
4.8486
5.2883
5.0697
4.9627
5.2704
5.6399
5.7992
5.6207
5.7723
5.7777
6.1673
5.7416
5.7010
5.5665
5.8594
5.6532
5.7435
5.4654
5.1470
5.6100
5.6810
5.5298
5.7053
5.9987
6.1035
5.8449
5.6965
6.1682
5.7905
5.5795
5.2042
5.8747
5.7035
6.0034
5.1430
5.5748
5.2840
5.6209
5.2124
5.7543
5.3266
5.6069
5.4456
5.5381
5.4234
5.5236
5.6959
6.0700
5.8322
5.7155
5.7729
5.5543
5.8772
5.8636
5.3332
5.5893
5.4503
5.3197
5.4760
5.8768
5.8133
5.2033
5.7060
5.8209
6.1315
5.8778
5.9022
5.7322
5.9070
5.9245
5.8708
5.9325
5.8905
5.9648
6.1261
6.0325
6.1786
5.8956
5.7537
6.1746
5.8666
6.1082
6.0948
5.9717
5.5784
5.6469
5.6447
5.1991
5.3491
5.5422
5.8445
6.7184
5.9062
5.8298
5.9875
5.4761
5.2332
5.1666
5.1180
5.4993
5.6215
5.5733
5.2215
5.0148
5.1420
5.4482
5.0808
5.0917
5.1283
5.1627
5.2513
4.7253
5.1507
5.1009
5.3424
5.3010
5.3936
5.6773
5.1913
5.1006
5.7159
5.7924
5.6403
5.4062
5.7145
5.3483
5.8392
6.2258
5.4737
5.2730
5.3520
5.8501
5.2585
5.4694
5.5956
5.4407
5.9541
5.8547
5.9528
5.8199
5.3948
5.8562
5.4452
5.3640
5.7706
5.5846
5.2360
5.7378
5.4365
5.3834
5.1340
5.4213
5.6065
5.5407
5.0667
5.4965
5.4300
5.4962
5.4771
5.6978
5.7154
5.6395
5.5040
5.5642
5.5410
5.4289
5.4128
5.9179
5.3387
5.4763
5.4546
5.5212
4.9955
5.4013
5.2310
5.6843
5.8114
5.7263
5.8294
5.4219
5.8534
5.7410
5.8134
5.7630
6.4161
6.2915
6.0168
5.4889
5.1767
5.8288
5.7858
5.8122
5.9088
5.8655
5.5936
5.3547
5.4957
5.1459
5.3591
5.6666
5.7175
5.5034
6.2199
6.4383
6.7460
6.4967
5.9732
6.1630
5.3945
5.8445
5.8609
5.6506
5.8963
5.6806
5.8621
6.1217
5.9373
6.3496
6.4969
6.1365
6.2782
6.3946
6.0797
6.5053
6.1098
6.3356
6.2228
5.9282
5.8639
5.8880
5.4651
5.5897
6.1778
5.9391
5.9947
5.9936
5.6245
5.9393
6.2074
5.7555
5.7013
5.4781
5.8454
5.6111
5.7753
5.2281
6.3577
6.0410
6.4905
5.9513
5.7908
5.5926
5.4636
5.5344
5.8600
6.3315
6.4140
5.8278
6.0980
6.2837
6.0638
6.1419
5.9523
5.7763
6.0574
6.1222
6.6215
6.5411
6.5676
6.1237
5.8108
5.9473
5.7116
6.2176
6.0058
5.9270
6.0381
5.7478
5.8872
6.1517
6.3188
5.8957
5.6300
5.4188
6.0966
6.2225
6.0916
6.1117
6.0842
6.4366
6.2158
6.3016
6.6366
7.0902
6.4927
6.3764
5.9847
5.9129
5.8480
5.3799
6.2686
6.0687
5.9502
6.1090
5.8046
5.3120
5.4471
5.6906
5.5597
6.3250
6.2891
6.2718
5.8105
5.4967
5.6799
5.6714
5.6415
5.4877
5.2082
5.4674
5.4401
5.2238
5.9592
5.6209
5.5267
5.4840
5.6236
5.9523
5.8385
5.4319
5.5015
5.6308
5.2990
4.9767
5.1459
5.3842
5.2170
5.1960
5.5938
6.2317
5.8368
5.8790
5.6657
6.0843
6.0043
6.2867
6.3489
6.1976
6.6909
6.2215
6.4952
5.9507
6.0328
6.0643
5.9539
5.7520
6.3890
6.2599
6.0416
6.0990
5.9986
5.9548
6.1178
5.6998
5.2899
5.7066
5.8056
5.3658
5.4389
5.5883
5.2265
4.9463
5.2342
5.3658
5.4292
5.5682
5.1744
5.2123
6.0722
5.6552
5.8596
5.5841
5.6578
5.6255
5.7255
5.9635
5.6281
5.8243
5.8934
5.5203
6.0308
6.0064
6.0632
5.5081
5.3121
5.4535
5.1638
5.7671
5.5915
5.4209
5.5051
5.8955
5.7979
6.2459
5.9470
5.8603
5.8779
5.2498
5.3152
5.6719
5.8671
6.0553
6.1413
6.5917
6.2933
6.5529
5.8473
5.4176
5.5010
5.7664
5.6567
5.8150
5.8165
5.7318
5.4341
5.5518
5.6268
5.5268
5.3183
5.7900
5.5498
5.9730
6.0812
6.0174
6.1955
6.2365
5.9055
6.0442
5.4596
5.9485
6.0664
5.5225
5.5005
6.2522
6.4222
6.1094
5.8751
5.7357
6.0933
6.1413
5.9377
6.1562
6.0304
6.1036
6.1656
5.7275
5.1570
5.3825
5.3381
5.5003
5.7541
5.7468
5.7040
5.7035
6.2654
6.0133
6.4234
5.7721
5.5963
5.0277
5.8382
6.1320
5.6201
5.3315
5.1835
5.8895
5.6778
5.6850
5.7038
5.6777
5.7945
5.6283
5.3323
5.1658
5.1895
5.4408
5.7614
5.3263
5.3953
5.1059
5.7860
5.7137
5.1972
5.6640
5.9787
5.4746
5.4804
5.5819
6.3227
5.6445
5.5634
5.8945
5.7657
5.6776
5.6892
5.6756
5.7632
5.4507
5.5937
5.6160
5.3786
5.8728
5.8474
6.0209
5.7108
5.5201
5.9822
4.8793
5.3640
5.5718
5.8617
5.5884
5.7531
5.9688
5.4489
5.3552
5.0643
5.4706
5.4631
5.0942
5.1589
5.3020
4.7853
5.4781
5.6297
5.3481
5.2156
4.9507
5.0958
5.7690
5.9057
5.8861
5.7051
5.5181
5.8130
5.9652
5.8377
5.7186
5.6653
5.4242
5.5338
5.4427
5.5246
5.7839
5.2819
5.6061
5.5695
5.5229
5.4268
5.4143
5.5050
5.3996
5.2833
5.2133
5.4744
5.4848
5.4894
5.7690
5.4604
5.2846
5.7052
5.5650
5.5584
5.4310
5.5290
5.4070
5.3243
5.8004
5.7018
5.6293
5.3887
5.9323
5.6459
5.3311
5.3412
5.6344
5.1090
5.2306
5.2832
5.4447
5.5210
5.4352
5.1549
5.3134
5.8366
5.3491
5.5516
5.5711
5.3831
5.4293
5.5347
5.6177
5.6539
5.3818
5.5989
6.0950
6.4889
5.7479
5.5622
5.7287
6.2331
5.9409
5.8144
5.8578
5.3036
5.5267
5.0462
4.9950
4.7538
5.0053
5.1046
4.9679
5.1362
5.0584
4.9654
4.9815
4.4700
4.1978
4.7206
4.8566
5.2586
5.2969
4.8017
4.9507
5.2580
5.1596
5.6459
5.1944
5.1802
5.1287
5.1810
5.2532
5.2815
5.1903
5.4200
4.8846
5.0272
5.2434
5.3938
5.2229
5.0943
5.5422
5.6059
5.4892
5.4394
4.9468
4.6045
4.6066
5.1912
5.0591
5.2946
5.2081
5.2550
5.0831
4.6125
4.5918
4.8498
5.1512
5.3704
5.4262
5.2978
5.0827
5.0663
4.8672
5.1405
5.3106
5.3081
5.4530
5.6574
5.3918
5.4008
5.0100
5.0678
5.5133
4.9336
5.6504
5.5840
5.5350
5.4307
5.1531
5.2751
5.3191
5.2101
5.1224
5.5254
5.1392
5.1018
5.0915
4.9505
4.9888
5.5811
5.4036
5.4361
5.6028
5.2216
5.1890
5.0154
4.6314
4.8218
5.1421
5.3721
4.8158
5.0685
4.7985
4.5895
4.7183
5.0111
4.9602
4.8457
5.1148
5.4519
5.4594
5.4893
5.0662
5.5628
5.5810
5.9475
4.9834
5.5904
5.6217
5.4842
5.9025
5.4135
5.7652
5.8587
5.6443
5.0068
4.9014
5.2191
4.9001
5.1739
4.9805
5.3945
5.2167
5.1885
5.1527
5.0500
4.8956
5.2971
4.8375
4.8396
5.1143
5.2657
4.9907
5.2352
5.1463
5.0900
5.2204
5.1630
4.9270
5.0189
5.1660
5.0256
4.7859
4.7568
4.7991
4.7774
4.8878
4.9380
4.8750
4.6496
4.7289
4.4666
4.7432
4.9978
5.5341
5.8951
5.7350
5.0406
5.1395
4.9304
4.8274
4.9933
5.2735
5.4550
5.0159
5.1953
5.4059
4.9093
5.0002
5.0928
5.0374
5.4701
5.2220
4.9571
5.1961
5.3693
5.0995
5.3088
5.5299
5.5128
5.4072
4.9069
4.8838
4.6581
5.1734
5.3635
5.1885
5.2554
5.3458
5.4724
5.3133
5.3634
5.1208
5.1658
5.0820
4.9229
4.8765
5.0472
4.7457
5.0953
4.9878
5.3118
5.1836
4.9017
4.8334
5.4026
5.0425
5.6892
5.6795
5.5589
5.1932
5.2570
5.3987
5.2192
5.4143
5.3735
5.7320
5.8823
5.7332
5.7272
5.5948
5.4337
5.2573
4.9278
5.3141
5.0735
5.2512
5.4462
5.4911
5.2923
5.4289
5.3459
5.6360
5.3375
4.9295
5.4400
5.6907
5.2563
5.3506
5.2242
5.1869
5.7244
5.3786
4.7530
4.5539
4.8163
5.2618
5.2138
4.7877
5.0111
4.9802
4.6393
4.9664
5.0163
5.1334
4.6712
4.7249
5.0714
5.0931
4.7589
5.0031
4.8014
4.8186
4.9415
5.0654
4.9300
5.2488
4.8409
4.7379
4.8263
4.6605
4.3780
4.2972
4.7201
5.1670
4.9517
4.8908
4.8913
4.5069
4.1011
4.4128
4.6983
4.8905
4.9544
4.7906
5.0349
5.7900
5.7420
5.9519
5.4348
5.7129
5.3942
4.8479
4.7904
5.3496
5.5705
5.2168
4.8437
5.1929
5.1589
5.0461
4.6354
5.0235
5.0006
4.8248
4.9456
4.8877
4.8600
4.6712
4.8311
5.0054
5.0621
5.3718
5.2660
5.2671
5.2091
4.9068
4.7717
5.0465
5.2744
5.1826
5.3952
5.7099
5.5904
5.2119
5.2546
5.4739
5.3438
5.4615
5.5793
5.2421
5.2544
5.2699
5.4399
4.6916
4.7274
4.9671
4.7467
4.8382
4.5723
4.5248
4.9624
5.0134
4.8986
5.0222
5.0903
5.2048
5.2529
5.2375
5.7963
5.9695
5.7258
5.3488
5.2739
4.5389
4.3910
4.4148
3.9653
4.6505
4.3558
4.5909
4.4875
5.0373
5.2021
4.8066
5.0453
4.9099
4.5642
4.6958
4.7051
5.0406
4.8649
4.7254
4.9030
4.9705
5.0533
4.6894
5.0369
5.1739
5.5710
4.9500
4.9647
5.0911
4.8790
5.0970
4.8935
4.8771
