7.4716
7.6244
6.9744
6.9416
7.4007
7.6050
7.4698
6.7516
6.7788
6.7614
6.8577
6.8043
7.0882
7.2690
7.1048
6.7909
6.7854
6.8393
7.3709
7.2547
7.4354
7.2433
7.4672
7.6084
7.6261
6.4359
6.0931
6.1458
6.9668
7.1394
7.0123
6.5951
6.3609
6.2573
7.1030
6.9282
6.6180
7.1045
7.0895
6.7594
5.9450
6.7128
6.6198
6.5653
6.3968
6.8137
6.3681
6.1748
5.9174
6.2510
6.4707
7.0055
6.2378
6.1405
7.0150
6.8143
6.7319
5.9477
6.0083
6.0975
5.8794
5.6929
6.2435
6.0699
6.3000
6.6865
6.1336
6.1977
6.0026
6.3823
6.4304
6.8739
6.4702
6.6085
6.7217
6.8826
7.3808
7.1787
6.9015
6.6548
6.6439
6.9903
6.4341
6.4372
6.6830
6.2818
6.2026
6.5409
6.6076
6.5121
6.8826
6.8323
6.2065
6.5561
6.3748
6.5021
6.0061
5.7809
5.8373
5.4266
5.6223
5.7667
5.4415
5.6373
6.2863
6.0552
5.9766
5.8503
6.3837
5.8916
5.4508
5.5367
5.7318
5.8165
6.3331
5.9944
6.4854
5.6413
5.4697
5.9520
5.4051
6.3952
6.1279
6.5526
6.3887
6.4471
6.4452
6.5712
6.7925
6.4555
6.7639
7.2443
6.9364
6.5358
6.4518
6.6762
6.6144
6.5247
6.9154
7.1164
7.4360
7.0835
6.4887
6.9683
7.0159
6.9109
6.7184
6.5129
7.2107
7.1537
7.2812
6.8807
7.1039
6.5589
6.6512
6.1278
6.3198
6.4866
6.5967
6.4364
6.6760
7.0858
7.0680
7.5469
8.0686
7.3535
6.8365
6.9662
6.1697
6.8317
6.5524
6.3408
6.1392
6.1042
6.3566
5.8299
5.8075
6.2601
6.3093
6.0317
5.3623
4.9925
5.7357
5.4497
4.9919
4.6597
5.1729
4.9785
4.8696
5.3418
5.5700
5.6288
5.6470
6.2527
6.4992
6.1431
6.2331
7.1259
6.8445
6.2606
6.4471
6.3077
6.4309
6.4631
6.7997
7.0652
6.6787
6.7501
6.8168
6.8759
7.0220
7.1781
6.6355
6.8134
6.7101
6.6709
6.4004
6.0783
6.2321
5.8069
5.3603
6.0152
5.2783
5.4601
5.9696
5.5737
5.9960
6.0235
6.0314
5.8966
5.5984
5.7923
5.7087
5.5923
5.7477
5.9139
5.5259
5.5306
6.2085
6.0014
6.8549
5.9460
5.9093
5.9644
6.3099
6.0379
5.9858
5.8038
5.7009
5.6493
6.0938
5.9586
6.1828
6.5834
6.2186
6.1395
6.0645
5.4115
6.1705
6.1161
6.2008
5.9208
5.6308
6.0506
5.6505
5.7163
6.2482
6.5849
6.8801
6.4861
6.8065
6.8018
7.5649
7.3571
6.9453
6.9900
6.9356
7.0149
7.0982
7.1430
7.5543
7.5841
7.4996
6.5951
6.2670
6.4529
6.0502
6.1898
5.9186
6.1618
6.1617
5.9264
5.6358
5.8059
6.5728
6.8718
6.8180
6.5401
6.6575
6.9482
7.0352
6.6245
6.4438
6.3190
6.1605
6.7367
6.2835
6.6155
6.4086
6.7652
6.3608
6.4679
6.8298
7.1760
6.8150
6.2723
7.0413
6.4466
6.8473
6.6519
6.8720
7.0093
6.6602
6.7017
6.7484
6.9550
6.8343
6.9622
6.8281
7.6317
7.8608
7.8354
7.8417
8.5616
7.2335
7.1967
6.9248
6.4538
6.2739
7.0141
6.5781
6.5920
6.3020
6.3272
6.3856
6.0775
6.6520
6.3897
6.0114
6.5964
6.9408
6.3438
6.6473
6.7057
7.2920
6.5492
6.6565
6.8021
6.0732
6.2455
5.3798
5.8139
6.2061
6.6320
6.2697
6.7078
6.1002
6.0804
6.6869
6.8703
7.0474
6.4184
6.1467
6.0734
6.2764
6.8571
6.3755
6.1857
6.1055
6.7161
6.1805
6.3295
6.4247
7.1450
6.5309
6.5809
6.5038
7.5047
7.1351
7.2879
6.4578
6.5887
6.6787
6.2983
6.9076
6.3080
6.8323
6.9450
7.1014
6.4998
6.5616
7.2535
7.3981
7.0201
6.9580
6.6805
6.5189
6.1788
6.1594
5.3150
5.9863
5.6378
5.7766
5.6537
5.8333
5.5487
5.3007
5.0167
5.1806
5.4325
5.7223
5.4012
5.4094
5.1236
5.9143
6.1905
6.2905
5.4296
5.6932
5.5701
5.6234
5.6734
5.0879
5.1557
5.1109
5.1910
5.6982
5.6044
6.0876
6.0082
6.1119
6.0795
5.5866
5.5682
5.9720
5.7728
5.8983
6.4317
6.1439
6.2495
6.4603
7.3457
6.8837
6.9345
6.4232
6.3265
6.4461
5.6126
5.8235
5.8283
5.8796
5.8144
5.8160
5.3744
4.7568
5.4514
5.3307
5.6186
6.2047
5.9308
6.1724
5.9004
5.6457
5.8551
6.0430
6.5464
6.3391
5.9715
5.9984
6.4509
6.3155
6.9626
7.2074
6.5002
6.4249
5.9550
6.3120
6.3648
6.5847
6.4532
5.9976
6.1796
5.9224
6.0681
5.6433
5.4783
6.1997
5.7830
6.1002
5.9503
6.2415
6.3253
6.1358
6.2058
5.9798
5.9160
5.8987
6.1504
6.2155
6.4005
6.5132
6.1642
6.3839
5.6302
6.0027
6.1059
6.5861
6.4478
6.6224
6.5090
7.0489
7.2969
6.5454
6.5062
5.6634
5.5988
5.1218
6.1500
6.1332
5.9689
6.3391
6.6007
6.6429
5.8515
6.1888
6.0790
5.4634
5.4072
5.4022
6.1168
6.6015
6.8100
7.0311
6.8267
7.1000
6.8368
7.3476
6.8067
6.1442
6.1995
6.4598
6.3089
6.3841
6.6587
7.1493
7.2359
7.4462
7.0943
6.5705
6.4211
6.1852
6.8439
6.7493
7.3810
7.3248
6.2054
6.0993
6.0899
5.5816
5.5470
5.6604
6.4893
6.4187
6.3195
6.6426
6.6105
5.8790
6.0591
6.4020
5.3626
5.1067
5.2171
5.7720
5.6553
5.8384
5.6984
5.6273
5.9390
6.1953
6.1131
6.4166
6.6517
6.5126
6.4453
5.2979
5.7761
5.8010
5.3280
5.8651
5.9104
5.8350
6.5135
6.0958
6.2012
6.3950
6.5140
6.9416
6.3553
6.5548
6.6649
6.3799
6.4423
6.5573
7.0586
6.8750
7.4223
7.3222
7.5779
7.9050
7.6396
7.6567
7.6929
7.3013
7.1260
7.1052
6.7099
6.1214
6.2411
6.9059
7.3546
7.0185
6.8204
6.5631
6.7821
6.7408
7.0953
7.3684
7.2395
7.4464
6.7178
6.5944
6.6365
6.2786
6.2940
6.6960
6.7021
6.5838
6.4549
6.4313
6.2258
6.3036
6.8376
7.0649
7.1985
6.9925
6.1666
6.1951
6.4219
6.2718
6.4013
6.0402
5.8551
6.5114
7.3862
6.8302
6.2529
6.5353
7.1661
6.2029
6.2658
6.0373
6.3179
6.0994
6.1639
6.1247
5.3920
5.5293
4.9956
5.3277
5.7102
5.6941
5.8740
6.7181
6.0765
5.6757
5.7954
5.9635
6.1043
5.6548
5.5597
5.9902
5.8746
5.4679
6.1838
6.7351
7.2511
7.3144
7.1988
7.6109
6.9502
7.2957
7.1171
6.6067
7.0151
6.4890
5.9268
6.3703
6.7925
6.8994
6.7329
6.6611
6.4019
6.5063
6.7516
6.5031
6.0732
5.9939
6.2667
6.6434
6.9924
7.0836
7.0562
6.6860
6.5322
6.7779
7.4174
7.2523
6.7955
6.6026
7.0198
6.6141
6.7599
6.2672
6.2076
6.5276
6.4892
7.0999
7.0949
6.4867
5.9435
6.5270
6.9648
6.7657
6.7793
7.3109
7.1849
7.1978
7.7287
7.4135
7.3822
7.2304
7.5863
7.2623
6.8878
6.6023
6.9299
7.1772
7.2294
7.5454
7.5290
7.2949
7.3612
7.0197
7.6357
7.1815
7.2123
7.5776
7.4580
7.3311
7.5606
7.8112
7.8112
7.5085
7.6093
7.0476
6.3718
6.4789
6.2413
5.7578
5.7609
6.1679
5.3001
5.4090
5.4126
5.0384
5.3334
5.3981
5.5445
5.6636
5.5453
5.2111
5.1504
5.0943
4.9284
4.5915
4.5420
5.0596
4.5683
5.3872
5.4170
5.5362
5.8127
5.2867
4.9247
5.3520
5.4186
5.5487
5.8175
5.6258
5.6153
5.3909
5.6173
5.1100
5.3718
5.9073
5.5625
5.7103
5.6334
6.0017
6.1260
5.7463
6.6433
6.8013
6.4191
6.3181
6.4958
6.3711
5.7745
5.9770
6.2386
5.5234
5.2314
5.3143
5.3638
5.3780
5.4573
4.6817
4.5787
4.5977
4.4846
4.4049
4.8585
4.8178
5.1708
5.0745
5.0666
5.4114
5.4545
5.4857
5.6010
5.9635
5.7611
5.9833
6.2373
5.9913
5.5389
5.0936
4.7240
5.0760
4.7810
4.4826
4.6890
4.5892
4.5305
4.6987
4.8661
5.1147
5.3932
5.2243
5.2688
5.5958
5.6807
5.4574
5.8210
4.7824
4.9853
5.0162
5.3021
5.5031
5.8229
6.2987
6.1070
5.8660
5.6771
5.8819
5.1501
5.1615
5.0248
5.1449
5.7027
5.7370
5.8281
5.6641
4.8764
4.8394
5.4444
5.1762
4.9524
4.7643
4.5267
4.3659
4.8310
4.4023
4.4989
4.5172
4.6190
4.2314
4.5369
5.0323
5.1780
5.2740
5.1607
4.8351
4.6062
4.4443
4.6332
4.9668
5.3142
5.5326
5.0082
5.1109
5.0121
5.5322
5.4952
5.7334
5.5080
5.4308
5.8753
5.3772
5.2761
5.6381
5.9175
5.5228
6.2319
5.5191
5.9687
6.0773
5.6930
5.4554
5.0047
4.9735
4.7168
4.3630
4.5459
4.9138
5.1340
5.5518
6.1155
6.2045
6.5209
5.8711
5.9489
5.4153
6.0186
6.4318
6.2498
5.9628
5.7385
5.7919
5.5998
6.0098
5.6710
6.0946
5.7429
5.4236
5.8418
5.5905
6.5777
6.5595
6.2332
6.0653
6.1147
6.1995
6.1073
6.9838
6.3775
6.1233
6.7052
6.6124
7.1505
7.1523
5.7150
6.0048
6.3836
6.3210
6.5068
6.8114
6.8851
7.0592
7.6587
7.0008
6.8019
6.7923
6.6029
6.7771
6.0578
5.2346
5.1089
5.4216
6.1797
6.3892
5.9248
5.6216
5.5466
6.1465
6.2317
6.4291
6.3625
6.4175
6.4149
5.9528
6.0449
6.2090
6.0642
5.6180
5.9641
6.1141
5.7091
6.1051
6.5231
6.2765
6.0856
6.1466
5.8301
6.4366
6.0461
5.9876
5.3769
5.5857
5.8998
5.7723
5.4422
5.2198
4.9956
5.2954
5.5582
5.7048
5.5172
5.5015
5.2545
5.4024
5.4610
4.9508
4.5651
4.7210
4.6838
5.0420
4.6273
4.7044
4.3356
4.6703
4.3039
4.5124
5.4511
5.3766
5.0079
4.9564
5.1778
5.2588
5.2405
4.9763
5.2697
4.7727
5.0806
4.9255
5.0346
5.0884
4.6872
4.4276
4.8435
4.6905
4.8424
4.7631
4.5743
4.6679
5.2973
4.6752
4.7452
4.3909
4.5611
4.6140
4.8953
4.6806
4.5839
4.8470
5.1449
5.0679
4.9464
4.8658
4.8890
5.2494
5.5523
5.2078
5.0620
4.8682
5.1325
5.0836
4.9115
4.8815
5.5157
4.7875
5.7027
5.2724
5.6130
5.9274
5.8734
6.4118
6.2797
6.3407
6.0684
6.1351
6.0046
6.0087
6.1604
6.1057
5.7484
5.9822
5.8800
6.1693
5.8954
5.7914
5.9452
5.8904
5.7489
5.6161
5.5311
5.2517
5.5138
5.2465
5.9698
4.9670
5.9033
5.4773
5.8229
5.8757
5.5531
5.5812
5.1037
5.3750
5.9369
5.7143
5.4952
6.0941
5.9493
6.1782
6.0698
6.1352
5.9458
5.7869
5.7344
5.3910
5.5314
5.7478
5.5754
5.7595
5.4921
5.5854
5.0411
5.4964
5.0856
5.3213
5.1226
4.4852
4.4269
4.4398
4.9709
4.5766
4.9596
4.7355
4.4754
4.4792
5.1636
4.9121
4.7162
5.0360
5.2075
5.1091
5.4191
5.7863
5.3636
5.8277
5.7286
5.9905
6.2349
5.7933
5.8540
5.6100
5.7503
5.5145
6.0560
5.6119
5.6505
4.8494
5.2799
5.1922
5.5293
5.8882
5.9348
5.9494
5.2905
5.5428
5.3575
5.8464
6.0084
6.0855
6.7899
6.3741
6.8204
6.6114
6.4636
5.7375
6.4676
5.9729
5.9206
6.3471
5.8393
6.4126
6.1351
6.3014
6.2413
6.3872
6.5648
6.5025
6.5075
6.6975
6.8152
6.7225
6.5836
6.2076
5.6142
5.8741
6.0347
5.6485
5.4760
6.1778
5.9927
6.5738
5.8216
6.1981
6.6275
6.8545
6.6345
6.7277
7.1208
7.2672
6.7046
6.4696
6.4358
6.3112
6.1773
6.3180
6.5769
6.8652
6.4833
6.7685
7.0519
6.9716
6.7502
6.6040
6.9500
6.7229
6.5105
6.6838
6.4459
6.2108
6.4214
6.1744
6.7011
7.0720
7.0702
6.8062
6.4077
6.4905
6.0884
6.1918
6.3011
6.6560
6.2211
6.1247
6.6432
6.4774
6.8598
6.7440
6.1929
6.6133
6.9771
6.5112
6.8766
6.4281
6.8128
7.1278
7.0008
7.1983
7.3722
7.2305
7.4071
7.5668
7.4172
6.8801
6.5853
6.3096
6.3220
6.5069
6.7519
6.8792
6.9576
7.2291
7.4037
6.5937
7.2000
7.0158
6.7121
6.3033
6.1998
6.4452
5.9809
6.2327
6.4616
6.3085
7.3039
6.5399
6.5624
6.7131
6.7538
6.4841
6.6584
6.7480
7.3657
7.0555
7.2334
7.0128
6.5857
6.8850
7.5045
7.3570
6.9845
6.3640
6.4134
6.4190
6.4959
6.1604
5.8645
6.1152
6.2363
6.6366
6.2299
6.4368
6.6522
6.2920
6.2573
6.1527
6.3229
6.3946
6.1718
6.0490
6.0261
5.9758
5.5005
5.2974
6.2859
5.9996
6.0825
6.4281
6.8157
6.7620
6.9895
6.8360
7.0188
6.7306
7.0503
6.5306
6.5207
6.1843
5.5808
6.4009
6.3328
6.6542
5.9738
6.1705
5.7941
5.7841
6.0925
5.8335
6.1301
5.6623
5.7918
6.1852
6.0596
6.3143
6.2634
5.7325
5.2796
5.1171
5.7143
5.4686
5.3564
5.3396
5.5250
6.3592
5.9386
6.1459
6.3549
6.2376
5.9426
5.2186
5.3822
5.5144
5.5671
5.1280
5.0085
5.3084
5.2438
5.9036
5.4601
5.2095
5.1389
5.1404
5.4653
5.5668
5.4413
5.2626
5.5078
5.5676
5.2870
5.0652
4.7895
4.9218
4.9780
4.5701
5.0131
5.0523
5.1530
4.9411
5.5621
5.6199
5.7322
5.3250
5.3358
5.1272
4.9417
5.4298
5.5216
6.5555
6.7863
6.1361
5.8304
6.0456
5.7875
6.1326
6.5640
6.3012
6.4780
6.0783
6.7400
6.5279
6.3741
6.1377
6.6001
6.2507
6.3995
6.6349
6.6608
6.5063
6.4158
6.0425
6.1304
5.8412
6.1054
5.9999
6.3624
6.4912
6.5538
6.6297
6.9247
6.7561
6.7307
7.1244
6.9362
6.9715
7.0854
6.8658
7.4400
7.6345
6.9950
7.0345
7.0121
7.1739
7.5952
7.3664
7.4668
7.2492
7.3336
7.0627
6.9443
6.5295
6.4423
6.9978
6.6764
7.2319
7.2531
6.8916
6.9679
6.6277
6.6915
7.1603
7.2590
6.6552
6.8540
7.3626
7.0559
6.4502
6.3034
6.2982
6.3277
6.3540
6.2982
6.3362
5.9381
6.4786
5.9809
6.2015
5.9110
6.4993
6.0450
6.1502
5.7572
5.6798
5.7643
5.5445
5.6354
5.9565
5.9724
6.0656
6.0033
6.0617
6.3478
6.4738
6.1439
6.3228
6.5013
6.6621
6.1828
6.7417
6.8570
6.8564
6.8258
7.2919
7.2203
7.7242
7.7847
7.2753
7.2093
7.0259
6.7423
6.7217
6.1176
6.1189
6.1599
7.0910
6.6252
6.4550
6.2774
6.2461
6.6284
6.7398
6.9210
6.4237
5.9452
6.1917
6.4587
6.9560
6.0970
6.5759
6.7266
6.1381
7.0098
7.0355
6.2720
6.5793
6.7601
6.5679
6.9879
7.4363
6.8515
6.7025
7.1052
6.9022
6.5674
6.9951
7.1386
7.8466
7.1199
7.2623
7.3011
6.4842
6.6729
6.4033
7.1238
7.1076
7.4153
7.3746
7.7559
7.2170
7.9667
7.9572
7.5498
7.0643
7.2454
6.4566
6.5481
6.9322
7.1863
7.0953
6.4316
7.1140
6.9218
7.2679
6.8260
7.0380
6.9967
6.8481
7.2029
7.4811
6.8290
6.9326
6.8469
6.7576
6.5627
6.5949
6.4764
6.8490
6.7241
6.7793
7.1065
7.5172
6.6322
6.7974
6.4296
6.0760
6.2754
6.0141
6.3338
6.3081
6.8280
6.3806
6.1085
6.6480
6.4011
6.4970
6.6572
6.2626
6.8006
6.8901
6.7792
6.8051
7.4666
7.5541
7.4035
7.9216
7.7086
7.7112
7.1865
6.9245
7.3709
7.5926
7.4796
6.8010
6.8375
6.7340
6.8835
6.8265
6.2527
6.8331
6.1559
5.8166
5.9369
6.7269
6.4512
6.9067
7.3939
6.8398
7.2921
7.0348
7.0187
7.0530
7.5681
7.7220
7.6383
7.2835
7.2277
7.6416
7.4408
7.4502
8.0473
7.7382
7.1014
6.7412
7.0087
6.6152
6.6612
6.6667
6.5745
6.1477
6.3083
6.2307
6.1899
6.8847
6.5618
6.8618
6.6294
6.4938
6.7353
6.9830
6.8093
6.3237
7.0264
6.9783
7.0994
7.1227
7.3802
6.4545
6.5236
6.0520
6.6514
6.5281
6.4916
6.4645
6.7013
6.2296
5.2837
5.8204
5.7050
6.5754
6.1408
6.2715
6.5158
6.2151
6.3321
6.2500
6.2273
5.8784
5.8726
6.0517
5.8771
5.7033
5.6146
6.0791
6.1745
5.6143
5.7714
6.0041
6.8965
6.6281
6.3632
6.4467
5.9464
5.5716
5.3535
5.5201
5.8402
6.2259
6.3290
6.0171
5.9940
5.7265
5.5879
5.2323
5.5015
5.6425
5.6595
6.4152
6.0929
6.4715
6.0198
6.0422
6.5179
6.5609
6.8317
6.9453
6.6853
6.4134
6.6717
6.7907
6.9184
7.0728
6.9083
6.7090
6.5058
6.5516
6.4077
6.1679
6.2793
5.9426
5.5868
5.6850
5.3935
5.6065
5.7362
5.7454
5.6005
5.4785
5.9539
5.6589
6.0119
5.8999
5.8620
5.9315
6.6648
6.5863
6.7739
6.3364
6.3799
6.4062
6.5610
5.9932
6.4825
6.8388
6.6597
6.5163
6.8457
6.4487
5.9666
5.4994
5.4006
5.7033
6.2244
5.4781
5.3774
5.3317
5.8658
6.2876
6.2730
5.9848
6.6191
6.2152
6.2441
5.7572
5.9394
5.7602
5.7083
5.7005
5.7201
6.0483
6.2564
5.8023
6.1791
6.8336
6.1548
6.1127
5.9421
5.5497
5.9427
5.4601
5.7354
5.4939
5.6392
5.7454
5.9924
5.9389
5.6123
5.6167
5.8389
5.7541
5.5191
5.3777
5.1033
4.7141
5.1490
5.2854
4.8913
5.0245
5.2989
5.0771
4.9800
4.8971
4.6393
4.7747
4.6569
4.6516
4.6538
4.9943
5.0046
4.7786
4.9905
5.1563
5.2198
5.0950
5.5016
5.5764
5.5160
5.4922
5.8199
5.3151
5.6112
5.9486
5.8488
6.0060
5.5659
5.9379
5.7680
5.9052
6.0814
5.4186
5.7766
6.0055
5.8045
6.3901
6.0171
6.2265
6.0457
5.6438
5.7739
6.1950
5.7437
5.8687
5.3520
5.3566
5.7523
5.5266
5.9532
5.9444
5.9126
5.9546
5.0930
5.2467
5.9248
5.9178
6.0739
5.9264
6.2787
5.7740
5.8972
5.9997
6.2749
5.7633
5.4173
5.8060
5.3893
5.7398
5.7112
5.7898
6.1552
6.1747
6.1819
5.7148
5.9089
5.8246
5.6611
5.8014
5.5435
5.6924
5.1370
4.9848
5.2822
5.6693
6.2142
5.8494
5.7296
5.7130
5.4608
6.0579
5.9302
5.8547
6.0427
5.9282
6.0927
6.5206
6.3018
6.2792
6.4158
6.0831
6.0089
6.0951
6.3169
6.3076
6.1336
6.2893
6.7535
6.3372
6.3328
6.1404
6.0520
6.0539
6.0818
5.8717
5.6012
5.8273
5.9274
6.0308
5.9556
5.6996
5.8355
5.9555
6.1499
5.9004
5.9897
5.7875
5.6109
4.7072
4.6329
4.5549
5.0072
5.3717
5.0494
5.3197
5.0698
4.4467
4.6945
4.7106
4.1320
4.3418
5.1379
4.7851
4.8665
5.1051
5.0973
5.7828
5.6155
5.3727
5.5508
5.5140
5.3402
5.4517
5.7398
5.5318
5.5376
5.6501
5.5653
4.9627
5.3926
5.6518
5.3509
5.6879
5.7327
5.8796
5.4716
5.2563
4.8898
5.0154
5.6130
5.6049
5.4670
5.9044
5.4052
5.4685
4.9889
5.5407
5.4645
5.7463
5.5889
5.2055
6.0876
5.6706
5.8351
6.1610
5.4718
5.2863
5.0342
4.9735
5.2893
5.2728
5.6921
6.0415
5.5977
5.7419
5.5378
5.7585
5.3042
5.1313
5.1771
5.6003
5.4592
5.3983
5.0732
5.0227
5.2861
5.6743
5.6335
5.6566
5.6265
5.5531
5.6001
5.3033
5.2387
5.2820
4.8824
5.2822
5.0376
5.0514
5.3379
5.6462
5.5071
5.8230
5.7044
5.9760
6.6997
6.6494
6.2022
5.7785
5.9447
5.8170
6.1981
5.8631
6.0363
5.7616
6.0663
6.4415
6.3610
6.0281
6.2949
6.3964
6.4713
6.2333
6.0781
5.4954
5.6327
5.7414
5.9366
6.4041
6.3111
6.0358
5.7476
5.8489
6.0475
5.7217
5.3727
5.7906
5.6601
6.0453
5.9398
6.0943
6.6063
5.9919
6.0833
6.7510
6.0443
6.5550
7.0464
6.7986
6.5015
6.5108
6.2157
5.6096
5.3323
5.8373
5.3892
5.5055
5.4504
5.3320
5.6391
5.6021
5.7344
6.1450
5.6826
6.3765
6.3133
5.9626
6.3110
6.0403
6.2396
6.2214
6.7841
6.4093
6.3988
6.4219
6.6323
6.5832
6.1377
6.7930
6.2624
6.7361
6.4146
6.2106
5.5051
6.0801
6.3498
6.6627
6.6617
6.5821
6.8365
6.3466
6.3754
6.7769
6.7265
6.3276
6.5071
6.2946
6.1086
6.3408
6.3861
6.4111
5.9836
5.7577
5.9646
6.0627
6.1285
5.7681
5.7494
6.2736
6.6517
6.2336
6.3591
6.4027
6.1953
6.0485
6.2461
6.4207
6.0252
5.8068
5.6548
5.7948
5.6144
5.8094
5.7825
5.3466
5.7491
5.7709
6.0644
6.2519
6.5009
6.0901
6.2066
5.8660
6.2036
5.8022
5.7831
6.0009
5.8508
5.7765
6.4756
5.9844
5.4208
5.7239
6.1595
6.2148
5.8549
5.8363
6.3647
6.5617
6.4926
6.2169
6.5905
6.3403
6.4161
6.7314
6.9569
6.7937
6.5184
6.0086
5.9209
6.0569
5.9893
5.9105
5.9714
5.6156
5.9537
5.5380
5.6246
5.7190
5.4108
5.6547
5.8098
6.0071
6.1502
6.0832
5.8451
5.4957
6.0602
5.9143
5.9414
6.1335
6.0170
5.9513
6.2889
6.6311
6.1936
6.4187
6.2570
6.2784
6.3860
6.4242
6.4099
6.0454
5.8030
6.0751
6.4494
6.0504
5.8295
5.8521
6.0827
5.8286
5.8187
5.9415
6.2227
6.5438
6.3923
6.7818
6.7428
6.5921
6.6152
6.6938
6.6734
6.6996
6.7104
6.3003
6.0553
5.6567
5.7323
6.3545
5.8970
5.7094
5.6201
5.2976
5.5477
5.7087
5.5515
4.6975
4.8365
5.0005
5.0558
4.9538
5.1368
4.9922
4.9328
4.9775
5.2300
4.9680
5.5411
6.0068
6.1558
6.5177
6.2159
6.1582
6.3111
6.3654
6.2093
6.5983
6.7862
6.5289
6.6993
6.2897
6.1020
6.4942
6.1353
6.2616
6.2284
5.6844
6.1084
6.3606
6.3936
6.6958
6.6032
6.6029
6.3855
5.7082
5.7919
5.4918
5.9919
5.9134
5.8187
5.6004
5.6045
5.4327
5.4637
5.7075
5.8221
5.7998
5.9452
5.8627
5.5529
5.5751
5.4784
5.2683
5.5487
5.1756
5.2783
4.9276
5.1827
5.3940
5.0011
5.4325
5.4405
6.1679
6.2036
6.1082
6.0520
6.1773
6.1937
6.3929
6.5421
6.4842
6.6593
6.6120
6.0658
6.4414
6.6636
6.8494
6.3634
6.0750
5.9351
6.0536
6.1693
6.0430
6.2306
6.1818
6.1888
6.2235
6.6629
6.7147
7.1095
7.1346
7.0250
7.0179
6.5401
6.4937
6.2889
6.3699
6.8260
6.4213
6.7141
6.4416
6.2766
6.5381
5.9116
5.8077
5.9159
6.5467
5.9263
5.8876
6.1325
6.0488
5.5240
6.0095
6.0530
5.7241
5.7417
5.9981
5.9978
5.6811
5.6500
5.8147
5.3899
5.6376
5.4431
5.9220
5.9170
5.4743
5.4792
5.5436
5.3950
5.5409
5.8853
5.6658
5.3568
5.2960
5.8522
5.7267
5.7641
5.8611
5.4369
5.6573
5.1758
5.3390
5.5488
5.5705
5.3163
5.5240
5.0106
5.0743
5.5985
5.4789
5.5933
5.3205
5.5235
5.6071
5.5589
5.7393
5.6567
5.8742
5.7577
5.5624
5.6891
5.1087
4.9315
5.3562
5.4936
5.3490
5.7511
5.8180
5.6073
5.6767
5.8754
5.8589
5.5814
5.6700
5.7887
5.7229
5.7903
6.0386
5.3334
5.2707
5.3165
5.4184
5.7845
5.7033
5.9485
5.4341
5.6029
6.0549
5.7891
5.5926
5.6291
6.1153
5.6652
5.7512
6.1443
6.3420
6.0821
5.8751
5.6006
6.0250
5.8401
6.0862
6.0706
5.6083
5.7650
5.7610
5.6598
5.4926
5.2793
5.1620
5.5361
5.6587
6.1356
5.9142
5.8827
5.7138
5.4861
5.6036
5.8650
5.6079
5.7724
6.0061
6.4041
6.0997
6.2349
5.7710
5.5073
5.4678
5.2992
5.6731
5.6901
5.2644
5.4198
5.4070
5.5747
5.7961
5.3898
5.3424
5.6629
5.4133
5.2561
5.6571
5.7034
6.1004
6.1933
5.7214
5.9193
5.7788
5.9527
5.5748
5.7989
5.2631
5.1821
5.2292
4.7543
5.0513
5.4471
5.4305
5.0580
5.2615
5.3759
5.6535
4.9402
4.8655
4.9784
5.8344
6.2958
6.3956
5.7334
5.7468
5.6047
5.6147
5.7178
5.8463
6.2120
6.2900
5.9071
5.7163
5.5276
5.8106
6.0911
5.8531
5.9461
6.1333
5.9355
5.7843
6.0054
5.9786
5.5656
5.6693
5.7326
5.4510
5.8507
5.6647
5.5102
5.9503
5.7701
5.3446
5.5736
5.2577
5.2544
5.4622
5.4294
5.3123
5.2642
5.5771
5.1424
5.4191
4.8569
5.0335
4.9760
5.4441
5.7875
5.6130
5.2857
5.8347
5.9563
5.6652
5.9054
5.7630
5.9062
5.7191
5.8597
5.4944
5.5789
5.7000
5.4060
5.2402
5.3025
5.5439
5.6321
5.3818
5.4012
5.5790
5.2993
5.3439
5.4577
5.2664
5.0240
5.2336
5.1801
5.6031
5.4212
5.6204
5.8431
5.6901
5.5706
5.6914
5.2910
5.5302
5.7136
6.1246
5.9931
5.9127
5.8029
5.3837
5.2000
5.5658
5.3626
5.3985
5.4855
5.1076
5.2415
5.2505
5.2529
5.5280
5.2899
5.3856
5.3254
5.8122
5.4559
5.4343
5.1267
5.2552
5.2315
5.5632
5.1792
5.1631
5.7033
6.0190
5.8155
5.9145
5.9771
5.2269
5.0992
4.9274
4.9648
5.3409
5.0788
4.9711
5.0006
4.9865
5.1791
5.0823
5.1456
5.4464
5.3338
5.0603
4.9943
5.4291
5.2911
5.0194
5.2398
4.9553
4.9945
4.9943
5.1856
5.3681
5.1401
5.3784
5.1094
5.2128
5.0804
5.0741
4.8941
5.2806
5.1781
5.0654
4.9592
5.0523
4.9341
5.0414
5.2419
5.2100
5.0960
5.0999
5.2409
5.3160
5.4344
5.4716
5.7237
5.3413
4.8956
4.7982
4.9027
4.7244
5.1592
4.8995
4.9132
4.8851
5.1265
5.4716
5.1604
5.0778
5.1239
5.0236
5.1028
4.7001
5.0965
5.1929
4.9221
5.1957
4.8974
4.9558
5.2761
5.2704
5.0461
5.1621
5.0154
5.0307
4.8462
4.8521
4.9954
5.0946
5.0645
4.9734
5.2661
5.2526
5.4601
5.4800
5.2026
5.3564
5.4361
5.1868
5.4036
5.2711
5.1318
5.4378
5.6667
5.9375
5.7773
5.8776
5.7065
5.8842
5.7641
6.0864
5.9987
5.8130
5.9080
5.6315
6.2734
6.2646
6.0032
5.9012
5.9326
5.6257
5.7911
6.0673
5.7504
5.7006
5.9422
5.7631
5.4285
6.1730
6.5542
6.3884
5.9445
5.9852
5.6820
5.7470
5.9502
6.0730
5.9868
6.0065
5.7858
6.2887
5.6792
5.2559
6.1145
5.8510
6.2581
6.1052
6.3381
6.0042
5.9349
5.8706
6.2113
5.6884
5.7641
5.7618
6.1149
5.8374
5.9959
6.2228
6.0065
5.9111
6.3603
6.2362
6.2758
6.2706
6.0817
6.1578
5.9198
5.4705
5.8337
5.6692
5.9973
5.8914
6.0398
6.2116
5.7516
6.1002
6.2094
5.9317
5.3755
5.6650
5.1919
5.8358
5.6441
5.4051
6.0696
5.9486
6.0010
6.0230
6.2897
5.6736
5.7591
5.7783
6.0397
5.7744
5.6884
5.6202
5.2079
5.1067
5.0481
4.9946
5.2463
5.2316
5.4266
5.1210
5.3192
5.3601
5.3802
5.3105
5.1965
5.2972
5.0631
5.1680
5.0506
5.3557
5.2120
5.1938
5.1732
5.4507
5.4462
5.8583
5.5305
5.2668
6.0243
5.8795
5.6587
5.6164
5.7279
5.5298
5.5579
5.7021
5.7482
5.8994
5.4660
5.8291
5.3673
5.6294
5.7072
5.8563
5.7457
5.4635
5.9471
5.7295
6.1739
6.2576
5.6699
5.8618
5.7209
5.6743
5.5357
5.7027
6.0417
6.0261
6.2349
6.1417
6.5852
6.0654
5.9607
6.2532
6.2334
5.9087
5.8521
6.3109
5.7218
5.9080
6.2189
6.0235
6.5705
6.3459
6.2240
6.1676
6.0293
6.3933
6.3057
6.3530
6.2417
5.9656
5.5177
5.8120
5.6974
5.6133
5.9620
6.0201
5.9158
5.6822
5.7010
5.6327
5.2869
5.3203
5.5184
5.6122
5.9867
5.8019
5.5563
5.8430
6.2570
6.1197
6.3343
6.2716
6.0794
5.9038
5.9362
6.0610
5.7342
5.9369
5.8165
5.3868
5.8420
5.6361
5.8547
5.6449
5.5223
5.8008
5.9513
5.5661
5.6528
5.4084
5.6671
5.6048
5.4406
5.5972
6.3245
6.5055
6.5272
6.4396
5.9987
5.9429
6.0606
6.2794
6.2720
5.9844
6.4322
6.0989
6.3079
6.0596
6.1337
6.1234
6.5156
6.2168
6.1472
6.3526
6.3863
6.2844
6.4383
5.7345
5.9180
6.3278
6.1137
6.0436
6.1217
6.1172
6.1242
5.7638
6.3111
6.1716
6.5095
5.8921
5.9401
6.2215
6.7079
6.3289
6.5080
6.5499
6.4228
6.4975
6.1651
6.0576
6.1071
5.7734
6.0733
5.9479
6.2208
6.4114
6.3804
6.6465
6.5140
6.7313
6.7222
6.0749
5.7177
6.1676
6.3569
6.0714
6.3351
5.9960
6.4327
6.1884
6.1064
6.2638
6.0364
5.8983
6.0207
6.2013
6.1790
5.9298
5.6561
5.8638
5.9805
5.9171
6.0862
5.8057
6.0554
6.2795
6.3136
6.3601
6.2625
6.2693
5.9573
5.8611
6.1940
5.8604
5.9933
5.7610
6.0606
6.0268
6.0582
5.8342
6.2441
6.3984
5.9475
6.2280
6.0192
5.9518
5.6970
6.2519
6.4677
6.2808
6.3940
6.0529
6.1382
6.2881
6.3025
6.8437
6.0510
6.3502
6.3340
5.9320
5.8898
5.8881
6.2205
6.2828
6.8163
6.7505
6.2350
6.4399
5.9785
6.0235
5.2080
5.5983
5.6389
5.7765
6.3164
6.2296
5.9819
5.8196
5.8610
6.0881
5.8907
5.8543
5.5547
5.4494
5.6411
5.4918
5.8181
6.0424
6.0155
6.0305
6.2142
6.1377
6.4367
6.2387
6.2786
5.8952
6.0611
5.7408
5.7931
6.0635
5.8307
5.7805
5.7355
6.0996
5.7073
5.4229
5.4667
5.9269
5.9025
6.3766
5.8406
5.7733
5.3693
5.7726
5.5641
5.9942
5.9515
5.6178
5.5051
5.8391
6.1698
6.4319
6.1331
6.1356
6.4630
6.3083
6.2598
6.2530
6.9309
6.4697
5.9708
5.7154
5.9909
6.0234
6.3716
5.8578
6.3928
5.9939
6.1535
6.1597
6.0741
5.9384
5.8673
6.0456
6.0659
6.0131
5.8461
5.9262
5.8613
5.8445
6.0049
6.2315
6.3918
6.2506
6.2239
5.2471
5.5989
5.6363
5.5717
5.5001
4.9746
5.5397
5.8002
6.1151
5.8206
5.8878
5.4368
5.8698
6.4023
5.8611
5.7887
5.8460
6.0206
5.4848
5.9409
5.9836
6.2976
6.0516
5.8784
5.9762
5.6500
6.0478
5.4383
6.1046
5.6411
5.7121
5.7425
5.8717
5.8803
5.9714
5.9437
5.7010
6.1660
6.1264
5.8325
5.8997
5.4543
5.8459
5.8126
5.8713
6.1558
6.1580
6.1079
6.4962
6.3670
5.7107
5.9600
6.2205
5.9238
5.9552
5.7743
6.5072
6.2532
5.7688
5.9790
6.2163
6.3645
6.0696
5.8084
6.0966
5.9357
6.0080
6.0739
5.8403
5.8015
5.8084
6.1231
6.1466
6.5131
6.2249
6.2550
6.0123
6.2196
5.7096
5.4062
5.8562
5.6700
5.5825
5.7260
5.5834
5.2624
5.6309
5.8939
5.8916
5.5160
5.4092
5.6148
5.6027
5.7865
5.7775
5.7971
5.7739
5.7896
5.9473
6.2352
6.3089
5.6144
5.9941
6.2123
5.8185
5.5979
6.1014
6.0289
5.7646
5.7881
5.1509
5.2696
5.3478
5.4073
5.3658
5.3415
5.4273
5.5401
5.2242
5.0088
5.3579
5.2689
5.4063
5.2083
5.2209
5.2314
5.4031
5.2404
5.3957
5.5297
5.5143
5.5437
5.7488
5.6063
5.9411
5.5186
5.3273
5.4158
5.3970
5.5533
5.6480
5.6192
5.7675
5.9543
5.9169
5.9704
5.5001
5.7273
5.5040
6.0623
5.6395
5.9023
5.7755
5.9036
5.9244
6.0051
6.3818
5.9253
5.7673
5.9788
6.1459
5.9171
5.9903
5.6847
5.3836
5.6889
5.5836
5.6158
6.2870
5.6942
6.3050
6.1648
5.6839
6.0382
5.9069
5.5071
5.5758
5.5538
5.9420
6.1362
5.7668
5.8035
6.1683
6.3040
5.9710
6.1985
6.1439
6.0215
5.6585
6.0294
6.1963
5.7850
6.0571
6.0061
5.7510
5.7362
5.7064
6.0408
5.9423
6.0528
6.0713
6.4502
6.0141
5.9404
5.9772
6.0971
6.5074
6.0943
5.9806
5.8207
6.0765
5.8700
6.0398
6.0217
6.2693
6.0023
5.7522
5.5864
5.5034
5.7617
5.9181
5.6595
5.5783
5.6732
5.7117
5.9473
6.0893
6.0656
6.2798
6.3403
6.4559
6.1135
6.1824
6.0947
6.0474
5.9481
5.8244
5.5872
6.0598
5.8912
5.9892
6.2554
6.1199
6.0709
6.0603
6.0641
5.9355
5.8653
5.7774
5.5222
5.5347
5.5890
5.8105
5.9072
6.0296
6.0868
5.9319
6.3411
6.4156
6.1416
6.3475
6.2099
6.0474
5.9884
6.0270
6.2980
6.2607
6.2517
6.3263
6.3232
6.1212
5.9581
6.0715
6.1155
6.2970
6.3510
6.4048
6.3141
5.9856
6.0799
5.5959
5.9290
5.5614
6.0190
6.1893
6.2683
6.0250
5.9165
6.0434
6.3134
6.2350
5.9924
5.8966
6.2279
6.3438
6.1615
6.2382
6.2896
6.3476
6.1401
5.9338
6.1097
5.7418
6.1960
6.2207
5.6440
6.1391
5.9000
6.4532
6.8561
6.9193
6.5496
6.4539
6.2755
5.6878
5.4337
6.0931
6.0287
5.9382
5.9537
6.0012
5.6528
6.0259
5.4695
6.1535
5.3955
5.6855
5.7522
5.9034
5.5766
5.6855
5.9127
5.7799
5.8486
5.9476
5.8279
5.8422
6.1333
5.6652
6.3687
5.9440
6.0740
6.0932
5.9448
5.8174
6.2629
6.0182
5.7733
6.2555
5.7958
6.1445
6.0120
5.7723
5.5034
5.8558
5.6493
5.5124
5.8948
5.4795
5.6648
5.5649
5.6415
5.2789
5.3575
5.2774
5.4048
6.0150
6.2191
6.2933
6.1383
5.7512
6.1731
5.8475
5.6370
5.5845
5.3939
5.7335
5.7870
5.7406
5.6157
5.6278
5.3160
5.7094
6.0356
6.3371
6.5454
6.4063
5.9709
5.6821
5.8602
5.9539
5.4611
5.1985
5.8981
6.3567
5.6704
6.1349
6.1720
6.3824
6.5197
6.0332
5.8032
5.4227
5.2076
5.7696
5.5895
5.4861
5.7040
5.2304
4.9399
5.7085
5.6308
5.5001
5.9934
5.5823
5.5494
5.5134
5.4777
5.7097
5.9741
5.8387
5.9712
5.6534
5.5523
5.4089
6.1349
5.7017
5.7449
5.8445
5.9378
6.0342
6.2944
6.0135
6.1103
5.9103
6.5779
6.5022
6.6661
6.2767
6.5202
6.0190
6.0742
5.9321
6.5118
6.5088
6.2787
6.5874
6.5371
6.8100
6.8346
6.4023
6.1028
6.2837
6.2557
6.4712
5.9969
6.4428
6.3286
6.7474
6.6054
6.3108
5.8440
5.5985
5.6414
5.6742
5.9167
6.3296
5.9110
5.5815
6.0771
6.0374
5.5924
5.5764
5.4362
5.8783
5.4960
5.5094
5.4969
5.4104
5.1029
5.0000
5.4255
5.8651
5.4811
5.4277
5.4914
5.6870
6.2043
5.9510
5.6399
5.7795
6.3742
6.3061
6.2380
5.7612
5.6552
5.9423
5.8970
5.9977
6.1604
6.0143
6.2867
6.0744
6.0925
6.2154
5.8955
5.7672
5.9783
6.2376
6.8397
7.1391
6.8551
7.0459
6.8191
6.9574
6.3957
6.6715
6.9440
6.4326
6.5373
6.3457
6.8201
6.2470
6.3489
6.4083
6.5175
6.5340
6.3091
6.3779
6.2048
6.3167
6.2590
6.2546
6.3246
6.3384
6.4842
6.7255
6.6965
6.8901
6.7653
6.6737
6.8653
6.5017
6.7918
6.9214
7.0210
7.1400
7.3345
7.5610
7.1304
6.8071
6.6840
6.6387
6.5971
6.9958
7.1954
6.8262
6.6885
6.4797
6.6841
6.2845
6.4403
6.4868
6.4597
6.2286
6.0672
5.9435
6.0145
6.4770
6.5539
6.4537
6.3755
6.4602
6.4139
6.7604
6.9371
6.8836
6.5053
6.4813
7.1369
7.0885
7.3813
7.3741
7.4589
6.8887
6.4407
6.8055
6.1658
5.9421
6.2581
6.1573
6.6564
6.2663
5.9196
5.8206
6.0965
6.1342
6.1703
6.3096
6.5516
6.1975
6.3261
6.6938
6.4655
6.4966
6.2274
6.5762
6.5063
6.7786
7.0025
7.7764
7.6323
7.3640
7.1831
6.7824
7.0308
7.0060
6.8842
6.8238
6.7075
6.9773
7.0261
6.3500
6.1808
6.4862
6.7288
6.7734
6.7891
6.9319
6.7654
6.8462
7.1866
6.5614
6.6695
6.2701
6.1009
6.3877
6.6182
6.2249
6.4440
6.0605
6.6549
6.8329
6.7723
6.7178
6.4687
6.3053
6.6895
6.7471
7.0416
6.8041
6.8747
6.6538
6.9855
6.6670
6.6883
6.4200
6.5013
6.9436
6.9198
6.3385
6.3072
6.0899
6.7176
6.3950
5.9339
6.4263
6.5330
6.2043
5.8644
5.8105
6.1117
6.1024
6.0954
5.6866
5.7109
5.3733
5.4131
5.2817
5.0145
5.4405
5.1134
5.6489
5.5437
5.5098
5.4835
5.7035
5.5587
5.8583
5.5906
5.5879
5.5525
5.8659
5.6671
5.2527
5.1941
5.3147
5.6469
5.8551
5.6143
5.8198
5.8062
5.7982
6.0944
5.8043
5.5507
5.4265
5.7991
5.6005
5.8209
5.6228
5.4844
5.3302
5.1405
5.5654
5.1084
5.3787
5.6982
5.7537
5.6716
5.7707
5.5869
5.1764
5.0284
5.2763
5.0552
4.6915
5.1388
5.2354
5.6503
5.4773
5.5985
5.4214
5.4821
5.3701
5.0933
5.5624
5.0972
5.1476
5.2663
4.9918
4.8843
4.8668
4.5847
4.7456
5.3417
5.4323
5.0408
5.2228
4.9743
5.0550
5.1808
5.1079
5.2086
5.4485
4.8825
4.9721
4.9920
4.8851
4.9216
5.0523
5.0336
5.3251
5.3209
5.4959
5.2214
5.0968
5.4665
5.4340
5.3865
5.1395
5.5932
5.5364
5.7018
5.2445
4.9259
5.3174
5.4417
5.5244
5.3110
5.3905
5.4292
5.4038
5.6294
5.7635
5.5335
5.5519
5.7380
5.0277
5.1538
5.1141
5.2644
5.3250
5.5495
5.4630
5.7057
5.5249
5.1777
5.1703
5.4047
5.3499
4.9193
5.1527
4.8019
4.9708
5.3759
5.0751
5.1249
5.0837
5.0279
5.2887
5.2619
5.5458
5.4037
5.2878
5.4026
5.3330
5.0065
5.4350
5.3357
5.3373
5.5700
5.3097
5.4070
5.3184
5.4528
5.3293
5.3170
5.5951
5.5118
5.1627
5.5463
5.5555
5.3608
5.5879
6.1035
5.8998
5.8579
5.2476
5.7049
5.4442
5.3115
5.3182
5.3590
5.7283
5.5193
5.6372
5.6494
5.1970
5.3340
5.4424
4.9538
5.1493
5.4630
5.4776
5.1250
4.8343
5.0521
5.1282
5.5119
5.4285
5.3917
5.3437
5.2511
4.9160
5.1408
4.9674
4.9912
5.0453
5.2823
5.1979
5.0996
5.5146
5.5339
5.3552
5.1107
5.7104
5.8763
6.0727
5.7437
5.4976
5.7858
5.2087
5.3471
5.6069
5.8810
6.1073
5.6379
5.6692
5.7730
5.7339
5.7623
5.8158
5.5353
5.7611
5.3197
5.2097
5.1947
5.5029
5.4844
5.4314
5.3878
4.9702
5.2396
5.4765
5.3916
5.3240
5.3694
5.1312
5.1414
5.2742
5.3640
5.3185
5.5738
5.5828
5.4810
5.5746
5.3490
5.7379
5.5503
5.6590
5.2917
5.2777
5.5610
5.3407
5.5884
5.7597
5.2664
5.4438
5.4251
5.2754
5.3725
5.2876
5.1576
5.4719
5.0759
5.0678
5.0323
5.2731
5.0674
5.0596
5.0699
5.0239
5.1147
5.0151
5.3685
5.0418
5.2876
5.5658
5.4705
5.2980
4.9795
5.0695
5.2752
5.1867
5.3763
5.0786
5.0599
5.1641
5.1527
5.2064
5.0196
5.1608
5.2603
5.5874
5.5243
5.7062
5.7374
5.4679
5.7930
5.5510
5.6827
5.3166
5.5854
5.4403
5.4337
5.3549
5.5885
5.4451
5.6782
5.3219
5.6602
5.5304
5.4731
5.3374
5.1908
5.1701
5.3924
5.9032
5.5643
5.3776
5.3750
5.4675
5.2504
5.2317
5.3029
5.5103
5.4460
5.6288
5.8152
5.7308
5.5174
5.5517
5.7799
5.0943
4.7924
4.9507
5.0404
5.0895
5.0265
4.9406
5.3674
5.1499
5.3383
5.0125
5.0476
5.0607
5.0557
5.2916
5.2391
5.6792
5.5797
5.2663
5.6161
5.5633
5.4572
5.3612
4.8899
5.2517
4.9791
4.9841
4.8366
4.8171
5.3180
5.5209
5.3785
5.9167
6.0357
5.9733
5.6476
5.6192
5.3601
5.3901
5.0426
5.0092
5.0866
5.2662
5.1509
5.2541
4.9720
5.2462
5.3429
4.8342
4.9305
4.9917
5.2575
5.1734
5.4328
5.2232
5.4647
5.2506
5.1304
4.9934
5.1833
5.5184
5.4191
5.2529
5.2308
5.1991
5.6354
5.2444
5.3815
5.5633
5.1029
5.3542
5.2339
5.0776
5.3305
5.1746
4.9662
5.3216
5.3422
5.1299
5.2007
5.2144
5.3536
5.5674
5.2405
5.1155
5.3653
5.0473
5.1595
5.1633
4.8796
5.1518
5.3520
5.3075
5.5359
5.8485
5.1947
5.2587
4.8378
4.8227
5.1773
5.0636
5.1751
5.0172
5.4055
5.2538
5.0160
4.9328
4.8246
4.7619
4.9327
5.0442
5.1634
4.9232
4.7732
4.7745
4.5072
4.6483
5.1086
5.0410
4.9302
4.6609
4.6437
4.4995
4.7456
4.6099
4.6448
4.9942
4.7166
4.6092
4.7968
4.5805
4.8825
4.9013
4.6704
5.0377
4.8520
4.9586
5.1993
5.2674
5.0942
5.5378
4.9155
4.7542
4.9297
4.7774
5.0161
5.1072
4.9744
4.9820
4.9462
4.7487
4.4348
4.7247
4.6238
4.6413
4.6349
4.8693
4.9648
5.2023
5.5438
5.3966
5.0886
4.9852
4.9059
4.7466
4.7988
4.7460
4.7566
4.9350
4.7833
4.4411
4.9074
4.6985
4.8399
4.6658
4.5933
4.6342
4.7651
4.7843
4.6852
4.9342
4.7861
4.7162
4.7510
4.7791
4.6622
4.8674
4.7302
4.8301
4.6698
4.7103
4.8343
4.7039
4.7777
5.0364
5.2953
4.8589
4.8900
5.0177
4.9706
5.0254
4.7843
4.6910
4.8386
5.1068
4.8672
4.8349
4.9435
4.8496
4.5810
4.5981
4.6993
4.9438
4.8159
4.7887
5.0260
4.5615
4.7421
4.9553
5.0168
4.7801
4.9735
4.7658
4.8509
4.8396
4.9362
4.9756
4.7927
4.8498
5.1391
5.0842
4.7168
4.9851
5.1973
4.6971
4.6639
4.8174
4.7791
4.9847
4.9456
4.9063
5.0328
5.0014
4.8514
5.0415
5.1043
5.1136
5.2139
4.9476
5.0132
4.7854
4.8435
4.6388
5.0312
4.8791
5.1039
5.1977
4.9577
4.8821
4.9419
5.1866
5.2015
5.1236
5.2384
5.0768
4.9418
5.1232
5.6280
5.3377
5.2601
5.3526
5.4416
5.4142
5.0841
4.8488
5.2671
4.9806
5.1541
5.2053
5.1544
5.0944
5.1658
5.0347
5.1978
5.1550
5.0625
5.1088
4.7842
4.8751
5.0006
4.8894
4.7913
5.0709
4.8819
4.8915
4.8702
5.1436
5.4514
5.3386
5.3229
5.0585
4.7602
5.0724
5.0843
5.0036
4.7798
4.9737
4.8547
5.0056
5.4219
5.0647
5.0532
5.0994
5.0972
5.2111
4.9681
4.5546
4.7496
4.8727
4.8454
4.7117
4.9773
5.1668
5.2278
5.4144
5.3677
5.5385
5.1321
5.0040
5.2427
4.9769
4.5798
4.4156
4.7454
4.7351
4.9941
5.1213
5.2866
5.2199
5.3088
4.9581
5.4609
5.1417
5.3302
4.9239
5.1207
5.6460
5.4697
5.2355
5.5405
5.5810
5.5444
5.5561
5.6461
5.5069
5.3879
5.3962
5.5927
5.3448
5.6341
5.4965
5.3261
5.0371
5.3888
5.3685
4.9333
5.1576
4.9967
5.1467
4.9685
4.8110
5.0365
4.9691
4.8709
4.8060
4.7054
4.8913
4.8048
5.1284
5.7276
5.4846
5.3311
4.9071
5.1221
5.3728
5.0637
5.1579
5.3663
5.1496
5.5052
5.2461
5.0408
5.5121
4.9666
5.2201
5.1435
5.4638
5.2247
5.2987
5.0550
5.5147
5.5150
5.0630
5.3238
4.9092
5.4279
5.3079
5.2216
4.8405
5.1176
5.1360
5.2884
5.1264
5.2974
4.8731
4.8762
5.3268
5.1167
5.0896
5.4880
5.0874
5.1234
5.3555
5.2369
5.0160
5.3823
5.2643
5.0885
4.9510
5.2700
5.2106
4.8054
5.2273
4.6684
4.8870
5.1148
5.0448
5.0695
4.9081
5.2385
5.8273
5.6946
5.7035
5.9581
5.2866
5.1295
5.1999
5.6018
5.4626
5.4011
5.0457
5.2391
5.2392
5.3626
5.6160
5.2219
5.9334
5.1884
5.5426
5.1529
5.1083
4.9547
5.2306
5.4633
5.2105
5.2953
5.2183
5.2157
5.1768
5.2419
5.5126
5.5848
5.2774
4.9971
5.0113
5.0059
4.6605
4.8058
5.0427
5.1353
5.4661
5.2591
5.5876
5.0002
5.0157
5.3147
5.3927
5.3135
5.2659
5.2470
5.2208
5.3682
4.8004
5.0273
5.5753
5.2526
5.1772
5.5801
5.4000
5.4100
5.1242
5.3125
5.3832
5.1475
5.6613
5.1307
5.3372
5.1338
5.3695
5.5503
5.2788
5.5135
5.2139
5.4687
5.4248
5.4436
5.3304
5.2388
5.3446
5.5697
5.3820
5.2356
5.0625
5.3178
5.4202
5.5885
5.7795
5.3853
5.5144
5.5551
5.8154
5.3930
5.2850
4.9584
5.1538
5.2605
4.9919
5.3518
5.3015
5.6153
5.9809
5.3669
5.3118
5.4197
5.4591
5.2788
5.5899
5.4974
5.2245
5.2962
5.5001
5.7299
5.3534
5.4643
5.1532
5.0693
5.3215
5.0584
5.2816
5.2438
5.1488
5.2740
5.3324
4.9716
5.0970
5.3355
5.2131
5.4486
4.9714
5.0527
5.2835
5.5103
5.4345
5.3955
5.4599
5.3556
5.3706
5.4784
5.2946
5.3410
5.5457
5.3150
5.0398
5.0217
5.2106
5.2014
4.9551
4.9749
4.9070
5.1608
5.1302
5.0809
5.2643
5.3881
5.3440
5.2979
5.0818
5.1048
4.8617
4.8667
5.2457
5.2183
5.0293
5.2079
4.8633
5.5351
5.2512
5.2389
5.4157
5.1340
5.2179
5.2094
4.8608
5.0712
5.0224
5.4404
5.2363
5.3318
5.0871
5.0597
5.0696
4.7960
4.5899
5.0153
4.9599
5.2774
5.2073
5.0225
5.1434
5.0174
5.3507
5.0131
5.0772
5.1092
5.1469
4.8742
5.1281
4.9777
5.0665
4.8152
5.0752
5.1299
4.9960
4.9854
5.1737
5.3119
5.1005
5.2648
5.3426
5.2802
5.3260
5.2931
5.0824
4.9122
4.9146
4.9911
4.8324
4.9448
5.0322
4.9507
4.6803
4.8347
4.9203
4.6893
4.7778
4.8621
4.8349
4.7627
4.9822
4.8937
5.0178
5.4362
5.1878
5.1755
5.2139
5.2779
5.0907
5.2962
5.3456
5.2608
5.1377
5.1961
5.1774
5.4603
5.2684
5.3695
5.2087
4.9718
5.0235
5.0521
5.1652
5.6185
5.6427
5.8487
5.4246
5.4989
5.5819
5.4822
5.4796
5.3263
5.1265
5.1693
4.9329
5.2764
5.4026
5.6725
5.1628
5.3284
5.4750
5.0764
4.9887
4.9191
4.7202
4.8709
4.8280
4.9746
4.9439
4.7930
5.0449
4.8292
5.0423
5.0619
4.9223
4.7801
4.9731
4.7076
4.8935
4.7460
4.9674
4.8577
4.6619
4.7165
5.0804
5.0543
5.1032
5.1998
5.4542
5.3032
5.2279
5.1944
4.8184
5.0468
5.4291
5.4463
5.4303
5.3238
5.3876
5.0809
4.8400
5.4094
5.3888
5.1076
5.1461
5.3214
5.3207
5.5275
5.4010
4.9468
5.4710
5.3854
5.3162
5.1553
5.0296
5.1856
5.2361
5.1554
5.3334
5.4890
5.5146
5.2109
5.2448
5.3667
5.3358
5.1311
5.3566
5.4796
5.0596
5.2481
4.9698
4.9877
5.1883
4.8743
5.2886
5.1448
5.4355
5.1252
4.8934
5.0325
4.6713
5.0092
4.7854
4.8702
4.8480
4.7821
4.8243
4.9449
4.9302
4.8456
4.9809
5.0773
5.2019
4.9302
5.1596
5.0005
4.9873
5.0902
5.1769
5.0587
5.1987
4.9019
5.3552
5.4769
5.3561
5.2457
4.9545
4.9849
4.9296
4.9276
5.0049
4.9989
5.1011
5.1692
4.8926
4.8843
4.9979
4.9777
5.1383
5.0763
5.2008
4.9747
4.9243
5.1861
5.2684
4.8775
4.9533
4.8272
4.9235
5.2113
4.9289
4.8822
4.9934
5.0988
5.3273
5.3365
5.2013
5.4314
5.2951
5.1474
5.1307
5.1120
4.8983
5.0016
4.8378
4.7680
5.2023
5.3710
5.3739
4.8892
4.7761
5.0197
5.0660
5.1708
5.5800
5.1186
5.4908
4.9346
5.0357
4.9169
4.8567
5.4755
5.0189
4.9176
4.9632
5.3140
5.0143
5.2361
4.8291
5.0356
5.0249
5.0389
5.3217
5.2723
5.0968
5.0005
5.2198
5.0674
5.4425
5.0913
5.2070
5.0839
5.4764
5.3245
5.3370
5.3803
5.4980
5.5887
5.3791
5.0616
5.4713
5.0139
4.9003
4.5637
5.0300
4.7231
5.1228
5.1394
4.8888
4.6672
4.3900
4.7551
4.4729
4.7914
4.5880
4.8898
4.9276
5.5460
5.2907
5.0691
4.8690
4.7550
4.7804
4.6841
4.6239
4.7544
4.6250
4.4865
4.7492
4.8506
4.8493
5.0541
4.8726
4.9684
5.5378
5.7114
5.5857
5.0111
4.9342
4.9072
4.8100
4.7195
5.2002
4.9451
4.7444
4.7723
5.1209
5.0350
4.7647
4.5700
4.8786
4.9927
4.4559
4.4976
4.4753
4.3403
4.3505
4.3794
4.2751
4.4345
4.6052
4.8802
4.8718
4.7731
4.8200
4.7502
4.6736
4.7597
4.5110
4.6050
4.7569
4.8437
4.8354
5.1777
5.1195
5.1897
4.7594
4.5786
4.7800
4.8358
5.2228
4.9925
5.0203
5.0477
5.1054
4.6565
4.3880
4.5795
4.3067
4.3546
4.7006
4.7387
4.5209
4.9881
5.0466
4.7982
5.0610
4.8694
4.7489
4.8088
5.0124
4.8114
4.9102
4.7766
4.6957
4.8540
4.8777
5.0245
4.8284
5.0707
4.8158
5.2029
5.1307
5.2916
5.1681
5.5738
5.4919
5.2962
5.1552
5.6171
5.2531
5.5360
5.4298
5.0826
4.9085
4.9525
5.0302
5.2982
5.0706
5.0956
4.9709
5.3689
5.2594
5.0452
5.3253
5.0842
5.4658
5.2779
5.5946
4.8388
4.8182
4.6969
4.9397
5.1045
5.0949
5.0050
5.1465
5.0740
5.4594
5.3455
4.8598
5.1450
5.0074
5.0685
5.1279
5.1707
5.1957
5.3026
5.5696
5.4088
5.4244
5.4582
5.4380
5.1995
5.0611
5.1740
5.5471
5.6787
5.4594
5.1656
5.2417
5.6950
5.0469
4.9179
5.2705
5.4846
5.3366
5.4946
5.6864
5.5303
5.6161
5.3676
5.5172
5.2008
5.2658
5.3242
5.4454
5.6899
5.2133
5.2126
5.1726
5.2782
5.5636
5.5483
5.5907
5.5498
5.4112
5.4948
5.4424
5.3096
5.0557
5.2833
5.3307
5.5238
5.2749
5.2659
5.2671
5.5552
5.8351
5.6130
5.7477
5.6953
5.4275
5.5296
5.0493
5.3875
5.3224
5.3705
5.0808
4.9441
5.1680
4.9961
5.2076
5.1334
5.5549
5.3542
5.4806
5.1753
5.4999
5.1547
5.1984
5.0899
5.3929
5.3866
5.4187
5.1263
5.1552
5.3219
5.1402
5.3573
5.2827
5.1817
5.0717
5.1174
4.8818
4.9492
5.2104
5.1817
5.1177
5.1869
5.3809
5.0577
5.3601
5.0227
5.1061
5.4241
5.4767
5.6532
5.3038
5.5327
5.5460
5.2443
5.2989
5.4058
5.8509
5.6456
5.4011
5.2955
5.3275
5.4142
5.5150
5.3712
5.0048
5.1279
5.1451
5.0620
5.1178
5.3694
5.4061
5.2233
5.2200
5.2582
5.5141
5.3093
5.5073
5.3459
5.7045
5.5262
5.5600
5.5885
5.6807
5.4917
4.9920
5.2006
5.6727
5.5177
5.4403
5.4455
5.4593
5.5217
5.3004
5.2072
4.8567
5.2844
5.6325
5.3981
5.4463
5.5109
5.5352
5.8503
5.2835
5.3442
5.0148
5.3806
5.0829
5.4683
5.5196
5.6766
5.6081
5.7371
5.7992
5.5480
5.3573
5.4377
5.5339
5.4038
5.4127
5.5407
5.4615
5.3730
5.4645
5.2114
5.4813
5.5500
5.5453
5.1708
5.5295
5.3368
5.2153
5.3266
4.9651
4.8284
4.9787
4.7379
5.1037
5.0075
5.2399
5.1567
5.3088
5.2746
5.2210
5.4794
5.0976
5.1138
5.0553
5.3207
5.3396
5.1864
5.0908
5.4537
5.3768
5.1965
5.7255
5.4751
5.5328
5.7267
5.5500
5.4461
5.1064
5.3173
5.6456
5.4549
5.6345
5.5643
5.0487
5.4725
5.3429
5.4985
5.5181
5.4034
5.3290
5.3314
5.4668
5.3976
5.2168
4.9481
5.3661
4.8672
4.7638
5.2651
5.2047
5.6329
5.5738
5.5143
5.4054
5.3497
5.0682
5.2851
5.1105
5.1946
5.2716
5.2512
5.6019
5.0868
5.1319
5.3623
5.2487
5.3910
5.3787
5.6073
5.3385
5.3058
5.2635
5.2719
5.2275
4.8816
5.2273
5.2891
4.9883
5.0489
5.2023
5.1790
4.8979
5.1563
5.4437
5.5662
5.4305
5.1137
5.3975
5.2821
5.3195
5.3510
5.3670
5.0596
5.3278
5.3489
5.6179
5.5970
5.3596
5.3484
5.4200
5.5792
5.5860
5.6497
5.8004
5.5952
5.3912
5.4140
5.3551
5.2774
5.7849
5.7004
5.8599
5.8604
5.5864
5.4103
5.5846
5.5825
5.6212
5.4520
5.5582
5.2165
5.5813
5.3202
5.2490
5.1886
5.0180
4.8414
5.2455
5.3537
5.3645
5.2086
5.2687
5.2539
5.3372
5.0576
5.3094
4.9093
4.8326
4.9974
5.0813
4.9208
5.1193
5.1033
4.7080
4.6257
4.7131
4.8908
4.9708
4.6545
4.6810
4.8237
4.8855
4.9460
4.9529
5.0624
5.1820
5.0847
5.0597
4.9843
5.0251
5.2622
4.9111
5.0264
4.9248
5.0381
4.8713
4.8288
4.8126
4.6816
4.4490
4.5762
4.2264
4.5894
4.5928
4.7365
4.9759
5.3820
5.0914
4.9266
5.2769
4.9531
4.8386
4.8033
4.9717
4.9571
5.1932
4.8295
5.1248
5.4735
5.1150
4.7746
5.0463
5.5695
5.2870
4.7213
5.4088
5.1658
5.2186
5.6311
5.4355
5.2369
4.9296
5.1641
4.9891
4.9553
5.4778
5.0518
5.3916
5.4588
5.5091
4.9424
4.9620
5.2301
5.1059
5.2538
5.0222
5.1615
5.1585
4.9455
4.7581
5.0173
5.2720
5.0114
5.0693
5.0594
5.0607
5.4588
5.2977
5.2156
5.0301
4.9907
4.7670
5.1276
5.1500
5.1150
4.9682
5.2963
5.1900
5.3976
5.4557
5.2989
5.2309
5.0760
5.2483
4.9515
5.0294
4.9374
5.1934
5.6026
5.3728
5.2512
5.9971
5.9992
5.4869
5.5763
5.7392
5.3437
5.4796
5.3730
4.8505
4.9999
5.6751
5.3101
5.3979
5.1498
5.3111
5.8584
5.9046
5.6097
5.5209
5.5589
5.6086
5.3733
5.4428
5.2555
5.1563
5.4335
5.0394
5.4341
5.4603
5.6778
5.1132
5.3715
5.4096
5.2112
5.4807
5.3484
5.6764
5.4390
5.6297
5.5332
5.3206
5.2484
5.2634
5.5143
5.4540
5.4909
5.4389
5.4699
5.5347
5.8437
5.5215
5.4838
5.2275
5.2780
5.3610
5.2543
5.0391
5.1257
4.9464
5.2517
5.2136
5.5051
5.3193
5.4656
5.3545
5.6854
5.4080
5.2552
5.2414
5.5649
5.4548
5.8353
5.5721
5.4084
5.0067
5.3546
5.4917
5.2359
5.1219
5.2543
5.4137
5.2024
5.4229
5.4662
5.4060
5.0184
4.9105
5.1607
5.4808
5.1696
5.5344
4.8671
5.1092
5.5160
5.4551
5.3073
5.1780
5.1764
5.3180
5.1695
5.3365
5.5381
5.1026
5.2686
5.2859
5.2281
4.8882
5.0052
4.9087
5.1864
5.2686
5.0292
4.9349
4.9766
5.1856
5.1024
5.2647
5.1321
4.8709
5.0752
5.1831
4.9152
5.1379
4.9499
5.4603
5.2258
5.0287
5.2622
5.2377
5.3716
5.3029
5.5239
5.4913
5.2429
5.2326
5.2722
5.2461
5.5801
5.3253
5.1938
4.9695
5.1791
5.1765
4.9973
5.1217
5.3821
5.5530
5.5175
5.2782
5.3656
5.1812
5.2334
5.3835
5.5229
5.1225
5.3027
5.1056
4.9153
5.1146
5.1603
5.0228
4.7273
5.2866
5.1938
5.4432
5.2591
5.2914
5.5560
5.0682
5.1005
5.1903
5.0250
5.0089
4.8768
4.9361
5.2119
5.1320
4.9775
5.2702
5.2530
5.2839
5.1288
5.2117
5.3053
5.0615
5.2878
4.9706
5.3363
5.2748
5.2544
5.2233
5.4589
5.0915
5.1538
5.1172
5.3206
5.2860
5.4195
5.4231
5.3713
5.1076
5.2863
5.3173
5.3901
5.2954
5.1844
5.4055
5.4481
5.2883
5.3847
5.0711
5.2659
4.8686
5.3035
5.5529
5.4678
5.1385
5.4729
5.2937
5.1380
5.3413
5.3406
5.3823
5.4254
5.5816
5.4382
4.9176
4.9345
5.3181
5.6521
5.2570
5.3785
5.2864
4.8415
5.0264
5.0930
5.0448
5.2381
5.6381
5.2423
5.4330
5.2823
5.5774
5.2042
5.1307
4.6579
4.7780
4.8526
5.5023
5.2297
4.9349
5.1874
4.9380
4.8723
4.9343
5.0403
5.1385
5.1232
4.8097
4.7418
4.6184
4.7725
5.1529
4.7229
4.7795
4.6944
4.8653
4.9766
4.9513
4.9579
5.0267
5.4923
5.7398
5.3873
5.3852
5.5179
5.8101
5.8087
5.6688
5.2697
5.3460
5.2102
5.3934
5.3464
5.1288
5.6092
5.5401
5.3420
5.1270
5.1297
5.2844
5.5929
5.3691
5.2401
5.3847
5.2964
5.2376
5.5284
5.4838
5.4776
5.1801
5.2208
5.1854
5.1893
5.3204
5.5365
5.1427
5.0729
5.1007
5.1611
5.3069
5.7286
5.5982
5.5523
5.8439
5.5718
5.8752
5.6295
5.9691
5.6372
5.5280
5.7607
5.2931
5.4157
5.3227
5.1338
5.1913
5.2900
5.4083
5.2553
5.3145
5.1845
5.1452
5.2531
5.6671
5.3816
5.3854
5.4672
5.3276
4.9784
5.2035
5.5762
5.0818
5.1769
5.0487
5.2970
5.4900
5.5102
5.3645
5.4003
5.6172
5.1864
5.1603
5.1616
5.2151
5.3917
5.5031
5.3942
5.2565
5.7424
5.6458
5.5503
5.5911
5.1662
5.2203
5.3628
5.5547
5.4270
5.0784
4.9359
4.9796
5.0740
5.3701
5.2131
5.2416
5.1305
5.1313
5.2888
5.5040
5.6299
5.4230
5.6233
5.6657
5.5569
5.4011
5.5157
5.7224
5.3493
5.1501
5.3443
5.5478
5.1015
5.2739
4.9374
5.4708
5.2652
5.1179
5.0655
5.3600
5.3263
5.1659
5.1401
4.7609
4.6154
4.6440
5.0017
5.2136
5.2745
5.2890
5.0092
5.4404
5.0514
4.9828
4.8785
5.0741
4.9326
5.2615
5.2483
5.2200
5.4931
5.2333
5.1065
4.9168
5.2147
5.1538
5.4510
5.2036
5.3772
5.4302
5.4703
5.1982
5.1290
5.1958
5.3284
5.6444
5.6205
5.4697
5.4832
5.0018
5.5510
5.5985
5.4503
5.4195
5.5554
5.4963
5.3030
5.4422
5.4003
5.5833
5.3079
5.3894
5.4972
5.6190
5.5772
5.5084
5.1091
5.0682
5.1124
5.0595
5.3033
5.0029
5.1062
5.1258
5.1572
4.8129
4.9969
5.0586
5.1153
5.2425
5.1111
5.1964
5.3703
5.2136
5.3830
4.9583
5.1925
5.2119
5.2952
5.0886
5.2833
5.1671
5.0875
5.4497
5.4122
5.3450
5.2639
5.1259
5.3193
5.0313
5.3930
5.2498
5.6048
5.4802
5.0808
5.1486
5.0050
5.0189
4.9625
5.1447
5.3990
5.4595
5.1953
5.2524
5.2554
5.1281
5.1986
5.3839
5.2187
5.1665
5.0731
5.1876
5.1878
5.0968
5.1566
4.8944
5.1356
5.0600
4.8687
4.7875
4.8901
4.8835
4.8620
5.0030
4.9779
4.9753
4.8780
4.7329
4.8839
5.0227
4.8066
4.7604
5.0596
5.1419
5.1651
5.2419
5.4643
5.3147
5.3658
5.2082
5.2519
5.3422
5.5563
5.1173
5.1677
5.3011
5.2424
5.1630
5.1218
5.0824
5.1797
5.1717
5.3336
5.2475
5.2329
5.3819
5.3453
5.2616
4.9866
5.1073
5.1664
5.2195
5.3477
5.5550
5.1173
5.2484
5.4490
5.1188
5.1361
5.2768
5.2459
5.3083
5.3606
5.1518
5.3929
5.5042
5.4998
5.3700
5.5091
5.1511
4.9011
4.9685
5.1353
5.2462
5.1057
5.2762
4.9775
4.8623
5.0451
5.4064
5.1928
5.1749
5.1907
5.2971
5.1982
4.8589
4.9545
5.1386
5.4694
5.4888
5.1428
4.9472
4.9939
5.0496
5.4723
5.2341
5.1616
5.4601
5.1122
5.4380
5.6064
5.4673
5.2913
5.0694
5.3128
5.2768
5.3261
5.4170
5.1895
5.0481
5.2286
5.1414
5.2597
5.3218
5.2491
4.9800
5.2153
5.1371
4.9841
5.1338
4.8736
5.2658
5.5170
5.6505
5.5620
5.4578
5.5590
5.7398
5.8470
5.6311
5.5448
5.6500
5.8784
5.5990
5.7225
5.6870
5.2620
5.2424
5.1545
5.1854
5.0927
5.1746
5.2958
5.4814
5.1050
5.4748
5.2607
5.1900
4.9671
5.3376
5.2032
5.1310
5.3168
5.3015
5.4055
5.2210
5.1985
4.9228
5.0073
5.0988
5.2485
5.4386
5.6113
5.5622
5.5459
5.2682
5.3548
5.6685
5.3456
5.9210
5.7045
5.6804
5.7392
5.9058
6.1248
5.6486
5.6005
5.4593
5.5333
5.6774
5.1988
5.4560
5.4202
5.0691
5.2527
5.4720
5.1031
5.0981
4.8717
5.0273
5.2034
5.2611
5.0893
5.2323
5.5619
5.6780
5.5639
5.5989
5.5165
5.5805
5.5284
5.2102
5.4715
5.4277
5.2881
5.0787
5.5747
5.1534
5.3692
5.5448
5.3862
4.9127
5.1961
5.2049
5.0877
5.1874
4.8851
5.2098
5.1878
5.1351
5.6303
5.2836
5.5399
5.5051
5.4553
5.5881
5.2205
5.1048
5.2850
5.6613
5.3913
5.4821
5.4614
4.9183
4.8969
5.2797
5.0144
5.4890
5.5005
5.1893
5.2616
5.2990
5.1725
5.4180
5.3150
5.2242
5.1783
4.9637
5.2175
4.8959
5.2996
4.9524
5.0666
5.1125
5.4013
5.3314
5.2266
5.1835
5.0188
5.4424
4.8986
5.1214
5.2014
5.2938
5.6226
5.3222
5.1446
5.1395
5.1198
5.0657
5.4016
5.4759
5.7544
5.6076
5.0582
4.9005
4.6983
5.0832
5.0931
5.2545
5.1842
5.4847
5.2630
5.3735
5.5847
5.5156
5.0402
5.1297
5.1979
5.2209
5.1887
5.2093
5.2905
5.8415
5.6440
5.4794
5.2418
5.3699
5.8926
5.4540
5.2897
5.2862
5.4840
5.2170
5.2864
5.2529
5.2688
5.3209
5.5912
5.4541
5.6999
5.3750
5.2426
5.5373
5.2505
5.1559
5.0446
5.0494
5.2935
5.7249
5.2853
5.4571
5.4530
5.2739
5.3393
5.1523
5.5149
5.5394
5.3148
5.0649
5.1393
5.4497
5.3062
5.3892
5.5208
5.2890
5.8066
5.7267
5.0432
5.1962
5.4294
5.0532
5.5802
5.1207
5.2505
4.9760
5.0955
5.2061
5.1749
4.8971
5.0009
5.1080
5.1862
5.4190
5.3994
5.6451
5.1875
5.1390
5.3737
5.5320
5.1507
5.1727
5.3964
5.7069
5.5849
5.2543
5.2414
5.3607
5.4996
5.6181
5.3780
5.5328
5.6298
5.8821
5.7569
5.9865
5.7646
5.9044
5.6631
5.3637
5.4162
5.8111
5.6713
5.4649
5.5677
5.2992
5.4864
5.5175
5.6688
5.5568
5.4432
5.4594
5.4271
5.6818
5.1398
5.0995
5.2905
5.3682
5.2968
5.6989
5.5521
5.5265
5.5693
5.2362
5.5016
5.6536
5.3562
5.5675
5.5130
5.7254
5.3310
5.2412
5.3280
5.2868
5.4026
5.6246
5.2761
5.3768
5.3889
5.5944
5.9323
6.0008
5.7866
5.3225
5.5576
5.5437
5.3149
4.7615
5.2312
5.3520
4.6919
5.0825
5.5317
5.4827
5.3026
5.2859
5.2727
5.3723
5.1069
5.4909
5.8583
6.0253
5.9041
5.6129
5.6010
5.5130
5.7692
5.3946
5.6510
5.5813
5.8954
5.6101
5.1659
5.4389
5.6896
5.5740
5.5996
5.3688
5.6434
5.9641
5.5966
5.4641
5.6724
5.5001
5.4365
5.2861
5.6911
5.2732
5.2450
5.2979
5.5446
5.2166
5.6498
5.7102
6.0331
5.6646
5.4545
5.4276
5.3593
5.4940
5.7892
5.7405
5.7045
5.3025
5.4061
5.2290
5.3176
5.5407
5.2836
5.4522
5.4015
5.2620
5.2958
4.9305
4.8702
5.2251
4.9927
4.9404
5.0486
5.2087
5.1490
5.2467
5.2934
5.1593
5.1508
5.5384
5.6266
5.6174
5.8328
5.8312
5.9004
5.3653
5.8765
5.9984
5.6257
5.7539
5.5930
5.4476
5.6470
5.4437
5.5210
5.3387
5.5694
5.4444
5.4034
5.3011
4.9823
5.2707
5.1999
5.0624
5.0135
5.2912
4.9972
5.1921
5.2537
5.1766
5.5227
5.7281
5.9036
5.2421
5.5397
5.5447
5.2285
5.2059
5.4041
5.1020
5.3531
5.3149
5.2949
5.6173
5.6977
5.5709
5.5702
5.5692
5.4595
5.2165
5.5111
5.5170
5.5350
5.5602
5.3756
5.4632
5.4551
5.4094
5.4561
5.2653
5.3364
5.6001
5.2595
5.2345
5.3636
5.5341
5.7125
5.4987
5.3376
5.4474
5.4849
5.4626
5.0991
5.3641
5.3443
5.2973
5.3763
5.2883
5.5541
5.6377
5.7252
5.5184
5.3912
5.4364
5.5857
5.5639
5.3999
5.7030
5.6043
5.3757
5.3048
5.5391
5.3673
5.5242
5.2189
5.2137
5.1411
5.2482
5.4873
5.3852
5.4275
5.1124
5.3800
5.0799
5.1765
5.3241
5.4370
5.3079
5.2555
5.2338
5.0707
5.3999
5.3475
5.3200
5.2495
5.2661
5.0574
5.2366
5.2457
5.3601
5.5250
5.0251
5.2870
5.3487
5.1977
5.4880
5.2206
5.1373
5.2487
5.7473
5.2377
5.5058
5.4788
5.3849
5.3612
5.6251
5.4916
5.5124
5.2786
5.2562
5.5236
5.5714
5.6017
5.7435
5.6271
5.6058
5.5158
5.8526
5.7280
5.8067
5.7765
5.8507
5.9135
5.7638
5.7394
5.4742
5.2365
5.3711
5.2842
5.3468
5.1510
5.2316
5.6249
5.6002
5.4441
5.5839
5.1077
5.3583
5.2256
5.0393
5.1915
5.2583
5.4848
5.3473
5.1634
5.4531
5.4072
5.2830
5.6592
5.6699
5.3003
5.3379
5.3135
5.6678
5.2790
5.2874
5.2543
5.4674
5.1893
5.3607
5.4361
5.7973
5.4337
5.3954
5.4664
5.4747
5.0955
5.0139
5.4279
5.2299
5.4406
5.2720
5.6061
5.5302
5.4976
5.3774
5.1828
5.3649
5.4414
5.2375
5.2249
5.5905
5.1452
5.5563
5.4486
5.1972
5.3390
5.0489
5.1981
5.3175
5.3378
5.4621
5.3640
5.1767
5.3732
5.2444
5.4332
5.6687
5.6988
5.7448
5.3185
5.4041
5.4800
5.3312
5.3693
5.6274
5.4857
5.5064
5.6855
5.9001
6.0448
5.6357
5.7748
5.8935
6.0003
5.9427
5.7864
5.7131
5.7454
5.7728
5.9815
5.8596
5.8515
5.8701
5.9836
6.0625
5.9578
5.8346
5.6578
5.9598
6.0580
5.9463
5.8317
5.7632
5.9012
5.9471
6.0018
5.5870
5.7905
6.0395
5.6739
6.1623
5.8965
5.9008
5.4653
5.6526
5.8853
5.9191
6.0497
6.0390
5.6727
5.7757
5.5042
5.8651
5.8539
6.1504
5.7213
5.9816
5.8450
5.8180
5.2273
5.4031
5.4217
5.4834
5.8582
5.4196
5.6431
5.8139
6.0042
5.6518
5.5182
5.5879
5.5853
5.5325
5.5127
5.4537
5.1799
5.0134
5.2734
5.1308
5.0589
5.2490
5.2372
5.1686
5.1961
4.9783
5.0842
4.7542
5.0663
5.0675
4.8180
5.1202
5.1032
5.0787
4.9462
4.7209
4.6229
5.1566
5.0723
5.0483
5.2263
5.3355
5.1348
5.4349
5.2759
4.9609
5.1286
5.2746
5.3045
5.4490
5.1738
5.4719
5.4803
5.3395
5.3320
5.2727
5.1440
5.3435
5.4895
5.5527
5.5759
5.6459
5.5460
5.1627
5.0031
4.9752
5.1812
5.2356
5.3108
5.3403
5.4194
5.3499
5.4417
5.3470
5.3099
5.5420
5.2037
5.3091
4.9286
5.0211
5.3702
5.2922
5.3957
5.3582
5.2127
5.6076
5.4151
5.3994
5.2657
5.2901
5.2694
5.1563
5.2402
5.0524
4.9321
5.1494
5.3251
5.1997
5.3805
5.5664
5.2724
5.0479
5.1537
5.0310
5.1283
5.1819
5.2164
5.2397
5.0534
5.2172
5.2480
4.9563
5.2338
4.8958
5.0625
4.8722
4.9258
4.8885
4.8267
5.1053
5.1680
5.0280
5.2511
5.3718
5.2410
5.0966
5.0510
5.1079
5.2373
5.3221
5.0042
5.0858
5.2518
4.9414
4.9856
5.1432
5.1527
5.2349
5.2238
5.1750
4.9659
5.1703
5.0658
5.3264
5.1400
5.1947
5.2866
5.4627
5.0929
5.1379
5.4479
5.2577
5.5717
5.6455
5.5968
5.3530
5.6580
5.3209
5.5536
5.3889
5.3908
5.6540
5.6671
5.8874
5.6633
5.9604
5.8560
5.7194
5.4442
5.8634
5.9793
5.7017
5.7165
5.5883
5.1642
5.3744
5.5987
5.2461
5.3242
5.5111
5.6724
5.6605
5.8818
5.4255
5.6235
5.6639
5.5130
5.9476
5.4417
5.1323
5.0498
5.0474
5.2853
5.6306
5.5174
5.7682
5.6286
5.5691
5.8131
5.6866
5.8261
6.0695
5.9921
5.8088
5.3562
5.6047
5.6374
5.2913
5.6118
5.8179
5.4100
5.2245
5.3901
5.4694
5.6575
5.4859
5.4621
5.7423
5.3361
5.4386
5.5527
5.6040
5.4819
5.5068
5.4234
5.6211
5.5662
5.8864
5.8569
5.4068
5.9128
5.7871
5.6569
5.7607
5.5781
5.5645
5.8897
6.0810
5.7727
5.7206
5.7443
6.0127
5.7759
5.6912
6.2715
6.1646
5.9165
5.9195
5.7105
5.7518
6.0072
6.0736
5.5833
5.7812
5.4375
5.6928
5.5987
5.3617
5.2994
5.3466
5.3611
5.4394
5.3652
5.6227
5.6123
5.3840
5.8690
5.5511
5.5193
5.7111
5.6070
5.6377
5.7278
5.8700
5.4487
5.8794
5.4308
5.5490
5.6351
5.5859
5.5496
5.3779
5.5956
5.3455
5.1932
5.3436
5.5637
4.9547
5.0057
4.8886
5.3791
5.2680
5.0239
5.3038
5.3270
5.2096
5.1978
5.0874
4.9063
5.0019
5.3121
5.4324
5.4416
5.0314
5.2510
5.2355
5.0361
4.8442
5.1924
5.1379
5.3893
4.9731
5.3407
5.4408
4.9622
4.9959
4.8544
4.9904
4.9352
4.9572
5.0400
5.0897
5.2436
5.1395
5.2326
5.4524
5.2062
5.0656
5.4497
5.1486
5.3355
4.8991
5.1408
5.0056
5.1249
4.8372
5.1167
5.3824
5.1669
5.3784
5.3408
5.3086
5.1283
5.2734
5.1363
5.2842
5.1970
5.0860
5.1203
5.3527
5.0909
5.1043
5.2550
5.5250
5.3191
5.1617
5.3424
5.4005
5.4047
5.4499
5.5205
5.1659
5.2628
5.1622
5.0602
5.1095
5.1762
5.0643
5.2378
5.4215
5.2552
5.3141
5.1436
5.0972
5.2161
5.0934
5.1252
5.4641
5.5479
5.2445
5.3495
5.4193
5.2902
5.3736
4.9193
5.2048
4.8712
5.3560
5.1636
4.9920
5.2799
5.1226
4.9904
4.9162
5.0972
5.0735
5.2976
5.0642
5.0977
5.2017
5.4984
5.1709
5.0363
5.0825
5.0458
4.9292
5.0973
5.1689
4.7065
4.9339
4.9785
5.1007
5.3759
4.8414
5.1956
5.2511
5.2044
5.0719
5.1281
4.7786
5.0692
5.3263
5.2698
5.0388
5.2932
5.0898
5.1303
5.0735
5.1380
5.2178
5.6347
4.9318
5.4292
5.2961
5.3089
5.7176
5.4164
5.6376
5.3596
5.2644
5.3702
5.4281
5.3068
5.4854
5.7045
5.4480
5.6560
5.4979
5.4636
5.1772
5.4107
5.4486
5.3575
5.4372
5.2927
5.3103
5.4619
5.4247
5.0821
5.2096
5.1961
5.0390
5.2176
5.1252
5.4073
5.4005
5.3156
5.2458
5.2384
5.1869
4.9592
5.1733
5.2046
4.9500
5.1945
5.1567
4.8030
4.9956
5.2968
5.1713
5.5542
5.0640
5.2174
5.2112
5.1106
5.3515
5.4016
4.9309
5.0002
4.9150
4.8716
4.8828
4.8035
4.8272
4.6948
5.2110
5.0670
5.4219
5.1114
5.2449
5.4417
5.0932
4.8990
5.0176
4.8356
4.8403
4.9967
4.9376
4.8118
5.1576
5.0238
5.0559
5.1687
5.0721
5.1642
5.1918
5.0951
5.0411
5.2283
5.4245
5.3445
5.2091
5.1855
5.0568
5.4922
4.7874
5.0798
5.2298
5.1734
5.3740
5.1939
5.2162
4.9513
5.1267
5.1436
5.1292
5.5081
5.0074
5.5155
5.3513
5.2292
5.4133
5.3845
5.5501
5.5064
5.3234
5.0189
5.3443
5.2406
5.1914
5.2846
5.1516
5.0905
5.2587
5.4691
5.5260
5.5648
5.1206
5.0557
5.3918
5.1821
5.0635
5.0062
4.8778
5.3280
4.9932
4.8780
4.8610
4.9357
5.1087
5.0477
4.9206
4.9607
4.8689
4.8269
4.8550
5.0210
5.1989
5.3284
5.2796
5.2473
5.1850
5.1092
5.4643
4.9812
5.0649
5.2999
5.1765
5.0578
5.1054
5.1681
5.0836
4.9812
4.9587
5.1614
5.1383
5.2897
5.4146
5.1872
5.4284
5.2846
5.2411
5.2103
4.8539
5.1239
5.2631
5.2006
5.3951
5.2443
5.1093
5.2141
4.9972
5.0183
5.1099
5.0349
4.9650
5.0700
5.0195
5.2414
5.1210
4.8305
4.8458
5.0280
5.4376
5.3275
4.8738
4.9992
4.9846
5.4753
5.2382
5.1952
5.0619
4.8784
5.0269
5.0196
4.8804
4.8517
4.6336
5.0900
4.9433
4.7873
4.6677
4.7376
5.1227
4.8531
4.8856
4.9022
4.9175
5.0812
5.3531
4.9821
4.9756
4.7192
5.0743
5.5156
5.0161
4.8522
4.9277
4.7349
5.0244
4.6666
4.8415
4.6533
4.8703
4.6406
4.9393
5.0137
4.8432
4.9468
5.0576
5.0147
4.8265
4.9631
5.1801
4.6912
4.9328
4.9838
4.9240
4.9717
4.7845
5.0559
5.0856
4.9316
4.8519
5.0520
4.9900
5.1441
4.7858
4.6495
4.7976
4.8468
5.1668
4.9132
4.9778
4.8561
5.1541
4.7183
4.4261
4.6902
4.9065
4.9345
5.1372
5.3242
5.3737
5.4645
5.1333
5.3898
5.3317
5.2524
5.0988
4.9114
4.8395
4.8925
5.1093
5.0064
5.1116
4.8236
4.9111
5.2931
5.0758
5.0859
4.7676
5.0127
5.0356
5.1643
5.0307
5.0511
5.2359
5.0858
4.6109
4.7444
4.7471
4.9599
5.1147
5.2699
4.8236
4.6404
5.0802
5.0351
4.9799
5.1183
4.9108
5.0048
5.2135
5.1179
5.1878
5.2419
5.2589
5.3293
5.2123
4.9774
4.9290
5.1785
4.5525
4.8624
4.9086
4.7983
5.2292
4.9277
5.2222
4.9522
4.9844
4.9165
4.9745
4.9561
4.8726
4.8218
4.9168
5.0420
5.1932
5.3737
4.9886
4.9715
4.9502
4.7116
4.9555
4.9782
5.1257
5.0215
5.1532
5.0315
5.1997
4.9091
5.1565
5.1141
4.9159
4.8156
4.9735
5.0211
5.0752
4.9466
5.0696
5.0641
5.2456
5.0289
5.1159
5.0702
4.8655
4.9679
5.0477
5.2036
5.2562
5.0951
4.9814
5.0238
4.9731
5.0622
5.0430
5.0486
5.0435
5.0705
4.8525
4.8027
4.7629
4.9852
5.1525
4.8751
4.6982
4.9002
5.1407
5.2576
5.1553
4.9311
4.9340
5.0577
4.7722
4.9928
4.9044
5.2992
4.7737
5.0519
5.1568
5.3931
5.0423
5.0614
4.8730
5.0623
5.2892
4.9795
5.0234
5.0129
4.8177
5.0913
5.1287
5.1322
5.1811
5.2628
4.8595
4.8577
4.8951
5.1019
5.2889
5.1246
4.9798
5.2358
4.8146
4.9966
4.9303
5.1525
4.9605
4.8609
5.1425
4.9599
4.8232
5.1948
5.4119
4.9168
5.2116
5.2494
5.2828
4.9460
5.5068
5.6950
5.4075
5.2563
5.6582
5.1800
5.5362
5.0523
5.6551
5.4800
5.1484
5.0554
5.0356
5.1766
5.6557
5.3422
5.4951
5.1848
5.3219
5.1294
5.5362
5.2446
4.9720
5.5103
5.3715
5.7255
5.4451
5.4722
5.5612
5.3284
5.0658
5.1107
5.2742
5.1550
5.2591
5.4536
5.4135
5.1097
5.1567
5.1456
5.2250
5.4136
5.3552
5.2540
5.3591
5.4632
4.9831
5.2230
5.1014
4.9980
4.8342
4.7770
4.9885
5.3205
5.1461
5.2229
4.9528
5.0437
5.0237
5.0612
4.8492
5.0985
4.9022
5.1490
5.1057
4.9494
5.3266
5.0994
5.1677
4.9231
4.9568
5.0683
4.9557
5.5097
5.2395
5.0376
5.1516
5.0104
5.1304
5.4648
5.4392
5.0995
5.4459
5.0729
5.1263
5.4034
5.2139
5.1659
5.3069
5.2196
5.0470
5.5783
5.2421
5.5868
5.4633
5.1564
5.2000
5.1670
5.2655
5.0290
5.2673
5.3600
5.5436
5.5178
5.6144
5.5555
5.6622
5.7825
5.5939
5.7324
5.7919
5.7154
5.8749
5.7256
5.6994
5.6393
5.6344
5.6959
5.5197
5.7285
5.4093
5.3241
5.4191
5.4965
5.8924
5.9402
5.5538
5.5477
5.6263
5.4695
5.3675
5.3814
5.2589
5.3176
5.5673
5.6775
5.5325
5.6018
5.6321
5.8166
5.6757
5.6157
5.5752
5.4961
5.6354
5.5941
5.7436
5.7053
5.4246
5.4743
5.3817
5.5317
5.7334
5.5617
5.5336
5.4714
5.2530
5.1855
5.8337
5.4403
5.6724
5.6220
5.5543
5.8391
5.7803
5.5967
5.7704
5.8134
5.6686
5.6283
5.6197
5.7392
5.4920
5.3635
5.4388
5.6002
5.3155
5.6900
5.6562
5.6856
5.0432
5.0391
5.1688
5.5030
5.3863
5.2090
5.4223
5.3592
5.0618
5.1625
5.2444
5.2457
5.1505
5.2481
5.3849
5.3754
5.1984
5.2241
5.4617
5.5386
5.4005
5.5504
5.3532
5.4991
5.3507
5.3311
5.4232
5.3038
5.1140
5.3314
5.3572
5.3356
5.3151
5.3100
5.3969
5.5019
5.6025
5.9300
5.5876
5.6275
5.5315
5.4268
5.4061
5.3925
5.8825
5.7849
5.5394
5.4234
5.5584
5.6211
5.7311
5.5016
5.5102
5.4695
5.6563
5.5475
5.4688
5.5785
5.6229
5.6302
5.4745
5.4137
5.4621
5.1551
5.3884
5.5265
5.4316
5.4972
5.5661
5.6006
5.2981
5.5972
5.6567
5.6947
5.3748
5.4339
5.6976
5.8583
5.6812
5.5627
5.3380
5.0969
5.2819
5.4972
5.1702
4.9417
5.3585
5.3428
5.4133
5.5446
5.3045
6.0608
5.5016
5.2401
5.2760
5.5928
5.5629
5.3446
5.6398
5.8720
5.8074
5.9014
5.7841
5.4121
5.6136
5.5925
5.7800
5.8093
5.5408
5.4257
5.4690
5.4309
5.5299
5.3716
5.7508
5.6114
5.7608
5.4824
5.3467
5.6172
5.3269
5.4822
5.4174
5.5658
5.4906
5.6633
5.6803
5.6851
5.3213
5.7599
5.5506
5.3801
5.2289
5.1723
5.6541
5.5448
5.8475
5.5495
5.4403
5.6011
5.5471
5.4721
5.4745
5.2991
5.5643
5.5330
5.6165
5.6489
5.5110
5.3352
5.2541
5.5802
5.6924
5.4649
5.6126
5.6797
5.5052
5.7928
5.7005
5.4542
5.2617
5.1812
5.0514
5.4721
5.2331
5.5265
5.5050
5.5113
5.4729
5.6576
5.7098
5.4757
5.7390
5.7006
5.4882
5.8871
5.6842
5.5421
5.6889
5.9851
5.5912
5.5099
5.7138
5.6539
5.6740
5.5653
5.8039
5.9203
5.7172
5.7347
5.5821
5.9062
6.0223
5.9258
5.7725
5.5914
5.5728
5.2772
5.6317
5.2957
5.6237
5.6310
5.9396
5.6399
5.4844
5.2468
5.3621
5.5953
5.4251
5.1291
5.2656
5.4389
5.4219
5.2581
5.2951
5.4398
5.4023
5.6845
5.6244
5.5599
5.5653
5.5663
5.6771
5.6537
5.4214
5.4737
5.6866
5.5299
5.5052
5.8061
5.8572
5.4717
5.6828
5.7486
5.4581
5.5691
5.7538
5.7481
5.5696
5.7443
5.5182
5.6336
5.6145
5.9906
6.0261
5.7313
5.4876
5.3091
5.6696
5.5205
5.8173
5.6932
5.7293
5.6420
5.6257
5.3234
5.6713
5.8923
6.4609
6.0782
5.8367
5.5976
5.7901
5.8067
5.7719
5.9203
5.5349
5.2534
5.4250
5.3468
5.0561
5.2485
5.5236
5.2331
5.5413
5.3025
5.3701
5.3151
5.4861
5.2926
5.2447
5.2188
5.3188
5.5049
5.4884
5.6257
5.5489
5.6575
5.5703
5.9002
5.6022
5.7180
5.8202
5.6016
5.9786
5.7581
5.4299
5.3021
5.4729
5.4889
5.4260
5.3963
5.2783
5.5006
5.3504
5.4420
5.4783
4.9201
5.1614
5.1042
4.9814
5.2142
4.9680
5.0896
5.2089
5.4256
5.2758
5.4622
5.3601
5.5387
5.3862
5.3628
5.1564
5.4608
5.4579
5.6564
5.6007
5.7273
5.9042
5.7596
5.7725
5.4687
5.4761
5.3453
5.3897
5.3610
5.2837
5.2473
5.3304
5.2194
4.9319
5.1526
5.0475
5.0795
4.7923
4.9312
5.3251
5.2836
5.4687
5.6238
5.5703
5.2890
5.4329
5.5039
5.0439
5.3466
5.2908
5.3212
5.0154
5.0767
5.0032
5.0130
5.2277
5.1880
5.2899
5.1944
4.9039
5.3225
5.4155
5.4799
5.2588
5.4308
5.4249
5.3348
5.5830
5.7296
5.6459
5.2530
5.3184
5.2703
5.0970
5.1676
5.1297
5.6132
5.4064
5.2636
5.4076
5.6790
5.4358
5.4475
5.6360
5.6178
5.2983
5.5164
5.6999
5.8140
5.7146
5.9179
5.6453
5.7670
5.4729
5.5026
5.5676
5.7171
5.3488
5.7073
5.5593
5.5567
5.6468
5.5285
5.7918
5.6601
5.5613
5.4586
5.7196
5.9438
5.8579
5.7806
5.7802
5.7239
5.7290
5.2484
5.2417
5.3518
5.4931
5.3744
5.5506
5.5748
5.6583
5.3096
5.3234
5.3342
5.5026
5.3191
5.6696
5.6492
5.8400
5.3444
5.8552
5.7708
5.9652
5.6911
5.5801
5.7294
5.6740
5.5304
5.7711
5.6831
5.6196
5.5453
5.6565
5.7816
5.4240
5.5588
5.4588
5.3499
5.2911
5.2852
5.0220
5.2122
5.3486
5.4171
5.5018
4.8485
5.3808
5.4088
5.4769
5.2838
5.3780
5.0752
5.2104
5.2256
5.2404
5.4825
5.6349
5.7163
5.7533
5.8218
5.5411
5.5830
5.4291
5.7089
5.3749
5.2874
5.2401
5.6499
5.2272
5.3989
5.6579
5.3483
5.3332
5.3769
5.3577
5.4260
5.3115
5.3256
5.6024
5.3575
5.3220
5.4407
5.2413
5.4752
5.1684
5.1777
5.0589
5.1848
5.2439
5.1492
5.0317
5.0465
5.0267
4.9035
5.2596
5.5002
5.0294
5.0834
5.1361
5.1137
5.0705
5.0651
4.7818
4.8415
5.2423
5.3337
5.1665
5.4060
5.0957
5.1755
5.3687
5.4750
5.3133
5.0974
5.3440
5.3606
5.3478
5.2613
5.3034
5.3232
5.2629
5.0938
5.3386
5.0176
5.0667
5.2018
5.1172
5.3115
5.1016
5.1785
5.1567
5.0327
4.8869
5.3805
5.3775
5.3401
5.2101
5.1699
5.5796
5.1851
5.0598
4.8716
5.0071
5.0248
4.9981
5.2804
4.8493
5.2217
5.2058
5.1032
5.2552
5.2684
5.1243
5.0060
5.2179
5.3285
5.3268
5.0355
5.2903
5.3621
5.3967
5.5570
5.3777
5.3761
5.0916
5.3938
5.1610
5.3837
5.6207
5.4658
5.7111
5.3344
5.6419
5.5616
5.6658
5.4903
5.3795
5.2974
5.1601
5.3570
5.2774
5.1222
5.3961
5.4918
5.2991
5.3144
5.3913
5.3174
5.5355
5.2338
5.5157
5.4025
5.5576
5.4636
5.4708
5.5902
5.3557
5.4185
5.0980
5.1898
5.3511
5.5981
5.4193
5.1338
5.5705
5.6008
5.4992
5.8139
5.4379
5.6003
5.7439
5.5266
5.2776
5.2665
5.5355
5.6255
5.6019
5.7812
5.4818
5.2073
5.4081
5.1291
5.3090
5.3237
5.4518
5.2017
5.2995
5.6647
5.2800
5.4667
5.3397
5.3011
5.1198
5.1981
5.5200
5.5096
5.6082
5.4421
5.6553
5.5995
5.3115
5.3179
5.1560
5.1284
5.3955
5.4113
5.8218
5.8857
5.5530
5.6444
5.4669
5.3410
5.3384
5.2365
5.0611
5.2481
5.4293
5.2153
5.3700
5.0890
5.1623
5.3308
5.2041
5.2954
5.1831
5.0175
5.1436
5.1585
5.1725
4.8279
5.1163
4.9390
5.0091
5.1073
4.9580
5.2023
5.6971
5.2351
5.2652
5.2377
5.4339
5.3261
5.5598
5.0444
5.1021
4.9609
4.9691
5.3680
5.3349
5.5272
5.4742
5.2708
5.1109
5.2942
5.3767
5.3790
5.2715
5.6114
5.4280
5.3383
5.5288
5.4647
5.4643
5.6702
5.3049
5.0952
5.3653
5.2565
5.3357
5.4323
5.3802
5.2025
5.6232
5.6338
5.5360
5.4288
5.5154
5.7657
5.3170
5.3545
5.5600
5.7844
5.4966
5.3641
5.6711
5.7443
5.9219
6.1437
5.4607
5.2076
5.2151
4.9941
5.1428
5.3549
5.1521
5.4399
5.3077
5.1324
5.3864
5.3787
5.2112
5.2152
4.7096
5.1173
5.2041
5.1764
5.2377
5.2006
5.1412
4.8144
5.3532
5.0666
5.1546
5.0578
5.1753
5.1610
4.7340
5.0806
4.8867
5.1466
5.3340
5.0302
4.9860
5.0096
4.9912
5.4257
5.5189
5.3878
5.3679
5.4426
5.8397
5.4974
5.4495
5.1839
5.3113
5.3333
5.2083
5.4938
4.7952
5.2482
5.0362
5.0484
5.0788
5.1500
5.2324
5.2263
5.3488
5.2440
5.6320
5.2056
5.3477
5.2672
5.2375
5.3960
5.5841
5.1873
4.9985
5.3089
4.9975
4.8410
4.7662
4.8456
4.7865
5.1591
4.8395
4.9889
4.9578
5.0403
5.1353
5.1605
5.2410
5.4210
5.3764
5.0018
5.3015
4.7914
4.8597
5.0070
5.3170
5.3211
5.1358
5.3448
5.0088
4.8612
4.8684
5.0162
5.0307
4.9710
4.9563
5.0594
4.9874
5.1061
5.1457
5.2628
5.0342
5.1417
5.2592
5.0495
5.0034
5.0188
4.8120
5.0834
5.3474
5.1705
5.2045
5.1962
5.2834
5.2805
5.7207
5.8286
5.9975
6.0431
5.9456
5.4874
5.3739
5.3534
5.3923
5.4283
5.8291
5.4522
5.5717
5.6069
5.3622
5.5070
5.5698
5.6301
5.5399
5.5395
5.6433
5.7649
5.4787
5.9221
5.8208
5.8184
5.2421
5.7328
5.8023
5.5620
5.5250
5.8227
5.4205
5.1057
5.3851
5.7421
5.8436
5.4436
5.2260
5.2630
5.4866
5.4067
5.3253
5.1272
5.4357
5.2413
5.1997
5.2755
5.1785
5.2675
5.2214
5.2163
5.2820
5.1850
5.3410
5.2135
5.1791
5.2864
5.1003
5.1185
5.1556
5.1683
5.2929
5.1327
5.3726
5.2471
5.2330
4.9486
5.3076
5.3168
5.1521
5.2443
5.3572
5.3623
5.2308
5.2955
5.2490
5.0866
5.3922
5.1430
5.4249
5.3138
5.5498
5.2447
5.2149
5.3814
5.1741
5.1814
5.0829
5.2958
5.1544
5.2246
5.4240
5.1266
5.3851
5.5567
5.4456
5.6078
5.1915
5.1511
5.2282
5.0380
5.3177
5.1321
4.9454
5.0986
5.5269
5.1746
5.2803
5.4600
5.3384
5.4588
5.4204
5.2229
5.0374
5.4147
5.1478
4.9507
5.3160
5.3081
5.3660
5.3033
5.1795
5.1452
5.1426
5.1476
5.0051
5.2022
5.0262
5.3842
5.2892
5.2991
5.3857
5.3485
5.4265
5.3380
5.2691
5.3796
5.2591
5.0561
5.3009
5.2135
5.2456
5.1856
5.4654
5.2271
4.9457
4.6948
4.9495
4.9943
5.0463
5.1921
5.4698
5.2268
5.2948
5.3246
5.6237
5.5628
5.3629
5.3388
5.2308
5.2575
5.3821
5.1134
5.6713
5.6292
5.5549
5.3566
5.3497
5.6530
5.2117
5.1843
5.3230
5.4590
5.1878
5.6924
5.4703
5.5559
5.2342
5.4152
5.4782
5.3964
5.1780
5.2627
5.2037
5.0400
5.2420
5.1442
5.3616
5.0965
5.2091
5.0647
5.2081
5.0478
5.0423
5.2582
5.1126
5.4393
5.0983
5.1245
4.9058
5.1773
5.2541
5.1544
5.0950
5.4625
5.2549
5.4359
5.1982
5.1923
5.2663
5.5216
5.7126
5.5543
5.4901
5.6594
5.7013
5.7316
5.3196
5.5891
5.7859
5.5397
5.4903
5.7741
5.9197
5.3136
5.4180
5.3730
5.6674
5.3021
5.0951
5.3349
5.0853
5.6280
5.3598
5.4975
5.2743
5.4116
5.3048
5.5771
5.2195
5.1895
5.1987
5.1315
5.0922
5.1582
5.0521
5.3501
4.9618
4.9775
5.1871
5.1749
5.4896
5.2469
5.1927
4.9711
4.9070
5.3861
5.2564
5.6852
5.1410
5.2158
5.2736
5.2763
5.0429
5.0175
5.1150
5.1084
5.4733
4.9787
5.0718
5.0375
5.3271
5.1532
5.0538
5.1827
4.9502
5.1530
5.1388
4.6446
5.0908
4.7351
4.9651
5.0991
4.9764
5.0094
5.0884
5.0150
5.1282
5.1185
5.1317
4.8049
4.9758
5.2201
4.9578
5.2206
5.1989
5.3433
5.0238
5.3353
5.4591
5.6003
5.4819
5.5436
5.5687
5.6023
5.1714
5.3218
5.5270
5.4223
5.4761
5.4534
5.3155
5.5713
5.4069
5.7355
5.4583
5.6095
5.2623
5.3630
5.5569
5.4751
5.5507
6.2138
6.2507
5.7729
5.7927
6.1485
5.8471
5.7497
5.8193
5.9888
5.6343
5.4792
5.8967
5.8651
5.8152
5.6139
5.6932
5.4431
5.3750
5.6516
5.5068
5.7144
5.7719
5.6424
5.4066
5.4485
5.1972
4.9797
5.0550
5.1083
4.8993
5.1864
5.5106
5.1989
5.0056
4.9100
5.3642
5.3945
5.3719
5.1774
5.4335
5.4398
5.6549
5.7005
5.6728
5.9384
5.8047
5.4637
5.4262
5.6778
5.1449
5.5280
5.4803
5.3824
5.6263
5.2907
5.5751
5.4722
5.6955
5.3308
5.3418
5.2962
5.2967
5.2427
5.0818
4.8813
5.2351
5.0231
5.4258
5.3245
5.4387
5.2717
5.2068
5.4670
5.3409
5.5325
5.8570
5.7449
5.6382
5.5388
5.4341
5.5462
5.4231
5.4443
5.4944
5.0448
5.2179
5.4705
5.2693
5.6401
5.4335
5.5283
5.5686
5.4639
5.5193
5.6013
5.4393
5.5736
5.4955
5.4377
5.5212
5.2528
5.2882
5.3081
5.5895
5.4022
5.4786
5.4852
5.3906
5.4251
5.0602
5.2056
4.8105
5.3898
5.0743
5.1182
4.9022
5.0691
4.9883
5.0459
5.0928
4.8687
5.2694
5.1659
5.0244
5.0576
4.8823
4.8996
5.0376
4.9159
5.0651
4.8314
5.0436
4.8302
5.0280
5.2551
4.9592
5.4353
5.1106
4.9611
4.6842
5.0108
4.9516
4.9509
4.7848
5.0543
5.2090
5.2703
5.0138
5.1971
5.0706
5.1896
5.2049
5.2402
5.0212
5.2700
4.7357
4.8381
4.9055
4.9548
5.3382
4.7599
4.9880
5.2295
5.2643
5.4883
5.3378
5.1974
5.1131
5.3034
5.3797
5.0608
5.3871
5.3224
5.0713
4.8839
4.8672
4.7028
5.0000
4.7197
5.1114
5.1854
4.8556
5.0616
5.1635
5.1824
5.5217
5.3774
5.4207
5.6164
5.3426
5.5563
5.1316
5.4900
5.5013
5.4310
5.4791
5.8407
5.6906
5.3667
5.4167
5.0005
5.0422
4.9934
5.2872
5.0455
5.2801
5.1807
5.2914
5.0003
5.0606
5.2557
5.2672
5.4226
5.5381
5.2329
5.1845
5.2111
5.0786
5.2388
4.9156
5.2257
5.2094
5.0593
5.2346
5.2436
5.2569
5.0101
5.2358
5.0542
4.9867
4.9943
5.0748
5.1632
5.3457
5.0113
4.7890
5.1727
5.0015
5.1891
5.2860
5.3068
5.2260
5.2589
5.1330
5.0894
5.1623
5.0194
5.0765
5.4064
5.4272
5.1642
5.0022
5.2661
4.8052
4.9246
5.3292
5.0928
5.1082
5.0677
5.2358
5.0557
5.2959
5.0239
5.0679
4.9270
4.9556
5.0197
4.9913
5.0069
5.0716
4.8320
4.9947
4.8526
5.1215
5.0990
4.8657
4.9530
5.2793
5.1107
5.0178
4.7848
4.9933
4.7100
4.8703
4.8567
4.8472
4.9800
4.9019
4.7721
5.1323
4.9581
5.1771
5.2338
5.1255
5.4432
5.3455
5.1321
5.2899
5.4544
5.1295
5.3033
5.1727
5.4566
5.3612
5.5698
5.3803
5.3076
5.3766
5.6659
5.3152
5.1774
4.9372
5.1422
4.9407
5.2283
5.1935
5.2850
5.4860
5.4936
5.3647
5.6334
5.6760
5.3225
5.4014
5.2235
5.1581
5.3230
5.1835
5.1194
4.7809
5.1027
5.3961
5.0641
5.4503
5.3626
5.2065
5.4267
5.2033
5.5812
5.3727
5.1602
5.3863
5.2451
5.6542
5.4052
5.5931
5.1478
5.1635
5.1048
5.0053
4.8772
5.2941
5.1896
5.1775
4.9637
5.1080
4.9612
5.1628
4.9799
5.1789
5.0988
5.2040
5.1018
5.3921
5.4519
5.3052
5.7282
5.5044
5.2379
5.4128
5.7076
5.7389
5.4714
5.4495
5.4247
5.1375
5.2436
5.2752
5.3662
5.4078
5.2475
4.9858
5.1541
5.3151
5.3282
5.3207
5.2073
5.5043
5.0296
5.1601
5.2714
5.3141
5.6545
5.1599
5.5825
5.6886
5.4713
5.3950
4.9450
5.2814
5.2569
5.4013
5.3797
5.5445
5.1832
5.3748
5.1052
5.2289
5.2305
5.1373
4.9228
5.0257
5.5126
5.2589
5.4791
5.3839
5.5696
5.3494
5.4680
5.4098
5.3803
5.4445
5.3263
5.3489
5.1140
5.3899
5.5273
5.2579
5.2902
5.3587
4.9512
5.2862
5.4771
5.4275
5.1887
5.4717
5.2195
5.4035
4.9955
5.3279
5.4777
5.5827
5.5540
5.3453
5.7432
5.6144
5.2495
5.0487
4.9121
5.4436
5.1101
5.3150
5.1587
5.2305
5.0130
5.0623
5.3131
5.4073
5.2318
5.7956
5.5570
5.8001
5.3508
5.5609
5.2260
5.2957
5.4774
5.4383
5.6071
5.4373
5.1190
4.9203
5.1542
4.9840
5.1702
5.0414
5.2462
5.1196
5.5140
5.6629
5.5719
5.6434
5.2526
5.6036
5.3700
5.1120
5.3956
5.4471
4.9507
5.1092
4.8751
5.1112
5.0158
4.9827
4.9422
5.0942
5.1407
5.0541
5.0417
4.9448
4.9290
5.1331
5.2126
4.8379
4.8203
4.9300
4.7417
5.1196
5.0972
5.2293
5.0779
4.9786
5.1103
5.0786
4.9319
4.8123
4.8115
4.7612
4.6536
5.1324
4.8240
4.8889
4.9175
4.5943
4.5553
4.8286
5.0207
4.8172
4.4211
4.5732
4.9960
4.5441
4.8496
4.8528
4.7573
4.8471
4.7400
4.8481
4.6328
4.7177
4.8509
4.8531
5.1482
5.1695
5.0981
5.4065
5.3337
5.2877
5.0965
5.4783
5.3345
5.1903
4.8953
4.6356
4.7649
4.6924
4.9820
4.8145
4.9264
4.9937
4.6815
4.6963
4.6684
4.9233
4.8899
4.8406
4.7086
4.7980
4.7368
5.1251
5.0071
5.1027
5.1665
4.7971
5.1267
4.9992
4.9558
5.1214
5.1100
4.7766
5.2637
4.7362
5.3135
5.1860
5.3596
5.1648
5.0250
5.0317
4.9746
4.7725
4.9817
5.1369
5.0849
4.9872
5.1406
5.1409
5.2297
5.0452
5.0040
4.8901
5.1503
5.1307
5.2764
5.1813
5.2944
4.8309
5.0560
5.0889
5.0312
5.1562
5.0134
5.0148
5.1663
5.2821
5.2696
5.4249
5.5816
5.4835
5.3960
5.5465
5.6664
5.3594
5.3653
5.2696
5.2678
5.2514
5.3067
5.3925
5.4039
5.7102
5.4436
5.4396
5.4531
4.8333
5.1312
5.2324
5.3666
5.2532
5.3647
5.4336
5.3953
5.1073
5.2050
5.5973
5.3629
5.3643
5.5796
5.6033
5.7056
5.3676
5.3047
5.6817
5.3006
5.2498
5.5810
5.2462
5.7111
5.9179
5.3890
5.5577
5.6428
5.2125
5.4745
5.3397
5.1087
5.2400
5.1953
5.0935
5.1390
5.1067
5.0572
5.2251
5.1414
5.2068
5.1694
5.1081
4.8696
5.0841
5.1283
5.1990
4.9973
5.4655
5.2774
5.2753
5.2713
5.0805
4.7209
4.9342
5.0837
5.1613
5.1899
5.3288
5.3397
5.2159
5.5840
5.3999
5.2320
5.7024
5.3787
5.7940
5.6302
5.3544
5.6234
5.5418
5.5068
5.4613
5.2155
5.1497
5.5591
5.5726
5.3902
5.3874
5.5152
5.3054
5.3381
5.3253
5.7403
5.5728
5.3236
5.7153
5.4254
5.5483
5.4967
5.3503
5.5027
5.4377
5.4187
5.6276
5.2944
5.4306
5.4653
5.4645
5.2832
5.4499
5.3140
5.2883
5.1590
5.1989
5.0850
5.1027
5.4189
5.2899
5.0351
5.2881
5.3181
5.3906
4.9696
5.3449
5.4801
5.2719
5.4556
5.1232
5.4867
5.3332
5.3796
5.3061
5.1980
5.1837
5.2897
5.4268
5.3740
5.3008
5.3406
5.2934
5.2187
5.2454
5.7487
5.1083
5.3429
5.4591
5.5772
5.3278
5.6244
5.5966
5.3788
5.2788
5.2038
5.0024
5.4381
5.4265
5.4623
5.4056
5.5537
5.6208
5.5407
5.4963
5.4327
5.2773
5.5393
5.5468
5.2397
5.2951
5.1270
5.3697
5.5517
5.4309
5.4227
5.5967
5.5009
5.2574
5.4581
5.1662
5.0983
5.1783
5.3540
5.2471
5.2613
5.4994
5.7270
5.6103
5.4640
5.3172
5.5805
5.7256
5.5655
5.3795
5.2897
5.0743
5.2349
5.3923
5.5653
5.0874
5.4398
4.9035
5.2496
5.2447
5.3060
5.1783
5.1060
5.1551
5.3410
5.2692
4.9961
5.3155
5.3296
5.3998
5.4002
5.2870
5.2179
5.5298
5.6687
5.4138
5.4501
5.6382
5.4696
5.5303
5.5226
5.2836
5.2020
5.2561
5.2800
5.4838
5.2180
5.2026
4.9882
5.1745
5.1917
5.2437
5.1546
4.9160
4.9288
5.0666
5.1846
5.1968
4.9215
5.1640
5.2019
5.3369
5.3414
5.4667
5.4867
5.3467
5.4364
5.1408
5.3435
5.2100
5.2609
5.2959
5.1961
5.0328
5.1189
5.0236
5.5229
5.3893
5.6233
5.4034
5.3861
5.1542
5.2964
5.2010
5.2126
5.1385
5.1285
5.1419
5.1414
5.3434
5.6105
5.0292
5.4095
5.4676
5.5618
5.1231
5.0822
5.4824
5.2655
5.2579
5.2522
5.1446
5.2852
5.1676
5.4946
5.2971
5.3994
5.4377
5.4440
5.4419
5.6353
5.2700
5.0426
5.5201
5.2868
5.4504
5.3341
5.3652
5.2178
5.1525
5.0008
5.4775
5.1400
5.3530
5.0091
5.1001
5.0393
4.9926
5.2785
5.1498
5.4920
5.7145
5.2868
5.4753
5.5241
5.3214
5.3489
5.2537
5.6844
6.1304
5.7690
5.9197
5.7126
5.3516
5.2103
5.1996
5.3841
5.5187
5.4904
5.3123
5.4311
5.4298
5.6009
5.5551
5.6309
5.4258
5.4719
5.3459
5.5243
5.6810
5.6801
5.0527
5.0867
4.9715
5.1614
5.0785
5.2551
5.3464
5.2550
5.1997
5.4195
5.2211
5.4234
5.1231
5.0761
5.2989
5.3225
5.1831
5.1896
5.5561
5.4219
5.4600
5.3277
5.3565
5.2839
5.3332
5.2644
5.1964
5.2543
5.3801
5.3065
5.5482
5.3976
5.6336
5.4848
5.6044
5.3006
5.3309
5.2754
5.1914
5.6146
5.9158
5.4323
5.2995
5.5959
5.7676
5.4737
5.5172
5.3759
5.4463
5.5359
5.4661
5.3185
5.4632
5.2754
5.3553
5.4197
5.4411
5.2609
5.3321
5.4507
5.3132
5.5221
5.4359
5.1146
5.0334
5.3712
5.3475
5.2354
5.3175
5.3414
5.1545
5.2370
5.5523
5.3135
5.2810
5.4388
5.2457
5.3612
5.6246
5.3619
5.4928
5.4903
5.4036
5.3715
5.2760
5.4242
5.2289
5.3268
5.7956
5.3494
5.6847
5.6618
5.5632
5.4737
5.6196
5.5531
5.3250
5.8478
5.6494
5.6015
5.5008
5.3597
5.3635
5.5486
5.4901
5.3363
5.4856
5.5986
5.4444
5.2588
5.7342
5.4537
5.3206
5.4508
5.4336
5.3000
5.0847
5.2247
5.2349
5.1994
5.3531
5.4119
5.2833
5.1866
5.3437
5.3831
5.1282
5.4247
5.1874
5.4176
5.2496
5.0411
5.3272
5.2947
5.2042
5.3456
5.5199
5.2055
5.5823
5.3556
5.7114
5.4545
5.0200
5.4389
5.2101
5.3787
5.1411
5.5351
5.4715
5.4553
5.8312
5.5918
5.2601
5.5585
5.3697
5.2316
5.3948
5.4001
5.4065
5.5300
5.5546
5.8306
5.8719
5.5434
5.3623
5.5677
5.3352
5.3276
5.1859
5.2644
5.6032
5.3891
5.4160
5.4276
5.4021
5.6374
5.2976
5.1820
5.5203
5.3999
5.3123
5.3059
5.1379
5.1329
5.2556
5.4015
5.2654
5.0578
5.2124
5.0912
5.2601
5.0455
5.2412
5.4383
5.4092
5.3802
5.1807
5.6667
5.5672
5.7130
5.2849
5.3921
5.5668
5.4956
5.2081
5.2591
5.4743
5.6647
5.5030
5.5630
5.3218
5.5302
5.7325
5.4610
5.1136
5.3990
5.2716
5.8821
5.4038
5.3144
5.2322
5.2207
5.3521
5.4765
5.3595
5.5400
5.5310
5.1887
4.9046
5.0082
4.8438
5.1326
5.1190
4.9262
5.1017
5.0156
4.8414
5.1351
5.0633
5.1091
5.0471
5.1349
5.0490
5.1323
5.1454
5.6901
5.5330
5.4700
5.6022
5.4523
5.2383
5.1665
5.1100
5.1363
5.3117
5.2747
5.6725
5.3656
5.2933
5.4403
5.2238
5.4264
5.3000
5.1140
5.0515
5.1914
5.3668
5.0320
5.2026
5.2191
4.7997
5.0391
5.4508
5.1322
5.0671
5.3321
5.2381
5.1745
5.5079
5.6413
5.4650
5.2206
5.0806
4.7964
4.9736
5.1928
4.9006
4.8408
5.0410
4.9799
5.0040
4.9450
4.9334
5.0755
4.9262
5.0260
4.9320
5.0992
5.2510
5.1196
4.9287
5.0684
5.3205
5.4633
5.3154
5.1447
5.1860
5.2313
5.2822
5.2824
5.7241
5.6619
5.1286
4.9435
4.8759
4.7939
4.7719
4.9703
4.9928
5.0752
4.9444
5.1524
5.2900
5.0938
5.2147
5.1207
5.0937
4.9372
4.5825
4.8400
4.5078
4.7756
4.5852
4.4266
4.4927
4.5104
4.6269
4.6343
4.8845
4.9207
4.5953
4.6686
4.6246
4.9324
4.7256
5.0141
4.8063
4.8164
4.4089
4.6289
4.8262
4.9190
4.9720
4.8380
5.1508
4.9357
4.7065
5.0203
4.9122
5.0091
4.9987
5.1202
5.1767
5.0504
5.0676
4.9382
4.7276
4.8683
4.6481
4.7541
4.5259
4.8281
4.7311
4.8642
4.8507
4.7080
4.9861
4.4517
4.7358
4.6936
4.7434
4.9017
5.2112
5.0440
4.9558
4.8981
5.3036
4.8664
5.1608
5.1570
5.0210
5.1863
4.8888
5.2625
5.1125
5.0856
5.0394
5.0694
5.3561
5.3053
5.2224
5.2697
4.9646
4.8584
4.9460
5.0820
4.7223
4.8270
4.8509
4.7652
4.6232
4.8739
4.8537
4.8321
5.2106
4.8534
4.9913
4.7804
4.5208
4.9054
4.8395
5.1221
4.6869
5.0889
5.0475
5.0758
4.9239
4.7150
4.9827
5.0862
5.2019
5.1758
5.1137
5.2120
4.7863
5.1619
5.0162
5.1209
4.7639
4.8394
4.9919
4.9489
5.0549
5.1517
4.8762
5.1680
5.1482
5.2716
5.2792
5.2355
5.2206
5.4190
5.4383
5.6312
4.9012
5.1757
5.0467
4.9660
4.8435
4.7590
4.6827
4.8352
4.9518
4.7330
5.1948
4.8929
5.0860
5.3535
5.4072
5.3417
5.4105
5.2905
5.2955
4.9898
5.1094
4.9977
5.1767
4.9908
5.1181
5.1483
4.9912
5.2101
5.1594
5.1754
4.7753
5.0872
5.3106
5.4991
5.0424
5.0236
5.3376
5.0672
4.9746
5.0343
5.2849
5.1480
4.8132
4.8574
4.8811
4.9864
5.0746
5.3232
5.3675
5.0688
5.1659
5.3703
5.2072
5.0905
5.1542
5.1634
4.9777
4.9757
5.1351
4.9657
4.8730
4.7965
4.7565
4.7526
4.7713
4.7813
5.1134
5.2667
4.9907
4.8451
5.0524
4.9454
4.5734
4.4775
4.7115
4.9446
4.7314
4.9727
4.7058
5.0798
5.0082
5.0342
5.1693
4.9955
4.9613
5.0405
5.0338
5.2995
5.1271
4.8153
4.8980
4.6967
5.0432
4.7394
4.5265
4.8770
4.6668
4.6447
4.8250
5.0179
4.8764
4.8901
4.9101
4.9814
5.0937
4.9978
4.9691
4.9807
4.7703
4.7048
4.7474
5.0219
4.8881
5.2014
5.0859
5.1124
4.7258
5.1557
5.1262
5.1614
5.0645
4.9481
4.9544
4.8863
4.8119
4.9816
4.9757
5.1490
5.3608
4.9305
5.1163
5.0703
5.0196
5.1153
4.9654
4.9773
4.9167
5.0495
4.9257
5.1690
5.1693
5.0757
5.0001
5.1369
5.1184
5.0546
4.8619
5.2055
5.1961
5.1729
5.0441
4.8063
4.4842
4.7732
4.9200
4.6764
4.7493
5.0187
5.0000
4.7876
4.9440
5.0489
4.6380
5.2018
5.3129
4.9435
4.7575
5.0210
5.1582
4.8342
5.0330
4.7892
4.9217
4.9617
4.9801
4.9811
5.1206
4.8887
4.6745
4.6472
5.0134
5.1288
5.2809
4.9095
4.9951
4.9028
5.0212
5.0838
4.7343
4.9649
4.7124
4.7097
4.7970
4.7253
4.7896
4.7054
4.7101
4.7823
4.8350
4.7887
4.9985
4.6814
4.5985
4.7506
4.5913
4.5693
4.6583
4.4913
4.5983
4.7325
4.9885
5.0983
5.2173
4.9699
4.8632
5.0205
4.9545
5.0207
5.1347
4.8355
5.1000
4.8452
4.7910
4.7297
4.6665
4.6109
4.7557
4.6482
4.8109
4.7278
4.6051
4.6732
4.6694
4.8493
4.7786
4.4755
4.6314
4.7766
4.9337
4.5478
4.6419
4.7935
4.8963
4.8536
4.5537
4.6068
4.9950
4.7444
5.1166
4.9382
4.9811
4.8506
5.0237
4.9785
5.2350
5.1257
5.1172
4.6343
4.9400
4.7006
4.9004
4.8888
4.4685
4.7387
4.6800
4.7411
4.9038
4.6441
4.4664
4.6000
4.8059
4.5953
4.6938
4.8351
4.3516
4.4999
4.6631
4.9052
5.0123
4.7717
4.7134
4.6376
5.1558
4.8548
4.7237
4.8694
4.7663
4.8880
4.8676
5.1165
5.0499
4.9637
5.3566
5.2238
5.0881
4.9002
4.8862
5.0157
4.7073
4.7965
4.7548
4.5738
5.2199
4.8610
4.9320
4.6151
4.6980
4.6691
4.7915
4.8941
5.0434
4.9531
4.9786
4.8754
4.9180
4.6769
5.1702
5.3194
4.9006
4.6406
5.1097
4.9172
5.0952
5.2414
4.9307
4.7716
4.8374
4.6156
4.8182
4.6124
4.7614
4.8300
4.7372
4.8034
4.9435
5.1162
5.1106
4.9711
5.0546
5.0336
4.7717
5.0087
5.1998
5.0453
4.8511
5.0478
4.9753
5.0802
4.9181
5.2445
5.1483
5.0965
4.9611
4.5537
4.9852
