4.3839
4.7675
4.4182
4.3825
4.3054
4.3600
4.5979
4.5661
4.4264
3.9039
3.8006
3.8788
4.2555
4.3181
4.2535
3.8384
4.2095
4.1118
3.9954
4.0501
4.0504
4.0369
4.3095
4.7301
4.5180
4.1281
3.8689
4.0981
3.9880
4.3409
4.2954
4.3424
4.5833
4.9788
5.2299
4.6040
4.6623
4.7807
4.4498
4.1725
4.7835
4.9443
4.6254
4.7529
4.9007
4.9009
4.6226
5.1719
5.3887
5.1727
5.1846
5.1603
5.0314
4.8501
5.0579
5.2355
4.9339
5.1416
5.1530
4.9607
4.8794
4.8998
4.8045
4.8484
4.4732
4.7282
4.5646
4.7534
4.9114
4.7772
4.5966
4.9394
4.8543
4.4868
4.8900
4.7827
4.9073
4.7183
4.8914
5.0409
5.2333
4.6252
4.8389
4.6485
4.9506
4.7458
4.8374
4.6795
4.8241
5.2443
4.7806
5.0215
5.0981
4.9707
5.0552
4.9575
5.0251
4.8184
5.1108
4.8592
5.0572
5.0743
5.1091
5.3096
4.9954
5.1719
5.0392
5.1738
5.0355
4.4133
4.4763
4.4097
4.6080
4.6913
4.6690
4.7554
4.8878
4.7927
4.5452
4.5151
4.5983
4.4823
4.5684
4.4670
4.5682
4.8031
4.6320
4.4488
4.9884
5.2979
5.1116
4.5088
4.8636
4.7970
4.6837
4.8230
4.7343
4.6669
4.7695
4.7012
4.4031
4.5406
4.3450
4.3854
5.1272
4.7799
4.4295
4.5411
5.0779
5.0324
5.2228
5.3071
5.4079
4.9998
5.2090
5.3976
5.2173
5.1598
5.1310
5.1758
5.2992
5.4701
5.1802
4.8711
5.2100
5.0773
5.2104
5.3290
5.5545
5.6956
5.3845
5.0738
4.8852
4.8392
4.6471
4.9617
4.9679
5.0214
5.2426
4.8803
4.6530
4.6284
4.9487
4.9914
5.1704
4.9915
5.0866
5.2836
5.6112
5.2855
5.2836
5.0910
4.8729
4.9147
4.6940
4.7001
4.7317
4.9022
4.7998
5.3419
4.7422
4.7603
4.6684
4.6513
5.0015
4.7955
4.5639
4.6299
4.9636
5.1760
5.1815
5.4726
5.2655
5.1701
5.2507
5.4443
5.1692
5.0705
4.6947
4.9200
4.9646
4.9999
4.8268
4.5792
5.2088
5.0579
5.3761
5.0881
5.0659
5.0520
5.1636
5.1039
4.8969
4.6666
4.8185
4.4946
4.4887
4.5365
4.8388
4.7262
4.9254
4.6156
4.6275
4.6853
4.7817
4.8610
4.8916
5.1922
5.0662
5.0502
4.9092
4.7416
4.7312
4.9845
5.1842
5.1098
4.9498
5.3114
4.9553
5.1809
4.8029
4.9835
4.4187
4.6214
4.3844
4.7570
4.7956
4.5465
4.3251
4.4720
4.7444
4.8034
4.7261
4.6929
4.7099
4.9939
5.2457
5.1808
5.1753
5.4332
5.0568
5.2004
5.5559
5.3650
5.4892
5.2474
4.9822
5.1131
5.1095
5.0297
5.2492
5.0819
5.0967
5.2634
5.1590
4.9432
4.8812
5.0333
5.1173
4.9387
4.5692
4.7284
4.7679
4.8193
4.8896
4.6837
4.7528
5.0779
5.2175
5.6306
5.8503
5.4004
5.4798
5.4635
5.5906
5.5356
5.4708
5.3450
5.4298
5.4828
5.4000
5.3870
5.2933
5.0980
5.1285
5.0731
4.8590
4.7441
4.4593
4.6017
4.3343
4.5366
4.6983
4.6863
4.9253
5.0281
4.6680
4.6224
5.1834
4.8188
4.5737
4.7835
4.4136
4.0975
4.0844
4.0345
4.4895
4.2244
4.4949
4.6276
4.5896
4.7159
4.7858
4.5827
4.4660
4.6302
4.2599
4.3134
4.7278
4.6508
4.2809
4.0773
3.9976
4.0871
4.4934
4.1200
3.9714
4.4638
4.1215
4.3488
4.6624
4.4637
4.9581
4.6490
3.5596
3.4602
3.3385
2.8995
3.4437
3.6904
3.8142
3.9756
3.5622
3.6011
3.4209
3.5721
4.0063
3.6771
3.4428
3.5402
3.9595
3.6685
3.7369
3.6725
3.5435
3.3764
3.3842
3.5421
3.4447
3.4575
3.7506
3.3284
3.5194
3.2252
3.1735
3.4481
3.5308
3.3517
3.4665
3.1867
3.5763
3.3772
3.3664
3.3846
3.6916
3.5924
3.6120
3.6362
4.0736
3.5939
3.8094
3.6977
3.4551
3.6223
3.5018
3.7304
3.5448
3.3605
3.4814
3.6748
3.2794
3.4206
3.8805
4.0467
3.6276
3.5762
3.5713
3.6083
3.6646
3.6272
3.5159
3.4786
3.5864
3.3562
3.3252
3.2866
3.4186
3.8507
3.4370
3.3856
3.3555
2.9921
2.8133
3.2720
3.4505
3.4155
3.5071
3.5681
3.7601
3.8500
3.3642
3.3562
3.4014
3.5271
3.7204
3.6113
3.6662
3.7871
4.1220
3.8393
3.8187
3.9335
3.2124
3.2960
3.6285
3.3362
3.4957
3.6463
3.5200
3.5145
3.3033
2.9536
3.0236
3.4659
3.5494
3.3828
3.0814
2.9581
2.7742
2.9618
3.2146
3.0323
3.2671
3.3266
3.4688
3.1756
3.4397
3.4310
3.3466
3.2395
3.0651
3.4603
3.3545
3.0857
3.1576
3.0816
3.2274
3.4610
3.1438
3.4245
3.3724
3.3060
3.4097
3.6649
3.7661
3.5148
3.5465
3.8074
3.6249
3.6787
3.5475
3.5089
3.5866
3.2702
3.6776
3.6269
3.6624
3.3033
3.6460
3.4597
3.2629
3.2274
3.9451
3.7223
3.8593
3.8848
3.6790
3.6611
3.6986
3.6734
3.6696
3.8734
3.7710
3.6033
3.4474
3.4181
3.2224
3.8828
3.9064
3.4555
3.4082
3.3675
3.2887
3.4759
3.2703
3.6750
3.5963
3.6185
3.7871
3.4210
3.4374
3.3530
3.1407
3.3485
3.4674
3.4891
3.3602
3.5164
3.3605
3.3190
3.4691
3.3924
3.4432
3.4669
3.8516
3.5015
3.6648
3.3649
3.5856
3.4285
3.3925
3.5682
3.3472
3.7583
3.9323
3.6889
3.9291
3.8191
3.7017
3.4444
3.6722
3.4004
3.6207
3.7694
3.8617
3.3408
3.2349
3.4249
3.6040
3.3669
3.5627
3.7767
3.9879
3.7596
3.5688
3.7369
3.7539
3.9621
3.9317
4.2181
4.2768
4.5817
4.2947
4.4909
4.3064
4.3143
4.2480
4.2271
4.4061
4.4065
4.1202
4.0971
4.4941
4.2245
4.4483
4.9625
4.6009
5.1285
4.8741
4.2305
4.3158
4.5503
4.8157
4.3275
4.7274
4.9560
5.2603
4.5680
4.8899
4.3798
4.4567
4.6626
4.5611
4.4412
4.5340
4.7504
4.5376
4.3538
4.3874
4.7511
4.2792
4.5861
4.8398
5.1730
4.7517
4.8093
4.8491
4.4133
4.6177
4.5915
4.6212
5.2311
5.1904
4.9053
4.7166
4.5536
4.5853
4.3368
4.3957
4.0703
4.3970
4.5119
4.3140
4.4180
4.5811
5.0404
4.8685
4.7931
4.8143
4.9128
5.1596
4.9551
4.5969
4.5634
4.8065
4.3986
4.5255
4.0610
4.3256
4.3280
4.5509
4.4661
4.1066
4.2435
3.8478
4.1845
4.5637
4.1902
4.0743
3.5767
3.7295
4.1212
4.4958
4.1202
4.5039
4.2960
4.2873
4.0939
4.0240
4.5840
4.3589
3.9893
3.9404
3.4862
3.4795
3.9351
4.0425
4.1611
3.7680
4.0107
4.5932
4.4400
4.1441
3.8781
4.0215
4.3265
4.4947
4.4093
4.3226
4.5463
4.3496
4.4314
5.1409
4.6930
4.9991
4.4510
4.5048
5.0539
5.2212
5.1451
5.2500
5.3758
4.8489
5.3508
5.1083
5.0313
5.4203
5.0951
4.8690
4.8885
4.5820
4.6682
4.9785
4.5892
4.6836
5.1859
5.0783
5.1413
4.7575
5.2582
5.7792
4.9152
5.2263
5.3728
5.6126
5.1454
5.4699
5.4133
5.9167
5.6500
5.3132
5.4251
5.4041
5.5396
5.3533
5.3332
5.4031
5.1918
5.1493
5.0378
5.1811
5.4921
5.5065
5.5819
5.4906
5.4329
5.2698
5.3687
5.3036
4.9609
5.0801
4.8890
5.2307
5.7193
6.2711
5.8564
6.2166
5.7235
6.3067
6.7683
6.6450
6.6903
6.4852
6.0706
5.9629
6.0683
5.6024
5.5553
5.7151
5.4483
5.5035
5.4487
5.3055
5.3602
5.3976
5.0866
4.7288
5.0939
5.2084
4.8624
4.4766
5.0452
5.0156
4.8431
4.4674
5.1158
5.3855
5.3566
5.6256
5.7375
6.1751
6.1242
5.9398
6.0485
6.1087
6.0460
5.5590
5.2664
4.9119
5.0947
5.4579
5.2391
5.0971
5.4989
5.3823
5.8256
5.7843
5.5758
5.6126
5.2850
5.4056
4.9459
5.2507
5.3071
5.3531
5.2848
5.1453
5.0361
5.2282
4.8414
4.9665
5.5097
5.1698
4.9208
5.1904
5.3048
5.5143
5.9035
5.3265
5.4296
5.4608
5.2472
5.4567
5.8567
6.1264
5.8648
6.0015
5.4348
5.4802
5.2274
5.5436
5.9623
6.3460
6.0443
6.3576
5.8317
5.4811
4.8930
5.2296
5.4913
5.9972
5.5918
5.7243
5.6970
5.5359
5.7210
5.8127
5.8874
5.6659
5.7054
5.7315
5.9541
5.8378
6.0860
5.7666
5.8876
5.8710
6.2824
6.5993
6.9623
6.6763
6.2522
6.6910
6.7933
6.0837
5.7785
6.2753
6.0925
5.4896
5.8877
5.8000
5.4466
5.6614
5.4292
5.7869
5.5758
5.2765
5.6228
5.7094
5.5711
5.5147
5.5113
5.7343
6.2910
6.1889
5.7353
5.2628
5.9067
6.0510
5.3304
5.0618
5.3514
5.4734
5.8128
6.1080
5.9005
5.9301
5.6095
5.4949
5.7954
6.0061
5.3504
5.5694
5.6664
5.8143
5.4894
5.5672
6.1197
5.7682
5.7059
5.1631
5.7397
5.7922
6.0503
5.5204
5.3074
5.6250
5.4062
5.3294
5.5730
5.4304
6.1501
5.9945
6.3396
6.3826
6.4549
6.3442
6.1614
6.1355
6.2541
5.9416
5.6077
5.8512
5.6872
5.4870
5.8820
5.8791
5.9205
6.6389
5.9152
6.1410
6.7110
6.5132
7.1045
7.0064
7.0146
6.6417
6.8910
6.8490
6.9410
6.8708
7.2926
7.2656
7.1286
7.2075
6.7430
7.0700
6.6741
6.4855
7.1985
6.9380
6.9844
7.0678
6.7611
7.0110
6.7484
6.7543
6.3716
6.3750
6.3091
5.5541
6.0666
6.3501
5.4301
5.8701
5.7127
6.3015
6.1172
6.2508
6.5570
6.2240
6.6891
6.6145
7.4719
7.1641
6.7205
6.4089
6.6725
6.3012
6.6530
6.2316
6.6018
6.5956
6.7984
6.5942
6.3151
5.9329
6.3313
6.0793
6.5920
5.6125
5.9304
6.5579
5.9577
6.2953
6.5180
6.8352
6.3001
6.1997
6.5223
6.8039
7.1991
7.6589
6.9490
6.7013
6.4215
6.6368
5.9217
6.0572
5.8503
5.9153
6.0789
5.5223
5.9196
6.0076
5.8920
5.5631
5.6927
5.2730
5.4891
5.6428
5.6118
5.3965
5.6809
5.6329
5.5435
5.3013
5.0989
5.5102
6.0635
6.1267
5.8193
5.6012
5.7325
5.8498
5.5528
5.5020
5.9036
6.0769
6.8303
5.7638
5.3603
5.5835
5.3204
5.2452
5.1283
5.5380
5.3418
5.3082
5.5774
5.9464
6.0520
5.9914
5.9629
6.1859
6.6624
6.3376
6.9037
6.7609
7.3044
6.8963
6.3888
5.8669
5.9279
6.4733
6.3592
6.0771
6.3857
6.7399
6.1418
6.3086
5.9789
5.4444
5.0849
4.6855
4.7799
4.7968
4.9057
4.8467
5.0499
4.9154
5.0842
5.0643
5.1448
5.2328
5.3997
5.3957
5.2863
5.7935
5.4656
5.4839
5.4068
5.6746
6.2402
6.0746
6.2674
5.9965
5.7126
5.8857
5.9060
5.8381
5.8430
5.9318
6.0850
6.2045
6.3433
6.3440
5.8615
5.7647
5.6234
5.9967
6.0166
5.5666
5.5582
5.3726
5.2601
5.5121
5.5863
5.2843
4.9999
5.3596
5.5736
5.4272
5.1340
5.4955
5.7480
5.2484
5.2076
5.2520
5.7554
5.2844
5.2203
5.5548
5.6773
5.6818
5.3911
5.1573
5.5841
5.1434
5.1403
4.9920
5.1881
5.5292
5.2528
4.7474
5.0183
5.4669
5.8817
6.0433
5.8509
6.0908
6.1758
5.9299
6.4077
6.6356
6.5564
6.7462
6.7177
7.0862
6.8985
6.6541
6.3162
6.2543
6.3549
6.7135
6.3610
6.5449
6.8098
6.6068
6.7480
6.4572
6.6214
6.4962
6.6991
6.5299
6.8117
7.1469
6.9629
7.4373
7.1093
7.3072
7.2338
6.8705
6.4924
7.0550
6.5063
6.5772
6.3827
6.5065
6.1208
6.0739
6.1072
5.8255
5.4643
5.0635
5.0638
5.5492
5.0602
5.2437
5.1343
5.4488
5.0326
5.1473
5.0782
5.3513
5.6262
5.5571
5.5004
5.2196
5.3771
6.0921
6.5793
6.0043
5.5021
5.4534
5.2896
5.0066
5.1188
5.4959
5.6111
5.4096
5.4319
5.6427
5.5144
5.7968
6.1681
5.8780
5.6177
5.8235
5.8983
6.1713
5.5974
5.6018
5.3306
5.1157
5.4798
5.7155
5.3707
5.6500
5.7175
5.6155
5.2902
5.6604
5.5374
5.4405
5.1061
5.1416
5.6634
5.3818
5.5882
5.5711
5.5826
5.2059
5.6715
5.5726
5.5068
5.8531
6.1392
6.2397
5.8634
5.8124
6.2212
6.2008
6.1375
6.0123
6.0599
6.3749
6.0990
6.1478
6.1705
5.9737
6.3352
6.7285
6.5154
6.4249
6.4453
6.3539
6.3978
6.4431
6.3452
6.3710
6.4560
6.4917
6.6244
6.5860
6.4597
6.1361
6.4577
6.3388
5.9163
5.6502
5.5604
5.7474
5.9764
6.6354
6.5548
6.4450
5.9439
6.1338
5.9745
6.0082
5.9621
6.1821
6.0899
5.7373
6.1690
5.7936
5.7579
5.5467
5.7205
6.4146
6.0573
6.2414
6.5815
6.1596
6.7299
6.5261
6.3171
6.7585
6.1796
6.5285
6.8294
6.7818
6.3359
6.3168
5.8898
6.1743
6.2100
5.9476
5.4457
5.7179
5.6534
5.7877
5.6780
5.4370
5.1598
5.3444
5.2551
5.9103
6.1757
5.5248
5.5479
5.5748
5.7490
5.7469
5.8275
5.1182
5.4231
5.4147
5.3722
5.6521
5.7527
5.5870
5.6030
5.4047
5.8437
5.9328
6.5080
5.9858
6.2340
5.9450
6.0610
6.0069
5.8079
5.6361
6.0088
5.6616
5.6497
5.2993
6.0375
6.0451
5.5444
5.4756
5.7868
4.9973
5.6037
5.5483
5.5159
6.1251
5.8815
5.4279
5.8363
6.2855
5.9287
6.1210
6.1249
5.8706
6.1681
6.2474
6.4492
6.4151
6.3722
5.9087
6.4237
6.1288
6.4236
6.4453
6.2683
6.0849
5.8835
6.5723
6.3845
6.2730
6.5818
6.9766
7.3681
6.5953
6.7073
6.2173
6.3406
6.0926
6.4053
6.0552
5.9763
6.4591
5.9030
6.2674
6.2930
5.7302
5.8833
5.8285
6.3122
6.1043
6.2327
6.1673
6.6119
6.1578
6.1924
6.4878
6.3673
6.8806
7.0204
6.7686
6.7243
6.5349
6.6311
6.6861
6.5417
6.4060
6.6387
6.4307
6.0737
6.1191
5.7335
5.7195
5.5731
5.8827
6.1904
6.6409
6.5190
5.9854
5.6692
5.5902
5.6690
5.9775
6.1486
6.5171
6.5379
7.1493
6.6189
6.8060
7.1068
6.8752
7.0612
7.2369
7.3372
7.6697
7.4262
6.9105
6.8812
6.6444
6.1257
6.1543
6.6336
6.3013
6.4418
6.2774
6.2483
6.6073
6.3741
6.7753
6.5222
6.0919
5.7721
5.8929
5.8161
5.6089
5.4025
5.5368
6.0718
6.1097
6.6647
6.1024
5.7781
6.1635
5.6336
5.8447
5.6094
5.5629
5.7950
5.6881
5.5594
5.5976
5.5337
5.3059
5.3423
5.3912
5.3099
5.5080
5.3239
5.6459
5.7222
5.5215
5.6077
5.6712
5.4793
5.3175
5.8236
5.7627
5.7435
5.5766
5.9566
6.1661
6.3078
6.2198
6.6974
6.8191
6.8036
6.5958
6.5147
6.2918
6.5154
5.9095
5.9208
6.0882
6.0036
6.0338
5.6802
6.0013
6.4881
6.8459
6.7519
7.0086
6.6085
7.0871
6.8843
6.8958
6.2047
6.4330
6.0682
5.9467
6.2338
6.4878
6.4626
6.0806
6.1385
6.5900
6.2121
6.0447
6.2181
6.1969
6.5670
7.0581
6.5727
5.9020
6.2933
6.7509
7.1380
7.1910
7.4391
6.9167
7.0539
6.8844
6.4002
6.8772
7.4905
6.5297
6.2115
6.3350
6.9609
6.6540
5.9749
5.6659
6.3838
5.9256
6.2511
6.4719
6.9207
6.8873
7.0328
6.9136
6.6115
7.3569
7.1777
7.0150
7.1268
6.7693
6.8376
6.8664
6.1476
5.9577
6.1146
6.2003
6.2303
6.6755
7.5731
7.2769
6.9729
6.4801
6.7000
6.4396
6.7472
6.4175
6.2689
6.4003
5.9016
5.9810
5.9282
5.9926
5.7422
5.7552
5.9367
5.5692
5.8259
5.8156
6.2264
5.8893
5.9003
5.4796
5.7489
5.7109
5.8260
6.0223
5.2906
6.0358
5.7753
5.8622
6.1999
5.7697
5.6274
5.7502
6.2880
5.9771
5.9994
5.8886
5.7322
6.1250
6.1761
6.4848
6.5040
6.6140
6.6714
5.8827
5.9590
6.5858
6.4698
5.8675
6.1405
5.7355
5.6347
5.4290
5.6136
5.8020
5.9140
6.3605
6.8292
6.7592
6.8894
6.7210
6.8385
5.9721
5.8558
6.3079
6.1677
6.3994
6.6850
6.2846
6.6639
5.8743
5.9721
5.7830
5.8373
6.0864
5.9181
6.6580
6.4981
6.2224
5.9271
5.8609
5.9659
6.2080
6.3125
6.4842
5.6585
6.2896
6.1991
5.9855
5.8188
6.2600
6.9436
6.5635
6.9661
6.5947
6.5892
6.5379
6.5075
6.2600
6.1274
6.9366
6.6160
6.8177
6.7583
6.6320
7.0575
6.8215
6.5975
6.6929
6.5470
6.5726
6.2387
6.1032
5.9346
6.1870
6.6396
6.6310
6.4881
6.0928
5.8609
6.1468
5.9671
6.3650
6.0434
5.9469
6.0561
5.6112
5.5378
5.7529
5.2647
6.0038
5.7284
5.6325
5.7953
6.7137
6.2453
6.4497
6.2262
5.9234
6.0829
5.9833
5.6526
5.5068
5.6937
6.3017
6.0982
5.7207
5.7905
5.6063
6.1350
6.1650
5.9105
6.0013
5.8936
5.6095
5.7461
6.1334
6.2144
6.1542
5.6446
5.7090
5.7657
6.1158
6.1041
6.2402
6.4857
6.0801
5.8928
5.5369
5.6136
5.8548
6.0030
5.6783
5.8436
5.4772
5.5188
5.5393
5.4144
5.4687
5.7808
6.0781
5.8015
5.5019
5.8058
5.7269
5.4678
5.8850
6.0542
6.2846
6.3652
6.1965
5.5970
5.4858
5.7447
5.7477
5.1371
5.2028
5.6132
5.4843
5.3056
4.8313
5.5608
5.4313
5.5553
5.5989
5.6363
6.0065
6.3256
5.9651
6.4788
6.4887
6.5135
6.1700
6.3031
5.8402
6.4319
6.5128
6.0983
5.9186
6.1853
5.9870
5.8824
6.0107
5.6497
5.7493
5.3760
5.6219
5.9174
5.4204
5.7415
6.1415
5.5451
5.8054
5.3138
5.3683
5.2249
5.2582
5.3866
5.3102
5.2789
5.7108
6.3430
5.9597
5.9121
5.4312
5.4578
5.6194
5.3125
4.9872
5.7540
5.6880
5.1776
5.6806
6.0758
5.6822
5.4729
5.7588
5.5619
5.5109
5.5824
5.6896
5.6725
5.6862
5.5138
5.8873
5.4958
5.5600
5.5400
5.2480
5.3730
5.2429
6.0049
6.2503
5.9541
5.8801
5.5724
5.8707
5.9306
5.8324
5.8752
5.8297
5.6765
5.2656
5.4457
5.2634
5.5227
6.1438
6.0288
5.9147
6.1972
6.2945
6.6441
6.1475
6.4441
6.6437
6.0708
5.6765
5.9216
6.0278
6.0021
5.8007
6.0203
5.5684
5.6545
5.2245
5.3817
5.7040
5.7934
5.8197
5.5749
5.5264
5.2952
5.2193
5.1118
5.1796
5.1466
5.4440
5.5288
5.3074
5.1494
5.3501
5.4895
5.3510
5.5089
5.5752
5.6660
6.1484
5.9052
6.1403
5.8329
6.0689
5.7863
5.7870
6.0567
6.6611
6.7852
6.6309
6.9565
6.8872
6.6790
6.7920
6.8381
6.5450
6.5167
6.1360
6.0481
6.7220
6.2571
6.1861
6.1823
5.8240
5.8728
5.7378
5.7607
6.1149
5.5328
5.4708
5.6581
5.7629
5.9890
6.0305
6.0654
6.3224
6.4601
6.5324
6.4266
6.4782
5.8051
5.6408
5.6682
5.4996
5.4853
5.7391
5.7467
6.0808
6.2660
6.0900
5.8408
5.6935
5.8473
5.9666
5.7414
5.7346
5.8367
5.9927
5.9245
5.7736
6.0779
6.1495
6.3359
6.3774
6.7704
6.7895
6.1463
5.8761
5.6407
5.5387
6.1782
6.3056
6.3481
6.2675
6.2892
6.1205
6.4049
6.5527
6.6625
6.6291
6.8778
6.7117
6.4219
6.0626
6.2748
6.3571
6.6171
6.4316
6.7535
6.5912
6.7928
6.5069
6.5139
6.5648
6.8993
6.8278
6.4169
6.8326
6.5259
6.8337
7.2393
7.2417
7.9426
7.7203
7.5596
7.2095
7.2806
6.8896
6.9798
6.9831
6.9928
7.1527
7.7092
7.2908
7.6759
7.5577
7.2289
7.2797
7.2542
7.1797
7.0740
7.0970
7.0493
6.8363
7.2335
7.8195
7.7222
7.1330
6.6885
6.6911
6.7950
7.0340
6.6529
6.5328
6.1377
6.0269
6.0728
6.2066
6.1933
6.2293
6.4721
6.3238
6.0531
6.4549
6.2014
6.3642
6.2840
6.6869
6.4618
6.8015
7.0768
6.9181
6.6898
6.5453
6.7342
7.0316
6.7591
6.9799
6.4054
6.2844
6.4154
6.1062
6.5050
6.3304
6.3526
6.8877
6.4272
5.9650
5.7927
5.6315
5.6428
5.9213
6.0716
6.3894
5.9948
6.6010
7.4538
7.4875
7.0359
7.2562
7.1522
7.0505
6.8063
7.2247
7.1131
6.6311
6.4290
6.5818
6.4492
6.2833
6.1688
6.0864
6.0518
6.4049
5.9930
6.1749
6.4298
5.9905
6.4055
6.1918
6.3027
6.3390
6.5505
6.4870
6.4201
6.1141
6.4024
6.2636
6.6757
6.5084
5.6743
6.5268
6.3941
6.4701
5.8868
6.3402
6.5398
6.6545
6.7265
6.4205
6.1570
5.9890
6.3736
6.3972
6.7768
6.4563
6.3008
6.2791
6.0010
5.9998
5.8109
5.9428
5.4424
5.7991
6.0219
6.2956
6.9433
6.6298
6.4580
6.7134
6.8566
7.1142
6.6338
6.6213
6.5739
5.8663
5.7452
6.3187
6.1460
6.1223
6.0143
5.7371
6.1623
5.8823
5.6487
5.6378
5.6904
5.7143
6.1241
6.1377
6.1506
6.5037
6.6832
6.5315
5.9368
6.0193
6.4749
6.6948
7.2588
6.9455
6.8630
7.2523
6.6742
6.5021
7.3263
6.9199
6.8858
6.9211
7.0758
6.9191
6.9021
7.0982
6.6439
6.7611
7.0731
7.2879
6.6537
5.8206
5.8431
6.4594
6.4384
6.3518
6.4671
6.2308
6.1687
6.3001
5.6997
6.3535
6.5867
6.7407
6.6862
6.7726
6.4349
6.4348
6.6734
6.7341
6.8412
6.9374
6.9139
7.1867
7.2843
7.1667
6.8172
6.5658
6.5793
6.9207
6.8728
7.3157
7.1729
6.5926
6.9477
6.8786
6.2854
6.3369
6.3619
6.4987
6.8413
6.7188
6.7264
6.9806
6.9163
6.1559
6.1636
6.1066
6.2598
6.9059
6.5355
5.8459
5.5314
6.2103
5.9949
5.9162
5.6851
6.2110
6.4006
6.4962
6.5366
6.2383
6.8036
6.9643
7.0533
6.8848
7.1038
6.3574
6.5396
7.0191
6.5214
6.2610
5.7253
5.9218
6.4915
6.5013
6.3593
6.4755
6.5206
6.5926
6.5761
6.2282
6.1906
6.0642
5.6738
6.0826
5.5968
5.6477
6.4064
6.4360
6.1711
6.2811
6.5646
6.3957
6.4807
5.9491
6.3175
6.6121
6.5413
6.7031
6.3467
5.6628
5.7573
6.0919
5.9645
5.9518
6.3848
6.5738
7.2577
7.6783
7.4011
7.6302
7.0518
6.9552
6.7415
6.0405
6.2733
7.0291
6.8959
7.2819
6.7266
6.5876
6.7889
6.7663
6.4140
5.8405
5.5082
5.7331
5.7588
5.9803
5.6114
6.0044
5.8618
5.5049
5.3747
5.1194
5.4299
5.5014
5.8330
6.1522
5.9671
5.8258
5.7651
5.7211
6.0704
5.8131
5.4707
5.5672
5.9956
5.2985
6.0115
6.0153
6.6135
6.7797
6.4581
6.1460
6.2418
6.1285
5.9560
5.4333
6.0910
6.0176
6.1856
5.8253
6.3382
6.3622
6.2781
6.2507
6.2392
6.1660
6.1414
5.7392
5.9296
6.1926
6.3811
6.6032
6.5733
6.0089
5.9141
5.4792
5.3983
5.9655
5.9063
5.5360
6.2282
6.3362
6.2705
6.4142
6.9352
7.3031
7.5876
6.8502
6.2114
6.2119
5.9952
6.2567
5.9773
5.8019
6.1219
5.9727
5.5676
5.4119
5.2731
5.4195
5.0223
5.0698
4.7954
5.2515
5.2066
5.0066
5.5322
5.4654
5.5478
5.4434
5.4451
5.4022
5.6872
5.7320
5.7758
5.8164
5.5914
5.3253
5.2861
5.2038
4.9718
4.7376
4.6058
4.4164
4.7656
4.8307
4.7362
5.0077
5.2138
4.7097
4.9576
4.7371
4.5570
4.6905
4.3128
5.0091
4.9647
5.4551
5.3429
5.4892
5.5982
5.5792
5.6103
5.5158
5.7276
5.2463
4.9012
5.0292
5.3494
5.3351
5.0659
5.1111
5.2190
5.2405
5.6734
5.4154
5.4166
5.2682
5.6132
5.5576
5.4840
5.9578
6.0347
6.0071
5.8056
5.5623
5.4137
5.5545
5.3481
5.1232
4.5960
4.7192
4.7998
5.0357
5.2178
4.9813
4.9736
5.1660
5.3340
5.2571
4.7327
5.2358
5.6275
5.8130
5.4565
5.4291
5.3965
5.0126
5.2786
4.7920
5.1172
4.5431
4.8129
4.5950
4.9246
4.9124
4.6625
4.7366
4.9479
5.0430
5.1397
4.7759
5.2357
5.3751
5.7356
5.8812
5.2788
5.2253
5.5097
5.7990
5.1738
5.2774
5.3066
5.4121
5.1330
5.4086
5.0689
5.4856
5.4251
5.8488
6.0205
6.0195
6.2105
5.7799
5.6603
5.6755
5.5300
5.6914
5.9241
5.1001
5.4871
6.0050
5.7598
5.8851
6.0099
5.7681
5.9781
6.1019
5.8373
5.6556
6.0043
5.5713
5.8131
5.6926
6.0576
5.8663
6.0874
5.8046
5.8067
5.7596
5.8136
6.1334
6.0606
5.8447
5.4470
5.5804
5.8339
5.6801
5.0402
5.1134
5.3814
5.8159
5.8645
6.0215
6.0392
6.0476
5.9878
6.5561
5.5817
5.6027
5.9169
5.7102
5.9381
5.7424
5.4000
5.5088
5.8452
5.4327
5.3707
5.3568
5.6652
5.6029
5.4006
5.6596
5.4235
5.3037
5.6621
6.1819
6.7900
6.1318
5.9522
5.9333
5.5104
5.8627
5.6568
5.8089
5.6100
5.7474
5.6384
5.7208
5.5907
6.0871
6.1487
5.9899
5.6851
5.7647
5.6866
5.8869
5.8338
5.7992
5.7935
5.6423
5.7215
5.6948
5.7159
5.4858
5.8782
5.2963
5.6933
5.7111
6.0037
5.9022
5.7341
5.9410
5.7805
5.7944
6.2377
6.0549
6.2539
5.9778
5.8460
6.1824
6.4931
5.6061
5.8618
6.2174
5.6258
5.6039
5.6419
5.8093
5.6962
5.7365
5.7403
5.8037
5.5892
5.4212
6.0458
6.1493
6.0851
5.8160
5.9848
5.7278
5.8888
6.2747
6.0364
6.2591
6.3477
6.1532
6.3889
6.3233
6.2117
5.9400
5.9742
5.9166
5.8214
5.8019
5.6830
6.1907
6.8969
6.3779
6.5205
6.3063
6.3145
6.5751
6.5272
6.7717
6.6706
6.1789
6.2060
5.8757
5.7633
6.0377
6.3438
6.2537
5.8087
6.0747
5.5566
5.5955
5.6023
5.2704
5.5470
5.8065
5.9371
6.0645
5.4714
5.8550
5.2666
6.1861
6.1397
6.4085
6.1824
5.7299
5.3593
5.4475
5.3053
5.5418
5.3062
5.4604
5.3590
5.5138
5.5551
5.5871
5.1668
5.3751
6.1034
6.3988
5.6161
5.7965
5.6444
5.2440
5.2492
5.2177
5.7376
5.8047
5.2406
5.3793
5.4395
5.3519
5.4001
4.9979
5.6382
5.8878
5.6859
5.6652
5.6760
4.9967
5.2258
5.3349
5.7154
5.6796
5.5221
5.8193
5.2425
5.5429
5.6368
5.2738
5.5055
5.1043
5.3551
5.5010
5.1916
5.4594
5.9349
5.8768
5.5022
5.9176
5.8750
5.7568
5.5481
5.4679
5.3757
5.5719
5.5788
5.6996
5.6688
5.5093
5.4521
5.1523
4.9659
5.4307
5.2920
5.0168
5.1840
5.5232
6.0280
5.3081
5.9289
5.9805
5.8677
6.2394
6.0179
6.5082
6.0209
6.0849
6.1843
6.1197
6.2720
5.5117
5.6196
5.6098
5.8558
5.5077
5.9762
5.3226
5.7920
6.1153
6.2002
5.5735
5.7734
5.7675
6.0997
6.0795
6.5477
6.7602
5.9637
6.0657
6.0351
5.9277
6.1373
6.5224
6.3068
6.2008
5.9090
5.5815
5.5645
5.4699
5.2794
5.4109
5.7977
5.8513
5.8616
5.6319
5.8225
5.5632
5.4631
4.8354
5.0067
5.2331
5.2169
5.3777
5.2951
4.9109
4.7480
5.2172
5.4877
4.8642
5.0637
5.0864
4.9632
5.2236
4.6645
4.5221
4.5667
4.9581
5.0948
5.5843
5.0902
4.9425
4.9738
4.7365
4.9375
5.2926
5.3774
5.0316
4.9043
4.8976
4.7586
5.3289
5.0983
5.1804
5.4855
5.4323
5.6413
5.8017
5.8477
6.1654
5.9730
5.3751
5.1061
5.2752
4.8661
4.8999
5.0501
4.9767
5.2953
5.0663
4.8350
4.8051
4.8737
4.9989
4.9300
5.0400
5.1795
5.1492
5.1572
5.3255
5.4014
5.8446
5.3212
5.0760
4.6572
5.0488
4.8620
5.1940
5.2163
5.0898
5.2849
5.1532
5.3515
4.9824
5.1259
5.0713
4.9756
5.1232
4.8588
4.8532
4.7020
4.7025
4.7225
5.1329
5.2684
5.0372
5.0857
5.2019
5.1142
5.4030
5.2108
5.4107
5.6741
5.9907
5.9653
5.8559
5.4942
5.7137
5.3576
5.4667
5.3187
5.4902
5.5717
5.4780
5.6779
5.7747
5.9609
5.7422
6.1325
6.0655
5.9822
6.2439
6.0099
6.7810
6.3991
6.0341
6.6683
6.6641
6.6024
6.5156
6.2822
6.4984
6.0784
5.6658
6.0069
5.9395
5.8501
5.8002
5.7288
5.7005
5.1170
4.8537
4.9297
4.6295
5.0662
5.2101
5.3577
5.3817
5.7460
5.5222
5.5743
5.5357
6.2696
6.3083
5.8160
5.8124
6.1709
6.0840
5.7823
5.8816
6.1199
6.1274
6.3046
6.0205
5.7627
6.4265
6.4078
6.9605
6.5655
6.9265
6.7082
6.1987
6.8586
6.2863
6.3868
6.7670
6.5185
6.6830
7.1449
6.7814
6.5260
6.7681
6.5838
6.5168
6.7282
6.7817
6.7601
7.2899
6.6248
6.5465
6.3004
6.1369
6.4863
6.1448
5.7948
5.6966
6.0452
6.4794
6.3875
6.2414
6.0413
6.8113
6.2782
6.1815
6.2910
6.3383
6.4229
6.8557
6.6273
6.7463
6.4800
6.3367
5.8055
5.7179
5.6272
5.8813
5.8628
5.8398
5.8747
6.0567
5.9719
6.0585
5.9836
6.0902
6.2905
6.8204
6.4877
6.0219
6.1001
6.0936
6.2385
6.1641
5.9168
5.6036
5.9349
5.9026
5.2839
5.5330
5.7903
5.8118
5.5712
5.7277
5.2804
5.5947
5.9749
6.2309
5.7430
5.5973
5.8874
5.5108
5.7867
5.8379
5.5886
5.6741
6.0243
5.9764
5.8928
5.4035
5.1723
5.3983
5.4184
5.3819
5.4785
5.7088
5.9658
5.9414
5.4401
5.6178
5.4566
5.3134
5.1798
5.6304
5.9641
5.9427
5.3089
5.4240
5.5732
5.6034
6.0517
5.8777
5.8488
5.5326
5.3271
5.2533
5.2847
5.4390
5.8366
6.0267
5.8631
6.1492
5.7955
6.4041
6.5569
6.5253
6.3458
6.4595
6.4472
5.7614
6.5362
6.1134
6.7362
6.4546
6.3966
6.0906
5.9323
6.0179
5.5513
5.7898
5.9894
6.3473
6.4733
6.8669
6.4095
6.7830
6.6998
6.6132
6.5789
6.1938
6.5800
5.8908
6.0982
6.1735
6.7406
6.5984
6.5381
6.1561
6.2759
6.3957
6.5848
6.6598
6.1986
6.6949
6.9221
6.6224
6.7733
6.9735
6.9640
6.5594
6.6332
6.7245
6.6497
7.1665
6.5612
6.3824
6.7043
6.7422
6.2826
6.0660
6.5181
6.3965
6.5943
6.0033
6.4322
6.5195
6.5619
6.7464
6.5668
6.8191
7.0792
6.5082
6.7022
6.6103
6.7191
7.2228
6.6079
7.0619
6.8226
7.0255
6.5776
6.1895
5.8921
6.6958
7.0717
6.9369
7.1454
6.7921
6.8218
6.7507
6.5642
6.6465
7.1885
6.2802
6.2689
6.6633
6.5934
7.2335
7.1617
6.8743
6.5414
6.0691
6.1006
5.5917
5.8505
5.9520
6.3085
5.8835
5.9215
6.2441
6.3763
6.0685
6.5839
7.2030
7.1473
6.8529
6.9174
7.5002
7.1388
7.1543
7.2165
7.6945
7.3032
6.8610
7.2874
7.0614
6.9259
6.8278
6.6812
6.7232
6.1553
6.2349
6.1103
6.4129
5.9428
5.9691
5.9287
5.9759
6.3132
6.2237
6.2028
6.0401
5.3839
5.7041
6.6583
6.6395
6.4493
6.8275
6.5387
6.2530
6.9834
6.6604
7.2469
6.8389
6.9072
6.8911
6.4393
7.2796
6.4988
6.8063
6.7753
6.3251
6.2756
6.3111
6.4836
5.9231
5.5119
5.8843
6.1613
6.1933
6.5603
6.4112
6.3016
6.4535
6.1600
6.2620
5.9285
6.2691
6.3223
6.0131
6.2798
6.6112
6.5372
6.9074
7.4030
6.8130
6.7560
6.4710
6.5031
6.4977
6.5792
6.4441
6.7031
6.7113
6.4609
6.4828
6.9192
6.9741
6.5956
6.9219
6.7830
6.7936
7.0405
7.2841
6.2858
6.8353
6.8879
7.0694
6.9597
6.9648
6.7641
6.9234
6.8639
6.4355
6.4239
6.4911
6.3855
6.3784
6.3447
6.3086
6.1061
6.4632
6.4320
5.7603
5.6839
5.8465
6.0162
6.0251
5.8888
5.7502
5.7621
5.7123
5.9460
5.9893
6.3825
6.3685
6.7995
6.8324
6.2686
6.0634
6.3156
6.2710
6.1693
6.5599
6.2700
6.0758
6.4983
6.3499
6.6472
6.9121
6.5959
6.1296
6.3073
6.7185
6.5273
6.5616
6.5936
6.6722
6.9223
6.7190
6.7255
6.4154
6.4861
6.6539
6.8941
6.8581
6.5007
6.1025
6.4074
6.5587
6.4293
6.6194
6.5249
6.2667
5.8517
6.0555
6.4504
6.2547
6.1935
6.0646
6.4596
6.6010
6.4350
6.4810
5.9467
6.0682
6.0133
6.2548
5.8193
6.1131
5.7323
5.9411
5.6608
5.7714
5.7290
5.5922
5.8188
5.9783
5.8347
5.9214
6.3124
6.4316
6.9148
6.6987
6.3134
6.8383
7.1083
6.5417
6.2828
6.5114
6.6833
6.8114
6.7180
6.4349
6.9675
7.1707
7.0473
7.4631
7.3874
7.7950
7.7261
7.8935
7.6392
7.1533
7.0610
7.0378
8.0610
7.9486
7.6071
7.4349
7.7185
7.6898
6.9933
7.0842
7.0623
7.1434
6.7733
7.0732
6.7570
6.4568
6.0368
6.1264
5.9212
6.0721
5.5582
5.7096
5.3852
5.4918
5.8246
6.0577
6.0837
5.5489
5.6296
5.8853
5.5748
5.8405
5.5204
5.8483
5.5356
5.5239
5.7250
6.1499
6.5244
6.3239
6.0289
6.2274
6.5118
5.9466
5.7683
6.1111
5.8376
5.5930
5.3625
5.3225
5.0834
5.6484
5.3769
5.3853
5.4652
5.4942
5.3134
5.4498
5.2516
5.5093
5.8974
5.5874
5.3099
5.3288
5.2447
5.4535
5.6549
5.4071
5.6964
5.7041
6.2497
6.0184
5.7709
5.9541
5.9012
6.3555
6.2464
6.6498
6.7337
6.6654
6.8751
6.6054
6.8691
6.5278
6.6322
6.5854
6.7694
6.6282
6.8652
6.1600
6.4780
6.3276
6.3577
6.0710
6.0622
6.0656
5.8976
5.6382
5.4531
5.4393
5.6899
5.9379
5.9738
6.0484
5.6028
5.8058
6.0857
6.0526
5.7467
5.8876
5.8362
5.8167
5.8839
5.4545
5.6710
5.8724
5.9535
6.2232
6.0095
5.8842
5.9928
5.7324
5.6441
5.6137
5.6104
5.9376
5.5289
6.2023
6.0642
5.9961
6.0968
6.1469
6.0431
5.6583
5.9677
5.9952
5.9245
5.9786
5.7040
6.2524
5.9150
5.6308
5.8991
6.2252
6.4130
6.0525
5.7448
5.9653
6.1822
6.1286
6.0519
5.8909
6.0906
6.2571
6.0900
6.2993
6.7474
6.5028
6.0009
6.0405
6.5950
6.2797
6.6605
6.4725
6.8093
6.7524
6.0351
6.5513
6.6963
7.0486
6.2658
6.8005
6.7759
6.3424
6.2093
6.3074
6.6686
7.1368
6.6591
6.7990
6.8733
6.2279
6.8772
6.3642
6.7682
6.2665
6.8874
6.3159
6.6676
7.2591
6.5989
6.8686
6.7731
7.1057
6.6501
6.1663
6.1165
6.1967
5.9786
6.5043
6.3373
6.6447
6.7337
6.4633
6.5653
6.7217
6.6386
6.8524
6.0567
6.7328
6.4356
6.5231
6.6612
6.4016
6.3714
6.4771
6.7025
6.2328
6.2845
6.2263
6.4164
6.2696
6.9653
7.0356
6.4795
6.4410
6.2354
6.0170
6.1386
6.2245
5.9003
5.9813
5.7439
5.3268
6.0194
5.8468
6.1211
6.3884
5.8316
5.6724
5.6614
5.5174
6.2302
6.6141
6.3233
6.4395
6.0369
5.9568
5.8257
6.0206
6.2469
6.2824
6.4451
6.5242
6.2291
6.3097
6.3113
6.2595
6.1303
6.5458
6.0748
6.3566
6.3246
6.2729
6.2823
6.2122
6.2015
6.6222
6.0154
6.0791
5.7948
5.9486
5.8199
5.7849
6.0610
6.2211
6.4589
6.7450
6.8354
7.0015
6.9073
6.6220
6.3196
6.6924
6.4038
6.7155
6.8353
6.1018
6.2628
6.5280
6.6373
6.7929
7.0110
6.2614
6.4275
5.9039
5.5278
5.9793
6.2003
6.2190
6.6676
6.2492
6.2493
6.0538
5.8368
5.6790
5.8422
5.4609
5.2665
5.3648
5.7140
5.4925
5.4760
5.2596
5.5508
5.7381
5.4678
5.7673
5.7664
6.6363
6.3358
6.5966
6.8236
7.1933
6.7743
7.0506
7.1368
6.9685
7.0367
7.4492
7.3750
7.2758
7.1517
7.0711
6.9973
6.7975
6.6173
6.7261
7.3568
7.4166
6.9977
6.9113
7.2909
7.0000
6.7152
6.8357
6.8973
6.6237
6.4326
5.7926
5.6578
5.3434
5.4644
5.8630
6.0677
6.1706
6.0690
5.8503
5.8880
5.9407
5.8013
6.0367
5.5952
5.2578
5.7224
5.4534
5.5685
5.9356
5.8640
6.1331
6.4557
6.3862
6.3615
5.7751
6.3839
6.5380
6.4575
6.8073
7.0623
7.1160
6.5595
6.1265
7.0290
6.3630
6.5810
6.7604
7.2558
7.0704
6.6571
6.7396
6.9935
7.4299
6.9791
6.3970
5.9680
6.1774
6.3817
6.6188
6.3169
6.3408
5.8526
5.9688
5.4796
5.3962
5.7031
5.7224
5.4242
5.4659
5.4985
5.1389
4.9120
5.0677
5.2027
5.5071
4.8799
4.9021
5.1769
4.8388
4.8889
4.9486
4.9091
5.1345
5.4236
5.3997
5.4488
5.4096
5.5438
5.6435
5.4026
5.2178
5.3799
5.1917
5.5927
5.8342
5.7925
5.7753
5.2778
5.5471
5.5146
5.9225
5.9538
6.1728
5.4934
5.6278
5.7395
6.1740
6.3539
6.1870
5.3446
5.7987
5.8002
5.9262
5.7373
5.9807
5.6498
5.5230
5.8159
5.4519
6.0953
6.1472
6.0982
6.2259
5.3852
5.9514
5.8710
5.9038
6.0671
5.9332
5.7781
5.4549
5.5088
5.9936
5.5215
5.8400
5.7884
5.8073
5.6146
5.7286
5.7535
5.2185
5.2042
5.0162
5.4650
5.3886
5.0325
5.4075
5.4405
5.6678
5.6983
5.5294
5.3543
5.2215
5.7877
5.8502
5.8852
5.6736
5.8571
5.7281
5.3710
5.7662
5.3428
5.6125
5.4712
5.1632
5.3894
5.1197
5.7746
5.7702
5.2785
5.1184
5.3809
5.2232
5.5423
5.4814
5.7415
5.1868
5.5351
5.7271
5.9417
5.6222
5.9269
6.0519
5.6216
5.6594
6.1469
6.5657
6.6491
6.4847
6.5328
6.9766
6.2813
6.2630
6.1880
5.9896
5.4594
5.4997
5.2072
5.5357
5.4853
5.6296
5.6946
5.7434
5.7512
4.9939
5.2008
5.4539
5.3830
5.5942
5.7468
5.3228
5.3827
5.6795
5.9222
6.0720
6.0129
5.7733
5.5101
5.7900
5.4401
5.3084
5.6914
5.6783
6.2142
5.4904
5.4047
5.4423
5.4268
5.4361
5.1420
5.2913
5.4125
5.5898
5.6604
5.6114
4.9816
4.8536
4.7278
4.5789
5.1174
5.0781
5.4460
5.4299
5.4647
5.8392
5.5583
5.2817
5.4407
5.8653
5.6370
5.6541
5.7293
5.6257
5.4131
5.5120
5.8854
5.8305
5.4053
5.2355
5.1917
5.6380
5.0363
5.4376
5.1891
5.4082
5.0421
5.1063
4.9308
5.3654
5.1073
5.1221
5.2071
5.1562
5.5483
5.1672
4.8798
4.9811
4.8771
5.6213
5.4425
5.4775
5.3680
5.6554
5.2252
5.1024
5.5106
5.6688
5.2920
5.8313
5.6333
5.2603
5.5229
5.9429
6.1470
5.7947
5.8682
5.8426
5.7385
5.6851
5.6905
5.7077
5.3343
5.0726
5.3647
5.8039
5.4895
5.3799
5.5050
5.2962
5.5355
5.3470
5.3461
4.8825
5.0840
5.1402
5.1822
5.2993
5.0956
5.2615
4.9428
4.7297
4.6605
4.8368
4.6660
4.6395
4.7878
4.6029
4.6398
4.6811
4.6048
4.5770
4.9271
4.7637
4.5178
4.8545
4.6414
4.5855
4.8188
4.6543
5.0202
4.9350
4.9394
4.9556
4.9467
5.0462
5.0066
5.1273
4.7361
4.8004
5.0123
5.0648
5.0826
5.1048
5.4671
5.3640
5.3493
5.4126
5.1023
4.9866
4.9027
5.3832
5.2213
5.5593
5.4101
5.3179
5.1160
5.1946
5.4909
5.6390
5.6631
5.0202
5.3707
5.2521
5.3424
5.6357
5.3157
5.6888
6.3694
6.2374
6.2761
5.7399
5.3203
5.3502
5.6277
5.4652
5.1233
5.1965
5.6945
5.6745
5.5026
5.3474
5.5875
5.4861
5.5375
5.2908
5.0086
5.4078
5.4392
5.1109
5.0975
5.1804
4.8505
4.8035
4.6584
4.6316
5.0782
4.8037
4.6575
4.8316
4.5994
4.3968
4.6724
5.0224
4.9518
5.1906
5.1854
5.4077
5.0495
5.0760
4.4756
4.7033
4.3175
4.5022
4.4762
5.1561
5.2876
5.1293
5.5378
5.1785
5.1305
5.1317
4.8014
4.9080
4.7240
5.0496
5.1797
5.1297
5.1686
5.0356
5.2201
4.9033
5.0529
5.1276
5.2078
5.3977
5.2742
5.0437
5.1478
5.5385
5.3968
4.9619
4.7863
4.7637
5.1688
5.1123
5.2189
4.2569
5.0884
5.0804
4.7327
5.0199
4.8230
4.8682
4.9267
4.4150
5.0445
5.1535
4.9298
5.3048
5.2017
5.4354
5.3330
5.0711
4.9220
5.1015
4.9542
5.3986
5.3010
5.5175
4.6640
4.8817
4.5875
4.9216
5.0576
4.6627
4.5532
4.4124
4.1878
4.3109
4.3769
4.4415
4.4007
4.6368
4.9885
4.9623
5.0959
4.8506
4.6824
4.8810
4.4403
4.5221
4.5416
4.6958
4.5573
4.4187
4.6232
4.8231
4.8257
4.8183
4.7036
4.6767
4.4500
4.5650
4.6403
4.2208
4.3021
4.4658
4.1317
4.2312
4.5766
4.6169
4.6062
4.5925
4.8598
4.6978
4.6395
4.5274
4.5455
4.5564
4.9173
4.8317
4.8756
4.9444
4.9558
4.8920
4.7933
4.4099
4.4034
4.5988
4.8858
4.7163
4.9069
4.9235
4.5550
5.1317
4.9909
5.2111
5.0369
5.0850
4.7147
4.9597
4.7289
5.0341
5.0305
5.3915
4.9784
5.3262
5.2047
5.2057
5.3832
5.4481
5.3994
4.9302
5.1153
4.8151
4.5617
4.9397
5.3764
5.3287
5.4949
5.1997
5.2724
5.0797
5.0584
4.9004
5.2385
5.4808
5.1033
5.3354
5.1192
4.8980
5.0450
4.9270
4.9839
5.3437
5.1696
4.8698
5.1418
5.3219
5.1231
5.1958
4.8310
4.9180
5.1370
5.4514
5.4569
4.5884
4.7994
4.9541
4.8343
5.1320
5.0787
5.1960
4.8459
4.7954
4.8753
4.9169
4.8795
5.0686
4.6664
4.5857
4.8752
4.9446
4.6618
4.6125
4.3556
4.3973
4.3606
4.7649
4.4662
4.6637
4.6371
4.0569
4.3084
4.5936
4.6997
4.3779
4.6206
4.9522
4.8821
4.9274
4.8611
5.1107
5.0081
5.4127
5.1916
5.2220
4.9334
4.8491
4.9455
4.9503
5.1419
4.9652
5.5525
5.3548
5.3253
5.4511
5.5137
5.3077
4.8999
4.9986
4.8516
5.0283
4.9142
5.2035
5.2017
5.1190
5.2379
5.1097
4.9247
4.9673
5.2312
4.9596
4.7885
4.7507
4.8431
5.2799
5.2691
5.2792
5.3437
4.7154
4.4088
4.4252
4.6663
4.9262
5.0325
4.9172
5.3470
5.1840
4.7953
4.7664
4.8606
4.4680
4.7426
5.0113
4.4915
4.4937
4.4631
4.4638
4.6308
4.4786
4.9435
4.9198
4.6430
4.4209
4.5416
4.6113
4.8025
4.8765
4.8338
4.7312
4.9878
5.1154
5.0635
5.0404
4.9195
4.8910
5.3357
5.0792
4.7417
4.9723
4.6730
4.4385
4.5588
4.6297
4.6647
4.5308
4.2093
4.2207
4.3177
4.2121
4.4863
5.0182
4.7223
4.6629
4.4624
4.3813
4.2396
4.3751
4.5033
4.8053
4.4934
4.8232
4.8565
5.2015
5.0717
5.2695
5.4086
5.0791
5.2031
4.8237
5.3376
4.8273
5.2070
5.0260
4.7583
4.7413
4.4260
4.4865
4.3215
4.6264
4.6192
4.9105
5.0094
4.7634
4.5379
4.6250
4.6978
4.8467
4.7700
4.7467
4.6834
4.4352
4.4307
4.5580
4.9669
5.0188
4.9379
4.8140
4.5739
4.3947
4.7725
4.4508
4.6858
4.7090
4.6830
4.2771
4.4294
4.5188
4.4773
4.2832
4.4960
4.2033
4.4345
4.5321
4.2214
4.0069
4.2953
4.3926
4.2257
4.2454
4.1690
4.3348
4.2076
4.4772
4.1589
4.1147
4.4163
4.4551
4.4917
4.7173
4.3546
4.5640
4.3068
4.2319
4.3797
4.3945
4.5032
4.4670
4.5322
4.3863
4.4927
4.4463
5.0070
4.7408
4.7352
4.4648
4.3732
4.2540
4.4547
4.5262
4.2928
4.6448
4.4958
4.7259
4.5905
4.6036
5.0741
4.9505
4.5665
4.7511
4.7290
4.5667
4.4399
4.4128
4.6533
4.8234
4.6573
4.4325
4.5239
4.5350
4.7455
4.4476
4.3336
4.5017
4.4057
4.3726
4.7572
4.9320
4.8915
4.9867
5.0324
4.8426
4.9501
5.4516
5.3816
5.8536
5.6707
5.1852
5.2482
5.2677
5.0953
5.1161
4.9650
5.1115
5.2460
4.8548
5.0699
5.1997
4.9536
4.6081
4.3604
4.3492
4.5218
4.4532
4.4730
4.3807
4.6356
4.4137
5.0588
4.7753
4.6734
5.0098
4.9618
4.4088
4.5857
4.8875
4.8408
5.0360
5.3785
5.0908
4.8484
4.6053
4.7151
5.4830
5.0850
4.6909
5.0529
4.7813
4.9855
4.9175
4.8890
4.7591
4.8418
4.7239
4.7245
5.1469
5.1423
4.9239
4.8771
4.5023
4.5934
4.9641
5.1372
5.2599
5.0272
4.6350
4.6452
4.7613
4.9282
4.6361
4.8963
4.7170
4.9794
4.8961
5.2123
5.1570
5.1482
5.0912
5.1191
5.0396
5.0822
4.8028
4.9679
5.4599
5.1623
5.3084
5.3408
5.3258
5.3842
5.1784
5.4708
5.4657
5.0671
4.9679
5.2918
5.2324
4.8865
4.8804
4.6700
4.6756
4.5853
4.7014
4.7668
4.7013
4.7364
5.0777
5.0493
4.9510
5.1045
5.2638
5.3020
5.5075
5.1153
4.8562
4.7998
4.9687
5.0713
4.8561
4.8643
4.7011
4.8608
5.1885
5.1545
5.0398
5.0911
5.4883
5.3217
5.4030
5.3266
4.7858
4.9713
5.3702
5.2643
5.1943
5.0571
4.7547
4.6672
4.8141
4.6895
5.1246
5.3377
4.5457
4.6349
4.8391
4.7779
4.3746
5.0245
4.5527
4.6558
4.5232
4.6391
5.0385
5.0770
4.9573
4.8325
4.8101
4.9365
4.8182
4.6268
4.1142
4.4486
4.6930
5.1316
5.3340
5.6069
5.5090
5.6564
5.2488
5.2969
5.6960
5.4418
5.1284
5.1560
4.7343
5.0304
5.3184
5.2887
5.5151
5.3574
5.0977
5.3694
5.4178
5.5604
5.2127
5.4827
5.5376
5.3057
5.8618
5.6377
5.0244
5.1859
5.8252
5.6282
5.2578
5.1846
5.0578
5.0799
4.7158
4.6589
4.9155
4.7470
4.7109
5.1628
4.8081
4.5726
5.0886
5.0287
4.9996
4.6929
4.9290
4.8780
5.0479
5.5003
5.0802
5.3345
5.2167
5.3800
5.1460
4.8992
4.9381
5.2924
5.3623
5.0945
5.4390
5.3597
4.9336
4.7053
4.8922
5.2188
4.9989
4.5765
4.6705
4.8230
4.6407
4.6550
5.1422
5.0654
5.2618
5.4163
5.3798
4.6479
4.4210
4.4087
4.4637
5.0410
4.7931
4.9944
5.1604
5.1358
5.0386
4.9631
5.0131
5.1496
5.2995
5.0772
5.1228
5.3225
5.5442
5.8919
5.6448
5.9523
6.1953
5.7496
5.9398
5.3967
5.2227
4.7513
4.9288
4.9996
4.7952
4.8386
4.9476
4.9148
4.7668
4.9818
5.0534
4.9032
5.1719
4.8658
4.6809
4.6669
4.3572
4.7527
4.7487
4.7800
4.5267
4.6589
4.8947
4.6908
4.6471
4.7211
4.7005
4.4233
4.5549
4.7700
4.4318
4.7681
4.4988
4.5042
4.6728
4.4932
4.6317
4.8112
4.9703
5.2919
5.1535
5.0958
5.3264
4.9898
5.2071
4.8820
5.0784
5.0229
5.0163
5.1502
4.8934
4.8501
4.7737
4.8027
5.0778
5.2899
5.0630
5.1069
5.1026
4.9235
4.8031
4.7471
4.6654
4.7384
4.8906
4.8332
4.7285
5.3153
5.0620
5.5078
5.5347
5.3631
5.1673
4.8909
5.5486
5.6830
5.2424
5.6099
5.6706
5.0207
5.1442
5.1467
5.1766
4.8386
4.5983
4.4107
4.4856
4.5091
4.7571
4.7124
5.2054
4.9578
5.0982
5.2084
4.8006
5.0485
4.9422
4.6526
4.7044
4.6562
4.3416
4.9464
4.7676
4.5148
4.4997
4.3372
4.4447
4.5620
4.7684
4.7341
4.7961
4.7833
4.7933
4.9655
5.0374
5.0638
4.5263
4.6988
4.4846
4.8239
4.7817
4.9254
4.7198
5.0926
4.8527
5.3449
5.2902
5.4147
5.1742
5.0601
4.5247
5.1336
4.7701
4.8275
4.8527
4.9806
5.2780
5.7857
5.4819
5.3111
5.4283
5.0550
5.3920
5.2554
5.4292
5.0984
5.2115
5.1101
4.9862
5.2298
5.0902
5.3782
5.4537
5.3911
5.2878
5.1450
5.2714
5.2660
5.4955
5.3196
5.0034
4.8442
4.5560
4.5965
4.7079
4.9300
5.4705
5.9858
5.7419
5.1929
5.1833
5.0935
4.7820
4.9103
5.2164
5.1646
4.9062
4.5355
4.5532
4.6771
4.7761
4.6966
4.6663
4.5945
4.8386
4.8011
4.4081
4.8329
4.8648
4.9199
5.0563
5.3735
5.0425
5.3172
5.4102
5.4731
5.0325
5.0845
5.0489
4.9279
5.1663
5.1320
5.4895
5.4600
5.0970
4.9381
4.7828
4.6824
4.5731
4.5917
4.7701
4.6256
4.4576
4.9284
4.5875
4.5992
4.6970
4.6718
4.9806
5.1454
4.8443
4.7906
4.7478
4.8405
4.5325
4.9704
4.7338
4.6657
4.6467
4.4885
4.3363
4.8080
4.7282
4.6745
4.8420
4.9166
4.9815
5.0900
4.7245
4.5926
4.9205
4.7798
5.1403
4.6446
4.7938
4.9122
4.3381
4.3145
4.3581
4.3251
4.4035
4.4211
4.8828
4.7231
5.2642
4.9998
5.2836
5.3875
5.7464
5.6203
5.3946
5.2278
4.9559
5.0397
6.0890
5.7412
6.3009
5.8766
6.2821
5.7673
5.6929
5.8972
5.5242
5.4567
5.6892
5.5563
5.1842
4.9491
5.5493
5.1229
5.3159
5.2793
5.5125
5.7527
5.4660
5.0181
5.2925
5.1683
5.0026
5.1899
5.2103
5.1020
5.2730
5.1674
5.1749
5.4939
5.4594
5.5287
5.2700
5.4437
5.6582
5.7945
5.4135
5.4409
5.4581
5.5271
5.7470
5.5134
5.5704
5.4285
5.1353
5.0187
5.0317
5.1142
4.9408
5.1386
5.1796
4.6519
5.0151
5.2307
5.0915
5.1414
5.2350
5.3453
5.2649
5.1987
5.7654
5.1709
5.1977
5.1702
4.9951
5.0578
5.1810
5.0002
5.2597
5.4358
5.0447
5.0405
4.9759
4.9200
5.2901
5.4262
5.2697
5.1730
4.7631
5.3091
5.7038
5.3681
4.9413
4.6350
4.9243
4.8013
4.8904
5.3422
4.9591
4.7899
5.0150
4.8605
4.9644
5.2316
4.8035
4.8398
4.8066
4.3990
4.5297
4.2302
4.3485
4.2827
4.3841
4.1300
4.4216
4.4721
4.6823
4.6269
4.4643
4.6802
4.9085
4.8358
4.5648
4.9079
4.8138
4.8442
5.1866
4.9537
5.3107
5.2765
5.0574
5.1472
5.4189
5.1847
5.2160
5.0409
5.2185
5.2211
5.4050
5.7292
5.7784
5.6100
5.4250
5.5554
5.7467
5.6096
5.4520
5.5046
5.3088
5.5434
5.7984
5.8184
5.8410
5.0704
5.6327
5.4988
5.8212
5.6307
5.8247
5.5187
5.6296
5.6185
5.5972
5.4855
5.7146
5.6096
5.6470
5.4790
5.7745
5.7571
5.8735
6.2531
6.0679
6.0321
6.4562
6.0238
5.9682
5.6584
5.6991
5.7884
5.8571
5.6125
5.1124
5.3448
5.6885
5.6258
5.3117
5.7996
5.9597
6.0046
6.0152
5.9360
5.6550
5.7139
5.8682
5.7909
6.1939
6.0276
5.6222
5.7749
6.0304
6.0889
5.9817
5.8834
6.0104
5.7815
5.8329
5.6683
6.0928
6.1651
5.5960
5.8983
5.8532
5.3883
5.7061
5.5775
5.4415
5.5299
6.0111
6.1641
5.7414
5.8788
5.8398
5.5052
5.7137
5.3323
5.3088
5.3902
5.7772
5.7038
5.4045
6.2085
5.7992
6.1999
6.0902
6.4242
5.9955
5.8661
5.7706
5.9733
5.7030
5.8126
5.4243
5.5358
5.2716
5.0998
5.3379
5.4618
5.5364
5.3980
5.9197
5.8182
5.5825
5.6367
5.7943
5.8529
6.0623
5.9010
5.7214
5.9034
5.9662
6.1433
6.3565
6.2435
6.2357
6.2694
5.9087
5.7993
5.6807
5.6306
5.7993
5.8193
6.0945
6.0059
5.5356
5.5236
5.6571
5.7416
5.6418
5.7354
5.3057
5.7776
5.2543
5.0303
5.2678
5.4307
5.1302
5.4723
5.7260
5.7015
5.5207
5.2823
5.4366
5.3304
5.0714
4.7300
4.9504
4.9571
4.9964
4.9150
5.3481
5.4237
5.5854
5.1417
5.4484
5.5605
5.2177
5.6727
5.9319
5.8973
6.0666
6.1657
6.0933
5.9606
5.8308
5.9095
5.8613
5.5892
6.1524
5.8858
5.9874
5.8500
6.0695
5.7966
5.9308
6.2706
5.4305
5.8364
6.3247
5.8650
6.1183
6.2032
6.2098
6.1808
6.0398
5.8080
5.9292
5.8434
5.5148
5.6129
5.5865
5.5017
5.3405
5.3423
5.0522
4.9622
5.1800
5.4043
5.0537
5.4934
5.3691
5.1149
5.2834
5.2250
4.9946
4.8502
4.8770
5.0834
5.2483
4.8658
5.0728
4.8913
5.1945
4.6568
4.9469
5.1772
5.4685
5.1107
4.9272
4.8295
4.7482
4.6408
4.7798
4.9110
5.0670
5.0323
4.5792
4.6007
4.5190
4.6818
4.3745
4.8539
4.7932
4.7390
4.9420
5.0281
4.8864
4.7936
5.4137
5.1408
4.6381
4.4828
4.8274
4.6344
4.8917
4.8717
4.7201
4.5511
5.0298
4.9196
5.1309
5.0032
4.5070
5.4583
5.1960
5.0496
5.1454
5.4408
5.6011
5.5407
5.1986
5.6303
5.4333
5.2047
4.6795
4.5143
4.5942
4.9063
4.7146
4.9186
4.4774
4.3128
4.6576
4.8239
5.0410
4.8883
4.9146
4.7445
4.8143
5.0918
5.1394
5.1252
5.0718
5.1851
5.6610
5.0755
4.8534
5.0029
5.3893
5.3081
5.4096
5.0431
5.1215
4.8709
4.9587
4.6193
4.6750
4.3860
4.4994
4.4435
4.5804
4.5225
4.2653
4.0936
4.0497
4.1676
4.2225
4.3251
4.0197
4.0030
4.1325
4.0808
4.2114
4.2916
4.5485
4.6456
4.6391
4.8167
5.1117
4.5386
4.6011
4.7304
4.7913
4.6715
4.5741
4.6648
4.6775
4.5812
4.3859
4.4601
4.5741
4.5207
4.6868
4.7446
5.2948
5.2352
5.0718
5.2765
5.1343
5.0242
5.0798
4.8461
5.0779
4.9334
5.0277
4.9010
5.3827
5.2716
5.4754
5.1541
4.9635
5.1217
5.2195
5.1622
5.3294
5.9643
6.0115
5.7303
5.8927
5.5675
5.1285
4.8388
5.0609
5.4740
5.5775
5.6192
5.6673
6.0552
5.5663
5.3374
5.3908
5.5866
5.2190
5.3576
6.1958
5.8684
5.5899
5.6411
5.3541
5.4339
5.4259
5.6364
5.4169
5.7271
5.7736
5.0397
5.6802
5.5013
5.2324
5.4270
5.5058
5.6799
5.7266
5.5806
5.8699
5.8345
5.7979
5.6305
5.7664
5.6085
5.9231
5.3875
5.5965
5.7619
5.4968
5.5473
5.3656
5.1141
5.2641
5.4613
5.4896
5.5321
5.5410
5.4854
5.7958
5.4997
5.4736
5.4488
5.5509
5.6051
5.4897
5.9154
5.5921
5.3146
5.3732
5.5849
5.5754
5.3637
5.2161
5.0956
5.3054
5.2371
5.3439
5.3620
5.9211
5.9726
5.9465
5.8935
5.6343
5.5608
5.4090
5.3525
5.5606
5.2594
5.5288
5.2858
5.2298
5.2237
4.9862
5.0277
5.3902
5.4756
5.5572
5.6539
5.4243
5.5396
5.6441
5.4960
5.4924
5.4545
5.7604
5.9254
6.2422
6.0035
5.6681
5.9622
6.0627
6.0483
5.9746
5.4556
5.6845
6.0486
6.0968
6.2083
5.8320
5.9088
5.1638
5.5497
5.7891
5.4574
5.7224
6.2098
5.6355
5.6353
5.6529
5.7233
5.5494
5.7889
5.7110
5.4080
5.0006
5.3347
5.6479
5.9914
6.2158
5.9656
5.8637
5.9669
5.5218
5.8847
5.5904
5.7984
5.9839
5.5876
5.7438
5.6675
5.4504
5.3894
5.8446
5.4018
5.5939
5.6818
5.8262
5.6020
5.7716
5.8128
6.5017
6.4542
5.7489
5.4120
5.1546
5.3002
5.6268
5.3683
4.9848
5.2785
5.4096
4.8628
5.1789
5.1157
5.6096
6.3173
6.1695
5.6985
5.4388
5.2681
5.4771
5.9247
5.6125
5.6934
5.5299
5.8789
5.9499
5.8866
5.6006
6.2718
5.6884
5.7818
5.6407
5.4917
5.9418
5.5930
5.1699
5.1418
5.2094
5.4576
5.6410
5.5468
5.0510
4.8149
5.1266
4.8065
4.8203
5.0961
5.1577
4.7622
4.7480
4.7061
4.8704
4.9690
5.3695
5.4006
5.6432
5.5954
5.7517
6.0906
5.9762
5.6241
6.1004
5.7623
5.9093
5.4902
5.5291
5.3809
5.5805
5.0823
5.1920
5.0303
5.2470
4.9991
5.2563
5.4788
5.2612
5.2055
5.1168
4.8704
4.9462
4.7540
5.0667
4.9794
5.1893
5.0928
5.2478
5.4018
5.7407
5.5688
5.5422
5.9699
5.8567
5.8371
5.8943
6.1017
5.9184
6.0694
6.0561
6.2690
6.0963
6.0149
6.0544
6.3333
5.9013
5.8658
5.8102
6.0216
6.2704
5.6342
6.0250
5.9590
5.5231
5.7930
5.5056
5.5872
5.4794
5.1547
5.0507
5.3405
5.1205
5.0574
5.2901
5.3794
5.4581
5.5975
5.7068
5.3939
5.4481
5.6743
5.4670
5.2369
5.3290
5.2958
5.2891
5.8793
5.8272
5.4936
5.5191
5.3149
5.3825
5.6072
5.4899
5.5247
4.9633
5.0094
5.0281
4.9837
5.0564
5.4629
5.5935
5.9712
5.8985
5.8624
5.8342
5.2860
5.2001
5.4309
5.5770
5.4689
5.4675
5.8302
5.5984
5.6816
5.6024
5.9410
5.8378
6.0744
5.7229
5.6851
5.2229
6.0260
5.7993
5.9852
5.4978
5.3558
5.0320
5.2898
5.3939
5.4925
5.6069
5.2626
5.0591
5.7078
5.6108
5.9190
6.1819
6.3845
6.4759
6.3913
6.0856
5.5437
5.5159
5.2419
5.6072
5.4458
5.6741
6.0292
6.1091
5.6360
5.7084
6.1674
5.9649
6.3623
5.9610
6.1370
6.5923
6.8170
6.8838
6.2339
5.9420
6.4736
6.2378
6.5663
6.2395
6.3206
6.2231
6.0031
5.9730
6.1770
6.2023
6.1264
6.4319
5.9808
5.8344
5.9389
6.2200
5.8955
5.9225
6.1360
5.8953
5.4084
5.7201
5.5456
5.7126
5.8348
5.6101
5.7312
5.5702
5.5504
5.8507
5.9803
5.3114
5.3719
5.2855
5.1345
5.2936
5.5380
5.6696
5.6927
5.4987
5.4290
5.4380
5.2761
5.4275
5.5328
5.1865
5.5009
5.7021
5.7662
5.7674
5.5507
5.7084
5.1201
5.4263
5.4011
5.5417
5.4147
5.2962
5.0499
5.5097
5.0830
5.1238
4.9968
5.4158
5.1532
5.2936
5.1508
5.4083
5.2976
5.1308
5.0355
4.7367
4.3760
4.9591
5.3331
5.2419
5.5893
5.2586
4.9690
5.0178
4.9963
5.0981
4.9733
4.9057
5.0089
5.0008
4.9343
4.8704
5.3722
5.1452
5.1867
5.2028
5.1009
5.4051
5.0481
5.6334
5.6594
5.2616
5.8224
5.7703
5.4667
5.5875
5.3175
5.4105
5.6320
5.3797
5.4978
5.3635
5.3267
5.3367
4.8643
5.0361
4.8226
4.8789
4.8928
5.0385
5.1592
5.6913
5.8571
5.7102
5.9870
5.6640
5.7683
5.7314
6.2078
5.7088
5.6121
6.1774
5.9094
5.4104
5.3159
5.6087
5.6714
5.4815
5.3331
4.7768
5.2024
5.4106
5.2976
5.0540
5.2771
5.0148
5.3415
5.0645
5.5473
5.4340
5.3767
5.0847
5.2813
5.2268
5.2744
5.5658
5.5660
5.2938
5.8239
5.8708
5.5500
6.0641
6.1307
6.4518
6.3260
6.0418
6.3890
6.3275
5.9907
6.3113
5.9553
6.3139
5.8008
6.4396
6.2511
6.1714
6.3288
5.9859
5.7240
5.6799
5.4564
5.4326
5.3671
5.6512
5.1408
4.7375
4.8648
4.8988
5.0393
4.9066
4.6075
4.3379
4.4807
4.6168
4.9753
5.0334
4.9394
5.0683
5.3822
5.3362
5.5656
5.3810
5.1128
5.1761
5.1378
5.3848
5.3397
5.4744
5.3473
5.5435
5.3061
5.5656
5.8691
5.2497
4.9214
4.6291
4.7757
5.1227
5.0241
5.2763
5.1606
4.9704
5.3483
5.5410
5.3765
5.4362
5.6844
5.7319
5.9381
5.5164
5.2329
5.4926
5.8608
5.3988
5.5812
4.9552
5.2541
5.1031
5.3830
5.0142
5.2637
5.0111
5.2036
5.1984
5.1340
5.2143
5.2307
5.2760
5.3865
5.1777
5.2448
5.6472
5.4228
5.2795
5.2619
5.5178
5.4702
5.9404
5.7224
6.2867
6.1043
5.5489
5.3065
5.6812
5.9702
6.1310
6.0881
5.7223
5.5124
5.4922
5.6246
5.6744
5.4550
4.9231
4.7002
4.7992
5.0884
5.2632
5.2642
5.5802
5.6378
5.4787
5.5333
5.3917
5.4851
5.4498
5.1608
4.7738
5.0046
5.0619
5.2678
5.1978
5.3646
5.0267
5.0073
4.8945
4.8328
4.6194
4.7769
4.8483
5.1920
5.1782
5.4643
5.3796
5.2518
4.9794
4.9824
4.7329
4.6577
5.0953
5.1180
5.4618
5.4007
5.4361
5.9433
6.0074
6.1177
5.6237
5.6609
5.4596
5.7274
5.6717
5.7514
5.9935
5.8618
5.3413
5.4005
5.2529
5.6301
5.8485
5.3014
5.5251
6.0615
6.2888
6.2781
5.9201
5.8834
5.8384
5.9138
6.1148
5.8696
5.4457
5.4984
5.1778
5.3905
5.4675
5.7364
5.9417
5.5887
5.5421
5.6506
5.7945
5.4847
5.6342
5.4092
5.5213
5.2278
5.7759
5.3512
5.2684
5.2127
4.7028
5.0785
5.2095
5.0247
5.2563
5.4085
5.3833
5.3647
5.5727
5.0677
5.0906
5.1317
5.0830
5.0373
4.9509
5.1641
5.5846
5.5356
5.3459
5.3445
5.6223
5.5433
5.1333
5.6352
5.8081
5.5996
5.2410
5.4175
5.4210
5.2788
5.2646
5.5230
5.2765
5.0494
5.0276
4.9991
5.1860
5.2877
4.9523
5.1265
5.0579
5.1461
5.5298
5.6042
5.3150
5.3788
5.5246
5.0469
4.8634
5.4377
5.3263
5.4073
5.8024
5.6576
5.2028
5.4454
5.5687
5.7472
5.5240
5.3835
5.0893
5.1298
5.0720
4.7264
5.2861
5.0592
4.7742
4.9989
5.2137
5.3488
4.9250
5.0795
5.1238
5.2529
5.2339
5.4129
5.4765
5.7128
5.2219
5.3933
5.2219
5.2815
5.3632
5.6327
5.5149
5.9982
5.7260
5.6868
6.0889
5.7413
5.9375
5.5855
5.3041
5.1308
5.6897
5.5150
5.5670
5.3183
5.0256
5.3381
5.2393
5.4742
5.2529
5.3061
5.4394
5.3542
5.8021
5.6871
5.0571
4.8936
5.3447
5.6444
5.4841
5.6791
5.5042
5.0271
4.9422
4.9321
5.1020
5.2081
5.2150
5.1681
5.3753
5.2903
5.4373
5.5626
5.1678
5.1693
4.6507
5.3767
5.6369
5.4836
4.9992
4.9546
5.0818
5.0633
5.0548
5.3090
5.2036
5.1069
4.9346
5.0122
5.2026
5.0606
4.8383
5.1155
5.4481
5.2352
5.5324
5.6578
5.5948
5.2845
4.9538
5.4667
5.5985
5.3242
5.3125
5.1570
5.3055
5.7318
5.6833
5.3786
5.7347
5.5229
5.1369
5.2706
5.4552
5.3908
5.2425
5.2717
5.7170
5.3192
5.5215
5.1456
4.9749
5.0497
5.3657
5.2224
5.0439
5.4056
5.5385
5.3978
5.4288
5.5851
5.3123
5.2710
5.6396
5.6076
5.1975
5.4150
5.4771
5.3851
5.3101
5.6206
5.5389
5.6273
5.0458
5.0760
5.5839
5.2937
5.4350
5.5689
5.6264
5.6029
5.1925
5.7966
5.5355
5.3969
5.5555
5.7810
5.1380
5.3705
5.0462
5.2285
5.3586
4.9339
5.1672
4.9646
5.0880
4.8358
5.4618
5.1689
5.1138
5.0673
5.1708
5.3433
5.4412
5.4982
5.4188
5.4763
5.7278
5.8241
5.2029
5.3983
5.3531
5.4654
5.3781
5.1229
4.9479
5.5823
5.4757
5.4298
5.1560
5.3681
4.9589
5.0493
5.4693
5.2962
5.2746
5.1788
5.3828
5.1403
5.1743
5.1682
5.2400
5.4974
5.4257
5.6497
5.7998
5.4125
5.1790
5.1759
5.5370
5.4598
5.8067
5.7783
5.9128
5.6224
5.5615
5.8150
5.5555
5.4693
5.3957
5.7439
5.1079
4.9862
5.4807
5.5415
5.4978
5.6007
5.7924
5.4688
5.5472
5.1793
4.9265
4.6302
4.6537
5.1405
4.9591
5.0119
5.2645
4.9669
4.7023
5.1712
4.7356
4.7889
4.8683
4.8793
4.9981
4.9482
4.8992
5.1485
5.4172
5.3309
5.3963
5.3522
5.3241
5.3109
5.2976
4.6733
4.9182
5.3589
5.7166
5.1270
5.3264
5.0805
4.9376
5.1346
4.7001
5.2005
5.4827
5.8051
5.4499
5.0956
5.2920
5.6057
5.9828
5.7443
5.8064
5.7285
5.2858
5.1553
5.0574
5.5867
5.5602
5.3629
4.4841
4.4587
4.6519
5.1094
4.6315
4.4983
4.5249
4.4969
4.6121
4.5714
4.8537
4.6062
4.4870
4.7743
4.4519
4.3154
4.6513
4.7254
4.5349
4.5466
5.0742
4.9998
5.3363
5.0204
5.0495
4.7869
4.9879
5.3547
5.8536
5.6148
5.6441
5.5886
5.4327
5.5885
6.1075
5.9809
5.4116
4.6657
4.5950
4.7507
5.0395
5.3629
4.9928
4.9834
4.6640
4.9994
5.8377
5.4765
5.6672
5.3806
5.7026
5.3664
5.3266
5.3324
5.3596
5.1763
5.1130
5.5729
5.5680
5.6778
5.6456
5.7929
5.4803
5.3371
5.5822
5.4255
5.6489
5.9111
6.1439
5.6894
5.9256
5.4948
5.4864
5.5856
5.7915
5.5597
5.3913
5.6776
5.7469
5.5450
5.2405
5.6611
5.2533
5.2590
5.0847
4.9651
5.1824
4.9626
4.8315
5.2976
5.1472
5.1817
5.3668
5.8981
5.6522
5.1053
5.2984
5.3411
5.4984
5.3664
5.2898
5.4490
5.2051
5.3826
5.2043
5.0695
5.3631
5.1738
4.9283
5.2495
5.2277
4.7949
5.0762
5.3270
5.7233
5.1449
5.1751
5.2440
4.7014
4.8182
5.0077
5.0978
5.1594
5.3060
5.7735
5.3885
5.3765
5.4505
5.2460
5.2482
5.3073
5.1591
4.7364
4.6487
5.3029
5.0277
5.5243
5.3515
5.1827
5.4935
5.0553
5.4767
5.2343
4.8042
4.6884
4.8127
4.9854
4.8059
4.5869
4.8750
5.0704
5.2233
5.3233
5.2756
5.2150
5.5031
5.9598
5.4487
5.2698
5.2155
5.4933
5.4815
5.5151
4.9436
5.2006
5.0999
5.2584
5.3892
5.4076
5.5365
5.4772
5.3699
5.2659
5.3131
4.9325
5.0927
4.9290
4.7541
5.0015
5.1891
5.4807
4.9217
4.7034
4.8489
5.2949
5.1497
5.4815
5.5527
5.5485
5.2342
5.2427
5.5623
5.3108
5.4560
4.9939
5.2520
5.8160
5.6939
5.0868
4.9788
5.1496
4.9254
5.2271
5.0374
5.0283
4.8536
4.6658
5.0813
5.3809
5.4313
5.3250
5.5244
5.2034
5.5791
5.4041
5.6306
5.6327
6.0598
6.0167
5.8530
5.9921
5.1403
5.6177
5.3239
5.6372
5.9109
5.7453
5.4923
5.2781
5.5303
5.1019
5.5763
5.5557
5.1263
5.0620
5.3135
6.0548
5.6850
5.4699
5.6489
5.7930
5.7932
6.0995
5.6112
5.3882
5.3451
5.9571
5.5903
5.6159
5.3750
5.3174
5.7181
5.3385
5.3281
5.6216
5.4595
5.2132
5.4514
5.3979
5.3287
5.2901
5.9686
5.6713
5.6845
5.9130
5.4388
5.6105
5.2788
5.6926
5.6927
5.5949
5.6831
5.5710
5.4306
5.8567
5.5284
5.5418
5.3879
5.5114
5.7162
5.6620
5.7144
5.4626
5.1866
5.4509
5.7660
5.3255
5.4446
5.5163
5.4926
5.4932
5.5862
5.6753
5.5916
5.4141
5.8605
5.2566
5.4848
5.5811
5.9023
5.8830
5.6252
5.8899
5.7994
5.7398
5.7585
5.6396
5.3497
5.2963
5.6864
5.8730
5.8303
6.0021
5.8755
5.9557
5.7028
5.3939
5.5436
5.6190
5.8169
5.9314
5.7201
5.7067
5.8710
5.8691
6.1695
6.2390
6.2697
6.1272
6.4114
6.5629
6.3885
5.7291
5.6759
6.1636
6.1110
5.6372
5.0591
5.3667
5.6823
5.3330
5.5237
5.2589
5.2857
5.3542
5.3050
5.3638
4.9403
5.0366
5.2728
5.6216
5.3621
5.2379
4.8832
4.8926
4.8665
4.8053
4.9015
5.2523
4.9920
4.9833
5.0948
5.1976
5.3972
5.1218
5.4009
5.2843
5.4833
5.9186
5.7758
5.6152
5.8071
5.6614
5.6235
5.6697
5.8808
6.1406
6.0095
5.7106
5.8159
5.8803
6.0184
6.1425
5.6026
5.6680
5.7593
5.5150
5.7412
5.9725
5.5839
5.5511
5.4436
5.6152
5.7636
6.0518
6.1247
6.4214
5.7570
5.9017
5.9648
5.5483
5.6668
5.4125
5.4876
5.5222
5.8885
5.8402
5.5237
6.0372
5.8418
5.4231
5.5349
5.5997
5.6044
5.4326
5.7291
5.4405
5.5968
5.9631
5.5022
5.2904
5.4591
5.7892
5.6567
5.3225
5.3068
5.5765
5.4593
5.5756
5.7120
5.5386
5.3289
5.4779
5.5529
5.4987
5.5485
5.7226
5.5741
5.3523
5.2013
5.2497
5.5447
5.3798
5.0024
5.7949
5.6467
5.2979
5.0363
5.3729
5.3863
5.3773
5.3960
5.2219
5.9025
5.8117
5.5391
5.5036
5.1651
5.0899
5.1746
5.2168
5.0330
5.5176
5.6302
5.5514
5.9289
6.1450
5.6280
5.7912
5.8464
6.1024
6.0016
6.0097
5.7445
5.6667
6.0581
6.2360
6.3793
5.8605
6.0306
5.8333
5.8104
5.7832
5.9212
5.5997
5.4165
5.3462
5.4404
5.5849
5.3252
4.9971
4.4658
5.2432
4.9713
4.8449
4.7405
4.9291
5.0569
4.9361
4.9991
5.2702
5.3364
5.3425
5.3376
4.7834
4.7135
5.4544
5.2447
5.0671
4.8848
4.7806
4.7779
4.8621
5.0133
4.8900
4.8166
4.8373
4.8028
5.1427
5.2048
5.1739
5.4374
5.4127
5.4233
5.7481
5.7320
5.2956
5.6454
5.5820
5.4298
5.1884
5.4104
5.6651
5.2702
5.2400
5.3702
5.5259
5.1990
5.3808
5.5391
5.8006
5.3483
5.2120
5.1358
5.5620
5.4789
5.3878
5.3510
5.3944
5.5345
5.5277
5.2486
5.3670
5.5730
5.6076
5.6022
5.6530
5.8063
5.7573
5.6313
5.7609
5.8636
5.6370
5.4370
5.8083
5.7891
5.6494
5.2900
5.5273
5.4684
5.4872
5.7165
5.8649
5.6307
5.7193
5.8515
6.0034
5.3328
5.2634
5.0340
5.5342
5.4322
5.0848
5.3156
5.2169
4.8612
5.0666
5.2097
5.0872
4.8225
5.1550
4.9012
5.0132
5.0463
4.8395
4.8732
4.9485
4.8853
4.8656
4.6011
4.5631
4.4957
4.5139
4.7479
4.8121
4.4950
4.4351
4.7628
4.7189
4.6604
4.6121
4.9503
4.6930
5.1118
5.1363
4.8283
5.0061
4.6807
4.8774
4.8676
4.9200
4.9351
4.7884
4.5478
4.5783
4.5629
4.5968
4.9060
5.0410
5.1475
5.0079
5.1128
5.2173
5.5986
5.1131
5.1474
5.4542
5.5768
5.6145
5.5159
5.9414
5.7217
5.4661
5.7093
5.4813
5.0313
5.2582
4.8762
5.5485
5.5935
5.3340
5.3604
4.9490
5.0083
5.1676
5.2010
5.1745
4.9762
5.1721
4.8786
4.7119
4.7306
4.6072
4.4225
4.9885
4.7708
4.7658
4.9342
4.5634
4.8982
5.2101
4.7332
5.1004
5.2591
5.5825
5.6220
5.5369
5.5371
5.4426
5.7123
5.7659
5.7190
5.4022
5.6178
5.3181
5.1082
5.0512
5.0814
4.7635
4.6457
4.9171
5.5658
5.4582
5.4281
5.4864
5.7465
5.6972
5.9998
5.9775
5.4469
5.6403
5.4513
5.0052
4.8281
4.7131
4.9902
4.7714
4.7373
5.2363
4.9418
5.2552
5.3613
5.2317
5.1859
5.0259
5.1998
5.1227
5.5854
5.5102
5.2648
5.3865
5.1195
5.3632
5.1280
5.1683
5.3421
5.3003
5.6132
5.3266
5.4536
5.6602
5.2171
4.9644
4.8135
4.8474
4.9099
5.0731
4.7256
4.9459
4.6553
4.9338
4.7744
5.3422
5.1738
5.6846
5.5126
5.3230
5.5030
5.3609
5.4556
5.5002
5.7067
4.9785
5.3785
5.6824
5.5618
5.5947
5.1891
5.1054
5.2927
5.4250
5.6314
5.5090
5.1946
4.8765
5.1838
4.8735
4.8995
4.8597
5.1420
5.1414
5.0948
5.0520
4.9286
5.1551
5.0829
5.3997
5.7293
5.4960
4.9819
5.4090
5.4995
5.3651
5.1289
5.0652
4.9621
5.2779
5.1209
5.2788
4.9281
5.3242
5.2059
5.1131
5.3594
6.0511
5.4607
5.4461
5.4606
5.4304
5.4628
5.3549
5.7815
5.5241
5.3959
5.4812
5.4547
5.4953
5.8557
5.7807
5.4703
6.0320
6.1109
5.3215
5.4730
5.6138
5.7780
5.3396
5.6883
5.6139
6.0603
5.8421
5.4209
5.9976
5.3883
5.3404
5.1649
5.1892
5.2205
5.3225
5.6340
5.1758
5.1567
5.3338
5.4202
5.3230
5.2279
5.1289
5.0571
5.1991
4.8986
4.9765
5.2644
4.7595
4.8357
4.8176
5.2288
5.4037
5.3186
5.6051
5.2020
4.9858
4.9394
5.0378
5.1420
5.2479
5.2379
5.0945
5.1099
5.1106
5.0526
5.2827
5.2712
5.3342
5.1896
5.4124
5.5936
5.9149
5.8028
5.5332
5.7288
5.6695
5.7254
5.5861
5.9199
6.1297
6.0341
5.7427
5.3820
5.9147
5.7343
5.8760
5.7458
5.6293
6.1272
6.2181
6.2867
6.2448
6.2705
6.0548
6.0016
6.0431
5.7259
5.6546
5.7200
6.0648
5.8618
5.9823
5.8658
5.9650
5.9942
6.1064
5.6337
5.8038
5.9237
5.7441
5.7387
5.8796
6.0009
6.1043
6.3266
5.7001
6.1277
6.0448
5.9035
6.0432
5.7863
6.1486
5.7241
5.4631
5.0795
5.0802
5.2495
5.3115
5.5551
5.6626
5.6864
5.5213
5.3938
5.6610
5.8211
5.5148
5.5310
5.3363
6.0366
6.1214
5.5622
5.5547
5.7379
5.6286
5.1148
5.1894
5.5620
5.4498
5.4287
5.4311
5.9805
5.2296
5.1819
5.1560
5.3053
5.6375
5.5681
5.1611
5.2606
4.9763
5.0432
5.1523
5.3265
5.5671
5.4216
5.4352
5.6625
5.5178
5.3270
5.4017
5.2738
5.5720
5.5034
5.6522
5.2884
5.3295
5.5060
5.2948
5.1536
5.2184
5.4848
5.4629
5.2017
4.8617
4.9531
4.7878
5.3409
5.1291
4.7090
4.9379
5.0285
4.9125
5.0891
5.0625
5.2741
5.5494
5.2983
5.7846
5.7351
5.4173
5.5972
5.7513
5.8834
6.0241
5.6491
5.8217
5.8487
6.2363
6.0225
6.1798
6.0877
5.4228
5.4282
5.7958
5.7236
5.6554
5.5245
5.7368
5.4274
5.6409
5.5970
5.5964
5.5437
5.5190
5.7816
5.5268
5.7446
5.6823
5.8797
5.6857
6.1738
5.6769
5.7678
5.4791
5.3437
5.6190
5.8353
5.3033
5.5024
5.6541
5.6405
5.2538
5.4598
5.5110
5.6094
5.4813
5.3463
5.5967
5.8973
5.8468
5.8428
6.1749
6.2195
6.1182
6.3930
6.5169
6.2020
6.0035
6.1945
5.9264
6.2614
5.9946
6.0645
6.1906
6.5507
5.8719
5.9472
5.3598
5.5242
5.8844
5.9529
5.8768
6.3223
6.0486
5.9737
5.8073
5.7015
6.0610
5.8190
5.9995
6.4530
5.9694
5.8792
6.1969
6.5285
6.0224
6.1057
6.4454
6.1951
5.7883
5.9096
6.0431
5.6142
6.0952
5.7766
5.8054
5.4113
5.5051
5.3817
5.7995
5.5156
5.5229
5.6821
5.6109
5.9699
5.7472
5.6556
5.3802
5.3664
5.3627
5.5807
5.2620
5.1723
5.3524
5.3264
5.5165
5.4069
5.4837
5.8660
5.8496
5.9111
5.3440
5.3512
5.5804
5.5086
5.8160
5.9264
5.8528
5.9270
5.8107
5.5375
5.9012
5.7290
5.7419
5.4882
5.7576
6.0690
6.1101
6.1994
6.6166
6.0307
5.7520
5.9115
5.5731
5.5152
5.7043
5.5824
5.4686
5.3917
5.2017
5.5148
5.2648
5.1333
5.4629
5.1714
5.2176
5.4999
5.5841
5.3558
5.5530
5.4864
5.4332
5.4006
5.6688
5.2724
5.6814
5.4804
5.5074
5.6850
5.4311
6.1014
5.6641
5.4408
5.8061
5.8294
5.5347
5.3683
5.5318
5.9423
5.3120
5.6787
5.4413
5.3834
5.4268
5.3869
5.6372
5.4652
5.5100
5.8836
6.2009
5.9269
6.3717
6.6050
6.6986
6.3955
6.2967
6.1953
6.3056
6.0497
6.2372
5.9989
5.9829
6.1442
5.7779
6.0042
5.7787
5.8013
6.1166
5.7597
5.7672
6.3293
6.3464
6.3991
6.3866
6.0028
6.0558
5.9884
5.9097
5.8217
6.3110
6.1114
6.0473
6.1264
5.9277
5.8580
5.8282
5.7614
5.7528
5.4087
5.5841
6.4119
6.1667
6.0050
5.9916
6.1341
5.3516
5.3312
5.6898
5.5959
5.5424
5.7508
5.8821
6.3734
6.1226
6.1716
6.2746
6.1814
5.5702
5.5351
5.6625
5.7959
5.6243
5.6415
5.7263
5.9740
5.7781
5.5369
5.3221
5.6936
5.3912
5.3201
5.6310
5.6444
5.2360
5.2134
5.6697
5.9816
5.7679
5.3370
6.0665
5.8398
5.6613
5.9809
5.7530
5.9482
6.1067
6.1666
5.9506
6.0201
5.8121
6.0411
6.2200
6.3874
5.6967
5.6769
4.9146
4.7781
5.3294
5.3823
5.5331
5.3790
5.1741
5.2025
5.5863
5.4063
5.3291
5.3448
5.3346
5.7252
6.1308
5.3461
5.3505
5.3314
5.4894
5.4501
5.8799
5.6213
5.7798
6.0007
5.3407
5.7970
5.1464
5.1707
5.1225
4.7974
4.9072
5.7001
5.3122
5.4386
5.3053
5.3414
5.1760
5.0355
5.2151
5.3726
5.2700
4.9095
5.5317
5.0848
5.1340
4.8420
5.2167
5.2162
5.1487
5.2783
5.3798
5.1688
5.2063
5.2047
5.1211
5.1750
5.0707
5.0150
5.0522
5.0778
5.0782
5.0048
5.1824
5.3138
5.1666
5.3060
5.2055
5.0795
4.8615
4.8384
5.0416
4.9878
4.9653
5.5077
5.3255
5.2704
5.6092
5.4945
5.2451
5.5849
5.6437
5.5823
5.0614
5.1813
5.4077
5.4987
5.5282
5.2943
5.2742
5.0718
5.0637
5.4975
5.5328
5.5303
5.3189
5.4503
5.4017
4.9836
4.9937
5.2913
5.0337
5.0105
5.0473
4.9747
4.9690
5.0571
5.1091
4.7523
4.9112
5.6039
5.0916
5.1333
5.1588
5.2260
5.4614
5.2493
5.3798
5.3937
5.2024
5.0510
5.2933
5.4584
5.1000
5.0556
5.0425
5.2314
5.1418
4.7139
5.0164
4.9598
5.1610
5.2976
5.2679
4.9198
5.3379
4.8347
4.7510
5.2566
5.1233
5.4256
5.5392
5.3075
5.4908
5.4886
5.3317
5.4893
6.1871
5.7599
5.8082
5.6216
5.2845
5.3541
5.0336
5.3729
5.2132
5.2446
5.3317
4.9195
5.2362
5.0557
5.2105
5.2738
5.4264
5.5499
5.5121
5.4089
5.9024
5.4351
5.3269
5.3077
5.1961
5.4906
5.1243
5.3559
5.6807
5.5873
5.2134
5.0599
5.4529
5.5767
5.5308
5.3324
5.5894
5.8349
5.4919
5.4900
5.4137
5.2020
5.6590
5.5538
5.5900
5.4351
5.1988
5.3941
5.4480
5.5238
5.4838
5.5370
5.7330
5.8887
5.9138
5.9702
5.6571
5.3236
5.0903
5.2780
5.2587
5.2876
4.9874
5.4095
5.8738
5.3407
5.4694
5.2422
5.6611
5.6787
5.6904
6.0320
5.5157
5.5458
5.3131
5.5209
5.3958
5.1458
5.4617
5.2997
5.2309
5.2380
5.4298
5.5854
5.5048
5.5385
5.7860
5.7208
5.7832
5.6451
5.2633
5.6616
5.1826
4.8976
5.0629
5.2268
5.1907
4.9971
5.2622
5.2084
5.0116
5.0727
5.2011
5.3037
5.1467
5.2965
5.2073
5.2245
5.5548
5.5787
5.4991
5.4126
5.1464
5.5641
5.0366
5.6891
5.5329
5.3694
5.7858
5.4516
5.5777
5.6004
5.8017
5.5907
5.3496
5.0068
5.0517
5.2961
5.6481
5.5362
5.8117
5.6569
5.5872
5.4740
5.4693
5.5820
5.5424
5.2919
4.9211
4.9435
5.2968
6.0841
5.6746
5.5980
5.5161
5.3902
5.6262
5.6531
5.6913
5.3152
5.6491
5.4387
5.5119
5.4630
5.6681
5.2533
5.0349
4.7606
4.9451
5.1411
4.9173
5.0390
4.8980
4.8940
4.7151
5.1282
4.8495
4.9814
5.1155
4.7665
4.7176
4.6578
4.8791
4.6555
4.7245
4.9484
5.0660
5.1096
5.0539
5.2410
5.0259
5.2645
4.9493
5.1363
5.1005
5.0625
5.4024
5.2732
5.7852
6.0456
5.5806
5.9112
5.6776
5.4908
5.3658
5.8231
5.5081
5.8383
5.5612
5.5713
5.7592
5.7575
5.8670
5.8777
5.6680
5.9734
6.2560
6.1075
6.0541
5.9345
5.6214
5.5237
5.1860
5.6104
6.1062
5.7363
5.6864
5.5374
5.7194
5.5946
5.7610
5.3513
5.6343
5.2876
5.5918
5.7225
5.6513
5.7051
5.7572
5.7256
5.7043
5.6972
5.2853
5.4322
5.5549
5.6770
5.4832
5.5909
5.7936
5.6387
5.1916
4.9430
5.2942
5.0235
5.2170
5.3362
5.7208
5.1888
4.9851
5.0383
5.1557
5.1804
5.0336
5.3964
5.3814
5.1996
5.2332
5.7866
5.6569
5.7578
5.7011
5.9676
5.9130
5.9546
5.8283
5.8712
5.5718
5.3616
5.1864
4.7388
5.3419
5.3618
5.2172
5.5660
5.5278
5.5928
5.7507
5.5802
5.7840
5.8633
5.6806
5.5079
5.7996
5.5075
5.7460
5.9623
6.1288
6.3195
6.0484
6.0453
6.0373
5.9396
6.0134
6.0058
5.8035
5.6731
5.3406
5.3706
5.5427
5.4957
5.5023
5.9217
5.6534
5.5685
5.8804
6.0209
6.4050
6.3041
6.2864
5.6241
5.4278
5.7248
5.6545
5.4367
5.7145
6.0274
5.8641
5.7977
6.1025
5.7984
6.0771
6.0440
5.5377
5.4573
5.7218
5.4611
5.3783
5.2968
5.4381
5.4488
5.1510
5.0782
5.5820
5.3795
5.2649
5.3556
5.5516
5.3638
5.5120
5.3437
5.2185
5.0654
5.1090
4.9608
5.4247
5.5150
5.5149
5.7285
5.9436
5.6813
5.1780
5.1023
5.2429
5.4105
5.1505
5.2991
5.0160
5.1459
5.1173
5.0016
5.1977
5.6434
5.7034
5.5709
5.5577
5.4302
5.2601
5.3173
5.5277
5.2679
5.4102
5.1418
5.3893
5.1542
5.2012
5.2954
5.4142
5.3886
5.4928
5.6388
5.0527
5.4687
5.4220
5.2662
5.0705
5.5046
5.3500
4.9809
5.1860
5.0213
5.1147
5.1791
5.7827
5.4880
5.3487
5.0570
5.2146
5.1699
5.4860
4.7022
4.8955
5.0730
5.1546
4.9210
5.1781
4.7855
4.9872
5.1361
4.9644
4.7544
4.6654
4.9960
4.9650
5.3117
5.8753
5.3705
5.5825
5.4698
6.0691
6.0312
5.8368
5.5234
4.9557
5.1249
4.9788
5.2758
4.8965
4.7596
5.1994
5.1399
5.0617
5.0792
4.8559
4.8684
5.0057
5.1715
5.2346
5.2237
5.2682
5.3163
4.8083
5.1104
5.4764
5.2062
5.3223
4.9671
5.2721
5.0939
5.3677
5.2681
5.4469
5.4352
5.4945
5.4100
4.7686
5.0197
5.2209
5.1691
5.5584
5.4052
5.1223
5.0379
5.0373
4.8880
4.6532
4.9885
5.4214
5.5589
5.2936
4.9035
4.9443
4.3951
4.5300
4.3317
4.3287
4.5841
4.3596
4.2198
4.2408
4.4645
4.1538
4.1416
4.1835
4.2350
4.3973
4.7446
4.9015
4.9737
4.6871
4.7049
4.8299
4.9575
4.9313
5.2142
5.1195
5.2891
5.2327
5.2873
5.5332
5.3692
5.7228
5.9375
5.7177
5.6149
5.7183
5.5020
5.4344
5.5049
5.1952
5.1773
5.4416
5.2595
5.4163
5.6186
5.2215
5.1236
5.3598
4.9890
4.6760
4.3959
4.5309
4.6175
4.5876
4.6259
4.6088
4.4497
4.4454
5.2057
4.9780
5.1561
5.1252
5.3633
5.1781
5.5293
4.8505
4.9384
4.6007
4.6382
4.8599
4.8600
4.7773
4.7852
4.9951
5.2466
4.9019
4.5929
4.8191
4.4497
4.5807
4.8602
4.5100
4.8066
4.2370
4.4835
5.2055
5.1148
5.3550
4.9603
5.0888
4.7330
4.2135
4.3177
4.9284
5.3287
4.7761
5.5703
5.6978
4.7895
5.0601
4.8198
4.3740
4.6265
4.7080
4.6874
4.5935
4.5041
4.4796
4.3992
4.3665
4.1961
4.0821
4.1472
3.9014
4.0688
3.9872
3.9417
4.1794
4.0288
4.0631
4.0431
4.2689
3.9381
4.1797
4.2240
4.6182
4.8673
4.7096
4.3655
4.6618
4.6258
4.3641
4.1451
3.7938
4.2646
4.4029
4.8960
4.6345
4.5916
4.5130
4.1250
4.3175
4.7001
4.7960
4.3354
4.0958
4.6278
4.5059
4.6209
4.7538
4.5071
4.3818
4.5335
4.2165
4.2979
4.4164
4.6126
4.1825
4.3681
4.3888
4.3071
4.3976
4.3164
4.4590
4.5405
4.6657
4.4201
4.7355
4.5404
4.6565
4.3708
4.8329
5.0528
4.9341
4.8100
4.4744
4.7166
5.0828
4.7836
4.8945
4.7069
4.5601
4.8660
4.8276
5.2503
5.1623
5.2718
5.2867
5.0302
5.0026
5.0391
4.8562
5.1096
4.9086
4.9851
4.7909
4.7363
4.7568
4.8606
4.7654
5.0468
5.0474
4.7424
4.6459
5.0807
4.9722
5.4936
5.4913
5.2233
4.9963
5.1334
5.1472
4.8385
4.7264
4.5768
4.6035
4.4266
4.5648
4.2396
4.4000
4.3570
4.3921
4.5548
4.7168
4.7060
4.6084
4.4167
4.0750
4.3794
4.2258
4.0204
4.0189
4.2263
4.5791
4.3658
4.3082
4.5992
4.8055
4.6764
4.4608
4.6594
4.4192
4.3919
4.3097
4.6964
4.6066
4.6593
4.6500
4.5985
4.4704
4.4976
4.6832
4.8889
5.0846
4.6259
4.8551
4.9506
4.9593
4.5915
4.4138
4.5516
5.1311
5.0108
5.0521
4.8177
4.9810
4.8850
4.8499
4.6435
4.7380
4.7684
4.6335
4.5255
4.6961
4.4610
4.8660
4.6829
4.4000
4.3040
4.5539
4.7188
4.4271
5.2851
5.2493
5.1081
4.8340
4.9534
5.0633
5.3198
5.2503
5.3183
5.5358
5.1940
5.2409
5.4536
5.4525
5.3451
5.1570
5.3492
5.4405
5.2081
5.2329
4.9921
5.0757
4.9957
4.6028
4.7006
4.7336
4.6698
4.5471
4.6578
4.2907
4.5315
4.2120
4.3928
4.2328
4.7485
4.4736
4.5891
4.4265
4.8232
5.0474
5.0122
4.7376
4.5363
4.5620
4.2578
4.2888
4.7340
4.6134
4.4532
4.2364
4.4525
4.2344
4.2638
4.3379
4.3015
4.6104
4.3477
4.4647
4.3144
4.5414
4.6434
4.6135
4.7910
4.9107
4.9036
4.8561
4.7274
4.2919
4.2089
3.9941
3.9311
3.8802
3.9977
4.4956
4.3996
4.9463
4.5729
4.6702
4.6990
4.3171
4.9996
4.8535
4.8946
5.0979
4.3443
4.1539
4.1281
4.0452
4.3952
4.5612
4.3499
4.4051
4.6623
4.6765
4.7315
4.3617
3.9193
4.0780
4.1725
4.2383
4.0291
3.8684
4.0746
4.1423
3.9917
3.8683
4.3044
3.8943
4.0195
4.3550
4.5877
4.4791
4.8574
4.5763
4.4565
4.4962
4.9082
4.7634
4.8772
4.8479
5.1635
5.0481
4.7789
4.7420
4.9923
4.5990
4.3266
4.4980
4.6895
4.7580
4.9917
4.7302
4.7198
4.4253
4.8637
4.7760
4.9620
4.9445
4.7097
4.6388
4.7341
4.6826
4.8247
5.1510
5.2709
5.0129
4.8347
4.7728
4.7370
4.6013
4.6230
4.7082
4.7710
5.1543
5.2944
5.3675
5.4216
5.7494
5.4210
5.8224
5.4176
5.2529
5.1557
5.4234
5.1239
5.5731
5.7460
5.7294
5.2319
5.1875
5.4574
5.6664
5.6071
5.5899
5.5462
5.4518
5.5692
5.6023
5.5095
5.2578
5.3520
5.0720
5.1568
5.2348
5.2148
6.2232
5.7860
5.6759
6.0662
5.5540
5.6090
5.7487
5.7434
5.8631
5.6602
5.2868
5.3675
5.2265
5.7198
6.0443
5.6695
5.1569
5.4756
5.5729
5.1154
5.0100
5.2514
5.7436
5.5467
5.6342
5.5762
6.0893
5.9178
5.5724
5.7123
5.7031
5.7878
5.6994
5.8221
5.6862
5.3939
5.7716
6.0660
6.3021
6.3797
6.6129
6.4483
6.4245
6.2761
6.2951
6.2687
6.0788
6.0219
5.8033
5.3218
5.0584
5.3511
5.4886
5.4242
5.6450
5.4424
5.4147
5.5862
5.7879
5.3383
5.8148
5.6038
5.5882
5.6582
5.8229
5.8896
6.2768
6.3721
6.3699
6.3621
5.7465
6.3586
6.1429
6.0431
6.0775
6.5790
6.6529
6.8571
6.4484
6.1203
5.9523
6.1563
6.1295
5.8488
5.6051
5.9794
6.3041
6.4216
6.1666
6.5611
6.4825
6.3695
6.6628
6.5769
6.5767
6.6337
6.1099
6.0829
6.1736
6.1926
6.2373
6.0345
5.7768
5.7870
5.8360
5.7704
5.8000
5.6207
5.7299
5.6274
5.5217
5.5527
5.3002
5.8438
5.4936
5.7744
5.4361
5.4316
6.0474
6.1512
6.3791
6.6760
6.4398
6.3779
6.3726
6.0153
5.9404
6.2288
6.6129
6.8486
6.4959
6.3616
6.5276
6.5281
6.9682
6.5810
6.3778
6.3346
6.6106
6.5985
6.3008
6.4512
6.6727
6.4077
6.4062
6.4470
6.2609
6.2176
6.0445
6.1470
5.8061
5.7869
5.8713
5.9236
6.1876
6.5480
6.2196
5.7107
5.5973
5.9587
5.4691
6.0930
6.1092
6.2826
6.4046
6.4086
6.8129
6.7059
7.1293
7.2955
7.5114
7.0878
7.0152
6.8384
6.6037
6.6910
6.2828
6.2314
6.0745
6.1715
6.2050
6.0445
6.3770
6.6899
6.3174
6.0553
6.2603
6.3824
6.2359
6.3587
6.5253
5.9900
5.7476
5.6307
5.6962
6.2774
6.3265
6.1414
6.3634
6.2510
5.9783
6.3037
6.5961
6.0685
6.0973
6.3074
6.2997
6.1785
6.3471
6.1208
5.9720
6.1375
6.3915
6.2410
6.1761
6.3098
5.8653
5.9122
5.8895
6.3241
6.0908
6.4573
6.0178
6.5658
6.7337
6.3891
6.2236
6.6158
6.6458
6.4884
6.3422
6.6802
6.3280
6.5117
6.4861
6.8100
6.7233
6.4242
6.1152
6.1126
6.2279
5.9903
6.1586
6.3352
6.4200
6.5090
6.5345
6.1630
5.8977
5.7728
5.7355
6.6233
6.2955
6.8121
7.2378
7.1853
6.8070
7.2981
7.2254
7.2198
6.8031
6.9207
6.4453
6.4784
6.6242
6.6504
6.6731
6.8370
6.9202
7.0905
6.6827
6.5502
6.9024
6.9582
6.5598
6.2185
6.0010
6.0504
5.9058
6.0448
6.0026
6.0738
6.4047
6.4048
6.3785
6.2985
6.3827
6.0468
6.1357
6.4463
6.1069
6.4629
6.0982
6.2396
5.9591
6.0319
5.9283
6.3668
5.9013
5.8407
5.6211
5.7627
5.3679
5.5348
5.3050
5.3078
5.6682
5.5111
5.1196
5.1593
5.6885
5.4793
5.1788
5.4194
5.3231
5.3170
5.2774
5.4734
5.4452
5.5979
5.2643
5.3548
4.7891
5.2892
5.1667
5.3570
5.3206
5.5823
5.7018
5.5197
5.6730
5.5219
5.4684
5.4587
5.3599
5.4309
5.3354
5.2796
5.0595
5.3981
5.4990
5.4918
5.6604
5.3184
5.1764
5.5720
5.3013
5.2349
5.0346
5.6453
5.5947
5.3852
4.9469
5.2264
5.4983
5.2879
5.3533
5.6901
5.6165
5.5961
5.3202
5.3758
5.2422
5.5313
6.1075
5.9491
5.5915
5.7407
5.9827
6.3097
6.6389
6.5381
6.4718
6.3117
6.3411
6.0517
6.6584
6.2866
6.5900
6.4367
6.8530
5.9159
6.1373
6.2061
6.0577
6.1701
5.7493
5.7576
5.5218
5.9277
5.6168
5.6024
5.8256
5.8719
6.0671
6.0635
5.8442
6.1963
6.3503
6.0870
6.0676
6.0882
5.8908
6.1612
6.1632
5.7864
5.6997
5.9868
5.9375
6.4935
5.9076
6.0601
5.8129
5.8885
5.7237
5.6856
5.5856
5.7894
5.8020
5.7980
5.7246
5.6798
5.4504
6.3326
6.2262
6.0929
6.0562
6.0308
5.9586
6.0876
5.8666
5.7632
5.9318
5.8430
6.2120
5.8982
5.8302
5.7369
5.9727
6.4091
6.2263
6.1753
5.7165
5.4059
5.6251
5.4275
5.5855
5.4508
5.7520
5.7825
5.6935
5.9681
5.7784
6.0322
5.9646
6.2316
5.9708
6.0834
6.0368
5.7916
5.5469
5.4825
5.2945
5.3048
5.5970
5.5395
5.4680
5.4807
5.2736
5.5366
5.2570
5.5220
5.9732
5.3045
5.5277
5.7483
6.0689
6.0604
5.6311
5.9249
6.0603
5.8283
6.0881
6.1399
6.0162
5.8632
5.6033
5.4496
5.4249
5.6805
5.8398
5.7898
5.8462
5.9713
5.7423
5.6184
5.5714
5.7626
5.9857
6.0108
6.1245
6.0271
6.0542
5.9983
6.0554
6.0352
6.2141
6.2793
6.1166
6.4220
6.6268
6.7745
6.5238
6.9886
6.8462
7.0529
6.6094
7.1756
7.0284
7.3244
7.2479
7.3478
7.2911
7.2347
6.8534
7.0802
6.8386
6.6149
7.1673
6.5722
6.6100
6.4981
6.6110
6.7220
6.8566
6.4132
6.5201
6.3407
6.1124
6.5161
6.1902
6.4561
6.6732
6.6391
6.4803
6.4181
6.3682
6.7735
6.6097
6.2379
6.5818
6.5039
6.3864
6.0123
6.3428
6.6337
6.6331
6.4109
6.2679
6.7662
6.5250
7.1754
7.5457
7.2169
7.1054
6.6067
6.4881
6.4000
6.5646
6.6570
6.6815
6.5733
6.7220
6.4894
6.3219
6.4361
6.7889
6.5386
7.1038
6.7448
6.7420
6.2444
6.3033
6.2785
6.2356
6.3101
6.1546
6.6266
6.4938
6.4207
6.4064
6.6754
6.9077
6.7136
6.9094
6.7385
7.0393
6.3445
6.5235
6.5150
6.3647
6.3764
6.3995
6.5023
6.3004
6.6033
6.5647
6.1557
6.5023
6.8651
6.4556
6.4364
6.2426
6.4416
6.6501
6.5753
6.0610
6.3743
6.5895
6.6135
6.7570
6.7476
6.8400
6.5937
6.2480
6.6331
6.7240
6.5450
6.7650
6.2365
6.7241
6.6382
6.5127
6.3709
6.1566
6.3675
6.1255
6.1430
6.1777
6.1606
6.0237
6.2631
6.0381
6.3034
6.2026
6.9084
6.7800
6.8779
6.4213
6.6837
6.9161
7.0369
6.8569
7.1100
6.8955
7.0381
6.9246
7.1891
7.4901
6.8028
6.6101
6.5286
6.6313
6.5708
6.8234
6.3885
6.6460
6.7976
6.8194
6.1788
6.4234
6.4083
6.4819
6.4199
6.1291
6.1395
6.2058
6.3279
6.0363
5.8792
5.9450
5.9382
6.0770
5.8353
5.9004
6.1483
6.0794
5.8662
5.7552
6.0380
5.9228
5.8559
6.1661
6.1281
6.0118
6.5012
6.1351
6.2906
6.2066
6.1708
6.3428
6.2023
6.6325
6.0666
6.0409
6.0894
6.2779
6.1417
6.2241
6.3844
6.3656
6.2952
6.1701
6.0657
6.1940
6.3681
6.4283
6.2763
6.1643
6.0929
6.0522
5.8411
5.8761
5.7831
5.7255
6.0198
6.0793
6.4815
6.3818
5.9498
6.2090
6.5319
6.1081
6.2695
6.4489
6.3227
5.5273
5.9288
5.9141
6.0812
5.8558
6.0053
5.9035
6.1894
5.9482
6.3506
6.1058
6.4029
6.7426
6.2738
6.3643
6.1304
6.6600
5.9260
5.8016
6.1653
6.3209
6.1487
5.8181
6.0394
6.2405
6.2780
6.0132
6.0511
5.9122
5.8211
5.6084
5.5834
5.5932
5.8767
5.1947
5.6181
5.6381
5.6579
5.3625
5.6651
5.7579
5.8376
6.0909
5.9050
5.7153
5.9738
5.9734
6.3941
6.2471
6.2506
6.1833
6.2634
6.2683
6.3520
6.3133
6.1554
6.2768
5.8016
5.6502
5.7902
6.2038
5.8172
5.5387
5.1930
5.5670
5.8109
5.7775
5.5921
5.7944
5.7740
5.9110
6.0467
5.7971
5.5057
5.7325
5.8545
5.8925
5.6062
5.9663
5.9563
5.8335
5.6037
5.7639
5.9356
5.5326
5.5443
5.9504
5.6758
5.6814
5.4760
5.4184
5.1878
5.0414
5.3870
5.3296
5.7000
5.4603
5.5178
5.4256
5.7664
5.8275
5.5505
5.9680
6.0004
5.8730
5.9126
5.6706
6.0088
6.3405
6.1627
5.7239
5.8585
5.8490
5.9783
5.3574
5.4304
5.9396
5.8433
5.8123
6.2629
6.1583
6.2775
6.0225
5.9245
5.8523
6.2101
5.9572
5.8567
6.2979
6.5307
6.2501
6.1970
6.4757
5.8378
6.0226
6.2472
6.3766
5.9802
6.1345
6.3212
6.2965
6.4219
6.3439
6.0611
6.1191
5.8782
6.1534
5.9735
5.9523
5.9100
5.9930
5.9402
5.9214
6.1772
6.1696
6.3322
6.1350
6.4792
6.3407
6.4314
6.2417
6.0344
6.0333
6.4506
6.4883
6.4558
6.4749
6.6436
6.2594
6.4952
6.6878
6.7363
6.9873
6.6716
6.5571
6.5749
6.4444
6.5168
6.5807
6.3959
6.5950
6.4322
6.5158
6.5556
6.5352
6.4260
6.6614
6.5971
6.4551
5.8965
5.7508
5.6918
6.1006
6.4022
5.7912
6.0508
5.9267
5.7098
5.9318
6.1769
6.2356
6.2412
5.8531
5.9759
6.2950
6.3365
6.2538
5.6368
5.8559
6.0179
5.6351
6.2358
6.1205
5.8696
5.7257
5.8576
5.8842
5.7240
5.9801
6.1070
6.3498
6.3751
6.3045
6.1590
6.0936
6.0955
5.7682
5.4178
6.0088
6.4864
5.9910
5.8683
6.0667
6.1919
5.8571
6.3107
5.8176
5.8934
6.2484
6.3083
6.3306
5.9104
5.9673
5.7026
5.8401
5.8715
6.3024
6.3983
6.3711
6.4443
6.3190
6.5462
6.7130
6.6736
6.1351
6.4036
6.5394
6.3617
6.5200
6.0757
6.4735
6.3309
6.6756
6.9746
6.7990
6.4290
6.6922
6.5426
6.5330
6.6722
6.5688
6.2362
6.3323
5.7995
5.6721
5.5327
5.4475
5.6445
6.2738
6.7005
6.6132
6.7017
6.5364
6.0447
6.2075
6.3660
6.1217
6.4930
6.3773
6.0444
5.9235
5.9581
5.4454
5.6243
5.8226
5.6318
5.4541
5.4477
5.6455
5.8823
5.8771
5.9515
5.8890
5.8200
5.6607
5.7731
5.4117
5.9910
5.9823
5.8551
5.4018
5.7405
5.8769
5.8229
5.7239
5.7852
5.9834
6.0101
6.3436
6.0146
5.8821
5.5190
5.7371
5.2516
5.3109
5.7568
5.6854
5.5983
5.6225
5.7798
5.4411
5.0372
5.1410
5.1039
5.2761
5.2971
5.1760
5.3671
5.3593
5.6883
5.7957
5.7583
5.6899
5.7834
5.8603
5.6753
5.6686
5.9086
6.2188
5.9115
6.0165
6.1339
5.8800
6.3615
6.4889
6.2638
6.0529
6.2723
6.4484
6.5236
6.2222
6.0310
5.9497
6.0340
6.1847
5.8904
5.3554
5.3199
5.8966
6.2704
6.0413
5.5955
5.9610
6.0957
5.9501
5.7695
6.1350
6.0853
6.0227
5.9604
5.7541
5.5779
5.5468
5.9627
5.5206
5.5362
5.5398
5.2448
5.2869
5.1552
4.9688
4.9786
5.1261
5.2927
5.6363
5.4909
5.8391
5.5907
5.6227
5.7031
5.7812
5.6438
5.5796
5.8098
5.6025
5.5821
5.7449
5.5366
5.6876
5.6052
5.3767
5.4742
4.9709
5.3084
5.7716
5.8350
5.8882
6.0656
5.8474
5.5952
5.8253
5.2239
5.5870
5.7678
5.4649
5.3340
5.3093
5.4777
5.6145
5.5217
5.1202
4.9822
5.0599
5.1966
5.2568
5.1315
4.9405
5.3822
5.4887
5.1492
5.5140
5.4838
5.1368
5.5084
5.8115
5.5702
5.6811
5.1041
5.0818
5.2787
5.2225
4.9979
5.0094
5.1342
5.3619
5.1942
5.2653
5.0848
5.3495
5.5574
5.5551
5.3895
5.3679
5.3759
5.6025
5.3246
5.3580
5.2089
5.4837
5.6098
5.6552
5.3338
5.5866
5.5293
5.3263
5.4091
5.3611
5.6493
5.9410
5.9791
6.0939
6.3596
5.9823
6.1465
5.8752
5.8053
5.8673
5.7849
5.8167
5.8521
6.1705
6.1476
6.1720
5.9340
6.3298
5.9635
6.1566
5.7136
5.8036
5.5857
5.8784
6.0697
6.1618
5.7793
5.3291
5.8469
5.6591
5.6079
5.5896
5.5287
5.6362
5.5854
5.7565
5.9286
5.7792
5.5401
5.8376
5.6766
5.6190
5.1991
5.3547
5.7047
5.1440
5.3533
5.3505
5.3363
5.4629
5.4325
5.6796
5.7026
5.9513
5.8144
5.7889
5.9388
5.6614
6.2426
5.7057
5.8127
5.7605
5.5851
5.8335
5.6031
5.8566
5.7358
6.0371
5.6419
5.7569
5.2284
5.2956
5.0801
5.4063
5.2816
5.4539
5.4124
5.5181
6.2367
6.1379
5.9806
6.6040
6.5134
6.0995
6.3916
6.3908
6.5476
6.9679
7.2453
6.8755
6.8884
7.1962
7.2638
6.6449
6.7762
6.6455
6.6266
6.6742
6.7034
6.2262
6.4943
6.3778
6.0976
6.4044
6.3226
6.2413
6.2967
6.5338
6.5822
6.4922
6.7996
6.6262
6.3365
6.5771
6.3800
5.9400
5.8280
5.9385
6.3723
6.4750
6.3378
6.1798
6.0340
6.6367
6.3249
6.3433
6.3987
6.1383
5.8249
5.4482
5.6048
5.3693
5.6374
5.7646
5.7177
5.5161
5.5862
5.2939
5.8110
6.0813
5.6931
5.9036
6.1390
5.8009
5.5292
5.7614
6.0364
6.0909
5.9171
5.6783
5.9490
5.7705
6.3045
6.3075
6.3333
6.1392
5.7254
6.3500
5.3699
5.2298
5.4062
5.2373
5.3657
5.5665
5.5085
5.7845
6.2106
6.1293
5.4730
5.8664
5.8025
5.8949
5.7472
5.7189
5.7806
5.4439
5.7105
5.5444
5.3013
5.4854
5.4484
5.8185
6.1070
5.9929
6.0006
6.1147
6.1461
6.1357
5.7178
6.0416
6.7033
6.5419
6.4727
6.6119
6.6824
6.2476
5.9154
6.1703
5.8817
5.8305
6.2180
6.2675
6.2874
6.3463
6.3670
6.2659
6.7410
6.6645
6.6409
6.6688
6.7259
6.8150
6.4046
6.1913
6.4561
6.4386
5.8713
5.9940
6.0995
6.9366
6.3960
6.3025
6.5768
6.6676
6.5087
6.4331
6.4698
6.1165
5.7842
6.3989
6.2783
6.3733
6.7070
6.3791
6.7523
6.1030
6.2405
6.0516
6.3956
6.7532
6.4927
6.5383
6.2623
6.4345
6.6323
6.9172
6.6757
6.4452
6.6314
6.7343
6.5862
6.7234
6.7131
6.4489
6.4556
6.2633
6.1579
5.9406
5.7909
6.2474
6.0025
5.5115
5.6828
5.3288
5.5769
5.7464
5.9512
6.1308
6.0832
6.1630
6.1510
5.7636
6.0301
5.9635
5.8442
6.0482
6.0292
6.6131
6.4420
6.3324
7.1063
6.8929
6.8306
6.9756
6.7924
6.4135
6.3203
6.4268
6.7066
6.6378
7.1299
7.0030
7.2297
6.9350
7.0525
6.6639
6.7808
6.7173
6.5917
7.0890
7.2000
6.8836
7.1417
6.9259
6.3657
6.5071
6.4446
6.2465
5.7400
5.9358
5.9181
5.9271
5.4080
5.3519
5.6710
5.5943
5.7316
6.1632
5.9115
5.9903
6.2084
6.2401
6.3535
6.3599
6.1856
5.6941
5.5377
5.6606
5.6390
5.5161
5.5355
5.2465
5.4908
5.3495
5.6523
5.4958
5.6571
5.3681
5.2998
5.4709
5.4317
5.2892
5.1880
4.9519
5.2499
5.1583
5.4027
5.3502
5.3940
5.7145
5.2976
5.1534
5.0653
5.5245
5.3521
5.1815
5.1219
5.4430
5.4881
5.1773
5.2704
5.6383
5.6210
5.6570
5.8380
5.6958
5.3815
5.3910
5.8713
5.3639
4.9921
5.0148
5.0233
5.3913
5.5115
5.9151
5.9414
5.4640
5.4064
5.3841
5.1187
5.2363
5.3180
5.2427
5.1242
5.1610
5.2207
5.4626
5.2242
5.3401
5.4087
5.1790
5.2282
5.1303
4.9576
4.9724
5.2799
5.2267
5.1834
4.9686
5.3523
5.0578
5.2383
5.1321
4.9884
5.1697
5.1450
5.3292
5.2845
5.4082
5.4083
5.5801
5.8917
5.4174
5.4927
5.6363
5.7783
5.5125
5.4755
5.5814
5.2746
5.5060
5.2909
5.1522
5.1712
5.0815
5.2055
5.9515
5.2301
5.6652
5.2840
5.7226
5.6151
5.6873
5.7609
5.9456
5.5351
5.3304
5.4162
5.3303
5.5569
5.1845
5.2121
5.3546
5.4220
5.4537
5.5371
5.4389
5.6659
5.3469
5.3288
5.9326
5.5647
5.6525
5.7723
5.5365
5.5223
5.5706
5.5710
5.5939
5.8035
5.6803
5.2978
5.3551
5.3679
5.3501
5.1157
5.2261
5.3683
6.0704
6.1386
5.8367
5.8310
5.4943
5.3862
5.7348
5.5897
5.9892
5.5508
5.5484
5.5769
5.7875
5.6765
5.4458
5.9742
6.2472
6.4434
6.3999
6.3054
6.1144
5.9519
6.5275
6.5751
6.6975
7.0122
7.0055
7.1973
6.7248
6.8480
6.9496
7.0559
6.9795
6.9170
6.8777
5.9438
5.9579
6.0687
5.8753
5.8798
5.7730
5.6828
6.1767
6.2510
6.4998
6.3357
6.2603
5.9729
6.0260
5.9940
5.5310
5.5185
5.7128
5.7077
5.5362
5.7821
5.4108
5.5714
5.4950
5.8482
5.8476
5.6497
5.6226
5.9362
5.6867
5.8933
6.3066
5.8909
5.9907
6.3135
6.3733
5.9008
5.5519
6.0372
6.2493
5.8637
5.9685
6.0777
5.9703
5.9126
5.7082
6.0641
6.2882
6.3931
6.3215
6.8553
6.5729
6.6603
6.6747
6.8261
6.5470
6.2116
6.4082
6.6142
6.1632
6.4423
6.4947
6.8105
6.6324
6.3573
6.4105
6.5967
6.2283
6.3117
6.6781
6.5557
6.7837
6.3702
6.3652
6.3950
6.2527
6.5855
6.3411
6.0981
6.1828
6.2106
6.8235
7.0110
7.3752
6.9026
6.8782
6.8256
7.0086
7.2275
7.0473
7.0304
6.9806
7.1610
6.9739
7.1528
7.1578
6.9399
6.6391
7.3087
7.1885
7.1625
6.9534
6.9038
6.7597
6.3426
6.3551
6.2406
6.3839
6.3857
6.4381
6.2256
6.6412
6.1817
6.3840
5.9341
6.1145
6.0906
6.5554
6.5158
6.7906
6.6668
6.6280
6.2161
6.6223
6.7323
6.6190
6.8348
6.8734
