9.8930
9.5612
9.0857
9.5830
9.3566
9.4626
9.9401
8.8495
9.3299
9.2094
9.9860
9.9612
10.1886
10.7379
10.3314
10.1382
10.2533
10.1214
9.1642
9.3748
9.0386
8.7827
8.9962
9.0845
8.7971
9.6514
10.0075
10.1650
10.0180
9.5720
10.2012
9.8005
10.1706
9.4529
10.1746
10.6913
9.9799
9.6207
9.3672
9.8355
9.5112
9.9274
10.3493
10.1346
10.0709
10.3212
9.7982
10.1616
10.2829
9.9421
10.3388
10.1014
9.6971
10.0127
9.9167
10.0933
10.7048
10.2156
10.7740
11.1286
10.8459
11.0400
10.9580
10.3545
10.6321
11.1210
12.3030
10.4693
11.0285
10.1482
10.8647
9.5452
8.7642
9.0944
8.9318
7.8874
8.2476
7.8035
7.2405
8.2724
9.0868
9.1011
8.4115
7.6626
7.9616
7.5084
8.0446
8.5722
7.7215
8.7086
9.0093
8.4154
9.0201
8.0775
7.7249
8.1749
8.2867
8.2868
8.0198
8.6338
8.8600
11.2268
10.2072
9.9835
8.9013
9.4630
10.9329
10.3713
10.0270
10.0347
10.9792
11.4346
9.1908
9.1748
9.7461
10.5178
9.9397
10.5517
9.7113
10.0977
10.6149
11.2725
11.2121
11.8077
11.5395
10.9659
11.4793
10.5694
10.2186
10.9396
10.8268
10.8066
10.1980
10.5253
10.9040
10.2271
10.9412
10.5001
10.6376
10.5021
10.2972
10.5003
11.3631
10.8240
11.2062
10.6986
11.7706
11.7720
12.2607
12.2041
11.0849
11.6098
11.7313
12.1258
12.1140
11.9507
12.3993
12.4731
11.8974
11.3719
12.0169
12.0630
11.1253
11.6450
11.8408
12.0961
11.6580
11.4059
10.9448
11.3048
10.9601
11.2816
11.3100
10.9970
11.2882
11.8200
10.9434
10.8748
11.0282
11.5073
11.3662
11.4343
11.8667
11.1497
11.3400
11.6458
11.6565
11.2943
11.5892
12.0632
12.2566
13.0190
12.8486
11.9404
10.5070
11.6082
11.2219
10.9508
10.9784
10.9062
11.9973
11.7172
11.3875
11.4335
11.3769
12.0707
12.5487
11.7735
11.6349
11.2871
11.5728
10.8810
11.9138
11.6334
11.7399
10.9220
11.7008
10.8059
11.3408
11.0984
11.6301
11.0600
11.0528
11.4007
11.7429
11.1950
12.1441
11.2201
11.6763
11.6536
11.3533
12.0811
11.0726
11.8762
11.2988
11.1587
11.4258
12.1030
11.7604
12.0648
12.0064
10.9606
10.3543
10.8691
11.3240
11.0342
11.3197
11.1575
11.2908
11.3233
11.0303
11.6788
10.6620
11.1789
10.5346
10.6918
11.2004
11.3212
10.8918
10.4749
10.6694
11.4994
11.9702
11.6448
11.8120
11.5324
11.0777
11.7927
11.3548
11.7548
11.7142
12.0012
11.8845
12.0700
12.0049
12.0045
12.2914
11.6310
11.9968
11.6740
11.8741
11.9870
11.9269
11.9976
12.1198
12.1193
11.5215
11.7521
12.3757
11.8879
12.5372
12.0632
11.6016
11.7750
12.7555
12.5287
12.4074
11.7838
12.0936
12.8548
12.0843
12.3663
11.7793
11.7855
11.7242
11.8727
12.9380
11.7937
11.7124
12.1673
12.5760
12.2904
11.6230
11.6306
11.9340
12.1494
11.5763
12.0901
11.7765
11.6476
12.1650
11.6403
11.9119
11.8809
11.9531
11.6971
11.4125
11.7194
11.4695
11.7757
10.7545
11.3796
11.8483
11.3452
11.6705
12.5727
12.0908
12.7100
12.4248
12.5596
11.9897
11.8770
12.4074
12.2954
11.7641
12.3110
12.1386
11.7650
11.9146
12.3600
12.1303
12.2950
12.1428
12.5881
12.4732
12.1728
12.0678
12.5942
12.2841
13.0219
12.6567
12.3182
12.2321
12.1936
11.8343
11.8651
12.1516
11.3408
12.5904
11.5423
11.6912
10.6174
10.7234
11.0124
11.6976
11.3049
12.2310
12.4417
11.9127
12.0024
11.3200
11.7397
11.2231
11.5083
10.6988
11.4297
11.1614
11.5852
11.9784
11.9696
11.8440
11.5297
11.6810
11.0721
11.6987
11.6645
11.8676
11.9269
11.4251
12.2308
12.6623
11.5633
12.0290
12.0221
12.0496
11.5525
11.7382
12.3943
12.7753
12.4253
12.4385
12.1350
11.8609
11.6451
12.0364
12.0946
12.0053
11.9241
11.8109
12.3288
11.8274
11.5069
12.1198
11.5207
11.9831
11.0275
11.0680
11.3119
11.3632
10.5918
10.8252
11.3569
10.5278
10.3776
10.3914
10.3545
10.8714
10.1554
10.2229
11.4645
10.6067
10.1792
10.7930
11.1074
10.0348
10.8714
10.2107
10.7470
10.3157
10.1418
10.2317
10.3841
10.4993
10.9870
10.2014
10.6842
10.2481
11.0816
10.6795
10.5891
10.5032
10.9611
10.9301
10.5322
10.0536
10.3382
10.4442
10.8080
11.2280
11.4830
10.8262
10.3097
10.4258
10.7926
10.3456
10.6400
10.8564
11.3505
10.4910
10.6444
9.8988
9.9011
10.2084
10.4571
10.4008
9.6622
10.6210
10.5648
11.2427
11.0339
11.3826
11.2904
10.9506
10.8984
11.2936
11.1484
11.0788
10.4486
10.3821
9.6269
9.6321
9.2429
9.7201
9.0730
9.5684
10.5260
9.8017
9.6412
9.8393
10.2104
10.0256
10.4986
9.8928
9.8045
9.6503
9.7985
9.5700
9.8330
9.7391
10.2780
9.6581
9.8652
9.8288
9.6755
9.8770
9.8738
10.0597
10.2143
9.5287
9.5105
9.3346
8.7945
9.3058
9.5432
9.3585
9.9504
10.1921
9.8201
9.6106
9.7876
10.2033
10.5370
10.0748
9.8606
10.2515
9.6479
9.8037
9.2594
9.8372
10.2838
9.7116
9.9833
10.5011
10.0715
10.5383
9.7301
10.0332
10.5315
9.6249
10.2970
9.6636
9.1083
9.9689
10.0157
9.9826
10.4259
9.7052
9.2989
9.4304
9.2894
8.8153
9.8117
9.2145
9.0617
9.3957
9.9863
10.2318
9.9879
9.6176
10.0861
9.2300
9.2941
9.0290
9.1663
10.0707
8.8878
9.6197
10.7313
9.6530
10.4716
11.1955
10.7380
10.1288
10.3781
9.3519
10.0225
9.7396
9.6523
9.7775
9.6738
8.9997
10.4273
10.6898
10.4222
10.4275
9.7492
10.1045
10.2959
9.9801
9.5818
9.3625
9.2019
9.5591
9.4694
9.9204
9.5953
9.5303
9.4923
9.8651
8.9314
10.1028
9.8205
10.4481
10.2471
9.5711
9.1470
9.4487
9.4185
9.0070
9.5168
8.8167
9.6704
9.5438
9.2604
9.2600
9.2892
8.7427
9.4783
9.1298
8.9481
9.1287
9.5092
9.1085
9.3940
9.6200
9.8210
10.0010
9.9186
9.9599
9.7895
9.6724
9.3880
9.4441
10.0939
9.7247
9.9655
10.2234
10.2181
9.9124
10.3186
9.8386
9.6497
9.7270
9.2361
9.2464
8.9381
8.9623
9.6123
10.1177
9.9289
10.2630
9.7669
10.2486
9.9746
10.3833
9.2626
10.5953
9.9408
9.7515
9.3585
9.7070
9.5510
9.6725
9.6930
9.7624
9.5880
9.4123
10.5317
9.8159
9.6373
10.0790
9.2863
9.4799
10.2625
10.3568
10.1427
9.8232
9.4802
9.4491
10.2298
10.3345
10.0763
10.1909
10.8076
9.9718
10.3813
10.3495
10.4105
10.2806
9.9017
9.5542
9.2453
9.6626
10.5610
10.0115
9.4937
9.5291
9.3961
10.0571
10.1495
10.0998
10.1330
10.6675
10.5441
10.2402
10.8193
10.6418
10.2558
10.8958
10.7405
9.7429
10.5338
10.7661
10.1767
9.6697
9.8920
9.9682
9.8435
10.5131
9.8515
9.9970
9.8894
10.4166
10.5456
10.0282
9.6075
9.5718
10.1859
9.6881
9.6520
9.6295
10.0667
8.9352
9.9129
9.7954
9.2309
9.7813
9.5884
9.1643
9.2998
8.5664
8.9998
8.9661
8.9509
9.1011
8.8903
8.9338
9.5454
9.7022
9.3433
10.2179
10.3161
10.1860
10.3362
9.8949
10.5664
11.1958
10.4065
9.7014
9.5434
9.4685
10.4534
10.7657
9.8013
10.0461
10.7268
10.5235
10.2949
10.3259
10.3854
9.6681
10.1823
10.5714
10.6521
10.7088
10.9462
10.9162
11.0200
10.0840
9.8452
10.1079
10.5317
9.7524
10.0546
10.3388
10.7315
9.5995
10.5968
9.9101
9.6074
10.7089
10.3536
10.3550
10.3712
10.4680
10.3114
10.3902
9.8800
9.1083
9.4565
10.1793
10.0975
11.2588
10.5643
10.5144
11.1693
9.6094
10.0508
9.5087
10.5454
10.6420
9.9417
10.2141
10.3254
9.7304
10.3374
10.1925
10.2396
9.5749
8.3511
9.2081
8.7630
9.6242
8.9885
9.3591
9.0091
8.7344
9.3963
10.0312
9.5641
9.0448
9.0405
9.4811
10.5069
10.9343
9.9336
9.5558
9.2856
10.0790
10.2009
10.1326
10.5957
10.4500
10.4550
10.0563
10.2060
10.3092
10.4737
9.8175
10.0708
10.0146
10.6682
10.2053
10.8276
9.9917
9.9817
8.8425
9.7284
9.8232
9.5972
9.6900
10.4346
9.7611
8.9918
9.9756
10.5279
10.2823
9.6482
10.0496
10.1541
10.9088
9.9039
10.2774
10.3759
10.4637
10.5790
10.0652
10.2074
9.8150
9.7938
9.9356
10.8809
10.2318
10.1660
9.8479
10.0487
10.0282
10.2611
10.6090
9.7561
9.0607
9.2028
9.1472
9.0653
9.5737
9.2276
9.5483
9.3254
9.6486
9.8286
10.2426
9.4202
10.4695
9.8927
10.1862
10.4351
10.2668
10.0356
9.0525
8.5107
9.8132
9.5488
9.2499
9.3755
9.9775
9.8673
9.4245
9.6383
9.6574
10.0939
9.3952
9.7871
9.6361
9.4664
9.5933
9.3847
9.3087
9.1563
9.7639
10.1380
9.6581
9.4680
10.2756
9.3330
10.0792
10.0686
9.9739
9.8967
9.7530
9.7569
10.0012
9.7154
9.8848
9.7652
9.6382
9.9922
9.2666
9.6804
9.2688
8.8817
9.7519
9.7239
9.8254
10.1705
9.7392
10.0969
9.8757
10.0761
9.8319
10.1808
10.6245
10.2541
10.0273
9.8295
9.6041
9.4273
9.4012
9.0689
9.3085
9.3126
9.4650
9.5008
8.9911
9.6362
9.0929
9.2471
9.1224
9.5622
8.0792
9.2655
9.0847
10.1187
9.0520
9.2826
9.6626
10.1445
9.1230
9.3736
9.6338
10.2266
9.9237
9.2373
10.4501
9.7559
9.9500
11.0979
9.8258
11.1990
10.7913
10.8541
9.9280
10.4394
9.2443
10.6694
9.9089
10.0866
10.0216
8.9313
10.7561
10.1473
10.3794
9.5840
9.3940
9.3736
9.8253
9.3897
9.2132
8.5471
8.7081
9.8315
9.5763
10.2942
9.4320
9.2682
9.2358
9.8100
9.3772
9.3294
8.7535
8.7711
8.4672
9.1821
9.7408
9.4754
9.5914
9.8264
10.5439
9.4109
9.1977
9.3316
9.2255
8.6397
8.9227
9.2773
9.2828
8.3565
9.4168
8.9402
10.2472
9.0933
9.4522
9.7601
9.7835
10.0686
9.2941
9.4877
9.4002
9.9062
10.4978
9.9185
9.5801
9.3587
9.4851
10.4065
9.4985
9.8481
9.3834
9.6371
9.1766
8.6922
10.3585
9.6638
9.0549
8.9905
9.3891
9.3565
8.5488
8.8476
8.7270
9.4579
9.5667
9.9263
9.5452
9.3556
8.6700
8.1554
9.2996
9.0941
9.9698
9.5888
8.5611
9.1701
8.8962
9.8940
10.5016
10.2579
9.3155
10.1805
10.2126
10.5464
9.5289
9.4884
9.1846
9.4983
10.0859
9.5339
10.3020
10.3116
10.0737
10.2659
10.0089
8.5774
9.0048
9.2622
9.0436
9.1016
9.7298
10.3873
9.3275
9.7750
8.8402
9.2318
8.9699
8.8693
10.4230
10.1657
9.7299
9.8206
9.5837
9.9194
10.0251
9.8173
9.8877
9.6485
9.4233
10.0986
10.1032
9.2511
8.9236
8.2926
9.3731
9.9382
9.4059
9.4845
8.7782
9.3997
9.1926
10.2009
9.9417
10.3435
10.5427
10.3601
10.2938
9.4906
9.6434
9.7568
9.2353
9.8011
10.7517
10.1332
10.5922
10.4702
9.8792
10.7389
10.3925
11.0365
10.3702
9.9339
10.7713
11.2761
10.7172
10.5579
10.0348
9.4881
10.1821
10.3673
10.1298
10.6034
10.6706
10.5833
11.0293
10.8175
9.9375
9.9338
9.8996
9.4786
8.6385
10.1708
9.4889
9.3705
9.9417
9.5405
9.7075
10.0619
10.6990
9.9942
10.0426
10.4015
10.4241
11.0761
9.5552
9.8180
10.4113
10.2384
9.9117
9.9545
9.5541
9.9067
9.5987
10.1232
9.8095
10.7816
10.4601
10.7383
9.5368
10.0904
9.4671
10.3366
9.8546
9.9695
10.0404
10.2618
9.9841
9.5910
10.3152
10.0340
10.7398
9.8264
9.9756
9.4727
9.5398
10.1453
8.9266
9.5321
9.3981
10.1450
9.8327
9.8974
10.4341
9.9711
10.0599
10.6062
10.2572
9.6701
9.3304
10.2410
9.7713
9.8701
9.9493
10.3012
10.1973
10.1427
10.2309
9.8682
10.0610
10.2865
9.8170
10.9228
10.2431
10.2039
10.1237
10.5569
9.9105
10.9950
10.3457
10.5032
10.5171
9.9188
9.9336
9.9289
10.3645
9.9776
10.5100
10.5518
10.8743
9.4175
10.4798
9.9792
10.9041
10.1089
10.6591
10.9387
11.2366
10.2282
9.6242
9.7249
9.7681
10.8259
10.0931
10.2385
10.6839
9.6376
10.0288
9.9228
9.6332
10.2322
10.6196
10.8344
10.6753
11.1173
10.7065
10.1372
10.9537
10.2947
10.0944
9.3758
10.9126
11.4358
9.9759
10.8185
10.8675
9.9927
10.2101
10.7851
10.5131
10.2125
10.5955
10.1931
9.9961
11.7809
10.3229
10.2669
10.0191
10.0304
10.9959
10.3825
10.2064
9.9236
9.7045
9.0315
9.2161
9.3371
9.9867
10.1722
10.3230
9.8447
9.6352
9.2638
10.0116
9.4055
10.3065
10.4863
9.4606
9.1973
9.3642
9.6627
9.5966
9.3581
8.7227
8.7431
8.9961
9.7458
10.0434
9.2847
10.1890
10.0276
10.1679
10.5059
9.4772
9.2510
10.5282
9.6668
9.9177
9.6888
9.9955
11.0774
9.9814
10.5917
11.3273
11.3828
10.8147
10.5445
9.7264
10.3672
10.8611
10.3659
11.1677
10.6963
11.8971
11.5325
11.5391
10.1660
10.0880
10.2762
10.1127
9.3275
9.3124
9.2941
9.7042
9.0999
8.9671
9.2141
8.8720
9.1678
9.3594
8.8447
9.4726
9.5905
10.2623
9.1738
9.4407
9.0817
9.2972
8.3895
8.6395
8.7763
9.5559
9.0014
8.7128
8.6440
8.4841
8.5573
8.9815
8.6539
8.7752
8.9115
8.7812
9.8124
9.6775
9.9132
8.6525
9.2961
8.7763
9.0563
8.9512
8.8209
9.4124
9.2062
9.2333
8.9740
9.7888
10.6238
9.7899
9.4803
10.3442
10.8682
10.8456
9.8556
9.8269
9.3866
10.1418
9.9790
9.6483
10.4926
9.6528
10.2036
10.4966
10.6664
10.7985
9.8658
10.6196
11.0751
10.0977
10.5914
11.1296
11.2435
11.3337
11.5473
10.7546
11.1547
10.2653
10.0991
11.0285
10.8113
10.8186
10.1776
10.2402
10.1514
10.9448
11.0414
11.1083
10.8337
10.1068
9.6746
9.6795
8.8612
9.0727
8.7244
9.5319
9.9120
8.9593
9.7596
9.7593
10.2668
10.0404
8.8331
9.8964
10.2241
10.6369
9.8166
10.4817
10.6358
11.7412
11.0546
10.3613
10.3264
10.3123
9.7628
10.5085
9.6083
10.7422
10.5951
9.6132
10.6622
10.3203
10.3285
9.7946
10.1112
10.1381
9.7752
9.9117
9.4742
9.4956
9.3133
9.4540
9.3888
8.8205
9.2253
8.8288
9.2737
9.4805
9.6481
9.4535
9.6317
9.5257
10.0298
9.7839
9.4815
10.2587
9.8062
9.8845
9.2422
9.9643
9.2830
9.1960
9.9041
9.8038
9.6894
9.1295
10.3096
10.0472
10.2203
10.5441
10.1072
9.8277
9.7097
9.6464
9.7077
9.9113
9.9935
9.6118
10.4427
10.2709
10.2984
10.3811
9.6570
10.1082
10.1095
9.7776
10.0937
10.2702
9.7791
9.9299
9.5331
9.6478
9.2018
9.7951
9.7055
9.9540
10.1936
10.0943
10.7241
10.6015
9.4852
10.0533
10.1230
9.6888
9.9304
9.9896
10.0143
10.8677
10.5883
10.9831
10.9393
11.1998
9.6281
9.8301
10.3260
9.5071
10.3302
9.9660
11.0810
10.0274
9.9925
10.8284
10.9786
11.0244
10.4650
11.4970
10.8176
12.0374
10.2678
9.5853
9.9554
10.0057
10.4336
10.0244
10.4660
10.3637
10.0685
9.7608
9.4359
9.9298
9.8332
9.1971
9.7906
9.8134
10.3073
9.4685
9.4537
9.7688
9.9164
10.2604
10.0934
9.4893
10.0247
10.8968
10.3590
10.6831
9.6226
11.2775
11.2465
11.6126
11.4419
11.1929
10.4514
11.2277
11.3453
11.4211
9.7292
9.2117
10.3192
9.6519
10.2811
10.0570
10.1463
10.9349
10.0521
10.8622
10.3191
11.7959
11.9282
10.4904
10.7324
10.9114
10.8151
10.5017
10.4129
10.3646
10.6324
10.3214
10.1914
10.6326
10.5405
10.3617
10.9887
10.6554
10.6136
11.0903
10.5692
10.3941
11.0402
11.9688
11.0657
11.6125
11.5603
11.1244
10.6168
10.3562
10.5510
9.8571
11.0091
10.5949
10.7736
10.3503
11.1187
9.8561
9.8342
9.9131
9.6984
10.7245
9.9697
9.9283
10.3423
10.4240
10.1981
10.1016
9.7567
10.1327
10.1419
9.8281
10.1219
10.2317
11.3695
10.7583
10.8584
10.2381
10.8402
10.8148
11.0115
11.1071
11.0268
11.5255
10.6814
11.7202
10.6092
10.8115
11.3721
10.8678
11.4052
11.0990
10.6195
11.0649
11.1222
10.7252
11.3406
10.8858
11.3542
10.0720
9.9173
11.0537
10.7652
10.7879
11.2306
10.9037
12.4800
11.7510
11.0524
10.8150
10.8162
11.3682
10.8178
10.2023
10.7286
10.3042
10.1744
10.9169
10.0532
9.9686
10.6537
10.1162
10.8386
10.3107
10.6914
10.4542
11.4300
10.9987
10.9130
11.1235
10.6691
10.3780
10.4704
10.0833
10.3752
9.9545
10.3354
9.4353
10.6149
10.6615
10.1534
10.7592
11.1484
10.5705
9.9075
9.9071
9.6692
10.7263
10.9360
11.0756
10.5982
10.9834
9.8694
10.7535
11.0882
10.3696
10.2172
10.4912
10.8222
10.1041
10.3068
10.3970
10.1108
10.1419
10.2818
10.3821
10.2081
9.8878
9.1811
9.9648
9.2637
9.6395
9.5288
10.1332
10.2249
9.7038
9.8620
9.2877
9.5402
10.1288
9.5921
9.5086
9.9000
10.5463
9.9174
10.7950
9.8533
11.0117
10.2931
10.4631
10.3419
10.6096
10.5493
10.3298
9.9649
10.6057
9.9735
9.1585
9.8553
9.7137
9.8370
9.4519
10.2078
9.9048
9.8452
10.0243
10.0942
9.8495
10.5152
10.5473
10.2778
10.2765
9.2636
9.5310
9.6340
10.1612
10.5453
10.0233
10.4612
10.3030
9.6026
9.9493
9.5574
10.3017
10.7357
10.3233
10.2547
10.5950
10.2284
10.9128
10.4511
10.2346
10.8904
10.2717
10.7633
10.3374
10.5840
10.6288
10.0204
10.0766
9.7327
9.9391
10.7698
10.1910
9.7044
9.9455
10.1899
10.6424
10.1956
9.8736
9.5626
10.3465
9.7309
10.7190
10.4911
9.5205
10.3367
9.6123
10.3323
10.3098
10.5095
10.6008
10.7355
9.6978
9.4293
9.7472
9.9044
10.6255
9.7104
9.8390
11.5097
10.6204
10.3994
10.0170
10.5803
10.1387
9.8496
9.9027
10.1471
10.1231
10.1450
9.9893
10.9480
10.9426
10.2663
10.2330
9.5462
10.3270
9.2408
9.1976
9.5178
9.3860
9.5034
9.4285
9.8036
10.5669
10.0660
10.4285
9.9414
9.9726
10.1593
10.1543
9.6087
9.9824
9.4663
9.6152
10.2428
9.8583
9.4600
9.0739
10.0202
9.9168
9.7550
10.3077
10.2985
10.8425
10.8772
11.0621
10.3072
11.1448
9.6453
9.8664
10.0955
9.4847
9.9589
9.8526
9.5826
9.5566
9.6033
9.2439
9.9021
9.6958
10.3870
9.4146
9.1741
9.5875
9.3616
9.3209
9.8502
9.3149
11.8095
10.1611
9.9523
9.9717
9.5767
8.7222
9.0395
9.2890
10.2705
9.0275
9.5183
9.1894
9.4685
9.4431
10.3856
10.3990
10.3699
10.2438
10.1031
9.8281
9.4776
9.5311
10.4671
10.3399
10.3909
9.3815
9.6788
8.6850
9.1844
9.0215
9.2904
9.3168
9.6209
9.6621
9.7574
9.9377
9.8452
10.1724
9.0713
8.8370
9.8909
9.4556
9.9216
9.6236
10.4072
9.6427
10.2562
10.1975
9.1406
9.1729
8.8174
9.3425
10.3250
9.7336
10.3667
10.3458
10.6776
10.5066
10.4575
10.9163
10.6747
10.2057
10.6089
10.2050
10.1998
9.6401
10.5160
10.4758
10.4149
10.3147
10.4212
9.8016
9.8093
11.3140
10.4667
11.0395
11.7451
10.7476
10.3900
10.6194
10.9937
10.9408
10.1229
10.9655
11.4287
9.8135
9.8847
9.9349
10.5425
10.1302
9.9044
10.5773
10.2389
10.9681
9.7215
10.7363
11.5330
10.0476
9.8920
9.4275
10.3232
10.6352
10.9691
11.1630
10.9032
10.4621
10.5331
10.9873
10.6307
10.5871
9.5686
10.3692
10.8751
9.7589
9.8855
9.9322
9.3787
9.2817
9.5045
9.2854
9.7627
10.1884
10.4656
9.4930
10.1944
8.6493
8.9454
10.0115
9.2429
9.6384
9.0404
9.1499
9.1885
8.1857
8.9797
9.6011
8.8530
8.9790
9.8148
9.8936
9.3414
9.7629
9.5662
11.1862
10.0182
10.0670
10.0402
9.5911
9.6426
10.8247
10.1158
10.5879
10.9817
10.7882
11.7124
10.5079
9.9823
9.8871
10.5368
10.6903
11.0198
10.2991
9.6043
10.3313
10.6058
10.9270
11.1053
11.3900
11.0736
11.2378
11.6226
11.5665
10.9977
11.6844
11.4698
10.6644
10.9846
10.7557
11.4049
10.2933
10.1194
10.1959
10.9386
10.6524
10.5019
10.7365
10.6766
11.4660
11.1745
10.8432
10.6832
10.8892
10.8639
11.3163
11.7845
10.8377
10.7232
10.6727
10.3438
11.2730
11.3774
11.3400
11.2232
11.1659
10.9377
10.9279
11.3162
10.9811
10.6313
11.0948
10.6427
10.8352
11.0791
11.5096
10.1961
11.2654
10.6365
10.8139
10.6240
10.3756
10.5697
10.4479
10.5651
11.2202
10.8847
11.6532
10.5140
10.5958
11.0744
10.8789
10.8432
10.7506
10.7860
11.1895
10.3479
10.6610
10.9580
11.0332
10.8570
10.6963
10.9691
11.4703
10.8695
11.2409
11.6326
11.8100
11.4552
10.9462
11.5048
9.8408
10.6377
11.3504
10.2635
10.1752
11.1858
10.0846
10.8850
12.0141
11.3563
9.3892
11.1152
9.9054
9.5828
9.8426
9.6507
9.9568
10.7670
10.4654
10.3180
11.0710
10.5655
10.7166
10.6268
10.4335
10.7628
10.6711
11.4085
11.3439
10.4491
10.5016
10.3013
9.6536
9.8953
10.3007
9.7241
9.7990
10.3115
10.8237
10.9599
10.6721
10.2532
9.7533
10.4183
10.8307
10.7573
10.1506
10.9410
9.9961
10.3215
10.4084
10.6877
10.6083
10.4553
11.0116
10.8546
10.1140
9.8868
9.6525
10.6632
10.5861
9.9447
10.4205
10.7050
11.0134
10.7349
11.0292
10.9521
11.2488
11.7186
10.8469
10.9820
10.2629
10.4042
10.5920
10.6354
10.3458
10.1210
9.9164
10.3716
10.4271
10.7142
9.9767
9.6941
10.7396
9.8336
9.9108
9.5267
9.8860
9.7050
9.9632
10.5493
11.8814
11.2703
10.8470
10.7976
11.3695
10.6412
9.6794
9.4680
10.5131
9.8221
9.7703
9.9234
9.8992
10.2817
9.9618
10.6436
10.0836
9.7641
9.5405
9.3973
9.8987
9.5732
9.6369
9.5575
9.3841
9.6349
10.3175
9.5201
9.2145
9.4639
9.2603
9.9479
9.4901
9.4224
9.7895
9.9017
9.8026
9.6512
10.0484
10.8843
10.5165
9.7084
9.6008
11.3669
10.1991
11.0907
10.3508
10.4983
10.5059
10.1594
10.2546
10.2983
9.5770
10.4228
11.1499
11.2317
11.0590
10.7212
9.8127
10.2543
10.4948
10.6114
10.2189
10.1860
10.5025
10.5285
10.1909
10.6515
10.6797
10.0622
10.5815
10.9293
9.1038
10.0174
10.2299
10.3659
10.3947
9.7057
9.5901
10.0909
10.6944
9.0700
9.4326
9.3768
9.1882
9.9102
10.2949
10.4624
10.0979
9.3616
9.7057
9.8324
10.4997
10.1309
9.6618
10.6916
10.6083
9.1813
10.4782
10.2331
9.8015
9.1973
10.0277
10.3378
10.0604
10.0978
9.7384
10.0116
10.1526
10.5826
10.4163
9.4430
10.5750
8.6416
9.6027
8.9318
9.6553
10.2556
9.6226
9.3369
10.0774
9.6663
10.7358
10.5559
10.5623
9.7831
10.1153
10.3590
10.2280
10.5803
11.1176
10.6473
10.0652
11.0087
10.8638
10.2776
9.7701
10.4539
10.8071
10.9727
10.4985
11.2351
11.0337
10.8287
10.9600
10.1535
9.8622
9.6040
9.6105
8.9778
9.3419
9.1921
9.3904
9.8083
9.1839
9.4365
8.8703
9.1552
9.4296
9.2992
9.6539
9.4288
9.7886
10.2915
9.9627
9.8133
10.6595
10.2964
10.5110
9.9103
9.7269
10.3273
10.9469
9.8559
10.7049
10.6315
9.7320
10.5589
10.2115
10.5647
10.3722
10.7336
11.2700
10.2761
10.9705
9.9377
9.4591
9.0256
9.5871
9.9629
9.2891
9.1557
10.1477
9.8583
10.6771
9.7164
9.4824
10.0902
9.2428
9.8737
11.1418
9.8262
11.0004
10.6638
10.3718
9.9067
9.6746
9.4229
9.5199
10.2271
9.9506
10.3667
9.7947
10.2837
10.5892
9.3192
10.4914
10.2461
10.4580
10.3576
10.2522
9.7726
10.2679
9.5354
10.1055
9.6481
10.3794
10.5966
9.8273
9.7052
9.9012
10.2738
9.6307
9.4277
10.3676
10.9354
10.6294
9.9212
10.6736
10.2481
9.7375
10.1366
10.1618
10.2662
9.7211
9.3057
9.7284
10.7602
10.4241
10.1962
10.0806
9.9281
9.9266
9.8022
10.0825
9.8955
9.7598
9.8923
10.2542
10.1754
9.8577
9.6503
10.3512
9.9353
9.9391
9.9377
9.7979
10.5058
9.4448
9.8550
10.1808
9.7524
10.2277
9.8569
10.1143
10.6913
10.2757
10.0551
9.8242
10.0198
9.6789
10.1646
10.3677
10.5264
10.5587
11.5325
10.8445
10.1333
9.8521
10.8364
10.4791
10.5977
10.2633
10.8328
10.5424
10.4347
10.7703
10.5704
10.4079
11.2688
10.4018
10.3497
11.2081
10.5926
10.9902
11.1049
10.1871
11.2321
10.9871
10.5848
10.6898
10.1045
10.1559
9.9214
10.4595
9.8849
10.1583
10.4454
10.0887
9.9777
10.2360
9.7127
9.7851
9.6617
10.5542
10.1100
9.9421
9.9407
9.8647
10.6692
9.9620
9.8139
10.3765
9.7078
9.9438
10.0927
9.1143
9.2482
9.5112
9.6299
9.1168
8.8271
9.2592
9.3928
9.9321
9.4799
9.4589
9.6177
9.6987
10.4715
9.5265
9.9309
9.6362
9.9353
9.8298
10.1067
10.1040
10.1405
9.8909
9.6717
8.9675
9.5640
10.2290
10.0327
10.5299
10.2302
10.1926
10.0000
10.1102
9.9566
9.3052
9.8351
9.6788
8.7156
9.6129
9.9256
10.0690
9.3517
10.5341
9.8603
9.4042
9.5822
9.6438
9.4022
9.9918
9.6829
10.0310
9.6278
9.3580
9.3961
10.3899
10.0479
9.4085
9.5869
10.0040
10.1235
9.8201
10.4062
10.1725
10.2442
10.7275
9.9682
9.6235
10.3082
10.2350
9.9987
9.7932
9.5796
9.4324
10.1925
9.8485
9.0678
9.2135
9.7954
9.9877
9.9578
9.7129
9.6304
10.0812
9.7095
9.6123
10.0374
8.9179
9.7679
9.9831
9.9831
9.1565
9.9716
9.8440
10.1968
9.9107
9.9650
10.3165
9.5266
9.7305
9.5200
9.2711
9.9858
9.5625
9.7055
10.3571
9.5846
10.3855
10.2006
10.2430
10.7379
11.7314
10.7919
10.4916
10.6198
10.5826
10.2727
10.2796
9.9337
10.0996
9.8787
10.5751
10.0644
10.8971
10.4343
10.3789
10.0950
10.1682
10.2923
10.5280
10.5072
10.3120
9.8904
9.5549
10.9095
10.4564
10.2537
10.2738
9.7593
10.2637
9.9728
10.2576
10.5272
9.2971
9.6618
9.6709
9.9365
10.1005
9.8907
9.6291
9.6909
10.3585
9.5687
9.1522
9.5885
9.8971
9.8350
9.6686
9.9295
9.6619
9.0493
9.2587
9.7705
10.0279
9.8159
9.6665
9.9796
9.4921
10.2261
9.7601
9.8992
9.3140
9.6958
9.6299
9.6467
9.2977
9.5454
9.8669
10.0287
9.4120
10.2309
9.6755
10.0037
10.2848
9.7829
9.6463
9.6031
9.3713
9.0378
9.8706
9.6246
9.7032
9.5054
9.9217
9.5478
9.5079
10.6079
10.5582
10.9188
10.3396
9.8797
9.5396
9.6640
10.3658
10.3717
10.4352
10.6865
10.6017
11.2002
9.8070
10.5863
10.4844
9.9036
10.5733
10.6693
10.7648
10.1474
10.6411
10.1776
9.9982
10.1668
10.2872
10.6561
10.5599
10.4903
11.0554
10.2917
10.5138
10.1092
10.9673
10.8151
10.0281
10.5356
10.1401
10.0328
10.2603
10.4511
10.0882
10.0083
9.4074
9.5354
10.0233
9.6539
10.1436
10.3222
10.6920
10.1527
9.8633
9.7299
9.9000
9.8538
9.4710
9.7890
9.1670
9.7480
10.2185
9.9482
9.7196
9.0819
9.5058
10.3874
9.8233
9.8700
9.8392
10.7219
10.5779
10.9124
10.3306
10.4626
9.8068
10.2005
10.7749
10.4624
9.8916
10.1894
10.3743
10.7636
10.0238
9.7413
10.1329
10.0254
9.7083
9.7695
9.2929
9.6734
9.9611
9.8673
10.0904
10.5113
10.2333
10.5608
10.3444
10.3028
10.0031
9.5108
9.7864
10.1788
9.9801
9.9288
10.9918
9.6891
10.2722
9.6517
9.2908
9.9013
9.9129
10.1830
10.3549
10.5656
10.9672
10.0723
10.3349
10.6331
10.4275
9.9397
9.8454
10.2079
10.0453
10.3288
9.8779
10.0183
9.7886
9.9174
10.0912
10.5981
9.4120
9.6906
10.1421
10.1424
9.6642
10.3173
10.7259
11.0562
10.4275
10.2869
10.1145
10.9416
11.6325
9.7768
10.4221
10.3768
10.5676
11.4472
11.0392
9.9620
9.9353
10.4586
11.3431
9.8607
10.7364
11.3792
10.7504
11.4740
10.4303
10.3617
9.9181
10.0059
10.9823
9.9139
10.4813
10.4516
9.3456
10.4631
9.8803
9.8035
9.3258
9.2437
10.1521
9.8263
10.8904
10.7015
10.2122
10.2079
9.2071
9.1436
9.8115
9.3749
8.7992
9.4797
9.5411
9.4583
10.4575
10.3403
10.2570
10.1540
10.1376
10.0294
10.0949
9.7596
10.3642
10.7762
10.1508
9.8885
10.3238
9.8026
10.6090
11.2140
9.8823
10.3160
9.4867
10.2466
11.6328
10.4294
11.0976
10.4002
11.1131
10.4314
11.2645
10.1036
10.3840
10.0294
11.1179
10.6580
11.4016
10.9118
10.5514
10.8434
10.1992
10.3973
10.0127
10.4833
10.9097
10.7637
10.2650
10.0886
10.1774
10.3683
10.4806
10.6275
10.3057
10.1021
10.7506
10.7675
10.6259
9.5337
10.2264
9.9768
10.3324
10.4754
9.5491
10.1730
10.7408
10.9346
10.9510
10.0122
10.4881
10.0830
9.7756
10.2853
11.0000
10.6326
9.4576
10.3650
10.1154
10.8272
11.1851
10.8512
10.7644
10.9298
10.9051
10.2841
11.0755
10.5814
10.1764
9.8845
10.7214
10.5671
10.8212
10.4111
11.0098
10.5210
11.3727
10.9323
10.4231
10.9882
10.3789
9.3870
10.5906
11.0182
10.3800
10.3617
10.9088
10.1415
9.8211
9.7838
9.9592
9.4941
9.6835
9.6490
10.3027
10.4675
10.1258
10.9214
9.7642
10.0441
10.6139
9.3470
10.0642
9.4585
10.3909
9.9433
9.9804
11.7140
11.8645
10.2816
10.4729
10.5449
10.2093
9.8116
10.9753
11.1090
10.6144
11.2680
11.4928
10.4377
10.6285
10.1542
11.0367
10.3246
10.3125
11.4668
10.3916
9.9619
9.7314
10.6097
10.8097
10.8191
10.4746
10.9181
11.1850
9.7562
10.1886
10.1422
10.4474
10.2180
10.2733
10.1630
10.0824
10.5689
10.5900
9.6786
10.6343
9.6297
9.7677
10.0556
8.9541
9.2344
9.7450
10.3430
9.3084
10.0081
10.4907
10.1824
9.2605
10.0006
10.7252
10.0425
9.9712
10.1230
10.3213
10.5188
10.4272
11.5358
10.1602
10.5895
11.0437
10.1672
9.9190
10.1062
10.6592
10.5429
9.9562
9.6425
9.0765
9.5143
9.7779
9.5923
8.9990
10.3890
10.3214
10.0907
10.2907
9.9071
10.6608
10.1585
10.3883
9.9004
10.2587
11.1476
11.0899
11.5380
11.2481
10.9784
10.5431
9.8660
9.7761
9.1642
10.4651
9.9230
9.8125
9.3681
10.4780
11.1961
10.3584
10.6690
10.7261
10.6694
10.0149
10.1874
10.2414
9.6494
10.2408
10.7233
10.5197
11.0585
10.3640
10.6110
11.0137
9.6100
10.4069
11.2748
9.9546
10.2982
9.9223
9.8655
10.0550
9.6915
9.6456
9.0039
9.9686
10.4620
10.7466
10.0385
9.3554
9.3583
9.5177
9.6927
9.8142
9.2138
9.6185
9.6391
9.3288
10.1668
10.2715
9.7963
9.5769
10.2615
9.8116
9.1251
10.6147
10.0721
9.4099
8.8061
9.5984
10.4860
10.1585
10.0031
9.6097
10.4682
10.0757
10.3834
10.1635
9.8756
9.2958
9.4159
9.0024
9.5685
9.3875
9.9343
10.0189
9.5997
10.0465
10.0530
10.0305
9.9452
9.7689
9.7549
9.4734
10.8597
10.6793
10.2500
9.7312
9.6579
9.9114
9.0981
9.8762
9.9956
9.6477
9.8323
10.0571
9.7542
9.8604
9.8042
9.8496
10.3239
10.0695
10.4730
10.7451
10.9680
10.2229
10.0355
10.6196
10.7241
10.9345
10.3544
10.4057
10.8115
10.7540
10.6904
10.5004
10.3504
10.1112
10.1478
10.3920
10.8865
10.2955
10.8427
10.6014
10.2319
10.4872
10.0668
10.5355
10.1802
11.1522
10.4605
10.8082
10.6365
10.8660
10.8298
10.5624
11.3433
11.3839
10.9239
10.9155
10.8105
10.1478
10.2757
10.6811
10.8936
11.2189
10.7178
11.1189
10.9692
10.3918
10.3327
10.5302
10.0914
10.6015
10.6418
10.1185
10.8170
10.3503
9.7368
10.5941
10.7290
11.8097
11.3715
10.1527
9.8702
10.4749
10.3464
10.8608
10.6729
10.2499
9.8349
10.7367
10.7149
11.0912
11.7952
10.9372
11.0878
11.3418
10.7773
10.9436
10.9557
10.9311
11.5469
11.3486
10.5044
11.9174
11.6900
11.6138
11.0400
10.5947
11.0558
10.8548
10.2742
11.4461
11.9406
10.8898
12.0665
11.6869
10.7616
11.2235
11.3052
11.1722
10.7053
10.1495
10.2759
11.0075
10.7614
11.2669
10.5454
10.6686
10.7381
10.4420
10.0484
10.7611
10.1021
10.9962
10.5454
10.4490
10.4410
10.6744
11.5024
10.7357
9.9403
11.0525
11.1157
11.0074
12.1377
12.0065
12.0718
11.7027
11.0385
11.7899
11.6814
12.0694
11.9412
10.8065
11.4211
10.9215
11.0477
11.2729
11.0753
10.5352
10.7163
10.6028
10.9819
11.8009
11.0501
11.2974
10.7271
11.4616
11.9961
11.9748
11.7433
11.1909
11.4823
10.8270
11.1046
11.1210
11.3752
11.1664
10.5781
10.6386
10.3665
10.4659
9.9351
10.1906
11.1372
9.5211
10.3599
10.1449
10.4758
10.0655
10.6581
9.7936
10.0298
10.6290
10.2926
9.9025
9.9092
10.1394
11.1783
11.4767
11.6075
10.9344
10.3549
11.0818
11.0300
11.8558
11.3149
11.0117
10.7429
10.8699
10.5764
10.4776
10.7341
9.9520
10.1261
10.1484
10.7596
10.8530
10.4674
10.3237
9.7190
10.9468
11.6630
10.8521
11.1015
10.6352
10.4688
10.8938
10.6459
10.4694
11.2129
11.9166
11.7942
11.3630
11.0034
10.0594
10.6847
10.4739
11.0164
10.4611
10.2370
9.0749
10.0644
10.3466
11.1128
10.2562
9.9219
10.4419
10.9184
10.3094
10.0659
10.9211
10.3990
10.5762
10.9841
11.6041
10.3919
11.2259
11.2047
11.4053
10.8087
11.1201
11.3495
10.6892
10.4829
11.6453
11.4888
11.2483
11.8532
10.7892
11.2433
11.3691
11.2795
12.2630
12.6285
11.8752
11.9359
10.9528
11.5330
12.1225
12.1911
12.0312
12.0048
12.4058
11.2531
11.7755
12.6649
11.6394
12.5248
12.5312
12.3015
12.3256
12.1172
11.9346
12.0468
12.3169
12.5392
11.7924
11.7137
11.6547
12.0169
12.1524
12.0978
11.6157
11.2991
12.0534
11.3768
10.9970
12.7826
11.4106
12.5554
11.8274
12.2709
12.7782
11.5668
11.0614
11.8430
11.9247
11.9666
11.2555
12.4067
12.0592
10.5708
11.0717
11.4830
11.3336
11.9354
11.5421
11.7505
11.3446
11.2113
10.5572
10.6594
11.0313
11.2344
12.4970
13.1555
11.5988
12.0262
10.2810
11.7510
10.7783
11.3444
12.2063
11.8966
11.9577
11.7380
11.5436
10.5419
11.6989
11.7421
10.4874
10.7714
10.8767
11.7990
11.6662
12.1519
11.1998
10.1910
11.2631
11.5343
11.5107
11.3144
11.3192
12.0528
10.5913
11.0096
11.0606
10.8027
11.4688
11.2343
11.1930
12.2745
11.8581
11.6267
12.2667
12.6498
11.3270
10.9545
11.9398
11.7085
11.3916
10.7849
10.3081
10.9522
10.8894
10.7761
11.0128
10.8995
10.0621
9.9487
10.4924
10.2900
10.0196
10.1475
10.3375
9.8724
9.5437
10.3392
10.7101
10.0396
10.0746
9.9286
9.8201
11.1212
10.6903
10.7544
10.1479
10.2724
11.0491
11.1838
11.3938
10.9573
11.1718
10.8010
10.3394
11.0661
11.4622
11.4469
10.6336
10.7073
10.7503
11.4658
11.8538
11.0302
12.0263
11.5235
11.7841
11.4883
11.0987
11.8045
11.5334
10.1623
12.0923
11.8602
11.1597
10.6804
11.6798
11.1858
10.8756
11.5269
11.8551
11.1669
11.0944
10.2440
11.1171
10.8075
11.2691
11.1690
11.7847
11.1539
11.1290
10.8207
10.6803
12.0042
11.0975
11.5793
12.2852
11.9676
11.6684
11.1853
11.7150
12.0346
10.5015
10.5721
12.1739
11.2247
11.5145
11.2097
11.2417
12.0076
11.2700
11.4555
11.9140
10.4842
11.8571
10.7882
10.8890
10.4926
10.8243
11.2749
11.3077
11.8320
11.0212
11.7480
12.2801
11.1877
11.6279
11.0085
11.1140
10.8594
11.9192
12.2151
10.9283
11.7303
11.7824
10.8351
11.4020
10.7006
11.1604
12.3305
11.3506
11.3176
11.3034
11.3358
11.7131
12.0600
11.2569
10.1841
11.1927
10.7150
10.1186
10.5558
10.6098
10.8315
11.0536
10.8411
10.7825
11.4384
11.0991
11.0993
10.4016
10.9362
11.5801
10.9527
10.6375
10.6556
11.1459
10.4431
11.6150
10.6131
9.9862
11.6300
11.0949
10.1363
11.0781
10.9025
11.4656
12.6680
11.6753
11.5303
11.1843
11.4277
10.0736
10.2261
10.3750
11.6780
11.1825
11.1534
10.4933
10.8090
10.5602
10.5090
10.6642
10.3253
10.5506
10.3934
10.7516
10.5575
10.3384
11.0125
10.7798
10.9864
11.8077
11.4422
10.2334
9.8820
9.5108
10.2263
10.7009
10.1307
11.1836
10.6462
10.9904
10.4450
10.0820
10.4989
10.3922
9.8461
11.3467
10.4591
10.2819
10.3988
10.6340
11.4338
10.3482
10.1271
10.8280
10.0957
10.5429
9.6603
9.7993
10.2261
9.1128
9.2640
9.6088
9.9008
9.5748
9.7419
10.1205
10.4528
10.1719
9.4307
9.5658
9.9313
9.8209
9.4297
9.0412
9.2949
9.5234
8.8913
8.6388
9.3947
9.6840
9.1821
8.6752
9.5000
9.7389
9.6106
9.7262
9.5711
9.2483
9.5347
9.1692
9.8719
9.8647
9.6184
9.6221
9.2780
9.3050
8.8497
9.0127
9.3292
10.0075
10.1786
9.9984
9.0038
10.0755
9.4268
9.3792
9.5439
10.1306
10.8473
11.2786
9.8261
10.0016
9.5908
9.3721
10.2954
9.4603
9.9493
9.2422
9.2828
9.6467
10.3255
10.3414
10.1856
10.4007
9.6401
9.8111
10.5282
10.1162
9.6541
9.8512
9.0940
9.3203
9.4044
9.3935
9.4905
9.3030
9.9368
10.7381
10.1229
9.9131
10.4086
10.4779
10.3163
11.0508
9.6454
10.1527
9.8153
10.0097
10.1544
10.4202
10.0912
10.0583
9.7359
10.0315
10.4244
10.6068
10.5915
10.7031
10.5970
10.1991
10.6571
10.3494
10.5234
11.2563
10.8605
11.0686
11.8859
10.5274
10.8496
10.7748
11.5099
9.9327
10.7781
10.2142
10.9194
10.4707
10.4294
10.0487
10.5379
10.4603
11.0690
11.2761
11.1147
11.1912
10.6634
10.9275
10.9058
10.3263
10.2015
11.0820
11.0520
10.8232
10.0365
11.0781
10.2813
10.7071
10.2095
10.7008
11.9865
10.3108
10.1459
9.6924
10.6607
10.6634
10.2698
10.0426
11.3329
10.9596
10.2049
10.9138
10.6817
10.6463
10.5353
10.4820
10.2633
11.3803
10.2264
10.3657
9.8457
9.7976
9.3075
8.7789
10.2744
10.0467
10.4347
9.2132
9.9012
10.7146
11.0677
10.4680
10.6416
10.4372
10.6465
10.5859
10.9533
10.1544
10.4444
10.9025
11.4356
11.2559
11.1143
10.9124
10.6197
11.2788
10.8811
11.8355
10.4169
11.3526
10.6911
10.0997
10.8992
11.7310
10.7984
10.8855
10.3471
11.0348
10.7748
10.1411
11.0064
10.4457
10.8560
10.1456
10.8854
11.7208
9.6634
10.3619
11.0259
10.1528
10.7575
10.6702
10.6117
11.0927
11.8630
10.6044
12.3069
12.0689
11.4016
10.7074
11.9294
11.6165
11.0923
11.2728
10.9555
12.2061
10.5087
10.5983
11.1614
11.4599
11.2390
10.5443
10.5911
10.8313
10.5535
9.6625
10.8407
10.9097
11.1559
11.8011
11.0346
11.4321
10.3764
11.6738
11.2937
10.9109
10.5969
10.6714
11.7772
10.6744
10.8624
10.8967
10.8081
10.5607
10.4398
10.4002
11.0897
11.9871
11.9096
11.5531
11.5122
10.8155
10.4363
11.3834
10.4991
10.5032
10.8859
11.3432
12.1373
11.1405
10.6251
11.4840
12.2392
11.5612
11.5944
11.5113
11.6674
11.4965
12.5971
11.1711
11.8916
10.6754
11.4318
11.3718
11.9416
10.5861
10.6267
11.6478
11.8876
12.2896
11.6938
10.8713
11.2650
10.6469
11.4277
11.2920
11.5154
12.2781
11.9889
12.3886
12.4582
12.4662
11.7980
12.6440
11.9730
13.0280
11.7523
11.0417
11.3978
12.4065
12.0113
12.6723
11.7724
12.0991
12.7316
11.9491
13.1039
11.8221
11.9269
11.9291
11.4540
11.3415
11.6915
11.3671
11.5145
11.7549
12.1331
11.4660
11.1152
11.2302
12.3757
12.5554
11.3979
11.7789
12.2169
11.8846
11.9244
11.6843
11.5064
11.7400
12.0619
12.2450
11.6305
11.1953
11.3798
11.9640
12.2924
11.9209
11.7547
12.2445
11.9262
11.1272
10.7225
11.0812
11.3135
11.7104
11.4458
10.9302
11.1401
10.7937
10.7286
10.8975
11.1751
11.7317
11.3797
10.9600
10.9440
11.3695
10.5793
12.3703
12.2255
12.1427
12.0740
12.0614
12.4067
11.8978
11.4893
12.0718
12.2668
12.8712
12.7226
12.1512
11.6508
11.8209
11.1804
11.7600
11.9602
11.6411
11.1624
11.3549
11.5027
11.2308
11.5050
11.2755
10.9571
11.0833
11.8930
11.8656
11.6408
11.7144
11.3105
10.6629
10.6141
10.7123
11.6236
10.7623
11.2023
12.8547
11.5881
12.4577
12.2270
11.3100
11.7453
10.4170
10.5140
11.0195
11.3467
10.8817
11.5868
11.9785
13.2982
11.2729
11.1994
11.6431
11.6430
12.0103
12.1582
11.2021
11.0444
11.0077
11.4248
11.5207
11.1485
11.8478
11.6510
11.0371
11.1087
11.1074
11.7462
11.5033
11.1450
11.5637
11.4890
11.4397
10.1615
9.8160
10.0857
11.4005
11.5633
12.3154
11.6446
11.4125
12.0111
11.1832
11.5388
11.1288
11.8265
11.9859
11.9500
11.5602
12.0347
11.6530
12.3458
11.6001
11.9759
11.1503
12.0137
12.4016
10.8706
12.3045
12.0945
12.4879
12.3304
12.2651
12.3656
11.8842
12.2738
11.7961
12.0659
11.4552
11.6684
11.0991
11.5576
12.0436
11.3148
10.9618
10.6731
11.0597
11.6204
12.0184
11.4734
10.8678
11.6358
11.8856
11.8223
11.7176
11.7891
11.7926
11.6423
10.5887
11.1014
10.9050
11.1497
10.7409
10.3602
11.1075
11.1027
11.7034
12.1141
11.2304
12.2585
11.7596
11.5905
11.9270
12.4815
11.8661
11.0374
11.0514
11.3729
11.1103
11.2758
11.8289
11.1909
11.4146
11.3005
11.1259
11.2527
11.4674
10.9303
11.2771
11.7767
11.5095
11.6846
11.2949
11.0170
11.5500
11.5241
11.9832
11.6424
11.9533
11.9892
11.8276
11.6252
11.6285
11.7667
11.6750
10.8225
11.1210
11.6402
11.4056
11.2891
11.6351
11.4095
11.4226
11.5584
11.5676
11.9176
11.4128
11.8993
11.6504
12.0008
12.3174
12.0748
12.6469
12.7300
12.3191
11.6621
12.2091
12.6348
12.0721
11.8501
12.3395
12.0134
11.1393
11.0149
11.7195
11.3289
11.0295
12.4038
12.0333
11.7549
10.7576
12.2306
12.5785
11.5662
11.7451
12.4495
12.1791
12.7162
11.6854
11.0967
11.4918
11.7301
12.1817
11.4880
12.0209
12.5178
12.0490
11.0509
11.0077
11.5876
10.8385
11.3085
12.2362
11.7348
11.8024
11.4078
11.1175
11.0585
11.1271
10.7340
10.9612
11.8867
11.4176
11.5574
11.1967
11.5511
10.2109
10.7719
12.0716
11.7050
11.1992
11.6187
11.4535
12.0232
11.7147
11.0977
11.7993
11.5790
11.4885
11.4953
11.3113
11.6077
11.1931
10.9051
10.5961
11.0040
11.2461
10.9461
11.2666
10.0975
10.9326
10.7244
10.4307
10.5159
9.9255
9.7709
10.0340
10.3392
10.4155
11.1939
10.4887
11.2343
10.8603
11.3386
11.1958
11.1726
11.5497
11.1957
11.1313
11.5547
12.1834
12.1542
11.4300
11.1441
11.2093
11.2710
11.6187
10.4957
10.2535
10.3496
10.2214
10.4124
10.1257
10.5101
11.4257
11.7234
11.2924
11.0622
12.2552
10.9786
11.9662
11.1688
10.9388
11.2327
11.1822
10.8084
11.8773
11.7899
11.2565
10.7097
10.9291
10.7426
10.6308
11.2243
9.6794
9.3992
10.2261
11.3855
10.7996
11.1108
10.4263
10.1831
10.0957
10.6735
11.0223
11.4319
11.3572
11.1933
12.0719
11.5563
11.7836
10.7949
11.3048
10.6710
10.7205
11.3805
11.0467
10.5491
11.3378
11.4789
11.1331
11.1270
11.1558
11.7270
11.4346
10.4053
11.0205
10.3829
11.1880
11.3352
11.3491
11.6273
11.7512
11.2293
10.9218
11.0321
10.9614
10.6411
10.4344
10.4307
10.9334
10.1211
9.4547
9.9500
10.6285
9.8878
10.8771
11.1863
11.1679
10.9213
10.8145
11.1408
11.7576
12.6350
12.9245
11.7860
12.0981
12.1968
11.0861
10.7906
11.1169
10.8655
11.5941
11.4986
10.9253
11.1397
10.4938
11.5631
11.3900
11.2584
10.2904
11.1755
10.8267
10.8392
11.6520
11.4513
11.8429
11.8828
11.8102
12.2857
11.8342
11.7691
12.2600
12.5610
11.4688
11.9613
11.7556
11.1769
10.4067
10.4521
11.7036
11.4733
12.0761
12.6067
12.0689
12.7691
12.6607
12.2363
13.0297
13.0197
12.7476
12.1128
12.0192
12.0768
12.3151
11.3418
11.6359
11.6541
11.5550
11.3674
12.0643
11.9280
11.7192
11.7600
11.3379
11.3983
10.2527
11.1806
11.9536
11.4132
12.1543
11.7928
12.0537
11.8377
12.8691
11.4181
11.1535
11.4517
11.7361
12.1044
11.2865
11.8878
11.7248
11.3910
11.6223
11.1701
11.4664
11.6863
11.9922
11.4344
11.0281
11.0310
11.7104
10.8666
11.0011
10.6088
11.2996
10.8002
10.3699
10.5596
10.4715
9.7313
10.0828
11.6990
11.2367
10.9313
10.8678
10.1638
11.2723
10.1336
11.1940
11.0867
11.3379
11.8530
12.2885
11.4483
12.0494
11.3661
10.9467
11.2544
11.5604
11.6526
10.7639
11.5792
12.0668
10.3668
10.8693
10.8722
11.7391
11.8961
12.0067
12.2320
12.8549
12.1787
11.1482
11.6766
10.7788
11.3386
12.1629
11.7448
11.7609
11.0439
11.6372
11.1068
11.7972
11.2248
11.0889
11.1804
11.6349
12.0945
11.5507
11.7545
11.8883
11.1882
11.5101
11.4302
11.2029
10.7673
10.7580
11.2485
11.8737
11.4023
12.0528
11.9023
11.6836
11.9700
12.6023
12.3048
12.5168
11.4878
11.7503
11.3420
10.9784
11.3524
10.9476
11.6748
10.8714
11.9897
11.7334
12.1701
12.3550
11.5769
11.8845
11.5400
11.7627
11.5555
11.7104
12.5004
12.0142
11.3239
12.1941
11.8288
11.7602
11.6938
11.0659
10.7991
10.7365
10.9838
11.7234
11.2956
11.9325
11.4109
11.2835
11.0603
11.5780
10.5015
10.4037
10.9156
11.0594
12.5631
12.2474
11.1600
10.5319
10.6183
10.6952
10.3198
11.0967
10.9071
11.1872
10.4209
11.0486
10.8629
10.7868
11.7012
12.1747
11.9356
10.9937
10.4793
11.6692
11.2317
12.0459
11.0057
11.9807
11.6576
11.6770
11.0655
11.4969
11.8632
12.0157
11.3026
10.7868
11.0215
10.9755
11.8679
11.6020
12.1094
10.7002
10.9255
11.0670
10.0029
10.2961
10.6896
10.1177
10.9973
10.9630
11.1368
10.3676
10.2400
10.5883
10.2469
10.5100
10.9297
10.5514
11.2036
10.4873
10.6084
11.7260
11.2713
11.8682
11.3549
11.3386
11.7519
10.6282
10.4997
11.0938
11.1962
11.1496
11.7172
11.0471
11.5386
11.0296
11.7075
10.8614
10.0293
10.8416
10.9630
11.2486
10.9387
10.7713
11.0982
11.7932
10.8709
11.2450
11.0434
11.6211
11.1954
11.0589
10.9015
11.4313
11.6241
11.1328
12.1157
12.2363
11.3826
13.1294
11.6777
11.7208
12.2706
12.7182
12.4602
12.8329
11.7442
12.2531
11.9894
11.8045
13.4064
11.9419
12.6855
12.5791
12.0830
11.7645
11.9885
11.6565
11.2725
11.8561
11.8384
12.3218
12.0995
13.0169
12.5374
11.9718
11.7584
11.2091
12.0922
12.0340
12.4946
11.3171
11.2543
11.9095
10.8021
12.2726
12.1576
10.7654
10.9927
10.7804
10.2537
10.5119
11.5563
11.3032
11.2004
12.1335
12.1742
12.2080
12.2459
12.3015
11.3400
10.6005
11.7128
10.5650
11.9122
12.0525
11.7808
11.4704
12.8571
12.4992
12.4435
11.9154
11.9526
12.4596
13.0536
13.2852
12.3096
12.3013
12.6628
12.3021
11.8254
12.2117
12.4045
11.6457
12.1127
12.0331
11.0510
12.1095
11.6486
11.1241
11.6675
12.2779
11.5707
12.3076
11.7832
12.5263
11.6245
11.8139
12.5698
12.3006
12.1523
12.5173
12.8081
12.7809
12.6028
11.9991
11.2183
12.5015
11.9905
12.3003
11.8881
11.6576
11.7250
11.8238
11.2875
11.6246
11.4471
10.2142
10.4060
11.2238
11.4434
11.9585
10.9081
12.0416
10.7635
10.9666
11.5436
10.7863
11.7344
11.6528
11.2523
11.4771
11.5576
12.3149
11.3388
10.7778
11.0892
10.9115
9.9057
10.2254
10.1011
10.4596
10.3385
10.3024
10.6223
10.3397
9.8413
10.1298
9.9014
9.3798
9.5024
10.1440
10.7222
10.6663
10.4196
10.4317
10.1162
10.2160
10.6371
11.8360
10.4079
10.6077
10.9154
11.6953
11.3398
10.6112
10.9017
10.6506
10.8093
10.6973
10.5807
10.5162
10.3812
10.0617
10.0220
9.7179
9.9111
10.5732
10.8820
10.5844
9.9380
10.2100
11.1835
11.3998
11.3033
10.4585
10.7335
11.6494
10.9317
10.3855
11.2334
10.9239
10.9082
11.3867
11.2788
10.3756
11.6292
12.3090
11.6409
11.8803
12.9128
12.7249
11.7809
11.5551
10.4630
11.6197
11.0055
12.5417
11.9055
11.9837
11.7401
11.7490
12.0819
11.6081
11.1222
11.0510
11.1987
11.6274
12.0972
11.5399
11.8374
11.2412
10.9327
11.3404
10.7899
11.5181
10.7956
10.8433
10.3953
10.6682
11.4482
11.1686
11.6384
11.6749
11.1282
11.2727
10.9047
11.3005
11.4715
11.2870
10.6487
10.8679
11.0882
11.2780
10.9250
10.4277
10.9859
11.1414
10.8898
11.1363
11.3884
11.0491
11.6380
11.1624
10.5543
11.3948
10.1134
11.2504
10.9416
11.3469
11.1556
11.5544
11.5443
11.3696
12.3090
11.6225
12.0422
11.8989
11.8203
12.0026
11.7362
12.2192
11.2442
11.8313
11.5630
11.3697
11.6496
11.6169
11.2841
12.1357
11.6254
10.5954
11.2080
11.1157
11.4554
11.7788
11.9669
11.2590
11.3049
10.9799
11.1379
11.7290
11.1381
11.2798
10.7711
10.5485
9.7144
10.5962
10.5740
10.4786
11.0396
11.4688
11.7664
11.2288
11.5741
11.3784
11.4131
12.9693
12.4161
13.2329
13.3264
12.1652
12.5218
12.1265
12.5568
11.7068
11.7134
12.2776
12.6049
11.5774
11.7949
12.2962
11.1554
11.4061
11.7013
12.2656
12.0679
12.0992
10.6319
11.3856
11.6245
11.1530
11.1716
12.1832
10.9039
10.7912
11.4808
12.3959
11.8491
11.1865
11.0290
11.7730
11.8029
11.3304
11.4454
10.8678
10.6606
10.9662
9.7576
11.0670
10.5074
11.0756
11.5035
11.7314
11.0638
11.1348
11.1411
10.6467
10.6494
11.2317
11.6607
12.1645
12.6098
12.6480
12.2845
12.3804
11.4637
11.7930
11.8021
11.4340
11.7895
11.4695
12.9724
11.7351
12.2699
12.7063
12.4736
12.0618
12.4745
11.8502
11.0896
11.3054
11.0337
11.1710
12.1984
10.5532
11.5987
11.6832
11.1856
11.0679
11.8330
11.3087
11.7821
11.7119
11.5314
12.2213
11.2568
11.7486
10.9944
10.9565
9.9671
10.9176
10.3671
9.9606
10.3170
8.8833
9.0453
9.6704
9.7024
9.7268
9.7932
10.1653
10.4443
10.2774
10.3066
9.8501
10.0339
9.8973
9.8170
9.5867
9.4140
9.1013
9.6289
9.2161
9.0484
9.9961
10.2695
10.2102
9.4183
9.8939
10.0403
9.6691
9.4437
9.4203
9.6522
9.5639
9.5255
9.5671
10.1524
10.1974
9.4292
9.6623
9.3285
9.3940
9.7010
9.8509
10.6078
10.5838
10.7801
10.0460
10.8417
10.0860
9.7284
9.0198
9.9401
9.7103
9.3414
10.9563
9.8249
10.9050
10.3250
10.8179
10.6657
11.1526
10.8027
10.9521
11.2548
10.2095
10.4132
11.3295
10.6502
10.6379
10.5493
10.4298
11.6305
12.2038
12.3698
11.1196
10.4309
11.2096
10.6993
10.0011
10.2385
9.3003
9.3178
9.6613
9.0845
10.9364
10.7169
10.8190
10.4537
10.6772
11.2682
10.7299
10.1925
10.3035
9.3161
9.0284
9.3160
8.6287
10.0730
9.6651
10.5555
10.4277
10.4662
10.5009
10.1066
10.1876
9.5943
9.8309
9.6909
9.9254
9.9567
9.7581
9.0237
9.0761
9.8890
9.8183
10.7976
11.2134
10.1127
9.8147
9.9761
10.0266
9.2266
9.2706
9.3614
9.6452
9.0439
9.2928
8.8722
9.2333
9.9376
8.5196
9.6547
10.6285
10.4439
9.7777
9.7759
9.4727
10.1079
9.8306
10.0539
9.4399
10.4250
9.8162
9.8236
10.5862
10.6059
10.3339
10.0025
9.8255
9.3034
9.7873
9.6462
10.2278
9.1506
9.1347
9.5221
9.5312
9.3149
8.8746
10.2029
9.3381
8.9250
9.5569
9.0285
9.5926
9.5196
8.8422
9.3583
10.2345
10.3779
9.3848
9.2873
8.9731
9.7643
8.3820
9.4749
8.2591
8.8042
9.1878
8.7201
8.9136
8.7773
9.1189
9.3876
8.5238
8.9225
10.2862
10.7222
10.3813
9.6828
9.3355
9.3957
10.1693
10.3780
9.6604
9.9832
11.0328
10.4481
9.7944
9.1022
9.4152
9.8291
9.5625
10.2315
8.9978
8.7026
9.1294
8.7969
9.6760
9.7806
9.0455
9.1610
8.7986
7.9559
8.3475
9.2275
8.2849
8.1762
9.1473
8.9899
9.0627
8.6921
8.8073
9.0831
9.3711
8.7761
9.8468
9.6808
9.4560
8.5981
8.5393
8.0775
9.1521
9.0966
10.0138
9.8331
9.6834
10.8272
11.3607
11.2942
10.7499
11.1522
10.2935
11.2695
11.4499
11.4511
11.3434
12.4174
11.8936
11.7161
10.5472
11.5901
10.9776
10.9060
11.4278
12.0897
11.2426
10.7729
10.6686
10.5688
10.9479
10.6365
11.4283
11.6219
10.7099
10.5451
9.4932
10.5896
11.1389
10.2943
10.5926
11.0175
10.2340
10.9815
10.3030
10.6982
10.3826
10.8933
10.3809
10.3498
10.3348
11.0203
10.9291
10.9876
11.4650
10.7245
11.3831
11.9929
9.9608
10.8142
11.6131
12.5048
11.0957
10.4864
10.9137
10.8216
10.1805
10.7851
10.6300
10.9600
10.6757
11.2561
10.4047
9.6825
10.2088
10.3289
10.5896
11.3863
9.8587
11.3235
10.9602
10.4461
10.4836
10.2661
10.5139
10.2361
11.1924
10.7300
11.9928
11.9710
12.0888
11.7189
12.2178
11.1025
11.9048
11.2844
11.0547
10.4692
10.7425
10.6737
10.6576
11.2468
10.5252
11.6796
11.1114
10.2182
10.5760
11.1910
11.0522
11.4609
10.6924
12.1143
11.7253
12.2040
11.1789
11.7333
11.5954
11.6152
11.1971
11.5591
11.5302
10.3614
10.8771
10.8181
10.4446
10.5187
11.4887
10.5732
10.1136
10.9527
11.4068
10.9686
10.0564
10.1044
10.1474
9.9470
10.3266
10.0256
9.2206
9.4861
10.0095
10.3853
10.3945
10.4822
10.0121
10.5572
9.9359
9.6939
9.8324
9.9162
10.1605
11.0154
10.2888
9.8800
9.6692
10.0910
9.0740
9.3964
9.1899
10.1466
9.9994
12.1403
9.6585
9.3882
9.9151
11.0547
9.7781
9.2496
9.1119
9.3444
9.6729
9.7159
10.2145
9.3325
10.1251
9.4385
9.6023
9.8270
9.6934
11.1966
10.9259
10.1030
9.5120
9.6977
9.5115
10.0580
9.2673
9.3743
9.4922
9.8473
8.5246
10.0855
9.6134
9.4481
9.0917
9.1396
9.2556
8.6754
9.3996
9.3552
10.8437
9.4530
9.8753
10.5575
11.0641
9.6018
10.2760
9.4238
8.9664
9.7378
10.3619
9.5492
10.5889
11.4738
11.2190
10.1839
10.8418
10.7198
11.4684
11.5461
11.6231
11.9254
11.3574
11.6234
10.9385
12.3261
11.5756
11.6547
11.1986
12.0371
12.0067
11.8348
11.5157
11.3025
11.0233
10.6977
10.9333
10.6147
10.2292
10.6359
8.9221
9.3818
9.5696
9.9506
9.6870
10.1647
9.0772
10.4737
10.3164
10.3199
9.1783
9.7381
10.0555
9.6373
10.1883
10.0860
10.1679
10.6910
10.3700
11.4510
10.4040
10.5059
10.6797
9.8308
10.9915
11.1248
10.4444
11.2398
11.1506
10.5887
11.1298
11.1153
10.8238
11.7041
10.3516
11.9840
11.2272
10.5140
11.9566
12.4534
12.2776
10.8971
10.9691
11.0797
11.7702
11.8920
11.3200
11.4125
10.2465
9.3466
9.1575
9.1364
9.2467
9.6999
10.0358
9.3201
10.2352
8.7900
9.3666
9.6185
9.9176
9.8016
9.5384
8.4861
9.5093
9.7595
10.3105
10.2997
11.8556
10.9551
10.6319
10.5160
10.8738
9.7141
10.1089
9.6096
9.8274
9.4685
8.9674
9.0040
8.7275
10.0182
8.9771
8.9399
8.6268
8.3966
9.1228
9.1149
8.9478
9.4062
8.7498
9.3860
9.2113
9.4806
9.1261
9.4125
8.8792
9.6363
9.4088
9.2068
9.2894
8.8410
9.7226
9.0773
8.7760
9.8160
9.3142
8.8725
8.8947
8.6414
8.5077
9.1455
9.1988
9.5238
8.8334
8.9887
8.8877
8.9948
9.9607
9.0825
8.9520
8.8002
9.4117
9.6605
9.6291
10.4553
9.5963
9.5184
8.9565
9.1660
9.3303
8.6795
9.3799
9.2233
9.4932
9.9508
9.9053
9.6293
9.9208
9.5930
10.8605
10.4537
9.8596
9.8543
10.0057
10.0385
9.1642
9.3874
10.0044
10.0224
10.5565
9.9065
12.1267
11.8931
12.0472
11.6087
11.2076
11.5328
9.7215
10.2186
9.9200
10.9059
10.5097
10.7519
10.0335
10.3274
9.8917
9.2290
9.1806
10.1556
10.5221
11.7954
10.3396
11.1796
10.8201
10.5919
10.3783
10.3901
10.7980
9.5968
9.3218
9.5047
9.6507
9.5390
9.1682
9.3826
9.1410
9.4191
8.5914
9.1926
9.5472
9.2827
9.3130
9.3759
9.6729
9.9067
11.1649
11.1966
11.1969
11.7523
11.2560
11.1155
11.2320
11.4633
11.0928
11.6529
11.1039
10.9158
10.1560
10.9139
11.4111
11.1438
10.8128
9.0419
8.0576
8.5068
9.0734
9.4048
9.8043
9.4564
9.1646
9.5192
9.6427
10.0395
10.4246
10.3544
11.5457
11.6420
11.7574
11.2451
11.6493
10.5916
11.4617
12.0940
11.8141
12.0714
11.9087
11.7972
13.1257
12.2663
11.2439
11.7482
12.1405
12.2149
11.9807
12.6219
12.7820
12.4394
12.2954
12.6779
11.9938
12.0796
11.9762
11.6210
11.6207
11.9883
12.2325
12.0742
11.9421
12.7128
11.6855
11.9015
11.9966
12.1205
12.4248
11.8849
11.8598
11.8675
11.8856
11.5865
11.4227
11.6430
11.8974
12.2325
12.2935
11.5408
11.6158
12.0041
11.6941
11.7669
11.2628
11.9161
12.6937
11.9448
12.3842
11.7630
12.1661
11.5215
11.7707
11.8324
11.6871
12.4241
11.5573
12.1080
12.1327
11.3863
12.4762
11.9821
12.6615
12.0326
12.1216
12.2273
12.0438
12.3469
11.7783
11.6575
11.9631
12.3095
11.9682
12.0962
12.5270
12.5367
12.3054
11.7214
12.1831
12.7442
12.2974
11.9215
11.7831
11.6144
12.1955
12.0502
11.9612
12.0447
11.4069
12.0900
12.5094
12.1105
11.6126
12.2357
11.8316
12.0270
12.0136
11.7434
11.7392
11.9176
10.9352
11.8709
12.5318
12.4678
13.2746
13.1389
11.8516
12.3401
13.2813
13.4998
13.0477
12.8563
12.3625
12.6482
11.8263
12.2023
12.1951
12.0777
12.3599
12.9169
13.4482
12.5122
12.2158
12.0539
12.1337
12.7767
12.4558
12.2591
12.8473
12.7576
13.2289
12.3514
12.3475
12.1295
11.8100
12.1531
12.1770
12.0668
12.4645
12.2729
12.3858
12.5132
12.0909
11.6489
12.0419
12.6039
12.5686
12.6251
12.6026
12.4885
12.5364
12.8046
12.7086
12.8776
12.7491
12.3796
12.7800
13.0302
12.7261
13.0094
13.2803
12.5503
12.7875
12.4372
12.3598
12.2381
13.2419
13.0881
13.4100
12.5553
13.5584
12.6867
12.8659
11.8404
11.9273
12.2495
11.5917
12.2265
12.2537
12.7999
12.2726
13.6726
13.0301
12.9507
12.7023
12.7290
12.8818
12.7480
13.2150
13.5104
12.7686
12.4800
13.1837
13.0305
13.2923
12.9063
12.6028
12.3553
12.2498
12.6729
12.4745
13.0219
13.1166
12.6878
12.5537
12.7069
12.4824
11.8876
12.7731
12.3059
11.7224
11.2443
11.3694
11.5381
11.9322
11.8537
12.0734
12.2279
11.7363
12.2805
11.6702
12.0153
11.7057
11.8212
11.7078
12.1088
11.8628
12.1205
12.1328
11.3904
11.8324
12.0487
12.2605
11.8939
12.0721
11.6709
11.3116
11.5346
11.6085
12.2681
11.6904
12.5259
12.5433
12.0469
11.8679
12.3384
12.3475
11.9822
12.0952
11.7200
11.9638
11.5620
11.6885
11.2805
11.6125
12.2006
11.8323
12.0304
12.0229
11.3490
12.1671
11.3558
11.4642
11.2628
11.7271
11.7960
11.7992
12.0352
12.0249
11.5655
11.9661
12.3222
11.2472
11.6757
11.7906
12.0045
11.7458
12.5706
11.9247
12.3320
11.5608
11.3435
11.2257
11.3089
11.6028
11.8966
11.6792
11.6054
11.5343
11.6679
11.2213
10.8817
11.5594
10.8448
11.4631
12.0096
11.6279
11.7767
11.5016
12.3294
11.5339
11.6888
11.7751
12.2136
11.8717
12.2137
12.9724
12.5179
12.8587
13.1928
12.6761
13.1994
13.5987
12.8264
12.2738
12.7938
12.7191
12.4434
12.5881
13.0317
12.8845
12.9687
12.9653
12.5882
12.5415
12.4396
12.5045
12.7610
13.3470
13.2798
12.9206
13.0173
12.9041
12.7731
12.1443
12.9781
12.3169
13.0903
12.4933
12.4400
12.2287
12.2727
12.8937
12.5063
11.6360
11.8680
12.5839
12.5259
12.5046
12.8808
12.4629
12.5016
12.7240
12.8389
12.3578
13.4616
13.9838
14.3273
12.8040
12.9557
13.2729
13.7881
13.4449
13.1585
12.9015
13.3607
12.5137
12.8393
12.4686
12.4814
12.5779
12.2544
12.6096
12.0669
11.8677
12.5534
12.0790
11.9973
11.5892
11.6783
12.1955
11.8520
11.5181
11.5556
12.0434
11.8850
11.8533
12.5905
11.9358
11.8393
12.3460
12.2030
11.5707
12.0191
12.6088
11.5501
11.6760
11.2851
11.1008
11.0097
11.2095
11.0348
12.0008
11.8246
12.9921
12.1561
11.4414
11.6054
11.0935
11.8986
11.8170
12.7570
12.7455
11.8639
12.3993
12.4220
12.5713
11.7634
12.3878
12.1744
12.5769
12.2274
11.5679
12.8009
12.0140
12.1885
12.3088
12.7325
12.5528
12.9390
12.4622
13.0816
12.6355
12.6576
12.0654
12.7123
12.4810
11.3920
11.9776
12.3245
12.2734
12.0614
11.8430
11.9455
11.5378
12.4349
12.2271
12.6320
12.3961
12.7765
12.3911
11.4423
12.1118
11.8643
11.9280
11.8102
11.8629
11.9737
12.3574
11.9940
11.6294
11.3751
11.8591
11.1180
10.8915
11.1458
12.0692
12.1949
12.6493
12.2045
11.7783
12.2147
11.6150
11.8130
12.4998
11.5817
11.9468
11.8340
11.8386
11.6788
11.7557
11.8292
12.2707
11.8897
11.2586
11.6927
12.1862
11.4485
12.4338
11.3008
12.1463
11.0187
11.3526
11.7482
11.4319
11.3291
11.5687
11.4982
10.9340
11.6048
11.4726
11.2199
11.6258
11.5375
12.0344
12.2717
12.3290
11.9263
11.5967
11.9552
11.5909
11.9825
11.5319
11.9428
11.4652
11.4361
10.7095
11.2481
11.2743
10.8783
11.2667
10.8791
10.8699
10.6517
10.4734
10.8525
10.8374
10.6218
11.0001
10.9637
11.1461
10.8765
11.4836
11.0455
10.5894
10.7436
10.9136
10.9431
10.7830
11.5444
11.1371
11.1699
12.0172
12.2355
11.2630
10.9265
10.7304
10.8780
10.5892
10.8052
10.3871
10.7915
11.3146
11.8271
11.1288
11.2372
11.2600
10.8877
11.2105
11.1526
11.3025
12.0992
10.9783
11.2894
11.9103
12.6567
11.5156
12.3549
11.2654
11.6702
12.3771
11.7434
12.0212
11.9115
12.0823
12.3682
12.5211
12.1666
11.9067
12.2559
11.5396
11.3538
10.8755
10.8925
11.1809
10.9920
12.2043
12.4893
11.4616
11.9212
11.8845
11.6911
11.1362
11.9108
12.2482
12.0352
12.1623
12.8704
12.6659
13.3991
12.9319
11.6319
11.3199
11.6318
11.5171
11.2891
11.0273
11.4961
11.2140
10.6972
10.9573
11.4029
11.2886
11.3039
11.3142
10.9301
11.1357
10.7567
11.6720
11.3964
11.2897
11.0714
11.4640
11.5278
12.1779
12.3740
11.4146
11.5526
11.5481
11.5893
11.8848
11.6568
11.4555
11.8653
11.4925
11.3485
12.1790
11.5828
12.0586
11.3279
11.6258
11.3192
10.9100
11.0347
10.5705
10.8781
11.0833
11.2050
10.9909
11.7077
11.5869
12.1264
11.9390
12.4856
12.1879
12.0051
12.1350
11.7559
12.3749
12.3868
12.2997
12.3374
12.5248
11.9156
11.5992
11.7877
11.0655
10.1573
10.8503
10.6920
10.2343
11.4889
10.8788
12.0443
11.1587
11.1748
10.6195
11.4021
11.6020
10.5317
11.3896
10.5725
10.6272
11.1096
11.6657
11.2866
11.7062
11.7787
12.2738
11.9484
12.1076
12.4159
12.2655
11.9356
11.8550
11.5787
11.8056
11.4704
10.5368
11.4949
12.7116
11.9462
12.1196
12.1249
11.9685
13.1017
12.5889
12.6769
12.8675
12.3477
12.6671
12.1763
12.4514
12.4865
12.5927
11.7927
11.8235
11.7697
12.3241
12.0272
11.9239
12.5765
12.6458
12.7880
12.1405
12.4353
11.9301
11.5999
11.5850
11.9776
11.6236
11.7764
12.3239
12.1350
11.7908
11.7004
13.0107
13.4275
13.2422
13.5390
12.5078
13.1754
12.3024
12.3522
12.6807
12.2258
12.5550
12.7165
12.3980
13.4022
12.5866
12.2189
12.6164
12.8749
12.6908
12.5245
12.7504
12.7044
12.4021
12.2131
11.9364
12.5929
12.6063
12.7664
12.0288
12.2486
12.4840
12.7417
12.4652
12.4452
11.8345
11.8487
11.6949
11.3905
11.9917
11.8800
12.0174
12.0848
11.9770
11.3766
12.2523
12.0401
12.0188
12.0515
12.1731
11.6759
11.6923
11.2597
11.6925
11.3124
12.0851
11.9671
11.6626
12.0182
12.0173
11.9120
12.8536
13.4443
12.8112
12.3465
12.1532
12.4169
12.2692
11.5427
11.9201
12.2192
12.0890
11.9796
12.1860
11.7095
11.9983
12.1677
11.9191
11.7899
12.0762
12.3778
11.7576
12.4253
11.9687
11.6505
12.0048
12.2930
12.6079
12.8149
12.9064
12.6592
13.0749
12.0690
11.3177
12.0109
11.7927
11.5190
12.3753
12.9839
13.2940
13.2828
12.5837
12.6911
12.4014
12.5895
12.1400
12.1508
12.3065
12.1958
12.9244
13.2064
13.2542
12.7472
13.3044
12.8756
12.6543
13.0977
12.4212
12.6807
12.4711
12.5363
12.7499
12.6804
12.7610
13.2161
12.4793
12.5517
13.0085
12.6730
11.6485
12.4861
12.0347
12.0928
11.7167
11.0737
11.0575
11.5146
11.1589
10.4780
11.2266
10.8031
11.6812
10.2212
10.6206
10.8444
10.9836
10.2674
10.3241
10.4105
10.7340
10.4037
10.4023
9.6480
9.8813
10.0994
11.2194
10.9818
10.1968
10.2985
10.2155
10.2410
10.9447
10.1422
10.0742
10.4304
11.3307
10.9085
10.1659
9.1030
9.1534
8.7258
8.4046
9.4534
10.4220
9.6924
9.6804
9.6751
10.2902
9.7346
10.8781
10.3162
11.1240
10.0021
10.3797
9.9010
9.5688
11.1404
10.6273
11.4816
10.4182
10.4546
10.1403
10.8217
11.7537
12.1650
11.0809
11.3533
10.7494
11.1195
10.7421
11.6905
10.9990
9.9030
9.9217
11.1048
10.4293
10.5900
9.9655
11.2157
9.6906
9.1248
9.6411
9.5031
9.1629
9.6334
9.6728
8.9045
8.2950
9.3560
9.8045
8.6501
9.5164
9.0258
8.7042
9.1021
9.1850
9.5312
9.7770
9.2729
10.0778
10.2380
10.4079
10.2187
9.4599
10.0687
9.6480
10.5119
9.0329
9.9794
9.0062
9.3962
9.0619
8.8240
8.9586
9.3177
8.5787
8.7230
9.3060
8.9265
8.6405
8.9101
8.9322
9.1401
8.0752
7.6414
8.8838
8.2544
8.0600
8.2839
8.2145
8.2303
8.3947
9.3220
8.4600
8.5065
8.2987
8.6569
8.5755
8.2400
8.4140
9.5877
8.4817
9.0434
8.5164
8.8482
8.6937
7.6206
8.0408
8.3511
9.1915
9.9436
10.1196
9.4655
9.7558
8.8840
8.7161
10.1549
9.2051
9.7687
8.9888
9.6125
9.5765
9.5268
9.8913
9.6700
10.1458
9.8663
9.7090
9.8432
9.8211
8.7956
9.1633
9.2975
9.3355
9.3339
9.6700
9.6438
9.0605
9.2433
9.3433
9.9653
10.0460
10.1930
9.8022
9.6604
9.5530
10.0879
10.3734
9.6860
9.6070
9.2597
10.0500
10.0811
9.4642
9.5282
9.4489
8.9701
8.6590
9.7855
9.1161
9.6729
10.2111
10.4423
11.1005
10.7701
10.7515
10.8779
10.5797
10.0894
10.5587
10.2918
10.9832
11.1580
10.9782
10.6013
10.8638
10.7684
10.8873
11.1312
10.6561
11.0811
11.5941
11.6653
11.0672
11.0034
11.8670
11.2865
11.7147
11.3458
11.3022
11.0953
11.3257
11.6558
10.9771
10.6129
10.5633
10.6082
11.2283
10.6743
10.8603
10.2796
11.3866
11.0259
10.7438
11.0051
10.5276
10.8408
11.0737
10.8626
10.5389
9.8294
9.9545
9.6346
9.2748
9.8178
9.6478
9.5698
9.5268
9.3981
9.2998
9.5417
9.6032
10.2333
10.2417
9.7533
9.5671
9.3563
9.3639
9.5653
9.8185
8.6025
8.4453
8.8649
9.0766
9.7233
9.5005
9.5022
8.7745
9.3286
8.9932
8.6919
8.0443
8.9961
9.0453
9.8321
9.7653
9.7731
9.1789
9.4321
9.1002
9.0170
10.4005
9.6577
9.1501
9.0681
9.7078
9.8846
10.9808
10.7052
10.6325
10.2105
10.4908
10.0873
10.2991
10.0420
10.3189
9.8723
9.6027
9.8550
9.7932
9.5350
10.0516
9.9677
10.7989
10.5251
10.6205
11.1191
11.1387
10.7178
10.9139
10.9233
10.7325
10.4688
10.4170
10.6403
10.6849
10.9211
10.9762
11.2494
10.8216
11.0221
11.0666
10.9426
10.6151
10.7592
10.3423
10.7653
10.9608
11.5118
10.8675
10.7335
10.8371
10.5891
10.8501
10.7221
11.0098
11.3296
10.7149
10.9740
10.9659
10.6497
11.1132
10.9334
11.0527
11.6383
11.3968
10.9547
11.3209
11.3557
11.9427
11.3942
11.3271
11.1165
11.0049
11.1112
10.8398
10.8538
11.3271
11.1334
11.3536
12.1269
11.4172
11.0953
11.4645
11.3339
11.3102
11.1334
11.6169
11.0596
11.2861
11.7422
12.0143
12.0414
11.2470
11.1842
10.9351
11.0142
11.0376
11.1683
11.3284
11.0155
11.0339
10.5904
10.3096
11.0574
10.5132
10.6556
10.8291
10.5368
10.8298
11.3201
10.9420
10.5374
11.1135
10.5977
11.0801
10.4411
10.3276
10.6381
10.6090
11.1112
10.7191
10.9552
11.0960
10.6755
11.0204
11.2300
11.1640
11.5089
12.1780
11.2861
11.0417
11.4841
11.6922
11.6136
11.1165
10.7975
10.7100
10.9879
10.7901
11.2841
10.9517
11.0607
11.3802
11.0755
11.3294
10.9905
11.3327
11.6756
11.5644
11.5585
11.6416
11.5008
11.5836
11.4415
11.8398
11.1064
11.3368
11.6083
10.8727
11.5122
11.6398
10.7773
11.3002
11.2347
11.2859
11.1707
11.2596
11.7835
11.7980
12.1185
11.7470
11.9224
11.6595
11.7706
11.4562
11.2576
11.1319
10.9823
11.1074
11.1693
11.0506
10.8077
11.1292
11.0975
10.9612
10.4350
11.7098
11.2304
11.1868
11.1700
11.5559
11.3844
11.8981
11.6403
11.3071
11.1230
11.4402
11.1743
11.3582
11.4774
11.2748
11.1708
10.6573
10.9551
11.0818
11.1851
11.2014
11.7660
11.4146
11.5941
11.6323
11.3340
11.6204
11.9433
11.5401
11.4719
11.5211
10.9531
10.8911
10.8767
10.5981
10.9186
10.3947
10.3099
9.9517
10.4938
10.0944
10.5842
10.4729
10.1619
10.1830
10.6478
10.4802
10.4843
10.9242
10.8359
10.9387
10.3452
10.0433
10.3735
10.4298
9.9817
9.8593
10.1626
9.9968
9.9548
10.3352
10.3725
10.2706
10.0774
10.3207
10.2389
10.3380
10.4099
10.1659
10.4110
11.0009
10.3650
9.9167
10.0006
9.9930
10.3672
9.7931
9.7613
10.2116
10.0330
10.2843
10.0592
9.8331
10.0004
9.6749
9.5307
9.8309
9.4337
9.7037
9.6210
9.5663
9.8745
9.9123
10.4237
10.0463
9.8022
9.4127
9.3373
9.6890
10.0616
9.7152
9.9332
9.7107
9.8786
9.9897
10.0812
9.9117
10.1037
9.6240
9.9697
9.8334
9.8036
9.7635
9.7530
9.7054
9.8999
10.1717
10.0570
9.8919
9.6705
9.5294
9.8713
9.5416
10.0548
10.5155
10.3022
10.5198
11.0868
11.4305
11.3526
10.6523
10.6597
10.7049
10.0308
10.2975
10.0165
10.5189
10.4400
10.7289
10.6854
10.1771
10.1715
9.9299
10.0828
10.2003
9.4226
9.5995
9.9360
9.9615
9.7490
9.9603
10.4436
10.4790
11.0621
10.5794
10.4481
10.8304
10.6227
10.6178
10.4934
10.8783
10.6886
10.7404
10.9594
10.8635
12.2407
12.2273
12.5725
12.7671
12.5496
12.9586
12.4725
12.9296
12.6064
12.6220
13.2278
12.7062
12.9931
11.8529
12.6502
11.9841
12.0179
12.4450
12.0462
12.8846
12.4875
11.7884
12.6129
12.1266
12.4513
12.0040
11.5595
12.0281
12.2924
11.6007
11.2361
11.8834
12.2786
13.1831
13.4827
12.8754
12.4025
12.2443
13.0046
13.2309
12.9853
13.0483
12.7546
12.4964
13.2798
13.1415
12.7886
13.0751
13.1404
12.4139
12.4059
13.1290
12.5432
13.1367
13.2230
13.6433
12.4292
12.5357
12.9814
12.2165
12.6478
12.8549
13.4514
12.9333
12.0575
10.5937
10.8626
11.4061
11.4560
12.6924
12.8939
12.1055
12.3486
12.2437
12.6785
12.5953
12.7386
12.2624
12.4092
11.5122
12.1426
13.0421
12.1703
12.6386
12.3396
12.3846
12.5253
12.6241
12.6538
12.6643
12.6013
12.2231
11.6594
11.9343
12.4406
12.2294
12.8688
12.3067
12.2260
13.1717
12.7897
12.6679
12.7711
12.5293
12.4176
12.2876
12.9722
12.7023
12.1788
11.6502
12.6080
12.1384
12.6150
12.3284
12.3038
12.4145
11.9855
11.5633
12.3399
12.5739
11.9522
12.6792
12.0506
12.2514
12.1876
12.4249
11.3951
10.9170
11.8186
12.6684
12.3200
11.8683
12.3284
12.8985
12.8611
12.0385
12.1244
12.3790
11.9815
12.1479
12.6517
12.3251
11.4918
11.8564
11.9261
12.7379
12.7772
12.4679
13.0560
12.6543
12.3928
13.1777
12.9284
11.8918
12.2319
12.3090
13.0116
12.4840
11.5116
12.0595
12.4573
11.9222
11.7031
12.2097
12.5377
12.0979
13.8339
12.3087
12.7366
13.2610
12.3992
12.1890
11.7624
12.0203
11.5114
12.3745
12.5495
11.4408
11.8571
12.0584
12.5928
12.9344
12.4174
12.6895
13.1510
13.2488
12.5813
12.6568
13.0746
12.0918
11.9271
12.2962
12.7742
12.0323
12.9891
11.4888
12.2457
12.0370
12.2441
12.8138
12.0660
12.3565
11.8423
12.2156
11.5440
12.0376
11.5489
11.6771
11.6015
11.6593
11.8970
11.5761
11.5219
12.0082
11.8332
11.7103
11.2528
11.4788
11.4439
10.7905
10.8887
10.7058
11.0773
11.6334
12.4102
12.6532
12.5616
12.4567
13.0322
11.7913
11.9477
11.7921
12.3470
12.4906
12.2355
11.5877
12.1452
12.1962
12.1795
12.2663
12.4480
12.5194
12.2562
12.9649
12.6098
11.9637
12.2480
11.7240
11.9544
11.8860
12.2402
12.5374
13.2851
13.2261
13.3312
13.5827
13.3052
12.1794
12.0800
12.5917
12.8481
12.3235
12.5048
12.8278
12.4719
12.2964
13.5916
13.2729
12.9270
13.0814
12.9738
13.3711
13.6575
13.5194
12.9692
12.6876
12.9114
11.6632
12.7703
12.3910
12.2287
12.7951
12.6653
12.4643
13.2482
12.3705
13.4619
12.5157
12.1308
12.5535
12.5308
12.8388
12.2113
12.8270
12.4799
12.4849
12.3326
12.4019
12.8146
12.2345
11.9850
12.8287
12.6164
12.2345
12.0567
12.5145
12.5388
12.2336
12.5517
12.8915
12.7701
12.3073
12.3463
12.1105
12.1877
11.6320
11.8083
11.7699
12.3832
11.9018
12.3950
12.1475
11.8864
12.3201
12.7153
12.9863
12.7797
12.2134
12.3380
12.3911
12.6697
11.7774
12.5657
12.6179
12.7195
12.2040
11.9742
11.8940
12.0082
12.5882
12.1491
12.0984
12.2220
11.9186
11.3739
11.9468
11.8583
12.1024
11.4018
11.1825
11.6367
11.4547
11.8498
11.9825
11.8940
11.9004
11.9158
11.8632
12.2778
12.0522
12.3763
11.8516
11.9057
12.1999
11.8864
12.4166
12.3467
12.8904
11.6355
12.2478
12.0535
11.3853
11.5320
11.6371
12.3695
11.9377
12.0266
13.3243
12.1723
12.0934
13.4252
12.6511
11.8548
11.5991
12.3143
11.9222
11.7466
12.6613
12.6253
12.1596
12.7326
12.9588
12.0113
12.2308
11.9074
12.7691
12.5797
11.9296
12.1174
13.1783
12.8995
12.5459
12.6411
12.3336
12.0293
11.9912
12.5699
12.4896
12.3294
12.2039
12.4782
13.1724
12.3734
11.3937
11.9721
11.4864
12.3536
12.9321
12.1974
13.3509
12.0491
11.5468
11.8000
12.1366
11.7853
11.8339
11.4496
12.2539
12.9204
13.2242
12.6205
12.5917
12.8074
12.6344
13.1729
12.9420
12.7330
13.0991
13.0729
13.0027
11.8290
12.4231
13.2117
13.8654
12.9229
13.5301
13.7568
14.0153
14.4319
13.7656
13.5598
13.2677
14.0402
13.6580
14.0947
13.6702
14.4046
13.3404
13.4225
12.9829
12.8019
13.6973
12.7596
12.6600
12.8313
12.4952
13.3865
13.2282
14.0962
12.9478
13.5981
13.7322
12.8752
12.8288
13.2986
13.0422
12.9257
12.0394
13.0328
12.7041
12.3422
12.8826
12.8009
12.2325
12.5230
13.0014
12.5018
12.6887
13.4331
12.5708
13.1253
12.4765
13.0041
13.4235
13.4934
13.1304
12.6921
12.9192
12.9320
13.2159
13.4905
13.6430
13.8540
13.3056
13.7796
12.6227
12.8183
12.5838
12.0676
13.3802
12.7005
12.4145
11.2571
12.2410
12.3701
13.0095
11.9100
12.8445
12.5169
12.7458
12.9793
12.9735
12.6604
13.0303
12.3997
12.9077
12.6589
12.5763
12.3034
12.5243
12.7485
12.1644
12.5730
11.9189
12.0718
12.1860
11.8174
12.4269
11.2976
11.0610
11.4374
11.3410
11.4582
11.6256
11.6486
10.8124
10.8618
11.0448
11.5959
11.8350
11.7983
11.0089
11.3382
11.5757
11.8307
11.2403
11.1267
11.1945
11.7946
11.6451
11.7034
10.9833
11.2531
11.9512
12.2411
11.9018
11.3088
11.6584
11.1437
11.1956
10.9695
11.2750
11.4036
11.1143
11.3504
11.3920
12.0984
11.5002
11.3046
11.6518
11.5876
11.7476
11.6125
10.8868
11.3047
11.7644
11.6647
11.7052
11.7852
11.2177
11.9784
11.2652
11.3159
11.9510
11.6381
11.1977
11.5508
11.3078
11.2627
11.1211
10.7688
10.8402
11.0857
12.0763
11.8927
11.2983
12.3032
12.1388
11.4190
11.7032
11.2552
11.2467
10.8796
10.4791
10.6880
10.6913
11.0379
10.8479
10.7073
10.4325
10.8606
10.0721
10.5619
10.5210
10.7757
10.8269
10.4283
10.6834
10.8600
10.6939
10.9615
11.0128
10.7072
10.9224
11.1614
10.5554
10.8470
11.4740
11.3263
11.3592
11.1776
11.6511
10.9080
11.0602
11.1504
10.9080
11.7936
11.5746
11.2604
11.4205
10.6541
11.2152
11.3175
10.7457
11.3026
10.7019
10.6842
10.5002
10.4559
10.3085
10.4557
10.4451
11.2120
11.5810
11.4878
12.1003
10.7531
10.6286
11.2497
11.5867
11.1106
11.4865
12.6047
12.6184
12.4307
11.7073
12.1958
12.7928
12.0148
12.7607
13.5070
13.2774
13.5306
13.3443
12.5532
12.3427
12.7705
13.3106
13.3487
13.0753
13.0428
12.9298
12.6851
12.8662
13.0974
13.0243
13.3071
13.1749
13.1611
12.8658
13.0361
12.6795
13.3536
12.7610
12.5084
12.8932
13.1201
12.9448
13.0008
13.3659
13.3455
13.1436
13.2252
12.9351
13.2873
13.4160
13.9665
13.3325
13.3383
13.8219
12.7525
13.6130
13.0189
13.2651
13.8210
13.7915
13.4209
13.3831
13.1250
13.6563
13.1442
14.1132
13.1529
13.1991
13.4549
13.7111
13.0762
12.3273
12.5915
13.2756
12.6715
12.5316
12.4708
12.6942
12.4585
12.7899
12.8624
12.8662
12.4555
12.8625
13.1690
13.2641
13.1780
13.0715
12.7242
12.2501
12.5819
12.7992
12.4445
13.7188
14.0682
13.7597
13.0602
13.2861
13.1892
12.9460
13.5635
13.2237
12.5533
12.7847
12.4393
13.0656
14.2612
13.8117
13.4299
13.0537
12.4922
13.1782
13.9545
13.6018
13.6901
13.4282
13.6985
13.3919
13.0176
12.8841
13.4256
13.3157
13.5743
14.0768
14.0319
13.4328
14.2199
13.8996
13.5286
13.3318
12.7608
13.2026
13.6739
13.0687
12.9805
13.0669
13.2612
12.9830
13.2726
13.3892
12.5712
13.4840
13.1476
12.4576
13.0471
13.2375
13.7548
13.0179
12.9113
12.8710
12.6816
12.9995
12.4443
12.3790
12.9247
13.1780
12.5086
12.9615
13.5133
12.3673
12.7782
12.8679
12.7934
13.0611
13.4790
13.2923
13.1955
13.1612
12.9766
12.3912
12.5569
12.6003
12.6994
12.8865
12.5253
12.9590
13.0308
13.0142
13.3233
13.3646
12.3667
13.0181
13.3215
13.0609
12.5171
12.8853
12.7986
13.0017
12.8174
13.3619
12.9061
12.8443
12.4056
11.9408
12.7827
12.3294
12.9554
12.6671
12.8938
12.9719
13.5715
13.1591
13.0750
12.8154
12.8514
13.3102
12.7370
12.5312
12.2820
13.3815
12.9596
13.1256
12.5113
12.9729
12.7733
13.1039
12.3870
12.7103
13.1713
13.1467
13.3026
13.1218
13.4457
12.7588
12.8594
14.1357
14.0404
13.6548
13.6115
13.2653
12.9925
13.0742
12.9725
13.0709
13.2498
12.9986
13.0057
13.5440
13.6164
13.6363
13.8107
13.3046
13.6921
13.5670
14.1673
13.4894
13.7683
14.0064
14.3863
14.4307
13.9050
13.9671
14.2749
13.9251
14.2820
14.2820
14.3002
13.8436
13.9506
13.5027
14.1555
13.7630
13.1296
12.9812
13.5018
12.8984
12.9207
13.6358
12.9487
12.6639
12.6867
13.1911
13.4082
13.2333
12.9868
12.6333
12.9763
12.7834
12.5584
12.6965
13.0428
12.6765
12.3896
12.9217
12.8335
12.9931
12.9380
12.6506
12.8775
11.9332
13.5106
13.3924
13.4743
12.8205
13.5309
13.5126
13.1083
13.2657
13.3590
13.6612
14.0249
13.5271
13.1606
13.1711
14.1136
13.5211
13.4792
13.4408
13.6774
12.8833
12.7977
13.0875
12.9169
12.8638
13.3195
13.6818
13.3823
12.9474
13.1902
13.1193
13.1340
13.3780
13.1248
13.2437
13.0013
12.9037
12.9591
13.9492
13.2442
13.7819
13.4448
14.4604
13.1867
13.9865
13.9226
13.1716
13.0964
13.8316
13.9113
13.2623
13.0250
14.4066
12.8917
13.2151
13.4942
12.6381
12.9367
12.4954
13.3561
12.6682
12.4056
13.2718
13.2972
13.8794
12.9899
12.8094
13.1456
13.1947
13.4459
13.0984
13.0096
13.0044
12.7935
12.5095
14.1274
13.0385
14.0082
13.3793
13.2686
13.0731
12.8656
12.4287
12.4748
13.0576
12.1621
12.8990
13.2369
12.8803
12.8100
13.1097
14.2067
12.9385
13.0718
13.0556
13.0639
12.9049
13.8616
13.1117
13.1293
13.4729
13.1372
13.3271
13.4623
13.5478
13.8951
12.9044
13.4290
13.4307
13.2412
13.3403
13.2071
13.2794
12.7261
12.5418
12.2235
12.9467
12.8061
12.5870
12.7818
13.8159
13.0491
13.6127
13.2628
13.2630
13.5932
13.2501
13.4626
13.5594
13.4296
13.5591
14.2366
13.1286
13.5528
13.2816
13.4965
13.0632
13.5151
13.5790
13.6210
13.1733
13.1569
13.2356
13.5152
13.4352
13.6050
13.8402
13.4752
13.4552
13.1288
13.4126
13.0664
13.6214
12.7059
13.0000
13.0579
13.3466
12.9127
13.6221
13.7045
13.1826
13.0297
13.2813
12.9058
13.2168
12.9261
13.1284
12.8568
12.6220
12.9271
12.3144
12.4525
12.4423
12.2176
12.4194
12.9466
12.7514
12.4365
12.8896
13.5413
13.2089
13.4463
13.1915
12.4231
13.3568
13.4328
12.4018
12.5536
13.1301
12.6824
12.9902
12.8363
13.1785
12.8880
13.1160
13.0791
12.9408
12.9720
13.3493
13.6036
13.3177
12.7899
13.3732
13.5031
13.4893
13.3357
13.6258
12.8529
13.4861
13.2348
13.6415
13.4807
13.1413
12.7888
13.1287
12.6436
13.4164
14.5498
13.6599
13.4525
13.2369
13.5310
13.0771
12.9264
13.4165
13.3150
13.6253
14.3114
13.7169
13.1915
12.8649
13.2688
13.1422
13.1614
12.4869
12.5899
12.9904
12.8281
12.7855
12.6959
12.9510
13.0718
13.4655
13.0428
12.8539
13.3081
13.1138
13.4807
13.0580
12.9110
13.2350
13.3397
12.4997
12.9225
13.8049
13.0918
13.8712
13.1056
12.8824
13.5665
14.1181
13.5850
13.0451
13.7497
13.4625
13.9128
13.9595
13.9543
14.0783
13.5717
13.9739
13.9840
13.7270
13.6435
13.8937
13.6981
14.0077
13.6304
13.1827
13.7733
13.6209
13.6869
13.5312
13.3725
12.9855
12.8512
12.6138
12.9710
13.0417
13.5406
13.3234
13.0087
12.7399
13.3714
12.9026
13.1790
13.2216
12.7498
13.1221
12.2696
12.7427
12.6304
12.2830
12.7055
12.3675
13.0648
12.9982
12.1320
12.1584
12.8943
12.6314
12.4798
12.9006
13.0680
12.5895
12.6726
12.0601
12.8347
12.7484
12.7306
13.1051
13.2728
13.1208
13.2253
13.1059
13.2056
13.3755
13.3886
13.2525
14.0361
13.6400
13.2452
13.4577
13.4625
12.8460
13.3976
13.6263
13.8576
13.7617
13.3499
13.2289
13.6591
13.4236
13.0753
13.2179
13.7256
13.4482
13.1901
13.8688
13.2059
14.1572
13.5601
14.0213
12.9636
12.9451
13.1974
12.7710
12.9413
12.8104
13.2854
12.9619
13.2587
13.2442
13.0489
12.5793
13.1833
12.7859
12.8450
13.2502
13.4619
13.1162
13.3317
13.4837
12.8077
13.0491
13.1786
12.9470
13.0234
12.6697
13.0220
13.4930
12.9620
13.3754
13.2718
13.0712
13.3672
13.2310
13.1469
13.3539
13.0142
13.5299
13.6918
12.6420
13.2950
13.5806
13.7088
13.0050
12.6598
13.0710
13.0170
13.0073
12.9311
13.5519
13.6830
13.3064
13.3396
13.4453
13.4207
13.4343
13.5812
13.4583
13.8675
13.6145
13.4788
13.1385
13.1127
13.0944
13.5473
13.3514
12.8294
13.1005
13.3926
13.1473
13.8092
13.2512
13.9027
13.8276
13.4231
13.4381
13.7341
14.2633
13.2949
13.6790
13.9994
13.4811
13.7917
13.4629
13.4074
13.1320
13.0530
13.3044
13.4664
13.0650
13.3473
13.5520
13.4653
13.5238
13.2891
13.6520
13.7748
13.6952
13.7447
13.4170
13.9018
13.5016
13.0932
13.6583
13.2350
13.2673
13.8449
13.9317
13.5420
13.6945
13.3180
13.7317
13.8859
13.4645
13.1391
12.7766
12.7552
12.8771
13.6888
13.2355
14.1407
13.8696
13.4014
12.8922
13.3253
13.2571
13.3934
13.2577
13.2313
13.8610
13.5092
13.6568
14.1354
13.4094
13.1000
12.9267
12.6690
12.4012
12.4106
11.9545
12.7028
12.4369
13.2392
13.2232
13.1008
12.7956
12.3093
12.6553
12.4526
12.7496
12.8931
13.4105
13.7126
13.4828
13.2487
13.3883
13.3383
13.4998
12.7841
12.9786
12.8523
13.2163
13.4321
13.3817
13.8614
13.7523
13.0766
13.3193
13.2117
13.2816
13.2623
13.2479
13.4557
13.2426
13.2513
13.2243
13.1604
13.2665
13.7337
12.9660
13.2319
13.4314
13.7175
13.0146
13.5168
14.1651
13.5574
13.3875
13.5251
13.2074
12.9858
13.0506
12.9033
13.3836
13.6895
13.3150
13.2712
13.1843
12.9833
13.2159
12.9695
12.9324
12.9873
13.0554
12.7106
12.9880
12.9816
12.8552
12.5616
12.9764
12.3153
12.8104
13.1781
13.6155
13.4698
13.3731
12.6173
12.8789
12.6686
12.8397
13.4055
13.5361
13.1184
12.4204
12.6319
13.0294
13.1639
13.1419
12.3185
12.4756
12.4022
13.4209
13.3088
13.0885
13.0560
13.5541
13.6241
13.4727
12.9974
13.6347
13.5230
13.6388
13.8041
14.4113
14.0759
13.5631
13.5760
13.6376
13.8523
13.9969
13.2975
13.6180
12.9262
13.3461
13.6391
13.2849
13.4958
13.2846
13.2410
13.0120
12.8702
13.3140
12.9565
12.7772
13.6848
13.8711
12.4005
12.5525
12.6829
13.1866
13.6397
13.5061
13.2437
13.3732
13.2743
13.9451
13.6836
13.4054
13.9192
13.7932
13.7990
13.8636
13.7758
12.7934
12.7259
12.9837
12.7858
13.0123
13.0016
12.8240
13.1741
12.8690
12.0023
12.3013
12.1438
12.8857
13.1494
13.4098
13.2243
13.5139
12.7498
12.6785
13.0905
13.5542
12.8170
12.4816
12.4559
12.4476
12.5487
12.3036
12.6267
12.8550
12.7671
13.0534
12.7069
13.0886
13.2124
12.9469
12.6685
12.5979
12.9393
13.1926
11.9723
12.8443
12.7353
13.4258
13.0026
12.9965
13.3807
13.3365
13.5463
12.9949
13.3927
13.4491
13.0071
13.4152
13.5623
13.2859
12.9670
13.2591
13.2946
13.0710
13.1310
13.3335
13.5846
13.7358
14.0905
13.7796
13.4291
14.0793
13.6382
13.9642
14.1900
14.0686
14.2751
14.1773
14.2892
14.3309
13.9092
13.9495
14.0882
13.9876
13.9857
13.7561
12.9095
13.4815
13.4316
14.0882
13.5354
13.9390
14.1004
13.6202
14.3746
14.4146
14.1619
14.3152
14.0128
14.0473
14.3944
13.9971
15.0481
14.0028
13.3945
13.3137
13.7620
13.1648
13.5338
13.9655
14.3789
13.6007
14.2306
14.3240
13.9299
13.8770
14.0748
13.9037
14.3282
14.7990
14.4985
14.2639
13.5134
12.8754
13.4957
13.7477
14.1146
13.9425
13.8676
13.0425
13.0731
12.9200
13.4345
13.3952
13.6840
13.4544
13.4288
13.0527
13.3180
13.5060
13.4544
13.0701
13.2792
13.2216
13.3019
12.8405
12.9467
13.0955
13.2037
13.1298
13.4009
12.9349
13.1696
13.6176
13.5185
13.6308
13.6517
13.5197
13.2461
13.1505
13.0784
13.4082
13.5039
13.7234
14.0702
13.1521
13.3955
13.6740
13.3290
13.2928
13.3886
13.4938
13.5360
13.2749
13.1283
13.4983
13.0258
13.6236
12.8951
12.8402
12.2869
12.8792
12.6527
12.0487
12.4199
12.6521
12.4921
12.8462
12.5037
12.8648
13.3294
13.0622
12.8656
12.9247
12.4365
12.5416
12.5242
12.1991
13.2245
13.3679
13.2049
12.3376
13.0402
12.9063
13.3215
12.7932
12.5458
12.9607
13.1292
12.7190
12.5936
12.5249
12.4112
12.4676
11.8790
12.5162
12.5746
12.4122
12.8967
13.3175
12.9740
12.4031
12.4368
12.4570
12.2351
12.1253
12.1735
12.6843
12.4257
12.1730
12.1128
12.8177
13.2259
12.7827
12.8974
12.7651
12.3096
11.8432
11.7857
11.8390
12.0536
11.8335
11.6819
12.2387
12.7349
12.3173
12.8091
12.4339
12.6170
12.2290
12.2414
12.2659
11.9270
11.8046
11.7339
11.4687
11.3396
12.1528
11.9876
11.9688
12.6742
12.0158
12.0293
11.6893
11.3738
11.9320
11.3981
11.5679
11.2531
11.2525
11.3549
11.1253
10.6073
10.4955
10.6962
10.6126
11.0614
10.5843
10.5131
9.8150
9.9421
10.3274
11.0043
9.9564
9.8346
9.8577
11.0557
10.5268
11.0194
10.6297
11.7822
11.3732
12.3378
11.2781
11.9615
12.4697
11.6445
11.0196
10.6305
10.5868
10.7085
10.0335
10.7513
10.2067
10.5870
10.7527
10.3999
10.6497
10.5505
10.6727
10.7884
11.2106
10.6407
11.5590
12.5884
12.0723
11.9680
10.4778
9.7585
9.8716
10.3793
10.4512
10.7015
10.4416
10.1980
9.9822
10.9478
10.6304
10.8732
10.6430
10.3781
10.3023
9.1507
9.4612
9.5649
9.6721
9.9177
9.9547
10.3195
10.3428
10.1140
9.9475
9.4294
9.7824
10.2389
9.6649
9.7829
10.2869
9.4699
9.9265
10.0951
9.9651
10.6816
12.6174
13.3551
12.5076
12.3531
12.4902
11.6789
11.2806
10.6109
11.5800
11.4216
11.9265
13.0154
12.9991
12.4410
12.4339
10.9247
11.7914
11.7585
11.4322
11.0879
12.0440
11.5441
12.6670
12.4107
11.7522
11.2752
10.9166
11.0162
11.6633
11.8054
11.8285
11.6501
12.2256
11.9366
11.6825
11.9771
12.1709
12.3252
12.5155
12.8372
12.6105
12.8202
12.5621
12.5695
12.7432
12.6178
12.3393
12.1152
12.0427
11.9615
12.0102
12.1575
12.2724
11.7715
11.9065
12.0410
12.1909
12.0362
11.8532
12.0045
12.1385
11.9689
12.1068
12.4220
11.8916
12.2658
12.0330
12.3008
12.2105
12.0641
12.1711
11.9806
12.4823
11.9469
12.4118
12.8845
12.3838
11.7461
12.1108
12.2252
12.3660
12.2921
12.7313
12.7435
12.8499
12.2248
12.2400
12.2079
12.1367
12.3860
12.7780
12.2317
12.2025
11.9562
12.5997
12.6532
12.6121
12.8819
13.0249
12.6966
12.2817
12.6533
12.4561
12.4850
13.0353
12.5112
13.0215
12.9879
12.5776
12.2700
12.8646
12.6258
12.4036
12.1146
12.1703
12.4929
12.6266
12.4764
12.1631
12.1468
12.4020
12.4365
12.3206
12.2643
12.7608
12.4231
12.6349
12.4686
12.4829
12.6983
13.0352
12.5856
12.6719
12.8130
12.5288
12.9719
13.2317
12.7983
13.3637
13.1856
13.1122
13.0834
13.2063
12.5052
13.0264
13.3037
13.1300
12.5592
12.1185
11.8031
12.0007
12.3747
12.5803
12.5023
12.8741
13.0465
12.7663
12.9869
12.9251
13.1512
12.4089
12.2560
11.9756
12.6029
12.6321
12.7860
12.4412
12.4139
12.8258
12.8740
12.4951
12.6124
12.4923
12.5198
12.4330
12.7155
12.6021
12.8208
13.3979
13.5346
14.4571
14.3604
15.1804
15.3904
14.6967
15.3347
14.7191
15.0301
14.3025
13.1295
13.1339
12.5408
12.8558
12.6115
13.0927
13.2163
12.9583
12.8706
12.4020
12.7705
12.6031
12.7919
12.8075
12.9729
13.7186
13.8974
14.3092
13.4093
13.8478
12.4184
12.8863
12.7154
12.5969
13.0101
13.0971
13.6062
12.9810
13.1895
12.6166
12.4738
12.6983
13.4396
13.2122
12.6096
12.1066
11.6842
12.3769
13.1732
13.2664
12.2527
12.2750
12.4697
11.8609
11.3561
11.3569
12.2464
12.0257
12.8045
12.9430
12.1668
12.2005
12.2577
11.6859
12.2675
12.0072
12.0338
12.2445
12.2812
12.0312
11.7748
12.2273
12.1907
12.2073
12.3798
12.3923
11.6707
11.7145
12.2205
12.6667
12.1543
11.7550
12.3715
13.1357
12.1697
11.9400
12.5318
11.7474
11.4705
12.2619
12.5281
12.2723
12.0249
11.9767
11.8888
12.2789
12.3415
12.6156
14.0301
13.6200
13.8628
12.6997
12.3834
12.1628
12.4603
12.7820
12.9621
12.3465
12.1079
13.2123
13.4550
13.3021
12.6518
12.6975
13.6339
14.7092
14.1949
13.7815
13.5201
13.3729
12.2932
12.5585
12.4625
13.1388
13.0314
12.8479
13.7473
13.9390
12.6260
11.3481
11.8898
11.7586
12.2694
12.1222
12.1207
11.8340
11.7425
12.4868
12.2948
12.8140
12.3324
11.7555
11.2595
12.0491
12.2614
12.4891
12.5229
12.4580
12.1593
12.2183
12.0644
11.9376
11.4348
11.2587
11.2013
12.3234
11.6763
12.2917
12.0931
12.4887
12.2490
12.8871
12.0547
12.3212
12.1927
11.9653
11.6433
10.7233
11.2610
10.9499
10.9058
11.4111
11.2380
12.2127
12.5168
11.5895
12.0646
11.6927
11.4450
11.2418
11.1020
10.7282
10.5851
10.8371
11.0317
11.8929
11.5832
11.0928
12.4045
11.9755
10.9135
10.5637
10.8100
9.6088
10.1261
10.8817
10.8781
10.6991
10.3100
10.3313
10.2895
10.2623
10.8990
10.6710
10.4490
10.4499
10.6303
10.1688
9.8715
10.2815
10.5506
10.9898
10.4225
10.6121
10.0757
10.5345
10.2664
10.6111
10.8621
10.7728
11.0734
10.5230
10.8153
11.1483
10.4362
10.1206
10.3236
10.8655
10.1514
10.2024
10.5051
10.4051
10.3845
10.4845
9.7890
9.8747
10.1603
9.9485
9.8618
10.3420
10.2879
10.1973
9.9771
10.4836
10.4725
9.9686
10.0585
10.0356
10.0755
9.9337
9.6940
9.7157
10.0104
10.2275
10.2156
9.9348
10.3700
9.9981
10.0448
10.0692
9.7371
9.9462
9.9096
9.6608
9.9704
9.9106
9.8018
10.3562
10.1103
10.1402
10.0207
10.2000
10.0955
10.1567
10.8209
10.9385
10.8920
11.1724
10.6983
10.6960
10.9735
10.5323
10.2644
9.9501
9.9414
9.9534
9.6530
9.3979
9.8599
9.7633
9.9518
10.1703
9.4702
9.5030
9.2644
9.5506
9.9497
10.2670
10.3651
10.3723
10.0996
9.7953
9.8209
9.7733
10.4548
10.4040
10.7133
10.3833
10.2746
10.6356
10.6515
10.1741
10.0219
10.0901
9.9859
10.1761
9.9938
9.6677
10.3651
10.0524
10.5577
10.2382
10.3679
10.5148
10.6627
10.4905
10.3515
10.0595
10.3761
9.8438
9.8526
10.3236
10.3334
9.5203
9.4972
9.8188
9.9240
10.2590
11.1905
10.7181
9.8321
10.3522
10.1459
10.1280
10.4426
10.2374
9.7072
9.8837
10.0668
10.5120
10.3044
10.0422
9.8630
10.6212
10.2327
10.2200
10.0724
10.2990
10.2245
10.2444
10.2889
10.1233
10.8440
10.2014
10.0701
10.3247
9.9608
10.0951
10.0056
10.1316
9.9187
10.3326
10.1227
10.2520
10.3442
10.8276
10.5818
10.7654
10.2866
10.3452
10.5824
10.2901
10.1447
10.1673
10.2360
10.1470
10.3594
10.0931
10.6246
10.7366
10.1059
10.5678
9.9584
9.7476
10.0435
10.3867
9.7643
9.8641
10.1579
10.4359
10.0350
9.8138
10.4347
10.2653
10.0366
9.9432
10.7859
10.7517
10.2018
10.0940
10.3911
9.8448
9.9949
9.6817
9.5915
9.8212
9.8360
10.1638
10.1824
9.8127
10.2638
10.0770
9.7797
9.8958
10.6563
10.6630
11.4725
10.9097
10.7979
11.2621
11.4764
10.9929
10.6150
10.6302
11.0743
10.9357
11.9434
11.1622
10.9669
11.0791
11.2937
11.6065
10.8011
10.0960
10.3101
10.6023
9.8435
10.5849
10.6446
10.8442
10.4927
11.0824
10.4367
9.9321
10.6573
10.3301
10.3713
10.1344
11.0356
10.9492
11.2160
11.0101
10.8070
10.3336
10.1181
10.6030
10.5570
11.5665
11.6616
11.6472
11.4708
11.3803
11.2421
12.1223
12.1183
11.9523
12.6332
12.9137
11.3367
11.3007
11.9139
11.7137
11.7003
10.8980
10.8116
11.0128
11.0370
10.0199
10.4422
10.3927
10.8246
11.0418
10.8768
11.2822
10.8878
11.0815
11.6691
11.1668
12.3952
12.2329
11.4004
12.5914
11.7102
11.5035
11.8014
11.2141
11.4865
12.4666
11.7546
12.9957
13.3139
11.7018
12.4018
12.4170
12.6519
12.7706
13.1131
13.7074
13.9975
13.1206
13.6394
14.1332
13.6672
13.8331
13.2200
14.2356
12.7095
12.4640
12.3313
12.5839
12.8906
12.3982
12.9568
12.7077
13.7746
14.4184
14.2193
14.4491
13.1249
14.2748
13.7450
13.5838
13.7955
13.6073
13.4325
13.2319
13.4300
13.3584
12.6168
13.1898
13.4977
13.2519
13.3704
13.0149
13.3677
14.3744
13.7324
14.4288
14.0950
14.5854
15.1214
14.5598
14.8215
14.8353
14.1219
14.5492
14.5978
14.7471
14.0613
15.0651
14.0290
14.1084
14.2807
14.4865
14.6309
14.0482
13.6730
13.2740
13.6340
13.6008
13.3376
13.1413
13.4114
13.7159
13.5550
13.5908
13.8951
13.4105
13.3292
13.0073
14.1544
14.0415
13.4301
13.0914
13.0336
13.8325
14.3972
13.7838
13.3813
12.8949
13.4795
13.3923
13.2365
12.8875
12.8859
12.7837
13.4023
13.5539
13.9454
13.7034
12.7261
13.1693
12.7344
12.4366
13.2192
13.0203
14.1007
13.7970
14.3859
13.9027
13.3114
11.8616
11.6756
12.0898
11.2433
11.6621
11.6473
12.2253
11.6403
11.5114
11.9825
12.5401
12.0656
12.1124
12.0457
12.4708
13.0339
13.4070
13.0567
13.8292
13.4364
13.1431
13.1863
13.1261
13.0878
13.4383
13.9730
14.1768
14.1693
13.8979
14.4131
14.3299
13.4477
13.5984
13.5894
12.8823
12.8521
13.2305
13.4871
13.3647
13.5376
14.0557
13.7776
13.5542
13.6415
13.4863
13.0988
12.4816
12.6183
12.2500
12.9899
13.6057
14.1046
14.1803
13.4408
13.6094
13.2900
12.7720
13.2845
13.5402
13.7497
13.0008
12.0357
12.7086
12.8482
12.8478
13.1696
12.4812
12.4476
12.2435
12.0787
12.0095
12.6558
12.5079
12.4024
13.3041
14.0359
13.1905
13.3619
13.1652
12.9364
13.2483
13.5907
13.6112
12.5253
12.2910
12.5389
12.9224
12.7180
12.6273
13.5163
13.6872
13.7309
13.5395
13.0547
12.9468
12.0059
12.2465
11.8338
12.0032
12.4343
12.5501
12.5697
12.7421
13.7009
12.2374
12.4081
13.1288
13.6742
13.3029
13.5042
12.5670
12.6183
13.2220
13.0169
13.2027
13.6644
13.9422
13.7013
13.8916
13.6146
14.6068
13.5193
13.3672
14.3377
14.1453
14.6654
13.9759
13.3390
13.1624
12.6644
12.7850
12.1756
11.6276
12.2400
12.5528
12.3543
12.2620
11.5403
11.9003
11.6507
11.9882
11.6635
11.7382
11.6191
12.3166
12.1231
12.5407
12.6283
12.2560
12.1864
12.4096
12.5404
11.8162
11.3174
11.5953
12.2246
12.1390
12.5027
12.7519
11.9872
12.1880
12.0047
12.0478
12.4610
12.1432
11.8098
12.3053
12.1561
12.1634
12.3564
12.5072
12.3977
13.2068
13.0572
11.8842
11.4990
11.7653
11.1162
10.9288
11.5496
11.5640
11.7211
12.0815
11.8048
11.2960
11.7128
12.0189
11.8402
11.9119
11.8800
10.9860
11.2104
11.5249
11.8695
11.3898
11.2813
11.4899
11.3920
11.3584
11.2961
11.1811
11.6071
11.3885
11.2261
10.9936
10.7475
11.3072
11.2036
10.9411
10.8887
10.8107
10.9905
10.7935
10.6324
10.9611
10.6146
10.8211
10.5605
11.1456
10.5536
11.1082
11.2068
10.6359
11.5073
11.4021
11.6990
12.2726
11.5058
12.4062
11.8293
11.3529
11.2401
11.1854
11.8917
11.6712
11.2548
11.3767
11.2207
10.7525
11.7234
11.5414
11.1041
10.2792
10.5999
10.9518
11.3513
12.1444
12.9053
12.5039
13.3866
13.9437
13.2251
12.4844
14.5241
14.2415
14.4102
13.9900
13.5059
12.6404
11.5897
11.9873
11.6433
11.4603
12.1171
11.8131
12.3188
12.3531
12.2908
11.5036
11.9421
12.2900
11.2442
12.5957
11.7732
11.4492
12.5022
12.9199
12.8198
13.5517
12.6126
11.7105
11.9233
11.1777
11.3761
11.0165
11.9800
12.1208
12.1290
12.1811
12.1325
11.8326
12.4455
10.6042
10.2347
10.6712
10.6474
10.1359
10.2749
10.1814
10.4153
10.6373
10.1126
10.6068
11.3921
10.3449
10.9825
10.2191
10.4808
10.2676
10.5202
10.3099
9.9801
9.8527
10.1194
10.3631
10.4662
10.5403
10.3165
10.8226
11.0830
10.8184
11.6000
11.1836
11.7232
11.6219
10.7360
10.8647
10.5685
11.1643
11.2013
11.4503
11.1963
10.8856
10.9159
10.4586
10.6713
11.0383
10.7676
11.6908
10.9997
11.0946
11.3410
10.8521
11.0321
10.8720
10.5940
10.9261
10.7561
10.6668
10.5540
10.3525
11.2207
11.3239
11.2296
11.1094
11.6760
10.9934
11.6459
13.4978
14.4408
13.6645
13.5958
14.8726
13.9934
12.7119
13.4423
13.5766
13.5562
13.5990
12.9922
13.5334
13.0292
12.3566
12.9334
13.0068
11.6227
11.0519
12.0860
11.4651
11.3741
11.3199
11.5944
11.0998
10.7977
10.7912
10.9700
10.8906
10.8462
11.2216
10.8350
10.7923
11.1345
11.0020
11.2116
11.5903
11.1186
10.8960
10.8295
10.5959
10.7302
11.7337
11.4212
11.6644
11.5897
11.5655
11.9093
11.3543
11.2600
11.6697
11.8021
12.5796
12.5176
13.1299
12.9471
13.3786
13.4491
13.5725
14.4112
14.3340
12.7981
13.4217
12.6916
12.2131
12.6206
12.1746
12.0571
12.3543
12.5398
12.9802
12.2321
12.2870
12.1567
11.6785
12.2926
12.2425
12.1167
12.0908
12.3789
12.9947
12.1001
11.9027
11.2231
11.9985
12.2063
11.1544
11.0734
11.8663
11.3576
11.0243
11.6829
12.0087
11.4815
11.7296
11.7041
11.0888
11.5301
11.4266
11.6566
11.2366
11.6879
11.5695
12.0111
12.0245
11.7135
12.5362
11.9346
12.3211
12.7453
12.3232
12.2019
12.3961
11.8921
11.3600
11.6883
11.7888
11.9938
11.9387
12.4783
12.3468
12.7283
12.0863
12.0183
12.2608
12.5631
12.4097
12.1091
12.4270
12.2275
11.7830
11.9378
12.9321
12.1017
12.8015
12.1433
12.1809
12.4009
12.4002
12.0280
12.3332
11.9666
11.9988
11.6831
11.8488
11.6294
11.3712
11.2496
11.3840
11.4290
11.4098
12.0746
12.7499
12.4903
11.9295
11.6545
11.2594
11.3854
11.3509
11.8900
11.4915
11.7888
12.1072
11.6015
13.1729
12.5543
11.4650
11.3994
11.7641
11.7263
12.9406
12.2531
12.3207
12.1001
11.4033
12.0502
12.2049
11.3221
11.5185
11.4237
11.7612
13.1514
14.9106
14.7121
14.5659
15.1174
14.8670
14.9256
14.8852
14.8284
15.2256
14.8475
15.7148
15.4212
15.0451
15.3569
15.2804
15.6618
16.7140
17.0484
16.4920
15.6757
15.2945
15.0936
15.7820
16.1263
15.1518
15.5468
15.0368
15.3548
15.5455
15.0196
14.8538
15.7500
14.4331
15.1765
14.6422
14.4368
15.0511
14.8169
14.8608
15.2780
14.9789
15.4975
15.3705
15.5125
15.3587
14.8611
15.4953
15.2475
15.2139
15.7998
15.9692
15.6842
14.4564
15.0890
14.8836
14.6055
14.4442
14.5405
15.1298
16.0080
15.4769
14.9874
15.1856
15.3163
14.7679
14.1523
13.9228
14.3635
14.2676
14.7401
14.2872
14.9799
14.7348
14.9166
15.0346
15.0557
15.0903
15.2635
15.1348
15.3103
14.9991
15.2105
14.4428
14.9902
15.1371
15.0072
14.7265
14.9351
14.3636
14.8969
14.8292
14.7090
14.6336
14.8075
14.4623
14.6919
14.1250
14.3062
14.1607
14.4745
14.4906
14.5681
14.3530
14.2985
14.1222
15.0124
14.3751
14.3819
14.4123
14.7510
15.4606
15.1727
15.4886
14.8708
14.9389
14.8599
15.2638
15.2685
14.7651
14.9297
15.6133
15.9302
15.8246
15.3784
15.4371
15.6589
15.5602
