7.7082
7.9941
8.2647
8.1330
8.2981
7.9833
8.2683
8.7480
8.9147
9.0383
7.8652
8.9152
8.9157
7.9409
8.5575
8.8426
9.3083
8.5943
8.8773
8.2249
9.0767
8.7183
8.7114
9.4297
8.8979
8.6657
8.5180
8.5268
8.4727
8.9559
9.1212
9.1377
9.4201
9.3381
8.1872
8.5652
9.0334
7.9386
8.8256
9.1585
8.6345
8.3752
8.8533
9.1708
8.6060
8.8065
10.0109
9.6411
8.6231
8.9461
9.3731
9.9932
9.0653
9.7110
9.1208
8.7437
9.3342
9.0600
9.1753
9.2177
9.3277
9.4273
9.6537
9.9773
10.0983
9.3082
9.9676
9.8522
9.8673
9.7966
9.3407
9.8215
9.1155
8.1699
9.2800
9.4686
9.2635
9.1370
8.8016
9.7018
9.6120
9.4903
8.9456
9.5042
9.1440
9.6965
10.2353
10.6200
10.3532
10.2254
11.2119
10.4254
10.2888
10.4647
10.2695
10.2023
9.7535
10.3048
9.3522
9.8256
9.1420
9.6449
9.1765
9.3441
9.7476
9.8106
9.4311
9.8628
10.6219
10.1617
9.8280
9.8900
9.6930
9.6994
9.4124
9.6025
9.5754
9.7532
10.3203
10.1447
10.6899
10.3176
9.9423
9.8275
10.0837
10.0924
9.7109
9.7101
9.4014
9.7042
8.9395
9.1505
9.4715
9.6729
9.3270
9.3547
9.6262
9.4775
9.2377
9.5402
9.3582
9.1452
9.3937
9.7100
9.4197
9.6863
9.5392
9.6189
9.2599
9.9650
10.0767
10.1078
11.0895
10.4893
10.8561
11.0350
10.5723
10.2223
10.7088
10.0567
10.0444
10.4204
9.2849
9.5669
9.0772
9.7207
9.9835
9.5564
9.4807
10.6236
9.8512
10.0162
9.6853
9.8926
9.8478
9.3660
10.2395
10.3083
10.1724
9.8800
10.3085
10.1189
9.5375
9.9293
9.4352
10.1413
9.0002
9.3383
9.6493
9.5516
9.0316
9.6423
9.6734
9.2300
9.8794
9.4720
9.7386
10.4178
10.9073
10.1709
9.5093
10.1042
9.9947
9.8588
9.9371
9.6906
10.1721
9.8811
10.1788
10.4422
10.0572
10.5901
9.2736
9.6933
9.4851
10.1132
9.7636
9.6465
9.7457
8.9062
9.3769
9.2995
9.4635
9.5519
9.4727
9.2557
9.3099
9.6972
9.8722
9.4822
9.0132
9.2912
9.5454
9.6337
9.8656
9.0500
9.4855
8.9841
9.4053
9.4396
9.5301
9.2432
9.4942
9.4798
9.7131
10.0556
10.0888
10.0614
9.5734
9.6979
9.0084
9.5554
9.6936
9.7076
9.3283
9.4199
9.8525
9.6876
10.7166
10.6864
12.0778
11.2394
11.3924
11.0123
10.8406
11.2464
10.9457
10.5148
9.5036
10.3646
10.2071
10.0380
9.5355
10.2926
10.4262
9.9643
9.5154
9.7862
8.6303
8.7411
8.7503
8.6367
10.1839
9.7703
9.1071
9.2644
9.6416
9.8428
10.1578
10.6757
10.8335
10.1696
9.1890
8.9035
9.4982
9.3180
9.1415
8.7460
9.0074
9.2843
8.9670
8.9825
9.0827
8.2870
8.8712
9.1245
9.4918
9.9821
9.9889
9.2946
9.9760
9.6236
10.0740
10.0349
9.9950
10.3907
10.2855
9.8462
9.5811
9.8759
9.1154
10.2934
9.6588
9.9864
9.7259
9.9711
8.9215
9.4764
8.9886
9.6580
8.9500
8.9101
9.3529
10.1671
9.8649
9.7417
8.9650
9.7272
10.1380
10.0522
9.7296
9.6544
10.0023
9.5825
10.1802
9.6304
10.6966
10.3162
9.9955
10.2698
10.3453
9.7790
10.1642
9.8785
9.7710
10.0862
10.0575
10.1865
10.0064
10.4774
9.6707
9.8789
9.8593
10.3625
9.9936
9.9547
9.4904
9.0560
10.3056
9.6230
9.9818
10.3654
9.9396
10.0144
10.1978
10.2033
9.7166
9.6262
10.1144
9.7606
9.7644
10.6410
10.7496
10.1538
10.2366
10.4417
10.0065
9.6000
9.6174
9.5722
9.6695
9.4452
9.2163
8.7309
8.6205
8.9525
8.9467
9.0279
9.1561
9.6604
9.1916
9.4926
9.1226
9.8241
9.3537
9.6993
9.7051
9.4203
9.5022
9.2589
9.6439
9.5192
10.2375
9.9603
9.9213
9.9070
9.6376
10.5131
9.5755
10.7119
9.5722
10.0721
9.3004
10.2105
10.2572
10.6625
9.8564
9.8337
9.4873
9.5305
8.6755
9.0791
8.8782
8.8283
9.3663
9.5877
9.5856
9.6653
9.3206
9.5320
9.3944
9.4379
8.9000
9.4992
9.2955
9.4653
8.7187
9.2638
9.1048
9.0194
8.6926
8.6475
8.6260
8.8401
9.0510
8.9837
8.8898
8.6115
8.8090
8.9720
9.0726
9.1524
9.6228
9.1651
9.2021
9.3285
9.6821
9.6101
9.8473
9.4071
9.6901
9.6125
9.0260
9.3857
10.3595
9.5922
9.2809
9.8573
9.5133
9.4252
9.6077
9.6344
9.5381
9.1556
9.5731
9.1363
9.2904
8.7557
9.3204
9.1346
9.1502
9.5376
9.1920
9.3089
9.4510
9.6527
9.5307
8.8747
9.1181
9.9445
10.1177
10.0876
10.6903
9.6691
9.9208
9.7040
9.5690
9.7027
9.6315
9.3577
9.3787
9.1937
9.3904
9.4274
9.3122
9.3357
9.7175
9.5909
9.8062
9.3851
9.4374
9.3590
9.6294
10.0062
9.4817
9.5773
10.0216
9.8240
9.3395
9.8610
10.4066
10.5284
10.3859
10.2187
9.9378
10.1771
10.7146
10.1438
9.5654
9.8953
9.6111
9.7028
10.0864
10.2623
10.1270
10.3107
9.8090
9.9615
9.9803
9.8254
9.6945
10.1029
9.6236
9.2561
9.8521
9.6852
9.5044
9.6641
9.5001
9.7027
9.8729
9.3956
9.3316
9.4684
9.4144
10.0124
9.9296
9.7275
10.1703
9.9142
9.9050
9.8948
10.3290
9.5739
9.1894
9.7107
9.6948
10.2780
9.7058
10.1351
9.6801
9.4603
9.6656
9.7641
8.7623
9.3123
8.9954
9.4948
8.9426
9.7608
9.1087
8.8521
9.2729
9.6207
9.4187
9.2181
9.1631
9.5213
9.4034
9.1610
9.1475
8.9654
8.8852
9.5815
9.2027
9.1909
8.9712
9.1458
9.8259
9.3720
9.3989
9.8215
9.6302
9.5522
9.3253
9.7550
9.4448
9.6260
9.6578
9.3825
9.1767
9.5058
9.1256
9.2252
9.1129
9.4725
9.9508
9.5553
10.1321
9.7957
9.9346
10.0561
9.7659
9.7509
10.1616
10.2014
9.8350
9.8653
10.0680
10.4123
10.2196
10.3135
9.9235
10.4800
10.2111
9.6687
9.7863
9.8096
9.5011
9.6577
9.7942
10.1576
9.3943
9.6785
10.1317
9.9264
9.7922
10.0953
9.9102
9.9662
9.6278
9.5726
9.7004
9.9641
9.4572
10.0481
10.0896
10.1501
9.8773
10.4492
9.6536
10.1116
10.0802
9.8939
9.7760
9.5027
9.3637
9.3857
9.4311
9.7838
9.6083
9.2128
9.1490
9.5302
9.3244
9.3771
9.4316
9.5925
9.3790
9.6036
9.5295
9.5312
9.6559
9.5373
10.0534
9.6030
9.6379
9.8775
10.1711
9.3835
9.7859
9.7486
9.1705
9.6450
10.0794
9.9610
9.6286
10.1170
9.4677
9.5075
9.3528
9.3213
9.3657
9.4859
9.3622
9.9771
10.0784
10.1046
10.6437
10.0385
10.4511
10.5139
10.4418
9.7369
10.5012
10.3460
10.0193
9.6726
9.8277
9.6028
9.9033
10.1137
9.5221
9.7337
9.8182
9.7647
10.5951
10.2815
9.6955
9.7909
9.7755
9.5245
9.5014
9.4423
9.3802
9.5045
9.5803
9.4654
9.5987
9.8160
10.0334
10.0287
9.7175
9.8559
9.7619
10.4890
10.1919
9.6351
9.7378
9.8492
9.5295
9.7367
9.6603
9.5278
9.6386
9.4634
9.7974
10.0912
9.9922
10.1190
10.0936
10.0011
10.3314
9.9332
9.9478
10.0421
10.3658
9.9552
10.2350
10.0026
9.8795
9.9953
9.8502
10.0533
9.5625
9.1407
9.4645
9.7615
10.0038
10.0522
10.0310
10.0721
10.3716
9.7323
10.5023
10.4221
10.0438
10.0847
9.9417
9.7890
9.9789
10.1410
10.3122
10.1479
9.7017
9.5107
9.8091
9.7878
10.3129
9.7090
9.3553
9.5824
9.3826
9.6260
9.9448
9.6396
9.9028
9.2074
9.1745
9.9916
9.8408
9.9529
10.0194
9.7885
9.8572
9.5549
9.5274
9.6035
9.7185
9.8015
9.4425
9.6654
9.9280
9.8542
9.9813
10.0892
10.2717
9.6523
9.5698
9.3870
9.8212
9.6844
9.4913
9.4717
9.5794
9.9572
9.7575
10.0421
9.8181
9.7846
9.6928
9.7269
9.5339
9.7043
9.8381
10.1258
9.7238
9.9413
10.1648
10.1477
9.7894
9.7917
9.9774
10.1384
10.4236
10.1668
10.0694
10.0184
9.9050
10.5528
10.5528
10.1082
10.3989
10.8159
10.5659
10.5563
10.6689
10.9714
10.4706
10.2023
10.3451
10.3004
10.3036
10.2480
9.8779
10.1915
9.6871
9.7082
9.8587
10.2240
9.8381
9.7139
10.0809
10.4467
10.1995
9.8936
9.7746
9.7943
9.5202
9.5487
9.6446
9.8058
9.7127
9.5129
9.6410
9.1555
9.5297
9.3733
9.6089
9.3479
9.9223
9.3924
9.3362
9.2204
9.5070
9.7949
9.8906
10.2829
9.8011
9.8633
9.6603
9.5838
10.1486
10.3743
10.3015
10.4151
10.3140
10.6089
10.0785
10.6437
9.9791
9.9340
10.2028
10.0495
9.9533
10.1843
9.7039
10.2285
9.6422
9.8978
9.8340
9.8204
9.4976
9.7872
9.2269
9.2980
9.4692
9.7831
9.7282
9.6636
10.0497
10.1878
10.4788
10.0419
10.4205
9.8338
9.8801
9.4470
9.6242
9.5404
9.6519
9.2099
9.7476
10.0022
9.4759
9.3053
9.8462
9.2545
9.3836
9.6624
9.6805
10.2932
10.3434
9.9073
10.1065
10.6738
10.2831
10.3741
10.0260
9.6509
10.7951
10.3904
10.3440
10.1906
10.1463
10.3591
10.2084
10.2134
9.7440
10.6626
10.5838
10.6834
9.9550
9.7952
10.1080
10.3349
10.6419
10.1450
10.3122
9.8625
9.7733
9.4604
9.6478
9.8014
10.0987
9.9822
10.5420
9.7177
9.7444
9.7345
10.2822
9.9848
10.0765
10.1404
10.0627
9.7167
10.6854
10.2066
10.2590
10.3695
9.9927
10.1054
9.9441
10.3604
9.7527
10.0989
9.5843
10.3386
9.9191
10.5051
10.2591
10.8030
10.0853
10.0594
10.3104
10.3003
10.1316
10.0448
10.1930
10.2635
10.2589
10.0999
9.9949
10.0966
10.6531
10.7652
10.3418
10.4218
10.2237
10.3546
10.1702
10.1095
10.5511
10.6234
11.1585
10.5920
10.8084
10.3940
10.0344
9.9758
10.1366
9.7010
10.3134
10.3497
10.2970
10.2411
10.4312
10.3793
10.4670
10.1087
9.8276
9.9708
10.3227
9.7416
10.0633
9.7246
9.6887
9.8428
10.4047
10.6209
9.6983
10.0119
10.1935
10.3050
10.3252
10.7183
10.3026
10.3149
9.7712
10.5463
10.1344
9.8575
9.6266
10.2727
9.9885
10.2107
9.4457
10.0763
9.9464
10.1952
10.1752
9.8652
10.3405
10.1696
10.4381
10.3122
10.1029
10.0678
10.0697
10.5926
10.0662
10.1487
10.3654
10.1530
9.6364
9.7959
10.0276
10.1444
10.1176
9.7753
9.9303
10.3623
10.1131
10.2667
10.3801
10.6242
10.4530
9.9287
9.9109
10.8474
10.0630
9.9160
10.0520
10.3010
10.2422
10.1335
10.0632
10.1812
9.8415
9.8779
9.9118
10.2337
9.9361
10.1420
10.1876
9.9040
10.3589
10.5062
10.4156
10.1571
10.4970
10.3462
10.2249
9.6262
9.7800
10.2955
10.1560
10.2255
10.1358
9.8451
9.9274
11.0266
10.4353
10.3067
10.7706
10.4733
10.4113
9.9043
9.8692
10.4815
10.4737
10.4533
9.9548
10.1415
10.1442
10.5562
10.5213
10.4531
10.5306
10.8443
10.2670
10.0972
9.8314
10.3203
11.0317
11.1552
10.8170
10.8226
10.2969
11.0452
10.9296
10.8618
11.2540
11.0994
10.8786
10.7686
10.7302
10.9094
10.8091
10.7189
11.1966
10.5229
10.4470
10.3254
10.3851
10.1642
10.1278
10.5726
9.9988
10.3654
10.3118
10.3967
10.0765
10.0099
10.1569
10.0341
10.1641
10.1230
10.5221
10.7528
10.6477
10.5127
10.3010
10.2522
10.2068
10.3403
10.4673
10.4613
11.0480
10.8278
10.7667
10.9870
11.1260
10.8718
10.4599
10.8386
10.3338
10.3998
10.4908
10.8207
10.6491
10.3749
10.7231
10.8664
10.8973
10.7112
10.6186
10.6908
10.8201
10.5938
10.4962
10.8047
10.5570
11.0836
10.3230
10.7858
10.7010
10.8351
10.8456
10.8469
10.9976
11.0845
10.5485
10.9992
10.8973
10.5225
11.0166
11.1346
11.0213
11.3670
11.1988
10.7545
10.6445
10.7503
10.7678
10.7118
10.4253
10.6082
10.7143
9.9820
10.8416
10.9749
10.3542
11.0335
10.5421
10.7032
10.7461
10.8450
11.1639
10.8788
10.4391
10.6614
11.4081
10.6738
10.6290
10.0501
10.4379
10.3705
10.8817
9.8114
10.2524
10.8495
10.6114
10.1560
10.4392
10.4331
10.8366
10.2695
10.4948
10.6836
10.6809
11.1759
11.0727
10.2491
10.5165
10.9369
10.9198
10.5563
11.0802
10.3992
10.0275
10.3215
10.9385
10.6035
11.0634
11.2671
10.6755
10.7097
11.0861
10.8262
10.6762
10.6111
10.7056
11.2507
11.0325
10.4614
10.5959
10.7300
10.6368
10.0999
10.1996
10.4117
10.2603
10.7559
10.4760
10.2308
10.6145
10.5903
10.6381
11.1144
10.3645
10.4478
10.6575
10.4886
10.2611
10.5263
9.9631
9.7569
9.8745
9.8933
10.5800
10.1052
9.9779
9.9532
10.2787
9.5987
9.9338
10.2212
9.9805
10.2197
10.0884
10.0122
10.0299
10.4336
10.0756
9.9641
9.9427
10.3282
10.2960
10.1689
9.6606
9.8642
10.3319
10.5003
10.1321
10.5019
10.0372
9.7866
9.8249
9.6745
9.6856
9.8615
10.0302
9.9423
10.2004
9.8838
9.8697
9.8705
10.2622
10.1101
9.9363
9.9240
10.0284
9.8407
9.8990
9.5489
10.1258
9.9722
9.8598
10.5862
10.6605
10.5220
10.3253
9.8952
9.6761
9.9912
10.1281
10.4601
10.3290
10.1311
10.2051
10.2050
10.3361
10.5076
10.6508
10.5830
10.1947
10.5140
10.6000
10.7555
10.0368
10.2043
10.4280
10.1638
10.2454
10.7440
10.1664
10.1939
10.5917
10.2831
10.5199
10.1826
10.2706
10.5187
10.4326
10.3168
10.4711
10.6520
10.9707
10.9909
10.3790
11.1916
11.4184
10.4991
10.8366
11.3078
10.4705
10.8367
10.9730
10.5082
10.3786
10.3746
10.9297
11.5009
10.4974
10.3086
9.9655
10.1400
10.1915
9.8287
10.4463
11.0812
10.6042
10.6933
10.5608
10.3648
10.8808
10.5893
10.9001
10.6168
11.5245
10.7186
11.2995
11.3548
11.0500
11.7060
11.2601
11.4075
11.1236
10.7296
11.1439
11.1916
11.1608
10.7796
10.9799
10.5318
10.4057
11.0571
10.7625
10.3111
11.1833
10.9356
10.4120
10.9573
11.4579
10.8061
11.0386
11.3233
11.6200
11.2821
11.4513
11.8070
11.2757
10.8844
10.5975
9.8170
10.8533
10.9880
10.4182
11.2137
11.3057
11.0890
10.3388
10.6933
10.6708
10.1894
10.0669
9.7528
11.1767
10.0269
9.9286
9.8893
10.4052
10.1627
10.6084
10.1170
10.1750
9.8765
9.9624
10.1661
9.9131
9.9190
9.6754
10.2806
9.6486
9.7181
9.6286
10.1918
10.1825
11.2613
11.5905
11.9234
10.9955
11.3012
11.4069
10.8638
10.7678
9.9422
9.7529
9.9731
10.0794
10.3420
10.0628
9.9926
10.1633
10.0374
9.5893
10.1958
10.3012
10.3340
10.4041
10.4018
10.0062
9.9736
10.5963
9.6823
10.2507
9.9394
10.3816
10.0298
9.9842
9.9154
10.0688
10.0445
9.8615
9.6827
9.4942
10.3946
9.8446
9.6825
10.0243
9.8656
9.7404
9.9695
9.8980
9.7633
9.8917
10.0333
10.1417
10.2338
10.1839
9.8302
10.2552
10.2331
9.9197
9.7112
9.8432
9.9523
9.9223
9.9816
10.0579
9.9527
9.8101
10.0901
10.4848
10.2017
10.7277
10.2649
10.1305
9.9000
9.9230
9.9601
9.8424
10.5128
10.0397
10.3697
10.9311
9.7500
10.2389
10.4270
10.3063
10.6574
10.6237
9.8588
10.2794
10.3026
10.1700
10.3513
10.1438
9.7984
9.9253
10.3596
9.6894
9.9255
9.8731
9.7959
9.7222
9.8396
9.9122
9.6151
9.7801
9.7952
9.7419
9.9839
9.4614
9.7027
9.5410
9.1482
9.3235
9.3189
9.4593
9.3986
9.4981
9.9449
9.8672
9.4773
9.8450
10.3709
9.4601
9.8671
10.0292
9.6329
9.6418
10.0908
9.9722
9.7717
9.4724
9.4414
9.2947
9.4146
9.4374
9.6606
9.3020
9.2820
9.1474
9.7492
9.4358
9.5483
9.9066
9.9918
9.4854
9.7062
9.5847
9.4599
9.3919
9.6967
9.5147
9.3288
9.5983
9.4130
9.6803
9.5501
9.8125
10.2255
9.7036
9.6660
9.7632
9.8363
9.8211
9.7299
9.6534
9.6921
9.6032
9.8522
9.7593
9.4020
9.7575
9.9267
9.4668
9.7121
9.4728
9.7697
9.1924
9.6404
9.4435
9.8166
9.4711
9.4083
9.5661
9.7831
9.8486
9.9115
9.8360
9.9415
9.5151
9.5589
10.1519
9.6332
9.7720
9.7124
10.1575
10.2726
9.8826
9.9569
10.0178
9.6874
9.7292
9.9051
9.8749
9.6886
9.6789
9.7224
10.4705
10.6507
10.6163
10.4366
11.3098
11.6327
11.3930
11.7931
11.3629
10.9467
10.8650
10.2681
10.5694
10.9412
10.1039
10.4422
10.2944
10.5925
11.3375
11.8053
11.8618
11.2994
10.5018
10.6694
12.0015
11.5576
11.7437
11.4237
11.4114
11.5805
12.2967
11.7912
11.2892
11.4502
12.4189
12.3918
11.4586
10.9538
11.1187
11.1521
11.2953
10.7109
10.8213
11.1750
11.5666
11.8612
12.1327
12.6015
12.8847
12.9474
11.6296
11.9147
13.1214
11.8203
11.9157
11.1869
11.7443
11.6112
12.6614
12.2634
12.1280
11.6253
11.5860
11.6721
11.6667
11.8842
12.2394
12.4041
12.2831
11.8467
12.3765
11.4930
11.6541
12.4482
12.6214
12.5743
11.4666
12.3593
12.0946
12.1353
12.0416
12.2825
12.0235
11.6008
10.8029
10.7619
11.1623
11.4058
11.2601
11.4452
11.2764
11.7647
10.8742
10.1498
10.4543
10.5505
10.3717
11.3159
10.8419
10.8820
10.4110
10.0861
10.6853
10.4758
11.4297
11.1877
11.5815
11.1715
11.1167
11.3461
12.5296
12.6001
11.9825
11.6521
10.7713
10.5487
10.7137
10.3595
10.4584
10.4738
12.1960
11.6501
10.7485
11.3335
11.6168
12.0475
11.3722
11.5091
11.1363
10.7588
10.1527
10.2985
10.5526
11.0949
11.1032
11.1737
10.8654
11.1584
11.3682
11.9045
11.5776
11.3728
11.4390
11.2772
11.5013
11.6790
11.2486
10.9097
11.8050
11.4196
10.8125
9.9860
10.3946
10.3630
10.0042
10.0143
10.1322
10.7012
11.2088
10.8622
10.9204
10.5812
11.0698
10.7760
10.3143
10.5071
10.3419
10.8632
11.3162
10.7253
11.0238
11.6157
12.2795
13.3152
14.1671
14.6834
15.2009
13.7763
12.3295
12.6166
13.8530
14.2962
13.7620
13.1264
12.1926
11.9698
12.3314
12.3829
12.8892
12.8602
12.2158
12.7800
12.7717
12.3283
12.9326
12.9677
12.6884
13.1351
13.0785
13.4209
12.8200
11.7864
11.7455
12.5074
12.3385
11.9724
12.3332
11.9616
11.0874
11.9076
11.7932
11.5477
12.0108
12.1934
11.8987
12.7531
12.4464
11.4768
12.0222
11.5704
12.1391
12.6147
12.3138
12.1333
12.0293
11.7284
11.8621
10.7913
11.0208
11.1525
11.5186
11.0368
10.8616
11.9532
11.3671
10.8145
10.5688
10.3751
10.8160
11.5145
13.3463
12.9638
12.5415
11.6529
11.9590
11.9573
12.0405
12.5343
12.6397
12.4506
12.5943
11.9644
12.5403
12.7558
13.6067
13.2361
12.9644
11.8997
12.0546
11.2385
12.2477
11.5825
10.1755
10.1873
10.2334
10.5073
10.8171
10.7336
11.3380
10.6931
11.4194
11.6735
12.1443
11.7117
10.6744
11.1018
11.5410
12.2156
12.3811
11.4190
11.5830
11.9644
11.8367
12.3545
13.1951
12.3806
13.2883
12.7197
13.0645
12.8663
13.6659
13.6621
13.9831
13.6327
14.4364
13.7434
13.1507
13.3194
13.2728
13.2673
13.0983
12.6921
12.7931
12.0364
13.0108
12.9306
11.9044
12.9339
12.4057
12.6611
12.9062
12.9545
13.3155
13.1072
13.3649
13.2595
13.3085
12.3011
11.8236
11.0555
11.4637
11.8525
12.0861
11.9636
11.8920
11.2541
11.2606
11.8048
11.5847
12.0470
12.6658
12.5116
12.2398
12.0075
11.8425
12.4373
12.1875
12.2827
11.6362
12.3801
12.0956
12.5788
12.1095
11.3480
12.1671
11.9560
11.7790
12.7164
11.8749
11.9277
11.3602
11.7003
11.4961
11.6960
11.3061
11.3070
11.0275
10.9841
10.7755
11.0564
10.9384
11.3921
12.4263
11.8002
12.2120
11.8122
12.1960
12.9224
12.6313
12.0671
11.4202
12.1917
11.7508
11.7097
12.7423
11.9436
11.7149
11.6903
11.6762
12.1610
11.6786
10.8445
11.1518
11.8679
10.9104
11.2682
11.7869
11.4480
11.6812
11.1981
10.7679
10.8886
11.5991
11.5468
11.3488
11.1074
11.0327
11.1464
11.4460
10.9676
11.3336
11.5968
11.2208
11.3412
12.0644
11.5581
11.6938
12.2403
11.6920
11.8171
11.7510
12.2741
12.1870
11.8212
12.4606
11.5522
12.1975
12.0278
11.8079
12.2838
12.5112
12.1668
12.7054
11.8545
11.9738
12.4801
12.8013
12.1914
11.7562
11.8364
11.5050
11.0294
11.5104
12.0683
11.5463
11.1694
11.8637
11.4357
11.3749
12.1856
12.2541
12.5697
12.6265
12.8881
12.3583
12.5287
12.3862
11.6754
12.6441
12.5229
12.6790
12.3013
12.3698
12.3169
12.0684
12.4750
11.6943
12.5784
12.5346
12.6506
12.3770
12.0511
12.2626
12.6027
12.7195
12.9077
12.7947
12.8012
12.8559
12.8936
12.7879
12.9033
12.6702
12.4101
12.6822
12.7670
12.8039
13.4358
13.6500
12.3610
12.7041
12.8336
13.2595
12.7935
12.9976
12.3523
12.0539
11.4714
11.6437
12.7357
12.1151
11.5551
12.1727
13.0267
12.3114
12.7119
12.0887
12.7198
12.9416
12.3127
12.6494
13.2217
12.4729
12.2192
13.2713
12.6177
12.3451
12.8134
12.3772
12.0781
12.5468
13.0058
12.5699
13.1776
13.4481
13.1802
13.4489
13.6215
13.6690
13.5266
12.8266
12.8409
12.2588
12.0314
13.3378
13.3168
13.3066
12.7186
12.6545
13.1161
13.8408
13.0778
12.9598
12.9053
12.7275
12.6250
12.5834
12.1873
12.1614
12.4536
12.8728
12.2996
12.8907
12.3055
12.1043
12.1699
12.1696
11.5872
10.7343
11.4768
10.6016
11.7562
11.6365
11.6352
12.4131
12.2950
12.4502
12.1556
11.6060
11.6089
11.3835
11.3863
10.9971
10.5141
10.3130
11.5498
12.0121
11.8658
11.9159
12.3940
12.2583
12.2450
12.3330
12.5369
13.0429
12.8050
12.8681
12.7134
12.4247
12.7515
12.7417
12.9134
12.9388
12.7469
12.7671
12.7294
12.4932
13.0641
12.3066
12.9461
12.6712
12.6265
12.2434
13.0855
12.4622
12.4890
12.4682
12.4423
12.4005
12.4876
13.0906
12.5542
12.5131
12.4626
12.2452
12.6185
12.7442
12.1135
12.5114
12.2042
12.6978
12.1189
12.0712
11.8364
12.2306
12.5941
12.3976
12.7145
12.5508
12.6770
12.8802
12.7246
12.5570
12.2990
13.4687
13.6592
13.9672
13.8915
13.4459
13.1357
13.3618
13.9215
13.0193
12.7044
13.1782
12.9425
12.5483
13.1908
13.1053
12.7640
12.9177
12.6862
13.1665
12.9697
12.2772
12.4727
12.2890
12.0954
12.0487
12.4227
12.6835
12.6228
12.4432
12.3320
11.6993
11.6470
12.4705
12.4151
12.4541
11.8440
11.5779
12.2856
11.9711
12.1517
12.3119
12.3839
11.9000
12.0623
12.0193
11.6067
11.7530
12.2648
12.0589
12.0949
12.3161
12.5917
12.7263
12.0180
12.5095
12.0283
12.5599
12.0799
12.3231
11.7147
12.0691
12.6090
12.3254
12.1199
12.3365
12.5509
12.4791
12.5965
12.7888
12.0569
12.5071
12.9637
12.7797
12.8315
12.6318
12.3311
12.9614
12.1130
12.3866
12.6810
12.9508
12.2444
12.0428
12.5231
12.3315
12.2197
12.7077
12.4392
12.0663
12.1224
12.0368
12.1185
12.4896
12.3208
12.2657
12.8642
12.8252
12.5910
12.5153
12.1367
12.4683
12.4534
12.7608
12.5358
12.6571
12.5033
13.0747
12.4027
12.3369
12.6356
12.1528
12.2389
12.4381
12.0512
12.1491
12.3092
12.5263
12.9649
12.2523
12.6918
13.0333
12.4405
13.0068
12.8396
12.9547
11.9308
12.7847
12.4752
13.0184
12.4082
12.9677
12.5047
13.0720
12.7606
12.5645
12.6206
12.4063
12.5179
13.4987
13.3866
13.7819
12.7886
12.4194
13.0689
13.2036
12.7996
12.7169
12.0871
11.7684
12.6563
12.0016
13.1572
12.6595
12.0950
12.6316
12.6390
13.5252
12.2950
12.0111
12.1171
12.8377
12.4409
12.4620
11.9889
12.2040
11.9004
12.2022
12.2542
12.6209
12.3587
11.5332
11.7457
11.7500
11.6115
12.3874
12.1428
12.2104
12.2698
12.0589
12.1124
11.9168
12.4478
12.6332
12.2858
12.4816
12.2221
12.1668
11.8104
12.8354
11.8958
11.3117
11.8624
11.7384
12.0400
12.1159
12.6798
12.8141
12.6543
12.4864
12.6766
12.6583
12.2639
12.4325
11.5263
12.3155
12.2122
12.0876
13.0326
13.2995
12.7554
13.3827
12.5639
13.1983
12.1627
12.7200
12.4576
12.8623
12.7186
13.0907
12.5984
12.9697
12.8745
13.1656
12.9920
13.1013
13.4163
13.1565
12.9549
12.8276
12.4679
13.2183
13.2132
13.2922
12.9100
13.0633
12.4933
12.9766
12.1242
12.3198
11.8784
12.3752
12.0673
12.4430
12.3362
12.3913
12.4441
11.9351
12.4540
12.7124
12.5104
12.7061
12.6239
12.4796
12.5331
12.5748
12.7552
13.2187
12.4963
12.7973
12.5537
12.2452
12.5111
12.6736
13.7453
12.4928
12.3420
12.5188
12.4346
12.8131
12.5717
13.0578
13.6878
12.6841
12.9203
12.6874
12.8711
12.4610
12.7968
12.6965
12.3187
13.0204
12.5490
12.3613
12.4907
12.4940
12.5730
12.7665
12.8965
12.2114
12.8288
12.9002
12.8349
13.1594
13.5002
13.8226
12.8897
13.4712
13.0030
13.2882
12.8324
13.3397
13.3540
13.5241
13.3185
13.3317
13.5911
12.7316
12.7364
13.2544
13.0852
13.6986
12.9865
12.3976
11.8943
12.4389
12.2633
11.8619
11.2669
11.4640
11.8643
12.3015
11.5443
11.8132
12.0435
13.0329
12.8527
12.1909
12.5311
12.5363
12.5988
11.7188
11.9798
11.5871
11.7848
11.7049
11.7016
11.6477
12.0247
12.1479
12.0522
12.1503
12.3650
12.3021
12.0414
11.7732
12.0025
11.3816
12.1131
12.3075
12.3053
13.0120
12.7744
12.1081
12.4006
12.5968
12.3588
12.3980
12.2499
12.5551
13.0316
12.1537
12.2317
12.1337
12.4317
12.1092
12.0904
12.0049
12.2894
12.1503
12.9612
12.3903
12.5375
12.7063
12.0331
12.1009
12.1342
11.8561
12.1281
12.3186
12.3105
12.6958
12.0601
11.5196
11.5118
11.0433
11.6923
11.3838
11.6984
12.0000
11.5766
11.5600
11.5986
11.5985
11.3530
12.1132
11.7373
11.7401
11.0182
11.2269
11.9733
11.7068
12.3616
11.7459
11.9039
11.7406
12.2352
11.8103
11.8324
11.2126
11.2179
10.9616
11.1153
12.0564
12.1703
12.4065
12.1157
12.3258
12.2115
11.8250
12.0087
11.5641
12.0696
12.1454
12.1200
12.2098
12.5963
12.2705
12.2221
12.6074
12.1549
12.4192
11.8288
12.5026
12.4178
12.1226
12.1153
11.8599
12.2394
12.0355
12.3070
12.0870
12.0621
12.1486
11.3006
11.9376
12.3279
12.6063
12.4711
11.6954
11.7319
12.4261
12.4624
12.8959
12.6732
12.5388
12.6880
12.3536
12.4430
12.6341
13.0550
12.8587
12.5248
12.8391
13.2854
13.0012
12.6243
12.9622
12.7591
12.9666
12.8374
12.9748
13.2643
13.2120
13.2972
12.2581
12.4054
13.0108
13.7850
12.9311
14.2939
14.0319
12.9037
13.0032
12.8658
13.4866
13.1683
13.7843
13.3714
13.1019
13.0878
13.7116
12.7652
12.3944
12.6515
12.6620
12.7024
12.8093
12.4215
12.6251
12.3328
12.4677
12.5127
12.7519
13.2448
12.8901
13.1885
13.3017
12.6474
13.0418
13.4210
13.2731
13.4271
13.1017
13.0309
13.1177
12.8732
12.6405
12.3688
12.5164
12.4418
12.0529
12.3126
12.3651
12.6221
12.2199
12.3449
12.4032
12.4515
12.6283
12.7397
12.7025
12.5876
12.7565
12.2672
11.9427
12.1250
12.3255
11.9271
12.0050
11.9987
12.2446
11.8114
12.0220
12.0624
12.1584
11.6515
11.9678
11.3004
11.4134
12.0581
12.0830
11.5480
11.9970
12.5048
12.7529
12.9594
12.7745
11.9343
11.9506
12.2146
12.1493
12.4882
12.0430
12.5471
11.8388
12.4596
11.8785
11.9769
12.0626
12.4748
12.5122
12.3268
12.1522
11.7999
11.8325
11.6474
11.8571
12.2544
11.6495
11.3310
11.9302
12.0140
11.6707
11.8403
12.0344
11.9064
11.5250
11.2944
11.7397
11.9196
12.3506
11.5855
11.6946
12.3605
12.2253
11.3161
11.7669
11.5764
11.5009
11.6440
11.4974
11.8814
11.3927
11.8043
12.2093
12.1237
11.6392
11.7235
12.3308
12.0077
11.9456
11.4500
11.4907
12.3380
11.8339
12.0492
12.0578
11.9122
12.1255
12.6042
12.6217
12.7430
12.0138
11.8261
12.2522
12.2385
12.1955
12.6590
12.2451
12.5873
12.6495
12.6539
13.0193
12.6716
12.6218
12.8427
12.4646
12.5002
12.3557
12.2166
12.2576
12.2587
12.1889
12.5099
12.3581
12.2652
12.2613
12.7158
12.4824
12.3509
12.4669
12.6645
12.6330
12.6883
12.6295
12.8880
12.6234
12.5656
12.4250
12.3809
12.4304
12.7108
12.6395
12.3420
12.5478
12.8079
12.4931
12.7946
12.4936
12.1631
12.5819
12.2680
13.0149
12.3448
12.3136
12.6862
12.3730
12.8048
12.7452
12.6726
12.1633
12.1663
12.2105
12.5776
12.6643
12.5792
12.2465
12.4918
12.3393
12.2704
12.2813
12.2907
12.4049
12.3889
12.4375
12.2215
12.3249
12.2299
12.0006
12.5580
12.6160
12.2979
12.4317
12.9224
12.3925
11.8644
12.1721
12.0981
12.2221
12.6933
11.9719
12.1494
12.3388
12.3304
12.2021
12.2083
12.2667
12.1277
11.8600
11.7360
12.3237
12.7717
12.5315
12.8254
12.7649
12.5102
12.3561
12.6441
12.6767
13.0253
12.9118
12.7793
13.2530
12.8961
12.7678
12.9176
12.4444
11.7200
12.0086
12.6957
13.1186
12.2831
12.6332
12.4716
12.3533
12.0486
11.9728
12.4904
12.1492
12.6371
12.3531
12.0709
12.7898
12.1477
12.4002
12.2462
12.7483
13.0619
12.7405
12.5571
13.1089
12.5501
12.4109
12.5434
12.9752
12.7677
12.8727
12.8082
12.5776
12.5201
12.9818
12.6661
12.8702
12.3098
13.0800
12.8053
12.7574
12.6272
12.6221
12.4442
12.7880
12.6511
12.4486
12.7731
12.7673
12.5893
12.3574
12.3700
12.0464
12.0954
12.1455
12.2408
12.2720
12.0007
11.6791
11.8693
12.2117
11.9090
12.4943
11.7691
11.9653
12.1415
12.1575
12.2672
12.0719
11.9840
12.1790
11.9613
12.2333
12.2371
12.5105
12.0686
12.6376
12.4329
13.1887
13.2283
14.1553
13.6217
13.7255
13.5673
13.7837
13.1494
13.2987
13.5342
13.5287
13.1846
12.8052
12.8458
12.0981
12.5335
12.9551
13.4852
13.5679
13.2340
12.9780
13.5444
13.1367
12.8698
13.1744
13.5685
13.6734
13.6977
13.5319
13.5644
12.7807
13.2037
13.4630
13.6057
13.6349
13.6595
13.4440
13.4256
13.7391
13.5713
13.5337
13.4389
13.1330
13.3341
12.9954
13.3005
13.0179
13.5655
13.7407
13.5611
13.3059
13.1722
13.5112
13.5772
13.2941
13.3367
13.5969
13.5989
13.4845
13.5889
13.6888
13.3307
13.1669
13.3742
13.1993
13.0452
13.2035
13.4302
13.9285
12.9976
14.0593
13.2277
13.0209
13.4866
13.0509
12.8315
13.0436
13.4307
13.5606
14.2612
14.0911
13.6636
14.0127
13.9361
13.9366
13.4849
13.4504
13.8450
13.3732
13.6508
13.7475
13.6050
13.2188
13.1582
13.6161
13.0073
13.9650
13.5297
13.5816
13.4916
13.5050
13.6486
13.8895
13.6259
13.6509
13.1824
13.6407
13.2270
13.3949
13.1959
13.6099
13.4931
13.7165
13.1868
13.2198
13.1551
13.4906
13.6282
13.4248
13.6979
13.4793
13.6678
14.4652
13.8995
13.5407
14.3747
14.3637
14.1538
13.7227
13.5710
13.8193
13.6534
13.7645
13.9066
13.9415
14.2051
13.8772
13.0850
13.5204
13.6722
13.1247
13.5870
13.7085
13.4286
14.0344
13.8510
13.9635
13.6787
13.7657
13.7559
13.7244
14.0094
13.8346
13.3914
14.1482
13.9096
13.8029
14.2937
13.4429
13.4671
13.5448
13.6449
13.0398
13.5210
13.4289
13.4197
13.4200
12.8249
13.1023
13.2519
13.4212
13.3232
13.4480
13.0910
13.3190
12.9704
13.2491
12.9757
12.9102
13.3226
13.2047
13.6134
13.7477
13.5558
13.1551
13.5173
13.8484
14.0542
13.5135
13.8749
13.7377
14.0083
13.3101
13.4328
13.8251
13.6202
13.6755
13.2742
13.1574
13.2185
13.7689
13.2327
13.6790
12.9972
12.9694
13.0853
13.4256
13.3697
13.5036
13.2763
13.2926
13.2148
13.5256
13.1224
13.6788
13.9389
13.6399
13.6441
13.6168
13.2196
13.3232
13.4115
13.6032
13.2039
13.1775
13.5116
13.5596
13.6296
13.4193
13.3162
13.3639
13.1956
13.2002
13.1498
13.1408
13.5715
13.4266
12.9828
13.3671
13.0645
13.5592
13.0490
13.1009
13.0515
13.0029
13.1294
13.0009
12.6281
13.1093
13.1656
12.7372
13.0260
12.6912
12.4211
12.5419
12.4792
12.8367
12.6409
12.4203
12.6249
12.5026
12.9304
12.3908
12.7967
12.9838
12.5583
12.2627
12.7335
12.0784
12.4154
12.8845
12.5096
13.1075
12.6686
12.3592
12.6067
12.8200
12.7840
12.3445
12.2720
12.5195
11.6960
11.6120
12.1470
12.7093
12.1638
12.2074
12.2648
11.5792
12.0119
11.6247
12.1323
12.0452
11.8201
12.0846
11.9948
11.7723
11.7005
11.2142
11.6043
11.9761
11.5770
11.5628
11.4096
11.4212
11.4416
12.0886
11.9985
12.5297
12.3241
11.9004
12.0397
12.0215
11.9419
11.7180
11.4889
11.5908
11.4035
11.4423
11.9184
11.2821
11.6006
11.4065
11.8787
11.8042
11.5753
11.8519
12.1165
12.4444
12.1700
12.0518
12.1740
12.1240
12.8768
12.2277
12.3049
12.3187
12.6532
12.0481
12.1594
12.2078
12.5834
12.4208
12.4038
12.4188
12.0078
11.7913
11.6185
11.7198
12.1007
12.0228
12.3552
11.7736
12.0080
11.9119
12.1734
12.0372
11.8592
11.9205
11.6587
12.4340
11.7310
12.2624
12.2130
11.9052
12.1150
11.6924
11.7035
11.5355
12.2286
11.9795
11.9662
12.1501
11.8969
11.8758
11.9880
12.3986
12.1828
12.2491
11.7334
12.0757
11.6474
12.4485
12.2808
12.0042
11.5751
11.7778
11.6501
11.7057
11.7123
11.4476
11.9086
11.8576
11.6926
12.0512
11.8842
12.0156
11.7064
11.6911
11.5636
11.6910
11.5380
11.4224
11.4053
11.2412
11.3565
11.0649
11.1500
11.6936
11.2340
11.0033
11.1621
11.0075
11.2799
10.8569
11.0688
11.0034
10.7126
11.0584
11.6568
10.9293
11.0069
11.1518
11.2254
10.9041
11.0753
11.3677
11.3484
11.3113
11.5629
11.4094
11.3318
11.6477
11.4265
11.2756
11.5429
11.4574
11.4693
11.2391
11.3848
11.0258
11.4476
11.5773
11.6010
11.0679
11.2235
11.3741
11.5271
11.7055
11.5711
11.3535
11.2839
11.0882
11.0801
11.2409
11.2861
11.0558
11.2121
11.2753
11.4990
11.6836
11.8368
11.9719
11.7207
12.0164
11.9926
11.7763
11.3246
11.8313
11.9186
11.1603
11.3369
11.5940
11.7087
11.8772
11.5350
11.6676
11.2440
11.6790
10.9491
10.9987
11.4617
11.8596
11.5566
11.1752
11.5192
11.3947
11.4003
11.5798
11.4277
11.4477
11.7144
11.2295
11.6075
11.7121
11.6974
11.7859
11.3809
11.5816
11.7586
11.5078
11.5692
11.5043
11.2981
11.2344
11.3012
11.2714
11.3527
11.2356
11.2417
11.3138
11.3698
11.1844
11.6175
11.1881
10.7440
11.4288
11.2355
11.4374
11.2821
11.4122
11.4090
11.0460
10.9455
11.1349
11.5836
11.6169
11.4917
11.2505
11.4553
11.2329
11.4450
11.2468
10.9952
11.2980
11.2891
11.4180
11.2805
11.1876
11.1220
10.9946
11.5841
11.7119
11.2703
11.1966
10.9398
11.4525
11.3306
11.5568
11.8241
11.4339
11.1739
11.2080
11.3198
11.2461
11.1573
11.0837
11.1034
11.0302
11.1687
11.0654
11.0889
10.9578
11.3338
11.1208
11.3422
11.4123
10.9346
10.7593
11.1381
10.9111
10.9919
11.2747
11.4205
11.2861
11.7146
11.3715
12.3175
11.6384
11.4183
10.9754
11.6570
11.3388
11.9375
11.5546
11.3284
10.7597
11.2780
11.4818
11.8863
12.3336
12.3041
12.7929
11.9894
11.5997
11.7397
11.6202
12.2893
11.8063
12.4516
11.9371
13.4118
13.6694
13.6028
13.8616
13.4090
12.2084
11.9088
11.3385
12.0392
12.0167
12.4605
12.0033
11.4160
10.9836
11.2499
11.1053
10.9714
11.0852
11.1050
10.9812
11.5008
11.2732
11.2098
11.3672
11.7942
11.1977
11.4159
11.3073
11.3489
11.1019
10.8855
11.6649
11.2657
10.7623
10.9708
11.2074
11.0681
11.2368
11.3509
11.6563
11.6575
11.3625
10.9824
11.4151
11.3194
11.0646
11.7854
12.0469
11.7360
11.6233
11.4477
11.6328
11.8762
11.6619
12.0664
12.4240
12.5315
12.4163
12.0207
11.0452
10.8698
10.8097
11.0489
11.1841
10.7064
11.1495
11.6023
10.7196
11.3489
11.9768
11.7295
11.4527
11.0500
11.3446
11.7365
11.3950
12.3671
12.6792
12.0008
13.0334
13.2492
12.1240
12.5839
12.4674
12.6905
12.8786
12.5466
12.2057
12.1020
12.3468
12.6064
12.3858
12.2437
12.3810
12.4703
12.2106
12.5137
11.8494
12.2474
12.2747
11.5894
11.9255
12.1001
11.5056
11.7029
11.8309
11.4597
12.1120
11.8754
11.5240
11.4134
11.3676
11.2861
11.3242
11.5166
11.7499
11.4827
11.1469
11.4854
11.1611
11.0611
10.8406
10.3722
10.9694
11.2476
11.1837
11.0127
11.4516
11.1603
11.3655
11.2343
11.5192
11.4701
11.5139
11.5207
11.3882
11.8798
11.9567
11.3748
11.1843
11.1352
11.2065
11.0155
11.1957
11.1607
11.1897
11.1090
10.8102
10.8604
11.0472
10.9480
11.2261
10.8649
10.7127
10.3532
10.6606
10.7296
10.2359
10.4044
10.2811
10.2147
10.2811
10.6876
10.6241
9.6559
10.2933
10.4482
11.3226
11.0245
10.7465
11.0075
11.2401
11.1682
10.7540
10.7722
11.3873
10.6424
10.6728
10.9116
11.1209
10.9425
10.9644
11.1958
11.5313
12.5003
12.5930
13.0777
12.3033
11.9823
11.7769
11.7148
12.4405
10.5834
10.8300
10.2486
10.4281
10.3794
10.8201
10.8257
10.8479
11.1198
11.2187
11.6856
12.2170
12.2868
13.0390
13.1826
12.6737
12.8228
13.0130
12.9584
12.6505
13.4793
13.1990
12.7882
13.4106
13.7838
13.0764
13.3435
13.1241
13.0550
12.6226
12.8397
11.9648
12.5946
13.2055
12.8479
13.3178
12.2409
12.2994
13.2165
13.1850
11.7861
11.6180
11.8825
11.9234
12.3904
12.6991
12.2076
11.6440
11.7678
12.0910
11.5341
11.4296
11.8865
11.4684
12.7231
11.7301
11.8522
12.4245
11.7799
11.6954
11.9204
11.2492
11.7201
11.2511
11.3046
11.4570
11.7997
12.1848
11.7190
12.7276
12.3096
12.3338
11.8366
11.2151
11.2357
11.4462
11.1934
11.9463
11.6379
12.5197
12.6399
12.1602
12.0835
12.0411
11.7740
12.3053
13.3688
14.0341
13.9710
15.3825
15.3281
13.9346
14.0398
14.6031
14.0810
13.9744
13.9648
13.3918
13.2358
12.5119
12.9479
13.5524
13.6455
14.3396
13.6032
13.2280
12.6477
13.3393
13.2357
14.0456
13.2959
13.4119
13.3756
13.5886
14.4659
15.3490
15.4087
15.6461
15.3235
14.7875
14.8623
14.7377
15.4344
14.6857
14.9029
15.3448
15.3272
15.4740
15.0357
15.6310
15.6233
15.3084
14.3704
15.1691
14.5944
14.0707
14.4091
14.6660
15.2033
14.8486
14.9798
14.8453
14.5591
15.1094
15.2312
15.7046
15.4987
15.6124
15.2815
15.3542
15.2996
15.3729
15.2219
15.1302
15.1490
15.3643
15.3080
15.6575
15.1071
14.7541
14.9460
14.8799
14.8623
14.4577
14.2837
14.2838
13.7886
13.5287
13.9400
14.2760
14.1165
14.5713
14.4521
14.4090
13.6136
13.7226
13.7372
13.8047
14.0385
13.4858
13.1247
13.6984
14.1030
14.5383
14.0544
14.0792
14.1745
14.2863
14.2322
14.5597
14.2937
14.1448
14.7504
14.6320
14.1759
13.4728
14.0948
14.6600
13.9791
14.5342
14.4857
14.1468
14.3701
14.5340
14.1770
14.2066
14.1812
14.0104
14.1758
14.4024
13.9111
14.6517
14.6757
14.8201
14.2415
14.7891
15.1237
14.5393
14.6414
14.6547
14.6367
14.6907
14.6895
15.0331
15.2962
15.0600
14.8102
15.0790
14.6617
14.5671
14.5467
14.2588
14.3290
14.3149
14.5010
14.3823
15.0003
14.4628
14.7367
14.8367
15.2062
14.9617
15.2284
15.0811
15.0047
14.8796
15.0908
15.1152
14.7801
14.9118
15.2650
14.7990
14.7093
14.4997
14.7110
14.9097
14.9569
14.9459
15.2025
15.1330
14.8265
14.7256
14.6488
14.7083
14.8863
15.0259
15.1968
14.9577
14.8386
14.5786
14.8431
14.9230
14.9498
14.7248
14.7397
14.8897
15.1099
14.8883
14.8747
14.7213
14.7717
15.1190
15.2798
14.9986
15.5306
15.1037
15.2630
15.3706
15.0918
15.2579
15.3300
15.2764
14.7888
14.8574
15.1594
14.8841
14.6848
15.1049
15.1097
15.2075
14.8440
14.6170
14.7077
15.2499
15.3314
14.9010
15.1572
15.3472
15.3140
15.5211
15.5018
15.2661
15.5262
15.3890
15.5141
15.0990
15.3067
15.5562
15.4438
15.4325
15.4481
15.7454
15.5702
15.1471
15.4373
15.4778
15.7202
14.9146
15.0506
14.8136
14.6097
15.1823
14.7889
14.8867
15.0409
15.1599
14.5883
15.3738
15.2273
15.1131
15.3160
15.1569
15.0133
15.1300
15.0485
15.0443
14.9648
14.5784
14.2826
14.2646
14.4967
14.6583
14.8085
14.7765
14.6726
14.6774
14.7454
14.8904
14.9547
14.8260
15.2737
15.3893
15.2066
15.0719
15.6474
15.5971
15.2137
15.3193
15.3568
15.3795
15.2474
15.4252
15.4804
15.1637
15.2256
15.2273
15.3161
15.4669
15.2329
15.2809
15.7808
14.9833
15.0757
15.0447
15.3122
14.9138
15.1095
15.0424
14.6832
15.6208
15.8564
15.4436
15.6091
15.7552
15.7011
15.7473
15.6851
15.6679
15.3812
15.1571
15.2924
15.0552
15.2264
15.1823
15.1461
15.0036
15.2143
15.3016
15.3436
15.4141
15.1524
15.2206
15.0683
15.3173
15.3142
15.1973
15.2992
15.3793
15.2319
14.6773
14.4707
14.7683
15.0268
15.0550
15.1717
15.3852
15.1345
15.0807
15.0439
15.1401
14.7182
14.7293
14.6917
14.9107
15.2276
14.4791
15.0621
14.9061
15.2268
14.9825
15.4451
15.1427
15.3299
15.3779
14.7844
15.4854
14.8815
14.9115
15.1679
14.9859
14.8610
14.7836
14.5785
14.7047
15.0689
14.9342
15.2548
15.2871
15.0534
14.9523
14.7648
14.6624
14.5519
14.6234
14.5280
14.5056
14.6197
14.6889
14.3021
14.6838
14.5291
14.6586
14.6592
14.5015
14.5954
14.7367
14.4178
14.7087
14.5979
14.5410
14.6077
14.5661
15.2275
15.3997
15.1290
15.4426
15.3570
15.2835
15.2309
15.2605
15.0238
15.3151
15.2369
15.1565
15.3260
15.3834
15.3734
15.1746
15.4945
14.7530
14.8503
14.9753
15.1870
15.1701
15.1589
15.3051
15.1691
15.3740
15.0739
15.1898
15.1140
15.1246
14.9376
15.1514
14.9835
14.9560
15.0015
15.2141
15.2101
15.1501
15.0616
14.9905
15.0574
14.6362
14.9657
14.8078
14.9879
14.7601
14.7600
15.0442
14.7731
14.7095
14.7351
14.7964
15.4213
15.0684
15.4163
15.0786
15.5333
15.3823
15.3491
15.1923
14.8965
14.9193
15.0203
14.8335
14.7269
14.7071
15.0208
14.6903
15.0002
14.6069
14.8913
15.0502
15.0295
15.0779
14.7068
15.5072
15.3504
15.4027
15.4460
15.4375
15.2266
15.3964
15.1594
14.9462
14.7165
14.8749
15.1156
15.4327
15.0990
15.2535
15.1920
15.3733
15.1185
15.2351
15.1622
15.6902
15.7646
15.6557
15.0603
15.5642
15.4373
15.3288
15.8267
15.6026
15.7100
15.5263
15.3350
15.0285
15.2756
15.5502
15.4398
15.0904
15.1167
15.0569
14.7440
14.7918
15.1319
15.2537
14.8204
15.3468
15.1071
15.2009
15.3299
15.4988
15.3098
15.4270
15.4630
15.4749
15.2036
15.3425
15.2458
14.9654
15.2281
15.1994
14.8943
14.7765
14.9435
15.1310
15.1016
15.1813
15.4592
15.1429
15.1457
14.9683
15.3621
15.4542
15.2117
15.0407
15.2090
15.1150
15.1558
15.1632
14.7944
15.0023
15.0052
15.0605
14.9464
14.6449
14.6177
14.7947
14.9113
15.1721
14.8258
15.0967
14.7503
15.2170
15.2105
15.7323
15.3245
14.9700
15.0866
14.9260
14.8982
14.8051
15.2062
15.2249
14.9188
14.9951
15.8290
15.9835
15.6621
15.9679
15.9895
15.7647
15.5099
15.6653
15.4142
15.2368
15.3996
15.4171
15.7171
15.4274
15.6192
15.3893
15.4887
15.3511
15.6761
15.4565
15.7192
15.7622
15.7460
15.7898
15.5517
15.2094
16.3090
15.6099
15.1550
15.4137
15.5827
15.9692
16.1063
16.0165
15.9949
15.9725
16.1358
15.3224
15.5102
15.6202
15.4323
15.8684
15.3945
15.4447
15.9543
16.2562
16.0217
15.6440
15.6727
15.5094
15.5998
15.9340
16.0927
15.2245
15.3795
15.3900
15.5357
14.9952
15.5202
15.2551
15.5034
15.5220
15.3491
15.5962
15.3787
15.4875
15.7109
15.8613
15.6520
15.1847
15.5866
15.8144
15.7171
15.8354
16.0985
16.0186
16.0834
15.6226
15.4458
15.9472
15.8560
15.7330
16.0218
16.0155
15.7942
15.6362
15.3516
15.5706
15.4895
15.4614
15.3985
15.1613
15.3269
15.4210
15.0017
15.3211
15.9346
15.8086
15.3425
15.7099
16.0461
15.2769
15.6075
15.4831
15.8059
16.0068
15.7587
15.9247
15.0778
15.5913
15.1935
15.1027
15.3647
15.2619
15.7146
15.4238
15.5504
15.7765
15.6998
15.5339
15.4467
15.5220
15.5847
15.5184
15.9189
15.7864
16.0314
15.5057
15.8060
15.3550
15.4486
15.7330
15.7467
15.5890
14.8939
15.2964
15.7570
15.6399
15.5428
15.8113
15.7763
15.4206
16.0670
15.5154
15.7289
16.0704
15.2237
15.2691
15.6384
15.9096
15.7124
15.4228
15.5823
15.9012
15.5493
15.8001
15.9749
15.3372
15.8403
16.5137
15.8115
15.7990
16.0874
15.8101
16.2164
15.6553
16.0893
15.6720
15.7037
15.6317
16.3774
15.9082
15.9177
15.6192
16.1557
15.8484
15.5023
15.6395
15.5285
15.4307
15.5544
15.9755
16.1479
15.9678
15.9048
15.6747
15.8850
15.4793
15.5927
15.3765
15.8678
15.7437
15.8079
15.3231
16.1138
15.6737
15.5219
15.7485
15.7744
15.5806
15.4820
15.6529
15.5321
15.5385
15.6855
15.1994
15.8161
15.6863
15.6071
15.5632
15.7014
15.6949
15.0384
15.2652
15.4936
15.3120
15.7017
15.7157
15.1330
15.1585
15.7756
14.7378
14.6733
14.9307
14.6849
14.7608
14.6311
14.8834
14.3681
14.6675
14.6570
14.5945
14.5723
14.6580
14.6725
14.8244
14.5223
14.9451
14.9604
14.6955
14.9422
14.6023
14.6431
14.4453
14.8103
14.6398
14.8736
14.8173
15.1500
14.8571
14.4803
14.3884
14.8617
15.2285
15.0080
15.5048
15.6522
15.6948
15.3768
15.2970
15.0547
14.4411
14.6961
14.6222
14.7313
14.8481
14.9276
14.9646
15.2554
15.0397
14.8713
15.1894
14.9051
15.0047
15.2640
15.5531
15.5682
15.4314
15.2148
15.0341
15.2517
15.1025
15.2244
15.0838
14.9363
15.0191
14.9211
15.0111
14.7849
14.6973
14.7686
14.7614
14.9060
14.6805
14.5830
14.5164
14.6424
14.5618
14.4311
14.4699
14.2625
14.5329
14.3683
13.9631
14.1325
14.3017
14.3346
14.2597
14.2957
14.1844
14.0745
13.8969
14.0544
13.9607
14.2608
13.9443
14.3024
14.3498
14.3406
14.4292
14.6429
14.6301
14.6444
14.6126
14.1202
14.2260
14.1392
14.5574
14.4456
14.3140
14.1593
14.1124
14.7979
14.6860
14.9459
14.6522
14.6737
14.6292
14.9769
14.6532
14.7673
14.9326
14.8900
14.8282
14.6895
14.9147
14.5070
14.4921
14.6956
15.1197
14.6852
14.7271
15.1541
14.7121
14.8228
14.9819
14.8419
14.5484
14.4988
14.5359
14.6755
14.6832
14.9079
14.9883
14.9679
14.9522
14.8815
14.8781
14.4436
14.3133
14.2485
14.4292
14.8202
14.7824
15.3752
14.9292
15.0131
14.8531
14.6444
14.5543
14.6197
14.7057
14.8760
14.5705
14.7286
14.7450
14.8568
14.8904
15.0811
14.6158
15.0377
14.9259
15.2123
14.9058
15.2433
14.9770
15.4155
15.3828
14.8830
15.0132
14.9126
14.8422
14.8044
15.0100
15.0398
14.8198
14.9769
14.6765
15.2019
15.0407
15.1997
15.0930
15.5830
15.1439
15.3121
15.3159
14.9655
15.5968
15.3107
15.5550
15.5100
15.2019
14.9699
14.9305
14.7876
15.0392
14.7374
14.8881
14.9076
15.1168
15.0966
14.7890
14.6545
14.7786
14.8795
15.0823
15.2044
14.5702
14.1660
14.9022
14.9280
14.8069
14.7577
15.1690
15.0142
15.0736
15.2994
14.7156
14.8387
15.0129
15.0719
14.6881
14.9043
14.4599
15.0039
14.7198
14.7834
14.9773
15.7259
15.1698
14.9776
15.2507
15.2810
15.1979
15.1093
15.1651
15.3301
15.3692
15.2708
15.2717
15.2803
14.6036
15.0273
14.9280
14.9476
14.8185
14.9106
15.2385
15.0566
14.8682
15.1218
15.1798
15.1667
14.6299
15.0087
15.2277
14.8563
15.0051
14.7913
14.5705
15.0535
15.0499
15.0937
15.5954
15.3370
15.1532
15.6196
15.0554
14.9524
14.6996
14.7952
14.5189
15.1986
15.1783
14.6167
14.9367
14.9041
14.9171
14.7826
14.8754
15.1163
15.0351
15.1160
14.6781
14.6157
14.6151
14.4256
14.5453
14.7646
15.0296
14.9474
14.9055
14.8175
14.5860
14.8390
14.5579
14.8397
15.2970
14.9629
14.9946
15.0078
14.7008
14.8741
14.9435
14.6554
14.9066
15.0225
14.6374
14.4543
14.7934
14.5196
14.8612
14.6258
14.7996
14.4236
14.8690
14.7096
14.8019
14.8122
14.7341
14.6289
14.8475
14.9170
14.9407
14.9648
14.6732
14.9457
14.8223
14.6204
14.9402
14.7084
15.0324
14.4307
15.0830
15.1074
14.6881
14.7815
14.9288
15.0912
14.4951
14.7213
14.8767
14.8495
15.0716
14.7435
14.7712
14.9076
15.0055
15.0153
14.9079
14.9915
15.0177
15.0106
14.7473
14.9413
15.0384
15.3781
15.3289
14.9762
15.0223
15.4568
15.2157
14.9318
15.3733
15.3308
15.1762
15.1527
15.3432
15.2441
15.2328
15.1126
15.0538
15.3732
15.0920
14.8834
14.9803
15.1115
14.7560
15.3531
14.7152
14.8278
14.9443
15.1154
15.4227
15.2556
15.4820
15.2080
15.3815
14.8568
14.9272
14.5035
14.5676
14.7568
14.8755
14.9216
15.0785
14.8262
15.2974
15.4313
15.2772
14.6425
14.5436
14.1622
14.8392
14.8889
15.0177
14.6931
14.7415
14.5618
15.0707
14.8585
14.9839
15.7033
15.4615
15.5346
15.4787
15.2056
15.3568
15.4490
15.4844
15.2454
15.7030
14.9034
15.1380
14.9538
15.6350
15.1129
15.2138
15.2184
15.4312
14.9262
15.5634
15.0452
15.6162
15.2125
15.3077
15.0975
15.3234
15.3471
15.1013
15.1479
15.3740
15.0006
15.1904
14.9662
15.1906
15.2405
15.5038
15.3610
15.5190
15.2504
15.4816
15.1344
15.0435
15.0794
14.9568
15.0240
15.4826
15.2967
15.4793
15.1953
15.0948
15.0989
15.1880
15.5751
15.6075
15.2933
15.3056
15.0052
14.8597
15.1953
15.1843
15.0551
14.9263
15.1344
15.1581
15.2732
15.2765
15.1288
14.9670
15.2618
15.2695
14.8286
15.2549
15.0648
15.0210
14.6923
14.5984
14.9686
14.8830
14.5737
14.8069
14.5748
14.6969
14.7282
15.0151
14.6020
15.0103
14.7781
14.8058
14.7119
14.3908
14.7831
15.0702
14.6688
14.6374
14.7002
15.2469
15.7389
15.5481
15.4692
15.1990
14.7540
14.6454
14.9115
14.7997
14.6131
15.5367
15.4052
15.6169
15.4845
15.3887
15.4167
15.5110
15.3809
15.5287
15.5049
15.3869
15.4037
15.0556
15.2752
15.3385
14.8060
15.1189
15.2863
15.5951
15.2253
15.6521
15.4649
15.6895
15.5321
15.9734
15.5465
15.9184
15.9727
15.4473
15.8361
15.8502
15.9620
16.0813
15.9654
16.0666
16.2361
16.3090
16.1746
16.0721
16.2649
16.1690
16.2879
16.6624
16.2766
15.8597
16.4643
16.6044
16.3259
16.4410
16.3902
16.8976
16.8809
17.2405
16.6990
16.6730
16.6485
16.5307
16.8093
16.9214
16.0014
16.2835
16.6822
16.7278
16.2876
16.6396
16.7268
16.7346
16.6265
16.7502
16.7246
16.5763
16.5149
16.0822
16.6264
16.4573
16.9563
16.0920
16.0392
16.4764
16.6763
16.4564
16.3210
16.1721
16.0241
15.7633
16.4048
16.0991
16.2913
15.9541
15.8471
15.9351
15.8936
16.0720
15.8262
15.6240
15.5330
15.7247
15.8905
15.5239
15.4311
15.8303
16.3322
16.6430
16.7132
16.4250
16.6837
17.0819
16.5074
16.7366
16.4863
17.0234
16.5154
16.3779
16.3187
16.4583
16.3975
15.9556
15.8019
16.4518
16.1907
16.0808
15.6019
16.5299
16.3137
16.3836
16.2716
16.5605
16.6599
16.4103
16.6015
16.7188
16.5406
16.5169
17.0269
16.6116
16.3643
16.9458
16.8472
16.4842
16.5988
16.7223
16.6527
16.8439
16.6822
16.6352
16.6660
16.6962
16.4389
16.3044
16.4795
16.1252
16.5088
16.4043
16.4564
16.4313
16.7104
16.3740
16.2827
16.0911
16.1079
16.1485
16.0616
16.1443
16.2242
16.6354
15.9890
16.2048
16.2616
16.6078
16.3043
16.3564
16.0936
16.2197
16.3938
15.8932
16.0590
15.9119
16.0650
16.1446
16.2816
15.9456
16.1966
16.4973
16.3654
16.5256
16.3804
16.5195
16.2135
16.3640
16.3882
16.4317
16.1621
16.2126
15.8035
16.2321
16.3304
16.3580
15.9840
16.5380
16.4709
16.2722
16.2159
16.4281
16.5403
16.6366
16.3951
16.5298
16.8305
16.6472
16.1362
16.2585
16.2362
16.1438
16.2207
16.4797
16.5473
16.4239
16.1360
16.3361
16.4335
15.9762
16.5010
16.0975
16.5234
16.5214
16.3844
16.2638
16.6952
16.7779
16.8604
16.7908
16.7033
16.9890
16.6381
16.6241
17.0111
16.6132
16.5636
16.3272
16.0527
16.7485
16.3975
16.2269
16.2238
16.7018
16.4923
16.7217
16.2544
16.4643
16.7480
17.1171
16.9122
17.1380
16.8229
16.7990
16.6952
16.8221
16.7819
16.5721
16.5601
16.2728
16.7757
16.8023
16.6035
16.5541
16.8839
16.8356
17.0547
16.6040
16.7325
16.8492
17.1139
16.5287
16.3526
16.5390
16.0961
16.3569
15.9698
15.9617
16.2141
16.2345
16.1591
16.3735
16.3750
15.8922
15.7889
15.3378
15.7947
15.5795
15.7340
15.8367
15.7728
15.5979
15.6661
15.6321
15.6225
15.4292
15.2231
15.6446
15.2506
15.6108
15.5451
15.5321
15.5500
15.5796
15.8310
15.6362
16.3475
16.5112
16.2210
16.6395
16.3912
16.5563
16.2933
16.4507
16.4727
16.5098
16.2878
16.4625
16.2474
16.2956
16.1526
16.3129
16.6008
16.5683
16.1497
16.3078
16.2960
15.9997
15.9839
16.1909
16.1167
15.7182
15.7957
15.5538
15.8328
16.0654
15.8443
16.3188
16.3267
16.1041
15.8365
16.0511
15.9946
16.0667
15.8510
15.8802
15.5598
15.5037
15.6805
15.4378
15.6919
15.9481
15.9778
15.5833
15.6722
15.3303
15.5795
15.3611
15.7230
15.5534
15.2991
15.3881
15.6373
15.3377
15.5987
15.5735
15.6921
15.4025
15.2058
15.4236
15.3325
15.5795
15.5658
15.6572
15.3747
15.2123
15.3336
14.8242
15.2561
15.4278
15.2920
15.5139
15.4582
15.5276
15.5309
15.5520
15.0208
15.1664
15.7582
15.0577
15.5696
15.5296
15.5115
15.4172
15.5829
15.6754
15.4325
15.3858
15.3639
15.7198
15.3517
15.1261
15.2529
15.3609
15.4177
15.2400
15.1110
15.4054
15.6106
15.2017
15.2171
15.4534
15.4927
15.2034
15.3282
15.1354
15.1937
15.1256
15.6863
15.3645
15.6649
15.4080
15.3065
15.0521
15.4156
15.5633
15.7316
15.2899
15.5587
15.5478
15.8032
15.5508
15.5168
15.7649
15.4869
15.8172
15.7038
15.5916
15.2832
15.3572
15.3307
15.3492
15.3987
15.5109
15.6830
15.4708
15.7599
15.6055
15.5489
15.5609
15.7796
15.6407
15.2225
15.2534
15.4532
15.4938
15.4862
15.6016
15.4197
15.4384
15.5937
15.7284
15.3779
15.4612
15.6320
15.6878
15.3151
15.5499
15.3342
15.5217
15.5299
15.6311
15.6006
15.6709
15.6070
15.5948
15.8224
15.7271
15.6134
15.5239
15.3101
15.6826
15.7758
15.5513
15.4501
15.8982
16.2073
16.2474
15.7694
15.7197
15.5790
15.4013
15.6010
15.6417
15.5555
15.5563
15.5757
16.0274
15.7105
15.5567
15.5156
15.4886
15.2153
15.3996
15.3854
15.7560
15.6376
15.7756
15.6373
16.1583
16.0419
15.9390
15.9531
16.0334
15.7737
15.8029
15.7720
15.7569
15.3593
15.4841
15.6895
16.1081
15.6581
15.3237
15.2978
15.6206
15.5213
15.3300
15.2266
15.3857
15.3161
15.3444
15.2876
15.2854
15.6084
15.3132
15.5430
15.2342
15.5685
15.8026
15.5772
15.3056
15.4049
15.5223
15.8282
15.7987
15.5934
15.6138
15.5547
15.4514
15.7696
15.4193
15.5014
15.5570
15.6212
15.6173
15.7934
15.4534
15.5579
15.4222
15.9249
15.5979
15.2979
15.5166
15.6146
15.2617
15.4802
15.5010
15.2771
15.4909
15.2003
15.3689
15.1430
14.9908
15.2332
15.4937
15.2052
15.4622
15.6128
15.5843
15.3905
15.4058
15.4063
15.2396
15.3181
15.7018
15.5992
15.5148
15.5850
15.3250
15.5488
15.5937
15.2217
15.1466
15.3998
15.5823
15.3492
15.7338
15.3781
15.3687
15.1245
15.8116
15.2374
15.3678
15.3367
15.3495
15.3280
15.4184
14.9167
15.4543
15.1231
15.0613
15.2251
15.4488
15.3233
15.2771
15.1109
15.5751
15.5984
15.4118
15.4482
15.8057
15.7655
15.5469
15.7519
15.9053
15.6610
15.7386
15.5086
15.2497
15.4056
15.2281
15.4709
15.5047
15.6049
15.4244
15.1938
15.2622
15.6046
15.3874
15.4805
15.3342
15.3950
15.2737
15.3442
15.3200
15.3256
15.1394
15.3200
15.1589
15.4680
15.3567
15.6073
15.2847
15.4518
15.6444
15.4364
15.3149
15.4074
15.1750
15.1369
15.1414
15.0608
15.3134
15.3238
15.4569
15.5594
15.5976
15.6679
15.6244
15.4926
15.6980
15.2378
15.7951
15.6758
15.5690
15.2876
15.2574
15.0977
15.0705
15.0703
15.0909
15.3090
15.1110
15.3549
15.2760
15.2002
15.4391
15.6865
15.8154
15.6803
15.5075
15.4263
15.4891
15.5614
15.3638
15.7249
15.3811
15.4378
15.4466
15.3784
15.5704
15.5016
15.4934
15.7298
15.5130
15.6145
15.6383
15.5589
15.7362
15.6572
15.3814
15.7382
15.6763
15.8599
15.9091
15.8864
15.6745
15.9271
15.6110
16.2126
16.2959
15.8166
15.8394
15.7770
15.5081
15.6661
15.9004
15.7186
15.5886
15.8340
15.3887
15.3542
15.5422
15.5101
15.4736
15.5501
15.2756
15.4048
15.2556
15.5501
15.3721
15.6071
15.6721
15.4781
15.4113
15.6938
15.4088
15.4188
15.4126
15.5125
15.3723
15.5407
15.4542
15.7635
15.5982
15.4443
15.2432
15.3233
15.3779
15.3526
15.1141
15.2937
15.2751
15.5708
15.3527
15.2815
15.4211
15.3477
15.5375
16.0537
15.5676
15.3448
15.4598
15.3316
15.6233
15.4072
15.2989
15.4359
15.3756
15.8227
15.8850
16.0275
15.8281
15.6129
15.8062
15.5706
15.7727
15.4325
15.7958
15.8584
15.8777
15.4344
15.3831
15.6014
15.4771
15.3827
15.6818
15.3839
15.2061
15.3339
15.4503
15.6056
15.4344
15.5094
15.3045
15.3497
15.2276
15.7532
15.3071
15.3664
15.2051
15.1566
15.0908
15.2541
15.6467
15.6609
15.4121
15.2059
14.8731
15.1285
15.2963
15.4248
15.5240
16.1063
16.3993
16.1066
16.3300
16.2851
15.8025
16.0181
15.9076
16.1594
16.4757
16.7619
16.1852
15.8708
15.9531
16.1587
16.2895
15.8144
16.0814
16.1335
15.6244
15.1140
15.4714
15.5376
15.7001
15.5734
15.3630
15.8140
15.4621
15.8439
15.5022
15.6698
15.6609
15.6426
15.8953
15.4315
15.4586
15.6859
15.8756
15.6042
15.5332
15.5348
15.7283
15.7091
14.9546
15.3585
15.3804
15.3029
15.5325
15.3445
15.6065
15.3245
15.3600
15.3711
15.7813
15.8190
15.8232
15.4743
15.7679
15.6338
15.8694
15.9238
15.4364
15.7050
15.5326
15.6178
15.1861
15.3638
15.8528
15.5560
15.7764
15.5194
16.0626
16.1280
15.5980
16.1401
15.8236
16.4004
15.7349
16.0526
16.2487
15.9033
16.2640
16.0892
15.5718
15.8943
16.1224
15.6796
15.8177
15.7289
15.8207
15.7426
15.5288
15.7775
15.7759
15.8928
16.0861
16.1311
16.1220
15.9325
16.2949
16.2563
16.3887
16.0650
16.3335
16.2589
16.3356
16.0839
16.0486
16.1802
16.2806
15.9962
16.1418
16.0784
16.3328
15.9630
15.7033
16.3847
16.1112
16.0886
15.5686
15.6786
15.9673
16.2174
16.0978
16.2126
16.1194
16.3629
15.9753
16.1329
16.1200
16.0051
16.0161
16.0102
16.0339
15.9377
15.9832
15.9092
15.5582
15.6634
15.6585
15.4944
15.6071
15.7677
15.6582
15.7146
15.7800
15.7258
15.8987
15.9693
15.7062
16.2639
16.4025
16.5386
16.2360
16.0300
16.0064
16.1458
16.0942
16.1065
16.3072
16.5154
16.6841
16.5779
16.6916
16.5002
16.6672
16.1095
16.2315
16.3696
16.6661
16.2969
16.6203
16.6088
16.5030
16.6387
16.4763
16.2807
16.3097
16.6245
16.3922
16.3446
16.3890
16.2688
16.3096
16.5521
16.1728
16.8179
16.6357
16.2554
16.3356
16.2794
16.4908
16.7536
16.4902
16.3944
16.7482
16.0308
16.2968
16.0298
16.3062
16.3891
15.9058
16.0064
16.3174
16.2455
16.3516
16.6525
16.5176
16.2968
16.5290
16.2356
16.2862
16.4944
16.3223
16.4752
16.4749
16.4165
16.1383
16.2506
15.9898
15.7607
15.9170
16.2596
16.3660
15.8732
16.2605
16.0077
15.8491
16.1868
16.2395
15.9255
16.2217
15.8302
16.1467
15.9839
15.8957
16.0346
15.6326
15.8786
15.3570
15.8127
15.6475
15.3154
15.4381
15.1055
15.2305
15.3491
15.1584
15.3207
15.0714
15.4470
15.3631
15.1220
15.3880
15.0649
14.9191
14.9751
14.9969
14.9005
15.5470
14.9468
15.1267
15.3457
15.2134
14.9273
15.0520
15.3958
14.9040
15.6074
15.3729
15.3487
15.2915
15.3625
15.6089
15.7302
15.7330
15.6544
16.1248
15.8122
15.3746
15.8297
15.6415
15.4871
15.5087
15.3892
15.1892
15.1758
15.5317
15.7390
15.6330
15.6020
15.8972
16.0598
16.2443
15.9997
15.7018
15.8713
15.7536
15.8513
16.2493
16.1361
16.4638
16.3074
16.3506
15.9798
16.0209
16.1764
15.9425
16.0323
16.1870
15.7541
15.9570
15.9626
16.1901
15.6927
15.7589
15.7433
16.1638
15.8028
15.9484
16.0759
15.6453
15.5904
15.8223
15.9705
15.9478
16.0213
15.7347
15.9247
15.9463
15.9847
15.6229
15.7654
16.0932
16.0815
15.7360
16.0365
16.1989
16.0309
16.2508
16.3556
16.7771
16.5343
16.2979
16.5915
16.2986
16.1779
15.9743
16.1240
16.1471
16.2462
16.0091
16.1564
16.3553
16.2274
16.1025
16.2238
16.2716
16.7344
16.4315
16.6123
16.7689
16.3529
16.0344
16.1832
16.2762
16.8259
16.6954
16.9225
17.3202
17.2059
17.2081
17.2368
17.3478
16.9883
17.0923
17.2312
17.0793
17.3744
16.9501
17.1385
17.0932
17.0613
17.1476
16.9297
17.0454
16.7359
16.7986
16.2824
16.6196
17.1016
16.6541
16.8212
16.7382
17.2535
17.1183
17.1778
16.9044
16.8484
16.8774
17.0826
17.1606
17.1860
17.2895
17.1192
16.7937
17.5578
17.6457
17.1507
17.2264
17.2255
17.3098
17.4158
17.7688
17.4460
17.3344
16.8869
17.0944
17.2702
16.8859
16.3812
16.1114
16.3966
16.8151
16.6316
16.3641
17.1835
16.9059
16.8238
16.6990
17.2322
17.0891
16.2305
16.7105
16.7075
16.5556
16.9727
16.8502
17.0181
16.6916
16.5394
16.6606
16.5678
16.5957
16.7034
17.0912
16.6786
17.0598
17.3635
17.3878
17.2887
16.7963
17.0908
17.0150
17.2339
17.2017
17.1529
17.6909
17.5552
17.2395
17.4140
17.1982
17.7778
17.6554
17.4251
17.0856
17.4236
17.3260
16.9651
17.2002
16.8959
17.1369
16.9458
17.1297
16.8529
16.9551
17.0269
17.3826
17.3832
17.0324
17.7339
17.0044
17.2108
17.3589
17.2846
17.2525
17.1481
17.2022
16.6873
17.0919
17.4100
17.1402
17.5203
17.2065
16.9452
16.8632
17.0605
17.1274
16.9234
17.0208
17.3202
17.5222
17.7582
16.9267
16.6857
16.4910
16.3449
16.4804
16.7406
16.9487
17.1313
17.0958
17.1074
17.0252
17.0742
17.6177
17.5147
17.7081
17.4422
17.4476
17.7291
17.3945
17.2334
17.0625
17.1766
16.9523
16.7299
17.1425
16.7231
16.8945
16.8475
17.0236
16.8829
16.7724
16.6767
16.9059
16.6766
16.8568
16.8720
17.0378
16.6930
16.7015
17.0598
17.5700
17.5065
17.4534
17.3990
17.1888
16.9948
16.4348
16.7098
16.7043
17.1916
16.8428
16.9383
16.8829
16.8933
16.8535
16.9241
17.1944
16.5595
16.8890
17.3131
17.2293
16.9819
17.1458
16.9684
16.7733
16.7989
16.6239
16.8713
16.8017
16.2976
16.4010
16.7016
17.0733
16.6817
16.8916
16.8471
16.9189
16.6312
16.6784
16.7316
16.8267
16.6392
16.7478
16.8376
17.0215
16.7782
16.9912
17.2837
16.7578
16.7362
17.1298
17.3039
16.9585
16.9429
17.1138
17.1021
17.1174
17.1240
16.8743
16.7460
17.2138
17.0842
17.1711
16.9769
16.9309
16.7889
16.8315
17.1782
17.1087
16.6853
17.2059
16.9512
16.9836
16.8511
17.3333
17.2232
16.8700
16.8568
16.9220
16.4935
16.1053
16.5555
16.7300
16.7523
16.5813
16.7944
16.3895
17.1427
16.8949
16.7953
16.9643
16.8173
16.5133
16.8624
16.8235
17.1693
16.7892
16.7833
17.0241
17.0638
17.1396
16.8692
16.7597
17.2202
16.7356
16.7603
16.8895
17.3747
17.0171
17.1208
16.9865
16.6111
17.2563
16.7989
16.8475
16.9906
16.7649
16.9492
17.1004
17.0441
17.0015
16.8571
16.3828
16.3879
16.8374
16.2622
16.5705
16.5341
16.0596
16.3019
16.7170
16.6631
16.3233
16.3708
16.7702
16.5264
16.5549
16.8960
16.5035
16.1707
16.5028
16.3197
16.4940
16.5362
16.6040
16.4847
16.7620
16.8486
16.7773
17.1068
16.8613
16.6212
16.5854
16.4282
16.5644
16.2860
16.5080
16.5098
16.3941
16.3817
16.7630
16.8769
16.7209
16.8506
16.6447
16.6086
16.7445
16.4559
16.5362
16.4381
16.6353
16.3171
16.1941
16.6584
16.4402
16.1175
16.0691
16.3830
16.7750
16.2081
16.5915
16.6592
16.6563
16.4692
16.9240
16.7107
16.7953
16.8064
16.9054
16.7923
16.7041
16.4227
16.1658
16.2742
16.4513
16.1357
16.1348
15.9081
16.0761
16.3000
16.7046
16.4833
16.4930
16.5253
16.2020
16.2098
16.2393
15.9628
16.1836
16.0771
16.0355
16.0092
16.1351
16.1609
16.4952
16.3911
16.2075
16.1801
16.0890
16.4245
15.9413
16.0783
16.0136
15.9442
16.1795
16.0268
16.2917
16.1763
15.9173
16.4699
16.3101
16.3369
16.4017
16.2713
16.1878
16.4739
16.0045
15.9008
16.0488
16.1888
16.2454
16.3969
16.1599
16.1795
16.0219
16.0725
16.4011
16.1034
16.1004
16.1383
16.1499
16.1960
16.2375
16.2611
16.2550
15.9725
16.2661
16.3930
16.5582
16.0857
16.2589
15.9035
16.2337
15.8282
16.2231
15.8083
16.1607
16.8253
16.3801
16.6296
16.5347
16.2473
16.1726
16.2449
16.2396
16.1976
16.4778
16.6582
16.6949
16.4307
16.7047
16.6817
16.8769
16.4963
16.5850
16.4624
16.4372
16.5051
15.9066
16.4981
16.1616
16.3786
16.1009
16.4298
16.3245
16.0865
16.2472
16.0468
16.2139
16.4418
16.3592
16.4638
16.2593
16.1634
15.9523
15.9144
16.2595
16.6095
16.1836
15.7927
15.9158
15.8776
16.0302
15.9600
16.1692
16.3424
16.1481
16.3537
16.0189
16.1074
16.2525
16.4953
16.1491
16.1874
16.2831
16.2618
16.3248
16.1484
15.9597
16.1510
16.1772
16.0161
16.0645
15.8997
15.8438
15.9851
16.2742
16.2036
16.2781
16.3121
16.2655
16.0796
15.8765
16.3037
16.1267
15.7109
16.0602
16.2114
15.9809
16.4977
16.1868
16.3691
16.0303
15.9242
16.4475
16.4802
16.1762
16.4769
16.2536
16.2010
16.3507
16.2947
15.9180
16.1094
16.0813
16.2201
16.2458
16.2546
16.5137
16.6251
16.2489
16.3874
16.1104
16.0723
16.1860
16.0973
15.9068
16.0288
16.2440
16.2232
16.1692
16.0099
16.1214
15.9766
16.0387
15.8785
15.9447
16.1456
15.9059
15.8313
16.0467
16.1905
16.1865
16.1195
16.0678
15.8574
15.8447
15.9194
15.4897
15.6021
15.9436
16.1202
16.2539
16.0295
16.3375
16.2232
16.2530
16.6122
16.6572
16.4980
16.4423
16.5242
15.9718
16.0267
16.2540
16.8189
16.6371
16.4697
16.3953
16.4586
16.2094
16.0690
16.2342
16.3501
16.2932
16.4845
15.8886
16.2422
15.9812
16.0019
16.1051
16.1040
16.0964
16.2614
15.9443
16.3566
16.3766
16.8525
16.5857
16.5514
16.3773
16.2901
16.1516
16.1659
16.5634
17.0293
16.3558
16.2109
16.4249
16.2865
16.0594
16.2840
16.3135
16.2551
16.4035
16.1511
16.2390
16.0456
15.8098
15.9372
16.2288
16.3248
16.1336
15.8203
16.2611
16.1309
16.0871
15.8966
15.9842
15.8489
15.9734
16.1157
16.0693
16.2102
16.1100
15.7917
16.1275
16.1964
15.7268
16.1400
15.6298
15.8638
16.5488
16.6785
16.3011
16.2013
16.1166
16.2761
16.2034
16.3974
16.4654
16.5802
16.2819
16.2747
16.1968
16.3712
16.3516
16.2697
16.5104
16.3624
16.5612
16.4587
16.5526
16.6920
16.3242
16.3736
16.1990
16.2673
16.3554
16.4477
16.5040
16.0205
16.3384
15.9704
16.1159
15.8373
16.1971
16.2249
16.5038
16.3436
16.1316
16.3971
16.0388
16.3847
16.1130
16.2430
16.4498
16.0626
16.2730
16.4259
16.2991
16.3665
16.3396
16.3827
16.3589
16.3098
16.3051
16.2834
15.8625
16.1278
15.7732
15.9201
15.9992
15.7554
16.2023
16.3374
16.3599
16.5054
16.0463
16.1921
16.2018
16.5062
16.6177
16.2958
16.5777
16.1753
16.3357
16.3985
16.5890
15.9474
15.9851
16.2739
15.7882
16.0251
16.1491
16.3242
16.5579
16.1334
15.8302
15.7166
15.6964
16.2437
16.1269
15.9304
15.7435
15.8837
15.8037
15.6053
16.0486
16.2030
16.1501
16.2022
16.5416
16.3190
16.6676
16.1435
16.3192
16.0346
16.4351
16.5924
16.8591
16.6623
16.2372
16.7315
16.9628
16.9158
16.9655
16.5586
16.7722
16.2902
16.7030
16.3988
16.2943
16.2927
16.2968
16.3967
16.1339
16.4956
16.3569
16.5008
16.4429
16.5373
16.6527
16.5243
16.7336
16.8207
16.6727
16.8477
16.5356
16.6302
16.5913
16.7915
16.7422
16.5855
16.5657
16.5112
16.5424
16.3514
16.4287
16.2219
16.4501
16.0504
16.4244
16.8122
16.5811
16.4765
16.2744
16.1490
16.4504
16.6577
16.7631
16.5456
16.5905
16.6628
16.7271
16.6550
16.6268
16.6936
16.5491
16.8586
16.4712
16.3198
16.7125
17.0598
16.4492
16.5158
16.5534
16.8021
16.2953
16.2937
16.1349
15.7926
16.4846
16.1678
16.3775
16.1700
16.0222
16.1297
16.3352
16.2494
16.4140
16.1085
16.1068
16.0224
16.0018
16.3421
16.4560
16.4602
16.2735
16.1398
16.4621
16.0965
16.3703
16.0819
16.1438
16.1142
15.8707
15.8005
15.8007
16.0325
16.0837
16.3096
16.1234
16.1259
16.2832
16.2337
16.2222
16.1001
15.5129
16.1034
15.9250
16.2205
16.1084
16.2036
16.1698
16.1259
15.8099
16.1780
16.1313
15.9381
16.1062
16.0181
15.9227
16.1213
15.9692
15.9867
16.4886
16.2880
16.3541
16.5744
15.7885
15.5987
15.7176
15.9509
15.9718
15.8588
16.0974
16.1364
16.2740
16.2833
16.1495
16.2192
16.5918
16.3914
16.6152
16.1522
16.4491
16.5459
16.2311
16.2526
16.8966
16.4918
16.5052
16.5704
16.2581
15.8979
16.0161
15.9985
15.9234
15.9715
16.0428
15.6465
15.6769
15.5397
15.9494
15.9682
16.1409
16.0094
16.1757
15.9326
16.1042
15.8536
15.9004
15.8515
15.9182
16.2405
16.1659
16.1971
16.1398
16.2959
16.3575
16.1034
16.6725
16.1865
16.2630
16.0972
16.4015
15.8823
15.9372
15.9712
16.0096
16.3162
16.2217
16.0462
16.2164
16.3523
16.4754
16.2624
16.4371
16.0903
16.2309
16.3081
16.3108
16.3048
16.2899
15.9340
16.0505
15.9759
15.9053
15.7925
16.0897
16.0511
16.3114
15.8623
16.1625
15.9973
16.1403
16.2314
15.6492
16.1514
16.0453
15.9708
15.9480
16.1920
15.7526
16.0758
15.8229
16.0955
16.1223
15.6277
15.9874
15.8266
15.6431
15.7728
15.7926
15.8804
15.7289
16.1848
15.9604
15.6512
15.8847
15.7295
15.8474
15.9939
16.1043
16.0893
15.9980
16.1893
16.0349
16.0124
15.8026
16.0126
16.1929
16.1096
15.9028
16.0667
16.2610
16.2522
16.3191
16.2251
16.1514
16.1239
15.8431
15.8829
15.9769
16.3069
16.5030
15.9674
16.2685
15.6367
15.8940
15.8655
15.9122
15.9394
15.9739
15.9714
15.8088
16.0470
15.9692
15.8320
15.9123
15.8421
15.9758
16.0422
16.3502
16.3245
16.8359
16.4375
16.6631
16.5271
16.5385
16.2431
16.1228
15.8279
16.1141
16.0009
15.6596
15.8859
15.9515
15.9395
15.9579
15.9310
16.2144
16.0855
16.2307
16.0247
15.9399
15.8133
15.9942
16.0334
15.9434
16.0395
16.3051
15.8325
15.8698
16.1042
15.9446
16.1778
16.0204
15.6975
15.8657
16.0951
16.1529
16.1332
15.8812
16.0041
16.4846
16.7190
16.6412
16.4802
16.4304
16.7531
16.5673
16.6888
16.5089
16.5981
16.0464
16.2063
16.2971
16.4158
16.2109
16.1956
16.1568
16.3190
16.5019
16.4344
16.5801
16.1949
16.6049
16.3941
16.9486
16.4587
16.4685
16.3803
16.5580
16.6046
16.3764
16.2041
16.3351
16.3029
16.5733
16.1764
16.5207
16.4710
16.2022
16.4415
16.3982
16.2906
16.5206
16.2504
16.2226
16.1373
16.0006
16.3205
16.1440
16.2899
16.5794
16.3761
16.0100
15.8358
16.2348
16.0813
15.9680
16.1980
16.3613
16.3941
16.3270
16.4012
16.3328
16.5056
16.8189
16.5533
16.3364
16.2012
16.1910
16.1427
16.0921
16.0043
16.0577
15.9245
16.0964
16.2669
15.9589
16.2870
16.1496
16.0466
16.1855
15.9781
15.8613
15.7953
15.8387
16.2877
16.0896
16.2283
16.4812
16.3583
15.6846
16.2660
16.7216
16.4565
16.1877
16.2245
16.1084
16.2855
16.2156
15.9328
16.0183
15.8068
15.8170
15.7808
16.0780
15.7140
15.8908
16.3046
16.4188
16.4260
16.4306
15.9761
15.9197
16.1688
16.1102
16.3114
16.4053
16.2282
16.6682
16.2930
16.2196
16.2175
16.6277
16.3670
16.5478
16.1940
15.8347
15.7911
16.0062
15.7181
15.8967
16.1004
16.2383
16.3151
16.2626
16.6289
15.9184
16.2258
16.1422
16.2283
16.6770
16.2030
16.1335
16.6310
16.2412
16.5806
16.3456
15.9943
16.3026
16.3052
16.4724
16.1147
16.1142
16.2623
16.3071
17.0627
16.5313
16.4842
16.7952
16.8175
17.0373
16.5588
16.5897
16.2989
16.5600
16.7654
16.0806
16.5076
16.4642
16.2140
16.3345
16.3777
16.3431
16.2470
16.1949
16.4284
16.6695
16.5437
16.6246
16.4339
16.0305
16.5750
16.3506
17.0650
16.3205
16.2751
16.2339
16.2344
16.1593
16.6149
16.0813
16.1677
16.3957
15.9847
16.0904
16.0289
16.0807
16.8335
16.3836
15.8634
15.9310
16.2189
16.1650
16.1082
16.1805
16.3767
16.0275
16.1502
15.9363
16.2523
16.4263
16.5325
16.4086
16.2488
16.0714
16.2670
16.4834
16.5172
16.2513
16.3450
16.6237
16.4858
15.9216
16.4888
16.2049
16.3721
16.4204
16.4456
15.9145
16.2728
16.0350
15.9379
16.0698
16.0140
16.0033
16.2351
16.2031
16.2325
16.4685
16.5009
16.5996
16.5333
16.4616
16.2872
16.4121
16.0997
16.3337
16.1722
16.4008
16.4645
16.3925
16.2858
15.7614
16.0732
16.3332
16.6648
16.7450
16.6694
16.3637
16.0084
16.2313
16.2397
16.1651
16.2786
16.2963
16.3597
16.1533
16.2098
16.1489
16.1595
16.2499
16.1400
16.2074
16.3334
16.2446
16.7573
16.6600
16.5057
16.3606
16.6398
16.5005
16.4099
16.6485
16.6186
16.0010
16.3129
16.0206
16.3749
16.4376
16.3764
16.0992
16.2662
16.3268
16.2178
16.2266
16.3647
16.5235
16.2056
16.5503
16.5511
16.1706
16.2022
16.4811
16.3841
16.0230
16.0110
16.5712
16.6464
16.8521
16.3260
16.2343
16.0905
15.8842
16.3607
16.0237
15.7587
16.0928
16.6742
15.6876
16.1203
16.3704
15.8561
16.2182
16.0776
16.2856
16.5625
16.5003
16.5164
16.2242
16.6187
15.9446
16.1542
16.0473
15.9836
16.5881
16.9416
16.4402
16.2465
16.0214
15.9575
16.3197
16.6552
16.7117
16.2839
16.0813
16.2748
16.2851
16.3393
16.3666
16.3562
16.5146
16.2777
16.2149
16.5620
16.5960
16.2848
16.0318
16.2946
16.2184
16.4531
16.3202
15.9823
16.2296
16.3602
15.9190
16.3238
16.3350
16.5076
16.4084
16.4968
16.6131
16.4475
16.3249
15.8121
15.9695
16.3072
16.1552
15.9851
16.1489
16.2935
15.9524
15.8672
16.1638
16.0913
16.6725
16.5649
16.4028
16.4757
16.3927
16.0991
16.7246
16.7541
16.7847
16.7223
16.7773
16.9265
16.6361
16.5889
16.5952
16.8732
16.8742
16.4551
16.8045
16.1639
16.4074
16.4817
16.5584
16.4401
16.0996
16.0263
16.0178
16.3456
16.2510
16.3055
16.3259
16.0836
16.1500
16.6292
16.0627
16.3843
16.0959
16.2095
16.1140
16.0193
15.9658
15.9947
16.2010
15.7424
15.8791
15.6129
16.1162
15.8653
15.9837
16.2589
15.5723
15.9447
16.2673
16.1640
15.7072
15.4257
15.4156
15.4741
15.8261
15.5868
15.8649
15.7243
15.6849
15.7698
16.0288
16.1111
16.2897
16.1940
16.2836
16.1322
16.0520
16.3541
15.8759
15.9867
16.2360
16.2098
16.5487
16.0579
16.1393
16.2216
16.2311
16.3378
16.2459
16.4129
16.9595
16.7720
16.5090
16.5031
16.1550
16.1807
16.5095
16.7646
16.6706
16.1813
16.3658
16.6441
16.5787
16.8642
16.7625
16.9142
16.7966
17.0967
16.3862
16.5231
16.2432
16.8566
16.3040
16.4638
16.7323
16.8441
17.0689
17.1909
16.5780
16.2451
16.7243
16.2346
16.3561
16.5689
16.7060
16.4761
16.1664
16.1690
16.3037
16.1644
16.1558
16.2728
16.2698
16.4346
16.0821
16.2700
16.0021
16.4612
16.3663
16.3197
16.0382
15.9225
16.0927
16.0948
16.2377
16.1155
16.1893
16.1863
16.4593
16.0778
16.3885
16.3956
16.0720
15.9885
15.9922
16.1167
16.1589
16.6192
16.2822
16.2251
16.1785
16.6745
16.4539
16.3752
16.3304
16.2279
16.2691
16.0676
15.7619
15.9777
15.9549
16.1753
15.9202
15.9376
15.8140
15.6972
15.8198
16.0341
15.7545
16.0465
15.7986
16.0217
15.8540
15.9642
15.8791
15.9926
15.9316
16.3503
16.0408
15.9996
16.0409
16.3615
16.1273
16.2389
16.1149
16.1337
15.9466
15.9754
15.9906
16.1999
15.9645
16.2930
15.9588
15.8580
15.9852
16.3286
16.0278
16.2088
15.9906
15.9053
16.0828
16.0142
15.9470
16.2791
15.8351
15.8655
15.9521
15.6185
15.7603
15.7637
15.9120
16.0777
16.0098
15.8787
16.0541
15.7003
16.0987
16.2023
15.7381
16.2002
15.8135
15.6166
15.7660
15.6416
15.7030
15.6328
15.6949
15.7446
15.6964
15.7261
15.5918
15.5094
15.9486
15.7117
15.8124
15.9116
15.6037
15.9926
15.5653
15.7933
15.9862
15.7436
16.0869
16.0447
15.9633
16.0301
16.2455
16.0903
15.9753
15.7311
15.9763
16.2740
15.7342
15.8189
15.9008
15.8380
15.8358
15.9759
16.1047
16.2118
15.8466
16.2096
16.1696
15.9521
16.5443
16.7680
16.2570
16.3551
16.2182
16.3740
16.0078
16.1205
16.1241
15.9342
16.1946
16.0700
16.2987
15.9490
15.7127
15.6181
15.6543
15.3881
15.4809
15.4441
15.5833
16.2327
16.0937
15.8641
15.5800
15.8045
15.9655
16.1169
16.0875
16.0250
16.2843
16.0583
15.9712
15.7765
16.1300
16.1193
16.2131
15.8087
15.8626
16.1084
15.7786
16.0940
15.8715
15.9602
16.1501
15.9536
16.0653
15.8836
16.2078
15.7824
16.0285
15.7778
16.1645
15.9022
15.8835
15.9315
16.0172
16.1515
16.4948
16.2702
15.9869
16.1112
16.0123
16.0117
15.9172
16.2494
16.3410
15.9305
15.9817
15.9352
15.9135
16.1333
15.9021
15.7099
15.6724
15.9832
16.0054
16.0504
16.0308
15.9431
15.9323
16.0743
15.9015
16.1154
15.7853
15.7651
16.0148
16.0094
15.9080
16.1484
16.6917
16.6219
16.4809
16.2132
16.1800
15.9974
16.4096
15.9263
15.8016
15.9192
16.0105
16.1053
16.1087
16.1210
16.5678
16.4320
16.0586
16.1926
15.9054
16.1069
15.6592
15.7057
15.8901
16.0386
16.0875
15.8105
16.4281
16.3150
15.9932
16.2323
16.2491
16.3551
16.2686
16.0172
16.1921
16.2258
16.1362
16.5821
16.3266
16.1854
15.9723
16.2217
16.1692
16.5290
16.6072
16.5386
16.3663
16.1252
16.2508
16.4256
16.2913
16.3638
16.1045
15.4950
15.8786
15.7797
15.9988
15.5326
15.6066
15.9740
15.8710
16.0063
15.8021
15.7460
16.3050
15.8590
15.8054
15.8254
15.8112
16.0524
15.8751
16.1201
16.1426
15.9272
16.4328
16.2851
15.8789
15.9357
16.2092
16.3170
15.9470
16.1330
15.8970
15.7875
15.5691
15.7226
15.6867
15.5644
15.8853
15.8593
15.7712
15.9305
16.2519
16.2940
16.3557
16.2483
16.4318
16.5106
16.2639
16.1517
16.2261
15.8967
16.0395
16.0119
16.0676
16.0562
16.2882
15.9685
16.5097
15.8092
15.8397
16.2990
15.9827
16.0036
16.1134
16.2505
15.9620
16.0528
16.1144
15.9459
16.0695
15.8969
15.6680
16.0973
16.3294
15.9754
16.0129
16.4061
16.4958
16.1239
16.5457
16.6288
16.5092
16.5905
16.4923
16.4501
16.6260
16.3439
16.7471
16.6666
16.6643
16.6944
16.6982
16.9984
16.2316
16.4167
16.3562
16.3569
16.2966
16.5047
16.4053
16.5273
16.2270
16.6399
16.1946
16.4227
16.1957
15.3507
15.7999
16.1810
16.5259
17.0760
16.4981
16.6971
16.3902
16.1887
16.7823
16.4497
16.1632
15.7975
16.2524
16.1942
16.0233
16.3115
16.4146
16.1827
16.2687
16.2172
15.8801
15.9259
16.0138
16.0251
15.9894
15.8876
15.7893
16.0497
16.0920
15.7380
15.9577
15.9772
15.7008
16.1755
15.6463
15.8930
15.8974
15.6997
16.1321
15.7007
15.6621
15.7302
15.7872
15.6622
15.3313
15.2099
15.6989
16.0814
16.1111
15.9792
15.8254
16.0931
15.8649
16.1407
16.1678
16.1975
16.2658
15.9316
15.6891
16.0656
15.9041
16.0466
16.0591
15.6917
15.5495
15.6969
15.6867
15.4548
15.4667
15.5660
15.6693
15.4490
15.7306
15.6808
16.0349
15.9055
15.5713
15.5041
15.5683
15.8157
15.8095
15.7623
15.7053
15.9203
15.9768
16.1328
16.1454
16.3422
16.1803
16.1482
16.1030
16.5633
16.3379
16.1179
16.4724
16.4727
16.2481
16.3086
16.5455
15.9981
16.0085
15.9175
15.8667
15.7704
15.9224
15.7296
15.8488
16.1208
16.4085
16.2298
15.9638
16.3515
16.2428
15.9553
15.9822
16.0082
15.8965
16.0802
16.0756
16.0095
15.6967
15.9207
15.8715
16.0647
15.8498
16.1020
15.6726
15.6352
15.5245
15.4930
15.6364
15.6594
15.7102
16.0303
15.5471
15.5948
15.8225
15.7508
15.8795
15.9667
16.1769
15.9718
15.9541
15.6267
16.0474
15.9860
16.2693
16.0072
15.8719
15.8217
16.1077
16.0792
16.2153
16.2155
16.0972
16.2521
16.1372
16.1398
16.0326
15.8332
15.8284
16.1171
16.0498
15.9920
16.0111
16.2454
16.0905
16.5496
16.0117
16.4359
16.4223
16.2491
16.2785
16.3394
16.2346
16.0977
16.2371
16.2385
15.7798
15.9989
16.0268
16.1534
16.3268
15.9070
15.9224
15.9314
16.0497
16.1161
15.9350
16.2322
15.9827
15.8296
15.6570
16.1461
16.3951
16.2454
15.9654
15.9922
16.1820
16.0292
16.2470
15.9009
16.2794
16.4126
16.2336
15.8255
16.0305
16.1341
16.5007
16.3105
16.1729
16.3261
16.1080
16.1350
15.9865
15.8161
16.1061
16.0544
16.2391
15.7988
15.7973
15.9765
15.8797
16.0021
16.2504
16.1481
15.8772
15.7647
15.9173
15.9467
15.9463
15.7717
16.0136
15.7392
15.7003
15.4354
15.9218
15.9925
15.7027
15.7749
15.9823
15.7445
15.7241
15.6594
16.0134
15.9746
15.9531
15.7289
15.5709
15.6433
16.0016
16.0217
16.0504
15.9414
15.8278
15.7894
15.9500
16.1383
15.7293
15.5738
15.9088
15.6042
15.7371
15.8798
15.7064
15.7797
16.0483
16.0881
15.7825
15.8181
15.8260
15.7121
15.9004
16.0307
15.9329
15.9309
16.0646
16.2603
15.9665
15.8133
15.7680
15.7336
15.5343
15.6290
15.7452
15.9755
16.0894
16.2304
16.3221
16.0436
16.3046
16.3519
16.2083
15.6823
15.7645
15.8690
15.8132
15.9069
15.7963
15.8261
15.4186
15.5910
15.7717
15.9284
15.8859
15.9985
16.1759
15.9599
15.7049
15.4071
15.6543
16.0272
15.8710
15.8290
15.8465
16.1537
16.0260
16.0022
16.3429
16.1155
15.9880
15.9855
15.8119
15.7280
15.8023
15.9122
16.3277
16.0059
16.0257
15.7603
15.8618
15.8405
15.9742
16.1740
15.8772
15.9586
16.2988
15.7777
16.1434
16.0103
15.8833
16.2539
16.2444
16.1816
16.0366
15.9516
15.8720
15.9900
15.7754
16.1093
16.4425
16.4725
15.9496
15.9756
15.9372
16.1084
16.0448
16.1238
16.1331
16.0006
15.9717
15.9734
15.9322
15.9111
15.8612
16.0053
16.0173
16.2912
16.0543
16.1451
15.9628
16.3243
15.9552
16.1887
15.9316
15.7909
16.1716
15.9284
15.9493
15.8105
15.8762
15.7957
15.7011
15.6909
15.7848
15.6871
15.7962
16.0769
15.7719
15.9190
15.7494
15.7716
15.5736
15.8111
16.0959
16.1451
16.0628
15.8625
16.0049
16.0494
16.2561
15.8682
16.1133
16.0288
16.0713
15.8484
16.0460
16.1018
15.9197
15.8193
15.9893
15.9772
16.0010
16.0827
15.7888
16.2130
15.6360
16.0605
16.0979
15.8759
15.8267
15.8263
16.1642
16.2871
16.1253
16.0438
16.2943
15.9437
16.0174
16.1644
15.9058
15.7529
15.9593
15.9954
15.7562
15.9767
16.1497
15.9195
16.5147
16.4054
16.6392
16.1885
16.3074
16.3269
16.3677
15.7625
16.1009
16.5734
16.2208
16.5040
16.3309
16.4101
16.1005
16.1092
16.1295
15.9838
15.6962
16.0635
16.2863
16.4799
16.4737
16.7457
16.3000
15.9756
15.9939
16.0456
16.1980
16.3607
16.0788
16.3000
16.6523
16.1209
16.3519
15.9830
16.2698
16.1908
16.6476
16.0049
16.0501
16.0959
16.2224
15.9481
16.1029
16.2280
16.3045
16.6521
16.4640
16.7104
16.5432
16.2936
16.1784
16.3267
16.3812
16.2110
16.5199
16.0663
16.1143
16.0431
16.0591
16.0714
16.1488
16.2314
16.2813
16.2251
16.4134
16.1505
16.3468
16.2187
16.2073
16.3961
16.1589
16.3290
16.0582
15.9848
16.1131
16.0107
16.2717
16.1711
16.5663
16.4053
16.3864
16.8281
16.3419
16.7166
16.9229
16.7487
16.5672
16.6472
16.5134
16.6071
16.5027
16.3874
16.6875
16.5814
16.9621
16.4007
17.0911
17.2755
16.9765
17.0239
16.8626
17.0128
16.6993
16.6658
16.7102
16.9396
17.0923
16.9262
16.8209
17.2406
16.8405
16.9143
16.4156
16.8970
16.8880
16.8442
16.8704
17.1587
17.0584
16.7750
17.1018
17.0976
16.6690
16.6830
16.9246
16.9921
17.0343
16.8788
16.9731
17.1615
17.1721
17.3390
16.9447
16.7277
17.0283
17.0957
16.8245
16.9660
16.6496
16.8404
16.4983
17.1145
16.7854
16.8613
16.7729
16.8850
16.6011
16.5221
16.6130
16.4892
16.4212
16.5313
16.7142
16.5536
16.7661
16.5833
16.8738
16.4433
16.6298
16.4202
16.6425
16.7674
16.5852
16.6603
16.5218
16.5996
16.7048
16.7231
16.7796
16.4249
16.4606
16.9608
16.6629
16.6271
16.7294
16.1745
16.3483
16.4975
16.6143
16.6965
16.3158
16.5587
16.6681
16.6650
16.5604
16.4649
16.6139
16.5080
16.9830
16.9095
17.1558
17.1963
16.6275
16.6988
16.7667
16.2954
16.6936
16.8911
16.7331
16.3450
16.4994
16.5480
16.5782
16.7015
16.9924
16.8789
16.7818
16.3959
16.8377
16.5487
16.7378
16.7943
16.7831
16.9857
16.7313
16.4833
16.5337
16.5301
16.2108
16.5411
16.5565
16.7249
16.8580
16.7610
16.6004
16.4902
16.6199
16.7749
16.8799
16.9454
17.2381
16.6745
16.8613
16.8720
16.6802
16.5693
16.5197
16.3013
16.6972
16.6093
16.2990
16.1986
16.2803
16.6168
16.4964
16.5494
16.9822
16.8925
16.5325
16.2671
16.4957
16.7781
16.4699
16.7719
16.9192
16.5535
16.6359
16.9068
16.7447
16.8381
16.6494
16.8124
16.8370
16.8862
16.8915
16.9537
16.9552
17.1292
17.1139
16.8355
16.7191
16.8681
16.2167
16.3917
16.9047
16.4777
16.6884
16.6763
17.0698
16.7393
17.1052
17.2265
16.3444
16.3748
16.7546
16.6844
16.6109
16.6472
16.2697
16.2351
16.4085
16.2206
16.4869
16.3749
16.3644
16.6473
16.7899
16.0487
16.2118
16.5303
16.7343
16.4578
16.3110
16.1997
16.7702
16.2596
16.4607
16.5473
16.8844
16.8108
16.5091
16.4579
16.6103
16.5665
16.4289
16.2287
16.3344
15.9716
16.1220
16.4310
16.2915
16.6118
16.3475
16.3884
16.3393
17.0695
16.6048
16.8223
16.9612
16.7074
16.9267
17.0102
17.1142
17.3318
16.7942
16.9261
17.3343
17.1767
16.8266
16.8887
17.0300
17.3290
17.3861
17.3469
17.2592
17.3199
17.0335
17.0649
17.1858
16.9201
17.2442
17.1366
17.1150
17.1768
16.7807
16.5250
16.4727
16.5272
16.4751
17.2186
17.1971
16.6238
17.0441
17.1246
16.5815
17.0480
16.8354
17.2490
17.1010
17.0421
17.1252
17.1041
16.8519
16.9479
16.8661
16.7910
16.9026
17.0398
16.8666
17.0680
16.9363
16.8146
16.7159
16.8513
17.1759
17.0678
16.7958
17.0189
16.8374
16.5355
16.8346
16.6986
16.4375
16.5660
16.8407
17.1356
17.3130
16.8267
16.8317
16.8482
17.0350
16.5992
17.1106
17.3653
16.9689
17.0534
17.2479
17.1419
17.0679
17.2989
17.0751
17.3187
17.0776
17.1024
17.0018
16.9100
16.8749
17.1479
16.9338
16.6364
16.6489
16.6929
17.0875
16.4597
16.6625
16.8998
16.9061
16.8886
16.7133
17.1218
16.8920
17.0407
16.7897
16.6898
16.8195
16.9223
16.8000
17.1750
16.9316
17.1139
16.9891
16.6313
16.7864
16.8789
16.8593
16.7428
16.7535
16.4859
16.6236
16.5479
16.5654
16.5624
16.4733
16.8551
16.5918
16.6121
17.0054
17.2659
17.0233
16.5946
16.7013
16.6965
17.0992
17.0064
16.7153
16.7860
16.9447
17.2197
16.8272
17.0637
16.8940
17.1241
17.1403
17.1466
17.1748
17.0565
17.0746
17.1810
16.8142
17.2654
17.0361
16.6110
16.5790
16.9655
16.8454
17.1488
16.9296
16.9114
17.6199
17.1645
17.0357
17.1625
16.9724
16.8335
16.9408
16.8380
16.7831
16.9888
17.0300
17.0198
17.2903
17.1168
17.3739
16.9282
16.9400
17.2446
17.2243
17.1689
16.9768
16.9049
16.7540
16.9375
16.8590
16.8478
16.6830
16.1323
16.6767
17.0645
16.8177
16.9790
17.0096
17.2251
17.0268
16.9204
17.0945
17.0567
16.9174
17.2660
16.9348
17.1841
16.8112
16.8289
16.9498
16.9471
17.2823
16.9172
17.0591
16.7490
16.8990
17.0585
17.4139
16.9875
17.3594
17.2833
17.4421
17.1675
16.9599
17.1203
17.2388
17.1644
16.9508
16.9209
17.0519
16.7048
16.5142
16.9885
16.9901
16.8498
16.9470
16.8198
16.8685
17.1075
16.7966
16.7942
16.8335
16.8890
16.9724
16.9919
16.9801
16.8709
16.4586
16.8177
16.5506
16.6776
16.7054
17.1774
16.7513
16.5388
16.5724
16.6020
16.7645
16.6902
16.9853
16.7105
17.2357
17.1369
16.5358
16.7632
16.8651
16.6013
16.7349
16.8093
16.6780
16.7098
16.5175
16.8489
17.1108
16.7583
17.0511
16.9766
16.9402
17.1031
17.0532
16.8301
16.7978
17.1611
16.6042
16.8267
16.8618
17.0663
17.0552
17.0214
17.0546
16.7877
17.1990
17.0117
17.1469
17.1651
17.2581
17.2663
17.4848
17.1126
17.1063
17.1680
17.2271
17.1887
17.2480
17.5624
17.2606
17.0373
16.5559
16.8144
16.8308
16.7797
17.0853
16.7460
17.0897
16.6923
16.7098
16.9795
16.7408
16.8668
17.3106
16.9467
17.0930
16.8157
16.8718
16.9887
17.1679
16.9195
17.4104
16.9108
16.9248
16.7242
17.4039
17.0789
17.0843
16.8651
17.1388
16.7864
17.0017
17.3927
17.3203
17.0533
16.6541
17.0818
16.5984
16.9281
17.0963
16.9446
17.1312
17.3524
17.2955
17.2169
17.0470
17.0385
16.8764
16.5192
16.6060
16.7203
16.6906
16.9486
16.6884
16.6519
16.9145
16.7984
16.6160
17.0505
16.8828
16.8835
17.0035
16.7375
17.2036
16.8628
16.7856
16.9604
16.4418
16.5111
16.7462
16.9651
16.8362
16.9122
16.8722
16.7503
17.1265
16.9286
17.0349
17.0617
17.2044
17.0316
16.9388
16.9812
16.9461
16.9213
17.0238
16.9806
16.8307
16.7643
16.7635
16.7733
16.7932
17.1614
17.1314
17.1113
16.8970
17.0619
17.2826
17.0695
17.0071
17.1180
17.3846
16.8610
16.9940
17.2689
16.7828
16.9851
17.0767
16.8120
16.8816
16.6596
17.2856
17.1916
17.0255
17.4344
16.9839
17.1095
17.7025
17.0779
17.3102
17.3121
16.8625
17.0040
17.0784
16.9125
16.9805
17.2114
17.1857
17.0104
17.3115
17.3525
17.1847
17.1967
17.1220
17.2915
17.2229
17.2306
17.6133
17.5539
17.4565
17.5684
17.2857
16.9124
16.8801
17.0453
16.7551
17.0156
16.8152
17.3911
16.9857
17.0005
16.9415
16.8372
17.3868
17.3436
17.3086
17.0374
17.1725
16.6731
16.9288
16.6354
16.9031
16.7271
17.2816
16.8200
16.5136
16.7241
16.4922
16.6009
16.8481
17.0023
17.0402
16.9389
17.0405
16.9791
17.1761
16.8974
16.9134
16.7449
16.5742
16.5733
16.6529
16.5648
16.6765
16.8950
17.0143
16.8154
16.7186
17.0404
17.1095
16.8909
17.0740
16.8700
16.6602
17.0604
16.8137
17.1649
16.9242
16.9136
17.0094
17.0570
17.1554
17.1640
17.0436
17.0998
17.0818
17.0753
17.1861
17.0268
17.1565
17.0022
17.1126
17.0709
17.1527
17.1078
17.4140
16.9058
17.1878
17.1373
17.2584
17.4540
17.5475
17.2151
17.1880
16.9910
17.2941
17.4194
17.0973
17.1386
17.4599
17.0208
16.9638
17.1712
17.1516
17.0562
16.9213
17.2894
17.3597
16.8975
17.0708
17.1468
16.8469
16.7137
17.0214
17.2515
17.3045
16.9885
17.1220
17.0034
17.1499
17.1060
17.2307
17.2505
17.2783
16.9940
17.3838
17.1247
17.3225
17.2575
17.1538
16.9030
16.9326
16.9503
17.0034
17.0960
16.8132
17.0930
17.2097
17.2903
17.1859
17.0535
17.0604
16.8447
17.0600
16.8614
17.3011
16.9146
16.8921
16.7837
17.0816
17.1704
17.1949
17.3710
16.7332
17.0600
16.8411
17.1660
16.9032
17.0455
16.9592
16.8119
17.0300
16.7163
16.9869
16.9436
16.7985
16.8711
16.9250
17.4977
17.2156
17.0160
17.2089
17.3314
17.2654
17.2807
16.9225
17.3793
16.9543
17.1386
17.1008
16.9751
17.1693
16.9752
16.9355
17.2644
17.2506
17.2381
17.0836
17.1176
16.9778
17.1475
16.8023
16.9687
16.9786
16.8712
17.0322
17.1958
17.0612
17.1682
17.0358
16.9521
16.7935
16.9771
17.1273
16.9867
16.6811
17.2346
16.9964
16.9258
16.9623
17.3102
17.1578
17.4754
17.1439
17.3128
17.1654
17.1531
17.0424
17.3463
17.2098
16.9799
17.0029
17.1903
16.5926
16.7020
17.3322
17.2132
17.3930
16.8838
17.1508
17.2743
17.3224
17.0926
17.2026
16.8760
17.0794
17.2973
17.2199
17.2691
16.7381
17.1670
17.4125
17.0465
17.0737
16.9487
16.9013
16.7903
16.6277
16.8761
17.1845
17.1253
17.0869
16.8898
17.1152
17.1809
17.1287
17.0957
17.0725
16.7000
16.6603
17.0360
17.1531
17.0153
16.9574
17.0970
17.1162
17.1055
17.4991
17.1425
17.1253
17.3145
16.9587
17.0229
17.0329
16.8477
16.6071
16.5653
16.6858
16.7791
16.8658
16.9784
16.6336
16.9358
16.5423
16.7433
16.5635
16.5615
16.7447
16.9612
16.7143
16.5362
16.7440
16.7008
16.5408
16.8401
16.7158
16.7850
16.7206
16.5261
16.8154
16.3891
16.5298
16.3852
16.3970
16.6223
16.5377
16.3958
16.4550
16.4289
16.3260
16.3447
16.7505
16.6313
16.6521
16.7513
16.5858
16.9680
16.7311
16.5505
16.8951
16.9671
16.8300
16.7488
16.5502
16.7594
16.4785
16.5081
16.1920
16.5265
16.6322
16.7888
16.4786
16.8788
16.7469
16.6392
16.7347
16.5289
16.3225
16.8149
16.6773
16.4315
16.1783
15.9996
16.0992
16.2444
16.3952
16.1376
16.4995
16.3657
16.2773
16.0878
16.1970
16.2625
16.0136
16.0303
16.0286
16.1132
16.2614
16.4276
16.1437
16.7686
16.7513
16.3047
16.9353
16.6724
17.0054
16.4901
16.7618
17.0484
16.9802
16.3386
16.4965
16.3361
16.3050
16.1410
16.3716
16.1747
16.1376
15.9977
16.4578
16.1651
16.1585
16.1359
16.2105
15.8110
16.0096
16.0700
16.1285
16.0801
16.8781
17.1117
16.7329
16.8779
16.6629
16.4788
16.6738
16.6518
16.4376
16.4381
16.5296
16.5012
16.5454
16.4732
16.3068
16.3561
16.6638
16.4552
16.6630
16.5432
16.4707
16.3462
16.2083
16.6972
16.6277
16.7558
16.3184
16.3248
16.2669
16.4124
16.4814
16.4545
16.6980
16.3272
16.6959
16.6710
16.9016
16.3866
16.6439
16.4878
16.6817
16.3562
16.5969
16.2208
16.2757
16.2983
16.0934
16.7027
16.4366
16.7223
17.0173
16.6207
16.4111
16.4740
16.8422
16.5248
16.5223
16.5280
16.3976
16.4650
16.4210
15.9913
16.3678
16.5870
16.7461
16.5471
16.8122
16.7950
16.6834
16.2859
16.6832
16.2793
16.7604
16.7074
16.4245
16.9910
16.6813
16.6943
16.5740
16.2602
16.3213
16.4486
16.2069
16.5958
16.3190
16.3248
16.4416
16.1060
16.0674
16.1963
16.2076
16.6018
16.7651
16.6729
16.8231
16.8972
16.6248
16.8677
16.7524
16.7422
16.4162
16.6344
16.6365
16.7090
16.4210
16.5173
16.2901
16.3723
16.3204
16.0563
16.0406
15.7793
15.7954
15.8121
16.2064
16.2816
16.0298
16.2986
16.4386
16.2672
15.8241
16.0297
16.3189
16.2463
16.5815
16.7542
16.6885
16.2103
16.0306
16.0878
16.7124
16.8997
16.9344
16.4102
16.4875
16.2942
16.7287
16.7606
16.5188
16.1643
16.1817
16.5260
16.4082
15.9781
16.2054
16.3589
16.1790
16.3652
16.8506
16.4606
16.4918
16.4611
16.5847
16.6348
16.7806
16.9572
16.5664
16.6303
16.4124
16.8323
16.6257
16.6872
16.5468
16.4244
16.2515
16.5071
16.4092
16.6834
16.5345
16.5402
16.5999
16.5578
16.5400
16.3254
16.3834
16.4324
16.5040
16.3992
16.6451
16.6741
16.6543
16.5400
16.9257
16.8166
16.9166
16.6806
16.9202
16.3959
16.1457
16.3839
16.4133
16.6114
16.4706
16.6211
16.3481
16.8083
16.5690
16.2916
16.6650
16.4996
16.6040
16.7279
16.4769
16.3934
16.3214
16.4383
16.3884
16.4598
16.2959
16.4716
16.3497
16.3446
16.4747
16.5425
16.1854
16.7491
16.2674
16.2975
16.3832
16.3135
16.3541
16.4613
16.4260
16.1631
15.9994
16.1832
16.2620
16.6093
16.6366
16.2060
16.4359
16.4760
16.3723
16.1073
16.1420
16.1680
16.4014
16.2401
16.4695
16.3953
16.4682
16.3248
16.1637
16.3065
16.4633
16.3673
16.1444
16.0959
16.3035
16.1083
16.2065
16.6024
16.2514
16.6176
16.3063
16.1710
16.5605
16.5672
16.5445
16.4415
16.3588
16.1933
16.5894
16.4475
16.1213
16.4584
16.4726
16.2327
15.9971
16.4117
16.4698
16.3706
16.3322
16.3877
16.3064
16.4225
16.6467
16.5153
16.4003
16.5001
16.9125
16.5694
16.9652
16.5112
16.7335
16.3996
16.5683
16.5920
16.5837
16.6324
16.4961
16.5681
16.4189
16.6265
16.7835
16.8334
16.8809
16.7682
16.4812
16.3866
16.3939
16.4783
16.1175
16.1064
16.2289
16.2881
16.0947
16.3159
16.3451
16.4647
16.8226
16.4710
16.6445
16.3112
16.3594
16.3111
16.7651
16.5469
16.2174
16.3125
16.2905
16.1809
16.1920
16.3503
16.4012
16.3030
16.3494
16.4407
16.5156
16.5292
16.3392
16.4215
16.4470
16.5977
16.3667
16.4248
16.3201
16.4071
16.7909
16.7326
16.6947
16.5999
16.6506
16.3089
16.6263
16.3056
16.0907
16.7103
16.5842
16.4399
16.0521
16.6350
16.1128
16.2121
16.3097
16.3972
16.2840
16.0704
16.6811
16.5635
16.5112
16.4710
16.2237
16.4330
16.7023
16.5004
16.5027
16.4665
16.6246
16.7799
16.5558
16.5682
16.6657
16.8020
16.4625
16.5250
16.5183
16.3330
16.4779
16.6135
16.7601
16.6347
16.6358
16.5432
16.9321
16.8614
16.7929
16.5933
16.1515
16.2763
16.3130
16.8859
16.5414
16.5071
16.2996
16.7626
16.4021
16.7695
16.5218
16.3972
16.2814
16.5500
16.3654
16.5501
16.6628
16.6172
16.7076
16.3240
16.3501
16.4210
16.2444
16.5117
16.6272
16.6276
16.6167
16.4543
16.4433
16.5504
16.3635
16.6846
16.6423
16.7483
16.3616
16.3520
16.2169
16.2110
16.6165
16.4498
16.8793
16.5665
16.8596
16.6155
16.8948
16.8287
16.5903
16.4910
16.3216
16.6210
16.2227
16.0596
16.1467
16.2809
16.0731
16.2858
16.3599
16.2963
16.9833
16.7361
16.4675
16.8372
16.0845
16.4758
16.4810
16.2909
16.7478
16.4508
16.5878
16.5542
16.6433
16.6470
16.8988
16.7729
16.7502
16.2530
16.2753
16.0203
16.5414
16.3721
16.5105
16.5337
16.9049
16.4971
16.8123
16.8634
16.5655
16.6205
16.5498
16.7217
16.2178
16.4508
16.2297
16.4618
16.4307
16.6871
16.3468
16.3339
16.2462
16.2242
16.4907
16.5774
16.4779
16.5921
16.6792
16.7280
16.6583
16.4058
16.3803
16.0721
16.1439
16.6330
16.5803
16.2724
16.3001
16.1678
16.0690
16.5058
16.8384
16.8191
16.9553
17.1347
16.8745
17.0950
16.8270
16.6697
17.1888
16.7613
16.7741
16.5030
16.5358
16.6154
16.7729
16.6455
16.7834
17.0040
17.0535
17.1396
16.9158
16.9703
16.9415
17.1630
17.2143
17.1262
16.6570
16.2978
16.2477
16.6563
16.8606
16.6304
16.4748
16.3600
16.1997
16.2246
16.5685
16.3744
16.3316
16.1185
16.1181
16.2610
16.4191
16.2652
16.3170
16.4017
16.2610
16.3402
16.4870
16.2884
16.7352
16.3501
16.4992
16.3983
16.5827
16.4191
16.2584
16.3311
16.2698
16.5203
16.4711
16.6991
16.4085
16.5690
16.5089
16.6477
16.6504
16.8494
16.7382
16.6855
16.4709
16.1879
16.4481
16.4882
16.3185
16.6151
16.4472
16.3852
16.6714
16.7089
16.8366
16.5325
16.7134
16.7035
16.5447
16.5702
16.6760
16.6656
16.4833
16.3884
16.5105
16.3948
16.6257
16.8868
16.5576
16.3413
16.5339
16.5485
16.4210
16.4574
16.3069
16.2722
16.5702
16.5077
16.7869
16.4638
16.4705
16.7065
16.3563
16.2803
16.2445
16.3384
16.6317
16.8791
16.7561
16.9291
16.7349
16.8143
17.1048
16.8287
16.8263
16.6580
16.8215
16.4841
16.3099
17.0181
16.7078
16.7513
16.5319
16.7070
16.6738
16.9712
16.7431
16.7433
16.9005
16.8471
16.5772
16.7246
16.9351
16.6486
17.1445
17.0851
16.8897
17.5158
17.0703
16.7300
16.7054
16.5532
16.5367
16.7059
16.6530
16.8139
16.8545
16.6251
16.9011
17.0542
16.8620
16.7881
16.7534
16.6503
16.7026
16.8040
16.7103
17.1291
16.6484
16.7106
16.5912
16.3924
16.6702
16.4374
16.3876
16.4696
16.7839
17.0104
16.5447
16.5707
16.6335
16.4271
16.1911
16.7648
17.0788
17.2291
16.9792
16.9944
17.0609
16.4581
16.7315
16.3071
16.6734
16.6677
16.4483
16.5111
16.5258
16.5351
16.5914
16.9046
16.6294
16.5629
16.2082
16.6399
16.7392
16.4315
16.8378
16.7709
16.4378
16.6767
16.2183
16.3001
16.5994
16.7295
16.5997
16.7629
16.3230
16.4059
16.2366
16.4317
16.3072
16.4321
16.5370
16.4713
16.2593
16.6299
16.5731
16.6050
16.8848
16.8565
16.7309
16.9230
17.1168
16.7162
16.9769
16.7194
16.5239
16.4939
16.4607
16.5077
16.4653
16.8289
17.1392
16.6700
16.8048
16.9337
16.6142
16.8179
16.8491
16.5440
16.6835
16.5917
16.7742
16.7476
16.4847
16.5751
16.3230
16.1295
16.6585
16.3809
16.2872
16.5125
16.6399
16.6168
16.6636
16.6199
16.4389
16.4444
16.1761
16.5542
16.5380
16.1752
16.3542
16.3220
16.5775
16.8031
16.5167
16.6962
16.0069
16.3050
16.4256
16.4506
16.4514
16.4651
16.5811
16.4894
16.7765
16.6651
16.6220
16.4640
16.4951
16.6305
16.6742
16.2673
16.2228
16.4499
16.1067
16.2200
15.9290
16.1665
16.4505
16.4577
16.4641
16.4570
16.1095
16.3904
16.4818
16.8418
16.8744
16.6210
16.6034
16.5200
16.5887
16.5801
16.5728
16.5346
16.6470
16.4952
16.3997
16.4975
16.4269
16.6445
16.7184
16.5705
16.6140
16.5259
16.7036
16.6083
16.4578
16.6043
16.3165
16.6068
16.4091
16.6222
16.3938
16.8710
16.7247
