8.9456
9.6829
9.0853
9.6213
9.6423
9.7507
9.0308
9.3190
8.8016
8.9317
9.3129
9.9370
9.7738
9.5779
9.3474
9.9019
9.7996
9.7259
9.2918
8.9980
9.4281
9.3476
9.3821
8.9409
9.4995
9.1727
9.1439
9.6483
9.6121
9.2415
9.2429
9.3166
9.2940
9.1195
9.2979
8.9033
9.3801
8.7475
9.3324
8.9749
9.0237
9.3910
9.1741
9.1997
9.2974
8.5010
8.4246
8.1519
8.6097
7.9284
7.9043
8.3029
8.1949
8.3819
8.3819
8.4217
8.4695
8.2523
8.3915
8.7388
8.9615
8.6035
9.5446
9.4651
9.6391
9.4390
9.6454
9.7815
9.3093
9.7188
8.9860
9.0041
9.0001
9.3239
9.0667
9.3243
9.3367
9.1677
9.6284
9.2079
9.6026
9.2208
8.9129
8.5061
9.2626
9.3610
8.7197
9.2118
9.3973
9.2145
9.5736
9.5421
9.5351
9.1694
9.1348
9.0779
9.1017
9.6347
9.7518
8.7215
9.5060
9.3070
8.4966
9.0626
9.1023
8.8257
9.2558
9.1837
9.3219
9.1349
9.4050
9.7756
10.2646
9.3868
9.2197
9.1316
9.6720
9.2519
8.9244
8.9978
8.9854
9.4607
9.5436
9.8738
9.4687
9.4503
9.2969
9.5936
9.3616
9.6458
9.5048
9.8912
9.0972
9.4774
9.4796
9.5313
9.8682
9.6894
9.6298
9.6875
9.5595
9.4175
9.4090
9.4008
9.9284
9.7078
9.5486
9.7900
9.7506
10.0171
9.7907
9.7763
9.5142
9.9072
9.6314
9.9714
9.9911
9.8573
9.6685
9.4792
9.4404
9.4960
9.2036
9.9264
9.6211
10.0503
9.6886
9.7191
9.9384
9.5908
9.6785
9.5641
9.6386
9.6242
9.7264
9.2584
9.7647
9.9879
9.6689
10.0235
9.9617
9.9966
10.4559
10.1322
10.1902
9.6904
9.4721
10.1578
9.8044
9.8254
9.5018
9.7506
9.2626
9.5642
9.2354
9.6193
9.6451
9.5061
9.5015
9.0344
9.2471
9.4831
9.4568
9.6273
9.2366
9.2748
9.4745
9.1432
9.1472
9.3959
9.6403
9.4501
9.5126
9.4869
9.4851
9.6037
9.2339
9.6382
9.7655
8.8925
9.6828
9.3961
9.4093
9.5621
9.6018
9.1557
9.2793
9.6730
9.4510
9.4594
9.4031
9.4191
9.3644
9.7740
9.5613
9.8680
9.6361
9.4456
9.3200
9.4173
10.0500
9.7070
9.6949
9.8200
9.4131
9.3493
9.5306
9.2926
9.8660
9.8188
9.4954
10.1116
9.6043
9.1317
9.8876
9.2468
9.4756
9.8730
9.6698
10.1092
9.9259
9.6729
9.7667
10.0458
9.7185
9.5352
9.3377
9.6400
9.3286
9.2438
9.7076
9.6848
9.2616
10.0343
10.1470
9.7490
9.6342
9.4836
9.4702
10.1136
9.8657
9.3691
9.3689
9.6075
9.5303
9.8081
9.4639
9.7115
9.3280
9.9976
9.5556
9.2308
9.8460
9.6401
9.4828
9.6826
9.2761
9.5127
9.5013
9.4699
9.1915
9.4723
9.7962
9.3728
9.2058
9.2100
9.5100
9.1153
8.9872
9.7360
9.1939
9.4782
9.3352
9.4120
9.5369
9.6851
9.5348
9.8070
9.5894
9.4604
9.2962
9.3631
9.8267
9.7948
9.6123
9.6585
9.7163
10.4641
10.3550
10.1294
10.4179
9.9676
9.9907
10.7392
10.2389
10.1027
9.8141
9.5315
10.1099
10.2490
10.2419
10.4029
10.0756
10.1471
10.3170
10.2811
10.8126
10.5442
10.5612
10.5089
10.4821
10.8155
10.8825
10.2179
10.9688
10.5403
11.5992
11.3361
11.1948
10.7955
10.5052
10.7822
10.8346
10.8467
10.6776
10.3373
10.5056
9.8751
9.7028
9.3634
9.7232
10.0462
10.2442
10.1981
10.5175
10.1975
10.4134
10.1492
10.7413
10.5187
10.1757
9.9968
9.9840
9.7956
10.2518
10.2126
10.5802
9.7408
10.2179
10.1273
10.3886
10.0894
10.2440
9.6454
9.6897
9.5212
9.3585
9.5038
9.0035
10.0180
10.0451
10.2465
10.0057
9.9603
9.8628
10.1308
10.5123
10.1047
10.4552
10.7646
10.5495
10.8953
10.4765
10.4169
10.0848
10.0279
10.1432
10.4736
9.7405
10.2437
10.4642
10.1536
10.3672
10.3500
10.3920
10.1571
10.2610
10.1617
9.9237
9.9019
9.9714
9.8978
10.0221
10.1866
10.0451
9.6256
9.7797
10.4572
10.3567
10.1577
10.3732
10.3606
9.8973
10.1393
9.9759
10.4323
10.4868
10.3736
9.8214
9.8153
10.2280
10.0611
10.1937
10.2797
10.0632
10.1825
10.2886
10.5224
10.3666
10.4388
10.7660
10.1054
10.3232
10.2384
10.0659
10.0677
10.0537
9.9495
10.1298
10.1641
10.2838
10.2366
10.0827
10.1990
10.1469
9.8857
9.9621
10.3357
10.3053
10.4005
10.6249
10.9246
10.5897
10.2794
10.4585
10.4349
10.5646
10.3534
9.9754
10.0986
10.5845
10.3570
10.5530
10.4545
10.5310
10.4440
10.2647
10.6953
10.8612
10.9509
10.3011
10.3487
10.2941
10.1308
10.7056
10.7152
10.6532
10.5507
10.0752
10.1516
10.3379
10.7000
10.5369
10.5818
10.6661
10.2942
10.8029
10.6309
10.8078
10.8407
10.9067
11.1830
11.1642
11.2090
11.1890
11.1552
11.6769
11.6310
11.0202
11.9003
11.3234
10.6104
10.5103
11.0965
11.5267
11.2972
10.7113
10.5330
10.6054
10.2232
10.2647
10.6637
11.5461
11.2132
11.5569
11.4901
11.0215
11.6796
11.7353
11.2257
10.8969
11.0618
11.3121
10.4658
10.8161
10.5897
10.7107
10.3262
10.6957
10.5479
10.5201
9.9296
9.8567
10.6470
10.4823
10.4336
10.4773
10.3131
10.5255
10.4795
10.6518
10.3362
11.3752
10.9820
11.3459
10.6041
10.8116
10.2246
10.1448
10.2617
10.4279
10.3003
9.7446
9.8755
10.2033
9.8672
9.8229
9.9776
9.6345
9.9270
9.9269
10.1430
10.2955
10.5530
10.3320
10.0616
9.9057
10.1230
9.8825
9.5037
9.7540
9.5507
10.0759
9.8330
9.6460
9.8470
9.6548
9.2280
9.6788
9.7264
9.5621
10.0841
10.0107
9.9212
9.7306
9.3570
9.4960
9.8268
9.2083
9.9214
9.5622
10.4446
10.4195
10.5963
10.3081
10.5599
10.7497
10.8882
11.1497
10.8556
10.9307
10.5755
11.2336
10.6369
10.3774
10.7157
10.9949
11.0175
11.0616
10.4673
9.9649
10.5629
10.0454
10.3359
10.5762
10.3094
10.2594
10.5283
10.7349
10.0195
10.4404
10.2814
10.2506
10.0572
10.1503
11.2965
11.1443
10.8385
10.1279
10.4570
10.5288
10.7683
10.5613
10.5171
10.8616
10.9539
10.4305
10.8916
11.4548
10.3458
10.8473
11.7386
12.1713
12.1010
11.6257
11.5235
11.8393
11.5241
11.9958
11.7940
11.9953
12.6104
12.2442
12.0227
12.5083
12.8732
12.6814
12.6486
12.6248
12.6624
12.6333
11.6701
12.6103
11.8151
12.1212
12.1737
11.7796
11.3554
10.8586
10.8202
10.6497
10.6745
10.7551
10.2511
11.0281
11.0741
11.5357
11.6100
11.6088
11.4876
12.3455
11.5304
11.9577
12.4001
11.9103
12.5624
12.4861
12.1528
12.6294
11.5525
12.4783
12.4144
11.9146
12.3562
12.4933
11.4488
12.3392
12.5920
12.6191
11.9055
11.4487
11.8551
11.6650
12.6309
12.2562
12.6942
12.4758
12.3140
12.1980
12.0438
12.0970
12.3866
12.4504
12.3705
12.5738
13.2369
12.6606
11.3318
11.6055
11.6907
12.2061
12.1603
12.4568
12.6029
12.0774
12.5930
12.4565
12.0893
12.1654
11.6719
11.6576
12.3321
12.1545
12.9337
11.9615
12.6744
12.1384
12.1050
13.2509
11.4526
11.9739
11.8895
11.5415
10.9743
11.1138
11.3970
12.3490
12.4759
12.1556
11.1194
10.6503
11.0024
10.8351
11.1801
11.5199
11.0053
11.8801
11.5505
11.3084
11.4127
11.3761
11.4267
11.4701
11.4985
11.9908
12.7489
13.2310
11.8658
12.5062
12.1881
12.2691
12.4480
11.5637
12.3800
12.7251
11.5755
13.2445
12.1676
12.2526
12.3719
11.4758
11.4849
12.0653
12.2426
12.3135
12.4327
13.3077
12.4435
11.4438
11.7787
12.3959
12.5140
12.3971
12.2132
12.3760
12.1082
11.4170
12.0187
11.4234
11.5049
12.0554
12.5818
12.8408
12.4427
12.3830
12.8888
13.6075
12.7354
12.6827
12.0627
12.1394
13.3988
14.2789
13.4534
13.6876
14.9145
15.1140
14.9741
14.4319
13.7017
14.3698
16.1470
16.7735
17.7064
17.2768
16.9468
17.2199
16.5791
17.5328
16.7642
15.3599
16.1652
16.9063
16.4668
16.9751
15.9498
16.6068
16.5365
16.8679
17.4444
16.7191
16.4782
17.0527
17.2699
17.9761
17.6637
16.6600
16.1467
15.4597
16.0975
15.3685
15.2799
16.2909
16.1924
15.7242
14.5789
15.8590
14.8573
14.3282
14.7459
13.3540
14.6774
13.0522
14.3083
13.8587
14.4155
13.7857
14.2604
13.9707
14.3421
14.3506
14.3495
14.0421
14.1266
13.5799
14.2189
14.3243
13.7820
13.2233
13.9923
12.7964
14.1531
13.5698
14.1450
14.3911
15.2347
15.9525
15.7491
16.1814
17.2944
16.7113
16.9893
15.7168
14.2044
14.5322
14.6796
15.0374
14.7112
14.2733
15.1244
14.0435
12.8956
14.1308
14.0193
12.0781
10.7978
12.0433
14.1938
14.4589
13.9444
14.7131
13.3020
12.7278
12.2987
12.7517
12.6081
12.4197
13.2531
13.0796
13.0277
12.8815
13.0631
12.3615
13.4526
13.1306
12.3294
12.3924
11.4922
11.3006
11.6043
11.3423
11.2881
11.6325
11.3515
11.8231
11.0668
11.6245
11.4736
11.1605
10.9823
10.9968
10.7220
11.1670
11.0547
10.8016
10.9734
11.2582
11.1925
11.0920
11.3751
11.4606
10.9819
11.5206
11.4288
11.3623
10.9706
10.6855
11.7939
11.5009
12.1713
11.5328
11.5537
12.2534
11.6058
11.5241
11.6032
11.7719
12.2504
11.8118
11.5540
11.7935
11.8803
11.2778
11.0312
11.6123
11.4277
11.2683
12.6033
12.0245
11.5757
11.7480
11.9449
12.4053
11.2507
12.7054
12.8233
12.0367
13.2823
13.6152
12.7204
12.5956
12.9087
12.1342
11.7251
13.0134
11.5909
11.9951
11.4395
12.7537
13.4485
14.3205
12.7584
13.8618
14.4597
13.9460
13.9779
14.4666
14.2062
13.2358
13.0344
13.1128
12.5453
13.2726
12.8842
12.9255
13.1457
13.2852
13.1755
13.2374
13.4223
12.9699
13.7089
13.3035
13.2242
13.4460
13.6128
13.4756
12.8209
12.8759
12.9302
13.2087
13.0274
13.1623
13.2555
13.1695
13.5218
13.2800
12.4036
11.0374
12.9258
12.6786
11.7941
12.0621
12.0884
11.8579
12.4641
12.7738
12.7045
12.6190
12.8507
12.7152
12.8005
13.2506
12.2268
12.3795
12.3931
12.4586
12.3827
12.6014
13.1898
12.2452
11.9469
12.8656
12.4730
12.9441
13.0484
12.7455
12.6353
12.9790
12.5197
13.2518
13.1469
12.7547
12.8312
13.2337
13.2168
13.3216
13.0730
12.9730
12.3627
13.1815
12.2970
12.9662
12.9550
12.6010
12.4052
12.0296
12.5451
12.0192
12.8169
13.1310
12.8894
12.9358
13.3678
12.5084
12.0015
12.0378
12.7132
12.8209
12.3945
12.9476
12.0958
12.4410
12.4043
12.8362
12.4791
12.3844
11.9090
12.5911
13.3465
12.9762
12.5366
12.3170
13.2075
12.6684
11.8553
12.6394
12.4713
12.7810
12.8231
12.3473
13.0867
13.1602
12.0885
12.7262
13.4922
12.7141
12.1630
12.6336
12.1527
11.8679
11.7043
12.1338
13.2320
12.8141
12.1484
12.3572
13.5219
13.6341
12.7866
13.0451
13.1916
12.0987
12.9843
13.4908
12.6033
13.2794
12.1230
12.9375
13.4270
12.1052
13.0057
13.6628
12.7312
12.3437
12.3451
12.3021
12.1735
11.9847
12.2544
12.1613
12.3955
12.0823
13.0918
13.0545
13.3204
13.2670
13.7174
13.2914
13.4905
13.3374
13.0293
13.4612
13.4843
13.0798
13.1267
12.4112
12.8620
13.6759
13.3136
13.6608
13.8105
14.2921
12.8285
12.4427
12.3397
12.1368
12.6170
13.0707
13.1370
12.2404
11.9320
12.0678
12.8829
12.7473
12.6219
12.2986
13.4276
12.7082
13.5058
13.2119
13.1027
13.3316
13.4001
14.0702
13.4995
13.6801
13.6351
13.0261
13.6652
13.5952
13.8157
14.0378
13.2482
13.7915
13.4013
13.2546
13.6083
12.9949
13.1874
13.4116
13.1812
12.4808
13.1667
13.0335
13.3959
13.0731
13.4646
13.1252
12.9161
13.1769
13.6143
13.7633
13.0894
12.7239
12.0204
12.3132
11.9953
11.9202
13.0918
12.7059
12.4682
13.1685
12.1543
12.1828
12.5150
12.5464
12.3306
12.8346
11.7073
12.5156
11.8012
12.7865
12.0938
12.2290
12.6401
12.6656
13.3439
13.2223
12.5244
12.4629
12.9684
12.7112
12.9570
12.1983
12.9451
12.8197
12.2893
12.7732
12.9404
11.9448
12.5800
13.0966
13.2024
12.7771
12.6894
13.3326
12.3796
13.0849
13.5788
12.5730
12.1784
12.5634
13.3269
12.9552
12.4145
13.5901
13.3294
13.1365
13.2757
12.6739
12.8759
11.8131
12.5838
12.3355
12.1146
12.5013
12.1773
12.6583
12.3886
13.3356
12.5595
12.8070
12.5139
12.6808
13.2539
11.6964
12.3134
12.5721
12.9831
12.4838
12.6253
13.1636
13.9015
13.1151
13.2139
12.6433
12.8332
12.8013
12.9878
12.7276
12.9603
13.5060
13.2700
12.8552
12.6350
12.3618
12.4849
12.2340
12.3112
11.8414
12.2626
12.1411
12.1482
12.4461
12.6108
12.2440
12.9596
13.0373
12.0935
12.1364
12.6169
12.5618
13.1371
13.1318
12.8029
12.6895
12.6319
13.0052
12.2599
13.0525
12.7663
14.8387
14.1297
13.7816
12.5548
13.8649
13.8872
13.7921
13.3204
12.5632
12.6972
12.8970
13.3623
12.8524
13.3083
13.1412
12.0577
12.5339
12.5149
12.6077
12.6529
12.8471
12.1918
13.0017
12.3247
11.8210
12.0287
11.9767
11.7188
12.0335
12.5312
13.0928
13.1743
12.0636
13.6957
13.3813
13.6618
13.2815
14.0816
13.9117
13.5359
12.4831
12.9771
12.6915
12.8443
13.1924
12.4259
13.3785
13.4864
12.5876
12.6421
12.5570
11.7838
11.7328
11.7403
11.4960
11.8515
11.1272
11.6301
12.1413
11.9098
12.5015
12.4059
11.9470
11.0266
11.5144
12.1030
11.5472
11.9662
12.6721
12.9729
12.5271
12.5579
12.6372
12.1488
12.4958
13.2127
11.3619
11.2526
11.4995
10.6836
11.4896
11.9523
11.4200
11.8316
11.3339
10.5673
12.1609
10.7937
10.9680
12.3558
12.4004
11.8550
12.1418
11.7199
12.7983
12.2616
11.8899
12.6537
13.3954
12.3938
12.8041
14.2610
12.9898
12.0968
12.8560
12.0906
12.0306
13.7223
13.4423
13.6626
13.8357
13.0704
13.4505
13.7619
14.1268
14.1961
11.6696
12.0114
12.3642
12.6738
12.1761
11.4686
13.2713
13.2757
13.4287
12.5567
11.3075
12.5811
12.9585
14.1271
11.7628
12.0692
13.3252
12.4098
13.6033
14.1769
12.1650
11.7064
12.0587
12.5037
10.7250
11.4712
10.6783
10.5730
10.5611
10.1735
10.5076
10.9914
10.8390
10.4540
11.0649
12.3152
11.5154
12.2657
11.8253
12.1398
11.5025
11.3614
11.1376
11.2360
13.1410
15.0528
15.9006
17.0746
18.2400
16.6207
18.5387
20.3058
17.1777
18.4005
17.7684
18.0369
16.8132
15.6884
15.9663
15.7837
15.4211
17.2460
18.8812
18.9071
17.8598
17.6015
17.7206
17.8602
15.7547
17.3801
16.9896
15.4053
15.7530
16.8530
16.8995
17.0620
17.9806
18.8449
18.4111
18.8458
19.3820
18.8963
19.4321
19.0666
21.1508
20.2700
21.3428
20.8309
18.5452
19.4494
19.1525
18.7776
21.3684
21.9877
22.7220
23.6986
24.2954
25.4034
25.2727
25.9345
25.4713
25.7846
26.0192
25.6904
23.9078
26.1947
25.9389
25.4357
25.3699
24.9494
26.3865
26.1585
26.1284
27.2324
27.5644
26.7515
27.0085
26.1186
25.7215
25.3469
25.1025
26.2080
25.1103
23.9111
24.1231
24.6773
23.2632
24.0207
22.7496
24.1373
22.8779
24.2174
22.8916
21.4352
21.8282
19.9752
20.7831
19.9042
20.9883
22.9873
23.1173
23.8166
24.2138
23.6946
22.7098
21.0787
21.8452
22.9321
23.6703
23.8772
24.3144
23.4468
22.6195
22.4768
24.8754
24.2864
25.1700
25.1020
24.5894
25.0118
25.7602
26.4491
25.4738
25.8833
25.2460
24.1060
24.0814
24.5844
25.1372
22.1817
22.4585
22.6066
21.0388
22.5906
22.8780
24.4253
25.2744
24.0541
25.0034
24.0787
25.7196
25.4711
27.2787
26.4053
24.6180
26.3351
24.3108
25.6274
25.9917
23.8278
23.4174
23.2634
23.1229
23.6908
22.8159
23.6522
23.1683
22.9736
22.5569
23.3312
22.5837
22.0394
21.3520
24.3259
24.7317
25.5948
26.2412
26.2260
23.8719
24.9951
24.0732
25.0708
24.0269
23.1006
23.6209
22.0131
22.8591
22.3400
23.1922
24.3720
25.4099
25.6243
25.9772
24.2996
23.9469
23.5881
23.0985
23.7581
23.5938
24.4103
24.1975
22.7490
23.5505
23.8081
24.0498
23.3315
23.1885
23.3505
23.1338
22.6891
21.7839
22.3346
22.6649
21.8628
22.1972
22.5871
22.9394
22.3654
21.1556
20.3468
20.4406
21.1029
21.8694
19.9481
19.8451
18.9804
19.4622
20.2003
20.4548
21.4796
20.2331
19.1956
17.9940
18.2846
18.4116
18.3637
18.2444
16.9319
16.2253
17.3601
17.7310
17.8724
17.9335
16.5125
18.4228
18.9986
17.9658
18.7281
18.4538
17.9625
18.1172
19.7967
20.1107
19.2474
18.5386
19.2419
18.5844
18.5959
17.8134
18.3732
18.9697
17.9185
19.3729
19.0060
20.1872
19.9002
19.4063
18.0910
19.6550
19.4941
20.0916
19.4591
19.9042
20.0666
20.8152
20.1721
20.3680
20.0165
19.8941
20.7381
20.7122
20.1580
19.1683
19.6925
19.3958
19.0960
20.4517
19.8170
19.2926
19.6290
19.3931
19.1813
18.9239
18.3388
18.2734
18.5535
19.2111
18.8751
18.6953
19.2094
19.1259
18.3834
19.5854
19.7536
19.7019
19.3088
19.4649
19.8507
19.5206
18.9589
20.5503
18.8898
18.5896
18.5456
18.5470
18.7429
18.6959
19.3525
18.6217
18.9630
18.9125
18.4121
18.1824
18.3918
18.0520
18.1527
18.7764
17.9742
18.3580
18.2463
18.7907
18.4680
18.3056
18.8533
18.3325
17.9759
18.2226
18.7422
18.1510
18.3366
18.2597
19.0913
18.4397
18.6513
18.9714
18.6871
18.5636
18.9572
19.3760
18.7089
18.7815
17.9038
19.1583
18.8295
19.0844
18.8252
18.8000
18.4539
18.4089
19.0785
18.8936
18.9495
18.7601
19.0790
18.8343
19.1115
19.2695
18.9032
18.5875
18.4024
18.3546
18.3033
18.3745
18.5520
17.9534
18.6361
18.9652
19.0262
18.4127
18.4995
17.9672
19.1873
18.4718
18.6498
17.8263
18.4364
19.0580
18.7107
18.5348
18.5471
18.4238
18.9134
19.1961
18.6307
18.6871
19.0201
19.1063
19.0499
18.6881
18.5326
19.0150
18.9164
19.2799
19.1080
19.2847
19.3617
18.9272
18.9242
18.6267
19.5508
19.3195
18.8646
18.7886
19.0557
19.4868
19.0462
19.3129
19.5089
19.3859
19.2582
18.7047
18.3812
18.9733
19.4647
19.5142
19.1393
18.4255
18.3865
18.9700
20.0271
20.3124
20.1472
19.8029
18.7260
18.5290
18.7412
18.6417
18.9551
18.4152
19.2773
18.5706
18.3065
19.3232
19.2238
18.5038
18.5258
19.5856
18.5119
18.8457
18.9961
18.7256
18.8485
17.9373
18.4635
17.7938
18.1753
17.6136
18.3819
18.1967
17.5725
17.3292
17.6059
18.4175
18.5396
18.2817
18.8325
18.3991
18.3156
18.3498
18.4784
17.9243
18.0434
18.2244
18.5931
18.9689
18.0159
18.2982
18.2115
18.6208
18.7823
18.2926
17.6717
17.5467
17.5260
18.2268
18.1215
18.6498
18.4669
18.2308
17.8097
18.2293
18.2528
18.4385
18.5908
18.2021
18.5351
18.3611
18.4848
18.7476
18.3842
18.4845
18.5650
18.7311
18.8920
18.7332
18.7655
19.1486
18.6315
18.9137
18.1591
18.1876
18.1254
18.0177
18.3341
18.2631
18.1506
18.3953
18.2108
18.5807
17.9419
17.5895
18.2509
18.3396
18.4979
18.5475
18.5322
18.2990
18.7415
18.5062
18.1147
18.1278
18.3125
18.2625
18.6233
18.2589
17.8944
18.4526
18.1604
17.3804
17.7956
17.9252
18.2705
18.2202
18.3401
18.3560
18.5932
18.6043
18.5594
18.7157
18.6541
18.5036
18.7287
18.3283
18.5581
18.5091
18.4647
18.6328
18.1264
18.3007
18.4303
18.1631
18.7680
18.3780
18.5896
18.5292
18.9895
18.4747
18.8600
19.1889
19.2055
18.8202
18.7422
18.4018
18.7937
18.5189
18.5266
18.7754
18.7693
18.3980
18.5696
18.5218
18.9199
18.4905
18.6088
18.8808
18.8001
19.0786
19.2387
18.4450
18.5332
18.9866
19.2430
18.7979
19.4100
18.9299
18.7689
17.9995
18.6008
18.2785
18.3842
18.5170
18.6866
18.6473
18.6290
19.2566
19.3251
19.3375
19.5336
19.3964
19.2875
18.6531
18.1895
19.4931
19.5520
18.8484
18.6994
18.5233
18.2542
18.3324
18.0964
18.0472
18.2959
18.5555
17.9792
18.4448
18.6455
18.9294
18.9716
19.1103
18.6446
18.9418
18.4345
18.2174
18.4532
18.5226
18.5203
18.2987
18.8515
19.0060
19.0485
19.2882
19.0756
18.7273
19.1699
19.1060
19.3022
19.3878
19.2492
18.9414
19.2298
19.2869
19.3984
19.0727
18.6463
18.7545
19.1310
19.1824
19.1964
19.0689
19.6475
19.1459
18.8880
19.2685
19.1645
18.6934
18.3117
18.7255
17.5954
18.1375
18.6489
18.0313
17.9855
17.9995
18.9203
18.4738
18.9904
18.8299
18.7970
19.1092
18.9699
18.5267
19.0440
18.9171
18.9638
19.0908
19.0877
19.0653
19.0435
19.3648
19.4441
19.2862
18.9572
19.9503
19.3369
18.8063
19.1267
19.2109
19.0473
19.2036
19.2857
19.3143
19.0757
19.3752
19.1251
18.8932
19.4213
18.8360
19.1101
18.7735
18.6562
18.8843
18.5065
18.8285
18.7795
19.0774
18.7375
18.8190
19.2244
19.2654
19.2128
18.6577
18.8364
18.7322
18.8540
19.1910
19.3365
19.8896
19.1811
19.0157
19.2990
19.0790
19.4536
19.0807
18.7471
19.1335
18.8451
19.2503
19.0286
19.4079
19.7151
19.0623
19.4237
19.4588
19.3722
18.7463
19.1928
19.5689
19.2860
19.1398
19.1723
18.7930
19.1895
18.5665
18.6172
19.0057
18.6609
19.1237
19.3246
18.9470
19.0256
19.2934
19.1983
19.0751
19.2505
19.1631
19.0978
18.8353
18.5524
18.7504
19.3160
19.2470
18.9489
18.9626
19.0548
18.9157
19.0717
19.3666
18.7519
18.4964
18.9783
18.3248
18.3929
17.8780
18.4768
18.2038
17.9295
18.2300
18.5444
17.9436
18.3928
18.4376
18.0397
18.9885
18.2951
19.0067
18.6438
18.2467
18.1965
18.6585
18.8083
18.8432
18.7838
18.9466
19.0730
19.0105
18.5718
18.8060
18.2684
18.6886
18.5232
18.1264
18.6691
18.6562
18.2479
18.4731
18.8085
18.6173
18.7628
19.0831
19.0789
19.0737
18.9345
19.0853
18.0573
18.3445
18.5774
18.8909
18.7353
18.1107
18.3589
18.2637
18.8372
19.0898
18.3082
19.0946
18.7555
18.6525
18.6203
18.7659
18.4023
18.5070
18.0373
18.6220
18.4512
18.6747
18.2628
18.6822
18.1653
18.2726
18.8868
18.5977
18.5640
18.1194
18.1164
18.4115
18.5122
18.5317
18.3564
18.1406
18.2059
18.1283
18.3179
18.4536
18.3899
18.3669
18.1518
18.0819
18.1838
17.9560
18.2133
18.0203
18.3468
18.4147
18.3222
17.9739
18.1845
18.2201
18.7082
18.0172
17.8458
17.8415
18.3415
17.8614
18.2333
18.2006
17.8265
18.5025
17.9465
18.2902
18.4464
18.4224
18.2418
18.7534
19.0369
18.9151
18.9547
19.1153
18.7094
18.5727
18.9360
19.3320
19.4123
19.5215
19.1050
19.5641
19.2912
19.4691
18.7345
19.0190
19.2354
19.1018
19.5391
18.7843
19.3643
19.1103
18.6818
18.5486
18.6794
18.4721
18.5371
18.6821
18.7412
18.3822
18.7076
18.4309
18.7732
19.0857
19.0407
18.6596
19.0845
18.7719
18.8554
18.8610
18.8683
18.7711
19.0902
19.0997
19.0626
18.4449
18.7949
18.6111
18.8905
19.0176
19.0642
19.2166
18.8063
19.0877
19.0042
19.0978
19.4283
19.4132
19.2232
19.0713
19.0933
18.4999
18.8560
19.0207
18.9203
19.1519
19.3294
19.3569
18.4096
18.5143
18.5345
18.8799
19.0228
18.9211
18.7509
18.5462
18.7410
18.8375
19.0175
18.8065
18.7593
19.1390
18.6994
18.9124
18.7040
18.8849
19.3389
19.0369
18.8186
18.9407
18.9331
18.5439
19.0427
18.6654
18.8234
18.5651
19.0530
18.6014
18.5746
19.0449
18.6635
18.5605
18.3598
18.6634
18.5619
18.7697
18.8295
18.9125
18.7446
19.0170
19.1326
19.1622
19.2518
19.5136
19.2765
19.0054
19.3240
18.6501
18.9964
19.2926
19.0127
19.6658
19.4458
19.2224
18.9554
18.9183
19.4892
19.2207
19.0332
18.8670
18.7592
19.1320
18.8834
18.4652
18.7640
19.0941
18.9390
19.2539
18.1635
18.9497
18.9500
19.1115
19.0221
18.8119
18.6967
19.2019
18.8285
19.1814
19.2200
18.8022
18.7337
18.5871
18.8245
19.0991
18.9692
18.7062
18.7610
18.9315
18.8886
19.3276
19.4188
19.9520
19.2727
19.0709
19.1330
19.8336
18.8415
19.0281
18.4976
19.1578
19.1899
18.8884
18.6925
18.7886
18.3520
18.3781
18.4554
18.6718
18.7126
18.4109
18.4736
18.4669
18.5672
18.7394
18.4567
18.6153
18.6217
18.9130
18.8240
19.0129
18.8395
18.5793
18.7910
18.5044
18.7563
18.8810
18.8674
18.4488
18.8501
18.5581
18.6172
18.6368
19.0076
19.0817
18.8943
18.7909
18.4353
18.6950
18.6221
18.5551
18.9017
19.1014
18.4032
18.3150
18.3475
18.7336
18.6953
18.5243
18.5580
18.5409
18.9721
18.2276
18.8185
18.2730
18.0953
18.3770
18.3268
18.4170
18.5206
18.5416
18.4983
18.7626
18.7687
19.1868
18.7075
18.5994
18.8092
19.1283
18.8526
18.6493
18.3818
18.3627
18.8662
18.5864
18.4211
18.3310
18.3634
18.7991
18.7129
18.9652
18.6672
18.9098
18.5284
18.6671
18.8372
18.8491
18.5187
18.5118
18.9326
18.6890
18.7770
18.6285
18.6171
18.4797
18.5870
18.7509
18.6913
18.7585
18.5550
18.6619
18.7823
19.0094
19.2713
19.0770
18.7781
18.8464
18.3888
18.8523
18.6032
18.4242
18.5415
19.0002
18.6905
18.7144
18.8459
19.5684
19.1841
18.9470
19.2405
19.0090
19.5323
18.6434
18.6460
19.3297
19.3668
19.2757
18.8757
19.2184
18.9802
19.0876
18.7772
18.3810
18.9430
19.0290
18.7188
18.9423
18.9870
18.7311
18.7020
18.9470
18.9336
19.1676
18.6823
18.9764
18.8741
19.1595
19.2083
19.4106
18.8902
19.2011
18.8441
19.0360
19.2360
18.8613
19.1434
18.8844
19.0078
18.9721
19.1136
19.1821
18.6500
18.3752
18.6249
18.4656
18.4712
18.4084
18.5923
18.9796
18.6685
19.3262
19.3313
19.0626
19.1366
18.6294
19.0115
18.4230
18.7104
19.2663
19.2427
19.1763
19.0587
18.4752
18.1118
19.0492
18.6683
19.2747
19.7445
19.5773
19.2474
19.9144
19.4785
19.2309
19.3194
19.8651
20.1583
19.6329
19.8015
20.0035
19.4716
19.9219
19.7698
19.4571
19.7778
19.7329
20.2304
20.7192
20.4362
20.4206
20.0506
20.5084
21.0379
20.2061
20.1133
20.6123
20.3623
19.5012
20.0184
20.1234
20.3439
20.2398
19.7328
20.4232
19.8490
19.9826
20.1137
19.6328
19.9144
19.8355
19.7921
20.0254
19.8176
19.9564
19.7714
19.4059
19.8493
19.7617
19.6092
19.9969
19.4551
19.8226
19.8440
19.5597
19.4549
19.6416
19.6413
19.7924
19.2608
18.6474
19.1146
19.0677
19.7724
19.7108
19.5468
19.4150
19.4231
19.3080
19.2990
19.4812
19.6823
19.8965
19.3112
19.0630
19.6033
19.8181
19.8736
19.3351
19.2092
19.3265
19.2186
19.6086
19.5087
19.2516
19.0023
19.4782
18.9618
19.0319
18.6941
19.1063
19.2451
19.0921
18.9397
19.4495
18.8140
18.6567
18.8591
18.8469
19.1405
19.3568
19.2649
19.2018
19.8150
19.3745
19.7422
19.3969
19.6054
19.1955
19.7139
19.3041
20.0418
19.5773
19.2256
19.1459
18.9451
19.3111
19.5672
19.5297
19.0979
19.1296
19.3288
18.9539
19.5221
19.2623
19.4502
19.3616
19.3425
19.4736
19.4076
19.3312
19.3628
19.5223
19.6602
19.7041
19.5958
19.6825
19.8684
19.8986
19.4457
19.8162
19.7874
19.6289
19.7345
19.6237
19.8142
19.3558
19.9160
19.6665
19.8804
19.7292
19.7402
19.5298
19.5422
19.6886
19.0323
19.5379
20.2515
19.5238
20.2285
20.0470
19.6331
19.4738
19.5551
20.0047
20.3592
19.5288
19.4486
19.6592
19.8245
19.4417
19.6395
19.4572
19.7178
19.9918
20.2339
20.0732
19.7662
19.9111
19.5981
19.6098
19.8019
19.9787
19.8260
19.7461
19.9548
20.0250
19.8715
19.9530
19.8871
19.7588
19.6242
19.8619
19.5838
19.2631
19.4786
19.6663
19.3576
19.6450
20.1095
19.5955
19.8232
20.0728
19.4973
20.1249
19.9911
20.2277
20.3579
20.4566
20.2584
20.2602
20.7082
20.0910
20.2310
20.5075
19.6825
20.1402
19.7840
19.4153
20.0293
20.1555
19.9593
19.8957
19.6382
20.0110
19.7951
19.7867
20.0735
20.3529
19.8937
19.8212
19.7601
20.0340
20.0044
20.0891
19.7547
19.8469
19.9547
20.3995
20.6052
19.8748
19.8396
19.9675
19.8527
19.3333
19.8591
20.0617
19.9121
19.8786
19.7774
19.6468
19.6724
19.5295
19.8369
19.5592
19.2354
19.3739
19.2317
19.4061
19.2741
19.2518
19.0913
19.4697
18.9798
18.6828
18.6309
19.1213
18.9943
19.3556
19.2221
19.1631
19.1384
19.6021
18.9947
19.1224
19.0554
19.0168
19.0806
19.1000
18.8670
19.0918
19.1896
19.2754
19.8363
19.3967
19.4105
19.0844
19.1396
19.1676
19.2963
19.4990
19.4066
19.9349
19.4967
19.6505
19.3029
19.5749
19.6431
19.5860
19.3365
19.7041
20.0791
19.6357
19.6264
19.4571
19.7262
19.5120
19.4990
19.9761
19.4848
20.2464
19.5710
19.8888
19.5188
18.9944
19.6121
19.2312
19.5340
19.1395
19.1360
19.4937
19.4305
19.8140
19.6966
19.3472
19.1320
19.3660
19.4215
19.1520
18.8764
19.5359
19.4270
19.6151
18.6620
19.0687
18.9050
18.8814
19.3290
18.9972
18.8003
19.1518
19.2922
18.9162
19.2762
19.2618
19.4894
19.5612
19.2983
18.8717
19.0098
18.9641
19.3095
19.1669
19.4138
19.1557
19.6332
19.1583
19.2121
19.4596
19.7224
19.4771
19.4529
19.4891
19.5498
19.9271
19.4082
19.4125
19.3314
19.4171
19.7554
19.1565
19.8500
19.3434
19.3716
19.6580
19.1873
19.5090
19.4397
19.4498
19.9416
19.0651
19.8748
19.1896
19.7900
19.4475
19.0729
19.1826
18.8090
19.1103
18.9872
19.4965
19.1995
19.0421
19.4343
19.3421
19.4854
19.5677
19.1843
19.0560
19.4461
19.2575
18.9275
19.3143
19.1815
19.6264
19.5163
19.4220
19.0932
19.1447
19.5032
19.2762
19.4424
19.3973
19.2185
19.3249
19.6083
19.4397
19.2778
19.2130
18.8279
19.0323
19.1045
18.7105
18.9882
19.0084
19.1414
19.7657
19.1813
19.3573
19.3368
19.2092
19.1149
19.4529
19.3508
19.6132
19.2323
19.0692
19.0334
19.2659
19.1149
19.1825
19.2965
19.2420
19.0877
19.6205
19.2427
19.3255
19.1071
19.3349
19.3137
19.4459
18.8839
18.9887
18.9862
19.0454
19.2046
19.4410
19.3087
19.2154
19.2142
18.9244
19.2074
19.6485
19.2986
19.5438
19.6795
18.9341
19.3086
19.5086
19.5523
19.8978
19.3525
19.5956
19.8997
19.1453
19.2575
19.0038
19.4063
19.9494
19.6664
19.4136
19.3841
19.6797
19.4219
19.5775
19.4818
19.2016
19.3659
19.8145
19.7457
19.6759
19.5550
19.8222
19.4958
19.4977
19.8495
19.9469
19.5617
19.5076
19.6752
19.2980
19.3058
19.2576
19.8160
19.3822
19.1437
19.2749
19.3841
19.6257
19.6078
19.9774
19.4716
19.3152
19.2613
19.3834
19.2269
19.3649
20.0164
19.8886
19.9285
18.9422
19.0569
19.3117
19.4352
19.2554
19.4834
19.5569
19.5218
19.5955
19.2960
19.3913
19.5421
19.1863
19.3275
19.3178
19.2754
19.4332
19.1003
19.1956
19.3254
19.0071
19.5238
19.0073
19.5380
19.0680
19.4774
19.3286
19.5400
19.1906
19.4523
19.3231
19.4324
19.2872
19.1453
19.4345
19.2805
19.6852
19.4558
19.5620
19.8679
19.7518
19.9565
19.9281
19.3326
20.0002
19.6716
19.7602
19.6913
19.6441
19.9313
20.0351
19.6870
19.5689
19.6113
19.7423
19.3274
19.8103
19.6358
20.0752
19.8630
19.8774
19.9236
19.1270
19.9271
20.0956
19.7612
19.8858
19.7768
19.6793
19.5032
19.7930
19.1960
20.0692
19.7161
18.8812
19.6710
19.3959
19.5915
20.1316
20.2971
19.8360
19.4243
19.6443
19.4984
19.9626
19.6595
19.9408
20.1455
20.0832
19.9758
19.4852
19.8586
19.7191
19.5632
19.5364
19.5887
20.0000
19.5155
19.7960
19.2785
19.3149
19.2788
20.0284
19.8401
19.5652
19.6053
19.5844
19.5244
19.3323
18.9726
19.2253
19.2648
19.2025
18.5890
18.8941
18.5553
19.5343
18.7693
19.2103
18.8929
19.3390
19.3264
19.8495
19.6354
19.4999
19.2194
20.0196
19.7340
19.6374
18.9906
19.4565
19.1245
19.0829
19.5051
19.5667
19.1048
18.9878
18.9471
18.8394
18.9770
19.3814
19.1887
19.5638
19.4312
19.5374
18.7201
19.0509
19.2857
19.4158
18.9448
19.4739
18.7642
18.9042
18.9250
19.1527
19.2143
19.4781
19.3057
19.3479
19.5113
19.2323
19.2968
19.1276
19.0684
19.6817
18.6470
18.8770
19.4303
19.5403
19.5955
19.4960
19.4185
19.4419
19.7598
19.8506
19.6187
19.7713
19.8468
19.8823
19.4571
19.2561
19.8690
19.6034
19.4980
19.8207
19.3580
19.1034
19.3728
19.5106
19.3817
19.0706
19.1699
19.4697
19.8076
19.6285
19.5605
19.5327
19.5441
19.7544
19.5511
19.4905
19.5519
19.2445
19.4713
19.6134
19.7067
18.9721
19.0571
19.3394
19.3491
20.1835
19.9006
19.6279
19.5231
19.7001
19.4986
19.7041
19.5639
20.0248
19.8416
19.2746
19.4433
19.3141
19.2788
19.2706
19.2642
19.6849
19.2617
19.0759
19.2913
19.5236
19.2631
19.6250
19.2688
19.3360
19.0509
19.2318
19.0980
19.2864
19.3637
19.2359
19.5908
19.4379
19.4020
19.1725
19.3908
19.2084
18.7172
19.0188
19.9145
19.0144
19.0737
19.3818
19.2086
18.9101
18.9768
18.4958
19.1395
19.5598
19.7473
19.4273
19.4112
19.2760
19.2279
19.7321
19.2269
19.7038
19.8073
19.7058
19.3126
20.0122
19.4355
19.4185
19.3493
19.4480
19.3607
19.1985
19.2357
19.9777
20.3262
20.8901
20.5476
20.7117
19.9251
20.5289
20.2997
19.7810
19.9933
20.1989
20.2211
20.6883
21.2702
20.7485
20.9185
21.1206
20.8742
20.6458
20.4101
20.3595
20.4204
20.9669
20.2014
20.1851
21.0531
20.1235
20.2647
20.3709
19.4188
19.8556
19.6803
19.7741
19.6241
19.5864
19.6752
19.9320
19.1383
19.4620
19.7879
19.3438
19.8388
19.8891
19.6078
19.8909
19.3760
19.2718
19.3306
19.5039
19.4700
19.1408
19.4909
19.4662
19.4285
19.6276
19.8577
19.7837
19.0830
19.6227
19.3789
19.6159
19.3236
19.1520
19.4222
18.9071
19.4000
19.3797
18.9461
19.7581
19.3324
19.5229
19.6788
19.8384
19.7311
19.9018
19.5802
19.5075
19.8085
19.0604
19.2599
19.4169
19.4418
19.5209
19.2920
19.8395
19.6663
19.3874
19.8453
19.2826
19.2159
18.9579
19.0817
19.2683
19.2479
18.7328
19.0714
19.0467
19.2837
19.4513
19.7386
19.5333
19.9887
19.4222
19.4728
19.1980
19.4543
19.5016
19.2978
18.8869
19.3470
18.9162
19.4191
19.5773
19.5319
19.4612
19.7727
19.4703
19.7493
19.9159
19.5003
19.5958
19.6290
19.4274
19.4984
19.5268
19.4105
20.0367
19.3886
19.3327
19.3069
19.3655
19.0354
19.4677
19.3196
19.8560
19.3565
19.0557
19.0410
18.9861
18.7817
19.2364
18.8309
19.1999
19.1618
18.8884
19.3754
19.3569
19.5737
19.5256
19.6415
19.7437
19.7541
19.3714
19.1682
19.0330
18.9687
19.1737
19.2276
19.3900
19.5104
18.8638
19.6241
19.5665
19.4318
19.3849
19.4705
19.1478
19.2278
19.6904
19.6765
19.7616
20.4026
19.8605
19.7882
19.6274
19.9229
19.2653
19.1607
19.4074
19.8336
19.4509
18.9641
19.2937
19.5337
19.3675
19.2789
19.9753
19.7833
19.6504
19.0477
19.3409
19.6055
19.8700
19.6544
19.5858
19.4473
19.4102
19.1627
19.3895
19.3903
18.9396
18.9756
19.3729
19.8154
20.4020
20.6136
20.7958
20.4267
20.7093
20.3148
20.5355
20.5797
20.5728
20.7036
21.2642
20.9374
21.1763
21.0877
21.5086
21.1501
20.9698
21.5552
21.5630
21.4544
21.3854
21.0010
20.6561
20.7551
21.0091
21.2063
21.1751
21.3457
21.1492
21.1602
21.2635
22.0469
21.6041
21.8893
21.5922
21.2837
20.8946
20.8976
20.8096
21.4519
21.4360
20.8182
21.6691
20.9019
21.9597
21.3613
21.6965
20.9500
21.2762
20.8481
20.9856
21.4612
21.7928
20.9115
21.0409
20.8930
21.0108
21.4067
21.4905
21.7161
21.1182
21.2567
21.7825
21.1902
21.0218
21.0806
21.3138
21.3062
21.0194
21.1784
21.1517
20.7187
20.6842
21.1396
21.0129
20.5859
20.5882
21.0297
21.1280
20.8035
20.7018
21.5380
21.0347
21.1243
20.8951
20.9982
20.9297
20.6483
20.7591
21.1283
21.3011
21.1281
20.9093
20.8189
21.2544
20.8800
20.5273
21.0156
20.7454
20.9232
20.7819
20.7082
20.7984
20.4965
20.4593
20.8612
20.5281
20.6423
20.7471
20.7541
20.6566
21.1194
20.6622
20.5404
20.8798
21.1489
20.8844
20.9362
20.8122
20.6809
21.1334
20.6001
20.4897
20.8346
20.6161
21.1113
20.8408
21.1843
20.8822
21.2761
21.3160
21.2641
21.2009
21.3363
21.2139
21.4505
21.2389
20.9953
21.4126
21.4381
21.0429
21.3031
21.1026
21.0195
20.7576
20.7463
20.6230
21.2346
21.2143
21.2729
21.2893
20.8980
20.6500
21.0775
21.2102
20.0512
20.2750
20.2370
20.2825
20.2579
20.5597
21.3615
20.7089
20.6900
21.0348
21.1532
20.9306
20.8438
20.5193
20.8095
21.0533
21.2690
21.4833
21.2111
20.5802
20.8490
20.8609
20.7277
21.1466
20.8509
21.7968
21.3455
21.0493
20.9393
21.0584
21.0905
20.9956
20.7298
20.3414
20.4319
19.9523
20.6462
20.3955
21.1070
19.7665
19.6733
20.5758
19.6350
21.0064
20.6484
20.3779
21.0193
20.5983
20.8517
21.2444
20.6248
20.5824
20.5833
20.5947
20.4967
20.9885
20.7505
20.7508
21.0597
20.7377
21.0362
20.8661
20.4183
20.6795
20.4347
20.5381
21.2933
20.1305
20.8876
20.9806
20.7795
20.7408
21.0617
21.2768
21.4116
21.0398
21.2035
21.2856
20.6407
20.9687
20.4539
20.8348
20.9767
20.6564
20.7138
20.7713
21.2697
20.9813
20.9482
21.5476
21.2664
21.2995
21.3483
21.1633
21.2652
20.5380
20.7954
20.5522
21.0629
20.6216
21.4753
20.5659
21.3037
20.9619
21.6805
21.2349
21.6678
21.0455
21.0926
20.9981
21.5250
21.9988
21.9249
21.0768
21.6087
21.4479
22.1581
21.5697
21.8305
21.1028
21.1911
21.5334
21.4731
20.9412
21.0003
21.5501
21.7746
20.7649
20.9075
21.0840
20.7827
21.1392
20.9790
21.0729
21.2549
21.2133
21.6188
21.4946
21.9185
21.8607
21.6840
21.9884
21.1195
21.9260
21.2596
21.2809
21.1920
21.4568
21.6812
21.4688
21.8394
21.9710
21.2247
21.1042
20.8218
20.9531
21.3261
21.4520
21.2900
21.4780
21.2570
21.2501
20.9293
21.0096
21.0203
21.2347
21.1310
21.6403
21.6833
21.5966
21.8920
21.7174
21.8768
21.3481
21.1888
21.5093
21.2530
21.4354
21.1366
20.9863
21.1855
20.7446
20.7551
20.9481
20.1559
20.8547
20.9441
20.5269
21.7658
20.9509
21.2571
20.5668
20.9550
20.5103
20.1540
20.2968
20.7533
20.7449
20.4047
20.5164
20.4261
20.1293
20.5693
20.3830
19.6955
20.3693
20.4308
20.7379
20.6904
20.7485
20.8322
20.4723
19.9906
20.4968
20.9165
20.1729
20.6853
20.8051
20.4001
20.6561
20.8643
19.8979
19.5481
19.4493
20.0795
20.3268
19.9104
20.3377
20.3497
20.3872
20.1802
20.3888
20.4782
20.2366
19.8086
20.5065
20.6377
20.9061
20.7054
20.1227
20.0381
20.2840
20.3278
20.6488
20.6160
20.4775
21.0832
20.8377
20.8207
20.4180
20.2167
20.7362
20.5755
21.1530
21.3548
21.5817
21.5994
21.3600
20.4398
21.1788
20.9952
20.6740
21.1399
21.2411
21.4646
21.2526
21.8430
20.9755
21.7381
20.9912
21.6510
20.7912
21.4011
20.9795
21.1421
21.4386
21.5319
21.2306
21.2419
21.0969
20.4191
20.3638
20.3565
19.9791
20.2076
20.3104
20.6014
20.8767
21.4259
20.7369
20.6894
19.8474
19.8597
20.2555
20.5915
20.0593
20.5153
20.3319
19.8748
19.7528
20.2468
20.4161
20.4651
20.0432
20.3433
20.0480
19.8093
20.3058
20.0157
20.2709
20.5029
20.6985
20.2244
20.1970
19.9781
20.2979
20.4163
20.3115
20.0770
20.5277
20.0236
20.1176
19.8597
20.2814
19.8230
19.4579
20.8777
20.1787
20.0791
20.0362
20.0966
19.9512
20.4713
20.5759
20.8703
20.7712
20.3606
20.4564
20.0781
20.1088
20.2791
20.3000
20.3833
20.2140
20.3616
20.0957
20.5520
20.3871
19.8751
19.8990
19.5760
19.7292
20.4650
20.5107
20.7652
20.4152
20.8109
20.4550
20.7693
20.6760
20.6292
20.3129
20.8154
20.1340
20.2675
20.8198
20.5952
20.7739
20.7242
20.4213
20.8593
20.6736
19.9566
20.3857
20.9157
20.6761
20.9236
20.4081
20.1986
20.2750
20.3907
20.3484
19.9741
20.2772
20.3740
20.0637
20.2985
20.7181
20.1038
20.3667
20.5941
20.5307
19.8917
19.8140
20.1959
20.4317
19.9441
19.6302
19.7716
19.9195
20.3502
20.7837
20.6167
20.4831
20.3201
19.8374
20.0970
20.2192
20.3839
19.9868
19.8245
20.4180
20.4895
20.5242
20.4319
19.8029
20.1902
20.3055
19.6741
19.8450
19.7248
20.1887
20.1616
20.3230
20.9918
19.3145
19.2515
19.1641
19.6006
19.7146
19.1564
19.8596
20.2735
19.8430
20.7933
20.6365
20.6068
20.5443
20.6994
20.4533
20.9185
20.3584
20.1116
19.9973
19.9584
20.2043
20.4885
20.0301
19.7572
20.3902
19.7472
19.9367
19.8996
19.7978
19.4602
20.4898
20.3014
19.9042
19.9352
19.3365
19.8141
20.0793
20.2829
20.6236
21.1765
20.8500
20.2337
20.2240
20.7981
20.8946
20.2831
20.1114
20.5587
20.1868
21.0480
20.2220
20.4030
20.7533
21.1329
20.5347
20.9311
21.0539
20.2235
20.1409
20.8062
20.2716
20.6789
20.5457
20.2147
20.5706
20.9407
20.7294
20.6069
20.8708
20.7615
20.4158
21.0253
20.8445
20.9933
21.4661
21.2837
21.8137
21.0256
20.7867
21.2331
20.9940
20.8949
21.4369
20.5924
21.2047
21.2605
21.4389
21.0769
20.9218
21.4402
20.9754
21.2635
21.1590
21.5371
21.5010
21.3473
21.5162
22.0012
22.3278
21.9412
21.9304
22.3485
22.8261
22.2904
21.9954
21.5321
21.9865
21.8437
21.2574
21.5497
21.5373
21.9413
22.1831
21.7298
22.2460
22.1294
22.1843
22.2038
22.3530
21.8848
21.7436
22.0441
22.4072
21.7915
21.3481
21.2743
21.4061
21.3370
21.5195
21.1625
21.6611
21.5570
21.5326
21.2704
21.3986
21.3574
21.7000
21.0188
21.4774
20.9042
21.0803
21.5165
20.9677
20.9941
20.8102
21.5663
21.4262
21.8435
21.9312
22.1282
21.9895
21.6721
22.2085
21.6873
21.3746
21.4896
21.7176
21.5965
21.3461
21.3081
20.8043
21.5628
21.1279
21.4684
21.6639
21.7663
21.3820
21.6249
21.8801
21.6848
21.1510
21.1711
20.9354
21.2257
21.0020
20.9278
21.1010
21.1712
21.1472
21.7677
21.3645
20.7984
20.9527
21.5939
20.9673
20.9643
20.9419
20.7891
20.8729
20.5454
20.7957
21.0382
21.1003
20.2119
20.5306
20.5129
20.8382
20.9727
20.4290
20.4120
20.7624
20.4570
20.6931
20.9175
20.5349
20.6299
20.8882
20.5780
20.8178
20.8587
20.3565
20.6556
20.3807
20.2014
20.2111
20.9665
20.1842
20.7544
20.5604
20.6871
19.9402
20.2964
20.4748
20.3074
20.0486
20.2216
20.3238
20.0945
19.5157
19.4914
19.2815
19.8083
19.6598
19.4801
20.0915
20.0685
20.1519
20.7728
20.4640
20.5552
20.2787
20.0940
20.3578
20.5671
20.3612
20.6525
20.4131
20.5247
20.0421
20.5417
20.6081
20.9216
20.5094
20.1474
20.3153
19.9056
20.3827
20.5284
20.3903
20.3970
20.6712
20.7821
20.4402
20.1511
20.8492
20.9266
20.4967
20.2652
20.5961
20.9952
20.7543
20.3084
20.3946
19.9597
20.2261
20.3440
20.4491
20.5825
20.2117
20.0659
20.4806
20.0382
20.4520
20.3716
20.4342
19.5777
19.9578
21.0327
20.5945
20.4927
20.9211
20.3307
20.0642
20.4659
20.2945
20.6214
20.7158
20.8947
20.8626
20.6764
20.2081
20.5215
20.9154
20.7033
20.2194
19.8676
20.7526
20.3288
20.5257
20.3348
20.2852
20.6434
20.3323
20.9372
20.5933
20.5969
20.4736
20.8714
20.8851
20.5828
20.7121
20.5646
20.8393
20.9333
20.4436
20.3492
20.4201
20.3667
20.4075
19.7944
20.8406
21.0582
21.0219
20.5129
20.5416
20.9759
21.2644
21.3096
21.2618
20.6480
20.9597
20.7562
20.7443
20.9779
20.8266
20.9339
20.6693
20.7178
20.4549
20.9171
20.5883
20.5078
20.7708
21.0478
21.0417
21.2780
21.2514
21.8467
20.8892
21.0494
20.9284
21.5369
21.9541
21.3858
21.0260
21.1862
21.2243
21.0350
20.9069
21.0598
20.9942
21.3767
21.1247
21.0657
21.3679
20.7119
20.3992
21.1785
20.5263
20.6574
20.4153
20.7101
21.0288
20.9133
21.0944
20.6226
20.8286
20.7070
20.9634
20.7626
20.6336
20.7533
20.7414
20.8711
20.8912
20.8458
20.8486
21.3815
20.8458
21.1328
21.3972
21.1544
21.4217
20.8566
21.1290
21.0807
21.3211
21.2369
21.0240
20.9731
21.2933
20.9741
20.8593
21.0398
20.9199
21.5992
20.9411
21.0923
21.1387
20.3262
19.9804
19.8458
19.3749
18.4914
19.4767
19.1785
19.3784
19.7833
20.3506
20.3463
19.7978
19.3978
19.4526
19.8002
19.8634
19.6646
20.3157
19.6851
19.2035
19.8676
19.7455
19.3152
19.2382
19.4153
18.9521
19.3217
19.1856
19.4615
19.6115
19.7846
20.3277
19.3089
20.1297
20.4544
20.3297
20.0452
19.7888
20.1837
19.7404
20.3601
20.6287
20.6129
20.9025
20.5696
19.5138
20.0996
20.5643
20.2470
20.6303
20.6642
20.4392
20.3409
20.7507
20.9245
20.6933
20.1081
20.0781
20.2212
20.8027
20.0226
19.9422
20.6677
20.6825
20.1054
19.9814
20.2076
19.6881
19.3996
19.8618
20.4123
20.3210
20.7481
20.2613
20.2308
20.0918
20.2966
20.2905
20.1048
20.6586
19.9455
20.4693
20.3549
20.3891
20.5414
20.7911
21.1806
20.5255
20.8019
20.3639
20.4075
20.1684
20.5138
20.7081
20.8411
20.5037
20.5894
20.3084
20.4171
20.9392
20.6638
21.0380
21.1891
20.7046
20.5871
21.2816
20.6470
20.5040
20.9891
21.1876
21.4230
20.6070
20.3532
20.3141
20.5195
20.4049
20.6805
20.9401
20.9317
20.6343
20.6445
20.6989
20.7648
20.6809
20.1023
20.4603
20.3816
20.6705
19.9368
20.1353
20.7347
20.1043
20.7281
20.2148
19.8221
19.6664
20.1926
19.8733
20.4921
20.4673
20.7380
21.4664
21.1745
21.3998
20.9671
21.4175
20.3576
20.5880
20.7681
20.4816
20.8687
20.0504
20.5738
20.0850
20.6164
20.3464
20.5162
20.4236
20.3116
20.8410
20.3728
20.0063
20.4694
20.7982
20.5908
20.9694
20.2199
20.3611
20.6544
19.5578
19.8919
20.2002
20.2015
20.1991
20.3171
20.0168
19.5317
19.7400
19.8953
19.3672
19.8534
20.2072
19.1911
19.6037
19.8816
20.6820
20.5968
20.0233
20.4908
19.7992
19.9980
19.9511
19.8551
20.1000
19.9546
19.8341
19.7749
20.2233
20.1109
20.0000
19.9276
20.0603
19.8673
20.1528
19.7351
20.4159
20.1673
20.1572
20.5636
19.8905
20.4502
19.9681
20.2571
20.3119
19.2756
19.4570
20.0490
19.8439
19.4147
19.2999
19.1239
18.9859
19.4082
19.8695
19.1896
19.4110
19.6656
19.6861
19.5359
19.1619
19.0761
19.1063
19.0334
19.1369
20.4945
19.9843
19.9532
19.7304
19.5162
19.4361
19.1173
19.6729
18.6219
19.3404
19.2878
18.8183
19.3415
19.3187
19.3810
19.1428
18.0416
18.5955
19.3043
19.2844
18.8918
18.9778
19.2909
19.1146
20.1654
19.6977
19.0814
20.0592
19.7904
20.1408
20.0248
19.4482
19.5261
19.7009
19.8783
19.6482
19.7799
20.2578
19.7817
20.0342
20.1542
19.4501
19.6154
19.4392
19.0557
19.2989
19.3634
19.0581
19.5113
19.5425
19.1569
20.2853
19.8798
19.4901
18.8867
19.6381
18.8466
19.5265
20.0210
19.7117
19.2946
19.5722
19.6984
19.6605
19.5263
19.2031
19.3844
19.4311
19.7133
19.5192
19.0874
18.7199
19.1302
19.2506
19.4984
19.8264
19.7860
19.2152
18.9607
19.2747
19.4205
19.3808
19.5445
18.9122
19.6719
19.3675
19.4890
19.8905
19.7468
19.2331
20.1064
19.8670
19.8550
19.5236
19.0546
19.9160
19.9435
20.4389
19.5348
19.7410
19.4836
19.4387
19.5054
19.5084
19.7208
19.9112
19.6475
19.5165
20.1704
19.6242
19.1082
19.7398
19.8736
19.9564
19.4195
20.1711
20.0632
19.7442
20.1978
19.7199
19.2223
19.6995
19.9282
19.8821
19.9370
20.0083
20.3486
19.5336
20.2710
20.2705
20.2712
19.7024
20.2277
20.5064
19.4331
20.0741
20.2481
19.9351
19.6046
20.8260
20.2854
19.7459
19.8934
19.6869
20.3000
18.9969
19.3998
19.4675
19.7163
19.9280
19.9974
19.6782
19.6712
19.8947
19.8561
19.6866
19.9268
19.6005
20.1967
20.1711
20.3727
20.2009
20.3619
19.8151
19.5868
19.4424
20.1003
19.9414
20.4801
19.8700
20.3490
19.5696
19.4867
20.1393
20.2930
19.6882
20.2697
19.8842
19.6222
19.3129
19.7709
20.1098
19.9314
19.7451
19.6723
19.4488
19.4060
19.4959
19.4230
19.7483
19.6819
19.8609
19.7393
19.0152
19.2492
19.2897
19.5837
19.5542
19.3344
19.7617
19.5113
19.4893
18.5852
18.7947
19.5852
19.6701
19.7104
19.6733
20.0261
19.1141
19.7798
19.2951
20.1364
20.1460
19.2128
19.7986
19.1075
19.7914
19.2758
19.6598
20.1181
18.9975
19.1479
19.7291
19.8024
20.2603
20.0328
19.8995
20.4610
20.5142
21.3266
20.8517
20.5405
20.2646
20.3847
20.6189
20.4497
20.3283
20.2553
20.3931
20.8640
19.8578
20.0318
19.7386
19.7190
20.0382
20.1013
19.5950
19.5694
19.5205
19.6122
19.5737
20.0196
20.4776
19.9416
19.5680
19.1889
19.1572
20.0321
20.1991
20.0392
20.2269
20.0873
19.3212
19.1224
20.0107
19.3628
19.1893
19.8148
19.2581
19.3988
19.4684
18.9755
19.1557
19.3149
19.5696
19.7676
19.5217
18.2903
18.8268
19.3371
19.7087
18.4862
19.7644
19.0421
19.9155
19.6294
19.3859
19.0558
18.5502
19.0827
18.5372
19.6775
19.4795
19.0902
19.6629
19.1132
18.9289
19.7551
19.2871
19.3523
19.4881
18.9443
19.7438
20.0524
19.4030
19.8581
19.1856
20.1662
19.6488
19.6835
20.0452
19.7687
19.6244
19.2692
19.9043
19.5681
19.2219
20.0944
20.2785
20.9102
20.1352
19.9225
19.5539
19.4860
19.2538
19.3668
20.2219
19.8459
20.1595
20.2244
19.6291
19.2662
20.1083
19.8321
19.8615
19.7791
19.5563
20.1383
20.3128
20.2943
20.5302
20.0972
19.9022
19.8922
20.6309
20.2140
20.0122
19.8089
20.0866
20.1842
20.5483
20.3916
20.3300
20.1380
20.5380
20.4576
19.7414
19.9578
20.4354
20.5907
20.9161
20.0726
20.4096
19.9003
20.2867
20.7534
20.7844
20.0363
19.8467
20.3501
20.3649
19.6026
20.3880
20.4088
20.7049
19.8756
20.5494
20.8472
19.6934
19.1201
19.7492
19.8747
19.4003
19.0871
19.5736
19.3848
18.6734
19.0485
19.7210
20.3486
20.5194
20.3228
20.1860
19.8150
19.7138
19.7640
19.6118
20.6985
20.3374
20.3156
19.6912
19.7112
20.4439
19.1852
19.4283
18.7284
18.5856
18.7143
18.8210
18.9230
18.6395
19.4808
19.9014
19.3985
19.2115
19.3920
18.9336
19.5867
19.2388
20.2603
19.6346
19.5703
19.5254
19.3184
19.3296
19.1671
19.0298
18.8387
19.0974
19.2759
19.5555
19.9236
19.4673
18.4248
19.3383
19.3938
18.9474
18.3166
18.2964
18.2112
18.5154
18.6064
18.3837
18.0726
18.7152
19.1263
19.4620
19.1834
19.2309
18.7647
18.9892
19.5172
19.2397
19.4810
19.1529
18.6179
18.6605
19.0252
18.6191
19.2426
19.0826
19.0122
18.8243
19.6009
19.3059
19.2404
19.3907
19.7364
19.3299
19.0555
19.0991
19.6310
20.1150
19.4592
20.1212
19.8966
19.7773
19.8845
19.7450
20.0352
19.8368
20.4300
19.5362
19.4429
19.3362
19.5514
19.3811
19.6580
19.5423
19.7239
19.5473
19.9561
20.0545
20.1026
19.6028
20.0449
19.4784
19.3388
19.6682
19.4654
19.0644
19.6352
20.0973
20.4238
20.3993
20.2303
19.7256
19.5322
19.6658
19.4566
19.8086
19.4782
19.8545
20.0393
19.9889
19.2720
19.6719
19.9853
20.1860
20.0262
20.4700
20.1282
19.3500
18.9628
19.5932
19.1702
19.9534
19.7966
19.8883
19.9183
20.3209
20.1756
20.2086
20.3989
20.1042
19.7029
19.7814
19.1086
19.7617
20.2786
19.6060
20.2116
19.8320
20.0001
20.0658
20.4853
20.0594
19.9453
19.6862
19.9607
20.5978
19.1376
19.7499
19.6601
19.6754
19.3528
19.5010
19.0648
19.1683
20.0480
20.4242
21.0598
20.3566
20.3724
19.9671
20.0210
19.6134
20.1321
20.8540
20.2616
20.6777
20.5142
20.0461
20.1912
19.8238
20.1840
20.3678
20.0839
19.5668
19.6289
19.6869
18.9137
19.2655
19.5191
19.7924
19.1869
19.6932
19.5756
19.7475
18.5915
19.8692
19.5088
19.2580
19.4919
19.5918
19.6939
19.6513
19.3487
20.6365
20.0721
20.1146
19.9940
20.3375
20.1208
20.0393
18.8553
19.2315
19.3759
19.2251
19.4482
19.1275
19.0811
19.7123
20.2993
19.7642
19.9520
19.5016
19.4025
19.5202
19.7107
19.5143
19.7351
19.2959
19.1577
19.6435
19.5765
18.7887
19.3410
18.6229
18.6936
18.6873
18.3565
19.1118
18.6887
18.7911
18.9313
17.9567
18.4643
18.8942
18.9300
18.9578
18.9668
19.3642
19.1402
19.6446
19.4404
19.4339
19.3359
19.8256
19.7352
19.1991
19.0710
19.1129
19.3235
19.8425
19.6256
19.1076
19.6407
19.6403
19.6350
19.3602
19.4613
18.7447
19.2190
19.1410
19.3197
19.4197
18.4236
18.7335
19.6522
19.2651
19.9697
19.8309
19.7176
19.3403
19.1517
20.1815
20.2001
19.8709
19.1428
19.3061
19.3438
19.2722
18.9616
19.2338
18.8668
19.1756
19.1950
19.0719
19.1452
19.4477
19.4791
19.4032
19.0212
20.1975
19.2821
19.4002
19.1436
19.3446
18.5168
18.9520
19.2152
19.3749
19.5695
19.4171
19.6335
19.2318
19.7952
20.4428
19.8286
19.7895
20.3288
19.4727
19.8426
19.5869
19.8767
19.9765
18.8878
19.3196
19.0866
19.1822
19.1672
19.2837
19.5493
19.6632
19.1448
18.7517
19.1304
18.9067
19.9224
18.9418
19.2769
18.7440
19.5041
19.0513
18.6413
18.8815
19.3795
19.5160
18.4724
18.7100
18.8856
19.0407
18.8954
19.7374
19.2196
19.4234
19.1055
18.8050
18.7569
18.8047
18.7553
19.1024
18.7266
19.0213
19.1091
19.2384
19.1038
18.7493
19.1795
19.1792
18.9364
19.1454
19.2900
18.9417
19.2660
19.1506
20.1087
20.0190
19.9217
19.6296
19.1390
19.2590
18.6858
18.3650
18.1950
18.5477
18.3011
18.7756
19.1488
19.6502
19.4519
19.9779
19.9738
20.0842
20.3273
20.5779
20.5110
20.3142
20.5117
19.8187
19.6826
19.7983
19.2880
18.9225
19.0494
19.3969
19.8670
19.7685
19.7385
20.5278
19.5695
20.0813
20.2099
18.8831
18.9697
19.0332
19.2904
18.6923
18.9866
18.8862
19.1072
18.8658
18.8754
18.6691
19.4237
19.5562
18.8211
18.7390
19.0570
18.2438
18.4422
18.7804
18.7599
18.6801
19.9209
19.4445
19.0458
19.0014
18.7909
19.0131
18.7922
18.4135
18.6635
18.9787
18.7086
18.9633
18.7265
19.0743
17.9654
18.7815
18.9566
18.9858
19.0964
18.8941
19.2175
20.0116
19.0306
19.2177
18.7807
18.5296
18.8408
18.6227
18.7034
18.7780
19.2106
19.0921
18.7882
18.3640
18.6326
18.6216
19.2603
18.6856
17.7044
18.2852
18.3086
18.1574
18.4413
18.9027
18.8210
18.3591
19.1582
19.5016
19.2852
18.8335
18.3591
18.6217
19.3801
19.0215
19.6270
18.8687
18.8876
18.5193
19.2565
19.7084
18.5028
18.9874
19.1593
18.9221
18.4019
18.4528
18.6391
19.3508
19.0121
18.8678
18.5800
19.1220
18.8087
18.6740
18.6060
18.3273
18.8625
18.8235
19.5089
18.6985
19.1245
19.2551
19.2249
19.3451
19.6309
19.0190
19.4689
19.3187
19.7105
19.9641
19.7016
19.4786
19.5772
19.4920
19.5758
19.8598
19.1519
19.0498
18.9782
18.9940
19.2727
19.3537
19.6668
20.4801
19.5590
19.5477
19.6266
19.3804
19.7292
20.1402
19.6623
19.2947
19.0101
19.4516
19.1677
19.2843
18.9256
19.4480
19.1606
19.5059
19.5000
18.6674
18.6587
19.3336
18.7127
19.1943
18.7283
18.5372
18.9587
18.9168
18.8184
18.3260
18.4379
18.9528
19.3642
20.0720
19.8391
19.4626
19.1293
20.0708
18.6959
19.8418
19.7958
20.4115
20.1925
20.5279
20.2933
19.8802
19.7323
20.1090
20.5320
21.2024
20.7806
20.7300
21.1170
20.5450
21.3589
21.8594
20.8923
21.2200
21.4630
21.7189
20.6783
20.9537
20.6431
20.5640
20.2658
19.8764
19.4258
19.2998
19.6421
20.4261
19.4075
19.5251
20.0188
19.7511
19.8184
19.3782
19.7840
19.7581
19.4486
19.3577
20.3954
19.9431
20.8774
20.6064
20.0036
19.6924
20.6640
19.6199
19.5612
19.9608
20.0248
20.0573
20.0184
18.8458
19.5400
19.1766
19.4397
19.2150
19.4396
19.9978
19.1347
19.3883
19.4070
19.6833
19.4851
20.2602
20.3092
19.9288
19.6161
20.3917
20.4591
20.5001
20.7704
20.6488
20.9190
20.0316
20.3629
19.3871
20.6014
20.8461
21.1080
20.7774
20.5295
20.4138
20.0822
19.8837
20.8588
21.3700
20.7033
20.8396
20.8359
21.0434
21.4563
20.8997
20.4697
21.1405
21.7956
21.2543
20.5495
19.8302
19.9876
19.2816
19.6001
19.4707
18.7862
18.9753
18.9969
20.0708
19.7186
19.0477
18.8181
18.9520
19.2909
18.7037
18.4395
19.1686
18.8021
18.2585
19.2730
18.7260
18.9185
18.8173
18.6217
18.5810
18.9312
19.2003
18.9945
18.9380
18.9974
19.5398
19.2262
19.0106
19.4355
19.1799
18.9754
19.9436
19.3494
18.6378
18.7608
18.4465
19.0581
19.3105
19.1992
19.7470
19.8701
19.4830
19.5960
18.3394
17.6107
19.0476
19.0978
19.5493
18.9578
18.5789
19.0935
18.9640
18.5728
18.9904
19.4983
19.0997
19.0902
19.2127
19.2498
19.1998
19.7356
18.9435
19.6476
19.3719
20.7737
20.4551
20.1230
19.9514
19.9217
19.5625
20.4335
19.5107
20.1818
20.3148
19.6638
19.5214
20.5383
19.3079
20.4410
19.1384
19.7844
19.1238
19.4968
20.8040
20.4626
20.1771
20.4338
20.3448
20.3491
20.3056
20.1312
20.2531
20.4156
19.9987
18.8738
19.4468
19.3656
19.4579
19.4590
18.9606
18.6717
18.7392
19.3279
18.7986
19.3424
18.6962
18.6791
17.9464
18.8993
18.0398
18.5615
18.4361
18.9144
18.8936
18.7119
19.0811
18.4334
18.4007
18.4678
19.0234
18.6163
18.4180
18.7429
18.8949
19.0784
18.8595
18.5928
19.3636
19.4572
18.7832
18.7430
19.1707
19.1429
19.0627
18.3871
18.7034
18.7801
18.8991
19.3561
19.1403
19.4933
19.6733
19.2815
19.1510
19.7730
19.7479
19.0044
19.0782
19.6271
19.5474
18.3387
19.0056
18.6282
19.3372
19.0567
19.6404
19.4877
19.4595
19.2474
19.7538
19.5895
19.7693
20.3901
20.5616
19.4127
19.7816
19.5150
19.4311
19.5839
19.6838
20.6176
20.9723
20.0988
19.7128
19.6086
19.7780
19.4645
19.4525
19.9798
20.1417
19.3402
19.1130
19.2423
19.0234
20.2777
20.2013
19.8746
20.3950
19.6195
19.4059
19.1975
18.8465
19.8973
18.6378
19.9352
19.7304
19.4542
19.4780
19.4794
19.2874
19.2864
19.2253
19.0124
19.6833
19.9383
19.7122
19.4747
19.5635
19.3743
19.5803
20.1686
20.0113
20.1582
20.7604
21.2545
20.6303
20.7339
20.1818
19.9801
20.4795
20.5602
20.8428
21.0142
20.8602
21.2250
20.7513
20.9617
21.4136
21.2058
21.3200
20.7544
20.4108
20.7263
20.2175
19.8487
20.3387
19.8729
20.0303
20.0700
19.5396
19.9033
20.0227
20.6081
20.6983
20.1279
19.3634
19.3188
19.9085
19.5648
20.2028
19.7335
19.3935
19.3109
20.1201
19.9664
19.9367
19.3621
20.0248
20.3282
20.7173
20.0125
20.0887
19.6416
20.2712
20.0731
19.4110
19.9076
20.4111
19.6547
20.3850
19.8579
20.5150
19.9372
19.6078
19.7424
19.8978
19.7335
19.6458
19.6350
19.7691
19.8471
19.9871
20.6916
20.2534
19.9533
19.4889
19.6063
19.5021
19.5401
19.5350
19.1378
19.2513
19.3941
19.4755
19.8012
19.9870
19.4680
19.2438
19.2961
19.5459
19.5943
20.0890
20.0968
20.1575
20.2846
19.5516
20.0583
19.9502
19.7242
19.4616
20.1159
20.1229
19.7756
19.6592
19.6959
19.8672
20.1088
19.5972
19.6141
19.7299
19.9664
20.3397
19.6138
19.3317
19.1963
19.7494
20.3133
20.5026
19.7307
19.8636
20.5430
19.7442
19.8833
20.4917
19.7774
19.9472
19.3311
19.7444
19.2181
19.7161
19.3982
19.8521
19.5315
19.3451
19.6298
19.4789
20.1775
19.6237
19.7673
20.3867
19.6140
20.5278
20.4998
19.9921
19.6695
20.0022
19.5313
19.5492
20.6376
19.7894
19.3233
19.5551
19.6596
20.0541
19.9986
20.2705
20.2025
20.1537
19.4782
19.8015
19.9964
19.8783
20.3817
20.3184
20.2600
20.7129
19.6679
19.6456
19.9901
19.4923
20.0500
20.1164
20.5946
20.3058
20.2026
20.1218
19.8920
20.2631
20.8648
19.9810
20.3939
20.5858
20.3428
19.7298
20.2128
20.4923
20.8033
20.6392
20.7428
20.9465
20.4691
19.6472
20.2046
20.5153
20.2078
20.2528
19.2644
19.5488
19.2085
19.1580
19.5260
19.6692
19.4292
19.8653
19.6887
19.8416
19.1738
20.2321
19.6285
18.9479
19.7858
19.4721
19.9303
19.9640
19.7842
20.8625
20.2367
20.3500
19.7610
19.2596
20.1480
19.8300
19.7998
19.9034
20.4261
20.2253
21.0359
20.7817
19.5324
19.6108
20.0817
19.5404
19.6318
19.7332
20.2021
19.4673
19.9791
20.1566
19.2397
19.9066
20.1253
20.0746
20.0606
19.6216
19.2920
20.0506
20.5281
20.5009
19.8461
19.1785
20.2130
20.3239
20.3432
19.8996
19.6582
19.6137
19.6383
19.6915
19.7499
19.6504
20.0397
20.2216
20.0236
19.1626
19.9187
19.2642
18.7466
19.0394
19.8549
19.0985
19.0487
19.3244
19.4299
19.3870
18.9468
19.1678
19.3347
19.1109
19.5210
19.7044
20.4525
19.3067
19.3702
20.6023
20.4463
19.9032
20.0730
20.2517
20.0581
20.4976
20.7947
20.0901
20.2603
19.8360
19.7533
19.8773
19.0159
20.4496
20.0152
19.9192
19.7015
19.7043
19.9709
19.1439
19.2268
20.1360
19.5281
19.1541
20.2622
20.5848
19.8860
20.2822
19.9280
19.9930
19.8435
19.8630
20.0402
20.0583
19.4485
19.7395
20.1363
20.1351
20.2044
19.3210
20.3949
20.2213
20.6262
21.0313
20.4761
20.3112
20.3110
20.3830
21.1523
20.2859
20.3001
20.7768
20.7050
21.1285
21.0071
20.1205
20.0571
20.5677
20.3937
20.4681
20.3863
20.9167
20.4723
19.8775
20.0574
20.2197
20.0905
19.7216
20.3158
19.6186
20.2063
20.5264
20.7903
20.0264
20.6746
20.9013
20.7639
20.1300
19.9019
20.9142
20.5048
20.5060
20.2655
20.1268
20.4244
20.7460
20.9389
20.9371
20.8562
20.4850
20.4634
21.2574
21.4837
21.3008
21.1939
20.4804
20.8422
21.4757
21.3723
21.8964
21.8142
20.9991
21.4342
21.2425
20.8863
20.6391
21.0686
20.3527
21.0245
20.8876
20.3389
20.6736
20.1650
20.0569
19.9101
20.5679
20.2288
20.1079
20.7396
20.5858
20.6998
20.6257
20.6660
20.4831
20.3199
19.9741
20.1543
20.0402
20.1402
20.4841
20.4846
21.2146
20.2126
19.6841
19.7672
20.0440
19.8924
20.1933
19.4352
19.7362
20.2909
19.8457
19.4960
19.5333
19.1580
19.2746
19.4194
19.5400
19.0783
19.7340
19.1887
19.7416
20.0269
19.9640
20.3170
19.1805
19.6036
20.5210
19.9629
19.8060
19.9603
19.3812
19.4836
19.7220
19.2212
18.8960
20.5843
21.1590
20.4416
19.9949
20.3574
19.9455
20.3219
19.5772
19.8595
20.4350
19.7846
20.0082
20.0588
19.5687
20.0579
19.7330
20.2128
19.8112
20.4023
20.7379
20.0730
20.5944
19.8746
20.0653
19.1549
19.4777
19.0908
19.2535
19.1612
19.3219
19.2224
19.2864
19.6559
19.5191
20.5024
19.6352
19.9695
19.6423
20.3080
19.7285
20.1050
19.9316
19.2960
19.4665
19.2706
19.0093
19.0599
19.0325
19.2784
19.5446
19.4636
19.0766
19.3788
19.1910
18.7933
18.6351
18.9375
19.1472
19.4816
19.9320
19.3689
19.4281
19.2851
19.9715
20.3914
20.0498
20.4993
20.6564
19.9400
19.8600
19.3650
20.0815
18.9954
20.0177
19.6894
20.4097
19.9095
19.5759
19.8156
20.4909
20.5502
19.6475
20.1405
19.9053
19.8920
19.4396
18.9364
19.4858
19.3721
19.4384
19.6077
19.5932
19.5116
19.7471
19.3360
20.1326
19.7557
19.4797
19.3062
20.1241
19.8299
19.4601
19.7718
19.0934
19.2231
19.5718
19.5976
19.6697
19.2292
19.2618
19.4152
19.0613
18.5678
18.9239
19.7617
19.0101
19.1812
19.0089
19.8268
19.5100
19.0752
19.3354
19.1930
19.3383
18.8418
18.9420
18.6051
18.9626
19.1059
18.5166
18.1320
18.5168
19.1215
19.3149
18.5765
18.7371
18.4363
18.2844
19.3260
19.1972
19.0115
18.1347
19.0481
19.2156
19.2035
19.4545
19.5000
19.2580
19.0314
19.1670
18.8711
19.1135
18.4985
18.5664
18.2171
18.6396
18.6592
18.4744
18.7710
18.5567
17.6755
18.6748
18.2749
18.6483
18.5003
18.7793
18.7617
18.6411
18.9948
18.5667
18.8303
18.9087
18.6259
18.2950
18.6769
18.3630
18.4093
18.4445
18.8985
19.0851
18.3167
18.9004
18.9776
18.7601
18.6173
18.5922
18.9216
18.2981
18.5909
18.9572
18.3234
18.1917
18.9649
18.9274
18.7066
18.6844
18.5684
18.2755
19.1633
19.1793
19.3493
19.3115
18.6430
18.5712
18.6373
18.1210
18.4888
18.2058
18.2179
18.8210
18.4225
18.4654
18.8383
18.6995
19.3024
18.7632
18.9965
18.7659
19.0922
18.4202
18.3184
18.1314
18.0897
19.0014
18.4342
18.7488
18.6565
18.1215
18.0923
18.5703
18.3582
18.7310
18.9271
19.8267
19.0916
18.8358
18.9025
19.0801
19.0067
18.7764
18.9444
18.7255
18.5702
19.0784
18.3332
18.6141
17.6132
18.0124
18.7459
18.4486
18.9956
17.8511
18.3262
18.1323
18.8707
18.4864
19.0728
18.8102
17.9812
18.5595
18.1850
18.3606
18.3651
18.3168
17.9997
18.8314
18.4474
18.4677
18.6674
18.5082
18.6848
19.2359
19.0100
18.7806
18.9091
18.5157
18.4258
18.4937
18.4693
18.4335
19.2256
18.3279
18.3962
17.3621
18.3405
18.2917
18.6049
18.4834
18.7354
18.9827
18.8577
19.3045
18.8301
18.9860
19.5299
19.9878
19.0586
18.8125
18.9904
19.4852
18.9656
19.4898
18.9301
19.1940
19.1457
18.9260
18.9253
18.5342
18.5776
18.4473
19.1158
17.7646
17.8921
18.7331
18.9852
18.7640
18.5591
17.9585
18.3864
18.5327
18.3929
18.8857
18.9795
18.8199
18.6112
18.3095
19.0447
19.2851
18.8790
18.9023
18.5672
18.1601
18.3435
18.6352
18.2963
18.6502
18.8870
18.6489
18.2503
18.1703
18.0947
18.0547
18.7339
18.3766
18.8156
19.0715
18.8626
18.9809
18.6574
19.5075
19.0206
19.0611
19.3993
18.5334
18.5060
18.9142
18.9603
18.6664
18.5573
18.5666
18.6114
19.2555
18.8438
19.5189
19.1481
19.2931
19.0876
18.3771
18.4573
18.4167
18.3379
19.1333
18.8570
19.0047
18.9844
19.0570
18.6737
19.4635
18.4137
18.7336
18.7081
18.8711
18.4313
18.5353
18.3638
18.3444
19.3135
18.4556
18.6786
18.4347
18.5622
18.6388
18.6315
18.8542
18.9163
18.8306
18.6894
18.4485
18.4740
18.2980
18.5397
18.5337
18.6892
18.9577
18.5684
19.0238
18.7918
19.4406
19.1032
18.7783
18.9876
19.2950
18.6926
19.4096
19.3615
18.8812
18.9516
19.2352
18.9144
18.8119
18.4976
19.2267
18.6177
19.4932
19.2485
18.9971
18.9236
19.1224
19.1484
19.2137
19.1846
19.0536
18.8707
19.4054
19.1636
19.4277
19.8266
19.7011
19.9236
20.0653
19.6774
20.0528
19.4700
19.4805
19.2235
19.8291
19.2711
19.7306
19.9634
19.7506
19.6720
20.3267
18.8716
18.9795
19.1496
19.5936
19.3369
18.9446
19.3147
19.1885
19.8795
20.1835
19.4905
19.0247
19.7474
20.0884
20.3168
19.8497
19.6365
19.7622
19.0968
19.3308
19.6565
19.4413
19.4941
18.9891
18.9943
19.2327
18.1406
18.4455
18.7319
18.9963
19.5669
19.2770
18.5764
18.9190
19.1573
19.4220
19.2061
18.9812
18.9484
18.7993
18.9598
19.2483
18.8145
19.0512
18.4729
19.1550
19.0325
19.1557
19.1380
18.7653
19.4490
19.6090
18.8805
19.5275
19.3920
19.7018
19.3321
19.1875
18.7523
19.0049
19.4827
19.6713
19.2334
19.0982
18.9588
19.8962
19.3616
18.8156
19.6260
19.7522
19.3400
19.7490
18.8856
18.9360
19.5715
19.5480
19.2457
19.1615
19.4200
19.4269
19.7469
19.2276
19.1642
19.2226
19.8482
20.1922
20.0868
19.8731
20.1014
19.9545
19.8178
19.2270
20.2027
19.7065
19.7565
19.4095
19.3649
18.9929
18.7112
18.1380
17.9536
18.8117
19.0538
19.1321
19.5874
19.1262
18.8003
18.8483
19.2704
18.2000
18.4014
17.8945
18.3176
18.1579
18.0453
17.7256
17.5697
19.7332
18.4829
18.8455
18.4575
17.7782
18.1446
18.0257
17.8910
18.4264
18.0688
18.2190
17.4756
18.0099
18.3329
17.8631
18.0307
17.7329
18.0607
18.4772
18.0501
18.5971
18.3895
18.3988
18.6810
18.0646
18.6378
18.2955
18.4060
18.7760
18.2629
18.3083
18.5829
18.2771
18.4287
18.5786
18.5407
18.3469
19.0139
18.7725
18.3086
18.4999
18.8627
18.6336
18.8012
18.6785
18.2586
18.5009
19.3610
18.8339
19.4208
19.0684
19.0729
19.1853
18.9880
19.3133
19.0233
18.7619
18.9993
18.8708
18.6742
18.6185
19.3096
18.3253
18.6508
18.6000
18.5139
18.5785
18.9454
18.4769
18.0812
18.6754
18.9303
18.9724
19.2224
18.9326
18.6177
18.2536
18.4799
18.8265
18.8896
18.4735
17.9280
17.9939
17.8890
18.0680
17.6432
18.2428
18.3252
19.0048
18.5484
18.6407
18.9314
19.2969
19.1334
18.2988
19.0911
17.7979
17.5108
19.0527
18.8944
18.8508
18.5550
18.8341
19.2066
19.3278
18.8110
19.5038
19.0085
19.3508
19.6243
19.5370
19.1454
18.5339
18.8191
18.9095
19.2712
19.3216
19.1225
18.6278
17.8965
18.3297
18.0435
18.4459
17.9311
17.9146
17.6533
18.0548
18.2044
18.1430
17.2042
18.1735
17.9748
18.3927
18.5762
18.6187
18.0958
18.9865
19.3599
19.4481
20.0932
19.9392
19.7517
19.3071
19.4808
19.0926
18.4249
18.9526
18.7207
18.9512
19.5446
19.1314
19.6125
19.7210
18.6983
19.4824
18.9811
18.6142
19.1206
18.8123
18.6645
18.2607
19.6272
19.0542
19.0531
19.2201
19.3195
19.5363
18.9317
18.8353
18.6042
18.9797
18.7691
18.6201
18.2900
18.6219
18.1240
18.7686
18.9759
18.8796
19.1435
18.8415
18.5421
18.4083
18.3608
18.3843
18.7783
18.8726
18.5191
18.8609
19.1349
18.6832
19.0263
18.7700
18.6911
18.7995
18.6017
18.8841
19.1794
19.0065
18.5019
18.7529
19.0115
19.2811
18.7271
18.9347
19.3451
19.2535
19.5439
18.9602
18.9043
19.0286
19.1356
19.0389
19.1026
19.5002
18.7468
18.6755
18.6135
18.6637
18.6966
18.2444
18.3945
18.5153
18.4373
18.7048
18.9090
18.9496
18.3897
18.6632
18.5954
18.5348
18.2138
18.5653
18.1726
18.3413
18.3357
18.5936
18.4610
18.5850
19.1512
18.6859
19.0353
18.7319
18.7551
19.3284
18.8059
19.4440
18.8169
18.3570
18.1888
18.7593
18.5148
18.4098
18.4924
18.3228
18.6686
19.1620
19.3089
18.9561
18.5593
18.5341
18.3060
18.7299
19.0437
18.5464
18.7118
18.6657
18.7782
19.2507
18.2833
18.1674
17.9771
18.6246
18.7856
18.6796
19.0910
18.6814
18.5813
18.1754
18.4247
18.7590
18.8737
19.5846
19.6245
19.0949
18.7477
18.4981
18.5364
18.6020
19.2492
19.0550
18.9378
19.5054
19.6521
19.1481
19.1542
18.7463
18.7575
19.0061
19.0642
18.9206
18.2825
18.4986
19.2119
19.0101
18.6580
19.0477
19.3195
18.8853
19.3221
19.3155
19.3370
18.5380
18.6773
18.5683
18.6065
19.1430
18.9109
18.6538
18.2476
18.1058
18.2221
18.0847
18.4302
18.8589
18.9790
18.3416
18.7428
18.5190
18.6584
18.3788
18.7155
18.7259
18.5527
18.6172
18.5267
18.8753
18.7701
18.6071
19.0424
19.2127
18.6796
19.1745
18.5914
17.9991
17.8638
17.7905
18.1879
18.7603
18.8301
19.1223
18.8248
19.2108
18.8967
18.8410
19.1322
18.9808
18.1063
18.8074
18.6748
18.4680
19.5531
18.9736
19.0019
18.7496
18.2927
18.4703
18.3955
19.2435
18.8615
18.2541
18.3190
18.1750
18.6458
18.8886
18.7753
18.7667
18.8704
18.8847
19.2213
19.6053
19.3979
19.9836
19.7990
19.2029
19.2182
20.3820
20.0396
20.0073
20.5296
20.5828
20.7369
20.3656
20.6056
20.4846
20.1720
19.7819
19.6398
19.9982
19.8899
19.2862
19.3859
20.1951
20.0700
19.4604
19.8725
18.9677
19.9666
19.5531
20.0306
19.2320
20.0878
19.5208
19.3102
19.9020
20.2411
20.6999
20.8049
20.5881
21.4726
21.1151
20.4711
20.5055
20.4318
20.7758
20.8350
20.7670
20.8752
21.0595
20.6970
20.3297
20.9116
20.4299
20.4385
20.2595
20.6839
21.0257
21.2674
20.7659
20.4003
20.6014
20.7931
20.6904
20.4218
20.5548
20.8323
20.8347
20.9224
19.8011
19.8717
20.1297
19.9840
20.2531
19.2557
19.5246
19.3278
19.4707
20.1550
19.6698
19.3291
19.3274
19.9037
19.5453
19.2347
19.5700
19.5709
19.9019
20.0089
20.0049
19.5879
20.0623
19.9805
19.8276
19.9034
19.8522
19.8051
19.5825
20.3012
20.1932
19.5609
19.7353
19.9531
19.9266
19.5927
19.4545
20.2699
20.5332
20.6773
21.0370
20.4420
20.9020
20.6532
20.8285
20.7175
20.3541
20.0583
20.6845
20.6382
20.8690
19.4040
19.8855
20.5260
20.3491
20.6983
20.4319
20.4755
20.3998
20.5038
20.5865
20.3816
19.8177
20.0683
20.2603
20.3902
20.1185
20.2105
19.6718
19.4813
19.9156
20.1424
19.9487
19.8376
20.0650
20.4620
19.9505
20.2518
19.9392
20.8117
20.1711
20.2649
20.3585
19.8885
20.0157
20.0222
20.5689
21.0839
20.6502
20.8493
20.5358
21.0595
20.1128
20.4985
20.5794
20.3728
20.5830
20.7294
20.5165
20.5591
20.3733
20.3970
20.0913
20.0550
20.5003
20.6632
20.5380
20.7589
20.8631
20.7819
20.5010
20.4159
20.0820
19.9226
20.0448
20.1386
20.0707
19.4072
20.7537
20.8607
20.6372
20.7613
20.7276
20.9646
20.4458
20.7928
20.7658
20.4444
20.4358
20.2667
20.7503
20.3428
20.2700
19.8882
20.4362
20.0885
20.2413
19.9205
20.2188
20.7867
20.2543
20.2481
19.9861
20.1978
20.3012
20.4019
19.3008
19.4312
18.8538
19.7813
19.8154
19.5752
20.0927
19.7570
19.5179
18.8772
19.1867
19.5884
19.5590
19.1649
18.4731
19.0388
18.9518
19.7081
19.3684
19.6763
19.0301
18.1465
18.3845
18.4410
18.3209
18.8637
18.7180
19.4396
19.0749
18.6269
18.7353
18.3581
18.5945
18.5594
19.0841
18.8039
18.8365
19.4287
18.5821
19.1298
18.8687
18.8734
18.5769
19.0700
18.6920
19.0456
18.9928
18.6008
18.7996
18.3585
19.0184
19.0076
18.8735
18.6626
18.3945
18.7305
18.2360
19.6838
19.5856
19.3037
18.9830
19.1359
19.2066
19.5577
18.9445
20.0222
19.6851
19.9833
19.8378
19.6099
19.8626
19.3585
18.6499
18.4262
18.9040
19.6179
19.6308
20.2229
19.9261
20.2140
20.4711
20.4778
19.6665
19.8451
20.0874
19.9533
20.6752
20.2511
20.5011
20.0855
20.3333
20.0455
19.9387
20.0896
20.1890
19.8277
20.2125
20.2363
19.1920
19.7145
19.4255
19.4216
20.2858
19.3910
19.2361
19.1544
18.6320
19.4869
18.6175
18.6507
18.8774
19.0832
19.6135
18.9216
18.8963
18.8266
18.8695
18.7711
18.3174
19.0911
19.1793
18.7156
18.2465
18.7950
18.5868
17.9247
18.4280
18.6297
18.0706
18.1270
18.1304
19.0975
18.7918
17.6014
19.0341
18.8445
18.6887
18.7378
18.8654
18.5099
18.3723
18.5003
18.8191
18.8077
18.9151
18.9077
18.9145
19.0346
19.1846
18.7495
19.1004
19.3514
18.4094
19.0337
18.2359
19.0303
19.2761
18.9083
19.1098
18.8934
17.9621
18.6945
18.4130
18.1527
18.6301
18.4941
18.9283
18.5060
19.2758
19.2164
19.5542
19.6173
19.2625
18.5986
18.8789
18.7534
19.3362
19.0661
19.4503
19.4530
19.9858
19.2513
19.2139
19.2572
18.7538
18.8754
19.2749
19.3299
19.2872
19.3209
18.8295
18.4923
18.6016
19.0331
18.7638
19.0155
19.3875
19.4727
19.4152
19.2323
19.5031
19.7711
19.7384
19.8852
19.9182
19.0545
19.8027
19.6942
19.4361
19.4726
19.7746
19.4463
19.3089
19.6883
20.1571
19.5343
20.0719
19.6997
20.0781
19.8071
20.0217
19.7825
19.6696
18.8722
19.1133
19.1914
19.3359
18.7489
19.1349
18.8075
18.6938
19.4511
18.8049
18.8902
18.7276
18.8211
19.4021
19.0805
19.6002
19.2953
19.0415
19.0250
18.8075
19.4914
17.9388
18.5185
18.6003
18.4692
18.1898
18.5201
18.2827
18.4838
18.1718
18.6497
17.8753
17.8010
18.2846
17.9212
17.6151
18.8274
18.4493
18.2017
18.8458
18.8935
18.9397
19.1247
19.4855
19.0193
18.8455
18.5222
18.6877
18.6382
18.8497
18.6873
18.9869
19.4282
19.0180
19.1639
19.3153
19.0886
19.3785
18.5285
18.5066
18.4476
18.3536
18.1275
18.5776
19.3252
18.8737
19.2639
18.6717
17.5845
18.0302
17.9304
18.5804
18.0113
17.9236
18.6654
18.2789
18.2032
18.7027
18.6215
17.7479
18.1941
18.3596
18.5429
18.5498
18.4900
18.4464
18.0500
18.6503
18.1685
18.1851
18.8912
18.5050
18.7471
18.3293
18.5314
18.7953
18.9816
18.5180
17.9022
18.7178
18.8803
18.5565
19.0343
18.8827
18.6733
18.7858
19.0805
19.1580
18.6103
18.8723
18.5155
18.1980
19.1109
19.1257
18.9789
18.6222
18.8891
19.5887
18.9298
18.8788
18.5970
19.8705
18.8395
19.0171
18.5854
18.5946
18.3987
17.8029
18.3365
18.9714
18.8500
19.0501
18.4383
19.2791
18.6896
18.5545
18.3393
17.7651
18.6194
18.9850
18.6435
18.0148
18.2098
18.3989
18.4293
19.2326
18.6581
18.3774
18.6026
18.0890
18.7197
18.5656
18.3697
18.5839
18.3288
18.7249
18.5359
18.7101
18.8181
18.6079
18.7097
19.2059
19.2245
18.9664
19.3007
18.4994
18.1237
17.7781
17.3934
17.7312
18.4941
18.5030
18.8235
18.3859
18.1545
18.4351
18.5620
18.7276
18.0139
18.0531
18.5557
18.4249
18.7445
18.6694
18.6875
18.9289
18.6475
18.5666
17.7137
17.4267
17.9641
17.9387
18.3352
18.3451
18.9681
18.6859
18.2117
18.1632
18.0392
18.3848
17.6061
18.0857
18.0501
18.5348
18.5015
18.3713
17.6145
17.4133
18.3603
18.4930
17.7938
18.0371
18.2897
17.5866
17.9618
17.8914
17.3577
18.5377
17.8911
18.6036
18.0405
18.5775
18.4684
18.5949
18.0899
17.8776
17.9219
17.6248
17.3011
18.2874
18.7796
18.3317
17.9245
18.5486
18.5643
18.7540
18.5668
18.4574
18.3855
18.5663
18.3353
18.9271
18.5662
18.2618
18.5135
18.3282
18.4883
18.9311
18.8716
18.4224
18.8685
18.8186
18.8809
18.5043
19.2168
18.0507
18.6855
18.3894
18.5950
18.9201
18.8930
19.3885
18.7263
18.3158
19.3585
17.9764
18.6429
19.0155
18.0648
18.4893
18.8775
18.3821
18.8601
19.4641
18.5325
18.2544
18.7466
18.6151
18.7109
18.6596
19.2650
18.7040
18.2324
18.9195
18.5071
19.0588
18.7182
18.5967
19.4023
19.4784
18.9926
18.4303
18.9573
18.4416
18.6883
18.7084
17.8781
18.4309
18.3629
18.1287
18.9625
18.7854
18.6831
18.1670
18.8139
18.3236
17.9091
17.2874
18.1230
17.9043
17.7597
18.0877
18.2901
17.8431
17.8270
17.5318
18.0596
18.0702
18.3478
18.4724
17.8680
18.8818
18.2134
18.9460
18.5694
18.3583
18.3897
18.7495
18.7351
18.7694
18.8936
18.7997
18.5799
18.7279
18.8178
18.8386
19.1116
19.1516
18.8638
19.3489
19.2678
19.4895
19.3371
18.5021
19.2645
19.3739
19.0484
19.5616
19.6715
19.2725
19.0148
20.3341
19.9668
20.2297
19.8403
19.4953
18.7250
19.2857
19.1914
19.1762
19.4418
19.4290
19.3064
19.2721
19.0168
18.5499
18.6213
18.6155
18.9380
19.0251
19.0293
19.2054
18.7450
19.0681
19.0780
18.8297
18.8241
18.9349
18.3981
19.0633
18.8031
18.8464
18.9337
18.8270
18.9910
19.2845
19.2693
19.1485
18.7164
18.5739
18.5546
18.8223
19.0049
18.8405
18.9166
19.1080
19.6385
20.0659
19.2997
19.4982
19.7401
18.7414
19.3001
19.9118
19.8224
19.0577
18.6495
19.0474
19.3181
19.0629
19.4300
19.2082
19.0777
18.5944
19.0022
19.5737
19.4172
19.2928
19.2713
19.7350
19.3444
19.3505
19.0658
19.6408
19.3458
19.5503
18.8572
19.5042
19.1824
19.2825
18.9269
18.7856
19.7596
19.3614
19.1972
19.6561
19.9865
19.7042
19.7203
19.5175
19.0620
19.4107
19.2960
19.6003
19.1792
19.2043
18.9301
18.4402
18.9054
18.8351
19.3359
18.5050
18.5784
19.4940
18.4253
18.6573
18.5597
18.7735
18.5008
17.9504
18.9139
18.5675
18.5329
18.3740
18.1576
18.0574
18.2943
18.4206
17.5809
18.3500
18.2086
18.3324
19.0342
18.7247
18.6955
19.0491
18.7783
18.2747
18.7625
18.6700
19.5639
19.2790
19.0730
19.6653
19.6722
18.9965
19.2322
18.8757
19.0211
19.5183
19.7931
19.5207
19.5100
19.2424
19.3211
19.9305
19.9993
19.4184
19.4604
19.8398
19.2333
19.1668
19.7459
19.7176
20.3877
20.3057
20.5152
19.6980
19.9630
19.3186
20.3672
19.4927
19.3707
20.4165
19.7635
19.2324
18.8298
18.8097
19.2090
18.6170
19.2563
18.8555
18.7550
19.2642
18.9102
19.0213
18.9090
20.0247
18.7343
18.8477
18.9611
18.6172
18.1401
18.6270
18.9591
19.4890
19.1777
18.7916
18.7632
19.0848
19.3264
19.5768
19.2449
19.1610
18.5540
18.3487
18.5242
18.6759
17.9575
18.3708
18.5486
17.9705
18.9484
19.0971
18.7926
18.9358
18.8639
18.4676
18.5366
18.7269
19.2007
18.6610
18.6206
18.8196
19.0047
18.2027
18.9080
18.8598
18.5627
19.1397
18.7214
18.4557
18.2212
18.4655
18.2626
18.1293
18.5464
18.7431
19.0317
18.8949
18.4757
18.3609
19.2879
19.3845
19.0525
19.6601
19.5469
19.2653
19.3515
19.2590
19.3884
18.7111
18.3182
18.8585
19.1785
19.8849
19.9194
19.4963
18.6381
19.4774
19.5574
19.3208
18.7093
18.6310
19.0843
18.6956
18.7366
18.4332
18.7319
18.6593
18.8925
18.9742
18.6674
18.8937
18.9290
19.2893
19.1878
18.8235
19.6204
18.5692
18.3827
18.6431
18.8280
19.7459
19.7104
20.0908
19.9139
19.6298
19.1700
19.2709
19.8034
18.6775
19.1681
19.1390
18.8349
19.2742
19.1781
19.2859
19.8606
18.5807
19.0889
19.1439
19.3440
19.2360
19.2342
18.5443
18.8865
19.6608
19.6392
19.8097
20.4787
20.0771
20.2053
19.3499
19.8984
19.9565
19.4815
19.3880
19.1139
19.6410
19.2099
19.1426
18.7384
19.3063
19.1553
19.2288
19.2452
19.0272
19.2431
19.5109
19.1741
18.7976
19.2123
19.3565
18.7080
18.5036
18.8769
18.9364
19.4568
18.8644
19.3671
18.9462
18.8151
18.5455
18.5862
18.0050
18.1044
18.2151
18.2623
19.0615
18.3731
18.3989
19.2761
18.5594
18.8611
19.3073
19.5476
19.0727
18.5941
18.8992
18.7337
19.2975
18.9202
19.4202
18.7065
18.8160
19.0990
19.1677
19.2819
19.0041
19.1646
19.0157
19.0215
19.6392
19.7431
18.9545
19.6129
19.5152
19.1160
19.2234
19.4168
19.0860
19.3523
19.1351
19.1778
18.4237
18.5629
18.6176
18.8379
18.5651
19.0624
18.2955
18.6783
19.2267
18.4656
18.3486
18.6211
18.5199
18.5452
19.1315
19.2065
18.8406
18.9730
18.4895
18.7339
19.3648
19.1593
19.2009
19.5080
18.9877
19.2398
19.5044
19.5265
19.4636
19.0802
18.5607
19.8733
20.3243
20.0861
19.0205
19.3155
19.0009
19.6748
19.2905
19.3908
20.0483
19.7977
19.5563
19.7879
19.3059
19.2273
19.5151
18.9908
18.9122
19.3354
19.4904
19.0787
19.1553
19.1940
19.6671
19.2262
19.1533
19.4110
19.6999
19.5690
19.5305
19.1491
19.6332
19.3928
19.4727
19.1979
19.5228
19.2897
18.6916
19.3411
19.1422
19.3131
19.0067
19.2057
19.1635
19.3211
19.3868
19.3292
19.2497
19.8627
20.1425
19.9319
19.7637
19.7643
19.8514
19.9237
19.9912
18.7058
19.8907
19.9040
18.9529
19.2036
19.1514
19.1755
19.0944
18.8354
18.7834
18.9112
18.7166
19.0120
19.2354
19.3779
19.3292
19.0529
18.6931
18.2492
18.4712
18.3862
18.2091
18.5345
18.2631
18.3432
18.4694
19.3211
18.7681
18.8878
18.5974
18.1424
18.2255
18.5016
18.8387
18.4250
18.3857
17.6910
18.4161
17.7325
17.8407
18.5962
19.0826
19.4857
19.6190
19.1996
18.9399
19.1158
18.3875
18.5455
18.8122
18.3584
17.8808
18.6682
19.3864
19.0534
19.3843
18.7353
18.5101
19.0128
19.2221
19.0121
19.1585
18.9744
18.5574
18.8442
18.7973
18.3684
18.2256
18.3564
18.4143
18.6045
18.4716
18.6587
18.6587
18.8287
18.8900
18.6626
18.6777
18.8600
18.4811
17.7794
18.3170
18.4200
18.3917
19.0524
18.3209
18.5400
18.5668
18.6267
18.7976
18.7559
18.6999
18.3006
18.9307
18.5073
18.1513
18.0871
18.5404
18.3055
18.2876
18.5355
18.5740
18.4479
18.0030
18.1589
18.8708
18.5201
18.5964
18.5570
18.3200
18.5589
19.1224
18.3629
18.4276
18.4867
18.5144
18.4484
18.8589
19.0886
19.1317
19.0146
18.9830
19.2139
18.4996
18.5798
18.6526
18.8190
18.6849
18.7188
18.4772
18.3130
18.7453
18.1088
18.3950
18.6080
18.7698
18.7709
18.7019
18.3935
18.8342
19.0292
18.6983
19.1015
19.5758
18.8986
19.7001
18.7928
18.7903
18.9117
18.6831
18.8530
18.1505
19.2322
19.2996
19.3489
19.0233
18.7322
19.1786
18.8952
18.7404
19.0061
19.0934
19.4743
18.8178
19.1918
18.9564
18.9675
18.3079
18.5064
18.6108
18.9760
18.8553
19.2923
19.1171
18.4487
18.7465
19.1861
19.1448
18.7292
18.8804
19.2507
18.7691
18.4786
19.0178
18.4915
18.5742
18.1962
18.4970
18.2887
18.7490
18.8917
18.8326
19.1132
18.5937
17.9773
19.0198
18.5152
18.6947
18.4722
18.4750
18.6204
18.1475
18.1271
17.8623
18.3487
18.9682
18.5334
19.5031
18.9134
19.4144
18.6634
18.5041
18.8185
19.0946
18.6241
18.5223
19.4358
18.5325
18.2976
18.6243
18.5109
18.5855
18.3496
18.1336
19.0244
19.2580
18.8889
19.1029
18.8628
19.0165
18.8770
18.8582
18.5529
18.9464
18.5049
18.6763
18.9985
19.4218
18.4044
19.0941
18.9213
19.2984
18.8937
19.1841
19.1629
19.0229
19.2834
19.4336
19.2749
18.9828
18.9785
19.5093
18.4352
18.8507
18.4499
18.6783
18.3370
19.0602
19.3524
18.4293
18.6615
18.2385
18.2468
19.3228
19.1009
19.0295
19.5325
20.2675
19.0605
19.3748
19.3752
19.8194
19.8750
19.6948
19.1895
19.4469
19.6563
19.5133
19.4494
19.8120
20.0106
20.0276
19.4213
19.3345
19.4269
20.0835
19.2430
19.2780
19.4544
19.7810
19.9908
19.1818
18.9490
18.9554
19.4037
19.4311
18.9825
18.7962
18.8034
19.2594
18.8342
18.3166
18.4580
18.3586
18.8533
19.1107
18.6442
18.6046
18.6964
18.2602
18.3636
18.2493
18.4943
18.6734
18.8226
19.1007
18.7527
18.7067
19.4655
18.6248
19.5290
18.6683
18.5874
18.6224
18.2581
18.3997
18.5038
19.2464
18.9614
18.2982
19.0791
18.7964
19.0006
18.8627
18.3633
18.5944
18.3158
18.9276
18.9038
19.3032
18.9516
18.9780
18.3759
18.7577
17.9115
18.2667
18.5733
18.1687
18.4956
18.7222
18.9689
18.8064
19.1399
18.9111
18.9644
19.0438
18.9347
18.6533
19.2080
18.5126
18.9241
18.4253
19.0995
18.9823
18.6568
19.1279
19.2853
19.3479
19.6889
19.6280
19.3587
19.5217
19.3891
19.2680
19.1417
18.8031
19.3993
19.0255
18.3802
18.4609
18.2254
18.7165
18.5152
18.3953
18.9076
18.6386
19.1493
19.2307
18.8994
18.4672
18.4559
18.6059
19.0360
18.8130
18.9417
19.0583
18.7955
18.1606
18.7570
18.7723
18.8711
18.8091
19.1303
19.6690
18.6037
18.3531
18.4619
18.3952
19.4383
18.6420
19.0093
19.4083
19.6430
18.7045
19.0273
19.4783
18.4534
18.3049
18.6182
19.0252
18.8375
18.7240
18.8090
18.9525
18.9027
18.2287
18.4998
18.9019
19.3311
19.1570
19.5569
19.0037
19.0245
18.7997
19.2847
19.0924
18.4582
18.6585
19.0149
18.6454
18.9647
19.0281
19.3247
19.0903
19.1390
18.9638
19.0335
18.9614
18.5814
18.8634
18.3028
18.7734
19.1356
19.3134
18.4456
18.5035
19.1790
19.0388
18.7724
19.1207
18.9805
19.3706
19.3162
19.2489
18.9750
18.6548
19.3258
18.9788
19.2716
19.3872
18.8424
19.1365
19.2605
18.9426
18.9423
19.2095
19.0599
19.0454
18.8699
19.1473
18.7876
18.4404
18.6282
18.9259
19.2103
18.7988
19.1070
18.5303
18.9836
18.6462
18.9476
19.0518
18.3199
18.7472
18.2744
18.4523
18.7146
19.2676
19.0456
19.0866
18.8509
18.8789
19.1082
18.9632
18.7734
18.8703
18.7002
19.0097
19.2754
18.6331
19.0741
19.0773
19.3142
18.8295
19.1745
18.7959
19.0391
18.7726
19.0856
18.8476
18.8327
19.1559
18.6089
18.4875
18.7203
18.4390
18.4954
18.3444
18.5035
19.3495
18.5392
18.5610
18.4977
18.5910
18.3181
19.1753
19.1042
17.9407
18.5136
18.8242
18.6720
18.8671
18.9622
18.7588
19.0488
18.6597
18.7271
19.3603
18.7162
18.3394
19.0473
18.8225
19.1253
19.4584
19.1647
18.5397
18.8418
18.7134
19.0818
18.9034
18.3434
18.7373
18.3343
18.9549
18.3672
18.7007
18.9994
19.0905
18.7800
18.6493
18.9510
19.0520
18.5239
18.6938
18.2541
18.4564
18.7255
19.0823
18.8164
19.0361
19.5134
19.4641
19.0809
18.6832
19.2592
18.6080
19.3995
19.7504
19.0486
18.8239
19.3543
18.9295
19.5644
19.5511
18.7176
19.6994
18.9880
19.9513
18.9710
18.7783
18.5619
19.4217
19.4500
19.1029
19.1465
18.2244
19.1125
18.2219
18.5017
18.6419
18.3963
18.6928
18.3747
18.1742
18.6008
18.2873
18.4644
18.2652
19.0607
19.1738
18.8069
18.5954
19.2848
18.8455
18.4471
18.7687
18.9084
18.8870
18.8411
19.0367
18.5469
19.4873
18.6549
18.3810
19.4495
19.5660
18.5427
18.8846
19.3442
19.0599
18.9692
18.6572
18.5204
19.6142
19.2375
19.2871
19.6898
19.9496
19.6204
20.6290
19.6754
20.1151
19.7589
19.3557
19.1841
18.7669
18.8374
19.3425
19.2520
18.8525
18.4623
19.0235
18.6588
18.8559
18.4228
18.8021
18.5955
19.2691
19.0396
18.8012
20.3076
19.6772
19.5554
19.5917
19.8959
19.6959
20.5746
20.3853
19.7144
19.6817
20.2470
20.1795
20.2679
20.8794
20.5179
20.5271
20.5358
20.9955
21.0218
21.2819
21.4341
20.1321
20.8436
20.8454
21.5834
21.0000
20.8655
20.8668
21.8758
21.1706
21.1432
20.1039
21.6884
20.9375
21.0604
21.6140
21.4398
21.7914
22.1068
22.6764
21.3251
21.2138
21.7582
21.5423
21.6336
21.0978
20.8486
21.5056
21.6034
21.5342
21.7890
21.7445
21.6983
22.1396
21.6368
21.8798
21.7984
20.9464
21.5894
21.5250
21.4817
21.7326
21.5707
21.8044
21.4728
21.9692
21.5306
21.3600
21.2904
21.1318
21.1996
20.6749
21.1750
20.9916
21.7050
21.1577
21.4152
20.9049
21.8376
21.4028
20.9466
21.1841
21.4642
21.2180
20.8113
21.3032
20.8666
20.8949
21.0856
20.7081
20.7425
22.0941
21.1879
22.0638
22.1560
21.7889
22.3114
22.1865
21.6389
21.7712
21.8259
21.9868
22.2644
21.8286
22.0538
21.5567
22.1705
21.9195
22.5506
21.8156
21.9507
22.3022
22.7167
22.2050
22.2272
21.6193
21.2731
21.6744
22.0374
21.5018
21.9798
21.8595
21.6348
22.7513
22.0140
22.9522
21.9344
21.6153
21.8711
22.1770
22.1163
22.3925
21.9069
21.6928
21.3233
21.3064
21.0732
21.6733
21.3649
21.3394
21.5312
21.4455
21.3419
20.9540
21.5290
22.3825
21.7971
21.8527
21.8944
21.4574
21.8430
21.6348
20.9766
22.2267
21.9806
22.0692
21.7080
21.8742
22.2249
21.8064
21.6873
21.6429
21.5501
22.0536
21.4730
21.7968
22.0083
21.5910
21.9310
22.1778
22.6491
22.3750
22.5452
21.9422
21.4002
21.6843
21.4043
21.7784
21.4331
21.8038
22.0194
21.9478
21.5842
22.8256
21.8223
22.3235
22.0585
22.6661
22.3987
22.4554
22.3920
22.1649
21.6497
21.7132
22.9824
21.7190
22.4581
21.9272
21.8548
21.9900
22.3138
21.9383
22.3179
22.4315
21.9645
22.1702
22.5274
22.7980
22.4729
21.9280
22.6450
22.3963
22.2172
22.0898
22.0728
22.0291
22.3702
22.2768
22.2756
22.5369
22.3904
22.2043
22.6463
21.5363
21.8486
21.7877
21.9881
21.9510
21.9887
21.9678
21.7993
22.3148
21.4677
21.6645
22.5507
22.2122
22.9800
21.8845
22.3524
22.1459
22.2354
22.5514
22.3667
23.6197
22.5989
23.0507
22.2508
21.7639
22.5577
22.8420
22.3929
23.3511
22.6678
22.9309
22.9015
21.7131
22.2348
21.8861
21.6416
21.8498
21.5202
22.2828
22.5581
22.1616
21.5992
21.4587
21.9212
22.5048
22.5317
21.8196
21.8777
22.3365
22.5428
21.8200
22.1694
21.9426
21.9042
22.1779
22.2825
22.0012
22.2448
21.9340
22.5614
21.8226
22.2519
22.2934
22.4636
22.1987
22.5466
22.0477
21.9847
22.5880
22.7224
22.5925
22.4843
22.3234
21.5282
21.9358
22.6319
22.4858
22.1766
22.4173
22.3108
21.4162
21.9260
22.2953
22.1049
22.3899
22.1522
22.0712
22.2235
22.0701
21.5611
21.5048
21.2683
21.9063
21.8746
21.7028
21.4835
22.1174
22.1273
22.0650
22.5104
22.3887
22.5565
22.6128
22.2539
22.2478
21.4678
22.2746
22.3064
23.1054
22.6474
22.4600
22.9468
22.1090
22.2888
22.7724
23.1380
23.2594
23.0448
22.9334
23.0701
22.7244
22.8062
23.3080
23.2378
22.4835
22.3996
22.5237
22.9858
22.8966
22.7200
22.7587
22.4457
22.8550
23.0082
22.5381
21.6773
22.1758
22.4275
22.7977
23.3782
23.1454
23.7293
23.2740
22.6681
22.7141
22.3912
22.5926
23.2270
22.9626
22.9827
23.5405
23.4163
23.2907
23.6995
23.4457
24.2135
23.6943
22.8570
22.5818
23.1326
22.7655
21.8335
22.3412
22.7359
23.2186
22.4084
22.0253
22.1663
22.8082
22.9019
22.0596
22.4225
22.6310
23.0413
22.4008
22.5552
22.6416
22.8688
22.7239
22.3974
23.0525
23.1830
22.5786
22.4924
22.8286
22.5377
22.8402
23.1540
23.1488
22.6451
22.1748
22.1320
22.5285
22.8169
23.2420
22.6798
22.9105
22.2280
21.9232
21.9594
22.2517
21.7881
22.0057
21.5595
21.4905
22.3725
21.9465
22.4696
22.4374
22.0971
21.8411
21.5599
20.7088
21.3367
21.5507
22.3609
22.9935
22.8397
23.2185
22.5584
22.4186
22.1999
21.9839
22.2207
22.5336
21.8543
21.9134
21.4440
22.1152
22.4543
22.0750
22.4087
21.9684
22.1942
21.6930
21.8086
21.9483
21.4277
22.1863
22.4627
23.3171
22.2873
23.0201
23.3025
23.0096
22.7490
22.1166
21.8141
22.4310
22.5043
22.1823
22.1299
21.9597
22.2672
21.4511
22.1284
21.8919
21.7431
21.5788
22.5305
21.4556
21.5062
20.9132
21.3880
21.7656
21.5651
21.3806
21.1733
21.6360
21.6454
21.3518
21.3290
21.3572
21.5703
21.8740
21.8447
21.9692
21.9582
21.0696
21.4366
21.8503
21.7115
21.3599
21.5149
21.5383
21.7044
21.3276
22.0131
21.4076
21.6816
21.5961
22.8808
23.0524
22.1944
22.4479
22.6989
22.4008
22.0265
22.2608
21.8679
22.1992
22.0064
22.6410
21.7010
21.9463
22.6049
22.4286
21.9833
21.5286
22.3406
21.8012
21.3970
21.1220
21.9388
21.8382
21.3487
22.1747
21.8349
21.7584
22.3505
21.9498
22.9750
22.3471
22.6966
22.9392
23.4430
22.7115
22.3927
22.8417
22.5344
22.3065
22.8674
22.7607
23.2773
22.6748
22.5225
22.5965
22.7934
23.1075
22.7479
22.1903
23.3154
22.3699
22.4711
23.3218
22.3596
22.8991
22.7449
23.6087
22.3754
22.4913
23.5635
22.9815
23.1562
23.0845
22.0153
22.6955
22.6220
22.6817
22.4617
22.3721
22.8254
22.2697
22.9306
22.3098
22.0431
22.1962
21.3003
21.8611
21.9289
21.7501
21.7029
21.9708
21.4137
22.2963
22.4484
22.5109
22.5088
22.6529
22.8104
22.6935
22.3646
22.3398
23.1196
23.4887
23.3107
23.5774
22.8736
22.7782
23.1076
22.9773
23.2557
23.4509
22.7654
23.3498
23.1082
23.2563
23.4406
23.4122
22.9666
22.8615
22.5870
22.9157
22.4385
23.4484
22.6894
22.6801
22.9662
22.2850
22.5978
23.0051
23.2481
22.9719
22.9387
23.2487
23.4581
22.7942
22.6518
22.6567
23.1024
23.1350
23.0718
23.0763
23.2157
22.4733
22.2339
23.1207
23.1206
22.9203
23.4897
22.4327
22.0675
22.4783
23.3179
22.7303
22.7276
22.5541
22.2097
23.0429
22.4923
22.4343
22.5542
22.6384
21.7161
22.2788
22.2823
22.6252
22.9572
22.7846
22.7478
23.2950
22.9518
22.0924
22.7313
22.3803
23.1592
22.9754
22.8916
23.6459
22.9983
22.7778
23.2758
22.6585
22.8320
22.3692
22.9124
23.1726
23.1458
23.1110
23.2024
22.5787
22.1083
22.4058
22.6269
22.9829
22.9674
22.6328
22.9084
22.5795
22.3286
22.4234
22.5876
22.4290
22.6270
22.4075
22.9522
22.5990
22.2599
22.4589
23.0759
22.5441
22.8018
22.9886
22.6759
22.5527
21.8119
22.3204
22.3252
22.9599
22.4836
22.5627
23.0291
22.3079
22.5123
22.1209
21.8728
22.1647
22.1219
22.7011
22.2941
22.2262
22.4427
22.5197
22.2245
22.6045
23.8933
23.9363
23.8204
23.7959
24.8786
23.5672
23.9923
24.6585
24.7993
25.5819
25.6467
24.6686
25.9582
26.2354
24.0982
23.8359
24.1501
23.1005
24.1252
24.2837
24.0284
23.2419
24.3071
24.4279
24.1715
24.7346
24.8109
24.8524
24.2327
24.0909
24.5870
24.4695
24.5280
23.5703
23.4897
23.7234
22.9437
23.5439
23.4268
23.9827
23.8487
24.1378
23.4896
23.1731
23.3921
23.6424
24.1580
25.2827
24.5580
24.3413
24.5466
24.2217
25.5904
25.5169
25.7081
25.9113
25.6171
25.1585
24.5134
25.6777
24.3010
24.0698
24.6745
24.7363
23.6408
23.0406
23.7349
23.9010
23.6572
23.5163
23.6730
24.9377
24.3924
24.9316
24.0828
23.2734
23.5337
23.1175
23.5270
23.5810
24.0241
23.7455
22.4937
22.5314
22.9562
23.6254
23.4221
23.0898
24.3998
25.0814
23.5921
23.6119
23.7419
23.4645
23.4105
23.4391
23.4958
23.7662
23.9687
23.9318
24.0161
23.6049
24.0668
25.1019
24.7099
24.3581
24.3581
23.6823
24.4763
24.2588
24.0767
24.2582
23.8926
24.3224
24.1412
24.0934
24.4216
23.6097
24.3352
23.9415
24.0001
24.1554
24.1949
24.5851
24.0894
23.8108
23.5161
24.3643
23.9496
23.8004
24.3112
24.1909
24.0027
24.5083
24.4384
24.3203
23.7725
23.6616
24.0596
23.7985
23.7973
24.1608
24.2289
24.0032
23.9414
24.2407
23.7636
24.0608
24.3167
23.9681
24.1001
25.2849
25.2277
24.6652
25.4947
25.3706
25.7903
24.6842
25.5856
24.4681
24.0492
23.9653
23.7786
23.5077
23.8574
23.5365
23.7956
24.5788
23.5739
22.9604
23.4993
23.8344
23.7961
23.6081
23.8769
24.1945
24.4941
24.2310
24.1424
24.5910
23.6739
23.9957
23.8401
24.8793
24.1556
23.6300
22.6865
23.2622
23.7711
22.9012
24.5973
24.0063
24.4010
24.2880
24.0475
23.6655
23.3882
23.0392
23.4964
24.0524
24.1195
24.1679
24.1863
23.5428
23.8222
24.0261
23.8633
24.2808
23.1859
23.6686
23.9264
23.5640
23.9305
24.4362
24.5471
22.9260
23.3060
23.6467
24.0492
23.9659
24.8333
24.9080
24.6229
24.2666
24.3337
24.0594
23.7352
23.6680
23.7473
23.7568
24.0395
24.3047
23.7451
24.4263
24.4701
24.0601
24.2231
23.8820
23.5667
22.2095
22.7005
23.7246
23.1724
23.8455
23.6408
23.2918
23.0047
23.2331
22.7826
23.9122
23.3748
23.2751
23.5544
23.4800
23.0929
23.1910
23.5352
23.4421
23.0630
23.4567
23.6611
23.3045
23.4298
23.4204
24.0257
25.0491
25.1303
24.2257
24.2390
24.1618
23.7262
23.8411
23.8911
23.7771
24.1431
24.2250
24.4878
24.3155
24.7842
25.3536
24.9317
25.1303
25.0029
25.1161
24.8298
24.7303
24.7213
24.0499
25.0365
24.9437
24.3670
23.8836
24.3218
25.5343
24.8515
25.0475
23.8743
24.0777
24.2645
24.1747
23.6254
23.3710
23.5659
23.0155
24.0385
24.4490
24.4667
24.0207
24.0194
24.0516
23.7767
23.7346
24.3314
24.2785
24.9916
24.5276
25.2451
24.3937
24.5135
24.3581
25.2736
25.0182
25.2248
24.2182
23.7628
23.6960
23.7063
24.6414
24.1790
23.3075
24.0237
23.5698
23.7038
24.0837
24.2945
23.5941
24.0707
23.9954
23.6064
23.5535
23.5414
23.7251
22.7077
23.2911
23.0811
23.6483
24.0542
24.7848
24.8029
24.4937
24.5988
23.6195
22.9995
23.3243
23.8471
24.2443
24.4949
24.4351
24.3389
23.6886
23.1126
23.5527
23.7635
24.0436
23.8056
24.7454
24.2258
24.6092
24.2644
23.8053
24.4647
22.3683
22.8673
22.8351
22.9487
22.8067
23.6507
23.8302
22.7162
23.6964
23.6218
22.8384
23.6140
23.4165
23.2528
24.0785
23.4193
23.5911
23.0365
23.1672
23.1932
23.1747
24.2702
23.3969
22.8640
23.6080
23.5987
23.6708
23.7003
23.5292
23.9684
23.6548
23.5620
24.9413
23.6614
23.7402
24.2315
23.7011
23.4901
23.7017
24.1152
23.5147
23.2311
23.4803
23.7402
23.6164
24.2721
23.6020
23.1757
23.2118
23.7582
23.4877
23.1331
23.2712
23.2822
23.8197
24.2148
24.4047
23.6902
23.6419
23.9232
23.8028
23.8667
24.3451
24.2654
24.0196
23.9021
23.9582
23.8620
23.9024
24.0661
24.1661
24.9409
24.8730
24.3900
24.5292
24.1807
24.1623
24.1489
23.8913
23.8542
24.9769
24.0131
23.5098
24.3522
24.0178
23.4650
23.2605
23.2661
23.3636
23.3836
24.0302
23.9753
23.8957
24.0208
23.6018
23.6317
22.7489
23.7354
22.9977
23.4856
23.6976
22.8834
22.8395
22.6676
22.9119
23.0931
23.1007
23.0025
22.7459
23.3600
23.2999
23.3967
23.9151
23.9138
23.8788
23.4402
23.1542
23.5122
22.9059
22.1789
22.8548
21.4716
21.2373
21.7796
22.7875
21.8478
21.8534
22.8214
22.2250
22.2716
22.6713
22.9617
22.7043
21.9927
22.3981
22.2942
23.1764
22.6450
22.3309
23.0138
22.8376
23.3031
23.3486
22.6682
23.1717
23.2111
22.7546
22.5947
23.8264
23.2229
23.8916
23.3513
23.4335
23.6107
24.4209
23.9505
24.1195
24.1432
24.4614
23.3613
24.0315
24.1383
23.6608
23.7964
24.1778
23.8352
23.4503
23.9812
24.8494
24.5171
24.8416
24.2217
25.5047
25.3962
25.3607
25.2045
25.7795
24.4773
24.5128
25.0863
24.5601
24.3136
24.8917
25.1935
24.7472
25.9398
25.3626
24.4428
24.6848
24.6718
24.4203
24.4595
24.4145
25.5965
24.7983
25.6247
25.1195
25.0010
24.1590
24.0261
23.9059
24.4530
24.1206
24.3183
24.4839
24.1596
24.3059
24.3045
25.0601
24.5007
24.5855
24.4948
24.0271
24.2024
24.0710
23.3285
23.7161
23.7649
24.2059
24.1339
23.9915
23.8080
23.3540
23.8614
23.9035
24.7886
23.3435
24.1979
24.4668
23.5653
23.6209
24.4763
24.1474
23.9662
24.4259
23.9283
24.0076
23.4745
23.5492
23.5583
23.6987
23.0826
22.9524
23.0320
22.6425
22.6848
22.7441
22.8282
23.2705
23.6964
23.5024
23.9640
24.9977
24.8907
24.6351
24.3284
24.0750
24.2770
24.7147
24.2726
24.4534
24.3960
24.6547
24.2605
24.0966
23.7713
23.8330
24.2771
23.9387
24.2408
24.3773
23.8491
24.1154
24.0916
23.3882
23.8924
24.1750
23.8098
24.2313
