2.4626
2.6159
2.6052
2.6968
2.6485
2.6457
2.7255
2.7655
2.5707
2.6894
2.5447
2.4024
2.6965
2.8966
3.0563
2.9436
2.8173
3.3485
2.9793
3.0324
2.9111
2.6581
2.7468
2.5378
2.5961
2.2797
2.8402
2.8639
2.7413
2.5120
2.6677
2.6018
2.6701
2.4481
2.6356
2.5373
2.6135
2.5068
2.5529
2.7701
2.6525
2.5884
2.8126
2.5839
2.6255
2.5190
2.4848
2.7580
2.6892
2.6973
2.6732
2.5667
2.4430
2.5024
2.4919
2.5420
2.5128
2.3723
2.4513
2.5513
2.5191
2.7657
2.7314
2.9428
2.6407
2.6152
2.7917
2.8952
2.9797
2.6178
2.8081
2.9286
3.1268
3.0417
3.1486
3.0557
3.2284
2.8378
3.0220
2.7573
2.5351
2.7035
2.7666
2.6651
2.7888
2.9192
2.7837
2.9314
2.9734
2.9087
2.8473
2.9705
2.9022
2.7788
3.0363
2.8422
2.6594
2.7702
2.7517
2.8113
2.7613
2.7452
2.9225
2.8683
3.0197
2.8571
2.9771
3.0478
2.8973
2.9579
2.6955
2.8238
2.9051
2.7220
2.9158
3.1370
3.0352
2.9969
3.0135
2.7993
2.9530
2.9669
3.0761
2.9609
3.1365
3.1931
3.0391
3.1093
3.3553
3.1262
3.1819
3.0398
3.2008
3.0609
3.0831
2.9396
3.2146
3.3649
3.0972
3.0821
3.1270
3.2718
3.1682
2.8475
2.8237
2.8315
3.0671
2.9358
2.7930
2.6231
2.5383
2.6329
2.7602
2.6774
2.7067
2.6482
2.6389
2.5103
2.7026
2.8549
2.6809
2.8290
2.7142
2.6845
2.6261
2.8304
3.0527
3.0194
2.9127
2.8051
2.6964
2.6866
2.7388
2.6835
2.4641
2.3186
2.4535
2.4265
2.4919
2.4549
2.5315
2.7601
2.4196
2.6059
2.5484
2.8809
2.6320
2.6142
2.4832
2.4794
2.7002
2.5245
2.7004
2.2792
2.7500
2.6527
2.6782
2.5813
2.6620
2.3741
2.5021
2.5475
2.5878
2.5819
2.4970
2.7753
2.6416
2.5058
2.6770
2.6112
2.4121
2.7048
2.4340
2.5828
2.4881
2.5996
2.4617
2.5918
2.7086
2.5852
2.8325
2.6182
3.0137
2.5468
2.6836
2.7305
2.5889
2.5515
2.7328
2.8447
2.7611
2.8122
2.9241
2.7898
2.7255
2.7106
2.6489
2.8152
2.8023
2.7531
2.9089
3.0904
3.3706
3.1980
3.2657
3.0538
3.1708
3.0286
3.1731
3.1223
3.1211
3.1232
3.1412
3.1289
2.9720
3.1269
3.2076
3.3419
2.8434
3.0621
2.8843
2.8506
2.7548
2.8677
2.8756
2.9195
3.2064
3.1614
3.0500
3.2653
3.1738
3.3495
3.1122
3.0534
3.1355
3.0930
3.1048
2.8939
3.2000
2.9557
3.1725
3.2180
3.1668
3.1519
3.1252
3.3083
3.2388
3.0827
2.9791
3.0668
3.0576
3.0656
3.0053
2.9681
2.8430
2.9895
2.8999
2.8789
2.9528
3.0426
3.1378
3.1128
3.1528
3.3489
3.3179
3.5215
3.3018
3.2665
3.1919
3.1168
3.2523
3.4042
3.2917
3.1948
3.2226
3.3448
3.6489
3.4915
3.3678
3.3053
3.2824
3.3354
3.2023
3.1492
3.1190
3.2354
3.0415
3.1426
3.2941
3.1276
3.1113
3.1300
3.2773
3.1974
3.3229
3.1628
3.2735
3.2946
3.2502
3.2595
3.1690
3.0960
3.0747
3.2049
3.1146
3.2415
3.2621
3.3715
3.4017
3.4370
3.3361
3.2372
3.3065
3.1943
3.1252
3.3021
3.2522
3.2175
3.1884
3.5387
3.5932
3.2747
3.1251
3.3130
3.3456
3.1472
3.1628
3.3866
3.2240
3.2680
3.3959
3.0353
3.2592
2.9824
3.0703
3.0390
3.1299
3.3275
3.0885
3.1172
3.1283
3.3833
3.3277
3.3705
3.2187
3.2207
3.2281
3.1356
3.0621
3.2085
2.9158
3.0363
3.2184
3.0703
3.1472
3.1680
3.4157
2.9098
3.2401
2.9444
3.0453
2.7790
2.9236
3.0503
3.0387
2.9882
3.1255
2.9313
3.1223
3.0578
3.1251
3.0593
3.0576
3.3537
3.3303
3.1336
3.0668
3.0975
3.1961
3.2640
3.3047
3.2545
3.3144
3.2130
3.0470
3.5445
3.0221
3.0427
3.0439
3.2435
3.2073
3.1590
3.0572
3.1284
3.0259
3.1272
3.2665
2.9372
3.0270
3.2225
3.1438
3.1731
3.2608
3.3514
3.3463
3.1806
3.2220
3.0663
2.9989
3.4172
3.2640
3.3398
3.3128
3.2178
3.1495
3.3930
3.3677
2.9904
3.2928
3.1772
3.3863
3.5015
3.2324
3.4240
3.3432
3.3934
3.4911
3.2598
3.0988
3.3404
3.3265
3.1099
2.9964
3.2745
3.2845
2.9738
3.0661
3.1587
3.3440
3.1066
3.1024
3.2440
3.2785
3.2758
3.4634
3.5762
3.6137
3.4638
3.3462
3.4055
3.5790
3.4984
3.8201
3.3800
3.4552
3.5846
3.6284
3.7047
3.5158
3.6794
3.5618
3.5909
3.4789
3.6226
3.5644
3.5741
3.4319
3.3647
3.1827
3.6203
3.3155
3.1830
3.3728
3.2711
3.3978
3.2471
3.1769
3.2273
3.0503
3.0350
3.0116
3.1076
3.1104
2.9601
3.2963
3.3965
3.2152
3.4148
3.1554
3.2328
3.2163
3.2305
3.1888
3.0873
3.1510
3.3138
3.0010
3.2810
2.9209
2.9500
2.9954
2.9593
2.9864
2.9408
3.1347
3.1526
3.0357
2.7754
3.0299
3.1704
3.0875
3.0811
3.0614
3.0831
2.9078
2.9910
2.9345
2.8814
3.0352
2.8941
2.8269
2.9339
2.6864
2.9444
2.6487
2.8515
2.7803
2.6888
2.6452
2.8209
3.0618
2.7317
2.8192
2.8798
2.8463
2.6937
2.7046
2.8310
2.6992
2.7840
2.9814
3.0856
2.7796
2.9112
2.6576
2.8271
2.8019
3.0224
3.0297
2.8003
2.7339
2.8844
2.7617
2.7643
2.9035
2.9364
2.7689
2.7343
2.7073
2.7624
2.7364
3.0913
3.0444
2.9725
3.0387
3.1792
3.0012
3.2329
3.2236
3.0690
3.2236
2.9910
3.1212
2.9737
3.0341
2.8715
2.9674
3.1595
2.9306
2.8912
2.8184
2.8644
2.7884
2.7146
2.9464
3.0422
2.9980
3.0665
2.9171
3.1523
2.9479
2.9418
2.9245
3.0705
2.9677
2.8752
2.7451
2.8179
2.8726
3.0163
2.9296
2.8789
2.9432
2.8720
2.8306
2.7011
2.8063
2.7989
2.4730
2.7054
2.5580
2.7629
2.6885
2.5956
2.6969
2.7943
2.5524
2.5060
2.6661
2.7510
2.7399
2.7282
2.7639
2.8271
2.8417
2.9543
2.8535
2.7974
2.6700
2.7957
2.8818
2.6136
2.8213
2.8111
2.6574
2.6553
2.6960
2.4428
2.8171
2.6025
2.9334
2.7127
2.9840
2.5601
2.5574
2.8583
2.7875
2.8143
2.8382
3.1229
2.8807
2.8952
2.9918
2.8503
2.8637
2.7513
2.8335
2.8893
2.7008
2.7568
2.9180
2.7632
2.7787
2.8494
3.1644
2.8947
2.9502
2.8577
2.8854
3.0704
2.8714
2.7613
2.8805
2.9319
2.8989
3.0720
2.6089
2.6831
2.8040
2.8448
3.1177
2.8982
2.9271
2.6109
2.8921
2.8778
2.5682
2.6517
2.5300
2.4373
2.5623
2.5403
2.4516
2.5119
2.6202
2.7357
2.4988
2.5589
2.4950
2.5284
2.5467
2.4752
2.4159
2.4582
2.4778
2.4986
2.7107
2.4344
2.3613
2.5631
2.3038
2.5379
2.5481
2.7794
2.7406
2.7381
2.7610
2.6540
2.4589
2.6848
2.8105
2.5803
2.6633
2.5908
2.5079
2.4673
2.5878
2.2910
2.4096
2.3913
2.5382
2.6261
2.7433
2.7877
2.6529
2.5334
2.6129
2.6713
2.4963
2.5083
2.6061
2.7144
2.8039
2.6451
2.6363
2.6399
2.7944
2.6033
2.7427
2.9651
2.9315
2.7328
2.9097
2.9767
2.7403
3.0553
2.8261
2.8826
2.9538
2.9064
3.0544
3.0160
2.8593
3.0388
2.8442
2.7798
3.0014
2.8686
2.7358
2.8856
2.8537
2.6678
2.7554
2.8007
2.8779
2.7451
2.6654
2.7291
2.8208
2.7436
2.8483
2.8781
3.0153
2.6647
2.7595
2.8843
2.8198
2.7464
2.8487
2.7460
2.7473
2.9556
2.7543
2.7018
2.6622
3.0860
2.8817
2.7901
2.9033
3.0437
3.1268
2.9298
2.9934
2.9647
2.9553
2.8867
3.0382
2.8609
2.8272
2.8942
2.8140
3.1020
3.0246
2.9047
2.7919
2.8298
3.0167
3.0204
2.9330
2.7230
2.8747
2.6571
2.8582
2.6853
2.7842
2.7707
2.5991
2.7519
2.9560
2.6899
2.9413
2.9827
2.8752
2.8399
2.8434
2.8407
2.9187
2.9433
3.0091
2.8630
2.9282
2.8705
2.7677
2.8394
2.8329
2.7476
2.7167
2.4383
2.8276
2.6976
2.8079
2.8253
2.6718
2.7607
2.9035
3.0110
2.8769
2.7463
2.7617
2.7327
2.7844
2.8401
2.7353
2.7801
2.9187
2.8997
2.7942
2.9576
2.8021
2.6992
2.6755
2.7617
2.6681
2.8040
2.7154
2.9458
2.9018
2.7337
2.7858
2.8632
2.9291
3.1096
3.0069
2.9087
2.9863
2.9545
2.9479
2.9946
2.8844
2.8878
3.0478
2.9746
2.9314
3.0882
2.7845
2.9574
3.0375
3.0764
2.9215
2.8699
2.8275
2.9998
3.1281
3.3243
2.7882
3.3029
3.2791
2.9825
3.0680
3.1938
3.0816
3.3461
3.1485
3.2792
2.9878
3.1538
3.0503
3.0087
3.2704
3.0967
3.1118
3.1994
2.9834
3.0587
2.9701
2.9586
3.0460
3.2821
3.2201
3.0470
2.9625
3.1184
3.1125
3.1561
3.1728
2.9420
2.9052
2.9239
3.0113
3.0105
3.0928
2.9791
3.0615
2.9552
3.1498
3.2896
3.0253
3.1481
3.1805
3.0403
3.1054
3.0648
3.0114
3.1137
3.2048
3.2017
3.2258
3.2014
3.0842
3.2928
3.0109
3.2498
3.1403
3.1279
3.2523
3.2293
3.4853
3.1751
3.2707
3.0947
3.3081
3.0915
3.0429
2.9751
3.2767
3.2872
3.0445
2.8482
2.7219
3.0297
3.0899
3.2274
3.4035
3.2046
3.0823
3.4647
3.0611
2.9698
3.1598
3.2316
3.2108
3.1781
3.3751
3.2540
3.3023
3.0882
2.9707
2.9852
3.2849
3.1509
3.1491
3.1002
3.2228
3.2403
3.2373
3.1829
3.1721
3.2172
3.0612
3.2382
3.0092
3.0943
3.0916
3.1016
3.1116
3.2778
3.1036
3.3735
3.2164
3.1751
3.1309
3.0541
3.1849
2.9039
2.8898
3.2694
2.8827
3.1054
3.0047
2.9997
3.1193
3.1287
3.0965
3.2374
3.0763
3.0849
2.9486
3.2292
3.3719
3.2115
3.1200
3.4239
2.8652
3.1794
3.0985
2.8891
2.9932
3.1884
3.2075
3.0962
3.1034
3.2842
3.4729
3.3647
3.1080
3.1041
2.9148
3.0627
3.0701
3.0925
3.1538
3.1635
3.1833
3.2578
3.0175
3.0571
3.0999
3.1995
3.2151
3.1164
3.0059
3.2226
2.9894
3.2006
3.2503
3.2714
2.9694
3.1055
3.0946
3.4213
3.4301
3.4722
3.2624
3.4450
3.2774
3.2441
3.3744
3.2415
3.1417
3.1559
3.2884
3.0741
3.1778
2.8945
2.8649
2.9497
3.1883
3.0306
3.0640
3.0084
3.1773
3.0881
2.9112
2.9001
2.8449
2.8621
2.8667
2.9110
2.9822
3.0819
3.0344
3.0406
2.9679
2.9759
2.9248
2.8843
2.9597
2.9264
2.9877
3.3066
3.1505
3.2457
2.8520
2.9080
2.8641
2.8822
2.8315
2.8148
2.8272
2.9287
2.9596
2.8904
2.8233
2.8185
2.9373
2.7471
2.7611
3.0833
2.9413
2.8956
2.8052
3.0155
2.8764
2.9648
3.0109
2.7922
2.8758
2.6794
2.9369
3.0517
2.9924
2.9271
2.9817
2.7084
2.8141
2.8931
2.9130
2.8624
2.8515
2.8871
2.7825
2.7946
2.7672
2.8083
3.1362
3.3867
2.9061
3.1313
3.0689
2.9514
2.9475
2.9832
2.7959
2.8148
2.8749
2.8555
2.8218
2.8395
2.8723
3.0984
3.1060
3.0715
3.0381
3.0580
3.1240
2.9975
2.9874
2.8977
2.9501
3.2337
3.1221
2.8654
2.8983
3.1562
3.1207
3.2063
3.1896
3.0793
2.8978
2.8548
3.0130
2.9551
2.9909
3.0802
3.1971
2.8295
3.2810
2.9435
2.9210
3.1015
2.9623
2.8665
2.9999
3.0655
3.0884
3.0605
2.9842
3.1194
2.9826
3.2066
2.8862
3.0003
2.9590
3.0455
2.9281
2.9728
2.9914
2.9264
2.9085
3.2186
3.2090
3.0491
3.1834
3.1646
3.2121
3.2847
3.2634
3.0187
3.0291
3.2688
3.0497
3.0478
3.0722
3.2535
2.9684
3.1103
2.9947
2.9001
3.0198
3.1141
2.9556
2.9063
2.8833
2.9041
2.9123
3.1271
3.2023
3.1045
2.9164
3.0029
3.1861
3.0910
2.9410
3.3355
2.9830
2.8021
2.9263
3.2247
2.7711
2.7781
3.0573
2.8049
2.9384
2.9188
2.9754
2.9439
2.9666
2.8890
2.8388
2.9023
2.9277
3.0761
3.1753
2.9240
2.9592
3.0299
3.1254
3.1330
2.8555
3.2766
2.8857
3.2575
2.8862
2.8450
2.9780
2.9269
2.9382
2.8485
2.8532
2.9598
2.8187
2.6410
3.0082
2.8149
3.0468
2.7219
2.7582
2.9259
2.8459
2.8454
2.9259
2.8841
2.8913
3.0582
2.8751
2.8147
2.9499
2.9157
2.7525
2.9606
2.9081
2.8845
2.9701
2.9003
2.9097
2.8775
3.0159
3.0537
2.8578
2.9306
2.7591
2.9700
3.3017
2.8665
3.1261
2.9933
3.0699
3.1269
3.0059
3.0701
3.2943
3.1420
2.9588
3.0964
3.0035
3.1129
2.9173
2.9788
3.1556
2.9025
3.1435
3.1388
3.0250
2.9526
2.9709
3.1317
2.9917
2.9848
3.2568
2.9619
2.9202
3.1098
3.0383
2.9297
2.9246
3.0953
3.1219
2.9966
3.0269
3.1859
3.0834
2.9611
3.0911
3.1822
2.9110
2.9404
2.8139
2.9185
2.8579
3.0861
2.8470
2.9576
2.8655
3.0493
2.9348
3.2229
2.9517
3.0321
3.1322
2.9761
3.0016
3.1514
3.2615
3.1353
3.2779
3.3102
3.1244
3.0803
3.1358
2.7011
3.1395
3.3109
3.2326
3.3696
3.0059
3.0353
3.1788
3.1065
3.0728
2.9955
3.0538
3.1261
3.1498
2.8329
2.8358
3.1414
3.4621
3.3486
3.1017
3.1207
3.0776
3.0437
2.8945
2.9061
3.0546
3.1950
2.9465
3.0198
3.1351
3.0100
2.9482
2.9910
3.0626
3.1830
3.0187
2.9515
3.2369
3.0563
2.9466
2.7806
3.1354
2.9513
3.1605
3.1066
3.0794
3.1622
3.3635
3.1657
3.0232
3.2044
3.0479
2.8811
3.0358
2.9726
3.0411
2.9639
2.9870
3.2499
3.0771
3.2458
3.1321
3.0226
2.9948
3.0880
2.9956
2.9867
2.9508
2.9724
3.1300
3.1314
3.1820
3.3542
3.2581
3.1217
3.0218
2.8924
3.0056
3.0794
2.9303
2.8928
3.0700
2.9280
3.0800
2.9767
3.1868
3.1766
3.0376
3.2431
3.2465
3.1492
2.9728
3.1718
3.1548
3.0946
2.9387
3.1595
3.1523
3.3433
3.1632
3.0156
3.1193
3.1151
3.1793
3.1008
3.1047
3.2578
2.9783
3.0007
3.2873
3.1702
3.3401
3.3067
3.1495
3.2653
3.1799
3.3579
3.3139
3.3748
3.4139
3.3414
3.4224
3.3354
3.1536
3.4082
3.3840
3.4080
3.4707
3.2558
3.2584
3.4401
3.3215
3.5549
3.4997
3.3467
3.3527
3.1266
3.2179
3.2125
3.2882
3.5490
3.3251
3.3702
3.1569
3.2006
3.1617
3.0921
3.3726
3.3422
3.2376
3.1945
3.0962
3.1944
3.0679
3.4956
3.2565
3.4059
3.4230
3.4033
3.4533
3.4445
3.2718
3.1657
2.9694
3.0047
3.0796
3.2276
3.1108
2.9859
3.1078
3.3432
3.1803
2.9703
3.1372
3.2822
3.3186
3.4022
3.0930
3.1559
3.1463
3.0026
3.3349
3.1237
2.9150
3.1777
3.1332
3.0691
3.1708
3.0131
3.1668
2.9932
2.9980
2.9719
2.8710
3.0634
3.1314
3.0816
2.9396
3.1767
3.2685
3.2188
3.1544
3.0940
3.1152
3.0769
2.9967
3.0603
3.0867
3.1301
3.2871
3.0556
3.0311
3.2133
2.9823
3.2130
3.0222
2.9917
2.9190
3.1185
3.1275
3.0651
3.2684
3.4091
3.2157
3.0481
3.0461
2.9216
2.9792
2.9541
3.0758
2.9616
3.1815
3.0098
3.0575
3.2130
2.9602
3.0187
2.9158
2.9445
3.1579
3.0325
3.0284
3.0374
2.9026
2.9945
3.1016
3.2725
2.9524
3.1178
2.9879
3.1779
3.0129
3.1145
3.2426
3.1764
3.1523
2.9849
3.1730
3.0045
3.0546
3.2888
3.2434
3.0521
3.1388
3.2095
3.1292
3.1330
3.2428
3.0399
3.1632
3.1084
3.0620
3.0901
3.0337
3.0536
3.0048
3.0315
2.9676
2.6373
2.9553
3.0129
3.0026
3.0685
3.1039
2.9575
2.9710
2.9692
2.8877
2.8370
3.0872
2.9694
2.9970
2.9564
2.9158
3.0362
3.0079
3.1691
3.1270
3.0371
3.0018
2.9065
3.2100
2.9813
3.0296
3.1490
2.8877
2.9258
3.1862
3.1719
2.9469
3.1131
3.1155
3.1005
2.9611
3.1378
3.0456
3.1271
3.0146
2.8993
3.0832
3.1117
3.0760
2.9960
3.0126
3.0761
3.0915
2.9621
3.2576
3.1322
3.3071
2.8949
3.1101
3.0674
3.0628
3.0447
3.1040
3.0075
3.1841
3.1761
3.2693
3.3214
3.0770
2.9662
2.9352
3.1663
3.2128
3.1572
3.2176
3.1704
3.1596
2.8450
3.0437
3.1111
3.0433
3.1687
2.9912
3.0752
3.1232
3.1367
3.3201
3.1395
3.2000
3.1425
3.1365
3.1810
3.1603
3.2012
3.1889
2.9638
3.1955
3.2349
3.0086
3.1797
3.1966
3.2160
3.1286
3.0333
3.0499
3.2968
2.9046
3.0663
2.9963
2.9686
3.1230
3.1515
3.2092
3.2598
3.1808
3.2652
3.1397
3.2199
3.1727
3.1204
2.9903
3.1859
3.2795
3.3524
3.2088
3.1392
3.1305
3.2304
3.2445
3.0896
2.9886
2.9950
3.0751
2.8936
2.9734
3.2116
2.9886
2.9619
3.0744
3.1006
3.1793
3.1308
3.1464
3.0696
3.1201
3.0549
2.9551
3.1268
2.9416
3.0752
3.0885
2.9134
2.9170
2.9368
3.2776
3.1462
2.9890
3.0413
2.8370
2.9155
2.9992
3.0381
3.1343
2.9804
3.0258
2.9992
2.9817
3.0750
2.8800
3.1702
3.4151
3.1424
3.6518
3.4722
3.3370
3.5617
3.4721
3.3555
3.4127
3.3285
3.6301
3.5140
3.4920
3.5591
3.5000
3.6263
3.5574
3.3180
3.7083
3.7551
3.2041
3.3653
3.2970
3.3715
3.3029
3.2107
3.1118
3.1357
3.1254
3.2804
3.1294
3.3727
3.1866
3.3293
3.3734
3.4404
3.3515
3.2660
3.2090
3.2272
3.3779
3.1838
3.3380
3.3257
3.4568
3.4280
3.3738
3.3309
3.3109
3.1741
3.3417
3.2668
3.2652
3.2730
3.4765
3.3543
3.3332
3.3282
3.1722
3.3707
3.1636
3.1706
3.2834
3.2983
3.3355
3.3532
3.2569
3.0681
3.1770
3.0728
3.1192
3.1414
3.1754
3.1593
2.9775
3.0174
2.9559
3.0222
3.0926
3.0546
3.1794
3.2336
3.3387
3.2531
3.5379
3.1853
3.2368
3.4030
3.3733
3.4233
3.1911
3.2448
3.4332
3.4862
3.3851
3.1933
3.2043
3.3783
3.3193
3.3727
3.3071
3.2974
3.5268
3.5825
3.2276
3.2770
3.3115
3.4147
3.4423
3.5321
3.4707
3.3519
3.4195
3.3493
3.1756
3.4049
3.5731
3.4093
3.4973
3.2551
3.5074
3.5473
3.3825
3.4921
3.7274
3.4605
3.2945
3.1660
3.6115
3.5067
3.3531
3.3509
3.2036
3.3862
3.2056
3.1893
3.1632
3.2906
3.2105
3.1564
3.1272
2.9594
3.3495
3.5856
3.4251
3.5478
3.2627
3.3295
3.6590
3.3248
3.3962
3.4312
3.3225
3.3067
3.3810
3.1548
3.2960
3.1144
3.0889
3.0755
3.1106
3.0577
3.4308
3.2812
3.4618
3.1111
2.9787
3.0446
3.0529
3.0495
3.1201
3.2610
3.0208
3.1014
3.0689
3.0918
3.0352
3.1316
3.3175
3.2662
3.2237
3.1929
3.1345
3.2855
3.4866
3.4056
3.2261
3.3634
3.2357
3.3313
3.2820
3.3424
3.1030
3.3144
3.1817
3.2433
3.2746
3.3165
3.0993
3.0760
3.1757
3.1323
3.2225
3.1468
3.1005
3.2021
3.1948
3.1747
3.1675
3.1625
3.2327
3.1453
3.1304
3.2015
3.2105
3.2209
3.2197
3.2213
3.2738
3.3091
3.2633
3.1793
3.2401
3.3753
3.1540
3.1213
2.9517
3.2434
3.2906
3.3227
3.0795
3.1030
3.0119
3.1057
3.2460
2.9305
2.8436
3.1113
3.3416
3.3176
3.1255
3.1987
2.9183
2.8595
3.0878
2.9971
3.0860
2.8156
2.9430
3.0504
2.8638
2.9866
3.1489
3.1156
2.9975
2.8673
2.9055
2.7500
2.8708
3.1330
2.9718
3.2582
3.1750
3.4067
3.4181
3.8435
3.7964
3.7441
3.5579
3.6001
3.4938
3.6792
3.4427
3.4639
3.4062
3.4593
3.5786
3.4094
3.5037
3.6637
3.3868
3.4349
3.4124
3.6490
3.2950
3.4809
3.6532
3.3787
3.5448
3.1728
3.1460
3.5264
3.3416
3.3745
3.4631
3.4841
3.4917
3.5965
3.6282
3.4615
3.4472
3.4310
3.4039
3.3426
3.2977
3.2133
3.2205
3.4255
3.3376
3.4935
3.4289
3.3523
3.3934
3.5946
3.5481
3.4930
3.6878
3.5779
3.3080
3.7736
3.6197
3.3636
3.5866
3.5538
3.4851
3.5760
3.5867
3.5285
3.4423
3.5231
3.7642
3.4559
3.5801
3.6182
3.7587
3.6657
3.6742
3.4755
3.5831
3.2352
3.3081
3.5000
3.3453
3.6884
3.4741
3.5423
3.3047
3.5073
3.5277
3.4462
3.4251
3.2314
3.2198
3.3797
3.3480
3.6028
3.3605
3.5286
3.2952
3.2376
3.3981
3.3949
3.4907
3.2795
3.4120
3.4692
3.5084
3.6891
3.5740
3.6104
3.6152
3.3644
3.3159
3.6057
3.6316
3.6651
3.7691
3.4349
3.4836
3.5527
3.4714
3.5244
3.1999
3.5198
3.3308
3.2449
3.6029
3.4100
3.5868
3.4753
3.5397
3.4728
3.4627
3.5125
3.4673
3.5133
3.5609
3.3548
3.5133
3.3348
3.5894
3.3474
3.3597
3.5128
3.6418
3.6948
3.7696
3.7039
3.4968
3.4384
3.4255
3.4679
3.4952
3.4651
3.1320
3.0899
3.4244
3.1232
3.1597
3.3182
3.1341
3.3387
3.2030
3.2268
3.0906
3.1554
3.0607
3.3218
3.1594
3.4834
3.4345
3.5120
3.7388
3.8101
3.6284
3.4299
3.6288
3.3982
3.4644
3.5724
3.4896
3.6127
3.6908
3.9082
3.2892
3.7873
3.6926
3.7709
3.6182
3.5201
3.4505
3.3642
3.6289
3.6091
3.5979
3.2434
3.5445
3.4599
3.3762
3.3756
3.5819
3.3737
3.4185
3.4367
3.5377
3.4620
3.4589
3.6519
3.8166
3.6025
3.5573
3.4194
3.2493
3.1891
3.2734
3.4773
3.2814
3.6676
3.6371
3.5039
3.7396
3.5979
3.7428
3.7594
3.4028
3.4021
3.5567
3.6381
3.4086
3.5517
3.5463
3.5671
3.5811
3.4835
3.5711
3.6380
3.5943
3.6785
3.6961
3.9224
3.5696
3.6189
3.4152
3.3598
3.3784
3.4382
3.6774
3.8007
3.7755
3.6544
3.5398
3.5775
3.3898
3.3932
3.6114
3.4569
3.4414
3.6052
3.7912
3.6073
3.6391
3.6231
3.5448
3.4959
3.4755
3.6109
3.4489
3.6226
3.5504
3.5427
3.4426
3.4225
3.5437
3.1790
3.3682
3.4065
3.8658
3.5629
3.5314
3.3500
3.2769
3.1818
3.2443
3.1632
3.2547
3.2327
3.2373
3.2356
3.6418
3.7992
3.5197
3.5127
3.3807
3.4642
3.4401
3.5265
3.6920
3.5977
3.5940
3.6422
3.5482
3.7292
3.7884
3.5565
3.9197
3.8081
3.4034
3.5986
3.4715
3.5113
3.5365
3.5742
3.5526
3.6226
3.5560
3.7825
3.7337
3.3947
3.4949
3.6123
3.6076
3.4589
3.6026
3.8111
3.6879
3.6578
3.7001
3.9521
3.7992
3.6974
3.7894
3.4674
3.5878
3.4202
3.5173
3.6973
3.5601
3.5082
3.4238
3.6772
3.6247
3.2248
3.3129
3.4523
3.4641
3.8059
3.4828
3.5175
3.5052
3.5296
3.5803
3.7362
3.5970
3.4348
3.5582
3.6913
3.6172
3.5983
3.2015
3.4729
3.3275
3.3336
3.2041
3.5562
3.4624
3.5303
3.3010
3.3521
3.3047
3.3462
3.4103
3.4431
3.2118
3.3017
3.4891
3.4930
3.5514
3.7661
3.5090
3.3469
3.5643
3.5860
3.6854
3.4309
3.4268
3.3988
3.3525
3.2318
3.3426
3.4047
3.4316
3.4991
3.0481
3.4017
3.4414
3.4289
3.4813
3.6615
3.3095
3.3597
3.2161
3.3238
3.3908
3.2995
3.7537
3.5086
3.1975
3.5707
3.4838
3.4607
3.2894
3.4346
3.2276
3.1585
3.1800
3.2618
3.1328
3.1961
3.3506
3.3614
3.2508
3.3037
3.3382
3.3296
3.5767
3.2539
3.1017
2.9015
3.1087
3.1718
3.3210
3.2248
3.4677
3.3034
3.1226
3.2177
3.1118
3.2782
3.1155
3.3496
3.2963
3.1502
3.0143
3.3213
2.9755
3.3695
3.1471
3.0617
3.1792
3.3337
3.4371
3.3058
3.2067
3.4578
3.0984
3.3450
3.3502
3.3965
3.3893
3.0790
3.3420
3.0439
3.3106
3.2045
3.2483
3.2176
3.4468
3.3487
3.2879
3.0918
2.9475
3.0439
2.7037
3.1151
3.0754
3.2737
2.9131
3.2708
3.2510
3.2435
3.2416
2.8377
3.1081
3.1185
3.2877
3.2050
2.9355
3.2585
2.8101
3.2294
3.2720
3.1532
3.1563
3.0406
3.4827
3.3980
3.6341
3.3439
3.2068
3.0800
3.2510
3.1406
3.2621
3.0875
3.0555
2.8413
3.1490
3.3142
3.0933
3.0498
3.3736
3.2395
3.3198
3.1787
3.0948
3.4490
3.3003
3.3496
3.0924
3.0875
3.2579
3.0029
3.0373
3.4293
3.1964
3.2483
3.1879
3.5019
3.3732
3.1933
3.4766
3.1010
3.2191
3.0399
3.3573
3.3110
3.0996
3.3369
3.2130
3.3820
3.3565
2.9297
3.2797
3.3291
3.4526
3.0698
3.3057
3.0924
3.2708
3.0630
2.8807
3.1065
3.3551
3.1847
2.9444
2.9769
3.0603
3.2380
3.3442
3.4073
3.3858
3.4775
3.3298
3.2526
3.0529
3.2764
3.2808
3.5378
3.4299
3.2346
3.0963
3.3383
3.1216
3.1492
3.3482
3.0572
3.1441
3.0768
3.4543
3.3683
3.3184
3.3149
3.3474
3.3026
3.3166
3.0585
2.9975
2.9099
3.2237
3.4547
3.0773
3.0382
3.1992
3.2035
3.1191
2.9369
2.9777
2.9601
3.2216
2.8571
2.8815
2.8122
3.0623
3.0380
3.0893
3.0159
3.0587
3.1598
3.0020
3.0911
3.0230
3.0060
3.1718
3.1610
3.1177
3.1238
3.0664
3.1518
3.2196
3.2437
3.0867
3.1771
3.0351
2.9285
2.9532
3.2153
3.3492
3.0233
3.1650
3.0706
3.1886
3.1541
3.1681
3.5349
3.0789
3.0206
3.1851
3.0903
3.1530
3.2177
3.2629
3.1771
3.1964
3.0034
2.9936
3.4020
3.2319
3.2022
3.1873
3.1327
3.0855
3.2392
3.0019
3.0946
2.9401
3.0265
3.5862
3.4310
3.3172
3.5019
3.5421
3.5162
3.5879
3.5767
3.5302
3.4005
3.5477
3.4864
3.5723
3.5525
3.5064
3.4177
3.5359
3.5476
3.4900
3.2917
3.3737
3.2337
3.6107
3.2684
3.3617
3.3829
3.3025
3.4852
3.3051
3.4804
3.5336
3.4788
3.3045
3.3122
3.4592
3.4378
3.2293
3.2365
3.3297
3.3735
3.3215
3.3910
3.5710
3.4629
3.4380
3.3961
3.4316
3.5768
3.3157
3.4085
3.6049
3.5280
3.4791
3.1549
3.5465
3.4766
3.8370
3.4611
3.4179
3.2993
3.4273
3.3180
3.5398
3.3465
3.3011
3.4892
3.3690
3.4945
3.3748
3.5055
3.6491
3.4532
3.3531
3.5368
3.6944
3.6919
3.5875
3.3919
3.3277
3.5911
3.6345
3.5850
3.5050
3.3565
3.5077
3.6154
3.6310
3.5344
3.4227
3.5007
3.4957
3.4005
3.5247
3.3496
3.3585
3.4295
3.5113
3.5281
3.4807
3.6296
3.6582
3.6644
3.6234
3.6917
3.4180
3.5412
3.4559
3.4966
3.7598
3.5402
3.6189
3.4510
3.6724
3.5673
3.7398
3.7333
3.7557
3.6091
3.5664
3.3186
3.3139
3.5718
3.6533
3.5716
3.6650
3.6293
3.5433
3.3613
3.4395
3.4958
3.4205
3.5281
3.7088
3.5022
3.7427
3.6662
3.6731
3.4301
3.4059
3.4517
3.6560
3.5334
3.7599
3.5658
3.5392
3.7276
3.5601
3.6539
3.6258
3.6403
3.5999
3.3516
3.3160
3.2160
3.4477
3.2642
3.2119
3.4557
3.2057
3.3494
3.6080
3.5712
3.3654
3.5498
3.3249
3.3801
3.3668
3.2153
3.2471
3.2121
3.7341
3.7572
3.4363
3.6055
3.3987
3.3632
3.2478
3.3275
3.4905
3.5970
3.4426
3.3743
3.4747
3.3700
3.4750
3.4102
3.3013
3.4120
3.3611
3.4114
3.3561
3.3943
3.3871
3.3190
3.3494
3.2884
3.5921
3.7517
3.3983
3.2417
3.3444
3.3888
3.2840
3.2487
3.2770
3.1652
3.1500
3.2765
3.4071
3.3342
3.4226
3.5079
3.4043
3.4969
3.4571
3.5073
3.2896
3.4062
3.4397
3.5608
3.2457
3.3626
3.2397
3.3674
3.2889
3.3005
3.3056
3.3496
3.3746
3.2965
3.3745
3.3718
3.4347
3.3703
3.2702
3.4264
3.2489
3.4357
3.4612
3.3292
3.2542
3.4862
3.6505
3.5754
3.3452
3.3797
3.3907
3.1744
3.0799
3.3588
3.5609
3.3493
3.3752
3.2680
3.2336
3.2032
3.2752
3.2317
3.4677
3.1533
3.2936
3.3974
3.2492
3.4051
3.3403
3.2393
3.3556
3.1722
3.1614
3.2387
3.1541
3.1358
3.3056
3.2058
3.2615
3.3921
3.1446
3.4419
3.2833
3.2859
3.3429
3.3067
3.1363
3.2997
3.4010
3.5171
3.6096
3.4484
3.3621
3.4571
3.3830
3.3912
3.3710
3.5443
3.7125
3.6330
3.8431
3.6115
3.5965
3.5539
3.5065
3.5956
3.7307
3.6650
3.5467
3.4706
3.5088
3.5723
3.9003
3.5889
3.4129
3.3463
3.6721
3.6297
3.7283
3.7511
3.3475
3.5905
3.6926
3.6802
3.4952
3.6449
3.3393
3.4635
3.4624
3.4373
3.5630
3.3503
3.2912
3.5487
3.6777
3.6567
3.4330
3.3895
3.2335
3.2368
3.3899
3.3720
3.3012
3.0343
3.1822
3.2605
3.1023
3.1372
3.1671
3.3626
3.1223
3.4604
3.4117
3.4034
3.2242
3.1627
3.0925
3.3229
3.1489
3.0480
2.9713
3.0402
3.2335
3.2787
3.3106
2.9514
3.3118
3.3696
3.2597
3.1906
3.2103
3.1293
3.1654
2.9957
3.1447
3.2551
3.0721
3.1002
3.2817
3.2754
3.2593
3.3114
3.3153
3.3910
3.3144
3.2826
3.2945
3.2636
3.2569
3.2767
3.3353
3.3369
3.2496
3.5198
3.2323
3.3189
3.2515
3.2482
3.4677
3.4428
3.3389
3.3738
3.5154
3.4609
3.4663
3.4507
3.2002
3.4080
3.4591
3.3429
3.4130
3.2016
3.5856
3.4374
3.5689
3.3560
3.6241
3.4761
3.5025
3.4504
3.3479
3.2891
3.4390
3.4918
3.5308
3.4516
3.3688
3.2675
3.3680
3.4552
3.5713
3.5767
3.7246
3.5327
3.4235
3.7387
3.4787
3.6978
3.5377
3.5088
3.7886
3.6702
3.7238
3.5293
3.7225
3.5727
3.7935
3.7625
3.7396
3.6974
3.6693
3.6434
3.6635
3.6130
3.5788
3.7175
3.7337
3.6648
3.8965
3.5171
3.5522
3.5987
3.5838
3.3961
3.4380
3.4506
3.3865
3.5366
3.6024
3.7185
3.4362
3.3038
3.3182
3.4310
3.1684
3.2015
3.3665
3.0866
3.1330
3.2001
3.1849
3.0408
3.4429
3.2570
3.3305
3.2244
3.1201
3.2616
3.0369
3.2449
3.1372
3.1745
2.9955
3.0488
2.9918
2.9982
2.8924
3.0273
3.1365
3.1902
3.2772
3.1756
3.1342
3.4344
3.4090
3.0845
2.9388
3.2200
3.2005
3.2598
3.1020
3.1068
3.0019
3.3122
3.3376
3.1066
3.1679
3.2711
3.1496
3.2377
3.1365
3.1459
3.1366
3.1555
3.0762
3.1531
3.3184
3.3345
3.2927
3.1624
3.3002
3.2964
3.2250
3.0816
3.1732
3.2857
3.1329
3.2645
3.3215
3.1508
3.3606
3.3750
3.1292
3.0689
3.0980
3.2163
3.1340
2.9349
3.1223
3.2385
3.0237
2.8907
3.0823
3.1485
3.0557
3.0935
3.0789
3.0875
3.0994
2.8912
3.1680
3.0449
3.2484
3.0901
3.0802
3.2369
3.1439
3.2188
3.0760
3.0902
3.2604
2.9454
3.0866
2.9867
3.1564
3.1631
3.0997
3.0975
3.1799
3.2995
3.3130
3.3411
3.2023
3.4312
3.2638
3.4740
3.1321
3.0989
3.3099
3.1526
3.1300
3.1691
3.2906
3.1565
3.2643
3.2838
3.2442
3.3593
3.1414
3.2445
3.2687
3.2146
3.3534
3.3179
3.1613
3.0974
3.0446
3.3270
3.0880
3.1090
3.3149
3.3471
3.3801
3.3926
3.3437
3.3407
3.4423
3.5060
3.2397
3.4460
3.3833
3.3034
3.3009
3.2686
3.5309
3.2303
3.4657
3.1687
3.0362
3.0863
3.0500
3.1352
3.2045
3.0918
3.3065
3.1855
3.1756
3.1011
3.3163
3.3074
3.2826
3.1458
2.9890
3.2385
3.2996
3.2570
3.0254
3.1313
3.2207
3.1743
3.2376
3.2182
3.1619
3.1205
2.9849
2.6870
2.7575
2.6181
2.9816
2.7754
2.8859
2.9254
3.2923
3.0030
2.8137
2.9825
3.0704
2.8995
3.0150
3.0626
2.9783
2.9196
3.0947
3.0575
2.9526
3.1609
3.3174
3.3130
3.2526
3.1453
3.3387
3.2004
3.4258
3.2895
3.2246
3.1116
3.1807
3.2401
3.0459
3.2284
3.2010
3.3693
3.2014
3.3551
3.2044
3.2580
3.1093
3.0975
3.0919
3.2363
3.1621
3.2187
3.1622
2.9678
3.2192
3.1118
3.2260
3.3374
3.1049
3.0633
3.1154
3.1985
3.0824
3.2150
2.9894
3.0779
3.0447
3.1735
3.2123
3.3073
3.3685
3.2328
3.0351
3.1897
3.2972
3.1041
3.1091
3.0337
3.1328
3.1193
3.3178
3.3623
3.0422
3.2619
3.1286
3.2505
3.3011
3.5293
3.2817
3.2768
3.3779
3.5639
3.2468
3.4625
3.2708
3.2508
3.3773
3.0789
3.2585
3.2677
3.5283
3.3072
3.4903
3.0883
3.1116
3.1115
3.0442
3.3566
3.1903
3.3827
3.2869
3.1669
3.2072
3.1533
3.2233
3.2072
3.0801
3.2892
3.2193
3.2739
3.2470
3.1273
3.4018
3.4865
3.4080
3.2825
3.2567
3.2767
3.0754
3.4306
3.3450
3.1959
3.1961
3.1613
3.1042
3.0185
3.0204
2.8468
2.7023
3.0017
3.2747
3.1907
2.9671
2.9873
3.1542
3.1036
3.0267
3.1108
3.2398
3.3286
3.1738
2.9648
3.0595
3.1917
3.1503
3.1012
3.3824
3.2333
3.3695
3.3606
3.2535
3.1747
3.1149
3.2147
3.1103
2.9828
3.2067
3.1741
3.1775
3.3379
3.1655
3.1503
3.1806
3.1783
3.0638
3.2138
3.2648
3.5223
3.3782
3.3321
3.4205
3.1558
3.1632
3.2637
3.2039
3.3326
3.2108
3.2056
3.2031
3.1573
3.2349
3.0705
3.1595
3.2224
3.0286
3.0087
2.9147
3.0130
3.2763
3.1579
3.2915
3.3153
3.3622
3.6745
3.1704
3.3368
3.2062
3.4037
3.2616
3.3143
3.5288
3.3802
3.2885
3.5619
3.4942
3.3622
3.2108
3.3892
3.2968
3.3944
3.1707
3.3501
3.0670
3.2614
3.2197
3.1996
3.3402
3.1978
3.3107
3.3536
3.3196
3.2470
3.3148
3.3022
3.2926
3.4466
3.3404
3.3844
3.2944
3.3413
3.1920
3.2698
3.1090
3.3389
3.3698
3.3561
3.2300
3.4430
3.3673
3.3803
3.7190
3.3809
3.4322
3.3851
3.6727
3.6042
3.5098
3.3643
3.2766
3.2107
3.1337
3.2037
3.1245
3.1479
3.1851
3.2313
3.0451
3.2382
3.2196
3.2534
3.1464
3.0684
3.0305
3.1457
3.1437
3.1258
2.9948
3.2466
3.0954
3.0481
2.9269
3.0744
3.2179
3.2628
3.0811
3.2447
3.2600
3.1751
3.2637
3.2002
3.2342
3.0211
3.1463
3.1623
3.2698
3.3778
3.3544
3.1110
3.0741
3.2367
3.1541
2.9364
2.7320
2.8916
2.9447
3.0751
3.1125
3.3057
3.1555
3.2392
3.1690
3.2566
3.1285
3.0226
3.3092
3.1789
3.1969
3.2280
3.1817
3.2570
3.4045
3.2283
3.3507
3.0773
3.1427
3.1387
3.2774
3.4331
3.0805
3.3194
3.1037
3.2411
3.2086
3.1942
3.3459
3.1562
3.1744
3.0957
3.0535
3.2429
3.1894
3.0931
3.1454
3.0907
3.3063
3.1759
3.1024
3.0597
3.1535
3.1288
3.2333
3.0525
3.0635
3.2390
3.1203
3.2075
3.2009
3.2381
3.1531
3.2075
3.0434
3.1484
3.2241
3.2227
3.2289
3.1515
3.1924
3.1410
3.0234
3.1678
3.1378
3.1618
3.1771
3.1614
3.3020
3.1164
3.1916
3.2242
3.0527
3.0327
3.2367
3.0159
3.2023
3.2174
3.2660
3.0078
3.3304
3.4216
3.2857
2.9449
3.0987
3.0813
3.0781
3.2197
3.1047
3.1032
3.1499
3.0945
3.3602
3.0544
3.3039
3.1446
3.2522
3.2939
3.1277
3.2027
2.9905
3.1165
3.1254
3.0915
3.0656
3.1742
3.2283
3.2140
3.1711
3.2211
3.2026
3.0745
3.1208
3.0161
3.1926
3.0678
2.9644
3.0900
3.0224
3.0492
3.2170
3.3499
3.4625
3.4309
3.5017
3.3013
3.2957
3.5111
3.2851
3.1656
3.3248
3.3784
3.2483
3.4903
3.1800
3.2803
3.0503
3.0932
3.2305
3.2569
3.2698
3.1022
3.1095
3.3115
3.1770
3.0140
3.0629
3.1636
3.2784
3.4417
3.3843
3.3134
3.1319
3.4366
3.2081
3.0961
3.2223
3.1602
3.2951
3.3493
3.2102
3.2098
3.0174
3.1663
3.0041
3.1816
3.2495
3.2081
3.1663
2.9487
3.2622
3.2129
3.1818
3.4312
3.2316
3.1486
3.2479
3.1185
3.1245
3.2729
3.2426
3.0956
3.1746
3.0769
3.0726
3.1727
3.2384
3.1422
3.1257
3.1778
3.3242
3.1972
3.0998
3.1572
3.1895
3.2686
3.1357
3.0849
3.2083
3.1586
3.1199
3.2859
3.1994
3.1732
3.1989
3.4111
3.2045
3.1861
3.0822
3.1569
3.2282
3.1463
3.1956
3.1481
3.1997
3.0523
3.0744
3.1764
3.0988
3.1139
3.0743
3.1855
3.2096
3.1696
3.1482
3.3086
3.1706
3.0709
3.1369
3.1880
3.1717
3.2120
3.1456
3.0679
3.1795
3.1691
3.1219
3.2162
3.1497
2.9681
3.2178
3.2299
3.3453
3.3770
3.2488
3.1626
3.4049
3.0981
3.0771
3.1076
3.2010
3.2575
3.3674
3.3354
3.3522
3.1566
3.1263
3.1337
3.1349
3.2623
3.2311
3.3676
3.2067
3.3453
3.3497
3.2863
3.2483
3.5827
3.2873
3.4028
3.4177
3.4388
3.5021
3.3830
3.2488
3.4408
3.6714
3.2520
3.2079
3.3970
3.4186
3.3983
3.3763
3.2979
3.3601
3.2128
3.3254
3.3301
3.3920
3.4328
3.1954
3.2495
3.4523
3.2343
3.2798
3.2659
3.3858
3.4576
3.3107
3.3481
3.3085
3.2598
3.2167
3.4844
3.2886
3.2889
3.3673
3.2173
3.3823
3.3773
3.4545
3.2957
3.4332
3.3253
3.3479
3.3923
3.4390
3.3454
3.1447
3.3678
3.2968
3.2335
3.3476
3.3681
3.3277
3.4193
3.5017
3.4026
3.4143
3.5249
3.5324
3.3245
3.4707
3.3101
3.3916
3.1706
3.2822
3.2103
3.2394
3.4336
3.5077
3.5425
3.4125
3.4907
3.1922
3.4842
3.3525
3.3846
3.4624
3.6370
3.4060
3.1757
3.1805
3.4331
3.3283
3.3593
3.5521
3.4188
3.5339
3.4574
3.2033
3.3961
3.2330
3.3410
3.1284
3.3299
3.3417
3.3728
3.3234
3.4022
3.2774
3.3769
3.3455
3.3419
3.3234
3.3138
3.3710
3.2108
3.0988
3.2624
3.2083
3.2037
3.3658
3.3195
3.3353
3.5636
3.3123
3.3670
3.3906
3.4077
3.3342
3.3462
3.4204
3.4348
3.5252
3.1544
2.9670
3.2132
3.2734
3.5941
3.2986
3.5496
3.3988
3.7546
3.4598
3.3797
3.4779
3.4399
3.1885
3.2866
3.3778
3.4614
3.4608
3.6474
3.4331
3.2579
3.6087
3.5631
3.4857
3.3906
3.4153
3.4095
3.6865
3.5430
3.6650
3.6688
3.7370
3.8669
3.7547
3.6527
3.8571
3.7515
3.8798
3.6662
3.8433
3.6540
3.7575
3.6865
3.5701
3.5416
3.6537
3.4450
3.4179
3.2563
3.0875
3.0290
3.0179
3.0211
3.0479
3.1168
3.3593
3.2446
3.1226
3.1093
3.2017
3.1206
3.7475
3.7074
3.7691
3.3756
3.5965
3.5008
3.2691
3.4678
3.4141
3.0789
3.1614
3.0394
3.0613
2.9172
3.2700
3.3093
3.2955
3.5137
3.4186
3.5412
3.6433
3.5015
3.2389
3.4962
3.4319
3.4425
3.2813
3.2506
3.3964
3.2067
3.3366
3.1087
3.3353
3.3736
3.4173
3.3125
3.4591
3.6005
3.4014
3.4864
3.6190
3.7147
3.8131
3.7282
3.7434
3.5384
3.6059
3.8308
3.6859
3.8378
3.4417
3.5715
3.8004
3.6701
3.6167
3.4249
3.2716
3.1878
3.3038
3.2551
2.9532
3.1227
3.2063
3.2536
3.1941
3.0789
3.3343
3.3705
3.2662
3.0829
3.3261
3.3590
3.3569
3.4118
3.3754
3.4166
3.1926
3.5210
3.2986
3.3935
3.3031
3.4457
3.5464
3.4063
3.4242
3.7289
3.3641
3.5685
3.4470
3.4912
3.7936
3.6244
3.7824
3.4906
3.5034
3.6557
3.1410
3.4687
3.2868
3.3524
3.4831
3.6345
3.7136
3.6159
3.7355
3.5545
3.3653
3.3764
3.4197
3.5432
3.5503
3.5514
3.7088
3.7790
3.5265
3.7712
3.7172
3.5489
3.6761
3.5290
3.4681
3.4227
3.4855
3.5797
3.6429
3.6869
3.4212
3.1900
3.5070
3.3769
3.3489
3.3827
3.3812
3.4557
3.3051
3.3366
3.5107
3.4351
3.3167
3.6687
3.6707
3.5552
3.6363
3.5484
3.3852
3.1838
3.3134
3.4186
3.2441
3.2134
3.3446
3.2488
3.2289
3.2347
3.3992
3.1380
3.3516
3.4830
3.4194
3.4832
3.3667
3.4782
3.3853
3.3262
3.4026
3.3829
3.2673
3.3062
3.3136
3.4382
3.4879
3.2888
3.1685
3.5069
3.1071
3.1964
3.2125
3.3157
3.3265
3.1497
3.5289
3.3735
3.2991
3.3887
3.3516
3.1397
3.1983
3.3315
3.1519
3.4026
3.3979
3.2912
3.2201
3.3549
3.2325
3.2599
3.3211
3.3974
3.4184
3.2983
3.3405
3.4366
3.4836
3.3649
3.5074
3.2311
3.2208
3.2664
3.3487
3.3583
3.3404
3.3154
3.1940
3.5325
3.4115
3.3033
3.4516
3.4572
3.6007
3.2774
3.4077
3.4237
3.4965
3.3492
3.3260
3.4110
3.4421
3.4993
3.4717
3.4178
3.2014
3.3130
3.3749
3.4705
3.1496
3.1854
3.3334
3.2450
3.0656
3.2013
3.1687
3.3133
3.2482
3.4823
3.2713
3.2500
3.7476
3.2262
3.2982
3.2157
3.3405
3.1671
3.3229
3.1375
3.2104
3.4997
3.3442
3.1948
3.2376
3.1616
3.1993
3.1956
3.1206
3.0949
3.2489
3.2427
3.2591
3.1903
3.1298
3.1282
3.3221
3.2652
3.4380
3.3065
3.1019
3.5052
3.3563
3.3957
3.2910
3.2826
3.1400
3.2888
3.1854
3.3816
3.5550
3.3654
3.3443
3.3802
3.3747
3.5617
3.5934
3.3524
3.3162
3.2048
3.6602
3.4490
3.1669
2.7613
3.0939
3.0669
3.0853
2.9952
3.2654
3.2284
3.2659
3.2117
3.1434
3.1286
2.9924
3.0964
3.3021
3.0909
3.0702
3.2821
3.1302
3.0998
3.1360
3.0254
3.0808
3.1617
3.1334
3.1053
2.9868
2.9670
2.9319
3.0348
3.1592
3.2121
3.0896
3.1134
3.1100
3.1763
3.2961
3.3382
3.0200
3.2039
3.2955
3.2788
3.0861
3.2563
3.2587
3.2342
3.1958
3.0530
3.2383
3.1619
3.0906
3.0120
3.0814
3.1604
3.1214
3.1767
3.3014
3.2598
3.2506
3.0358
3.0548
2.9493
3.2288
3.3018
3.2651
3.1644
3.0728
3.0910
3.2789
3.2825
3.4154
3.3258
3.3399
3.2193
3.2396
3.3340
3.3374
3.2735
3.4923
3.1275
3.0519
3.1635
3.0636
3.1233
3.2472
3.1441
3.0630
3.0305
3.2425
3.1985
3.2123
3.3514
3.1521
3.1320
3.2247
3.2721
3.2032
3.1790
2.8928
3.0903
3.4332
3.2218
3.2899
3.4996
3.3603
3.1645
3.1483
3.2316
2.8137
2.8587
2.9771
3.0498
3.3010
3.1808
3.0936
3.2112
3.4135
3.2571
3.1990
3.1301
3.1812
2.9634
3.1855
3.2887
3.1756
3.1968
3.2735
3.3572
3.3948
3.3062
3.4113
3.5380
3.4263
3.5699
3.5439
3.5324
3.6125
3.4205
3.2973
3.4632
3.5214
3.0869
3.5204
3.3339
3.3630
3.3327
3.2598
3.2857
3.3471
3.5076
3.3777
3.4434
3.1211
3.2280
3.3087
3.2173
3.2220
3.3860
3.2568
3.1940
3.4157
3.3412
3.2520
3.3113
3.2184
3.1468
3.4027
3.4230
3.3629
3.4774
3.4209
3.2894
3.1004
3.3237
3.3244
3.3378
3.5182
3.3372
3.3106
3.4652
3.3149
3.3471
3.1587
3.1158
3.3434
3.2521
3.2964
3.3716
3.4421
3.5396
3.5471
3.4248
3.3694
3.4378
3.5037
3.4101
3.3571
3.3447
3.5149
3.5011
3.6091
3.4459
3.3269
3.3328
3.3311
3.3006
3.1791
3.1326
3.2246
3.3684
3.3415
3.4437
3.3731
3.2418
3.3322
3.0993
3.1304
3.2335
3.3878
3.4439
3.3883
3.2700
3.1870
3.1542
3.1506
3.1743
3.1665
3.2907
3.1276
3.2924
3.3357
3.2240
3.5808
3.1202
3.5579
3.5233
3.3641
3.4983
3.4262
3.5397
3.2363
3.3460
3.5816
3.3963
3.4427
3.2597
3.1600
3.1478
3.2713
3.2690
3.2121
3.2621
3.1079
3.1839
3.1233
3.1661
3.2558
3.1504
3.2473
3.4169
3.3642
3.1043
3.4043
3.4538
3.4410
3.7920
3.6382
3.5384
3.6024
3.7147
3.6018
3.5455
3.7551
3.4943
3.3568
3.6187
3.4126
3.5710
3.4648
3.7630
3.6331
3.5904
3.7009
3.6943
3.7374
3.6932
3.5330
3.5122
3.7721
4.0245
3.7190
3.7501
3.8011
3.8772
3.6799
3.7189
3.8702
3.8109
3.8088
3.6269
3.6185
3.8322
3.8260
3.8653
3.6919
3.9207
3.9257
3.8571
4.0666
4.0066
3.8827
3.9736
3.8614
3.8886
3.8498
4.0475
4.0068
4.1361
3.6385
3.7840
3.6983
3.7218
3.9970
3.8282
3.8467
3.7314
3.6546
3.7595
3.7726
3.6866
3.8957
3.6838
3.4877
3.5969
4.1012
3.9854
4.0192
4.2351
3.8184
3.9889
4.0222
4.1099
4.1557
3.8390
3.8107
4.0018
3.9118
3.9710
4.3890
4.2145
4.1525
3.9633
3.9670
3.9146
4.0368
4.2527
3.7703
4.1690
3.8250
3.5331
3.8892
4.1575
4.1367
3.9845
3.7764
3.7157
3.7343
3.9034
3.7520
3.7706
3.7690
3.6915
3.4625
3.2488
3.1858
3.1627
3.1930
3.1012
2.9789
3.0451
3.0138
3.0575
3.2817
3.3018
3.4414
3.1908
3.2678
3.5189
3.2095
3.4215
3.3910
3.4241
3.2193
3.2226
3.4399
3.5232
3.4770
3.2783
3.4826
3.3279
3.4426
3.4073
3.2385
3.2986
3.4567
3.4154
3.1826
3.1858
3.5903
3.4240
3.4025
3.4429
3.3723
3.6053
3.4669
3.4408
3.4719
3.4357
3.6034
3.4613
3.4607
3.2721
3.2787
3.4329
3.5757
3.3172
3.5286
3.4679
3.3796
3.3290
3.2951
3.3454
3.3365
3.1777
3.1906
3.2023
3.2966
3.0857
3.4242
3.4113
3.3193
3.3269
3.5986
3.5480
3.5164
3.5840
3.3730
3.2664
3.3965
3.3188
3.3192
3.3361
3.3834
3.1094
3.0781
3.2495
3.2877
3.4917
3.2215
3.2534
3.3314
3.3952
3.2751
3.2564
3.2802
3.4435
3.4763
3.3753
3.5779
3.6172
3.6862
3.5682
3.5902
3.6412
3.3672
3.7536
3.7933
3.6038
3.9114
3.7957
3.5036
3.5130
3.6275
3.7443
3.6445
3.9362
3.7669
3.7474
3.6117
3.7292
3.7876
3.8549
3.7142
3.3824
3.3552
3.6857
3.6439
3.7692
3.4961
3.5849
3.6170
3.6220
3.6790
3.8060
3.6784
3.9038
3.3930
3.3925
3.4887
3.4403
3.3515
3.4581
3.5899
3.3727
3.5334
3.5450
3.7387
3.5948
3.6015
3.4639
3.6591
3.5736
3.6757
3.4472
3.8485
3.6938
3.6960
3.5977
3.8991
3.5394
4.0085
3.8487
3.6869
3.5650
3.6372
3.5895
3.4728
3.0840
3.1507
2.9220
3.1300
3.2839
3.3804
3.3971
3.4093
3.3539
3.3869
3.2574
3.5187
3.4375
3.5398
3.5070
3.5659
3.2645
3.3615
3.0531
3.1285
2.9389
3.1033
3.0795
3.0870
3.0121
3.0604
3.2835
3.4587
3.4953
3.4316
3.1894
3.2198
3.1242
3.3341
3.4162
3.4213
3.3272
3.3535
3.4315
3.3928
3.5623
3.3566
3.2989
3.4263
3.2083
3.5836
3.4084
3.1946
3.4482
3.4118
3.4103
3.3613
3.1651
3.3960
3.2592
3.2314
3.3357
3.3836
3.3473
3.4674
3.4988
3.3618
3.8341
3.6104
3.5075
3.5543
3.3466
3.4613
3.5644
3.4437
3.2930
3.3152
3.4155
3.2811
3.3495
3.3109
3.5139
3.4612
3.4712
3.1986
3.3931
3.3478
3.3845
3.4773
3.3476
3.4303
3.3140
3.3530
3.4224
3.2671
3.2780
3.3305
3.6178
3.4864
3.3570
3.2627
3.5644
3.4058
3.3674
3.3542
3.4526
3.4204
3.2705
3.3669
3.4081
3.4194
3.4366
3.4456
3.2416
3.3721
3.3892
3.3766
3.3655
3.2436
3.3359
3.3085
3.3570
3.3379
3.4984
3.3818
3.3182
3.4534
3.3305
3.1597
3.4996
3.6092
3.6436
3.5497
3.4146
3.6113
3.8596
3.6284
3.4749
3.4757
3.7418
3.5522
3.4078
3.6267
3.7144
3.6699
3.7806
3.6564
3.6283
3.5163
3.6310
3.5951
3.8312
3.6431
3.8588
3.7069
3.6235
3.5240
3.7793
3.9368
3.7756
3.6683
3.7528
3.5947
3.6145
3.3150
3.5502
3.3584
3.4992
3.6864
3.3281
3.5060
3.5767
3.3996
3.3556
3.3490
3.2983
3.3785
3.3535
3.5044
3.4770
3.3657
3.3898
3.3674
3.3618
3.3904
3.4809
3.5071
3.5120
3.4100
3.2546
3.6269
3.5215
3.6311
3.3863
3.3022
3.2861
3.3591
3.3381
3.6107
3.3051
3.3706
3.4801
3.6995
3.5355
3.5323
3.5595
3.4319
3.5573
3.3102
3.3721
3.6151
3.4737
3.5875
3.6237
3.6951
3.4314
3.3028
3.5397
3.4786
3.6817
3.4518
3.3358
3.5136
3.4379
3.4000
3.3455
3.4720
3.5635
3.5302
3.5452
3.4600
3.4763
3.4149
3.4905
3.4895
3.7576
3.5538
3.5260
3.6047
3.6288
3.3552
3.5925
3.4222
3.7103
3.5908
3.5629
3.5534
3.5069
3.6520
3.5464
3.4504
3.5732
3.5847
3.3879
3.5907
3.8383
3.6606
3.6453
3.5099
3.4668
3.7022
3.4339
3.4670
3.2861
3.3851
3.3778
3.6997
3.3642
3.5113
3.2636
3.4770
3.4185
3.3579
3.2637
3.3164
3.3529
3.4822
3.5446
3.3480
3.4161
3.5476
3.4081
3.1326
3.4670
3.5235
3.6190
3.5238
3.5288
3.4266
3.4177
3.4106
3.3661
3.8092
3.4635
3.6238
3.5368
3.2737
3.3654
3.1578
3.4747
3.2877
3.2526
3.4965
3.4461
3.4141
3.5665
3.3777
3.4518
3.2973
3.3493
3.3677
3.3979
3.3268
3.2662
3.4522
3.3899
3.3107
3.2856
3.3084
3.2294
3.4178
3.4917
3.5198
3.3401
3.5508
3.4707
3.6742
3.6804
3.4819
3.4404
3.5675
3.5231
3.5203
3.5862
3.4861
3.6550
3.6546
3.5030
3.3858
3.5419
3.5357
3.5952
3.4420
3.6365
3.6388
3.6974
3.6689
3.7268
3.5903
3.5328
3.4209
3.5241
3.4409
3.4765
3.6060
3.6372
3.5296
3.5422
3.5519
3.5188
3.3120
3.3683
3.5028
3.5430
3.6197
3.5035
3.6161
3.5488
3.4478
3.4486
3.6601
3.5316
3.4538
3.4471
3.4800
3.3397
3.4274
3.3649
3.4826
3.5309
3.3541
3.3468
3.3573
3.3819
3.3923
3.2890
3.3290
3.2975
3.3319
3.3882
3.3932
3.4874
3.4534
3.3911
3.3968
3.3162
3.3640
3.5037
3.3633
3.3801
3.4231
3.4746
3.3823
3.5203
3.4086
3.4390
3.4776
3.4235
3.4075
3.4639
3.4527
3.5503
3.3719
3.4002
3.4543
3.3973
3.3708
3.5538
3.5055
3.4831
3.4296
3.5894
3.5842
3.4622
3.6862
3.4244
3.2771
3.4137
3.5372
3.5171
3.4010
3.2676
3.2485
3.1594
3.0940
3.2673
3.4482
3.2512
3.1475
3.2016
3.1908
3.3143
3.3290
3.1592
3.0744
3.1888
3.1173
3.3184
3.2510
3.2299
3.2385
3.1954
3.2942
3.2983
3.4795
3.4374
3.3472
3.3105
3.1928
3.2602
3.3233
3.4595
3.0606
3.3025
3.4433
3.5044
3.2025
3.4098
3.3449
3.3206
3.4859
3.3582
3.3868
3.3231
3.2424
3.5575
3.2842
3.3957
3.3276
3.3165
3.5009
3.2061
3.1652
3.5482
3.4071
3.4239
3.4723
3.5322
3.5369
3.2488
3.1795
3.5209
3.6480
3.4857
3.6008
3.4582
3.6042
3.5138
3.5233
3.4668
3.3195
3.3544
3.2748
3.2724
3.1441
3.3534
3.1334
3.3815
3.3472
3.4698
3.3785
3.1389
3.4167
3.1442
3.2253
3.2167
3.4235
3.3541
3.4587
3.4836
3.5346
3.2217
3.4068
3.3018
3.3572
3.4270
3.3828
3.5046
3.4356
3.3369
3.1620
3.3451
3.4936
3.2920
3.4030
3.3372
3.4305
3.6232
3.3930
3.3520
3.2920
3.3292
3.2238
3.2559
3.2390
3.2734
3.3651
3.3486
3.3386
3.2515
3.5031
3.3429
3.2268
3.2878
3.3453
3.3375
3.3262
3.2487
3.3980
3.3452
3.3161
3.3777
3.6122
3.2772
3.3357
3.2145
3.2181
3.3324
3.2843
3.3306
3.3116
3.3021
3.3989
3.3259
3.2314
3.2775
3.2568
3.2474
3.3289
3.1455
3.1329
3.3766
3.1951
3.2111
3.1005
3.4388
3.3872
3.1708
3.2067
3.2805
2.9809
3.2846
3.1746
3.3988
3.3718
3.3127
3.2049
3.1531
3.4059
3.4314
3.4999
3.3766
3.2111
3.2642
3.2616
3.2548
3.2369
3.4452
3.5565
3.2604
3.3534
3.2375
3.5260
3.5232
3.2853
3.3203
3.1672
3.0336
3.3370
3.4652
3.6597
3.4885
3.3564
3.2404
3.4720
3.4294
3.4566
3.2912
3.5747
3.4450
3.4445
3.5674
3.5090
3.4746
3.4910
3.4638
3.5853
3.3842
3.4554
3.6679
3.4617
3.3143
3.2596
3.5049
3.2349
3.3567
3.3244
3.4285
3.5484
3.4591
3.3136
3.5849
3.5479
3.3104
3.5401
3.4594
3.4546
3.4985
3.5147
3.4092
3.3642
3.3776
3.4286
3.4261
3.4590
3.5305
3.4974
3.8423
3.2554
3.4290
3.3404
3.3776
3.4988
3.3876
3.6281
3.7303
3.3379
3.2538
3.4239
3.6047
3.3385
3.4789
3.3611
3.3924
3.6339
3.4792
3.2963
3.2207
3.3393
3.2671
3.4420
3.3304
3.3503
3.2635
3.2779
3.2141
3.2129
3.4629
3.0175
3.1286
3.1282
3.3776
3.1964
3.2267
3.2090
3.2593
3.2975
3.2744
3.3919
3.5351
3.4727
3.3498
3.2788
3.3816
3.2970
3.1025
3.4478
3.3799
3.2366
3.2121
3.2144
3.3112
3.3026
3.3041
3.2302
3.4293
3.3891
3.2035
3.2712
3.3282
3.3170
3.2582
3.2932
3.4115
3.3829
3.3070
3.3269
3.2923
3.3730
3.3126
3.1651
3.2883
3.2741
3.2109
3.2548
3.2362
3.3132
3.3085
3.3881
3.4185
3.4888
3.4735
3.3693
3.5756
3.4833
3.4348
3.2851
3.3867
3.4875
3.3573
3.3388
3.4594
3.3680
3.5167
3.5205
3.5240
3.3588
3.4598
3.2996
3.1523
3.2483
3.3903
3.5227
3.4045
3.3787
3.2576
3.3674
3.3056
3.2120
3.2278
3.3175
3.1574
3.3250
3.2457
3.2594
3.3550
3.2210
3.2790
3.3114
3.4475
3.4286
3.4131
3.4416
3.2146
3.2505
3.3061
3.3065
3.4150
3.2081
3.2478
3.3275
3.4550
3.4311
3.3211
3.2146
3.3626
3.4134
3.4177
3.2302
3.1954
3.3788
3.3165
3.2824
3.1020
3.2411
3.3015
3.1747
3.1802
3.3437
3.3481
3.2243
3.3440
3.3469
3.2376
3.1903
3.3762
3.3911
3.1340
3.1123
3.1599
3.3055
3.3709
3.3721
3.3715
3.3325
3.2869
3.3572
3.4814
3.3368
3.5089
3.4918
3.5453
3.6545
3.3887
3.4676
3.2817
3.1969
3.4805
3.3433
3.4192
3.3870
3.3774
3.4266
3.3496
3.4363
3.4240
3.2641
3.3794
3.2344
3.3432
3.4323
3.4649
3.3737
3.4118
3.2991
3.3292
3.3117
3.3783
3.4192
3.4268
3.4651
3.5780
3.5765
3.6937
3.5791
3.4654
3.4506
3.4324
3.5372
3.2657
3.5632
3.3139
3.3319
3.5322
3.3881
3.4858
3.3270
3.4695
3.5569
3.3754
3.4039
3.4903
3.2074
3.1354
3.2432
3.1579
3.3160
3.2983
3.3635
3.1890
3.2590
3.3142
3.5087
3.4330
3.3295
3.2502
3.3461
3.3467
3.2944
3.3136
3.3271
3.4709
3.4054
3.4093
3.2339
3.2822
3.1815
3.3999
3.3156
3.5899
3.3733
3.2602
3.4343
3.3221
3.5957
3.3631
3.4357
3.4677
3.3975
3.3982
3.1637
3.4234
3.2846
3.3653
3.3427
3.4016
3.5183
3.3694
3.5527
3.4009
3.3525
3.3191
3.3519
3.6657
3.6141
3.4535
3.4840
3.3841
3.3782
3.6021
3.4012
3.1926
3.2559
3.3614
3.3058
3.5154
3.3138
3.4181
3.6079
3.6838
3.3375
3.4178
3.3267
3.1156
3.4151
3.4464
3.4324
3.5560
3.4940
3.5829
3.2473
3.3051
3.3171
3.1788
3.2543
3.3168
3.4631
3.3387
3.3323
3.2370
3.3591
3.4474
3.4512
3.4453
3.3630
3.4899
3.5043
3.3925
3.3864
3.3929
3.3168
3.4180
3.2777
3.4856
3.5271
3.3633
3.3875
3.3478
3.2315
3.4428
3.4720
3.3109
3.3740
3.4939
3.4175
3.5048
3.2228
3.4588
3.3958
3.0985
3.1957
3.5960
3.4378
3.3649
3.3213
3.1795
3.3811
3.2806
3.2607
3.1954
3.7298
3.2318
3.3437
3.6744
3.5172
3.5058
3.2904
3.5583
3.2458
3.4243
3.4697
3.3114
3.3857
3.5254
3.4727
3.3975
3.4707
3.4374
3.4947
3.6233
3.3585
3.2589
3.3768
3.2592
3.1130
3.3653
3.3269
3.3954
3.1062
3.1308
3.5867
3.3318
3.3888
3.4315
3.3880
3.4424
3.4847
3.5442
3.4305
3.4264
3.3913
3.4360
3.3520
3.4920
3.3311
3.2489
3.0960
3.3103
3.2715
3.3933
3.3422
3.3160
3.2330
3.3261
3.4008
3.5541
3.2712
3.4900
3.4283
3.3957
3.3791
3.1956
3.3962
3.1874
3.2768
3.6383
3.4646
3.5061
3.7840
3.5840
3.5642
3.5268
3.4692
3.6236
3.5263
3.5948
3.5762
3.8036
3.6220
3.6911
3.4935
3.5029
3.4536
3.3189
3.3314
3.4423
3.4224
3.3697
3.2644
3.3044
3.3614
3.3206
3.3804
3.3938
3.1662
3.2377
3.2763
3.3094
3.2504
3.6400
3.4650
3.6469
3.6473
3.5104
3.4456
3.4428
3.4462
3.3339
3.5269
3.2700
3.4858
3.4146
3.4135
3.4934
3.3887
3.3407
3.2920
3.4227
3.3380
3.3507
3.3753
3.3334
3.3854
3.3313
3.4239
3.3218
3.2918
3.2535
3.2669
3.1000
3.3333
3.4105
3.3287
3.4675
3.2649
3.2127
3.6526
3.5055
3.3572
3.2109
3.3793
3.1640
3.2596
3.3404
3.4714
3.4503
3.3607
3.4589
3.2671
3.2311
3.1637
3.5081
3.4392
3.2636
3.4673
3.4652
3.4162
3.3516
3.3613
3.2608
3.4232
3.2461
3.3934
3.3188
3.4057
3.2692
3.3763
3.2758
3.5490
3.2060
3.2925
3.2026
3.4450
3.2632
3.2245
3.3132
3.3401
3.2074
3.2712
3.5511
3.2929
3.4022
3.3305
3.3336
3.4797
3.3192
3.2474
3.4838
3.3106
3.3027
3.1350
3.2155
3.3413
3.1582
3.2897
3.3152
3.4176
3.3262
3.3830
3.1915
3.4414
3.3843
3.2718
3.3550
3.4072
3.2991
3.3773
3.4552
3.4381
3.2693
3.4206
3.3421
3.4969
3.3946
3.4578
3.3578
3.2639
3.3031
3.2379
3.2592
3.2152
3.3788
3.2755
3.2505
3.2684
3.3096
3.3315
3.2837
3.3069
3.2309
3.3613
3.3933
3.3213
3.4278
3.2722
3.4179
3.5638
3.4315
3.1891
3.4049
3.4529
3.3500
3.3141
3.3028
3.3100
3.2437
3.3313
3.3534
3.3666
3.6033
3.6227
3.5807
3.5779
3.5776
3.2379
3.4149
3.5134
3.3632
3.4404
3.2594
3.3403
3.2688
3.4807
3.5119
3.4763
3.3803
3.1683
3.4980
3.5227
3.5221
3.5833
3.6364
3.3657
3.3456
3.6068
3.8082
3.5844
3.4409
3.4126
3.7896
3.5962
3.2651
3.1385
3.2942
3.1783
3.3018
3.2237
3.4429
3.3605
3.1356
3.3694
3.4497
3.3394
3.3587
3.3000
3.3584
3.4689
3.5953
3.5160
3.4416
3.4445
3.5284
3.3887
3.4630
3.4681
3.4917
3.4708
3.6560
3.7247
3.6750
3.4872
3.3557
3.5230
3.3436
3.3245
3.4222
3.5700
3.4254
3.6168
3.3179
3.4196
3.7869
3.4945
3.4829
3.6761
3.5840
3.7510
3.6989
3.7183
3.4733
3.6431
3.5025
3.5198
3.5521
3.6516
3.5422
3.4871
3.7075
3.4310
3.7347
3.6007
3.6669
3.8028
3.7248
3.6501
3.5234
3.5953
3.6113
3.6289
3.4089
3.6355
3.4143
3.5784
3.4005
3.5294
3.4332
3.5506
3.3905
3.3399
3.6426
3.2450
3.3979
3.5880
3.5022
3.5707
3.3517
3.6307
3.4807
3.5728
3.4485
3.5571
3.3388
3.2996
3.5325
3.5175
3.7775
3.4778
3.4912
3.6121
3.5278
3.4477
3.3891
3.5349
3.5680
3.5277
3.5656
3.6231
3.5196
3.5823
3.8491
3.5330
3.5635
3.3651
3.5984
3.4341
3.5554
3.3711
3.5605
3.6013
3.5784
3.4984
3.2786
3.4694
3.3207
3.3893
3.1795
3.4655
3.4394
3.6883
3.3061
3.4191
3.3770
3.3891
3.5066
3.3974
3.6686
3.8969
3.5287
3.7491
3.3587
3.4793
3.5037
3.5931
3.6056
3.2977
3.4671
3.4047
3.3882
3.3560
3.5028
3.7314
3.7980
3.5702
3.7965
3.7609
3.8262
3.3662
3.6613
3.6482
3.5492
3.5183
3.5810
3.2415
3.4151
3.6620
3.5116
3.4603
3.4384
3.5626
3.6008
3.4760
3.5714
3.6625
3.6363
3.6315
3.8307
3.7540
3.6956
3.7220
3.6565
3.3684
3.3415
3.6829
3.6025
3.4791
3.5389
3.5898
3.3643
3.6554
3.5054
3.3954
3.2843
3.5770
3.4936
3.5633
3.5798
3.6848
3.4020
3.5763
3.5720
3.4994
3.7943
3.9676
3.6784
3.7471
3.9261
3.7611
3.6675
3.7496
3.7410
3.6424
3.6087
3.5887
3.6676
3.6463
4.0410
3.7147
3.7913
3.9339
4.0061
3.1842
3.4700
3.3970
3.4594
3.2754
3.4955
3.6417
3.5312
3.6957
3.4566
3.5427
3.5240
3.5743
3.3541
3.8155
3.7170
3.4464
3.7542
3.7033
3.3159
3.4123
3.4850
3.4536
3.5488
3.4121
3.4136
3.4393
3.5555
3.4569
3.2977
3.3807
3.5227
3.3872
3.1909
3.3198
3.1987
3.5117
3.4187
3.4809
3.4025
3.3210
3.2831
3.3734
3.3494
3.5326
3.2525
3.3677
3.4957
3.4341
3.4655
3.5253
3.1766
3.2716
3.4341
3.5441
3.2230
3.3727
3.6362
3.5828
3.5472
3.6926
3.4830
3.3591
3.6181
3.3908
3.2636
3.5663
3.4848
3.3974
3.3028
3.3495
3.1066
3.3918
3.3332
3.2665
3.5253
3.5342
3.2319
3.4050
3.3883
3.5357
3.5338
3.6503
3.6392
3.7395
3.8068
3.9465
3.5974
3.5438
3.4710
3.5501
3.5869
3.6661
3.6892
3.6427
3.5624
3.5089
3.7119
3.4666
3.5121
3.6638
3.5541
3.5328
3.5546
3.5655
3.5164
3.5321
3.4463
3.6140
3.5120
3.4258
3.7387
3.7922
3.5993
3.6907
3.3609
3.7143
3.5831
3.4394
3.4640
3.5590
3.5157
3.6210
3.8756
3.8359
3.6629
3.6862
3.7076
3.6063
3.4784
3.6301
3.6721
3.7034
3.5728
3.6959
3.6888
3.7636
3.7590
3.4481
3.5237
3.7552
3.4848
3.4387
3.1619
3.4321
3.3067
3.6423
3.7879
3.5055
3.5958
3.4063
3.7869
3.4491
3.7968
3.6937
3.7209
3.7148
3.6315
3.5948
3.4404
3.4926
3.4162
3.6924
3.4992
3.5869
3.3425
3.4882
3.5472
3.5531
3.5653
3.4902
3.5604
3.5657
3.8511
3.7026
3.6741
3.8781
4.0192
3.4531
3.6252
3.5240
3.8531
3.9728
3.6911
3.6456
3.4364
3.6291
3.8468
3.6225
3.5540
3.5462
3.6177
3.5712
3.5779
3.4900
3.5688
3.6922
3.7730
3.4997
3.5322
3.6056
3.6699
3.5292
3.6884
3.3766
3.6666
3.4521
3.3689
3.3280
3.5928
3.5438
3.4056
3.2498
3.1051
3.2920
3.3650
3.4864
3.4491
3.4581
3.5382
3.4218
3.6604
3.5640
3.4024
3.6425
3.5057
3.7019
3.6863
3.5687
3.4129
3.6120
3.4860
3.6056
3.4775
3.5093
3.7498
3.6004
3.4785
3.6185
3.6154
3.4655
3.5626
3.4908
3.6283
3.8478
3.9475
3.5121
3.5953
3.7180
3.7158
3.6575
3.6478
3.8148
3.6984
3.4736
3.4870
3.5642
3.5333
3.8435
3.6452
3.5220
3.5486
3.7992
3.7153
3.9514
3.5711
3.7131
3.6034
3.6759
3.7322
3.7590
3.7952
3.7739
3.7063
3.6559
3.8616
3.5977
3.7333
3.8346
3.9066
3.8172
3.8153
3.5067
3.8288
3.8889
3.5883
3.8036
3.6278
3.3318
3.6649
3.6493
3.4244
3.4414
3.6212
3.5661
3.3647
3.3292
3.3846
3.5328
3.4270
3.5350
3.6152
3.8073
3.5014
3.2691
3.3547
3.3538
3.3007
3.5471
3.4408
3.4061
3.5544
3.6955
3.3893
3.3371
3.4977
3.2208
3.3183
3.2574
3.3568
3.5367
3.5425
3.3217
3.5305
3.4319
3.4735
3.5997
3.5339
3.4731
3.4467
3.2931
3.4102
3.5507
3.2913
3.3826
3.4051
3.5218
3.4403
3.6180
3.6594
3.5021
3.6898
3.5375
3.3990
3.6228
3.6384
3.4879
3.6756
3.5160
3.5156
3.4042
3.6778
3.5788
3.5316
3.4638
3.2961
3.7271
3.4198
3.6114
3.5629
3.3859
3.4642
3.5251
3.6804
3.7843
3.5108
3.5140
3.4590
3.3968
3.6662
3.5010
3.4840
3.4252
3.4448
3.4569
3.5509
3.4840
3.8046
3.4927
3.4448
3.3826
3.3807
3.4743
3.4622
3.4501
3.4002
3.4960
3.5616
3.4513
3.3995
3.3195
3.4763
3.6508
3.6392
3.5436
3.5162
3.5310
3.5646
3.3626
3.4495
3.4951
3.6535
3.6230
3.4946
3.5109
3.4288
3.6244
3.4503
3.3345
3.4332
3.4372
3.5529
3.5704
3.5490
3.7025
3.5289
3.5917
3.3724
3.5592
3.4976
3.6577
3.5472
3.3797
3.5720
3.6590
3.5875
3.7270
3.6710
3.6830
3.6870
3.6127
3.6365
3.8634
3.6466
3.6358
3.5643
3.7831
3.7395
3.5398
3.7658
3.6198
3.6544
3.6789
3.8145
3.7931
3.6169
3.5810
3.5647
3.4169
3.6465
3.5601
3.5210
3.4560
3.6468
3.4133
3.4933
3.4497
3.4985
3.4112
3.4869
3.5407
3.4804
3.6102
3.4396
3.4699
3.4780
3.5253
3.3893
3.5586
3.4734
3.5649
3.5159
3.4257
3.8384
3.5837
3.5248
3.4871
3.6936
3.3897
3.6750
3.6176
3.9071
3.6571
3.6790
3.5962
3.4601
3.5270
3.5643
3.4399
3.5457
3.4863
3.4303
3.2628
3.3004
3.5047
3.6049
3.7377
3.5830
3.5101
3.6829
3.5846
3.8373
3.8197
3.6810
3.5195
3.5988
3.5976
3.5361
3.6501
3.7533
3.6614
3.5086
3.6443
3.5708
3.5541
3.4757
3.5464
3.6053
3.6401
3.5207
3.6036
3.6810
3.5919
3.5138
3.4251
3.8586
3.4082
3.7686
3.6315
3.6408
3.4005
3.4303
3.5334
3.6002
3.4336
3.7936
3.8390
3.3574
3.5187
3.5394
3.5850
3.5391
3.5479
3.5581
3.5360
3.4398
3.6182
3.6544
3.6401
3.6640
3.5628
3.5311
3.4727
3.4404
3.3501
3.4234
3.5879
3.8025
3.6940
3.6531
3.5884
3.6078
3.7489
3.6031
3.5191
3.4502
3.5054
3.5189
3.5827
3.6768
3.6279
3.8357
3.8365
3.6311
3.5430
3.7946
3.4790
3.5706
3.6759
3.6274
3.7759
3.8084
3.7185
3.3263
3.3166
3.7120
3.6419
3.8982
3.6744
3.6300
3.7938
3.6550
3.6531
3.7730
3.5907
3.6909
3.7117
3.4890
3.6313
3.5891
3.3311
3.5243
3.5481
3.3670
3.4619
3.4829
3.7886
3.6057
3.6201
3.6909
3.7342
3.6876
3.4419
3.6734
3.6016
3.8075
3.7223
3.7395
3.8618
3.9647
3.4979
3.7105
3.6987
3.6224
3.6802
3.6377
3.8164
3.6571
3.5867
3.7422
3.7426
3.6056
3.5812
3.7312
3.6192
3.7451
3.4244
3.5866
3.7128
3.6096
3.5287
3.7047
3.5801
3.3059
3.4174
3.6151
3.4213
3.3228
3.2503
3.4764
3.4399
3.4175
3.6220
3.4970
3.5774
3.3770
3.5421
3.6204
3.6613
3.4260
3.4311
3.4508
3.4418
3.6125
3.3952
3.5665
3.6668
3.5398
3.4470
3.3710
3.7037
3.4895
3.6870
3.3160
3.5587
3.4043
3.3367
3.5606
3.7469
3.6929
3.6895
3.6345
3.7180
3.8785
3.7051
3.6247
3.6256
3.7235
3.5894
3.6351
3.6315
3.4562
3.5138
3.3916
3.4261
3.4869
3.4346
3.5225
3.4680
3.3473
3.5603
3.5059
3.4295
3.6559
3.4891
3.4590
3.4049
3.5537
3.6519
3.5165
3.5952
3.5904
3.6930
3.4973
3.3379
3.5136
3.5343
3.9078
3.5485
3.7034
3.7481
3.6036
3.6006
3.6672
3.5874
3.4137
3.5685
3.4564
3.5627
3.6111
3.5207
3.6152
3.5775
3.4205
3.4815
3.4496
3.4955
3.4342
3.5552
3.3391
3.3294
3.3532
3.4115
3.7038
3.6914
3.8571
3.6610
3.7076
3.6762
3.5716
3.5223
3.6381
3.5249
3.7430
3.6498
3.6902
3.5253
3.5786
3.6355
3.3008
3.4465
3.3892
3.4455
3.5782
3.4988
3.3763
3.5208
3.5274
3.3964
3.3338
3.5089
3.4636
3.5001
3.4940
3.5352
3.4086
3.5260
3.4264
3.6204
3.4869
3.4566
3.2970
3.3967
3.5916
3.7581
3.4411
3.3372
3.4715
3.8723
3.6587
3.5919
3.7863
3.7130
3.7398
3.6081
3.7972
3.6231
3.8421
3.8877
3.7223
3.7460
3.8037
3.7518
3.8447
3.6086
3.7220
3.7503
3.6579
3.8316
3.6139
3.7084
3.6633
3.5899
3.7839
3.7967
3.6268
3.5120
3.5918
3.6005
3.6577
3.8274
3.7934
3.4998
3.6201
3.7858
3.6374
3.6772
3.5690
3.6667
3.6925
3.8020
3.6154
3.5437
3.6261
3.5942
3.8068
3.7647
3.3737
3.5430
3.5116
3.3365
3.4660
3.3119
3.5223
3.5817
3.4179
3.4569
3.3007
3.2547
3.2650
3.2457
3.3125
3.4432
3.5142
3.1660
3.1276
3.3772
3.1985
3.2072
3.2104
3.1178
3.3011
3.2936
3.3024
3.3288
3.0978
3.2159
3.3217
3.2174
3.4299
3.5032
3.2386
3.3236
3.4903
3.5242
3.4801
3.2974
3.4119
3.1585
3.2497
3.1988
3.6231
3.3083
3.2944
3.1994
3.3860
3.3714
3.3650
3.5221
3.3038
3.3081
3.3676
3.3372
3.1640
3.3212
3.1181
3.1123
3.2906
3.1603
3.1512
3.3991
3.1227
3.2888
3.2786
3.2701
3.1322
3.1103
3.3679
3.1445
3.1128
3.3840
3.1933
3.3661
3.6164
3.2105
3.2117
3.2554
3.4536
3.2213
3.1105
3.1284
3.2733
3.4449
3.1157
3.3359
3.3204
3.4654
3.2482
3.1754
3.3206
3.1474
3.3097
3.4949
3.3527
3.4524
3.4473
3.1600
3.2132
3.1157
3.3477
3.3586
3.3340
3.2747
3.3624
3.2835
3.3519
3.1853
3.3223
3.4822
3.4675
3.4637
3.4071
3.2743
3.2220
3.2152
3.2735
3.1126
3.2508
3.3333
3.4685
3.1365
3.3907
3.5142
3.1164
3.1160
3.6061
3.3857
3.2893
3.4205
3.2699
3.4127
3.4684
3.2079
3.2527
3.3112
2.9739
3.3361
3.3557
3.2780
3.1075
3.0870
3.3428
3.0738
3.2374
3.1649
3.2704
3.1519
3.1368
2.9399
3.0518
3.1594
3.1450
3.2762
3.3947
3.5087
3.4949
3.4511
3.4649
3.3427
3.3994
3.3488
3.3417
3.1181
3.1213
3.3517
3.0850
3.0563
3.2842
3.0752
3.2875
2.9786
3.1311
3.0991
3.0112
2.9756
3.0996
3.0752
3.2151
3.3769
3.0904
3.2759
3.1709
3.2632
3.0645
3.4159
3.1217
3.1121
2.9600
2.9498
3.0605
3.2455
3.2484
3.2397
3.0803
3.0481
3.2193
3.2233
3.1638
3.3145
3.3133
3.2305
3.0978
3.2381
3.2593
2.9994
3.0945
3.1507
3.1117
2.8890
3.1393
3.1773
3.2899
3.1844
3.2238
3.1163
3.2472
3.2741
3.1393
3.1485
3.1616
3.1219
3.2091
3.2387
3.0645
3.1395
3.1338
3.1324
3.3088
3.1635
3.3995
3.5229
3.4762
3.3938
3.3810
3.2895
3.4512
3.1243
3.4102
3.5034
3.1897
3.6958
3.3068
3.2882
3.4681
3.2889
3.3830
3.3565
3.4876
3.4000
3.5085
3.4882
3.4374
3.6040
3.3670
3.3168
3.7111
3.4262
3.3899
3.4173
3.5607
3.5719
3.4569
3.4198
3.7111
3.5696
3.5671
3.4078
3.5541
3.4255
3.7654
3.4624
3.6135
3.4041
3.5209
3.6199
3.4264
3.4838
3.4116
3.3518
3.4354
3.4603
3.4378
3.5377
3.5354
3.5461
3.6190
3.3853
3.4926
3.3912
3.1347
3.6251
3.4917
3.7522
3.4755
3.6168
3.7104
3.6883
3.4131
3.8017
3.8038
3.6603
3.3996
3.3896
3.4694
3.5988
3.5768
3.7261
3.5038
3.8534
3.4512
3.7630
3.8402
3.6539
3.6273
3.6744
3.7966
3.6695
3.6014
3.7799
3.7207
3.5338
4.0457
3.8426
3.5706
3.7978
3.9473
3.9516
3.9541
4.1283
4.0994
3.8585
3.7731
3.5737
3.8255
3.6478
3.7610
3.8797
3.6430
3.5486
3.6278
3.4905
3.8461
3.3542
3.5564
3.6356
3.5685
3.7033
3.5585
3.7985
3.7306
3.3077
3.2947
3.4734
3.7060
3.2897
3.2017
3.6596
3.6137
3.5595
3.5313
3.4713
3.1630
3.3060
3.7483
3.5457
3.6483
3.2492
3.7406
3.5906
3.4346
3.6653
3.4185
3.5919
3.3479
3.5359
3.4413
3.5851
3.5640
3.4785
3.4611
3.2134
3.3391
3.5647
3.4633
3.5027
3.3477
3.3293
3.1729
3.2689
3.5430
3.5901
3.5522
3.4609
3.4482
3.5288
3.7260
3.6029
3.5443
3.3745
3.5674
3.5067
3.2349
3.3761
3.5942
3.5207
3.3136
3.5715
3.6007
3.7694
3.6883
3.7214
3.8550
3.8695
4.0248
3.8425
3.9412
3.7284
3.7262
3.6659
3.7440
3.7422
3.9637
3.8367
3.8460
3.3345
3.4166
3.5190
3.5459
3.3759
3.5086
3.2940
3.5145
3.3237
3.6880
3.6162
3.6438
3.5886
3.7454
3.6807
3.4915
3.5719
3.3030
3.4866
3.4988
3.3955
3.4258
3.7534
3.4735
3.4148
3.4037
3.5972
3.7002
3.2991
3.3246
3.7787
3.5512
3.7796
3.2716
3.2405
3.4892
3.3693
3.3715
3.7909
3.7747
3.3819
3.5276
3.5253
3.5855
3.4018
3.4070
3.6047
3.6123
3.4340
3.7757
3.7194
3.3910
3.2485
3.4416
3.3367
3.2402
3.2404
3.5128
3.5742
3.2909
3.6289
3.4713
3.5812
3.7100
3.7204
3.5978
3.4127
3.5900
3.6065
3.5736
3.4380
3.3254
3.6640
3.5218
3.6087
3.3786
3.4912
3.3329
3.4519
3.4457
3.3316
3.7502
3.5982
3.4847
3.6214
3.5657
3.5122
3.5745
3.7659
3.3325
3.4545
3.4952
3.2922
3.2901
3.3096
3.4824
3.4588
3.4692
3.3011
3.4311
3.3694
3.6148
3.3048
3.4610
3.2446
3.3520
3.7563
3.3776
3.6745
3.4772
3.4972
3.3014
3.5765
3.5730
3.2803
3.3834
3.4215
3.4659
3.5002
3.3704
3.5171
3.2183
3.5260
3.5207
3.3795
3.3869
3.3882
3.5722
3.4544
3.3447
3.3829
3.2855
3.2427
3.2865
3.4791
3.6422
3.4323
3.5354
3.3803
3.6179
3.4127
3.7361
3.2506
3.5712
3.2781
3.5303
3.5130
3.5437
3.4882
3.6332
3.4276
3.3017
3.2238
3.2886
3.4416
3.6175
3.4504
3.5284
3.5023
3.3660
3.6100
3.5970
3.4982
3.6838
3.6431
3.3858
3.8386
3.7184
3.2750
3.4543
3.4369
3.4746
3.5511
3.2733
3.2575
3.5544
3.3455
3.4002
3.5778
3.5130
3.3890
3.3880
3.1438
3.4511
3.3507
3.5046
3.2491
3.3015
3.4837
3.3146
3.4544
3.3219
3.4317
3.3833
3.2307
3.4049
3.6852
3.6677
3.3413
3.4058
3.4204
3.5302
3.3584
3.5827
3.6290
3.5736
3.4406
3.3864
3.4405
3.3792
3.5378
3.4724
3.4841
3.3858
3.4210
3.3089
3.3927
3.4553
3.4172
3.3364
3.2797
3.4342
3.4521
3.4191
3.6129
3.5270
3.4096
3.6537
3.6042
3.5670
3.5527
3.5265
3.4820
3.4522
3.5418
3.5026
3.5183
3.3442
3.2925
3.2765
3.1305
3.3447
3.5367
3.6334
3.4691
3.4478
3.4481
3.3638
3.7353
3.5544
3.5334
3.3991
3.4360
3.4059
3.2643
3.3748
3.5110
3.2994
3.5340
3.6124
3.3021
3.4504
3.3615
3.5315
3.3939
3.4073
3.3192
3.3168
3.4454
3.4490
3.5701
3.6627
3.7430
3.5431
3.4881
3.4861
3.5836
3.1085
3.5384
3.3382
3.5005
3.4888
3.4148
3.3812
3.3329
3.5512
3.2466
3.3435
3.3216
3.3972
3.5873
3.3464
3.3817
3.3872
3.3709
3.2385
3.2712
3.2387
3.4041
3.2268
3.5454
3.2900
3.1797
3.3299
3.4996
3.1955
3.2606
3.3277
3.3358
3.3794
3.3343
3.5501
3.3766
3.6039
3.2092
3.4037
3.3697
3.5308
3.5654
3.1312
3.1421
3.2087
3.1455
3.1499
3.1439
3.0443
3.2605
3.3123
3.1196
3.2877
3.0992
3.3475
3.1465
3.2309
3.2442
3.1340
3.2453
3.1212
3.1796
3.0557
3.0766
3.1976
3.2977
3.0929
3.1858
3.2654
3.2682
3.0194
3.1091
3.1894
3.2152
3.2412
3.4421
3.2459
3.2726
3.1627
3.2384
3.4174
3.3424
3.2451
3.3399
3.1779
3.0831
3.3985
3.1695
3.1614
3.2192
3.3251
3.1253
3.1976
3.2192
3.2547
3.2891
3.1930
3.1613
3.2243
3.2528
3.1327
3.3129
3.3433
3.1874
3.1766
3.1701
3.2922
3.6348
3.4530
3.2831
3.6133
3.4066
3.5704
3.6665
3.7798
3.3748
3.6824
3.3130
3.4053
3.4695
3.9520
3.6290
3.6133
3.2899
3.2993
3.2661
3.6438
3.7033
3.6600
3.5498
3.6591
3.6840
3.7883
3.8794
3.6611
3.6009
3.7300
3.6910
3.3208
3.5338
3.3631
3.4806
3.6406
3.5281
3.5027
3.4684
3.4181
3.5412
3.4034
3.3988
3.5080
3.6390
3.7852
3.7236
3.7336
3.6695
3.6242
3.7236
3.6139
3.8500
3.7361
3.7459
3.9769
3.6188
3.8448
3.8698
3.7570
3.8048
3.8292
3.8444
3.7740
3.6925
3.7282
3.7756
3.6433
3.9290
3.6421
3.7379
3.4653
3.5450
3.8281
3.6377
3.5485
3.5688
3.4600
3.6295
3.6495
3.4302
3.5482
3.5309
3.5609
3.5416
3.5309
3.5468
3.5441
3.4810
3.6895
3.6658
3.4463
3.7979
3.6082
3.5853
3.7384
3.5619
3.5499
3.4186
3.2837
3.2763
3.4192
3.1724
3.5287
3.2539
3.2365
3.5686
3.1679
3.3754
3.1602
3.5020
3.4567
3.1949
3.5613
3.3613
3.1502
3.3324
3.2749
3.3961
3.4506
3.4532
3.4377
3.4272
3.2125
3.2525
3.3742
3.3355
3.4317
3.1356
3.5831
3.4158
3.4467
3.4772
3.5709
3.6161
3.4899
3.7165
3.6150
3.5094
3.4930
3.3430
3.4195
3.6324
3.3433
3.3728
3.7105
3.3675
3.3646
3.5522
3.5830
3.3838
3.4465
3.3351
3.2856
3.2151
3.5376
3.4005
3.5256
3.3661
3.5489
3.4077
3.3577
3.6234
3.7523
3.5857
3.4048
3.5830
3.7810
3.7616
3.7006
3.6738
3.6508
3.6564
3.6533
3.6160
3.6963
3.4873
3.5047
3.3539
3.5003
3.4534
3.5708
3.5353
3.2992
3.3406
3.4100
3.3315
3.5863
3.3698
3.5878
3.4902
3.5969
3.4633
3.4310
3.6407
3.6207
3.4658
3.6010
3.6195
3.7441
3.7374
3.5873
3.5038
3.5738
3.3765
3.2338
3.1860
3.4764
3.3987
3.3948
3.4193
3.3558
3.3896
3.1556
3.4725
3.6072
3.4346
3.5437
3.3615
3.4342
3.3301
3.1438
3.2873
3.3015
3.3680
3.3532
3.5992
3.2900
3.4264
3.3298
3.4340
3.2883
3.6242
3.4857
3.3880
3.3321
3.3252
3.3514
3.4778
3.4428
3.5401
3.3827
3.4435
3.3607
3.5432
3.2919
3.2566
3.2223
3.4077
3.2028
3.3610
3.2875
3.2135
3.5011
3.0836
3.1531
3.0971
3.2719
3.3408
3.4365
3.2246
2.9900
3.2201
3.3637
3.3007
3.1660
3.0911
3.3588
3.3481
3.4882
3.3192
3.1757
3.2620
3.2623
3.2723
3.3485
3.2217
3.4223
3.4671
3.3327
3.4154
3.4188
3.3446
3.2076
3.1478
3.2105
3.5321
3.2550
3.2455
3.2158
3.2380
3.3814
3.4609
3.3730
3.3091
3.0349
3.3210
3.4992
3.2596
3.3950
3.2235
3.2534
3.1273
3.0765
3.1658
3.5543
3.1617
3.2734
3.4622
3.3707
3.4903
3.2717
3.3778
3.4812
3.4970
3.3264
3.5377
3.5462
3.5508
3.4068
3.4624
3.4772
3.4174
3.3756
3.5860
3.5175
3.5041
3.3672
3.4172
3.4508
3.2844
3.3871
3.2660
3.3113
3.1851
3.1972
3.2241
3.5166
3.3794
3.4951
3.5087
3.2980
3.4228
3.4673
3.2575
3.3697
3.3744
3.3565
3.5903
3.5576
3.5773
3.5401
3.4213
3.6264
3.4979
3.5700
3.5191
3.5461
3.3107
3.2822
3.2501
3.3638
3.3650
3.2603
3.5111
3.3998
3.4876
3.3338
3.4233
3.4261
3.2385
3.3886
3.4020
3.3940
3.6786
3.3599
3.3888
3.1573
3.2568
3.0336
3.3062
3.3643
3.3062
3.3030
3.3690
3.4532
3.4938
3.5058
3.3139
3.5304
3.4833
3.5316
3.6399
3.7277
3.5233
3.3359
3.4803
3.5406
3.4885
3.2945
3.3384
3.4394
3.3032
3.5865
3.1527
3.2523
3.3110
3.3468
3.1988
3.1853
3.3910
3.5159
3.3349
3.4134
3.4659
3.2912
3.3368
3.4652
3.5201
3.5142
3.3493
3.3996
3.2845
3.3562
3.4019
3.3460
3.4902
3.5135
3.5022
3.3271
3.4249
3.3709
3.3680
3.4961
3.3274
3.2195
3.2152
3.3527
3.4991
3.6360
3.3764
3.2361
3.4203
3.6826
3.3297
3.2445
3.5449
3.6138
3.4012
3.5137
3.4656
3.5502
3.4792
3.5925
3.6226
3.7484
3.6319
3.6582
3.8759
3.9737
3.6846
3.7603
3.6209
3.9640
3.7335
3.7167
3.6753
3.8086
3.6090
3.6326
3.5098
3.9186
3.4504
3.8259
3.5421
3.6247
3.6593
3.6816
3.6020
3.5603
3.8742
3.9365
3.8033
3.5433
3.8227
3.8807
3.6069
3.3419
3.7983
3.7732
3.8178
3.6862
3.6293
3.5836
3.7288
3.5469
3.6331
3.5754
3.6698
3.6382
3.3019
3.8904
3.6177
3.7755
3.8404
3.7402
3.8655
3.5108
3.7254
3.4732
3.2532
3.4217
3.3694
3.5175
3.6374
3.4801
3.4887
3.6074
3.5131
3.3560
3.4124
3.3352
3.3368
3.5173
3.6779
3.5677
3.3721
3.5597
3.5729
3.4984
3.3659
3.4357
3.2859
3.5827
3.4248
3.3084
3.3633
3.3393
3.4459
3.4758
3.8111
3.7852
3.5924
3.6012
3.4936
3.4630
3.5674
3.3633
3.5463
3.5713
3.4132
3.5792
3.5411
3.4987
3.3718
3.4738
3.4784
3.5255
3.6950
3.6600
3.5598
3.5464
3.3125
3.5670
3.3217
3.2179
3.2865
3.4949
3.2906
3.5320
3.5546
3.3766
3.5446
3.5095
3.4033
3.5359
3.3393
3.3367
3.5721
3.5751
3.6966
3.6223
3.5242
3.4008
3.4563
3.3591
3.5009
3.2243
3.3919
3.2922
3.3667
3.2980
3.5751
3.6204
3.6526
3.6265
3.6160
3.3766
3.4917
3.6102
3.5800
3.5913
3.5486
3.6568
3.5193
3.6606
3.3729
4.0684
3.7944
3.6983
3.6453
3.6177
3.5354
3.6936
3.7793
3.6212
3.7868
3.7334
3.7959
3.8918
3.6846
3.7972
3.5049
3.6963
3.7981
3.6674
3.5072
3.6427
3.6410
3.8128
3.7033
3.8934
3.4865
3.6129
3.7409
3.7344
3.8557
3.8321
3.5983
3.7965
3.6392
3.6277
3.7742
3.7466
3.5688
3.6929
3.9155
3.7106
3.6929
3.7964
4.1668
3.9120
3.7867
3.9735
3.7494
3.6540
3.6903
3.8010
3.8278
3.7604
3.6312
3.8754
3.5496
3.6489
3.7056
3.7061
3.8731
3.4923
3.5398
3.4877
3.6692
3.7473
3.5969
3.6371
3.6942
3.5667
3.4708
3.8614
3.7443
3.6176
3.5577
3.6573
3.4902
3.5751
3.5009
3.4316
3.5697
3.4817
3.8421
3.6094
3.3543
3.6035
3.4205
3.4729
3.4652
3.5914
3.4587
3.6698
3.4536
3.7811
3.6629
3.7337
3.8442
3.7722
3.7395
3.5033
3.5943
3.5683
3.7470
3.6182
3.7308
3.8524
3.9101
3.6369
3.6947
4.0281
3.9501
3.9002
3.6664
3.8478
3.6129
3.9029
4.0559
3.5967
3.7893
3.4496
3.5816
3.3918
3.4781
3.5780
3.7600
3.8440
3.6021
3.5165
3.3919
3.5891
3.5072
3.7397
3.7259
3.7947
3.6531
3.9301
3.6800
3.5487
3.6882
3.4909
3.7717
3.4797
3.5776
3.5453
3.5286
3.5530
3.2067
3.3676
3.4717
3.3456
3.3910
3.2561
3.3208
3.4501
3.2624
3.3509
3.2220
3.2160
3.3866
3.2489
3.3939
3.3644
3.3218
3.2708
3.2868
3.4196
3.4324
3.4533
3.2603
3.2961
3.6137
3.4791
3.3523
3.5112
3.5971
3.5767
3.3388
3.5220
3.3113
3.6030
3.4541
3.3526
3.4421
3.4799
3.2818
3.1920
3.1855
3.2501
3.2047
3.4683
3.5125
3.5513
3.5133
3.4406
3.5712
3.3880
3.6100
3.5964
3.4379
3.5979
3.6411
3.4545
3.5131
3.4976
3.3911
3.4571
3.3433
3.2346
3.2180
3.2547
3.3535
3.3250
3.4909
3.3987
3.2421
3.1806
3.5793
3.3898
3.3294
3.0972
3.3293
3.4946
3.2658
3.0648
3.3403
3.6439
3.3460
3.4209
3.2121
3.3587
3.6771
3.4894
3.3254
3.3318
3.4869
3.5843
3.4038
3.5917
3.4934
3.5493
3.5205
3.6144
3.3645
3.6650
3.4286
3.4395
3.4508
3.3291
3.2634
3.3988
3.5793
3.6106
3.4974
3.5527
3.4631
3.5858
3.4886
3.4383
3.3666
3.4983
3.4447
3.7472
3.5613
3.6394
3.5526
3.7182
3.5390
3.6228
3.5278
3.6737
3.4736
3.3988
3.5385
3.4673
3.6932
3.4372
3.3383
3.3760
3.4558
3.4319
3.5421
3.5411
3.5322
3.2488
3.5090
3.3742
3.4349
3.4307
3.5799
3.6736
3.5811
3.7636
3.6461
3.8031
3.7880
3.7876
3.5509
3.6121
3.6184
3.7911
3.6679
3.4866
3.6455
3.5406
3.7844
3.9925
3.8156
3.8635
3.8494
3.6180
3.6785
4.2320
3.7316
3.7891
3.9421
3.9017
3.8435
3.8025
3.6644
3.7591
4.0382
3.6984
3.6626
3.5686
3.6904
3.7049
3.6164
3.5401
3.7124
3.7879
3.7665
3.6817
3.8339
3.8156
4.2417
3.7440
3.7322
3.8378
3.5684
3.7139
3.6984
3.5450
3.5648
3.5709
3.5958
3.4314
3.5675
3.6903
3.7097
3.7359
4.0105
3.7051
3.6637
3.6645
3.9576
3.8017
3.7563
3.8497
3.6545
3.7526
3.6719
3.3576
3.6703
3.5596
3.6723
3.6735
3.5932
3.5786
3.6956
3.6225
3.7604
3.5064
3.7217
3.5882
3.4523
3.6405
3.8869
3.8562
3.7697
3.8255
3.7167
3.8553
3.8853
3.6288
3.6458
3.6334
3.5968
3.8557
3.9030
3.8741
3.7712
3.6831
3.8290
4.0675
3.8239
3.6305
3.5481
3.5281
3.5200
3.7374
3.6150
3.8796
3.7736
3.9320
3.9374
3.7488
3.7581
3.7970
3.6806
3.8505
3.8345
4.0468
4.1110
3.9527
3.9237
3.7080
4.0147
4.0103
3.7215
3.8941
3.7820
3.6845
3.8091
3.9008
3.5374
3.7019
3.5996
3.7166
3.8427
3.7622
3.7651
3.5599
3.7215
3.6714
3.6748
3.6617
3.6283
3.3255
3.5568
3.5708
3.5690
3.6289
3.7351
3.6658
3.5440
3.6532
3.6264
3.6600
3.5926
3.6986
3.5375
3.7289
3.6283
3.6183
3.5774
3.5074
3.7028
3.6238
3.6012
3.6469
3.6879
3.4279
3.5191
3.7401
3.6940
3.8096
3.9158
3.9079
3.6270
3.7526
3.6609
3.6392
3.5853
3.5642
3.5902
3.4976
3.2084
3.6528
3.6469
3.5426
3.3751
3.7053
3.5976
3.7115
3.5124
3.5817
3.5703
3.5805
3.6388
3.6754
3.4153
3.6560
3.5431
3.4000
3.6453
3.5394
3.4105
3.6253
3.7086
3.3582
3.7761
3.5663
3.5128
3.7155
3.4256
3.3072
3.1008
3.2875
3.4424
3.4383
3.5595
3.6226
3.6934
3.4830
3.3881
3.3799
3.5154
3.2857
3.4086
3.4017
3.5272
3.2490
3.0369
3.2335
3.4945
3.2973
3.3612
3.1768
3.3054
3.2565
3.5235
3.2729
3.3619
3.3443
3.2155
3.3588
3.4501
3.3609
3.4938
3.4787
3.6367
3.3421
3.5504
3.3948
3.4815
3.5827
3.2963
3.4994
3.3670
3.3310
3.6869
3.5860
3.4486
3.5041
3.4685
3.3848
3.3987
3.4350
3.4307
3.4031
3.3119
3.3336
3.5018
3.6035
3.3452
3.8089
3.5419
3.5318
3.7021
3.5467
3.4283
3.5639
4.0612
3.7493
3.8138
3.5187
3.6447
3.5131
3.6482
3.4184
3.5754
3.5116
3.6649
3.5008
3.6718
3.5195
3.4670
3.5492
3.6438
3.5236
3.6295
3.5519
3.5356
3.4293
3.3836
3.6394
3.3898
3.5506
3.5796
3.4428
3.8086
3.5983
3.3785
3.4766
3.6022
3.5161
3.8472
3.6646
3.7400
3.6627
3.6832
3.6050
3.5855
3.5158
3.7337
3.8113
3.7942
3.3549
3.4382
3.7130
3.5925
3.4480
3.6971
3.5880
3.3394
3.4956
3.6524
3.7454
3.7025
3.5555
3.4499
3.5601
3.6147
3.6760
4.0135
3.6834
3.7684
3.6927
3.8060
3.7238
3.7701
3.6753
3.7347
3.8485
3.4950
3.6231
3.5735
3.5846
3.5235
3.6610
3.5407
3.5696
3.5952
3.6818
3.6048
3.7676
3.4774
3.5258
3.5433
3.5205
3.5317
3.8720
3.5879
3.7509
3.4378
3.5569
3.5401
3.5688
3.6164
3.4431
3.5591
3.8035
3.7809
3.4529
3.6037
3.5136
3.5602
3.6594
3.6862
3.6275
3.7811
4.1966
3.8584
3.7561
3.6265
3.6051
3.8550
3.7509
3.4442
3.5924
3.7027
3.6323
3.7525
3.5921
3.5876
3.6864
3.5378
3.5212
3.5926
3.7654
3.6460
3.4284
3.7416
3.7997
3.6175
3.8035
3.6600
3.8786
3.9089
3.5897
3.5849
3.6601
3.5413
3.7413
3.7333
3.7910
3.7272
3.7233
3.7576
3.7239
3.6503
3.7296
3.6666
3.6160
3.5161
3.7669
3.6693
3.5582
3.9357
3.6043
3.6101
3.6445
3.6046
3.7197
3.8207
3.6774
3.4067
3.5816
3.4834
3.4020
3.3333
3.5376
3.5420
3.3389
3.5224
3.3229
3.4459
3.4534
3.4465
3.5987
3.5845
3.7048
3.6651
3.6285
3.5726
3.6261
3.5800
3.8214
3.7685
3.8677
3.6762
3.6459
3.4524
3.6540
3.4563
3.9103
3.5923
3.7571
3.8274
3.7120
3.5419
3.6183
3.7346
3.5938
3.5128
3.6704
3.6024
3.5375
3.8038
3.6769
3.6226
3.8020
3.8185
3.5508
3.7645
3.7097
3.7326
3.8723
3.6314
3.7441
3.5571
3.8423
3.7886
3.5743
3.7445
3.5836
3.8242
3.5993
3.7146
3.7031
4.0307
3.9206
3.8978
3.7240
3.8183
3.6834
3.5541
3.5788
3.5703
3.4666
3.6744
3.4817
3.6246
3.5084
3.5135
3.5532
3.6354
3.5649
3.7228
3.3830
3.6558
3.6378
3.7160
3.7549
3.6756
3.3942
3.2687
3.5365
3.6983
3.5253
3.4637
3.5576
3.5915
3.5534
3.6718
3.8328
3.5348
3.6454
3.4871
3.4517
3.7718
3.7910
3.5772
3.6185
3.6804
3.8448
3.7879
3.7130
3.6072
3.5262
3.4593
3.5790
3.7877
3.5848
3.6963
3.4667
3.6299
3.3961
3.4868
3.4682
3.5295
3.3505
3.3855
3.5756
3.5159
3.5327
3.5303
3.4751
3.4683
3.5578
3.3975
3.6975
3.4874
3.6275
3.5982
3.6637
4.0210
3.5888
3.8701
3.6919
3.6815
3.5986
3.7276
3.6092
3.4806
3.5282
3.4976
3.7891
3.5446
3.4981
3.5370
3.6517
3.7969
3.6256
3.4619
3.5429
3.5231
3.4860
3.3781
3.3342
3.6232
3.5739
3.5970
3.5235
3.6527
3.5711
3.3688
3.2641
3.4992
3.3579
3.4193
3.3192
3.4449
3.2358
3.5212
3.5825
3.7609
3.5290
3.4350
3.6598
3.6732
3.7426
3.8073
3.6190
3.5505
3.6167
3.7419
3.5699
3.4880
3.5547
3.5204
3.4774
3.7307
3.4301
3.5770
3.7725
3.5223
3.5211
3.5730
3.5077
3.4716
3.5936
3.5619
3.4883
3.6795
3.7864
3.6131
3.4717
3.5108
3.3729
3.4737
3.4562
3.4940
3.6074
3.5925
3.5702
3.4024
3.7012
3.4748
3.6321
3.5597
3.5200
3.4068
3.7560
3.5381
3.4504
3.4994
3.6108
3.6636
3.7454
3.5315
3.4847
3.6156
3.4750
3.5370
3.8463
3.6822
3.9398
3.9548
3.8541
3.7309
3.5604
3.8593
3.6146
3.8498
3.8028
3.7355
3.4489
3.4451
3.5594
3.7667
3.3421
3.6908
3.4870
3.5430
3.7158
3.5643
3.3942
3.5686
3.6506
3.7487
3.6453
3.4201
3.3368
3.5948
3.6632
3.4641
3.7957
3.4310
3.5773
3.7039
3.7693
3.7827
3.6994
3.6930
3.6318
3.5139
3.4402
3.4651
3.2237
3.4880
3.5526
3.4536
3.6778
3.5900
3.4073
3.3030
3.4609
3.2932
3.3559
3.5468
3.4174
3.8723
3.6561
3.6118
3.5261
3.7547
3.3239
3.2929
3.4610
3.5990
3.5838
3.4896
3.6152
3.4407
3.7316
3.5735
3.5750
3.5880
3.6220
3.5184
3.4743
3.6072
3.4883
3.6197
3.4789
3.7067
3.4981
3.4969
3.5519
3.6186
3.4211
3.5474
3.7231
3.5482
3.5868
3.4185
3.5946
3.5693
3.4504
3.7483
3.6610
3.6440
3.4970
3.6753
3.5468
3.6374
3.6990
3.3600
3.7577
3.4085
3.3762
3.3281
3.5131
3.7125
3.5061
3.5547
3.8433
3.6531
3.3092
3.2100
3.2419
3.4781
3.3434
3.4984
3.5097
3.4865
3.1493
3.2302
3.4867
3.3203
3.3204
3.3640
3.2904
3.4018
3.2369
3.1876
3.4425
3.6511
3.6320
3.3742
3.2468
3.1225
3.2233
3.2362
3.2078
3.1012
3.2420
3.2951
3.5096
3.2545
3.5174
3.6392
3.5895
3.4391
3.4759
3.2442
3.4731
3.4908
3.3845
3.0593
3.2194
3.3192
3.3912
3.3268
3.3085
3.2851
3.2433
3.4250
3.1459
3.1054
3.1320
3.3335
3.1141
3.2043
3.3432
3.2667
3.1261
2.9756
3.1501
3.0064
3.1606
3.0747
3.1657
3.0041
3.0899
3.1530
3.5264
3.1933
3.3722
3.6157
3.3097
3.3189
3.4528
3.4283
3.2841
3.5946
3.3891
3.4739
3.4389
3.5714
3.4491
3.2127
3.4605
3.4798
3.7007
3.5677
3.6122
3.6518
3.7070
3.8098
3.5328
3.6653
3.8068
3.7090
3.7309
3.7316
3.6953
3.5713
3.4422
3.4883
3.3653
3.6715
3.6844
3.4385
3.3786
3.3813
3.2953
3.4201
3.3594
3.4847
3.4461
3.3776
3.3750
3.4982
3.3803
3.5459
3.5573
3.6404
3.6686
3.5920
3.5683
3.7876
3.6703
3.6378
3.9089
3.6360
3.7226
3.5939
3.5675
3.5636
3.5217
3.6855
3.6778
3.3374
3.6261
3.3415
3.5990
3.4750
3.4836
3.4857
3.5518
3.4652
3.4568
3.4005
3.3412
3.4866
3.5192
3.5062
3.4971
3.6006
3.6150
3.4683
3.4345
3.3446
3.5371
3.5961
3.4429
3.2216
3.2523
3.5592
3.4035
3.4790
3.2147
3.5623
3.3520
3.5226
3.3022
3.4544
3.6392
3.5366
3.4878
3.5264
3.5136
3.4692
3.4524
3.6339
3.5349
3.3364
3.4716
3.6051
3.5957
3.5724
3.5167
3.5436
3.6590
3.5349
3.4547
3.5865
3.5532
3.5453
3.6910
3.6946
3.6249
3.8065
3.7468
3.6119
3.7364
3.7487
3.8260
3.6717
3.5243
3.5902
3.8419
3.6038
3.5134
3.5078
3.6215
3.4535
3.7107
3.7159
3.6057
3.6289
3.5130
3.6142
3.6084
3.7960
3.4850
3.7555
3.6696
3.6380
3.5337
3.4731
3.4405
3.5085
3.5061
3.6235
3.3563
3.6361
3.6654
3.4775
3.5077
3.7093
3.7393
3.5414
3.4653
3.4791
3.6852
3.6072
3.5961
3.6341
3.7047
3.5071
3.4133
3.5883
3.4962
3.5930
3.6552
3.6763
3.4731
3.6012
3.7392
3.6648
3.5389
3.4091
3.6347
3.4365
3.5590
3.4322
3.3942
3.6064
3.6842
3.7840
3.6303
3.4892
3.6438
3.8232
3.6287
3.8262
3.5629
3.5127
3.5210
3.6085
3.7587
3.8879
3.5179
3.8099
3.8816
3.7078
3.8689
3.6095
3.5750
3.9174
3.7499
3.8305
3.8326
3.6219
3.6917
3.6954
3.6937
3.7132
3.7009
3.8108
3.6575
3.5439
3.7085
3.6765
3.7308
3.5322
3.6060
3.8691
3.4487
3.6446
3.6317
3.5624
3.4172
3.7630
3.7169
3.7460
3.7143
3.7586
3.9087
3.7586
3.8429
3.4935
3.5952
3.5738
3.4554
3.3358
3.4934
3.2487
3.4025
3.4042
3.4756
3.4672
3.4333
3.5733
3.4746
3.4285
3.3924
3.4447
3.1372
3.6250
3.6613
3.4319
3.3898
3.2847
3.3597
3.2242
3.4082
3.2971
3.4445
3.1964
3.4197
3.2328
3.3776
3.2555
3.2861
3.2838
3.2952
3.1675
3.3885
3.2444
3.3062
3.2509
3.1818
3.2555
3.3012
3.4536
3.3487
3.3022
3.2017
3.2701
3.3782
3.2761
3.3556
3.2238
3.3937
3.3935
3.2232
3.2724
3.0731
2.9710
3.0988
3.0101
3.0385
3.2545
3.4013
3.3821
3.3442
3.2112
3.0654
3.1786
3.3119
3.2138
3.2802
3.3381
3.1568
3.3952
3.1695
3.4165
3.4275
3.3344
3.2522
3.1486
3.2636
3.2101
3.0981
3.0838
3.2305
3.3419
3.2232
3.2875
3.2684
3.3473
3.3577
3.1453
3.3580
3.3555
3.4974
3.5154
3.3524
3.4771
3.3230
3.2406
3.2809
3.5499
3.4303
3.5811
3.0100
3.1348
3.3190
3.2333
3.2795
3.2499
3.2250
3.5044
3.3603
3.2764
3.3512
3.3440
3.2814
3.1468
3.2375
3.1959
3.2758
3.3793
3.3069
3.1185
3.2029
3.2584
3.3249
3.3648
3.3042
3.4178
3.2786
3.4122
3.2658
3.3867
3.5923
3.3514
3.2574
3.4376
3.4055
3.3001
3.3642
3.3179
3.2700
3.2399
3.6386
3.4065
3.2003
3.3072
3.4893
3.3902
3.2336
3.3390
3.5785
3.2815
3.3140
3.3066
3.1914
3.5005
3.4273
3.3869
3.2978
3.3424
3.3778
3.4309
3.4301
3.3883
3.4277
3.4670
3.2730
3.3476
3.1850
3.3719
3.4198
3.2083
3.4271
3.6898
3.6787
3.4626
3.5684
3.4501
3.3898
3.6549
3.4810
3.6384
3.5755
3.5736
3.5131
3.3413
3.3995
3.5582
3.9483
3.9006
3.7740
3.7337
3.2666
3.6399
3.4948
3.4953
3.7467
3.6671
3.2704
3.7075
3.5943
3.6327
3.3680
3.8135
3.6448
3.6856
3.4092
3.6684
3.4999
3.5390
3.5558
3.3948
3.6403
3.2851
3.5368
3.5415
3.4701
3.2608
3.3359
3.3997
3.6098
3.5972
3.5269
3.6421
3.4539
3.4306
3.5574
3.3604
3.6174
3.4889
3.4627
3.4176
3.3905
3.6673
3.2975
3.2506
3.4667
3.2700
3.3385
3.1857
3.1564
3.4502
3.4977
3.5091
3.3198
3.4551
3.3978
3.3174
3.4289
3.4340
3.5033
3.4257
3.2725
3.4973
3.4805
3.5257
3.3155
3.1948
3.1575
3.2765
3.3414
3.2348
3.3645
3.5027
3.2285
3.2975
3.4996
3.4656
3.5520
3.5198
3.5287
3.2304
3.5341
3.4923
3.4030
3.1273
3.3579
3.2924
3.3107
3.5284
3.2574
3.3116
3.6818
3.6534
3.5728
3.3544
3.2017
3.3625
3.2571
3.6075
3.7566
3.7238
3.4729
3.4312
3.6134
3.7633
3.7956
3.2887
3.4223
3.5741
3.3247
3.4964
3.5835
3.5346
3.4680
3.5134
3.7002
3.8513
3.7808
3.4914
3.5774
3.6814
3.6287
3.4620
3.7371
3.4400
3.7188
3.6845
3.5320
3.2872
3.5854
3.5815
3.7851
3.6133
3.5916
3.5836
3.7832
3.6213
3.7519
3.6430
3.8319
3.7893
3.6677
3.6474
3.8738
3.6795
3.7321
3.8780
3.6700
3.7686
3.9415
3.7878
3.6458
3.6001
3.6411
3.7192
3.4864
3.6547
3.5696
3.6377
3.3175
3.3802
3.4353
3.7596
3.6905
3.5903
3.5645
3.9285
3.9416
3.7269
3.7091
3.4250
3.6137
3.4120
3.6430
3.7585
3.3818
3.5121
3.7076
3.8023
3.5649
3.6792
3.4856
3.4685
3.7236
3.7702
3.7164
3.4184
3.9041
3.8282
3.9376
4.1591
3.8513
3.7694
3.8196
3.7878
3.5812
3.4288
3.5041
3.7397
3.7569
3.6506
3.6685
3.5212
3.7131
3.6273
3.5497
3.5317
3.5744
3.6406
3.4843
3.5635
3.8288
3.7910
3.8536
3.7190
4.0225
3.5471
3.8239
3.6102
3.6818
3.5834
3.7541
3.7918
3.5935
3.5844
3.6826
3.6439
3.5669
3.7535
3.6592
3.7544
3.5159
3.6389
3.6974
3.2945
3.7782
3.7259
3.5053
3.4278
3.5195
3.4670
3.4761
3.5791
3.5873
3.5021
3.4514
3.5684
3.8612
3.7079
3.5443
3.5010
3.5059
3.5985
3.3816
3.4099
3.6016
3.5614
3.5472
3.8159
3.8019
3.8444
3.7322
3.4954
3.5740
3.5346
3.5290
3.3514
3.4222
3.4112
3.4347
3.5015
3.2511
3.6297
3.4908
3.7197
3.6128
3.6355
3.7400
3.5528
3.6042
3.5012
3.4715
3.5105
3.4608
3.5560
3.2814
3.3341
3.4765
3.0650
3.4596
3.3856
3.6629
3.7832
3.7251
3.5724
3.7081
3.5432
3.5406
3.5522
3.8568
4.0091
3.7902
3.6959
3.8088
3.7633
3.6281
3.7759
3.7296
3.8660
3.8073
3.5870
3.8607
3.7662
3.8694
3.6428
3.5284
3.6493
3.5705
3.5098
3.4602
3.7808
3.7770
3.6658
3.8429
3.7559
3.6239
3.5990
3.6089
3.5819
3.7391
3.7135
3.7621
3.5728
3.6189
3.6474
3.7873
3.8352
3.5278
3.5925
3.7222
3.5282
3.5259
3.4928
3.4868
3.4991
3.6137
3.7605
3.9422
3.7405
3.4348
3.5872
3.6434
3.6416
3.6217
3.7915
3.7218
3.6392
3.5679
3.6962
3.2866
3.3667
3.6655
3.5596
3.6026
3.5205
3.5226
3.5038
3.4263
3.3054
3.4492
3.5248
3.4496
3.4230
3.4187
3.4902
3.4108
3.2920
3.4260
3.7559
3.5531
3.4074
3.3692
3.3724
3.5412
3.7418
3.5891
3.3714
3.3403
3.5379
3.5063
3.5134
3.1633
3.4429
3.5284
3.6197
3.6478
3.7873
3.6091
3.7079
3.5753
3.3151
3.3703
3.3949
3.4656
3.4259
3.4970
3.4727
3.5412
3.4660
3.3552
3.3461
3.3071
3.2126
3.1599
3.2377
3.1972
3.0796
3.4269
3.7124
3.7158
3.4809
3.6605
3.3311
3.5116
3.2289
3.4336
3.0973
3.3629
3.6096
3.5975
3.4926
3.2586
3.5032
3.3535
3.5077
3.1659
3.1999
3.5043
3.3521
3.4043
3.2539
3.3373
3.1137
3.3060
3.2698
3.1944
3.2968
3.2141
3.1146
3.2956
3.2702
3.1927
3.3802
2.9922
3.2867
3.2644
3.4585
3.4027
3.3456
3.2799
3.0332
3.6467
3.1928
3.2367
3.2241
2.9030
3.1519
3.0288
3.3708
3.2657
3.3093
3.1564
3.2814
3.1980
3.2610
3.0652
3.2302
3.2841
3.1535
3.3436
3.1467
3.2391
3.1582
3.2530
3.2527
3.2804
3.4191
3.4030
3.3787
3.6211
3.5326
3.5350
3.5226
3.4969
3.4480
3.5312
3.4790
3.6730
3.6998
3.7433
3.7555
3.6321
3.8313
3.8270
3.5615
3.6017
3.5621
3.3697
3.6243
3.7810
3.4003
3.4352
3.4598
3.4785
3.3857
3.3835
3.4488
3.1740
3.5224
3.2998
3.2614
3.4229
3.3164
3.3322
3.5185
3.3811
3.2359
3.3525
3.4440
3.3840
3.2987
3.2024
3.3569
3.2916
3.1690
3.4168
3.2466
3.3129
3.3601
3.6185
3.6769
3.5906
3.5688
3.4963
3.6186
3.7900
3.4319
3.3029
3.5776
3.3702
3.3595
3.2000
3.3096
3.4252
3.2630
3.2152
3.5704
3.4349
3.6480
3.5493
3.5373
3.5789
3.2967
3.4764
3.5849
3.4515
3.5672
3.3473
3.3337
3.3914
3.5204
3.2666
3.3695
3.2957
3.3697
3.4258
3.5456
3.5397
3.4654
3.3543
3.1312
3.2482
3.2328
3.1605
3.3293
3.3936
3.1981
3.4043
3.4129
3.2159
3.1373
3.3450
3.3937
3.2415
3.2151
