2.8217
2.7783
2.9594
2.7911
2.8685
2.6843
2.7990
2.7647
2.9287
2.7270
2.7830
2.8164
2.9158
2.9035
2.9927
2.8016
2.8354
2.9614
2.7462
2.8014
2.9162
3.0111
2.9273
3.0479
2.9435
3.0550
2.7481
2.7274
2.9606
2.7837
2.9556
2.8652
2.7908
2.9053
2.9610
2.8621
2.9370
2.8183
2.8354
2.9283
2.9152
2.7886
2.8980
2.7530
2.7971
2.9392
3.0048
2.8882
2.8795
2.7988
2.7451
2.9332
3.2391
2.8898
2.8682
2.6723
2.5887
2.5236
2.3189
2.5290
2.6997
2.5665
2.8144
2.7144
2.8152
2.4446
2.6064
2.5402
2.5844
2.5550
2.6448
2.5917
2.6412
2.7449
2.7516
2.5658
2.6992
2.7677
2.7182
2.7805
2.6951
2.6759
2.7112
2.5314
2.6100
2.6241
2.5621
2.6806
2.6668
2.4692
2.5567
2.7990
2.6044
2.7088
2.5726
3.0178
2.7437
2.8802
2.7311
2.7930
2.9140
3.1064
2.7363
2.6222
2.7174
2.7777
2.6889
2.6254
2.6907
2.7288
2.6437
2.6810
2.6516
2.9038
2.6065
2.5569
2.7543
2.6583
2.6131
2.8319
2.7207
2.7875
2.9610
2.7676
2.5830
2.5649
2.6131
2.6552
2.5243
2.6410
2.6703
2.7050
2.5801
2.5609
2.5775
2.5734
2.7325
2.8705
2.6407
2.9015
2.7490
2.7503
2.6760
2.7168
2.7980
2.9830
2.7039
2.5337
2.5421
2.6372
2.7201
2.7376
2.5817
2.6673
2.7262
2.6527
2.5738
2.5800
2.6973
2.5539
2.5378
2.7585
2.6717
2.6349
2.5729
2.4747
2.6806
2.7226
2.6320
2.6547
2.5826
2.6696
2.8582
2.9251
2.8768
2.7084
2.8907
2.7405
2.6526
2.8125
3.0543
2.7980
2.7816
2.8067
2.6889
2.7613
2.9805
2.8944
3.1620
2.9941
2.9186
2.7960
2.9902
3.0653
3.0611
2.9866
3.0142
2.8254
2.8288
3.1413
2.8385
3.0213
2.9403
2.7942
2.7151
2.7428
2.8082
2.8483
2.6293
2.7679
2.5515
2.9310
3.0358
3.0442
3.0610
3.1048
3.2253
2.8468
2.9947
2.8366
2.8978
2.8928
2.9429
2.9779
2.7490
2.7636
2.7710
2.7553
2.8331
2.6611
2.7058
2.5852
2.6615
2.5906
2.6166
2.5553
2.6957
2.5991
2.6971
2.6185
2.6663
2.8022
2.7854
2.8138
2.5916
2.5136
2.7518
2.6523
2.7500
2.7010
2.7517
2.8203
2.5997
2.7537
2.8286
2.7010
2.7299
2.8072
2.8075
2.8596
2.8027
2.7975
2.8124
2.8712
2.7074
2.7115
2.8281
2.6764
2.6583
2.7059
2.4916
2.7440
2.7999
2.6899
2.6515
2.5005
2.5521
2.5788
2.5445
2.4869
2.5603
2.6987
2.8236
2.8773
2.8253
2.7916
2.8259
2.8735
3.0007
2.8396
2.8768
2.7735
2.9080
3.0502
3.0253
2.9216
2.9336
2.8569
2.8440
2.9314
2.8917
2.7568
2.9743
2.7185
2.7256
2.7742
2.9312
2.7771
2.9835
3.0890
2.9812
2.9087
2.8697
3.1356
2.8352
2.6673
2.6628
2.7248
2.8260
2.6180
2.8984
2.7950
2.9173
2.7420
2.7234
2.9657
2.6435
2.8408
2.7062
2.9523
2.9325
2.8763
2.7760
2.8425
2.9901
2.8562
2.8199
2.8751
2.9768
3.0241
2.8362
2.8248
2.8365
2.8260
2.7433
2.7722
2.7913
2.9811
3.1677
3.0107
2.9513
3.0344
2.9460
2.9698
3.0146
3.0046
2.8072
2.9008
3.0088
2.9633
3.0574
2.9048
3.0691
2.9308
2.7057
2.7819
2.9758
2.6900
2.7292
2.8128
2.5662
2.5109
2.6864
2.7474
2.8333
2.7716
2.9067
2.7916
3.0200
2.7623
2.8044
2.7596
2.8696
2.7717
2.8769
2.7615
2.9165
2.7730
2.6635
2.6596
2.7508
2.7715
2.7089
2.7618
2.7757
2.7624
2.5424
2.5142
2.6689
2.7884
2.4251
2.8066
2.8414
2.7685
2.8440
2.8429
2.7475
2.7546
2.7652
2.6196
2.8625
2.9694
2.7464
2.6570
2.7857
2.6010
2.8075
2.8169
2.7267
2.9182
3.0948
2.9628
2.7296
2.7935
2.7053
2.8044
2.7311
2.7836
2.8572
2.7188
2.6806
2.7169
2.7476
2.8546
2.8543
3.0687
2.6787
2.8578
2.9007
2.9889
2.8667
2.7263
2.5837
2.9039
2.8461
2.3595
2.6818
2.9349
3.0172
2.5755
2.6000
2.6374
2.6460
3.0453
2.9274
2.9008
2.9170
2.9643
2.7173
2.8839
2.7135
2.8584
2.9299
2.8021
2.7451
2.6903
2.6891
2.7266
2.6623
2.5749
2.6872
2.7303
2.5039
2.7614
2.7617
2.6924
2.6637
2.6755
2.7994
2.7140
2.5623
2.6979
2.7502
2.8254
2.8030
2.8690
2.6441
2.4808
2.6159
2.9055
2.8402
3.0646
3.0186
2.9043
2.7548
2.9468
2.9331
3.0785
2.7724
2.8386
2.9399
3.0586
2.8669
2.8754
2.8486
2.9538
2.8671
2.8139
2.8912
3.0247
2.8016
2.8690
3.0165
2.7790
2.9518
2.7402
2.8188
2.6639
2.7639
2.6308
2.9593
2.6420
2.7713
2.7747
2.6448
2.7834
2.7759
2.9449
2.7652
3.0139
2.9859
2.8198
2.7237
2.5097
2.3787
2.5486
2.6315
2.4738
2.5248
2.5099
2.4904
2.3356
2.4384
2.4825
2.3956
2.6266
2.6534
2.6592
2.4580
2.5040
2.5507
2.5180
2.7192
2.6580
2.5963
2.6537
2.5647
2.6225
2.6066
2.6877
2.5343
2.6613
2.6917
2.6968
2.6960
2.6914
2.8361
2.5999
2.7301
3.1605
3.1162
2.9620
2.8343
2.9802
2.6634
2.6631
2.7682
2.6558
2.7858
2.8659
2.5958
2.7557
2.7354
2.9844
3.1977
2.8762
2.7326
2.4770
2.5091
2.5128
2.4817
2.6880
2.6339
2.7449
2.5589
2.7384
2.6482
2.7162
2.9476
2.9085
2.9077
2.7347
2.7379
2.8175
2.8844
2.8887
2.6918
2.7043
2.6653
2.5822
2.5679
2.5357
2.7156
2.5619
2.7327
2.7092
2.7068
2.8184
2.6739
2.7698
2.7831
2.7878
2.6488
2.6594
2.4196
2.5008
2.4309
2.7552
2.7225
2.6353
2.7101
2.6498
2.5870
2.6095
2.5824
2.7391
2.5971
2.5521
2.9003
2.7520
2.9341
2.7073
2.6524
2.4748
2.5692
2.7926
2.7954
2.7900
2.9304
3.0379
2.9016
2.9543
2.7680
2.9329
2.7826
2.7885
2.6706
2.7670
2.6978
2.6857
2.6695
2.7822
2.7361
2.8480
2.7928
2.4518
2.5904
2.5792
2.7247
2.8121
2.8539
2.6707
2.6965
2.9555
2.8353
2.7337
2.6816
2.6726
2.8187
2.7452
2.7628
2.8484
2.8174
2.9548
2.9575
3.0911
3.0575
2.8231
2.7847
2.6761
2.7921
2.9126
2.7994
2.8338
2.9487
3.1281
3.1053
2.9618
2.9696
2.6179
2.9200
2.7498
2.5633
3.0094
3.0791
2.8869
2.9018
2.8434
2.8808
2.9889
3.0001
2.9179
2.9885
3.0923
3.2164
2.9111
2.8544
3.0067
2.6379
2.6491
3.0410
2.7590
2.5899
2.8621
2.8917
2.5899
2.8471
2.7386
2.6770
2.6461
2.4982
2.5851
2.8194
2.9034
2.5674
2.8145
2.6993
2.7259
2.6682
2.7588
2.6199
2.7559
2.7875
2.9079
2.7732
2.8264
2.6726
2.7248
2.7714
2.9240
2.7072
2.7154
2.6498
2.6641
2.8169
2.8989
2.7751
2.8530
2.9157
2.7857
2.7461
2.5653
2.6493
2.6423
2.6524
2.8447
2.6878
2.7706
2.9588
2.9948
2.9956
3.1770
2.9431
3.0175
2.9821
2.9463
3.0707
3.0431
2.9204
3.0883
3.0695
3.0960
3.1237
2.8977
2.7993
2.7331
2.7404
2.6051
2.7474
2.5241
2.6648
2.6686
2.9243
2.7133
2.6223
3.0397
2.8248
2.9178
2.9290
2.7693
2.7604
2.6917
2.9958
2.8415
3.0977
2.7764
2.8276
3.0428
2.9264
2.8147
2.5987
2.8520
2.7385
2.9720
2.9772
2.9458
2.8947
2.7360
2.9055
3.0603
3.1808
3.1249
2.9773
2.9832
3.1676
3.0049
2.9608
3.0891
2.8836
3.0943
2.8681
3.1526
2.9794
2.9623
2.9850
2.9766
2.7585
2.7376
3.0976
2.8526
2.8476
2.6821
2.9033
2.8288
2.6258
2.8200
2.7339
2.7375
2.7680
2.6776
2.9934
2.8355
3.0254
2.7026
2.9022
2.8980
3.0188
2.8838
2.8020
2.6863
2.5974
2.7908
2.8560
2.6288
2.6945
3.0410
2.6413
2.6604
2.6147
2.6794
2.5906
2.7033
2.7875
2.5992
2.6712
2.5356
2.6037
2.7671
2.5833
2.7804
2.6910
2.5998
2.7803
2.8300
3.0067
2.6499
2.7343
2.7564
2.6791
2.6659
2.6835
2.9581
3.1269
2.6048
2.6379
2.6304
2.5204
2.5273
2.5231
2.5530
2.5060
2.5015
2.5025
2.6793
2.7332
2.6843
2.5594
2.4340
2.6268
2.5517
2.6009
2.8243
2.5607
2.3559
2.6794
2.6777
2.6313
2.6680
2.6749
2.6848
2.7305
2.6623
2.4917
2.4085
2.5682
2.5211
2.4414
2.5993
2.4203
2.6510
2.5090
2.4422
2.6252
2.7349
2.6024
2.5147
2.3792
2.4055
2.4229
2.6410
2.9699
2.7969
2.8064
2.7319
2.9697
2.8629
2.8635
3.0761
2.7961
2.7312
2.5725
2.8250
2.7574
2.5448
2.5906
2.6412
2.8100
2.5924
2.5516
2.5981
2.6497
2.9171
2.9116
3.1179
2.8835
2.7196
2.6897
2.9595
2.8299
2.9153
2.8833
2.9520
2.7474
3.1338
2.9181
3.1285
2.9701
2.7997
2.9212
2.5845
2.8580
2.7967
3.0196
2.7530
2.9827
2.8093
2.7154
2.7003
2.6114
2.7141
2.6655
2.8865
2.7473
2.6953
2.8636
2.6084
2.5174
2.4402
2.5261
2.7170
2.5419
2.7231
2.6158
2.6721
2.5263
2.5050
2.4939
2.6810
2.5904
2.6362
2.4876
2.5839
2.6202
2.7445
2.5229
2.5720
2.6759
2.6868
2.5283
2.4675
2.7010
2.7714
2.6489
2.7412
2.5865
2.8079
2.7692
2.8087
2.7008
2.9571
2.7225
2.9204
2.9521
2.8776
2.8005
2.8017
2.9701
2.8316
3.0172
3.1532
3.1951
2.9877
3.2002
3.0266
3.1256
2.8645
2.8407
3.1082
3.0876
2.9871
2.7631
2.8372
2.7511
2.6428
2.8575
2.4969
2.6222
2.6748
3.0074
2.9072
2.4705
2.7029
2.7630
3.0717
2.6351
2.7469
2.6181
2.6006
2.6585
2.5693
2.5399
2.3838
2.4450
2.5839
2.9038
2.6933
2.4435
2.5603
2.8632
2.7477
2.9293
2.8306
2.9555
2.8880
2.9263
2.6895
3.0059
3.3163
2.8731
2.8182
2.5230
2.7494
2.7994
2.7973
2.7975
2.6638
2.7993
2.6826
2.7868
2.7843
2.8347
2.8241
2.7567
2.5309
3.2364
2.7707
2.9038
3.3989
3.4231
3.0670
2.8225
2.9993
2.9366
2.9748
2.9062
2.6726
2.6202
2.4850
2.5702
2.5861
2.8728
2.6854
2.7375
2.8068
2.6279
2.6903
2.5777
2.6766
2.7108
2.6562
2.7304
2.7734
2.8429
2.7367
2.6791
2.9428
3.2265
3.1347
3.1757
2.9699
2.9367
2.7781
3.0041
2.9459
3.0129
2.7504
2.9857
2.6869
3.0420
2.8448
3.0344
2.9377
3.0325
2.9499
3.0177
2.9137
2.8821
2.9122
2.7994
2.7606
2.7948
2.7089
2.7584
2.8632
2.7629
2.6671
2.7651
2.6405
2.7019
2.8689
2.9572
2.6315
2.9351
2.7746
2.8018
2.8688
2.7355
2.9074
2.9907
2.8759
2.7563
2.9900
2.9396
2.8764
2.9202
3.0535
3.3607
3.0981
3.0577
2.9970
2.9075
2.6980
3.0661
2.8753
3.0526
2.9896
2.9311
2.9649
3.1189
3.1288
3.0459
2.9099
3.0130
2.7991
2.7591
2.8431
2.9334
2.8633
2.7085
2.8839
2.7040
2.7466
2.6580
2.6938
2.8116
2.8288
2.6644
2.8187
2.6335
2.7989
2.8580
3.0279
2.7650
2.7145
2.6034
2.5716
2.5865
2.5719
2.6783
2.6228
2.6571
2.7387
2.6464
2.8387
2.7681
2.6979
2.7903
2.8417
2.8950
2.8642
2.7711
2.8827
2.6873
2.7424
2.7710
2.8739
2.8563
2.7420
3.0496
2.8567
2.8872
2.7076
2.8683
2.7281
2.6994
2.8032
2.6824
2.7957
2.5816
2.7176
2.8058
2.7326
2.7807
2.7238
2.6962
2.8274
2.7526
2.6618
2.6357
2.7944
2.8119
2.7754
2.6885
2.8701
2.8194
2.8378
2.8047
2.9250
2.8091
2.6512
2.8726
2.9531
3.0282
2.6959
2.7194
2.8183
3.0014
2.6833
2.8675
2.9156
2.8420
2.6423
2.7874
2.9678
3.0079
2.8449
2.8851
2.7933
2.9188
2.8921
2.8764
2.9880
2.8367
2.7418
2.7215
2.6839
2.6511
2.5460
2.5597
2.7349
2.6295
2.8197
2.7208
2.8260
2.7796
2.8416
2.9972
3.2509
2.9341
3.1499
2.9152
3.0256
3.0209
3.0613
3.3031
2.9965
2.9946
2.9153
3.1553
3.0881
2.9820
3.1541
2.9060
2.8035
3.0535
2.8815
3.0907
2.6311
2.7770
2.7057
2.6604
2.8384
2.4783
2.6515
2.8566
2.7102
2.7200
2.7925
2.8467
2.9650
2.7046
2.7344
2.6781
2.4953
3.0762
3.0316
2.7224
2.6210
2.6736
2.8104
2.7995
2.8590
2.6576
2.6606
2.4831
2.4729
2.5808
2.5763
2.7977
3.0381
2.7806
2.6937
2.8958
3.2326
3.2234
2.9695
3.2758
2.7842
3.0512
2.6331
2.9196
2.9189
2.9496
3.0104
2.7091
2.8933
2.9789
2.8969
2.7868
2.8965
3.0758
3.0897
2.8714
2.9780
3.0989
2.8838
2.9096
3.0449
2.7280
2.8107
2.8579
2.6619
2.8460
2.9263
2.8414
2.9270
2.9003
2.8465
2.7730
2.9400
3.0456
3.0106
2.9772
2.9233
2.6905
2.8513
2.8393
2.8458
2.9588
3.2958
3.1601
2.8788
2.9627
2.8402
3.0737
3.0457
3.0497
2.9638
3.0463
3.0622
2.8021
2.7992
3.0140
2.7812
2.9209
2.8079
2.7315
2.8260
2.7736
2.8158
2.8350
2.9132
2.8340
2.6583
2.7228
2.8874
2.7834
2.7892
2.7632
2.9019
3.2344
2.9800
3.0609
3.1368
3.0787
2.9252
2.7743
2.8925
3.0144
2.7950
2.6977
3.0101
2.8267
2.8296
2.6600
2.6490
2.6706
2.6440
2.5870
2.7407
2.7396
2.5873
2.6759
2.8183
2.6893
2.6647
2.6518
2.7254
2.7336
2.6941
2.7506
2.7078
2.8534
2.6918
2.7447
2.8659
2.8574
2.9261
3.0039
2.7967
3.1146
2.9639
2.8749
2.8614
2.6407
2.8789
2.7732
3.0234
2.8373
2.7502
2.6862
2.8783
2.9603
2.8579
2.8874
2.9213
2.8293
2.8454
2.8026
2.9028
2.9415
3.1052
2.7183
2.7021
2.8596
2.8611
2.7752
2.6205
2.9157
2.5759
2.8003
2.9018
2.6889
2.8084
3.0165
2.7351
2.8650
2.8557
2.9204
2.7127
2.6950
2.9623
2.7753
2.8350
2.7001
2.8011
2.7742
2.7907
2.7585
2.7339
2.8474
2.6432
2.8085
2.7555
2.9020
2.7912
2.8720
2.8978
2.6246
2.6649
2.9244
2.9297
2.7138
2.6826
2.8978
2.6268
2.7724
2.8162
2.7769
2.7482
2.7054
2.5695
2.6540
2.7739
2.8336
2.7129
2.7997
2.6605
2.5871
2.6361
2.6451
2.9726
2.8199
2.7947
3.1496
3.1626
2.9896
2.8230
3.0847
2.8129
2.6738
2.8721
2.8228
2.9092
2.7059
2.6955
3.0272
3.0997
3.1331
3.2582
2.8450
3.0533
2.9813
3.0481
2.8309
2.7675
2.7343
2.9400
2.9050
2.9569
2.8389
3.0075
2.8716
3.0185
2.8525
3.0095
2.9047
3.0767
3.0685
2.9561
2.7875
2.9732
2.9247
2.9359
2.8852
2.9563
2.8045
2.8521
3.0113
3.0143
3.2067
3.0886
3.2013
3.0716
2.9826
2.9010
2.8263
2.7057
2.9658
2.8456
2.6471
2.8250
2.8926
2.9771
2.9270
2.9932
2.8607
2.9405
3.0110
3.0109
2.8793
2.8989
2.9660
3.1254
2.9714
3.0491
2.8262
2.9460
2.9198
2.7320
3.1664
2.8304
3.0469
2.8592
3.1198
2.9978
2.9522
3.0379
3.0452
2.8524
2.9212
3.0254
2.8637
2.8332
2.9620
3.0114
3.2480
3.0940
3.1401
3.1308
2.9083
2.9636
2.9766
3.0729
3.0947
2.8635
3.1069
3.0324
2.8680
3.1400
2.9688
2.9587
2.8518
2.8526
2.8383
2.8674
2.7244
2.7876
2.7134
2.9974
2.8642
2.9157
2.7868
2.8805
2.6700
2.7030
2.6279
2.8367
2.7205
2.8853
2.9369
2.7685
2.8765
3.0309
2.7494
2.8177
2.7001
2.8298
2.9495
2.9884
3.0046
2.9450
2.9224
3.0612
3.0994
3.1384
2.9394
2.9237
2.7966
2.7831
3.0070
3.0754
2.8162
2.9084
2.8285
2.8307
3.1379
3.0547
2.8522
2.9840
2.7845
2.8358
2.9859
2.8248
2.7922
2.9605
2.8717
2.9120
2.6808
2.7168
2.8025
2.8676
2.8584
2.9028
3.0343
2.6382
2.8223
2.9288
2.8302
2.9546
3.0634
3.0172
3.1379
3.1167
3.2330
2.9528
2.9515
3.0966
3.2445
3.2120
3.3723
2.9712
3.1151
3.2222
3.2147
3.1907
3.3249
3.1632
3.1179
2.9338
3.0327
3.0032
2.9456
3.0445
3.1265
3.0646
2.9989
2.8838
3.0532
2.7874
3.1025
3.2223
2.8846
3.0483
2.9059
2.8275
2.9259
2.9443
2.9151
2.9915
3.0126
2.9150
3.0093
3.0619
2.8496
2.8954
2.8376
2.9589
2.9761
2.8934
3.1511
2.8683
3.0201
2.8602
3.0741
3.0969
3.0239
3.0416
2.9678
2.9757
3.0031
3.0762
3.0785
3.1864
3.1050
3.1016
2.9226
2.9804
2.9368
3.1363
3.1206
2.9647
3.0491
3.1249
2.7895
2.8642
2.9583
2.9765
2.9060
2.9819
3.0999
3.1542
2.9271
3.2206
3.2928
3.0197
3.0960
3.0667
2.9674
2.9749
2.9622
3.1935
2.9432
3.1172
3.1085
3.0917
3.1739
3.1834
3.1536
3.1176
3.0032
3.1425
3.0960
2.9947
3.1924
2.8984
3.1023
3.1325
3.0539
3.2183
3.0904
3.0405
2.8934
2.9416
2.9635
3.0500
3.3460
3.3541
3.2266
3.1667
3.4468
3.3556
3.2713
3.2877
3.1866
3.2756
3.1186
3.1807
3.1964
3.2775
3.2925
3.4840
3.2701
3.3033
3.0367
3.0326
3.0614
3.2434
3.0012
3.4168
3.0926
2.9272
3.0073
3.0645
3.0519
3.2569
2.9932
2.8759
2.8574
2.8053
2.8326
2.9352
2.9677
3.0479
3.0258
2.7642
3.0219
3.0161
3.1209
3.0454
3.1305
3.1285
2.9060
2.9787
3.0864
3.0593
3.1057
3.0454
2.9936
3.0624
3.0151
2.9942
2.8986
2.9582
2.8876
2.9520
2.9974
2.7503
2.7356
2.8502
2.8386
3.0047
2.9168
2.7008
2.8684
2.9707
2.8802
2.8681
2.6381
2.8108
2.9619
2.7558
2.8965
3.0460
3.0500
2.9088
3.0006
3.0822
3.0243
3.0180
3.0660
2.9959
2.8021
2.8244
2.8154
2.9309
3.1235
2.8226
2.7908
2.9767
2.8185
2.8847
3.0310
2.8348
2.8140
2.7663
2.8933
2.7129
2.8341
2.7563
2.9480
2.6861
2.6953
3.1284
3.1548
3.0404
2.8357
3.1050
2.9268
2.7946
3.0407
3.1077
2.8727
3.1941
2.9812
3.0082
3.0686
2.9771
2.9314
3.0266
3.0523
3.1160
2.9276
3.0808
3.1891
3.0196
2.9125
3.0844
3.0190
3.0641
3.0370
3.0855
2.9318
3.1155
3.0897
3.4632
3.4404
3.2753
3.2090
3.4085
3.3383
3.2862
3.3787
3.3013
3.3927
3.3026
3.1981
3.5301
3.4931
3.3596
3.3872
3.2587
3.3323
3.2303
3.4101
3.6891
3.4977
3.5433
3.3902
3.2997
3.2719
3.4304
3.4810
3.4301
3.3976
3.3473
3.4438
3.5302
3.4392
3.4790
3.4021
3.1451
3.1773
3.2745
3.4783
3.2226
3.2835
3.1746
3.1632
3.1433
3.3531
3.1088
3.2370
3.1359
3.3290
2.8753
3.2462
3.1010
2.9697
2.9838
3.2105
2.8447
3.1411
2.8764
2.9893
2.9270
2.9148
3.1205
2.8823
2.7515
2.9644
2.9633
3.2163
2.8925
3.1520
3.2504
3.0906
3.2491
3.1788
3.2444
3.3224
3.4928
3.2753
3.1892
2.9718
3.0815
3.0707
2.9558
3.1029
3.1269
3.1837
3.1463
3.0383
3.1522
3.2937
3.0750
3.0922
3.0376
3.1767
3.1550
2.8334
2.8434
3.1915
2.9501
2.7626
2.8207
2.8113
2.8799
2.9469
2.8845
2.9033
3.1846
3.0694
3.0204
3.0566
3.1014
3.0382
3.0733
2.9511
3.0507
2.7601
2.7937
3.0024
2.8956
3.2914
3.0968
3.1538
3.3059
3.0708
3.0962
3.3432
3.0508
2.9849
3.1395
3.1609
3.0775
3.1168
3.0523
3.2570
3.0280
3.1070
3.1412
2.9931
3.1815
3.4086
3.3002
3.3521
3.2369
3.1930
3.2787
3.0501
3.2169
2.9440
3.1893
3.1066
3.0270
2.8457
3.0603
3.2507
3.2283
3.1296
3.2084
3.0917
2.7832
3.0079
3.0745
2.8902
3.1508
3.0326
3.0248
3.0400
3.0109
3.0882
3.0584
3.0013
3.4002
3.2687
3.1339
3.0860
3.1715
3.0029
3.1456
3.1168
3.3169
2.9473
3.1125
3.0742
3.0656
3.1051
3.0715
3.0878
2.9349
3.1657
3.0596
2.9090
2.9889
3.2618
3.1334
3.2926
3.2617
3.0988
3.1121
3.1450
3.0236
3.0159
3.1102
3.0617
2.9784
2.9635
3.1065
3.0103
3.0422
3.2425
3.3279
3.4112
3.1784
3.0670
3.1650
3.0492
3.1128
3.0574
3.0892
3.0940
3.1343
3.1887
3.0816
3.1094
3.0014
3.2210
3.1952
2.8436
2.9419
3.0333
3.1246
2.8524
2.9532
2.9382
2.9903
2.9922
2.8920
2.9248
2.9881
3.0064
2.9539
2.9036
3.2627
3.0347
3.1368
2.8525
3.0656
3.3410
3.2772
3.1679
2.8497
2.7963
3.1969
2.9375
2.9424
3.1628
2.8061
2.9722
3.0031
3.0599
3.0267
2.9935
3.0860
2.8782
2.8029
2.8798
2.8344
2.9783
2.8522
3.0004
3.0829
2.9427
2.9679
2.8787
3.0180
2.8953
3.0691
2.8751
3.0185
3.3606
3.2406
2.8802
3.0042
3.0949
3.1459
3.4395
3.5129
3.3136
3.3927
3.2581
3.5832
3.3058
3.6160
3.3769
3.2424
3.4537
3.3417
3.4665
3.3727
3.4145
3.4218
3.3813
3.7020
3.7223
3.4378
3.3095
3.7259
3.1853
3.2861
3.1592
3.2439
3.1728
3.1809
3.2720
3.5940
3.2695
3.1278
3.3107
3.1030
3.1750
3.0624
3.1619
2.9917
2.7836
3.0047
3.2012
2.8954
3.1486
3.0862
3.1137
3.4922
3.3131
3.3868
3.1662
3.5864
3.4024
3.4097
3.1440
3.5305
3.2177
3.2622
3.3373
3.1246
3.4347
3.3559
3.4782
3.3750
3.3405
3.4148
3.6606
3.7341
3.6148
3.4008
3.5922
3.4884
3.2091
3.0901
3.0250
2.8882
2.6594
2.9040
2.8385
2.7949
2.8779
3.2016
3.1759
3.2148
3.2866
3.0603
3.0448
3.4011
3.1797
3.2714
3.1818
3.1161
3.3864
3.3984
3.2898
3.1584
3.2619
3.0966
2.9064
2.8779
3.0879
2.9404
2.7400
2.9889
3.0623
2.8904
2.8464
2.8782
3.0501
3.2105
2.9593
2.9314
2.9865
3.1551
3.1142
2.9143
2.9956
2.8921
3.0522
3.0476
3.2128
3.0691
3.0490
2.9183
3.0229
3.1443
3.2968
3.2179
2.9665
2.9251
2.9896
3.1419
3.1122
3.1798
3.1650
2.9953
3.2090
3.0676
3.1657
2.9799
3.0516
2.9672
2.7973
3.0886
2.9726
3.2277
3.1613
3.2299
3.0587
3.4002
3.2472
3.3296
3.0692
3.3952
3.2172
3.1315
3.0252
3.3102
3.2304
2.9195
3.0705
2.9243
3.1021
3.0503
3.3771
2.9385
3.1854
3.1944
3.3030
3.1143
3.0477
2.9557
3.1237
3.1197
3.3640
3.2935
2.9051
3.1252
3.1643
3.1258
3.2056
3.2885
3.1289
3.0614
3.1569
3.3813
3.1315
3.1501
2.8594
3.1278
3.3359
3.2747
2.9590
2.8689
2.9340
2.7136
3.1256
3.3394
2.9583
3.0163
2.7660
3.1325
2.9998
2.9325
3.0730
3.0339
2.9810
3.0752
3.1169
3.0366
3.0991
3.0882
3.3966
3.2634
3.1020
3.0010
3.2066
3.2449
3.1065
3.1393
3.0643
2.9122
2.9326
3.0611
2.7033
3.0245
2.8453
2.9371
2.7428
2.8293
2.9478
2.8498
3.0391
2.9512
2.8027
3.1088
2.9094
3.1853
2.8850
2.9841
2.7536
2.8572
2.9906
2.7941
3.0215
2.9099
3.0736
2.8663
3.1169
2.9334
3.1364
3.0214
2.9914
2.9870
2.8851
2.9954
3.0676
2.9690
3.2075
3.0706
2.7987
2.9172
3.2341
2.9138
3.0327
2.8957
2.9756
3.0161
2.9965
2.8463
2.9346
3.2216
3.2112
2.9792
3.1103
3.0705
3.0186
2.9753
2.9428
3.0470
2.9685
2.9498
3.0298
2.9491
2.9357
3.0299
2.8581
2.9781
2.8738
2.9065
2.8504
3.1518
2.8472
2.8603
2.9141
3.0842
2.9415
2.9218
2.8655
3.0708
3.0624
2.8931
2.9535
2.9996
3.2569
3.1944
2.9818
2.9325
2.8828
2.9852
2.9667
3.0956
2.8209
2.8089
3.0399
3.1006
2.8460
2.8583
3.0414
2.7177
2.6818
2.8502
2.7009
2.7302
2.7825
2.7339
2.9786
2.6147
2.9230
3.1153
3.0617
2.9162
2.8215
2.9896
3.1498
2.9413
3.0324
3.0348
2.9438
3.0727
3.1170
3.2735
3.1231
3.2059
2.9642
3.0381
3.2158
3.1434
3.1499
3.4152
3.1387
3.2014
3.1811
3.1283
3.3094
3.3163
3.3652
3.5259
3.3645
3.3335
3.1307
2.9028
3.0632
3.2103
3.0076
3.3375
3.0611
2.8215
3.0816
2.7102
2.7916
2.8282
3.0393
2.8212
2.5998
2.6781
2.8305
2.7678
3.0474
2.7069
3.0020
3.2665
3.2700
3.0310
2.9257
2.9541
3.0237
2.9778
2.9825
2.9346
2.7897
2.7938
2.8383
2.9756
2.8698
2.9189
2.8874
2.9887
3.0791
2.6342
2.9798
3.1000
3.2342
3.2492
3.0722
2.9702
3.0539
3.2996
3.2278
3.1290
3.1303
3.3256
3.1953
3.3559
3.0902
3.3890
3.1621
3.1196
3.1300
3.2807
3.1724
3.2877
3.0509
3.0358
3.1409
3.2781
3.2035
3.2190
3.3596
2.7484
3.0322
2.7533
2.7267
3.0554
2.8685
3.1542
2.9238
3.1414
2.7891
2.9852
2.9366
2.8804
2.8522
2.9301
2.8175
2.7733
3.0140
3.0141
3.2024
3.3151
2.9738
3.1802
2.9912
3.0025
2.9063
2.8425
2.9716
2.8244
3.0214
3.0069
3.1554
3.0544
2.9037
2.8863
2.9809
2.9728
3.1033
3.1247
3.0855
3.1978
3.3663
3.0001
3.0037
3.0069
3.2479
3.1505
2.8902
3.1424
3.0039
2.8818
2.9485
2.8482
2.9996
2.8814
3.0165
3.1807
2.9172
2.9105
3.0246
3.1682
2.9377
3.1551
3.0161
2.9808
3.0125
2.9674
2.8756
2.9427
2.8767
2.8980
2.9925
2.8206
2.9921
3.0693
3.1161
3.0458
2.9932
2.9423
2.9490
3.1486
3.0620
3.0395
2.9360
3.0371
3.1339
3.0106
2.9928
2.9801
3.2706
3.0413
3.1023
3.1398
3.2236
3.1211
3.3543
3.0774
3.2556
3.0677
3.1960
3.2300
3.0252
2.9875
2.9892
3.0816
3.0477
3.0118
2.9582
3.1403
2.9528
3.0483
2.7996
2.9137
2.7694
2.8670
2.7810
2.8267
3.0588
2.8791
2.8214
2.8416
2.7858
2.8978
2.9915
2.8544
2.8530
2.7616
2.7465
2.8934
2.8996
2.8422
2.9280
2.8543
2.7895
2.6320
2.6482
2.6809
2.8130
2.8012
2.7941
2.8180
2.7852
2.7574
2.8873
2.8250
2.5773
2.8989
2.7969
2.6079
2.7218
3.1279
2.7359
2.5716
2.8899
3.1806
2.8554
2.8445
3.0062
2.7786
2.8861
2.8239
3.0866
3.0452
2.9705
3.0329
2.8508
3.1038
3.1460
3.0948
3.1756
3.0501
3.1925
3.1079
2.9437
3.0512
3.2102
3.2806
3.1357
3.0414
2.9911
3.0916
2.9869
2.9495
3.0275
3.0469
2.9725
2.7286
3.0710
2.7010
2.9685
3.0420
2.8960
3.0384
3.0333
2.9766
2.9282
2.7389
2.9741
3.0009
3.0434
2.7908
3.3072
2.9778
2.9124
3.0745
3.1409
3.1565
3.1585
3.0839
3.2329
3.1284
3.0343
3.1636
3.1257
3.0107
3.1768
3.2040
3.0267
3.1332
3.2948
3.0697
3.1975
2.9206
2.9436
3.0220
2.9811
3.0777
3.4396
3.0989
3.4430
3.4984
3.3859
3.2366
3.1816
3.4849
3.2042
3.2644
3.0985
3.0869
3.3028
3.2632
3.2349
3.2630
3.1939
3.0614
3.1880
3.5379
3.1543
3.0173
3.4056
3.0807
3.3043
3.4180
3.4475
3.4764
3.1797
3.2775
3.3413
3.2280
3.1717
3.3237
3.3216
3.2820
3.4745
3.3063
3.4601
3.4329
3.4187
3.6269
3.6873
3.4310
3.4740
3.4505
3.3354
3.1140
3.3544
3.4132
3.2986
3.2133
3.3641
3.0481
2.8837
3.2737
3.2597
3.3205
3.6040
3.2751
3.0422
3.2032
3.3738
3.3065
3.2399
3.5119
3.6125
3.5299
3.7684
3.3453
3.5574
3.3999
3.3556
3.3819
3.2611
3.4324
3.3982
3.1534
3.4409
3.3811
3.2923
3.1357
3.8130
3.4824
3.3280
3.2708
3.3908
3.5428
3.3291
3.3393
3.2937
3.4554
3.5100
3.4526
3.4288
3.1806
3.2097
3.3458
3.3226
3.3203
3.3224
3.3337
3.4650
3.6053
3.4508
3.3264
3.3076
3.3919
3.7852
3.7180
3.5944
3.5536
3.2713
3.4191
3.1164
3.1514
3.2902
3.2545
3.2085
3.0083
3.2512
2.9986
2.8565
2.8762
2.7350
2.9189
3.1145
3.0172
3.1580
3.0878
3.1621
3.1224
3.2908
3.1770
3.3968
3.2135
3.0547
3.2441
3.1598
2.8459
3.2673
3.1422
3.2987
3.0711
3.2731
3.0019
3.2464
3.1760
3.1877
3.2864
3.3011
3.3103
3.1561
3.3622
3.2225
3.2441
3.1894
3.2363
3.3935
3.2131
3.2818
3.2759
3.2108
3.2826
3.1334
3.2619
2.9264
2.7662
2.9539
3.0550
3.0392
3.0294
3.2997
3.2545
3.0911
3.3012
3.0180
2.9237
3.1959
3.0166
3.0389
3.0011
3.0944
3.2514
3.1623
3.0385
2.7831
3.0961
2.9451
2.8915
3.1067
3.3294
3.2326
3.1301
3.0271
3.0073
3.4291
3.1080
3.1607
3.1458
2.8983
2.8995
2.8307
2.7522
2.9130
2.8807
2.9337
3.3569
3.0738
3.5728
3.4299
3.5517
3.6072
3.3944
3.4232
3.6230
3.3116
3.5228
3.3350
3.2409
3.3547
3.2473
3.5474
3.2826
3.0652
3.4559
3.2036
3.3961
3.2507
3.2408
3.4454
3.4500
3.3008
3.0098
3.1857
3.2943
3.0839
3.1238
3.0874
3.2672
3.1574
3.1495
3.1830
3.1461
3.2050
3.2644
3.0257
2.9486
3.1617
3.1953
3.1362
2.7730
2.7363
2.6808
2.8917
2.6307
2.7134
2.4221
2.5642
2.5457
2.6724
2.7488
2.6116
2.4095
2.8227
2.7006
2.5290
2.5304
2.6436
2.7235
2.7565
2.7784
3.0226
2.7096
2.7781
2.4709
2.4237
2.3295
2.3946
2.3009
2.2808
2.4412
2.5207
2.3938
2.5437
2.4893
2.6638
2.7314
2.9502
2.7283
3.0075
2.8012
2.9891
3.0118
2.9378
2.7950
2.9182
2.8495
3.0466
2.8691
3.1203
2.9334
2.6393
2.9838
3.0063
3.0499
3.2213
3.1104
2.9907
3.3354
3.3686
3.1368
3.1211
3.1533
2.8775
3.0981
3.0328
3.1723
3.1081
2.9817
3.0515
3.1124
3.2752
3.1608
3.2303
3.0132
3.3761
3.2016
3.2711
3.1263
3.0219
3.1073
3.0826
3.0473
3.1653
3.1347
3.2735
3.2718
3.2710
3.1997
3.1061
2.9631
3.0852
3.0617
3.0886
3.0784
3.1766
3.1057
3.0390
2.8736
2.9258
3.0291
3.2078
2.9932
3.1682
3.0355
3.0257
3.0021
2.9679
3.0550
3.1306
3.0591
2.8784
3.0763
3.3963
3.3300
2.9898
3.2097
3.0461
3.0231
3.2516
3.1633
2.9766
2.9749
3.2156
2.8733
2.9398
2.9276
2.9451
2.7892
3.0394
2.9354
2.8476
2.9207
3.0676
2.9852
3.0216
3.0145
3.0380
3.1611
2.9778
3.1053
3.4911
3.2837
3.2230
3.1764
3.2083
3.2565
3.3134
3.2572
3.2776
3.0339
3.1489
3.3630
3.0847
2.9708
3.2466
3.4309
3.1659
3.3054
3.1309
3.2605
3.6586
3.4427
3.3580
3.1523
3.2871
3.1108
3.0276
3.3185
3.1859
3.2605
2.8830
2.9812
2.9918
3.1890
3.0660
2.9519
2.9608
2.9834
3.1528
3.0078
3.1695
3.2434
3.1927
3.1968
3.0585
2.9401
3.1958
3.0858
2.9953
3.0759
3.4384
3.0540
3.1030
3.0244
3.1416
3.0574
3.2082
3.0522
3.0297
3.1708
3.2253
3.2887
3.3549
3.1036
3.1161
3.1132
3.0730
3.2773
3.2449
3.3647
3.2210
3.1216
2.9584
2.8948
2.9976
3.1286
3.0697
3.0745
3.0267
2.9840
2.9106
3.1519
3.2048
2.9878
3.0872
3.1888
3.0795
3.3733
3.0700
3.0829
3.2530
2.8157
2.9955
2.9488
2.9665
3.0624
2.9202
3.1168
3.0829
3.1244
2.9985
3.1001
3.2549
3.0710
2.9637
2.8843
3.0576
2.8609
3.0413
2.7405
2.8959
3.0066
2.8368
2.7131
2.8721
2.9115
2.9487
2.7470
2.9984
3.2750
3.1853
3.0782
3.0929
3.2263
3.1789
3.2033
3.2763
3.2728
3.2618
3.2098
3.1615
3.2061
3.1927
3.1955
3.2013
3.1874
3.3658
3.2511
3.3116
3.2715
3.1665
3.0203
2.7957
3.1668
2.9794
3.1281
3.1149
3.2041
3.0605
3.3284
3.1296
3.2553
3.0898
3.0560
2.9058
3.1618
2.9431
3.1560
3.1612
3.1294
3.1748
3.2961
3.1646
2.9917
3.0244
2.9221
3.0621
2.9830
3.0916
2.9018
3.0210
3.0837
3.2004
2.9779
3.1154
3.1507
3.1907
3.0051
3.0007
3.0224
3.0569
3.0438
3.1247
3.0143
3.1551
3.1445
3.1422
3.2540
2.9248
3.1794
3.1730
3.0888
3.0418
3.0605
3.2580
3.1569
3.1763
3.1174
3.0297
3.1265
3.1884
3.1268
3.2039
3.1763
3.1653
3.0943
2.8747
2.9055
2.9008
2.8227
2.9264
2.9012
2.9262
3.0840
3.0629
2.9752
2.8542
2.8105
2.9143
3.0066
3.0341
2.8642
2.9745
2.8351
3.0713
3.0687
3.0822
3.0362
3.1386
3.0910
2.9346
3.0673
3.0209
2.8929
3.1024
2.9320
3.0823
3.1981
3.3905
3.1072
2.9548
2.9306
2.9286
2.9589
3.0590
3.2877
3.1021
3.2062
3.0204
3.1373
3.0681
3.0095
3.0701
3.1621
3.2832
2.9731
3.0007
3.1926
3.1966
3.1344
3.0014
2.8562
3.2746
3.0823
3.0329
2.8185
3.0539
2.9197
2.8943
2.9374
3.0844
3.0812
3.0321
3.1056
3.0154
3.0820
2.8484
2.8642
2.9815
2.7664
2.9820
2.9613
2.8655
2.9916
2.8824
2.8830
2.8934
2.9068
3.0479
2.7951
3.1802
3.0245
2.9225
2.9768
3.0843
3.0083
3.1921
2.9735
3.0252
2.9105
2.9971
2.9022
2.9370
2.9984
2.8849
2.8262
2.9466
2.9358
2.8310
2.9613
2.9748
2.9522
2.8933
2.8941
2.7715
2.8844
2.9067
2.8413
3.0025
2.7192
2.7918
2.9030
2.9067
2.9453
2.8478
3.1436
2.9567
2.8354
2.9215
3.0243
3.0109
3.1279
2.9213
3.0529
3.0763
3.1994
3.1827
3.2493
2.9757
2.9283
3.0472
3.0190
3.0484
2.9602
3.0084
3.1460
3.1896
3.3225
3.3634
3.3274
3.4668
3.2175
3.4039
3.1566
3.2724
3.2952
3.1292
3.1871
3.4548
3.3713
3.1914
3.1463
3.1671
3.3081
3.2448
2.9898
3.1149
2.9607
2.9772
2.9699
3.1084
3.1574
3.2942
3.1287
2.9771
2.9118
3.0654
2.9413
3.0253
3.0618
2.9624
2.9397
2.6530
2.6916
2.9887
2.9903
2.8595
2.5916
2.8254
2.9916
2.9109
3.0275
2.8458
2.8747
2.9957
2.8771
2.9223
2.9826
2.8793
2.8123
3.0271
2.7340
2.7382
2.9573
2.9879
3.0595
2.9804
3.0112
3.1735
2.9757
3.2381
3.1255
3.0150
2.7625
3.0446
3.2695
3.2632
3.3060
3.1929
3.2956
3.0563
3.3194
3.2684
3.1682
3.2173
3.1197
3.1971
3.1378
2.9912
3.0780
3.0165
3.0056
3.2238
2.8976
2.9223
3.1625
3.0469
3.0297
2.9780
3.0887
2.9204
2.9483
2.9397
2.9662
3.1555
2.9138
3.0444
2.8824
3.0208
2.9918
2.5118
2.8942
2.6297
2.5011
2.4722
2.3557
2.3618
2.4947
2.6070
2.6785
2.7906
2.8176
2.6483
2.7308
2.7722
2.7249
2.7681
2.6494
2.6516
2.9176
3.1803
3.0379
3.0399
2.5841
2.9065
2.6475
2.6985
2.9711
2.7416
2.8848
2.9694
3.0493
2.9395
3.0587
2.9431
3.1236
3.1066
3.0901
2.9037
3.1260
3.2515
3.0157
2.9306
3.0117
2.7435
2.9739
3.1112
3.1860
3.1929
3.0535
2.9765
3.1326
2.9417
3.1784
3.0956
3.0591
2.9409
2.9546
3.1460
3.2364
3.0648
2.9221
3.0928
3.1621
3.0740
3.0572
3.1978
3.2003
3.2159
3.1270
2.9517
2.9871
2.9976
2.9838
3.0401
3.0815
2.9089
2.6529
3.1014
2.8595
3.1177
3.0692
2.9605
3.0263
3.1232
2.9510
2.8240
3.0450
2.8353
3.0559
3.0355
2.8097
2.8988
3.0937
2.9026
3.1578
3.0303
3.2118
2.9180
2.8912
2.9453
3.1828
3.3187
3.1864
3.3217
3.2283
3.2035
3.2721
3.1140
3.2015
3.2327
3.2523
3.3206
3.3068
3.3459
3.2810
3.1464
3.1817
3.2485
3.1936
3.2947
3.2807
3.3478
3.2846
3.3269
3.2618
3.2632
3.1595
3.1807
3.2477
3.3173
3.2579
3.2031
3.2204
3.1799
3.1494
3.0880
3.2508
3.1423
3.4803
3.3403
3.0188
3.3239
3.1349
3.0855
3.2498
3.1256
3.2456
2.8671
3.2744
3.4615
3.4786
3.2993
3.3431
3.2262
3.1738
3.4615
3.3373
3.0986
3.1481
3.2057
3.2934
3.2062
3.1311
3.1830
3.2474
3.4031
3.2820
3.3034
3.2402
3.3868
3.3992
3.3765
3.4220
3.4116
3.3861
3.4980
3.3236
3.1861
3.2371
3.2875
3.2383
2.9926
2.8759
3.1930
3.1318
2.9990
3.2337
3.0722
3.1627
2.8836
3.0017
3.0352
2.9958
2.9676
2.9830
2.6791
2.8093
2.8764
2.8186
2.7565
2.8265
2.8557
2.9131
2.9429
2.8408
2.8822
2.9263
2.9020
2.8727
2.8177
3.0012
2.7206
2.8524
3.0390
2.8918
2.9303
2.9992
3.0666
2.8905
3.0713
2.9907
2.8668
3.0852
3.2964
3.0671
2.8198
2.8089
2.8110
2.8986
2.7488
2.9455
3.0746
3.2672
3.3731
3.1388
3.0586
2.9232
2.8578
3.1512
3.0730
3.1772
3.2076
3.2606
3.0587
3.1358
3.0060
3.0862
3.0691
3.0694
2.8880
2.8420
2.8780
3.0600
2.9871
2.9533
3.0548
2.8640
2.9983
3.1698
3.0765
3.1923
3.2268
2.9555
2.9071
2.8942
3.1369
2.9690
2.9245
2.9451
3.0858
3.0972
3.3729
3.1777
3.3854
3.3640
3.4130
3.2257
3.0715
3.1858
3.3503
3.2710
3.4491
3.3259
3.3138
3.3116
3.0434
3.0965
3.0789
3.0399
2.8006
3.1252
3.1307
3.1642
3.1696
3.1273
3.0844
3.1234
2.9746
3.0989
2.9822
3.0507
3.1529
3.1095
3.3081
3.1746
3.0174
3.0560
3.0392
3.1919
3.1405
3.1044
3.0694
3.1723
2.9736
3.1694
3.3437
3.1662
3.3542
3.2160
3.1507
3.1782
3.2137
3.2998
3.0909
3.0047
3.0477
3.2176
3.2159
3.0277
3.0233
3.0366
3.1311
3.3782
3.2370
3.2105
3.0346
3.1911
3.1298
3.0144
2.8397
3.0317
2.8307
3.0187
3.0464
2.7778
3.0621
3.2278
3.2460
3.2227
3.2854
3.3485
3.0698
3.2133
3.1116
3.3195
3.3321
3.1560
3.2015
3.2417
3.3823
3.2187
3.2228
3.1265
3.2423
3.2167
3.1357
3.0926
2.9297
3.0148
3.1719
3.2910
3.1874
3.1392
3.1325
3.0904
2.8923
2.7718
2.8395
3.0224
2.8117
3.1885
3.1038
2.8602
3.1586
3.0442
2.9566
3.0625
2.9506
3.1593
3.1444
2.8087
3.0738
2.9972
3.0477
2.9699
2.9794
3.0159
3.0922
2.8717
3.0705
2.9585
3.0118
2.9954
2.8360
2.8500
2.9989
2.9549
2.8112
2.8391
3.0155
3.0762
3.1708
2.9381
2.9934
3.0926
3.0632
3.0253
2.9336
2.7998
3.1684
3.0550
3.1914
3.3317
3.3105
3.3286
3.1853
3.2314
3.0934
3.1178
3.1938
3.5070
3.5423
3.4278
3.3738
3.1611
3.1337
3.1580
3.1486
3.1871
3.3122
3.3248
3.0057
3.1282
3.0362
3.1052
3.1651
3.1490
3.1518
3.1116
3.1960
3.2385
3.0681
3.1274
3.1443
2.9765
2.7582
2.7933
2.9558
3.1875
2.9993
2.9025
2.9342
3.0142
3.0232
3.3031
3.1619
3.1521
3.1323
2.9420
3.1794
3.2518
3.0918
3.0927
3.0344
3.1817
3.1669
3.0862
3.0981
3.0983
3.2715
3.1945
3.1510
2.9902
3.0796
3.1561
3.1091
3.3371
3.2027
3.1284
3.0365
3.0723
3.1802
2.8514
3.0429
2.9331
3.0002
2.6003
2.7340
2.8310
2.8584
2.7439
2.8325
2.8125
2.6002
2.8201
2.8838
2.9416
2.9806
2.8899
3.0232
3.1681
3.2477
3.1434
3.1652
3.0183
3.0785
3.1306
3.1550
2.8925
3.0374
2.8634
2.9804
3.0364
3.2681
3.2436
3.1843
2.9182
2.8742
2.9909
2.8805
3.1136
3.0831
3.2092
3.0865
3.5131
3.1966
3.2828
3.1463
3.0732
3.1155
3.1336
3.1772
2.9866
3.1077
3.1365
3.2898
3.3381
3.3711
3.4640
3.2739
3.1181
3.2459
3.0386
3.1220
3.3331
3.1341
3.1966
3.0866
3.1325
3.0866
3.2086
2.9395
3.1752
3.1813
3.1601
3.0906
3.1650
3.1851
3.0564
2.9419
3.1201
2.9982
2.8987
3.1689
3.1848
3.0078
3.0910
3.0665
3.1813
3.4386
3.1981
3.3055
3.2961
3.3703
3.1010
3.0827
3.1551
3.0113
3.1195
3.0879
3.0110
3.0316
3.0682
3.2788
3.0037
3.0297
2.9627
3.0174
3.0015
3.0606
3.3218
3.4037
3.3021
3.2973
3.1366
3.1133
3.0685
2.8928
2.9568
3.0834
3.1573
3.2316
3.3820
3.3987
3.0373
3.1864
3.1356
2.8770
3.0372
3.2947
2.9561
3.1776
2.9619
3.2490
3.0465
3.1420
2.9944
3.1619
2.9087
2.7875
2.9837
3.0028
3.0391
3.0639
2.9851
2.8688
2.9156
2.9163
3.0424
3.1999
3.3487
3.0552
3.3435
3.3626
3.3319
3.3662
3.4553
3.2682
3.3302
3.5572
3.2353
3.1132
3.2867
3.3537
3.3321
3.0132
3.2275
3.2340
3.4444
3.3150
3.1718
3.2276
3.3502
3.2045
3.2116
3.1255
3.2083
3.1840
3.3002
3.2581
3.2804
3.1500
3.2146
3.2058
3.1365
3.3315
3.1620
3.1642
3.2347
2.8291
2.9649
2.7941
2.9739
3.0691
3.0757
3.1029
3.0979
3.2374
3.4037
3.3121
3.2710
3.4279
3.2531
3.3133
3.0372
3.2399
3.3627
3.1479
3.2894
3.6331
3.5445
3.3639
3.4024
3.4668
3.6111
3.6646
3.6484
3.3526
3.3862
3.4404
3.3421
3.3232
3.3901
3.2747
3.5048
3.1734
3.5343
3.5579
3.5220
3.5760
3.5052
3.4576
3.3926
3.4673
3.5060
3.4635
3.3446
3.5570
3.5713
3.5497
3.3911
3.6420
3.5086
3.4048
3.2484
3.2678
3.1913
3.4508
3.5533
3.6672
3.4191
3.2896
3.3151
3.3880
3.1412
3.3401
3.1447
3.0896
3.1205
3.0732
3.3204
3.3160
3.2653
3.1858
3.4043
3.2593
3.3189
3.3922
3.4028
3.2383
3.2611
3.1859
3.0982
3.4745
3.5388
3.4572
3.4901
3.7310
3.6889
3.6643
3.5473
3.6190
3.5975
3.6865
3.5354
3.5242
3.5453
3.3925
3.3480
3.5988
3.3894
3.2793
3.4764
3.3711
3.4436
3.3982
3.5062
3.7313
3.5374
3.6306
3.3981
3.7552
3.6289
3.6004
3.5950
3.4910
3.7908
3.5563
3.6649
3.7344
3.6455
3.7426
3.7221
3.6015
3.6466
3.5516
3.5298
3.2391
3.3308
3.4528
3.6748
3.7010
3.5367
3.6190
3.6530
3.6699
3.5862
3.5719
3.5832
3.7471
3.7023
3.5642
3.7783
3.6828
3.6188
3.5560
3.7553
3.6226
3.6443
3.5040
3.6575
3.7489
3.6601
3.5014
3.5425
3.4005
3.5019
3.1916
3.1910
2.8831
3.3032
3.4384
3.2700
3.3289
3.1726
3.4331
3.2839
3.1280
3.1906
3.2157
3.3188
3.2919
3.2548
3.3233
3.1869
3.1789
3.2354
3.1756
3.3809
3.1356
2.9812
3.2144
3.3885
3.2276
3.1042
3.3124
3.3421
3.2761
3.1754
3.5051
3.5500
3.4610
3.3191
3.2809
3.3007
3.2269
3.1165
3.4131
3.6581
3.3971
3.1909
3.1828
3.2568
3.1124
3.1312
3.4526
3.4948
3.5041
3.3405
3.3853
3.3525
3.1700
3.4209
3.1749
3.3105
3.2529
3.2854
3.3995
3.3949
3.3338
3.4380
3.5321
3.4883
3.4079
3.3484
3.2167
3.4037
3.5349
3.6939
3.4774
3.7536
3.3398
3.3674
3.4708
3.6236
3.4379
3.2518
3.2737
3.1971
3.4506
3.4812
3.3825
3.1126
3.1116
3.4647
3.3487
3.3049
3.3954
3.2988
3.2724
3.2716
3.1784
3.0682
3.0473
3.1633
3.1342
3.1696
3.1553
3.3077
3.0379
3.1780
3.2161
3.2939
3.3487
3.3104
3.3299
3.1287
3.3098
3.2554
3.2764
3.2780
3.3037
3.1425
3.1746
3.2180
3.2605
3.4536
3.3129
3.2635
3.2463
3.3103
3.2108
3.1040
3.5469
3.2153
3.3072
3.3894
3.2359
3.3695
3.2066
3.2749
3.2714
3.3107
3.2635
3.2523
3.2058
3.1689
3.2867
3.4392
3.3466
3.4720
3.5032
3.3855
3.4211
3.5682
3.4988
3.4746
3.9037
3.9367
3.7263
3.6758
3.5046
3.6904
3.8012
3.9141
3.8009
3.6247
3.7846
3.7167
3.7917
3.3110
3.3126
3.5212
3.4693
3.4439
3.6109
3.4805
3.4726
3.4148
3.3371
3.2898
3.2053
3.3264
3.3420
3.4315
3.5870
3.5832
3.3347
3.3017
3.2650
3.2904
3.0799
3.3376
3.1273
3.3750
3.3416
3.3186
3.5906
3.5016
3.5159
3.2366
3.2703
3.3220
3.2670
3.5014
3.7331
3.5962
3.6327
3.3417
3.3807
3.4323
3.3887
3.3892
3.5062
3.5674
3.3149
3.3656
3.4418
3.3977
3.6651
3.5209
3.7978
3.4399
3.6211
3.5324
3.4557
3.5144
3.5820
3.5540
3.7181
3.6196
3.7664
3.7104
3.5517
3.3265
3.6124
3.6727
3.5303
3.5235
3.5325
3.5705
3.5427
3.5816
3.5905
3.5037
3.4389
3.2171
3.5068
3.6573
3.6985
3.4646
3.5445
3.5229
3.5568
3.3962
3.5363
3.6478
3.4272
3.2531
3.4735
3.3302
3.3576
3.4120
3.3773
3.2875
3.4548
3.4263
3.2738
3.4076
3.4612
3.4125
3.5096
3.2835
3.3940
3.5066
3.6337
3.3929
3.4817
3.5271
3.5618
3.3325
3.4548
3.3866
3.4812
3.3296
3.3468
3.4192
3.3727
3.2799
3.2358
3.4494
3.4942
3.4611
3.5260
3.2550
3.3859
3.1500
3.2516
3.2783
3.2451
3.2129
3.0935
3.2110
3.0931
3.3261
3.3953
3.3079
3.2045
3.3697
3.3609
3.3324
3.3641
3.3462
3.4862
3.3307
3.0333
3.2759
3.2262
3.2509
3.4474
3.5023
3.6315
3.3479
3.1829
3.5007
3.6027
3.3689
3.4756
3.3782
3.3013
3.4693
3.3307
3.3786
3.4420
3.1800
3.3181
3.5084
3.3495
3.2993
3.2930
3.3039
3.2440
3.1531
3.4173
3.6706
3.4075
3.5811
3.6620
3.7841
3.6803
3.5798
3.5795
3.5504
3.8035
3.6496
3.6843
3.7849
3.6537
3.7383
3.6999
3.6350
3.8888
3.7510
3.8407
3.7584
3.6962
3.7666
3.6658
3.4822
3.6941
3.7831
3.6605
3.7167
3.8740
3.7831
3.8955
3.8803
3.5389
3.7347
3.7822
3.8420
3.8123
3.8084
3.9536
4.0608
3.9747
3.8210
3.7404
3.9041
3.9973
3.6221
3.5199
3.4107
3.5935
3.7454
3.5287
3.5928
3.8036
3.5220
3.4896
3.3896
3.5605
3.5413
3.5147
3.5794
3.5191
3.6060
3.4906
3.5245
3.3465
3.3815
3.3669
3.5725
3.5296
3.3883
3.4778
3.4468
3.5099
3.5876
3.5233
3.6221
3.4733
3.5577
3.8289
3.6610
3.7219
3.6694
3.8816
3.6817
3.5970
3.5388
3.6111
3.2678
3.5455
3.5580
3.6163
3.6942
3.6540
3.4183
3.5143
3.3633
3.5805
3.4575
3.3789
3.5222
3.6122
3.5619
3.4522
3.6254
3.5989
3.4699
3.5560
3.6584
3.4692
3.5743
3.5367
3.7063
3.6659
3.7411
3.5621
3.3744
3.5039
3.6476
3.6229
3.5017
3.6131
3.5292
3.7061
3.4849
3.5580
3.5130
3.7256
3.4973
3.6009
3.5326
3.5181
3.5704
3.5901
3.4017
3.5113
3.5525
3.3722
3.4393
3.2250
3.3683
3.5167
3.2841
3.4530
3.5036
3.4833
3.5177
3.3336
3.3377
3.4069
3.3614
3.5929
3.3602
3.3202
3.5800
3.7024
3.3158
3.5182
3.4840
3.3534
3.3429
3.5702
3.3044
3.5190
3.4990
3.5495
3.4069
3.3302
3.3617
3.4594
3.5649
3.5376
3.5138
3.4640
3.2602
3.5428
3.3862
3.4003
3.2868
3.1588
3.1455
3.4426
3.4994
3.5226
3.4599
3.4811
3.4382
3.5485
3.5742
3.3731
3.7214
3.4919
3.4241
3.5361
3.8650
3.6982
3.4256
3.3219
3.5092
3.5565
3.5205
3.5040
3.4417
3.2369
3.4117
3.5396
3.6203
3.5446
3.4556
3.5453
3.7034
3.4915
3.3424
3.3064
3.2710
3.3203
3.4730
3.2726
3.3103
3.3205
3.2410
3.1732
3.3280
3.2995
3.2376
3.6472
3.3580
3.4742
3.4548
3.6839
3.5345
3.3995
3.4707
3.6835
3.3514
3.2821
3.4587
3.3721
3.3124
3.1899
3.3800
3.3939
3.2338
3.3300
3.2508
3.3402
3.4947
3.4573
3.1703
3.2389
3.3534
3.3619
3.4414
3.3455
3.1956
3.3187
3.4465
3.1714
3.4185
3.4384
3.2763
3.3326
3.2735
3.1736
3.3729
3.2232
3.0942
3.4190
3.1686
3.1913
3.1939
3.4733
3.2272
3.1578
3.0626
3.0510
2.9239
2.9565
2.9859
3.0832
3.1015
3.1758
3.3204
3.2390
3.1215
3.3141
3.3470
3.2186
3.1705
3.2910
3.2213
3.4633
3.1139
3.2120
2.8569
3.0476
3.1736
3.0121
2.9346
3.1459
3.0856
3.0137
3.1734
3.0676
3.1308
3.2231
3.3819
3.1907
2.9655
3.3566
3.0052
3.3221
3.0165
3.1808
3.0418
3.0386
3.2169
3.1461
3.0512
2.8873
3.1107
3.1465
3.3616
3.3305
3.1124
3.0106
3.4286
3.0731
3.1778
3.1314
3.0739
3.2237
3.1226
3.2641
3.1594
3.1310
3.1621
3.2584
3.2208
3.3401
3.3936
3.4758
3.3624
3.4524
3.7238
3.4905
3.3680
3.3790
3.5767
3.7812
3.5983
3.4100
3.6716
3.3345
3.3921
3.3198
3.2721
3.2059
3.3961
3.4235
3.2922
3.2759
3.1313
3.2729
2.9530
3.1712
3.0244
3.1687
3.2048
3.1592
3.0103
3.0040
3.2471
3.4795
3.2744
3.4258
3.3783
3.5739
3.5442
3.5558
3.4880
3.5944
3.7252
3.5894
3.4776
3.6108
3.4557
3.4381
3.5350
3.4011
3.5840
3.4759
3.5111
3.3816
3.4500
3.3091
3.1436
3.3419
3.3673
3.1838
3.1578
3.1762
3.3201
3.3198
3.4732
3.5639
3.4001
3.4170
3.3331
3.4555
3.5409
3.6317
3.4025
3.4985
3.6364
3.6298
3.6451
3.4716
3.5304
3.6073
3.6376
3.4590
3.4826
3.5773
3.4431
3.2795
3.5148
3.8379
3.5693
3.5337
3.3671
3.5801
3.8582
3.4649
3.8476
3.7158
3.7022
3.6475
3.8015
3.9728
3.5857
3.7775
3.6750
3.7395
3.5932
3.7154
3.7054
3.6253
3.5420
3.4524
3.2738
3.5039
3.5143
3.5454
3.7080
3.5980
3.6283
3.5086
3.7658
3.6134
3.5270
3.5349
3.7669
3.8277
3.6679
3.7077
3.5037
3.7127
3.5412
3.5874
3.7142
3.7245
3.1449
3.5848
3.4863
3.4039
3.3066
3.6353
3.4844
3.4566
3.5318
3.4880
3.6724
3.5619
3.4697
3.4758
3.4036
3.4772
3.4784
3.4366
3.3745
3.4514
3.5642
3.4491
3.4415
3.5256
3.5993
3.6437
3.4162
3.5712
3.2513
3.4232
3.0498
3.4084
3.1337
3.1413
3.2575
3.1858
3.0903
2.8038
3.2105
2.9660
3.1446
3.1678
3.3152
3.3349
3.1478
3.2850
3.3144
3.2953
3.3543
3.3905
3.4184
3.4168
3.4141
3.4262
3.3991
3.2584
3.3497
3.3408
3.4855
3.3599
3.5039
3.4665
3.4695
3.3832
3.4328
3.2855
3.4547
3.3208
3.4068
3.3342
3.3665
3.2869
3.4336
3.3906
3.5280
3.3804
3.3639
3.4387
3.5710
3.4255
3.4148
3.3199
3.2327
3.2527
3.2651
3.3201
3.4426
3.4312
3.3039
3.3136
3.1143
3.2792
3.2395
3.1572
3.1074
3.1956
3.3826
3.4457
3.3929
3.3455
3.3601
3.4238
3.3887
3.3519
3.4373
3.5681
3.2554
3.2035
3.2712
3.4753
3.4719
3.3619
3.3638
3.3897
3.4259
3.4174
3.3384
3.3748
3.2462
3.3156
3.3138
3.3209
3.3832
3.3653
3.2265
3.2788
3.2929
3.2024
3.2791
2.9989
3.1071
3.0894
3.2777
3.1156
3.1960
3.0593
3.1024
3.3684
3.4685
2.9685
3.0353
3.0723
3.3237
3.2852
3.2514
3.2961
3.1523
3.2483
3.2152
3.2558
3.2910
3.3791
3.2794
3.2007
3.3200
3.2684
2.9852
3.0954
3.0891
3.2496
3.1330
3.1697
3.2683
3.1452
3.0762
3.0391
3.2370
3.4338
3.5587
3.2869
3.1137
3.3021
3.5754
3.1213
3.4744
3.4111
3.5383
3.1128
3.2028
3.2083
3.3360
3.4754
3.3544
3.4773
3.6622
3.4411
3.4075
3.6073
3.5298
3.4473
3.7179
3.3811
3.5492
3.2094
3.3893
3.3380
3.2538
3.2889
3.2115
3.4359
3.3724
3.4869
3.3585
3.3828
3.3415
3.2522
3.2240
3.2884
3.1203
3.4044
3.4395
3.5447
3.4820
3.4047
3.4211
3.1287
3.1693
3.1642
3.3489
3.4066
3.3176
3.2114
3.0378
3.3546
3.3949
3.2011
3.3522
3.3151
3.2275
3.4101
3.3198
3.2911
3.3013
3.2882
3.1773
3.0726
3.1521
3.2104
3.0737
2.9875
3.0074
2.9266
2.9726
3.0801
3.0558
3.0327
3.2737
2.9725
3.1282
3.1910
3.0568
3.2230
3.0305
2.9904
2.9802
2.9239
3.0748
3.1065
3.2490
3.1215
3.2383
3.0175
3.0735
3.1716
3.2383
3.1770
3.1061
3.1092
3.3271
3.1000
3.2652
3.2181
3.1604
3.0180
3.1292
3.0482
2.9747
3.0180
3.1893
3.1522
2.9690
3.1453
3.1294
3.0883
3.1234
3.0740
3.1912
3.4477
3.2808
3.2824
3.3812
3.4724
3.2174
3.4132
3.2613
3.0192
3.0140
3.1029
3.0996
3.1730
3.0477
3.1288
3.4628
3.1690
3.2665
3.4144
3.1395
3.2161
3.3095
3.2298
3.1879
3.2378
3.1899
3.3588
3.3125
3.3546
3.3371
3.1250
3.1969
3.1569
3.4255
3.4398
3.2747
3.3543
3.1804
3.4410
3.3254
3.1540
3.4362
3.3353
3.2278
3.5028
3.3399
3.4019
3.2666
3.3017
3.3408
3.0543
3.3022
3.3118
3.4937
3.3338
3.4277
3.3199
3.5399
3.3781
3.4495
3.0095
3.0145
3.3160
3.2170
3.3522
3.1428
3.2877
3.2295
3.1753
3.3401
3.1357
3.3286
3.1817
3.1384
3.3122
3.0846
3.1887
3.0812
3.1040
2.9812
3.0381
3.0290
3.2334
3.1334
3.1541
3.0233
3.0852
3.1891
3.3939
3.2359
3.2656
3.3421
3.2686
3.2175
3.0540
3.2049
3.2136
2.8362
3.3818
3.2927
3.1520
3.0924
3.3074
3.0598
3.0706
3.1204
3.2618
3.2554
3.3318
3.2876
3.0643
3.1027
3.3030
3.1041
3.2176
3.1558
3.1981
3.2911
3.1398
3.1353
3.0859
3.0312
3.1014
3.2441
3.1657
3.1872
3.1854
3.2278
3.1939
3.0489
3.0600
3.0823
3.1861
3.2119
3.0942
3.1356
3.1829
3.1442
3.3465
3.3358
3.3235
3.1455
3.0128
3.2062
3.1584
3.0795
3.4649
3.0270
3.3574
3.2632
3.4097
3.2956
3.4576
3.4677
3.3433
3.3889
3.5008
3.4631
3.1912
3.3224
3.3237
3.6180
3.2766
3.3500
3.3466
3.4830
3.2852
3.1272
3.3430
3.5633
3.3674
3.5457
3.3515
3.2381
3.2041
3.2285
3.1721
3.1534
3.2530
3.4034
3.1679
3.1649
3.2798
3.1314
3.5326
3.3603
3.5962
3.3913
3.5277
3.4191
3.5599
3.5177
3.4965
3.3919
3.5957
3.7648
3.6132
3.7558
3.7016
3.4137
3.5563
3.5011
3.6805
3.6568
3.4062
3.4871
3.4705
3.5118
3.4225
3.2318
3.3013
3.5540
3.2514
3.4054
3.3814
3.3748
3.4047
3.3068
3.2449
3.3955
3.1688
3.0858
3.3733
3.5054
3.0855
3.2989
3.3867
3.3324
3.2855
3.1757
3.1653
3.2273
3.1629
3.2013
3.2894
3.0483
3.2665
3.4130
3.2353
3.1270
3.1596
3.2153
3.1954
3.2740
3.1702
3.3836
3.3618
3.0477
3.3277
3.1825
3.2045
3.1628
2.9298
3.1120
3.1012
3.2390
3.1496
3.1593
3.2670
3.1630
3.0326
3.2537
3.1791
3.0374
3.3504
3.4964
3.3928
3.3284
3.2406
3.3736
3.2864
3.1348
3.3287
3.3835
3.2184
3.3457
3.5235
3.3832
3.2411
3.3021
3.5554
3.4140
3.0712
3.2171
3.0863
3.3680
3.4522
3.3190
3.3063
3.6274
3.2231
3.3096
3.2102
3.1655
3.5910
3.4198
3.2288
3.2748
3.4488
3.3119
3.5370
3.3461
3.3398
3.2444
3.1860
3.2134
3.0661
3.1118
3.1224
3.2358
3.2466
3.1109
3.3470
3.4034
3.2013
3.2328
3.3525
3.2426
3.1161
3.0805
3.2718
3.1324
3.0203
3.4158
3.0416
3.1125
3.1934
3.4119
3.3489
3.2790
3.3072
3.3326
3.4065
3.3241
3.3979
3.3706
3.2499
3.2308
3.2825
3.2104
3.2224
3.5082
3.2392
3.2543
3.3114
3.2909
3.5688
3.4720
3.5011
3.3072
3.2826
3.5227
3.4229
3.3775
3.3599
3.2745
3.5496
3.2980
3.4000
3.2296
3.2849
3.1720
3.2969
3.2348
3.0622
3.0990
3.3003
3.3673
3.2172
3.3537
3.3020
3.3298
3.1462
3.2737
3.4391
3.2473
3.3518
3.5219
3.4158
3.4743
3.5998
3.2051
3.3630
3.3029
3.3201
3.3305
3.4151
3.3854
3.2932
3.2327
3.2544
3.2869
3.2512
3.2785
3.3529
3.4164
3.5704
3.6453
3.3109
3.4975
3.4445
3.3074
3.1465
3.1084
3.2659
3.1618
3.3415
3.3513
3.6166
3.3947
3.7801
3.6963
3.5344
3.5392
3.6119
3.2826
3.8255
3.6436
3.5108
3.5614
3.6913
3.6765
3.6069
3.5847
3.4437
3.4506
3.3844
3.1638
3.1924
3.4645
3.4289
3.3400
3.4826
3.5402
3.3383
3.4489
3.5230
3.4279
3.2847
3.2926
3.3087
3.0272
3.2819
2.9931
3.0052
3.5448
3.3492
3.5564
3.4807
3.0772
3.2183
3.1086
3.1160
3.2122
3.1358
3.0849
3.1777
2.9728
2.9543
2.9518
3.0275
3.2242
3.2370
3.3198
3.3400
3.4107
3.3203
3.3393
3.4442
3.4891
3.4052
3.2258
3.1486
3.1025
3.1684
3.3501
3.2653
3.2905
3.3041
3.4175
3.3879
3.4813
3.3319
3.3603
3.4068
3.4403
3.4022
3.5269
3.3792
3.3025
3.3110
3.4573
3.5696
3.4785
3.2024
3.3606
3.2677
3.3718
3.2633
3.2837
3.4482
3.3176
3.2543
3.3016
3.3755
3.2406
3.3232
3.5263
3.2832
3.4071
3.4392
3.5030
3.3558
3.3732
3.3614
3.3893
3.3944
3.3618
3.3719
3.3565
3.5074
3.1864
3.2193
3.2207
3.0217
3.3835
3.4125
3.2735
3.3252
3.2999
3.5891
3.4329
3.4513
3.4542
3.5625
3.3982
3.3958
3.7365
3.3081
3.4797
3.4122
3.4526
3.3857
3.3971
3.4197
3.4392
3.2745
3.4142
3.5096
3.4586
3.3902
3.5696
3.6170
3.5228
3.4127
3.5053
3.5670
3.4233
3.6818
3.5443
3.5281
3.3898
3.2865
3.4053
3.5230
3.1013
3.3410
3.4141
3.3400
3.3208
3.2743
3.3763
3.4571
3.3049
3.0146
3.2687
3.4416
3.1776
3.3665
3.1461
3.1775
3.0748
3.2423
3.1862
3.2016
3.3914
3.3200
3.4585
3.0407
3.2827
3.4679
3.1952
3.1229
3.3425
3.4724
3.4367
3.2708
3.0517
3.1357
3.2979
3.1137
3.3100
3.2755
3.1912
3.2821
3.0395
3.3080
3.2038
3.1706
3.1533
3.3400
3.1142
3.1657
3.0210
3.3212
3.3758
3.1365
3.3859
3.2437
3.3391
3.0127
3.2309
3.0650
3.1823
3.1383
3.3472
3.2847
3.0026
3.1032
3.3606
3.3466
3.1088
3.4403
3.2313
3.0186
3.1990
3.2941
3.1363
3.3338
3.0594
3.2196
3.1549
3.1030
3.1536
3.2810
3.4594
3.4797
3.3746
3.4212
3.4126
3.3950
3.3850
3.3197
3.4808
3.2858
3.3577
3.5837
3.1101
3.1883
3.1606
3.0413
3.3278
3.1532
3.2889
3.2162
3.2954
3.2915
3.1635
3.1266
3.2636
3.3900
3.6810
3.2828
3.3146
3.4705
3.2742
3.5509
3.5899
3.5543
3.5279
3.4737
3.3659
3.3231
3.3334
3.4565
3.4127
3.5934
3.5805
3.5582
3.4370
3.5249
3.3977
3.4946
3.5729
3.4260
3.5259
3.6322
3.6474
3.5546
3.5186
3.6839
3.5032
3.6993
3.4716
3.4273
3.4058
3.4474
3.3250
3.6132
3.4231
3.3568
3.4205
3.6617
3.8265
3.5834
3.5299
3.3544
3.5489
3.5458
3.5024
3.6059
3.6662
3.5240
3.7034
3.4361
3.3153
3.4345
3.6090
3.5486
3.4455
3.5393
3.5756
3.4842
3.3652
3.6006
3.4563
3.3228
3.7991
3.5231
3.5471
3.2655
3.3931
3.1403
3.2632
3.4285
3.2911
3.1194
3.2909
3.3407
3.2651
3.2717
3.4274
3.4201
3.5251
3.2995
3.2968
3.3271
3.1833
3.3421
3.1634
3.3584
3.1925
3.3109
3.2523
3.3730
3.2476
3.1476
3.3854
3.4223
3.3322
3.5373
3.5595
3.2994
3.2282
3.2828
3.5058
3.1824
3.3887
3.2828
3.3341
3.3974
3.4268
3.2985
3.2539
3.3377
3.5633
3.4939
3.4857
3.5342
3.2953
3.3037
3.4569
3.2868
3.5360
3.3445
3.3554
3.5589
3.4869
3.5306
3.4698
3.4577
3.2729
3.4202
3.4968
3.3491
3.4577
3.3833
2.9443
3.5992
3.5991
3.3357
3.5352
3.4516
3.5959
3.4372
3.4810
3.4326
3.6490
3.5979
3.5558
3.6454
3.2746
3.2237
3.6028
3.3740
3.5866
3.4487
3.5680
3.7730
3.5786
3.7859
3.4714
3.9648
3.6862
3.1961
3.1675
3.3224
2.9622
3.0675
3.0793
3.3000
3.3344
3.4058
3.3830
3.3415
3.3651
3.3708
3.0839
3.3128
3.2530
3.1626
3.1279
3.3143
3.4408
3.2962
3.2650
3.1869
3.0734
3.2887
3.5790
3.5937
3.5849
3.4189
3.4437
3.5742
3.4308
3.5926
3.5682
3.2929
3.2923
3.5253
3.4546
3.3755
3.3801
3.4257
3.2927
3.2898
3.4239
3.3262
3.5538
3.7720
3.4644
3.3365
3.5604
3.4449
3.3988
3.3035
3.2334
3.5823
3.3257
3.2106
3.2551
3.2909
3.1788
3.4686
3.4100
3.2771
3.3849
3.5589
3.6286
3.3975
3.3844
3.2339
3.4669
3.3035
3.2102
3.2164
3.2973
3.2469
3.5204
3.4087
3.2255
3.1029
3.4313
3.3717
3.4872
3.2009
3.2098
3.3758
3.5640
3.2115
3.2853
3.3687
3.5052
3.4575
3.3473
3.3008
3.3704
3.4448
3.5246
3.3192
3.3934
3.1838
3.5585
3.3965
3.5023
3.3245
3.5106
3.4964
3.5019
3.5571
3.5175
3.4528
3.5177
3.2926
3.1889
3.2898
3.4791
3.3157
3.5346
3.5280
3.4902
3.2986
3.3684
3.4438
3.2915
3.3869
3.4275
3.2336
3.2923
3.4654
3.2576
3.2248
3.3182
3.4892
3.3098
3.1771
3.0492
2.9499
3.2239
3.3707
3.4137
3.2587
3.2595
3.1824
3.3342
3.4951
3.3022
3.3800
3.3976
3.1367
3.4099
3.3471
3.4385
3.2940
3.4092
3.2235
3.0454
3.5098
3.5043
3.1491
3.3739
3.5202
3.5828
3.3853
3.2894
3.3305
3.4405
3.4001
3.4070
3.4664
3.5058
3.5667
3.5027
3.6214
3.5798
3.3603
3.2176
3.4292
3.2201
3.3808
3.2779
3.1123
3.3086
3.1161
3.3725
3.2845
3.3201
3.3477
3.3392
3.4358
3.4229
3.1723
3.3271
3.3534
3.2305
3.1801
3.3925
3.4272
3.3266
3.5141
3.4026
3.4649
3.3308
3.5639
3.4546
3.3671
3.3621
3.3910
3.3959
3.4277
3.4243
3.4135
3.3040
3.6122
3.5306
3.6968
3.2421
3.3658
3.6736
3.6832
3.5629
3.6653
3.5954
3.2384
3.4022
3.4929
3.4360
3.3519
3.2656
3.5149
3.3880
3.4517
3.7837
3.5339
3.5450
3.5406
3.6456
3.5417
3.7225
3.5450
3.5523
3.5028
3.5038
3.3909
3.2863
3.4181
3.3445
3.4398
3.5457
3.5662
3.3051
3.4439
3.4108
3.1415
3.1841
3.2896
3.3364
3.5886
3.4244
3.3208
3.3161
3.1432
3.5801
3.4437
3.4668
3.2808
3.2868
3.5934
3.3888
3.3734
3.5162
3.5971
3.4553
3.3847
3.4068
3.4546
3.3901
3.5521
3.4396
3.3204
3.4828
3.4271
3.5097
3.5400
3.4592
3.6430
3.2918
3.4812
3.3950
3.4649
3.3787
3.3662
3.3558
3.5487
3.4727
3.3288
3.4914
3.5469
3.5251
3.5348
3.4226
3.5591
3.3804
3.1788
3.0665
3.2405
3.2250
3.2383
3.4739
3.8247
3.5229
3.3270
3.5461
3.5643
3.4983
3.2562
3.5113
3.3737
3.4202
3.6807
3.2793
3.5203
3.5394
3.5438
3.5609
3.6987
3.5853
3.3775
3.3290
3.5439
3.3753
3.5529
3.6967
3.4562
3.5292
3.4522
3.3716
3.4994
3.5086
3.6012
3.4706
3.5623
3.4826
3.5492
3.5664
3.4056
3.4934
3.3956
3.5110
3.5829
3.4794
3.5415
3.4370
3.5737
3.6912
3.6505
3.4052
3.5441
3.3830
3.4708
3.4191
3.4426
3.4738
3.4335
3.3513
3.4113
3.1863
3.4841
3.3671
3.3398
3.2142
3.1821
3.1899
3.3084
3.3338
3.1167
3.4532
3.2992
3.2939
3.2695
3.4677
3.4004
3.3336
3.3044
3.4123
3.0090
3.1682
3.2729
3.2836
3.5776
3.5515
3.3012
3.4244
3.6985
3.4376
3.4655
3.4742
3.3947
3.3229
3.3864
3.6753
3.4600
3.3855
3.1958
3.4033
3.2953
3.1601
3.2686
3.3530
3.3170
3.2399
3.2693
3.2164
3.3363
3.3664
3.2444
3.0951
3.3127
3.2661
3.3018
3.2189
3.0763
3.2046
3.2856
3.1837
2.9747
3.0333
3.2688
3.2334
3.0805
3.1805
3.1160
3.2037
3.0270
3.2095
3.3092
3.4486
3.3651
3.5105
3.3462
3.0994
3.1004
3.1968
3.4002
3.1848
3.2214
3.3105
3.2704
3.1285
3.1947
3.3396
2.9475
3.1724
2.8983
3.3983
3.1757
3.0785
3.0589
3.3802
3.1076
3.2629
3.3695
3.1536
3.1836
3.4168
3.4108
3.0420
3.1174
3.1095
3.3676
3.1454
3.1357
3.3460
3.3083
3.5141
3.3953
3.5800
3.2825
3.0833
3.1599
3.3474
3.3000
3.3977
3.5381
3.4394
3.4451
3.4266
3.5150
3.6124
3.5631
3.6009
3.4430
3.4681
3.6713
3.6486
3.3580
3.1473
3.2114
3.2630
3.0433
3.3932
3.2996
3.3510
3.4730
3.4092
3.3908
3.3670
3.4031
3.3708
3.2853
3.4179
3.2731
3.4407
3.5235
3.4198
3.1882
3.3590
3.1947
3.3657
3.4745
3.5002
3.4853
3.4290
3.1840
3.3632
3.5144
3.4017
3.3284
3.4542
3.4278
3.4605
3.4571
3.5479
3.3353
3.5666
3.9127
3.6501
3.7080
3.9112
3.5338
3.5224
3.6832
3.6030
3.5164
3.5240
3.9334
3.5778
3.6327
3.2695
3.4115
3.5124
3.2300
3.2472
3.3750
3.2163
3.4483
3.3827
3.4470
3.5864
3.4849
3.4100
3.4255
3.6430
3.4676
3.6633
3.6906
3.5537
3.5316
3.6322
3.5332
3.7360
3.5056
3.3660
3.5216
3.4313
3.3125
3.3439
3.4562
3.4659
3.2280
3.1720
3.2929
3.4049
3.4999
3.4420
3.3744
3.5423
3.5287
3.4837
3.5490
3.3087
3.4035
3.2793
3.6475
3.5150
3.3968
3.4655
3.3899
3.4694
3.5469
3.6701
3.8612
3.5239
3.3537
3.2770
3.5337
3.3977
3.3340
3.3640
3.3381
3.2358
3.3058
3.4009
3.5429
3.6574
3.3756
3.4507
3.5075
3.4273
3.2031
3.2306
3.3537
3.4287
3.3661
3.4213
3.3950
3.5188
3.3278
3.3761
3.2705
3.3361
3.3755
3.4250
3.4289
3.6229
3.4813
3.5389
3.5464
3.4771
3.4864
3.3109
3.4532
3.5270
3.6030
3.5211
3.4081
3.3480
3.6134
3.3625
3.4533
3.2495
3.4525
3.5363
3.5771
3.5793
3.4497
3.3757
3.2615
3.5854
3.7278
3.7605
3.8708
3.8987
3.6809
3.8154
3.6400
3.5180
3.3545
3.6525
3.5555
3.5741
3.7499
3.2860
3.6758
3.6266
3.7858
3.5817
3.5524
3.4382
3.5847
3.6669
3.4433
3.4870
3.4652
3.5444
3.4116
3.5628
3.5206
3.5675
3.4438
3.5094
3.4766
3.3730
3.5437
3.2580
3.3111
3.2689
3.2443
3.2807
3.3169
3.6073
3.5418
3.5741
3.4991
3.4968
3.3986
3.4748
3.6315
3.6509
3.5769
3.5233
3.5433
3.5727
3.4733
3.5373
3.3556
3.4272
3.4677
3.2803
3.3964
3.5365
3.4865
3.6321
3.5109
3.6111
3.6521
3.6382
3.4774
3.6190
3.4760
3.5561
3.4965
3.5160
3.5248
3.2526
3.3170
3.4240
3.4497
3.4828
3.2235
3.3299
3.4113
3.4896
3.3143
3.3068
3.4042
3.3118
3.2836
3.4629
3.2520
3.4007
3.4268
3.3575
3.5334
3.2681
3.0783
3.3719
3.4153
3.5066
3.5796
3.4868
3.5962
3.7017
3.4908
3.7252
3.5080
3.4635
3.5091
3.4155
3.4628
3.3370
3.3912
3.3211
3.5048
3.6672
3.5636
3.5066
3.2985
3.7579
3.4269
3.4502
3.4060
3.5609
3.3310
3.4314
3.4171
3.2544
3.0788
3.3853
3.3275
3.1148
3.3826
3.3990
3.4274
3.4889
3.2901
3.2769
3.3732
3.2394
3.2144
3.4345
3.3662
3.3211
3.3448
3.3815
3.6211
3.4126
3.3418
3.6339
3.5079
3.4741
3.4700
3.5394
3.3771
3.4743
3.3576
3.5047
3.4249
3.4208
3.3693
3.5349
3.4179
3.3295
3.2389
3.2950
3.3593
3.2863
3.3931
3.2764
3.2346
3.0799
3.1947
3.2085
3.2400
3.1213
3.3514
3.3253
3.3042
3.4126
3.3325
3.4683
3.5174
3.2356
3.1141
3.3220
3.1336
3.1824
3.3011
3.1657
3.1028
3.0597
3.1640
3.3169
3.3088
3.2467
3.2102
3.2918
3.3463
3.1372
3.3440
3.3117
3.3121
3.4481
3.5446
3.1876
3.3881
3.3683
3.2769
3.3762
3.2191
3.3884
3.4492
3.3737
3.5278
3.3153
3.1238
3.2878
3.2837
3.1110
3.2894
3.5375
3.4629
3.5140
3.4208
3.3550
3.6196
3.5366
3.4150
3.6128
3.5524
3.3803
3.4693
3.3933
3.4929
3.3455
3.4114
3.4712
3.4878
3.4539
3.4472
3.2487
3.2990
3.3287
3.3005
3.2454
3.4673
3.4210
3.6269
3.4511
3.3388
3.3398
3.3246
3.2667
3.2186
3.2903
3.1687
3.1344
3.1398
3.1521
3.3785
3.3314
3.4551
3.3327
3.3251
3.2523
3.2182
3.1284
3.3247
3.1255
3.1851
3.2169
3.3523
3.2716
3.1410
3.1848
3.1303
3.4280
3.3119
3.2701
3.3026
3.2548
3.2284
3.1668
3.3987
3.1650
3.2821
3.3998
3.0205
3.0680
3.3872
3.1231
3.3320
3.2128
3.3379
3.2945
3.3120
3.2548
3.0703
3.1590
3.2413
3.1702
3.3193
3.3708
3.5062
3.3596
3.3346
3.5162
3.2527
3.1893
3.2348
3.0752
3.3772
3.3708
3.5851
3.5397
3.5664
3.7318
3.6320
3.4646
3.4375
3.4029
3.4809
3.5152
3.4644
3.2840
3.2910
3.1700
3.3340
3.3279
3.2125
3.1869
3.0772
3.2283
3.6775
3.3845
3.4759
3.3966
3.5680
3.3502
3.4819
3.4745
3.6342
3.5643
3.6889
3.7648
3.5064
3.4316
3.6693
3.4976
3.4351
3.4185
3.6926
3.5648
3.6101
3.7170
3.6029
3.8042
3.7544
3.6965
3.8059
3.3914
3.4234
3.4642
3.4867
3.3252
3.3655
3.3896
3.2527
3.7888
3.3243
3.4460
3.3955
3.3733
3.4433
3.6086
3.4693
3.2947
3.5404
3.1676
3.6074
3.4049
3.3698
3.5221
3.5513
3.5956
3.6392
3.5031
3.2560
3.5614
3.6149
3.3722
3.3642
3.4966
3.4715
3.3421
3.4495
3.3315
3.5014
3.4562
3.6795
3.4314
3.5670
3.2622
3.2784
3.3958
3.6034
3.6945
3.2103
3.4014
3.4943
3.3606
3.3770
3.5931
3.3111
3.4280
3.5804
3.4595
3.4951
3.3087
3.4614
3.5089
3.2887
3.5553
3.2325
3.3375
3.4462
3.5310
3.3502
3.4144
3.3635
3.4493
3.3126
3.6161
3.3816
3.4994
3.5445
3.4897
3.6683
3.3874
3.5838
3.6298
3.6752
3.6734
3.5857
3.6622
3.6326
3.9486
3.4733
3.5748
3.4473
3.5364
3.5513
3.5334
3.5329
3.7070
3.5949
3.6211
3.6030
3.5189
3.3875
3.4566
3.6434
3.5291
3.5853
3.6257
3.3532
3.4391
3.6691
3.4561
3.4823
3.5936
3.5027
3.6009
3.7525
3.6554
3.6599
3.7608
3.7399
3.9157
3.7747
3.7148
3.9453
3.5192
3.6100
3.7868
3.6665
3.7543
3.5835
3.6347
3.7941
3.4348
3.6674
3.5873
3.5647
3.5558
3.6105
3.5733
3.4636
3.5396
3.7572
3.7594
3.5288
3.5509
3.6619
3.6875
3.3604
3.2028
3.3909
3.3655
3.3310
3.3221
3.4518
3.3266
3.5405
3.6201
3.2849
3.4056
3.3256
3.3159
3.3761
3.3814
3.4032
3.4106
3.5240
3.3528
3.4566
3.4815
3.3610
3.4456
3.2109
3.3428
3.3222
3.3317
3.6065
3.4168
3.5331
3.3990
3.4085
3.3256
3.2868
3.3616
3.2682
3.3634
3.4389
3.5465
3.4784
3.4491
3.6003
3.8069
3.7170
3.5826
3.4669
3.5618
3.5899
3.5369
3.6315
3.4241
3.3061
3.3092
3.3771
3.2894
3.1613
3.2694
3.3297
3.2877
3.3415
3.5100
3.3163
3.4616
3.2940
3.3612
3.3305
3.5582
3.7201
3.8317
3.3688
3.3497
3.5161
3.3069
3.4227
3.5153
3.4642
3.2150
3.2433
3.2531
3.2239
3.3176
3.2994
3.4349
3.5061
3.2978
3.3785
3.3012
3.2996
3.4688
3.4269
3.4060
3.4664
3.4167
3.6224
3.6192
3.5185
3.6600
3.6514
3.9176
3.7574
4.1258
3.5779
3.5701
3.7124
3.7356
3.6230
3.6810
3.3696
3.4860
3.5557
3.3941
3.3913
3.6228
3.4484
3.3633
3.6572
3.6072
3.6153
3.6398
3.6755
3.7057
3.3850
3.4083
3.6367
3.5629
3.3409
3.4787
3.6812
3.5101
3.7631
3.4319
3.3649
3.6217
3.6312
3.4904
3.7964
3.6588
3.7442
3.5268
3.5372
3.3996
3.6000
3.3737
3.2557
3.6151
3.3821
3.5397
3.4888
3.2609
3.5035
3.4690
3.4871
3.5227
3.4999
3.2451
3.3452
3.4915
3.5882
3.5460
3.3621
3.4174
3.4799
3.5438
3.3810
3.3549
3.4975
3.5917
3.3716
3.5759
3.4904
3.6007
3.4077
3.3727
3.5030
3.6357
3.6173
3.4496
3.2209
3.2707
3.5918
3.3767
3.2331
3.1581
2.9705
3.1765
3.1779
3.2832
3.1507
3.2302
3.2477
3.1420
3.1625
3.2000
3.2031
3.2881
3.5337
3.2549
3.2170
3.2571
3.1961
3.1000
3.3293
3.2814
3.2298
3.0260
3.2914
3.1825
3.4369
3.4294
3.1615
3.1918
3.2488
3.6549
3.4228
3.3567
3.4189
3.3106
3.1512
3.5090
3.3741
3.5008
3.2336
3.3546
3.3422
3.2486
3.2005
3.2702
3.3814
3.4586
3.3624
3.2580
3.2825
3.0717
3.3543
3.3657
3.3551
3.6626
3.4949
3.4100
3.4295
3.3787
3.2997
3.2801
3.4452
3.3451
3.4516
3.2598
3.4141
3.4328
3.3540
3.1779
3.4124
3.5130
3.5725
3.4703
3.4699
3.3783
3.3073
3.3461
3.5344
3.4249
3.5685
3.2190
3.3194
3.5389
3.4671
3.3553
3.4081
3.5784
3.4166
3.6044
3.4671
3.4003
3.5645
3.6410
3.5389
3.5240
3.4106
3.3486
3.3651
3.5322
3.4487
3.6009
3.6247
3.5762
3.5242
3.6267
3.5745
3.7290
3.5329
3.7153
3.6927
3.5268
3.6365
3.7566
3.4265
3.4156
3.4330
3.6163
3.4208
3.2802
3.2268
3.3007
3.4333
3.4845
3.4015
3.4911
3.4785
3.3521
3.3779
3.3615
3.2570
3.3591
3.5221
3.3587
3.2770
3.2151
3.1919
3.4287
3.4730
3.4097
3.3378
3.1949
3.1652
3.4261
3.3465
3.1891
3.3540
3.5286
3.2370
3.3453
3.5421
3.4756
3.3433
3.3935
3.3741
3.1688
3.2531
3.0549
3.3396
3.1893
3.4963
3.4169
3.3766
3.2905
3.1584
3.3499
3.3085
3.5061
3.3276
3.7196
3.6225
3.5485
3.6631
3.2737
3.4975
3.5007
3.4406
3.5475
3.3811
3.5183
3.5473
3.8075
3.5910
3.5141
3.5093
3.3049
3.4165
3.3187
3.3012
3.3514
3.6581
3.3400
3.1859
3.2011
3.2404
3.3981
3.0850
3.0282
3.0598
3.2156
3.2284
2.8358
3.0457
3.1337
2.9886
3.2357
3.1503
3.3381
3.2037
3.1391
3.2107
3.4366
3.4361
3.3131
3.6339
3.3810
3.4783
3.4545
3.4767
3.4415
3.3540
3.4024
3.3101
3.3421
3.2543
3.2250
3.4404
3.3682
3.2223
3.4079
3.4866
3.5876
3.5889
3.2970
3.2994
3.5058
3.4244
3.3416
3.4132
3.3867
3.5005
3.3482
3.3834
3.5356
3.5423
3.5716
3.3947
3.5195
3.2592
3.2484
3.2834
3.2525
3.3070
3.3412
3.3539
3.1729
3.3291
3.2343
3.5465
3.3294
3.5103
3.4412
3.4858
3.3292
3.4545
3.6185
3.5929
3.6084
3.5090
3.4001
3.5709
3.3107
3.3455
3.1372
3.5594
3.2402
3.3774
3.4551
3.5069
3.3297
3.3257
3.4416
3.3587
3.3107
3.3531
3.6246
3.4403
3.6010
3.3375
3.3946
3.4286
3.4018
3.4374
3.3345
3.5119
3.3461
3.2187
3.2873
3.4163
3.5036
3.4540
3.4344
3.5204
3.3606
3.7406
3.3846
3.3866
3.4319
3.7521
3.4637
3.6116
3.5895
3.4335
3.5250
3.3499
3.3712
3.4513
3.6885
3.5610
3.4153
3.5559
3.7003
3.5143
3.4425
3.6905
3.5661
3.4217
3.3329
3.3243
3.3191
3.3847
3.3822
3.5167
3.2760
3.3809
3.3829
3.3953
3.4414
3.5906
3.7603
3.5769
3.5099
3.3678
3.6129
3.5245
3.5742
3.4826
3.4247
3.3834
3.6913
3.2948
3.5448
3.8920
3.6402
3.4904
3.6737
3.4368
3.5776
3.5160
3.5278
3.8190
3.4574
3.3762
3.4958
3.3297
3.4109
3.3520
3.3562
3.6949
3.5340
3.6138
3.2996
3.4771
3.5978
3.4495
3.7325
3.6916
3.5964
3.4327
3.5625
3.7419
3.8124
3.8053
3.6958
3.5910
3.5373
3.3958
3.5672
3.5963
3.5010
3.5227
3.3705
3.4693
3.6569
3.6081
3.6310
3.6301
3.6514
3.6384
3.5566
3.7633
3.6255
3.5734
3.4902
3.2870
3.5449
3.4158
3.3496
3.6002
3.6668
3.6264
3.5025
3.4375
3.4994
3.6090
3.5201
3.4580
3.3623
3.5799
3.7325
3.6301
3.6583
3.4907
3.6268
3.4963
3.4931
3.2784
3.4597
3.3326
3.4368
3.5279
3.4573
3.2042
3.4296
3.4792
3.3879
3.2216
3.4709
3.4056
3.3942
3.5108
3.6131
3.5429
3.5166
3.4404
3.6717
3.5261
3.7084
3.4583
3.3023
3.2915
3.4538
3.2587
3.4438
3.2077
3.4209
3.4174
3.4730
3.7467
3.4613
3.5578
3.6779
3.4286
3.4983
3.4776
3.3947
3.6798
3.6865
3.5483
3.4104
3.5420
3.5993
3.4487
3.5270
3.3390
3.6196
3.5055
3.5161
3.6390
3.5085
3.5272
3.7542
3.5188
3.6073
3.4886
3.4399
3.6304
3.5379
3.5714
3.5736
3.3459
3.3738
3.6637
3.6511
3.5831
3.6008
3.7658
3.5649
3.5840
3.4158
3.4165
3.4794
3.4421
3.4994
3.4669
3.5983
3.4620
3.5028
3.5257
3.6507
3.4964
3.5940
3.5279
3.6686
3.4091
3.6100
3.6123
3.6903
3.5675
3.4432
3.7314
3.6921
3.5074
3.6064
3.4893
3.4880
3.5179
3.5810
3.6946
3.6720
3.6491
3.8009
3.8802
3.7139
3.7391
3.6336
3.6337
3.6392
3.8667
3.5312
3.6147
3.7743
3.4386
3.7272
3.6007
3.8285
3.6860
3.7869
3.8038
3.7607
3.7510
3.8590
3.6430
3.6678
3.6950
3.5467
3.6590
3.5119
3.4053
3.4847
3.4172
3.4141
3.5966
3.4639
3.6662
3.5971
3.6391
3.4017
3.5699
3.5802
3.6466
3.5956
3.6483
3.3781
3.5736
3.6273
3.4550
3.7564
3.5689
3.5514
3.3781
3.4787
3.3115
3.2436
3.6064
3.4645
3.3642
3.1889
3.3937
3.3522
3.4551
3.3962
3.6055
3.4899
3.4135
3.3557
3.4855
3.4218
3.3232
3.5949
3.5164
3.5597
3.4146
3.5511
3.4728
3.3973
3.4703
3.5028
3.6160
3.4725
3.4343
3.3879
3.2530
3.3120
3.3445
3.3519
3.3109
3.4381
3.5560
3.4807
3.6549
3.5521
3.7295
3.7884
3.7355
3.7353
3.4961
3.5884
3.5277
3.6325
3.7465
3.6754
3.7537
3.6286
3.7413
3.4639
3.7255
3.7801
3.7393
3.5760
3.6188
3.6783
3.5672
3.7738
3.6443
3.6217
3.7261
3.8200
3.8181
3.4793
3.3051
3.4497
3.5029
3.5714
3.5371
3.5254
3.3006
3.4822
3.5650
3.6079
3.6374
3.7539
3.7977
3.5242
3.6168
3.7633
3.5929
3.6044
3.5718
3.4377
3.4958
3.5847
3.6709
3.5485
3.5306
3.5830
3.8321
3.8061
3.5026
3.5723
3.5030
3.6013
3.5023
3.5648
3.6306
3.5545
3.5046
3.6039
3.7213
3.6315
3.5369
3.5289
3.4973
3.5583
3.4823
3.6776
3.6641
3.7394
3.5847
3.7504
3.6167
3.8360
3.6316
3.7345
3.5415
3.4877
3.4411
3.3785
3.4802
3.6466
3.2791
3.6124
3.3849
3.1223
3.4693
3.4315
3.5739
3.4037
3.4146
3.5092
3.4688
3.5901
3.8161
3.6770
3.5926
3.5316
3.6447
3.5104
3.4786
3.4329
3.7143
3.4606
3.6460
3.6882
3.4247
3.7226
3.6911
3.7476
3.7868
3.7348
3.4263
3.6773
3.5939
3.7139
3.5877
3.7675
3.5495
3.3692
3.5563
3.3721
3.5958
3.2849
3.5458
3.3086
3.5193
3.4540
3.6626
3.5983
3.6330
3.6632
3.3046
3.4678
3.6472
3.6323
3.6593
3.3894
3.3734
3.6081
3.3050
3.5663
3.4317
3.4725
3.2010
3.3973
3.3791
3.5289
3.5917
3.5458
3.3908
3.5479
3.5116
3.5158
3.3667
3.3945
3.6812
3.5457
3.5899
3.4183
3.4224
3.3278
3.6514
3.4756
3.3452
3.1699
3.5120
3.4014
3.4141
3.5952
3.7710
3.5331
3.5269
3.7318
3.1409
3.5290
3.3372
3.4438
3.5482
3.4808
3.4031
3.5505
3.5691
3.3497
3.6216
3.4511
3.5156
3.5228
3.2233
3.2509
3.3509
3.3826
3.4261
3.4501
3.5508
3.7798
3.5090
3.4898
3.5081
3.5605
3.4652
3.7387
3.8303
3.7866
3.4717
3.6670
3.6123
3.7441
3.4474
3.5411
3.7187
3.6973
3.5938
3.6134
3.5866
3.3813
3.5030
3.4871
3.5750
3.4589
3.5883
3.3099
3.4006
3.4297
3.6437
3.5301
3.4992
3.6482
3.8503
3.6623
3.6022
3.5837
3.4804
3.4040
3.5449
3.5868
3.5840
3.6040
3.5733
3.9314
3.6864
3.6800
3.6614
3.6501
3.6643
3.6515
3.6321
3.7214
3.5235
3.5040
3.5672
3.4747
3.7573
3.7109
3.7694
3.5784
3.5904
3.5242
3.4415
3.7739
3.6623
3.6056
3.7727
3.5066
3.5681
3.5507
3.6887
3.6596
3.6748
3.4470
3.8557
3.8410
3.4933
3.6185
3.5586
3.8808
3.8771
3.7673
3.6672
3.5076
3.5789
3.4433
3.5859
3.3665
3.3840
3.4792
3.3683
3.2737
3.6145
3.5475
3.7036
3.4325
3.5409
3.8174
3.7388
3.8203
3.7252
3.6294
3.6973
3.6161
3.7043
3.5622
3.4757
3.4865
3.6450
3.6059
3.7909
3.6830
3.5967
3.4067
3.5349
3.5721
3.6366
3.4883
3.5511
3.5090
3.3038
3.5394
3.3742
3.4306
3.5325
3.4169
3.2975
3.4522
3.6162
3.4805
3.4575
3.6817
3.3447
3.5590
3.6133
3.8211
3.8280
3.6109
3.6990
3.6199
3.5295
3.3794
3.6696
3.4742
3.8850
3.9136
3.7449
3.8768
3.6386
3.7032
3.7568
3.7161
3.7639
3.8320
3.9135
3.9473
3.6591
3.5629
3.7863
3.5009
3.4729
3.5967
3.5131
3.5489
3.6873
3.8684
3.7947
3.9600
3.7642
3.9019
3.6451
3.5966
3.2760
3.3912
3.5597
3.4453
3.4026
3.4551
3.4933
3.4510
3.4374
3.6436
3.5402
3.6273
3.6488
3.4728
3.5329
3.2260
3.3678
3.2255
3.6624
3.3577
3.6595
3.3258
3.3585
3.4979
3.4604
3.5742
3.3486
3.5557
3.5564
3.7012
3.5729
3.6247
3.7822
3.4848
3.4849
3.3887
3.3487
3.5026
3.4300
3.8527
3.5367
3.7168
3.8402
3.8318
3.7627
3.7311
3.4994
3.5478
3.1946
3.3826
3.6762
3.5765
3.2695
3.4052
3.5072
3.3028
3.4432
3.4019
3.5410
3.4732
3.5577
3.6471
3.4732
3.3154
3.4785
3.3956
3.2195
3.5095
3.3821
3.4811
3.4378
3.5237
3.6742
3.5109
3.6080
3.3843
3.6027
3.3624
3.5837
3.5443
3.4882
3.5208
3.4427
3.4936
3.3684
3.4741
3.4149
3.5166
3.4222
3.5952
3.6380
3.6784
3.2172
3.4367
3.2930
3.2196
3.4512
3.4509
3.6263
3.5440
3.6409
3.6494
3.5119
3.4927
3.6457
3.7618
3.6379
3.6389
3.6656
3.5142
3.7753
3.7717
3.6903
3.7103
3.6296
3.5126
3.5297
3.6710
3.6054
3.6801
3.7370
3.6719
3.6479
3.6015
3.6552
3.5425
3.2881
3.5817
3.3693
3.4757
3.6289
3.4162
3.5647
3.3290
3.5860
3.6558
3.5230
3.8001
3.5498
3.5079
3.5615
3.5242
3.5039
3.4442
3.4238
3.4531
3.2756
3.5451
3.3902
3.4933
3.4551
3.7080
3.4238
3.5195
3.6471
3.7934
3.6277
3.7520
3.6404
3.6488
3.6586
3.6602
3.5443
3.6941
3.7879
3.8205
3.7361
3.9342
3.5706
3.6635
3.5115
3.6440
3.4975
3.5012
3.5216
3.5136
3.3479
3.5739
3.6656
3.5091
3.5297
3.8352
3.3896
3.6950
3.6795
3.7605
3.7361
3.6021
3.6471
3.4563
3.6937
3.5400
3.4085
3.3006
3.2933
3.4723
3.3039
3.3442
3.4196
3.5721
3.4143
3.6336
3.3128
3.2636
3.5120
3.4488
3.4512
3.3622
3.4730
3.4888
3.5173
3.4703
3.5583
3.3466
3.6330
3.3369
3.4921
3.6498
3.7478
3.5116
3.5547
3.4633
3.3724
3.4875
3.3011
3.4910
3.4944
3.2710
3.2612
3.2462
3.3747
3.2277
3.3064
3.5257
3.5144
3.4603
3.4266
3.5321
3.4010
3.4982
3.4350
3.2834
3.5990
3.5693
3.2876
3.5142
3.2391
3.3464
3.5094
3.3924
3.4219
3.4593
3.6081
3.6120
3.4182
3.1817
3.3734
3.6113
3.5336
3.5904
3.5946
3.4332
3.5912
3.4463
3.8051
3.5131
3.5093
3.7449
3.4116
3.2222
3.3516
3.2594
3.4540
3.5112
3.7476
4.0184
3.5320
3.5591
3.6127
3.7101
3.4269
3.5287
3.2769
3.4929
3.6429
3.7112
3.5195
3.5526
3.6095
3.5459
3.4364
3.5009
3.3543
3.3104
3.6403
3.4104
3.5939
3.6161
3.3813
3.2975
3.4594
3.3870
3.3050
3.6001
3.4248
3.3472
3.2873
3.5609
3.1946
3.1343
3.3004
3.2379
3.3751
3.2715
3.4180
3.3464
3.2347
3.3103
3.4166
3.3452
3.6943
3.5889
3.6096
3.3201
3.5357
3.5388
3.4907
3.3045
3.4979
3.5447
3.5167
3.6357
3.7088
3.6458
3.5031
3.3682
3.5636
3.6783
3.5405
3.7300
3.5469
3.2510
3.6620
3.5541
3.4086
3.6584
3.6850
3.5484
3.5305
3.6610
3.5263
3.2265
3.0782
2.9731
3.1221
3.3755
3.5096
3.5484
3.3597
3.3934
3.6725
3.6114
3.5905
3.4258
3.3341
3.4466
3.3490
3.4530
3.1908
3.3347
3.4298
3.4238
3.4113
3.4291
3.3718
3.1627
3.5090
3.6346
3.5272
3.5234
3.5677
3.3683
3.4115
3.3706
3.5851
3.6936
3.6089
3.4097
3.4772
3.4500
3.5965
3.4450
3.3373
3.4672
3.4982
3.4300
3.3440
3.4848
3.4609
3.6013
3.5320
3.4532
3.5224
3.3898
3.3591
3.3827
3.3030
3.5089
3.6733
3.5078
3.5893
3.3458
3.3230
3.2500
3.4135
3.4446
3.3640
3.5025
3.5367
3.5753
3.7075
3.4829
3.4334
3.6158
3.7706
3.6467
3.4976
3.5017
3.4465
3.6850
3.6518
3.7170
3.3856
3.2850
3.2507
3.1179
3.2404
3.2708
3.2472
3.0007
3.2053
3.2525
3.2703
3.0928
3.3035
3.4642
3.2102
3.3717
3.2930
3.5297
3.3252
3.5536
3.2144
3.3934
3.2709
3.3701
3.3977
3.3055
3.3540
3.5049
3.3206
3.4584
3.4478
3.4665
3.2943
3.4042
3.3599
3.6335
3.8916
3.3520
3.3442
3.5000
3.4165
3.4208
3.2428
3.3810
3.4095
3.4636
3.2558
3.2029
3.5073
3.4190
3.2527
3.4258
3.4726
3.5569
3.5478
3.2777
3.3432
3.1420
3.4757
3.4432
3.4479
3.3979
3.2658
3.1859
3.1551
3.1932
3.3637
3.3366
3.2662
3.2487
3.3594
3.1291
3.4193
3.2606
3.1771
3.5174
3.1209
3.0752
2.9933
3.1359
3.2748
3.2200
3.3194
3.3571
3.4220
3.6679
3.6501
3.6719
3.4583
3.3470
3.5997
3.6671
3.4845
3.5335
3.7053
3.8735
3.6146
4.0638
3.7396
3.8315
3.7333
3.8415
3.6811
3.5704
3.4991
3.5897
3.4035
3.7599
3.6287
3.6033
3.4606
3.6329
3.5224
3.6053
3.5908
3.5161
3.5297
3.5724
3.7134
3.5895
3.6371
3.5965
3.6723
3.5716
3.5099
3.7009
3.5429
3.6731
3.5206
3.4932
3.4372
3.6590
3.5355
3.7144
3.5997
3.7014
3.6366
3.6097
3.6303
3.5337
3.6336
3.6891
3.8234
3.5393
3.6712
3.4895
3.7746
3.5541
3.1841
3.3696
3.2397
3.4404
3.3551
3.5601
3.2672
3.4614
3.3431
3.2539
3.3433
3.3913
3.5348
3.3352
3.6349
3.5426
3.6790
3.5538
3.6221
3.5397
3.6908
3.6274
3.6014
3.4977
3.4448
3.2625
3.4513
3.5085
3.6287
3.6339
3.4355
3.4021
3.3682
3.6014
3.6816
3.3660
3.7693
3.7164
3.3240
3.4215
3.5085
3.3641
3.6116
3.4038
3.4412
3.2951
3.4816
3.6317
3.6695
3.6745
3.4633
3.4386
3.5421
3.4493
3.4244
3.5562
3.4255
3.5323
3.6261
3.4787
3.4648
3.7133
3.6940
3.6136
3.4722
3.5893
3.5576
3.4666
3.7300
3.7772
3.9410
3.6005
3.8846
3.5107
3.4514
3.4781
3.5965
3.6024
3.5563
3.5498
3.4309
3.6976
3.6272
3.6240
3.6094
3.6504
3.4848
3.5266
3.3079
3.1771
3.3979
3.4495
3.4578
3.5500
3.4897
3.4745
3.5832
3.8269
3.6857
3.5481
3.6795
3.4509
3.5701
3.7501
3.6837
3.6755
3.6456
3.7133
3.5899
3.6225
3.5260
3.4342
3.6670
3.5866
3.7076
3.5527
3.5538
3.4354
3.7561
3.4793
3.7303
3.8029
3.7956
3.6349
3.5631
3.6983
3.5815
3.7407
3.6929
3.8196
3.6741
3.7081
3.7465
3.5960
3.7309
3.7781
3.9120
3.6983
3.7463
3.6662
3.6801
3.8836
3.6038
3.5892
3.6118
3.3963
3.6354
3.6025
3.5882
3.5857
3.4901
3.5143
3.4867
3.6446
3.5022
3.7249
3.6259
3.6104
3.5395
3.3215
3.6463
3.4117
3.7569
3.5035
3.6239
3.5630
3.3436
3.2870
3.4666
3.6106
3.4731
3.7641
3.6788
3.4942
3.6536
3.4065
3.7424
3.6299
3.5862
3.3556
3.3313
3.4297
3.4968
3.5339
3.3438
3.3639
3.6629
3.6009
3.7187
3.4578
3.4325
3.3026
3.3642
3.5709
3.6845
3.3830
3.5118
3.3356
3.5975
3.5636
3.4099
3.3350
3.3535
3.4307
3.3133
3.4320
3.2574
3.3372
3.2354
3.2341
3.3218
3.2970
3.2505
3.1405
3.4253
3.4043
3.3451
3.4179
3.4230
3.4094
3.2764
3.2923
3.1336
3.5414
3.4641
3.6348
3.5212
3.5240
3.5672
3.5795
3.4482
3.3802
3.2543
3.4731
3.5825
3.2291
3.3508
3.3625
3.2571
3.3715
3.4917
3.1992
3.5713
3.4790
3.4419
3.2716
3.1929
3.4693
3.3609
3.4665
3.5995
3.6588
3.6244
3.5494
3.7518
3.5375
3.4598
3.6164
3.5523
3.4995
3.4010
3.3352
3.3785
3.6756
3.4916
3.4113
3.4894
3.4616
3.6212
3.7184
3.5885
3.4656
3.4115
3.2930
3.2965
3.4007
3.5488
3.4227
3.6643
3.6139
3.3917
3.4463
3.6297
3.7589
3.6012
3.6209
3.2960
3.6213
3.6291
3.5576
3.4619
3.4462
3.5166
3.5193
3.3964
3.6143
3.4198
3.4275
3.4108
3.3292
3.4900
3.6685
3.7844
3.5325
3.4185
3.3422
3.4318
3.5531
3.7431
3.3642
3.4317
3.5532
3.8310
3.6719
3.5148
3.6223
3.4615
3.5956
3.6405
3.5563
3.5240
3.5050
3.5346
3.3716
3.5481
3.5664
3.5467
3.5236
3.6691
3.6978
3.7283
3.8381
3.6832
3.5735
3.4628
3.4359
3.5480
3.7287
3.6135
3.5946
3.6219
3.8269
3.4861
3.4933
3.4629
3.7627
3.8546
3.4202
3.5968
3.5324
3.6862
3.9758
3.5993
3.5995
3.4990
3.5488
3.5509
3.5551
3.5173
3.6184
3.4962
3.4194
3.5188
3.3922
3.3272
3.3673
3.4180
3.2130
3.2594
3.3530
3.2312
3.2594
3.3672
3.3753
3.4065
3.2939
3.1009
3.2414
3.2583
3.2788
3.2987
3.2111
3.3563
3.5990
3.5965
3.6988
3.6643
3.6201
3.2975
3.3631
3.7646
3.7955
3.5632
3.4969
3.4978
3.3954
3.4013
3.4867
3.4573
3.4499
3.4364
3.1931
3.5874
3.6185
3.1657
3.4824
3.2228
3.4531
3.6055
3.5683
3.6481
3.6838
3.5788
3.4379
3.5063
3.4004
3.5512
3.3989
3.4186
3.5146
3.6882
3.5026
3.3103
3.2939
3.3323
3.4877
3.4226
3.4363
3.3644
3.5519
3.3763
3.4510
3.3715
3.5544
3.5111
3.4745
3.5847
3.6491
3.6318
3.6162
3.4353
3.3521
3.4473
3.4843
3.5027
3.4032
3.5103
3.4739
3.4677
3.6199
3.5392
3.4747
3.5043
3.3568
3.4639
3.5655
3.2968
3.6650
3.4990
3.3427
3.2925
3.3390
3.5881
3.5450
3.4241
3.5048
3.2757
3.4302
3.5332
3.5280
3.4822
3.4074
3.4103
3.3783
3.3442
3.4650
3.3467
3.4612
3.2801
3.4397
3.2797
3.5090
3.4658
3.4316
3.4944
3.5516
3.6966
3.5866
3.7269
3.3678
3.5854
3.7702
3.4605
3.4445
3.4006
3.4701
3.4665
3.5444
3.3532
3.5371
3.3513
3.4557
3.6227
3.5157
3.4704
3.4564
3.5081
3.4516
3.4282
3.4895
3.7690
3.3419
3.4672
3.2000
3.0571
3.3013
3.3956
3.4760
3.3777
3.3628
3.3868
3.7160
3.9138
3.7543
3.6726
3.6992
3.4290
3.6058
3.8826
3.6145
3.7354
3.4239
3.4128
3.7963
3.7597
3.4124
3.4880
3.6436
3.5640
3.3690
3.6012
3.1854
3.2978
3.3385
3.3391
3.2919
3.5118
3.3727
3.6290
3.4469
3.4464
3.3938
3.4975
3.6297
3.4423
3.3813
3.4928
3.5547
3.5258
3.4993
3.2745
3.4758
3.3578
3.3426
3.2620
3.2818
3.1851
3.2550
3.3493
3.4965
3.4544
3.2648
3.3910
3.2724
3.4822
3.4069
3.3682
3.3389
3.5169
3.4286
3.2929
3.5011
3.2984
3.5051
3.4306
3.5175
3.4702
3.6980
3.3401
3.5701
3.3620
3.4926
3.5623
3.4027
3.4307
3.6053
3.7115
3.6440
3.6734
3.3941
3.5513
3.3707
3.4321
3.3615
3.4599
3.4322
3.2751
3.4810
3.4675
3.2882
3.3023
3.3263
2.9851
3.1368
2.9906
3.0696
3.0460
2.9568
2.9878
2.8936
3.0887
3.2166
3.3026
3.4098
3.4515
3.6477
3.4769
3.5497
3.6724
3.4909
3.5548
3.7159
3.4921
3.5073
3.5765
3.5026
3.4232
3.6757
3.8803
3.9328
3.8525
3.8543
3.9599
3.7183
3.5388
3.8409
3.5354
3.7350
3.7937
3.7502
3.4475
3.5380
3.8172
3.9412
3.6289
3.8547
3.6673
3.6920
3.6748
3.7287
3.4941
3.2509
3.4846
3.2481
3.3537
3.6352
3.5267
3.2692
3.4346
3.3529
3.2021
3.3339
3.2643
3.3173
3.5257
3.2412
3.4175
3.3461
3.6605
3.5397
3.7021
3.6319
3.4411
3.4517
3.7202
3.5516
3.3840
3.6205
3.4127
3.4971
3.2875
3.1843
3.2854
3.5380
3.3933
3.6642
3.6232
3.2536
3.1647
3.5274
3.4438
3.5291
3.3919
3.4719
3.3445
3.4617
3.4447
3.4069
3.3625
3.6015
3.4565
3.4276
3.5851
3.7019
3.4954
3.4003
3.3959
3.3926
3.5113
3.4312
3.3017
3.4736
3.2562
3.3408
3.4537
3.4307
3.5884
3.4927
3.4891
3.6372
3.5108
3.4086
3.2791
3.4862
3.5701
3.3479
3.3294
3.3815
3.3414
3.3482
3.5148
3.3707
3.5076
3.2845
3.5559
3.3009
3.5205
3.4765
3.3434
3.4756
3.4999
3.2231
3.3849
3.5257
3.4314
3.4099
3.3863
3.4375
3.4031
3.5332
3.5352
3.4329
3.5493
3.4842
3.3231
3.3647
3.4405
3.2614
3.3500
3.2613
3.4356
3.5828
3.4318
3.4683
3.3441
3.6053
3.2537
3.2477
3.3926
3.3818
3.4108
3.4057
3.4243
3.4339
3.2719
3.3009
3.3199
3.4192
3.4214
3.4645
3.4280
3.3548
3.4397
3.4259
3.4227
3.5024
3.4549
3.2977
3.5610
3.2964
3.5270
3.4722
3.3336
3.5200
3.4071
3.5335
3.8009
3.6013
3.1045
3.2911
3.3681
3.2730
3.3987
3.3207
3.4470
3.2968
3.2603
3.3791
3.2340
3.4415
3.6223
3.6844
3.4144
3.2911
3.3529
3.2397
3.3331
3.3539
3.2721
3.5281
3.3322
3.3762
3.2622
3.4292
3.3132
3.2549
3.4328
3.4752
3.2769
3.2123
3.5382
3.6671
3.6502
3.4416
3.5829
3.6949
3.5900
3.5228
3.5934
3.8301
3.7376
3.5348
3.6630
3.7055
3.6478
3.7845
3.8030
3.7106
3.7498
4.0053
3.8828
3.9894
3.9431
3.7849
3.7019
3.7909
4.0225
3.9229
3.7952
3.9363
3.7133
3.6238
3.6725
3.6417
3.7009
3.9715
3.8217
3.6927
3.5277
3.6409
3.7992
3.9016
4.1338
4.1147
3.9065
3.8073
3.9168
3.6753
3.8490
3.8878
3.7990
3.8487
3.8049
3.7398
3.8016
3.8017
3.8364
3.8918
3.8634
3.7373
3.9371
3.7731
3.7084
3.9231
3.8665
3.8665
3.5670
3.8939
3.7651
3.7346
3.8080
4.0239
3.9921
3.8720
3.9221
3.9003
4.1160
3.9419
3.9516
3.9466
3.8555
3.9045
3.9972
4.0484
3.8526
3.9605
3.9402
3.8356
3.9355
4.0751
3.8831
4.0313
3.8905
4.0548
4.1438
3.8235
4.1166
4.0455
3.9756
4.0825
3.8057
3.8042
3.8392
3.9317
3.8210
3.8395
3.9698
3.8921
3.8110
3.7441
3.8523
3.7619
4.0100
3.7708
3.6831
3.6025
3.7873
3.6802
3.9870
3.8654
3.8840
3.9110
4.0120
3.8012
3.8272
4.0265
4.0566
4.0454
3.7648
3.7442
3.9461
4.0451
4.0453
3.9078
3.9209
3.7931
3.9851
3.8648
3.8961
3.9849
3.9626
4.0740
4.0212
4.1423
3.9538
4.0495
4.0870
4.0055
4.1301
3.9485
3.8966
3.8494
3.9614
3.9703
3.8308
4.0363
3.8901
3.9265
3.8548
3.9521
3.6710
3.7844
3.9475
4.1172
4.3328
4.2709
4.1570
4.1988
4.0640
3.9028
3.9029
4.2297
3.9404
3.9298
4.1475
3.8641
4.0519
4.1627
3.9448
4.0922
3.9725
4.1227
4.0769
3.8042
3.9818
4.2227
4.2036
3.9006
4.0425
4.1236
4.0632
4.0401
4.0100
4.0692
4.0618
3.8996
4.3518
4.1760
4.0778
4.1727
4.0400
4.3308
4.3419
4.5188
4.4382
4.4592
4.2761
4.1683
4.2651
4.2491
4.4060
4.3731
4.5656
4.5258
4.4443
4.3302
4.2580
4.2608
4.1680
4.2165
4.2262
4.3788
4.0246
4.1627
4.2886
4.3398
4.1749
4.2124
4.5045
4.0417
4.2208
4.2288
4.3092
4.1608
4.2282
4.1306
4.1302
4.2089
4.2536
4.3632
4.5223
4.1414
4.1320
4.2498
4.4570
4.0373
4.2172
4.2170
4.1179
4.1816
4.2247
4.1955
4.0889
4.2817
4.1246
4.0821
3.9641
4.2143
4.1357
4.4920
4.2527
4.1502
3.9903
4.0574
4.0446
4.1517
4.1879
4.4701
4.1230
4.0578
4.5265
4.0203
4.2364
4.2852
4.3355
4.3644
4.4070
4.5234
4.8351
4.5474
4.4102
4.7028
4.4946
4.4648
4.6547
4.2956
4.5344
4.2580
4.2835
4.2874
4.1647
4.1613
4.1206
4.1580
4.2029
4.4068
4.2966
3.8346
4.2186
4.4387
4.1965
4.3083
4.2776
4.3383
4.2809
4.2929
4.2318
4.2934
4.4773
4.4325
4.5300
4.4577
4.6699
4.4434
4.4859
4.6568
4.1413
4.3131
4.3503
4.2641
4.1730
4.3620
4.0608
4.1330
4.0943
4.0659
4.2020
4.2057
4.2826
4.3823
4.5131
4.6129
4.1389
4.2982
4.3770
4.4115
4.4676
4.1531
4.2837
4.3051
4.3395
4.2890
4.1662
4.1174
4.1544
4.2533
4.2907
4.1801
4.2427
4.2255
4.3019
4.2735
4.1652
4.0019
4.0679
4.0102
3.8348
4.1025
4.1148
3.9146
4.0054
4.1380
4.0046
3.9162
4.0426
4.0761
3.9416
4.1385
4.0984
4.0836
4.1838
4.1075
4.1363
4.1029
4.4432
4.4809
4.1909
4.1837
4.2929
4.1916
4.2396
4.1893
4.2843
4.2073
4.2728
4.2660
4.2096
4.1906
4.4467
4.3430
4.2878
4.0899
4.1847
4.2568
4.0533
3.9968
4.1561
4.2228
4.2302
4.1865
4.2174
4.6310
4.3690
4.3841
4.2271
4.1974
4.2181
4.5245
4.4716
4.4081
4.4304
4.5865
4.3893
4.5470
4.3389
4.4544
4.4837
4.4205
4.4397
4.2365
4.2831
4.1959
4.2139
4.3502
4.3003
4.3065
4.3916
4.4240
4.4670
4.4534
4.4773
4.4672
4.5330
4.4798
4.2945
4.3833
4.4149
4.1808
4.0998
4.0327
4.3685
4.1947
4.4048
4.2985
4.2868
4.2416
4.2729
4.1152
3.9556
4.1734
4.0049
4.3732
4.2337
4.4317
4.4731
4.2210
4.1294
4.3311
4.4274
4.4344
4.0726
4.3557
4.3235
4.1905
4.2103
4.1669
4.1713
4.2874
4.4267
4.1228
4.0307
4.1135
4.2229
4.3190
3.9396
4.0853
4.0500
4.1652
3.9527
4.0590
4.2400
4.1488
4.4663
4.4696
4.2432
4.0184
4.0545
3.8796
3.9681
4.1392
4.1706
3.9819
3.8735
4.1690
4.1486
4.2607
4.1722
4.0707
4.0647
3.9609
4.2658
4.0224
4.3375
4.1506
4.1897
4.3265
4.2173
4.2886
4.0300
4.3087
4.4331
4.0819
4.2696
4.2160
4.1136
4.0642
4.0982
4.1886
4.2022
3.9064
4.0203
4.0433
4.2483
4.3591
4.5690
4.5402
4.4662
4.3665
4.7243
4.3714
4.3666
4.3301
4.4228
4.2127
4.3291
4.2085
4.2267
4.1580
4.1855
4.2323
4.2208
4.1149
4.2190
4.2428
4.3262
4.2117
4.2093
4.2802
4.1431
4.1300
3.9920
4.2995
4.2881
4.2568
4.2184
4.0944
4.4893
4.4527
4.2205
4.5098
4.4768
4.6371
4.0853
4.1489
4.2654
4.0024
4.1170
4.1983
3.9603
4.1965
4.3256
4.3247
4.1570
4.2129
4.1427
4.2583
4.3671
4.2995
4.1763
4.2534
3.9402
4.0492
4.1411
4.3946
4.1857
4.2969
4.2289
4.2753
4.0527
4.1757
4.2876
4.1302
4.4806
4.0638
4.0949
4.0871
4.0078
3.9845
4.2704
4.3230
4.2853
4.1851
4.3175
4.0751
4.1092
3.9591
4.1638
4.1343
4.2519
4.2028
4.1098
4.0677
4.2081
4.1602
4.0863
4.0738
4.2394
4.1637
4.0565
3.9412
4.1689
4.3317
4.0458
4.2258
4.2311
4.0701
4.0700
4.0156
4.1904
4.2249
3.9113
4.0135
4.3891
4.2429
4.1531
4.0678
4.0112
3.9914
4.0042
4.1516
4.1366
4.3722
4.1142
4.1221
4.0432
3.9763
4.0791
4.0890
4.0770
4.0517
4.0070
4.0909
4.0883
4.2088
4.0602
4.1933
4.1474
4.1729
4.1084
4.1285
3.8847
4.0309
4.0104
3.9387
3.9505
3.8877
4.0015
3.7072
4.1448
4.0729
4.0921
3.9753
4.2031
4.0425
3.9159
3.9912
3.9498
4.1609
4.0754
4.2459
4.1916
4.3091
3.9939
4.0743
4.0729
3.9582
3.9525
3.7815
3.8753
3.9507
4.0083
3.8436
3.8431
3.9929
3.8820
4.0248
4.0133
3.8279
4.0136
3.9017
4.0961
3.8984
3.9992
4.2022
3.9757
4.2018
4.3339
3.8949
4.2138
4.2454
4.1698
4.0971
4.1372
4.1522
3.9799
4.0843
4.1662
4.0207
3.8880
3.8806
3.9021
4.0143
3.9698
3.9714
4.1156
3.9936
3.9739
4.2464
3.9217
3.8782
3.9887
4.0897
3.9457
3.9511
3.9806
4.1059
4.0542
4.0083
4.2419
4.0502
4.2994
4.0660
3.9967
4.2416
4.2092
4.1316
4.0999
4.1959
4.0508
4.3036
4.1531
4.2883
4.2044
4.2031
4.1823
3.9347
4.2106
4.0099
4.0317
4.2120
3.9996
4.1092
3.9584
3.9637
4.2300
4.2166
4.0397
3.9755
4.1476
4.0915
4.0263
3.9018
4.1857
4.1601
4.0583
3.8414
3.8961
4.1199
4.1936
3.8671
3.9291
4.0520
3.9149
4.0522
4.0334
3.9663
4.0145
4.1184
4.1026
4.0211
4.1151
4.0366
4.0695
4.2554
4.0151
4.0731
4.0739
4.2783
4.2939
4.0238
4.0531
4.1521
4.1230
3.8596
4.1086
3.9581
4.2319
4.0598
4.2382
4.0083
3.9288
4.2216
4.2067
4.1845
4.2786
4.2242
4.1373
4.2434
4.2881
4.2971
4.0762
4.2802
4.2718
4.2263
4.2469
4.2748
4.1054
4.2934
4.1382
4.0376
4.0179
